2 4 14 6
3 4 1 1
2 3 14 6
3 3 1 1
2 2 133 27
3 2 9 3
2 1 133 27
3 1 9 3
2 0 250 42
3 0 9 3
2 -1 250 42
3 -1 9 3
2 -2 151 27
3 -2 1 1
2 -3 151 27
3 -3 1 1
1 4 31 11
1 3 31 11
1 2 483 77
1 1 483 77
1 0 1435 179
1 -1 1435 179
1 -2 1453 179
1 -3 1453 179
1 -4 519 77
2 -4 26 6
1 -5 519 77
2 -5 26 6
0 4 19 7
0 3 19 7
0 2 582 88
0 1 582 88
0 0 2980 320
0 -1 2980 320
0 -2 4732 478
0 -3 4732 478
0 -4 2844 320
0 -5 2844 320
0 -6 544 88
1 -6 49 11
0 -7 544 88
1 -7 49 11
-1 4 1 1
-1 3 1 1
-1 2 221 39
-1 1 221 39
-1 0 2454 260
-1 -1 2454 260
-1 -2 6588 606
-1 -3 6588 606
-1 -4 6250 606
-1 -5 6250 606
-1 -6 2056 260
-1 -7 2056 260
-1 -8 161 39
0 -8 25 7
-1 -9 161 39
0 -9 25 7
-2 2 11 5
-2 1 11 5
-2 0 723 91
-2 -1 723 91
-2 -2 4195 379
-2 -3 4195 379
-2 -4 6408 586
-2 -5 6408 586
-2 -6 3481 379
-2 -7 3481 379
-2 -8 457 91
-2 -9 457 91
-2 -10 5 5
-1 -10 1 1
-2 -11 5 5
-1 -11 1 1
-3 0 30 10
-3 -1 30 10
-3 -2 1008 108
-3 -3 1008 108
-3 -4 3118 290
-3 -5 3118 290
-3 -6 2778 290
-3 -7 2778 290
-3 -8 648 108
-3 -9 648 108
-3 -10 10 10
-3 -11 10 10
-4 -2 32 10
-4 -3 32 10
-4 -4 614 66
-4 -5 614 66
-4 -6 938 112
-4 -7 938 112
-4 -8 442 66
-4 -9 442 66
-4 -10 10 10
-4 -11 10 10
-5 -4 13 5
-5 -5 13 5
-5 -6 117 19
-5 -7 117 19
-5 -8 109 19
-5 -9 109 19
-5 -10 5 5
-5 -11 5 5
-6 -6 1 1
-6 -7 1 1
-6 -8 4 2
-6 -9 4 2
-6 -10 1 1
-6 -11 1 1
