1 3 1 1
2 3 1 1
1 2 1 1
2 2 1 1
1 1 47 9
2 1 9 3
1 0 47 9
2 0 9 3
1 -1 86 16
2 -1 9 3
1 -2 86 16
2 -2 9 3
1 -3 31 9
2 -3 1 1
1 -4 31 9
2 -4 1 1
0 1 27 7
0 0 27 7
0 -1 199 29
0 -2 199 29
0 -3 189 29
0 -4 189 29
0 -5 17 7
1 -5 1 1
0 -6 17 7
1 -6 1 1
-1 1 1 1
-1 0 1 1
-1 -1 135 23
-1 -2 135 23
-1 -3 294 44
-1 -4 294 44
-1 -5 171 23
-1 -6 171 23
-2 -1 28 10
-2 -2 28 10
-2 -3 205 35
-2 -4 205 35
-2 -5 233 35
-2 -6 233 35
-2 -7 56 10
-1 -7 1 1
-2 -8 56 10
-1 -8 1 1
-3 -1 4 2
-3 -2 4 2
-3 -3 48 12
-3 -4 48 12
-3 -5 106 20
-3 -6 106 20
-3 -7 58 12
-3 -8 58 12
-4 -3 1 1
-4 -4 1 1
-4 -5 9 3
-4 -6 9 3
-4 -7 9 3
-4 -8 9 3
-4 -9 1 1
-3 -9 4 2
-4 -10 1 1
-3 -10 4 2
