0 0 10 4
1 0 1 1
0 -1 10 4
1 -1 1 1
0 -2 62 14
1 -2 4 2
0 -3 62 14
1 -3 4 2
0 -4 68 14
1 -4 1 1
0 -5 68 14
1 -5 1 1
-1 0 3 3
-1 -1 3 3
-1 -2 142 24
-1 -3 142 24
-1 -4 272 42
-1 -5 272 42
-1 -6 148 24
0 -6 16 4
-1 -7 148 24
0 -7 16 4
-2 0 1 1
-2 -1 1 1
-2 -2 63 17
-2 -3 63 17
-2 -4 353 53
-2 -5 353 53
-2 -6 369 53
-2 -7 369 53
-2 -8 79 17
-1 -8 7 3
-2 -9 79 17
-1 -9 7 3
-3 -2 10 4
-3 -3 10 4
-3 -4 151 27
-3 -5 151 27
-3 -6 264 46
-3 -7 264 46
-3 -8 149 27
-3 -9 149 27
-3 -10 8 4
-2 -10 1 1
-3 -11 8 4
-2 -11 1 1
-4 -4 10 4
-4 -5 10 4
-4 -6 62 14
-4 -7 62 14
-4 -8 60 14
-4 -9 60 14
-4 -10 8 4
-4 -11 8 4
-5 -6 1 1
-5 -7 1 1
-5 -8 4 2
-5 -9 4 2
-5 -10 1 1
-5 -11 1 1
