2 6 10 4
3 6 1 1
2 5 10 4
3 5 1 1
2 4 62 14
3 4 4 2
2 3 62 14
3 3 4 2
2 2 68 14
3 2 1 1
2 1 68 14
3 1 1 1
1 6 7 3
1 5 7 3
1 4 146 24
1 3 146 24
1 2 268 42
1 1 268 42
1 0 144 24
2 0 16 4
1 -1 144 24
2 -1 16 4
0 4 65 13
0 3 65 13
0 2 310 46
0 1 310 46
0 0 296 46
0 -1 296 46
0 -2 51 13
1 -2 7 3
0 -3 51 13
1 -3 7 3
-1 4 1 1
-1 3 1 1
-1 2 128 18
-1 1 128 18
-1 0 188 34
-1 -1 188 34
-1 -2 90 18
-1 -3 90 18
-2 2 4 2
-2 1 4 2
-2 0 54 10
-2 -1 54 10
-2 -2 52 10
-2 -3 52 10
-2 -4 2 2
-1 -4 1 1
-2 -5 2 2
-1 -5 1 1
-3 0 1 1
-3 -1 1 1
-3 -2 4 2
-3 -3 4 2
-3 -4 1 1
-3 -5 1 1
