1 -1 17 7
2 -1 1 1
1 -2 17 7
2 -2 1 1
1 -3 127 23
2 -3 4 2
1 -4 127 23
2 -4 4 2
1 -5 159 23
2 -5 1 1
1 -6 159 23
2 -6 1 1
0 -1 50 16
0 -2 50 16
0 -3 632 84
0 -4 632 84
0 -5 1264 136
0 -6 1264 136
0 -7 824 84
1 -7 49 7
0 -8 824 84
1 -8 49 7
-1 -1 32 14
-1 -2 32 14
-1 -3 996 128
-1 -4 996 128
-1 -5 3402 326
-1 -6 3402 326
-1 -7 3612 326
-1 -8 3612 326
-1 -9 1262 128
0 -9 126 16
-1 -10 1262 128
0 -10 126 16
-2 -1 10 6
-2 -2 10 6
-2 -3 530 94
-2 -4 530 94
-2 -5 3830 384
-2 -6 3830 384
-2 -7 6648 592
-2 -8 6648 592
-2 -9 4140 384
-2 -10 4140 384
-2 -11 726 94
-1 -11 88 14
-2 -12 726 94
-1 -12 88 14
-3 -1 1 1
-3 -2 1 1
-3 -3 120 32
-3 -4 120 32
-3 -5 1806 226
-3 -6 1806 226
-3 -7 5685 545
-3 -8 5685 545
-3 -9 5791 545
-3 -10 5791 545
-3 -11 1940 226
-3 -12 1940 226
-3 -13 148 32
-2 -13 24 6
-3 -14 148 32
-2 -14 24 6
-4 -3 8 4
-4 -4 8 4
-4 -5 327 61
-4 -6 327 61
-4 -7 2267 251
-4 -8 2267 251
-4 -9 3732 388
-4 -10 3732 388
-4 -11 2201 251
-4 -12 2201 251
-4 -13 315 61
-4 -14 315 61
-4 -15 4 4
-3 -15 1 1
-4 -16 4 4
-3 -16 1 1
-5 -5 16 6
-5 -6 16 6
-5 -7 323 53
-5 -8 323 53
-5 -9 1130 136
-5 -10 1130 136
-5 -11 1112 136
-5 -12 1112 136
-5 -13 295 53
-5 -14 295 53
-5 -15 6 6
-5 -16 6 6
-6 -7 10 4
-6 -8 10 4
-6 -9 111 21
-6 -10 111 21
-6 -11 220 34
-6 -12 220 34
-6 -13 113 21
-6 -14 113 21
-6 -15 4 4
-6 -16 4 4
-7 -9 1 1
-7 -10 1 1
-7 -11 9 3
-7 -12 9 3
-7 -13 9 3
-7 -14 9 3
-7 -15 1 1
-7 -16 1 1
