4 10 2 2
5 10 1 1
4 9 2 2
5 9 1 1
4 8 119 21
5 8 19 5
4 7 119 21
5 7 19 5
4 6 500 66
5 6 52 10
4 5 500 66
5 5 52 10
4 4 722 94
5 4 52 10
4 3 722 94
5 3 52 10
4 2 412 66
5 2 19 5
4 1 412 66
5 1 19 5
4 0 75 21
5 0 1 1
4 -1 75 21
5 -1 1 1
3 10 1 1
3 9 1 1
3 8 159 27
3 7 159 27
3 6 1535 155
3 5 1535 155
3 4 3603 337
3 3 3603 337
3 2 3121 337
3 1 3121 337
3 0 969 155
3 -1 969 155
3 -2 75 27
4 -2 2 2
3 -3 75 27
4 -3 2 2
2 8 59 11
2 7 59 11
2 6 1641 155
2 5 1641 155
2 4 7936 586
2 3 7936 586
2 2 11470 884
2 1 11470 884
2 0 5796 586
2 -1 5796 586
2 -2 829 155
2 -3 829 155
2 -4 19 11
3 -4 1 1
2 -5 19 11
3 -5 1 1
1 6 562 60
1 5 562 60
1 4 7501 517
1 3 7501 517
1 2 20826 1304
1 1 20826 1304
1 0 18638 1304
1 -1 18638 1304
1 -2 4945 517
1 -3 4945 517
1 -4 194 60
1 -5 194 60
0 6 8 4
0 5 8 4
0 4 2733 223
0 3 2733 223
0 2 18519 1115
0 1 18519 1115
0 0 30162 1792
0 -1 30162 1792
0 -2 16457 1115
0 -3 16457 1115
0 -4 1759 223
0 -5 1759 223
-1 4 210 44
-1 3 210 44
-1 2 7546 560
-1 1 7546 560
-1 0 25372 1538
-1 -1 25372 1538
-1 -2 25342 1538
-1 -3 25342 1538
-1 -4 7578 560
-1 -5 7578 560
-1 -6 272 44
0 -6 8 4
-1 -7 272 44
0 -7 8 4
-2 4 13 5
-2 3 13 5
-2 2 1158 168
-2 1 1158 168
-2 0 10758 814
-2 -1 10758 814
-2 -2 19554 1302
-2 -3 19554 1302
-2 -4 11890 814
-2 -5 11890 814
-2 -6 1728 168
-2 -7 1728 168
-3 2 113 29
-3 1 113 29
-3 0 2037 253
-3 -1 2037 253
-3 -2 7594 642
-3 -3 7594 642
-3 -4 8296 642
-3 -5 8296 642
-3 -6 2791 253
-3 -7 2791 253
-3 -8 165 29
-2 -8 13 5
-3 -9 165 29
-2 -9 13 5
-4 2 4 2
-4 1 4 2
-4 0 184 42
-4 -1 184 42
-4 -2 1339 173
-4 -3 1339 173
-4 -4 2626 266
-4 -5 2626 266
-4 -6 1695 173
-4 -7 1695 173
-4 -8 278 42
-4 -9 278 42
-5 0 5 3
-5 -1 5 3
-5 -2 97 23
-5 -3 97 23
-5 -4 346 54
-5 -5 346 54
-5 -6 378 54
-5 -7 378 54
-5 -8 129 23
-5 -9 129 23
-5 -10 5 3
-4 -10 4 2
-5 -11 5 3
-4 -11 4 2
-6 -2 1 1
-6 -3 1 1
-6 -4 12 4
-6 -5 12 4
-6 -6 22 6
-6 -7 22 6
-6 -8 12 4
-6 -9 12 4
-6 -10 1 1
-6 -11 1 1
