4 10 8 4
5 10 1 1
4 9 8 4
5 9 1 1
4 8 115 21
5 8 9 3
4 7 115 21
5 7 9 3
4 6 210 34
5 6 9 3
4 5 210 34
5 5 9 3
4 4 103 21
5 4 1 1
4 3 103 21
5 3 1 1
3 10 8 4
3 9 8 4
3 8 290 44
3 7 290 44
3 6 1032 120
3 5 1032 120
3 4 980 120
3 3 980 120
3 2 240 44
4 2 10 4
3 1 240 44
4 1 10 4
2 10 1 1
2 9 1 1
2 8 186 34
2 7 186 34
2 6 1818 182
2 5 1818 182
2 4 3080 298
2 3 3080 298
2 2 1678 182
2 1 1678 182
2 0 134 34
3 0 10 4
2 -1 134 34
3 -1 10 4
1 8 32 10
1 7 32 10
1 6 1121 135
1 5 1121 135
1 4 4472 386
1 3 4472 386
1 2 4508 386
1 1 4508 386
1 0 1147 135
1 -1 1147 135
1 -2 22 10
2 -2 1 1
1 -3 22 10
2 -3 1 1
0 8 1 1
0 7 1 1
0 6 263 53
0 5 263 53
0 4 2839 281
0 3 2839 281
0 2 5538 458
0 1 5538 458
0 0 3327 281
0 -1 3327 281
0 -2 347 53
0 -3 347 53
-1 6 25 11
-1 5 25 11
-1 4 854 118
-1 3 854 118
-1 2 3205 309
-1 1 3205 309
-1 0 3561 309
-1 -1 3561 309
-1 -2 1230 118
-1 -3 1230 118
-1 -4 45 11
0 -4 1 1
-1 -5 45 11
0 -5 1 1
-2 6 1 1
-2 5 1 1
-2 4 130 28
-2 3 130 28
-2 2 898 116
-2 1 898 116
-2 0 1694 178
-2 -1 1694 178
-2 -2 1098 116
-2 -3 1098 116
-2 -4 200 28
-2 -5 200 28
-3 4 9 3
-3 3 9 3
-3 2 109 21
-3 1 109 21
-3 0 330 48
-3 -1 330 48
-3 -2 348 48
-3 -3 348 48
-3 -4 125 21
-3 -5 125 21
-3 -6 7 3
-2 -6 1 1
-3 -7 7 3
-2 -7 1 1
-4 2 1 1
-4 1 1 1
-4 0 12 4
-4 -1 12 4
-4 -2 22 6
-4 -3 22 6
-4 -4 12 4
-4 -5 12 4
-4 -6 1 1
-4 -7 1 1
