2 2 2 2
3 2 1 1
2 1 2 2
3 1 1 1
2 0 133 17
3 0 7 3
2 -1 133 17
3 -1 7 3
2 -2 240 30
3 -2 7 3
2 -3 240 30
3 -3 7 3
2 -4 93 17
3 -4 1 1
2 -5 93 17
3 -5 1 1
1 2 1 1
1 1 1 1
1 0 257 39
1 -1 257 39
1 -2 1510 132
1 -3 1510 132
1 -4 1572 132
1 -5 1572 132
1 -6 319 39
2 -6 2 2
1 -7 319 39
2 -7 2 2
0 0 153 43
0 -1 153 43
0 -2 3450 294
0 -3 3450 294
0 -4 6720 502
0 -5 6720 502
0 -6 4262 294
0 -7 4262 294
0 -8 283 43
1 -8 1 1
0 -9 283 43
1 -9 1 1
-1 0 35 23
-1 -1 35 23
-1 -2 3394 348
-1 -3 3394 348
-1 -4 14283 1003
-1 -5 14283 1003
-1 -6 15513 1003
-1 -7 15513 1003
-1 -8 4694 348
-1 -9 4694 348
-2 0 7 7
-2 -1 7 7
-2 -2 1550 226
-2 -3 1550 226
-2 -4 15230 1112
-2 -5 15230 1112
-2 -6 27820 1786
-2 -7 27820 1786
-2 -8 17500 1112
-2 -9 17500 1112
-2 -10 2304 226
-1 -10 105 23
-2 -11 2304 226
-1 -11 105 23
-3 0 1 1
-3 -1 1 1
-3 -2 383 77
-3 -3 383 77
-3 -4 7879 685
-3 -5 7879 685
-3 -6 26556 1754
-3 -7 26556 1754
-3 -8 27866 1754
-3 -9 27866 1754
-3 -10 9299 685
-3 -11 9299 685
-3 -12 493 77
-2 -12 19 7
-3 -13 493 77
-2 -13 19 7
-4 -2 41 11
-4 -3 41 11
-4 -4 1970 224
-4 -5 1970 224
-4 -6 12992 958
-4 -7 12992 958
-4 -8 22426 1490
-4 -9 22426 1490
-4 -10 13972 958
-4 -11 13972 958
-4 -12 2232 224
-4 -13 2232 224
-4 -14 29 11
-3 -14 1 1
-4 -15 29 11
-3 -15 1 1
-5 -4 207 35
-5 -5 207 35
-5 -6 2995 285
-5 -7 2995 285
-5 -8 9266 700
-5 -9 9266 700
-5 -10 9564 700
-5 -11 9564 700
-5 -12 3289 285
-5 -13 3289 285
-5 -14 203 35
-5 -15 203 35
-6 -4 4 2
-6 -5 4 2
-6 -6 290 44
-6 -7 290 44
-6 -8 1731 179
-6 -9 1731 179
-6 -10 3086 274
-6 -11 3086 274
-6 -12 1919 179
-6 -13 1919 179
-6 -14 324 44
-6 -15 324 44
-7 -6 5 3
-7 -7 5 3
-7 -8 113 23
-7 -9 113 23
-7 -10 388 54
-7 -11 388 54
-7 -12 422 54
-7 -13 422 54
-7 -14 147 23
-7 -15 147 23
-7 -16 5 3
-6 -16 4 2
-7 -17 5 3
-6 -17 4 2
-8 -8 1 1
-8 -9 1 1
-8 -10 12 4
-8 -11 12 4
-8 -12 22 6
-8 -13 22 6
-8 -14 12 4
-8 -15 12 4
-8 -16 1 1
-8 -17 1 1
