4 10 19 7
5 10 1 1
4 9 19 7
5 9 1 1
4 8 58 14
5 8 1 1
4 7 58 14
5 7 1 1
3 10 47 15
3 9 47 15
3 8 321 51
3 7 321 51
3 6 379 51
4 6 49 7
3 5 379 51
4 5 49 7
2 10 24 12
2 9 24 12
2 8 475 71
2 7 475 71
2 6 930 118
2 5 930 118
2 4 575 71
3 4 105 15
2 3 575 71
3 3 105 15
1 10 5 5
1 9 5 5
1 8 209 47
1 7 209 47
1 6 940 124
1 5 940 124
1 4 1028 124
1 3 1028 124
1 2 307 47
2 2 62 12
1 1 307 47
2 1 62 12
0 10 1 1
0 9 1 1
0 8 42 16
0 7 42 16
0 6 349 65
0 5 349 65
0 4 708 100
0 3 708 100
0 2 445 65
0 1 445 65
0 0 66 16
1 0 15 5
0 -1 66 16
1 -1 15 5
-1 8 2 2
-1 7 2 2
-1 6 49 15
-1 5 49 15
-1 4 181 35
-1 3 181 35
-1 2 197 35
-1 1 197 35
-1 0 65 15
-1 -1 65 15
-1 -2 2 2
0 -2 1 1
-1 -3 2 2
0 -3 1 1
-2 6 1 1
-2 5 1 1
-2 4 14 4
-2 3 14 4
-2 2 26 6
-2 1 26 6
-2 0 14 4
-2 -1 14 4
-2 -2 1 1
-2 -3 1 1
