5 13 4 2
6 13 1 1
5 12 4 2
6 12 1 1
5 11 86 14
6 11 9 3
5 10 86 14
6 10 9 3
5 9 158 24
6 9 9 3
5 8 158 24
6 8 9 3
5 7 68 14
6 7 1 1
5 6 68 14
6 6 1 1
4 11 121 19
4 10 121 19
4 9 576 66
4 8 576 66
4 7 576 66
4 6 576 66
4 5 121 19
5 5 4 2
4 4 121 19
5 4 4 2
3 11 25 13
3 10 25 13
3 9 775 95
3 8 775 95
3 7 1626 164
3 6 1626 164
3 5 969 95
3 4 969 95
2 11 10 6
2 10 10 6
2 9 386 78
2 8 386 78
2 7 1986 220
2 6 1986 220
2 5 2294 220
2 4 2294 220
2 3 706 78
3 3 83 13
2 2 706 78
3 2 83 13
1 11 1 1
1 10 1 1
1 9 126 36
1 8 126 36
1 7 1096 160
1 6 1096 160
1 5 2290 250
1 4 2290 250
1 3 1500 160
1 2 1500 160
1 1 232 36
2 1 22 6
1 0 232 36
2 0 22 6
0 9 19 9
0 8 19 9
0 7 312 64
0 6 312 64
0 5 1071 147
0 4 1071 147
0 3 1201 147
0 2 1201 147
0 1 456 64
0 0 456 64
0 -1 33 9
1 -1 1 1
0 -2 33 9
1 -2 1 1
-1 9 1 1
-1 8 1 1
-1 7 39 13
-1 6 39 13
-1 5 223 43
-1 4 223 43
-1 3 390 62
-1 2 390 62
-1 1 263 43
-1 0 263 43
-1 -1 59 13
-1 -2 59 13
-2 7 1 1
-2 6 1 1
-2 5 15 5
-2 4 15 5
-2 3 40 10
-2 2 40 10
-2 1 40 10
-2 0 40 10
-2 -1 15 5
-2 -2 15 5
-2 -3 1 1
-1 -3 1 1
-2 -4 1 1
-1 -4 1 1
