2 4 23 7
3 4 1 1
2 3 23 7
3 3 1 1
2 2 54 14
3 2 1 1
2 1 54 14
3 1 1 1
1 4 37 13
1 3 37 13
1 2 309 47
1 1 309 47
1 0 345 47
2 0 49 7
1 -1 345 47
2 -1 49 7
0 4 21 9
0 3 21 9
0 2 410 62
0 1 410 62
0 0 810 106
0 -1 810 106
0 -2 498 62
1 -2 73 13
0 -3 498 62
1 -3 73 13
-1 4 2 2
-1 3 2 2
-1 2 185 35
-1 1 185 35
-1 0 825 103
-1 -1 825 103
-1 -2 869 103
-1 -3 869 103
-1 -4 229 35
0 -4 33 9
-1 -5 229 35
0 -5 33 9
-2 2 25 9
-2 1 25 9
-2 0 304 48
-2 -1 304 48
-2 -2 640 78
-2 -3 640 78
-2 -4 372 48
-2 -5 372 48
-2 -6 35 9
-1 -6 2 2
-2 -7 35 9
-1 -7 2 2
-3 2 1 1
-3 1 1 1
-3 0 39 11
-3 -1 39 11
-3 -2 160 28
-3 -3 160 28
-3 -4 184 28
-3 -5 184 28
-3 -6 63 11
-3 -7 63 11
-4 0 1 1
-4 -1 1 1
-4 -2 10 4
-4 -3 10 4
-4 -4 18 6
-4 -5 18 6
-4 -6 10 4
-4 -7 10 4
-4 -8 1 1
-3 -8 1 1
-4 -9 1 1
-3 -9 1 1
