5 9 40 10
6 9 1 1
5 8 40 10
6 8 1 1
5 7 100 20
6 7 1 1
5 6 100 20
6 6 1 1
4 9 122 30
4 8 122 30
4 7 919 105
4 6 919 105
4 5 1079 105
5 5 100 10
4 4 1079 105
5 4 100 10
3 9 123 37
3 8 123 37
3 7 2329 231
3 6 2329 231
3 5 4620 388
3 4 4620 388
3 3 2957 231
4 3 282 30
3 2 2957 231
4 2 282 30
2 9 50 20
2 8 50 20
2 7 2308 250
2 6 2308 250
2 5 8870 690
2 4 8870 690
2 3 9614 690
2 2 9614 690
2 1 3088 250
3 1 257 37
2 0 3088 250
3 0 257 37
1 9 8 4
1 8 8 4
1 7 963 137
1 6 963 137
1 5 8017 647
1 4 8017 647
1 3 14370 1028
1 2 14370 1028
1 1 9027 647
1 0 9027 647
1 -1 1333 137
2 -1 86 20
1 -2 1333 137
2 -2 86 20
0 7 161 35
0 6 161 35
0 5 3327 319
0 4 3327 319
0 3 10731 813
0 2 10731 813
0 1 11071 813
0 0 11071 813
0 -1 3715 319
0 -2 3715 319
0 -3 209 35
1 -3 8 4
0 -4 209 35
1 -4 8 4
-1 7 7 3
-1 6 7 3
-1 5 564 76
-1 4 564 76
-1 3 3798 336
-1 2 3798 336
-1 1 6462 526
-1 0 6462 526
-1 -1 3870 336
-1 -2 3870 336
-1 -3 582 76
-1 -4 582 76
-2 5 23 7
-2 4 23 7
-2 3 527 67
-2 2 527 67
-2 1 1692 172
-2 0 1692 172
-2 -1 1684 172
-2 -2 1684 172
-2 -3 513 67
-2 -4 513 67
-2 -5 17 7
-1 -5 7 3
-2 -6 17 7
-1 -6 7 3
-3 3 17 5
-3 2 17 5
-3 1 145 25
-3 0 145 25
-3 -1 272 40
-3 -2 272 40
-3 -3 145 25
-3 -4 145 25
-3 -5 11 5
-3 -6 11 5
-4 1 1 1
-4 0 1 1
-4 -1 7 3
-4 -2 7 3
-4 -3 7 3
-4 -4 7 3
-4 -5 1 1
-4 -6 1 1
