3 3 31 9
4 3 1 1
3 2 31 9
4 2 1 1
3 1 177 29
4 1 4 2
3 0 177 29
4 0 4 2
3 -1 227 29
4 -1 1 1
3 -2 227 29
4 -2 1 1
2 3 99 25
2 2 99 25
2 1 1164 130
2 0 1164 130
2 -1 2258 210
2 -2 2258 210
2 -3 1450 130
3 -3 81 9
2 -4 1450 130
3 -4 81 9
1 3 87 27
1 2 87 27
1 1 2412 250
1 0 2412 250
1 -1 8038 638
1 -2 8038 638
1 -3 8450 638
1 -4 8450 638
1 -5 2906 250
2 -5 221 25
1 -6 2906 250
2 -6 221 25
0 3 24 12
0 2 24 12
0 1 1982 234
0 0 1982 234
0 -1 13186 984
0 -2 13186 984
0 -3 22468 1524
0 -4 22468 1524
0 -5 13816 984
0 -6 13816 984
0 -7 2270 234
1 -7 169 27
0 -8 2270 234
1 -8 169 27
-1 3 2 2
-1 2 2 2
-1 1 696 112
-1 0 696 112
-1 -1 10307 835
-1 -2 10307 835
-1 -3 30956 2018
-1 -4 30956 2018
-1 -5 31456 2018
-1 -6 31456 2018
-1 -7 10895 835
-1 -8 10895 835
-1 -9 784 112
0 -9 42 12
-1 -10 784 112
0 -10 42 12
-2 1 106 28
-2 0 106 28
-2 -1 3898 404
-2 -2 3898 404
-2 -3 22382 1562
-2 -4 22382 1562
-2 -5 37516 2372
-2 -6 37516 2372
-2 -7 23486 1562
-2 -8 23486 1562
-2 -9 4318 404
-2 -10 4318 404
-2 -11 118 28
-1 -11 2 2
-2 -12 118 28
-1 -12 2 2
-3 1 5 3
-3 0 5 3
-3 -1 725 111
-3 -2 725 111
-3 -3 8243 715
-3 -4 8243 715
-3 -5 24070 1646
-3 -6 24070 1646
-3 -7 25042 1646
-3 -8 25042 1646
-3 -9 9333 715
-3 -10 9333 715
-3 -11 843 111
-3 -12 843 111
-4 -1 54 16
-4 -2 54 16
-4 -3 1520 192
-4 -4 1520 192
-4 -5 7907 677
-4 -6 7907 677
-4 -7 13776 1002
-4 -8 13776 1002
-4 -9 9075 677
-4 -10 9075 677
-4 -11 1912 192
-4 -12 1912 192
-4 -13 66 16
-3 -13 5 3
-4 -14 66 16
-3 -14 5 3
-5 -1 1 1
-5 -2 1 1
-5 -3 121 29
-5 -4 121 29
-5 -5 1261 163
-5 -6 1261 163
-5 -7 3659 351
-5 -8 3659 351
-5 -9 4033 351
-5 -10 4033 351
-5 -11 1687 163
-5 -12 1687 163
-5 -13 173 29
-5 -14 173 29
-6 -3 2 2
-6 -4 2 2
-6 -5 81 21
-6 -6 81 21
-6 -7 426 66
-6 -8 426 66
-6 -9 742 94
-6 -10 742 94
-6 -11 522 66
-6 -12 522 66
-6 -13 129 21
-6 -14 129 21
-6 -15 2 2
-5 -15 1 1
-6 -16 2 2
-5 -16 1 1
-7 -5 1 1
-7 -6 1 1
-7 -7 17 5
-7 -8 17 5
-7 -9 46 10
-7 -10 46 10
-7 -11 46 10
-7 -12 46 10
-7 -13 17 5
-7 -14 17 5
-7 -15 1 1
-7 -16 1 1
