-1 -5 36 6
0 -5 7 3
-1 -6 36 6
0 -6 7 3
-1 -7 68 12
0 -7 7 3
-1 -8 68 12
0 -8 7 3
-1 -9 20 6
0 -9 1 1
-1 -10 20 6
0 -10 1 1
-2 -5 7 7
-2 -6 7 7
-2 -7 185 29
-2 -8 185 29
-2 -9 209 29
-2 -10 209 29
-3 -5 4 4
-3 -6 4 4
-3 -7 158 32
-3 -8 158 32
-3 -9 360 56
-3 -10 360 56
-3 -11 234 32
-2 -11 31 7
-3 -12 234 32
-2 -12 31 7
-4 -5 1 1
-4 -6 1 1
-4 -7 56 16
-4 -8 56 16
-4 -9 268 46
-4 -10 268 46
-4 -11 292 46
-4 -12 292 46
-4 -13 80 16
-3 -13 12 4
-4 -14 80 16
-3 -14 12 4
-5 -7 9 3
-5 -8 9 3
-5 -9 65 15
-5 -10 65 15
-5 -11 122 24
-5 -12 122 24
-5 -13 67 15
-5 -14 67 15
-5 -15 7 3
-4 -15 1 1
-5 -16 7 3
-4 -16 1 1
-6 -9 1 1
-6 -10 1 1
-6 -11 9 3
-6 -12 9 3
-6 -13 9 3
-6 -14 9 3
-6 -15 1 1
-6 -16 1 1
