4 12 33 7
5 12 17 5
4 11 33 7
5 11 17 5
4 10 172 28
5 10 46 10
4 9 172 28
5 9 46 10
4 8 254 42
5 8 46 10
4 7 254 42
5 7 46 10
4 6 124 28
5 6 17 5
4 5 124 28
5 5 17 5
4 4 9 7
5 4 1 1
4 3 9 7
5 3 1 1
3 12 1 1
3 11 1 1
3 10 199 25
3 9 199 25
3 8 570 70
3 7 570 70
3 6 436 70
3 5 436 70
3 4 65 25
3 3 65 25
2 10 22 6
2 9 22 6
2 8 525 53
2 7 525 53
2 6 820 94
2 5 820 94
2 4 265 53
2 3 265 53
2 2 6 6
3 2 1 1
2 1 6 6
3 1 1 1
1 8 88 16
1 7 88 16
1 6 637 67
1 5 637 67
1 4 605 67
1 3 605 67
1 2 56 16
1 1 56 16
0 8 2 2
0 7 2 2
0 6 133 27
0 5 133 27
0 4 414 50
0 3 414 50
0 2 247 27
0 1 247 27
-1 6 11 7
-1 5 11 7
-1 4 103 21
-1 3 103 21
-1 2 135 21
-1 1 135 21
-1 0 43 7
0 0 2 2
-1 -1 43 7
0 -1 2 2
-2 6 1 1
-2 5 1 1
-2 4 14 4
-2 3 14 4
-2 2 26 6
-2 1 26 6
-2 0 14 4
-2 -1 14 4
