1 1 10 4
2 1 1 1
1 0 10 4
2 0 1 1
1 -1 75 15
2 -1 4 2
1 -2 75 15
2 -2 4 2
1 -3 81 15
2 -3 1 1
1 -4 81 15
2 -4 1 1
0 1 7 3
0 0 7 3
0 -1 200 30
0 -2 200 30
0 -3 394 54
0 -4 394 54
0 -5 224 30
1 -5 16 4
0 -6 224 30
1 -6 16 4
-1 -1 114 24
-1 -2 114 24
-1 -3 663 83
-1 -4 663 83
-1 -5 713 83
-1 -6 713 83
-1 -7 164 24
0 -7 7 3
-1 -8 164 24
0 -8 7 3
-2 -1 22 10
-2 -2 22 10
-2 -3 445 65
-2 -4 445 65
-2 -5 880 110
-2 -6 880 110
-2 -7 533 65
-2 -8 533 65
-3 -1 4 2
-3 -2 4 2
-3 -3 112 24
-3 -4 112 24
-3 -5 465 67
-3 -6 465 67
-3 -7 487 67
-3 -8 487 67
-3 -9 134 24
-2 -9 50 10
-3 -10 134 24
-2 -10 50 10
-4 -3 9 3
-4 -4 9 3
-4 -5 80 16
-4 -6 80 16
-4 -7 156 26
-4 -8 156 26
-4 -9 82 16
-4 -10 82 16
-4 -11 5 3
-3 -11 4 2
-4 -12 5 3
-3 -12 4 2
-5 -5 1 1
-5 -6 1 1
-5 -7 9 3
-5 -8 9 3
-5 -9 9 3
-5 -10 9 3
-5 -11 1 1
-5 -12 1 1
