2 6 2 2
3 6 1 1
2 5 2 2
3 5 1 1
2 4 63 13
3 4 7 3
2 3 63 13
3 3 7 3
2 2 122 22
3 2 7 3
2 1 122 22
3 1 7 3
2 0 55 13
3 0 1 1
2 -1 55 13
3 -1 1 1
1 6 1 1
1 5 1 1
1 4 95 19
1 3 95 19
1 2 418 58
1 1 418 58
1 0 410 58
1 -1 410 58
1 -2 87 19
2 -2 4 2
1 -3 87 19
2 -3 4 2
0 4 42 10
0 3 42 10
0 2 521 65
0 1 521 65
0 0 896 110
0 -1 896 110
0 -2 489 65
0 -3 489 65
0 -4 26 10
1 -4 1 1
0 -5 26 10
1 -5 1 1
-1 4 1 1
-1 3 1 1
-1 2 195 29
-1 1 195 29
-1 0 782 92
-1 -1 782 92
-1 -2 744 92
-1 -3 744 92
-1 -4 157 29
-1 -5 157 29
-2 2 10 4
-2 1 10 4
-2 0 239 33
-2 -1 239 33
-2 -2 404 58
-2 -3 404 58
-2 -4 205 33
-2 -5 205 33
-2 -6 8 4
-1 -6 1 1
-2 -7 8 4
-1 -7 1 1
-3 0 10 4
-3 -1 10 4
-3 -2 73 15
-3 -3 73 15
-3 -4 71 15
-3 -5 71 15
-3 -6 8 4
-3 -7 8 4
-4 -2 1 1
-4 -3 1 1
-4 -4 4 2
-4 -5 4 2
-4 -6 1 1
-4 -7 1 1
