3 7 8 4
4 7 1 1
3 6 8 4
4 6 1 1
3 5 77 15
4 5 4 2
3 4 77 15
4 4 4 2
3 3 85 15
4 3 1 1
3 2 85 15
4 2 1 1
2 7 8 4
2 6 8 4
2 5 199 33
2 4 199 33
2 3 394 58
2 2 394 58
2 1 237 33
3 1 16 4
2 0 237 33
3 0 16 4
1 7 1 1
1 6 1 1
1 5 141 29
1 4 141 29
1 3 690 92
1 2 690 92
1 1 722 92
1 0 722 92
1 -1 173 29
2 -1 12 4
1 -2 173 29
2 -2 12 4
0 5 28 10
0 4 28 10
0 3 475 65
0 2 475 65
0 1 852 110
0 0 852 110
0 -1 483 65
0 -2 483 65
0 -3 32 10
1 -3 1 1
0 -4 32 10
1 -4 1 1
-1 5 1 1
-1 4 1 1
-1 3 95 19
-1 2 95 19
-1 1 426 58
-1 0 426 58
-1 -1 426 58
-1 -2 426 58
-1 -3 95 19
-1 -4 95 19
-2 3 2 2
-2 2 2 2
-2 1 53 13
-2 0 53 13
-2 -1 124 22
-2 -2 124 22
-2 -3 65 13
-2 -4 65 13
-2 -5 2 2
-1 -5 1 1
-2 -6 2 2
-1 -6 1 1
-3 1 1 1
-3 0 1 1
-3 -1 7 3
-3 -2 7 3
-3 -3 7 3
-3 -4 7 3
-3 -5 1 1
-3 -6 1 1
