5 15 1 1
6 15 1 1
5 14 1 1
6 14 1 1
5 13 53 11
6 13 14 4
5 12 53 11
6 12 14 4
5 11 162 28
6 11 26 6
5 10 162 28
6 10 26 6
5 9 138 28
6 9 14 4
5 8 138 28
6 8 14 4
5 7 29 11
6 7 1 1
5 6 29 11
6 6 1 1
4 13 31 7
4 12 31 7
4 11 326 42
4 10 326 42
4 9 524 70
4 8 524 70
4 7 210 42
4 6 210 42
4 5 9 7
5 5 1 1
4 4 9 7
5 4 1 1
3 13 1 1
3 12 1 1
3 11 177 27
3 10 177 27
3 9 786 88
3 8 786 88
3 7 730 88
3 6 730 88
3 5 121 27
3 4 121 27
2 11 24 8
2 10 24 8
2 9 441 59
2 8 441 59
2 7 868 102
2 6 868 102
2 5 485 59
2 4 485 59
2 3 24 8
3 3 1 1
2 2 24 8
3 2 1 1
1 11 1 1
1 10 1 1
1 9 92 20
1 8 92 20
1 7 430 60
1 6 430 60
1 5 460 60
1 4 460 60
1 3 122 20
1 2 122 20
0 9 9 3
0 8 9 3
0 7 74 16
0 6 74 16
0 5 146 26
0 4 146 26
0 3 80 16
0 2 80 16
0 1 7 3
1 1 1 1
0 0 7 3
1 0 1 1
-1 7 1 1
-1 6 1 1
-1 5 9 3
-1 4 9 3
-1 3 9 3
-1 2 9 3
-1 1 1 1
-1 0 1 1
