3 7 1 1
4 7 1 1
3 6 1 1
4 6 1 1
3 5 97 13
4 5 10 4
3 4 97 13
4 4 10 4
3 3 276 34
4 3 18 6
3 2 276 34
4 2 18 6
3 1 234 34
4 1 10 4
3 0 234 34
4 0 10 4
3 -1 55 13
4 -1 1 1
3 -2 55 13
4 -2 1 1
2 5 65 15
2 4 65 15
2 3 769 81
2 2 769 81
2 1 1338 132
2 0 1338 132
2 -1 653 81
2 -2 653 81
2 -3 61 15
3 -3 1 1
2 -4 61 15
3 -4 1 1
1 5 9 5
1 4 9 5
1 3 744 86
1 2 744 86
1 1 2793 251
1 0 2793 251
1 -1 2729 251
1 -2 2729 251
1 -3 680 86
1 -4 680 86
0 3 215 41
0 2 215 41
0 1 2751 249
0 0 2751 249
0 -1 4916 416
0 -2 4916 416
0 -3 2735 249
0 -4 2735 249
0 -5 237 41
1 -5 9 5
0 -6 237 41
1 -6 9 5
-1 3 15 9
-1 2 15 9
-1 1 1094 132
-1 0 1094 132
-1 -1 4397 381
-1 -2 4397 381
-1 -3 4521 381
-1 -4 4521 381
-1 -5 1238 132
-1 -6 1238 132
-2 3 1 1
-2 2 1 1
-2 1 174 36
-2 0 174 36
-2 -1 1812 188
-2 -2 1812 188
-2 -3 3304 306
-2 -4 3304 306
-2 -5 1986 188
-2 -6 1986 188
-2 -7 228 36
-1 -7 35 9
-2 -8 228 36
-1 -8 35 9
-3 1 10 4
-3 0 10 4
-3 -1 295 45
-3 -2 295 45
-3 -3 1076 122
-3 -4 1076 122
-3 -5 1106 122
-3 -6 1106 122
-3 -7 323 45
-3 -8 323 45
-3 -9 8 4
-2 -9 1 1
-3 -10 8 4
-2 -10 1 1
-4 -1 10 4
-4 -2 10 4
-4 -3 111 21
-4 -4 111 21
-4 -5 224 34
-4 -6 224 34
-4 -7 121 21
-4 -8 121 21
-4 -9 8 4
-4 -10 8 4
-5 -3 1 1
-5 -4 1 1
-5 -5 9 3
-5 -6 9 3
-5 -7 9 3
-5 -8 9 3
-5 -9 1 1
-5 -10 1 1
