5 9 24 8
6 9 1 1
5 8 24 8
6 8 1 1
5 7 151 27
6 7 4 2
5 6 151 27
6 6 4 2
5 5 167 27
6 5 1 1
5 4 167 27
6 4 1 1
4 9 52 20
4 8 52 20
4 7 931 115
4 6 931 115
4 5 1830 190
4 4 1830 190
4 3 1133 115
5 3 40 8
4 2 1133 115
5 2 40 8
3 9 40 24
3 8 40 24
3 7 1845 231
3 6 1845 231
3 5 7137 603
3 4 7137 603
3 3 7679 603
3 2 7679 603
3 1 2453 231
4 1 108 20
3 0 2453 231
4 0 108 20
2 9 16 16
2 8 16 16
2 7 1631 253
2 6 1631 253
2 5 12111 1025
2 4 12111 1025
2 3 22092 1576
2 2 22092 1576
2 1 14319 1025
2 0 14319 1025
2 -1 2409 253
3 -1 106 24
2 -2 2409 253
3 -2 106 24
1 9 6 6
1 8 6 6
1 7 729 161
1 6 729 161
1 5 10030 1012
1 4 10030 1012
1 3 31551 2319
1 2 31551 2319
1 1 34457 2319
1 0 34457 2319
1 -1 13438 1012
1 -2 13438 1012
1 -3 1239 161
2 -3 52 16
1 -4 1239 161
2 -4 52 16
0 9 1 1
0 8 1 1
0 7 180 60
0 6 180 60
0 5 4442 606
0 4 4442 606
0 3 23755 2043
0 2 23755 2043
0 1 41832 2992
0 0 41832 2992
0 -1 28913 2043
0 -2 28913 2043
0 -3 6856 606
0 -4 6856 606
0 -5 334 60
1 -5 14 6
0 -6 334 60
1 -6 14 6
-1 7 20 12
-1 6 20 12
-1 5 1138 220
-1 4 1138 220
-1 3 9982 1100
-1 2 9982 1100
-1 1 27450 2298
-1 0 27450 2298
-1 -1 30086 2298
-1 -2 30086 2298
-1 -3 13354 1100
-1 -4 13354 1100
-1 -5 1890 220
-1 -6 1890 220
-1 -7 36 12
0 -7 1 1
-1 -8 36 12
0 -8 1 1
-2 7 1 1
-2 6 1 1
-2 5 163 45
-2 4 163 45
-2 3 2404 352
-2 2 2404 352
-2 1 9950 1044
-2 0 9950 1044
-2 -1 16332 1472
-2 -2 16332 1472
-2 -3 11594 1044
-2 -4 11594 1044
-2 -5 3262 352
-2 -6 3262 352
-2 -7 243 45
-2 -8 243 45
-3 5 10 4
-3 4 10 4
-3 3 292 60
-3 2 292 60
-3 1 1875 263
-3 0 1875 263
-3 -1 4507 517
-3 -2 4507 517
-3 -3 4747 517
-3 -4 4747 517
-3 -5 2177 263
-3 -6 2177 263
-3 -7 352 60
-3 -8 352 60
-3 -9 8 4
-2 -9 1 1
-3 -10 8 4
-2 -10 1 1
-4 3 10 4
-4 2 10 4
-4 1 137 31
-4 0 137 31
-4 -1 532 88
-4 -2 532 88
-4 -3 826 122
-4 -4 826 122
-4 -5 562 88
-4 -6 562 88
-4 -7 149 31
-4 -8 149 31
-4 -9 8 4
-4 -10 8 4
-5 1 1 1
-5 0 1 1
-5 -1 15 5
-5 -2 15 5
-5 -3 40 10
-5 -4 40 10
-5 -5 40 10
-5 -6 40 10
-5 -7 15 5
-5 -8 15 5
-5 -9 1 1
-5 -10 1 1
