4 12 2 2
5 12 1 1
4 11 2 2
5 11 1 1
4 10 63 13
5 10 9 3
4 9 63 13
5 9 9 3
4 8 118 22
5 8 9 3
4 7 118 22
5 7 9 3
4 6 49 13
5 6 1 1
4 5 49 13
5 5 1 1
3 12 1 1
3 11 1 1
3 10 86 18
3 9 86 18
3 8 406 56
3 7 406 56
3 6 390 56
3 5 390 56
3 4 70 18
4 4 2 2
3 3 70 18
4 3 2 2
2 10 36 10
2 9 36 10
2 8 475 65
2 7 475 65
2 6 888 110
2 5 888 110
2 4 511 65
2 3 511 65
2 2 32 10
3 2 1 1
2 1 32 10
3 1 1 1
1 10 4 2
1 9 4 2
1 8 217 35
1 7 217 35
1 6 839 103
1 5 839 103
1 4 847 103
1 3 847 103
1 2 225 35
1 1 225 35
0 8 33 7
0 7 33 7
0 6 304 42
0 5 304 42
0 4 506 70
0 3 506 70
0 2 268 42
0 1 268 42
0 0 21 7
1 0 4 2
0 -1 21 7
1 -1 4 2
-1 6 25 5
-1 5 25 5
-1 4 97 17
-1 3 97 17
-1 2 83 17
-1 1 83 17
-1 0 11 5
-1 -1 11 5
-2 4 1 1
-2 3 1 1
-2 2 4 2
-2 1 4 2
-2 0 1 1
-2 -1 1 1
