3 5 4 4
4 5 1 1
3 4 4 4
4 4 1 1
3 3 138 22
4 3 9 3
3 2 138 22
4 2 9 3
3 1 264 36
4 1 9 3
3 0 264 36
4 0 9 3
3 -1 128 22
4 -1 1 1
3 -2 128 22
4 -2 1 1
2 5 6 6
2 4 6 6
2 3 366 58
2 2 366 58
2 1 1485 155
2 0 1485 155
2 -1 1515 155
2 -2 1515 155
2 -3 406 58
3 -3 10 4
2 -4 406 58
3 -4 10 4
1 5 4 4
1 4 4 4
1 3 386 70
1 2 386 70
1 1 3188 314
1 0 3188 314
1 -1 5680 496
1 -2 5680 496
1 -3 3500 314
1 -4 3500 314
1 -5 450 70
2 -5 16 6
1 -6 450 70
2 -6 16 6
0 5 1 1
0 4 1 1
0 3 179 41
0 2 179 41
0 1 3011 331
0 0 3011 331
0 -1 10092 830
0 -2 10092 830
0 -3 10532 830
0 -4 10532 830
0 -5 3471 331
0 -6 3471 331
0 -7 199 41
1 -7 8 4
0 -8 199 41
1 -8 8 4
-1 3 31 11
-1 2 31 11
-1 1 1292 188
-1 0 1292 188
-1 -1 8908 772
-1 -2 8908 772
-1 -3 15634 1190
-1 -4 15634 1190
-1 -5 9860 772
-1 -6 9860 772
-1 -7 1618 188
-1 -8 1618 188
-1 -9 31 11
0 -9 1 1
-1 -10 31 11
0 -10 1 1
-2 3 1 1
-2 2 1 1
-2 1 252 60
-2 0 252 60
-2 -1 3807 417
-2 -2 3807 417
-2 -3 12213 983
-2 -4 12213 983
-2 -5 13007 983
-2 -6 13007 983
-2 -7 4731 417
-2 -8 4731 417
-2 -9 382 60
-2 -10 382 60
-3 1 21 11
-3 0 21 11
-3 -1 823 135
-3 -2 823 135
-3 -3 4743 481
-3 -4 4743 481
-3 -5 8596 714
-3 -6 8596 714
-3 -7 5735 481
-3 -8 5735 481
-3 -9 1205 135
-3 -10 1205 135
-3 -11 45 11
-2 -11 1 1
-3 -12 45 11
-2 -12 1 1
-4 1 1 1
-4 0 1 1
-4 -1 83 25
-4 -2 83 25
-4 -3 907 137
-4 -4 907 137
-4 -5 2691 293
-4 -6 2691 293
-4 -7 2999 293
-4 -8 2999 293
-4 -9 1269 137
-4 -10 1269 137
-4 -11 137 25
-4 -12 137 25
-5 -1 2 2
-5 -2 2 2
-5 -3 72 20
-5 -4 72 20
-5 -5 372 62
-5 -6 372 62
-5 -7 642 88
-5 -8 642 88
-5 -9 448 62
-5 -10 448 62
-5 -11 110 20
-5 -12 110 20
-5 -13 2 2
-4 -13 1 1
-5 -14 2 2
-4 -14 1 1
-6 -3 1 1
-6 -4 1 1
-6 -5 17 5
-6 -6 17 5
-6 -7 46 10
-6 -8 46 10
-6 -9 46 10
-6 -10 46 10
-6 -11 17 5
-6 -12 17 5
-6 -13 1 1
-6 -14 1 1
