4 6 31 11
5 6 1 1
4 5 31 11
5 5 1 1
4 4 134 22
5 4 1 1
4 3 134 22
5 3 1 1
3 6 173 45
3 5 173 45
3 4 1199 145
3 3 1199 145
3 2 1585 145
4 2 121 11
3 1 1585 145
4 1 121 11
2 6 354 88
2 5 354 88
2 4 3899 429
2 3 3899 429
2 2 7898 682
2 1 7898 682
2 0 5463 429
3 0 559 45
2 -1 5463 429
3 -1 559 45
1 6 343 91
1 5 343 91
1 4 5832 662
1 3 5832 662
1 2 18657 1563
1 1 18657 1563
1 0 20479 1563
1 -1 20479 1563
1 -2 8116 662
2 -2 968 88
1 -3 8116 662
2 -3 968 88
0 6 165 51
0 5 165 51
0 4 4446 562
0 3 4446 562
0 2 22786 1944
0 1 22786 1944
0 0 38068 2866
0 -1 38068 2866
0 -2 25438 1944
0 -3 25438 1944
0 -4 5898 562
1 -4 805 91
0 -5 5898 562
1 -5 805 91
-1 6 37 15
-1 5 37 15
-1 4 1716 264
-1 3 1716 264
-1 2 14538 1362
-1 1 14538 1362
-1 0 37957 2907
-1 -1 37957 2907
-1 -2 38961 2907
-1 -3 38961 2907
-1 -4 15932 1362
-1 -5 15932 1362
-1 -6 2134 264
0 -6 337 51
-1 -7 2134 264
0 -7 337 51
-2 6 4 2
-2 5 4 2
-2 4 306 66
-2 3 306 66
-2 2 4649 535
-2 1 4649 535
-2 0 20031 1677
-2 -1 20031 1677
-2 -2 31488 2412
-2 -3 31488 2412
-2 -4 20535 1677
-2 -5 20535 1677
-2 -6 4931 535
-2 -7 4931 535
-2 -8 342 66
-1 -8 65 15
-2 -9 342 66
-1 -9 65 15
-3 4 21 7
-3 3 21 7
-3 2 660 110
-3 1 660 110
-3 0 5131 537
-3 -1 5131 537
-3 -2 13116 1122
-3 -3 13116 1122
-3 -4 13228 1122
-3 -5 13228 1122
-3 -6 5235 537
-3 -7 5235 537
-3 -8 644 110
-3 -9 644 110
-3 -10 13 7
-2 -10 4 2
-3 -11 13 7
-2 -11 4 2
-4 2 29 9
-4 1 29 9
-4 0 542 86
-4 -1 542 86
-4 -2 2473 277
-4 -3 2473 277
-4 -4 4030 400
-4 -5 4030 400
-4 -6 2551 277
-4 -7 2551 277
-4 -8 524 86
-4 -9 524 86
-4 -10 15 9
-4 -11 15 9
-5 0 13 5
-5 -1 13 5
-5 -2 165 31
-5 -3 165 31
-5 -4 480 68
-5 -5 480 68
-5 -6 492 68
-5 -7 492 68
-5 -8 171 31
-5 -9 171 31
-5 -10 7 5
-5 -11 7 5
-6 -2 1 1
-6 -3 1 1
-6 -4 14 4
-6 -5 14 4
-6 -6 26 6
-6 -7 26 6
-6 -8 14 4
-6 -9 14 4
-6 -10 1 1
-6 -11 1 1
