5 11 8 4
6 11 1 1
5 10 8 4
6 10 1 1
5 9 196 32
6 9 17 5
5 8 196 32
6 8 17 5
5 7 742 92
6 7 46 10
5 6 742 92
6 6 46 10
5 5 1076 128
6 5 46 10
5 4 1076 128
6 4 46 10
5 3 680 92
6 3 17 5
5 2 680 92
6 2 17 5
5 1 168 32
6 1 1 1
5 0 168 32
6 0 1 1
4 11 8 4
4 10 8 4
4 9 465 65
4 8 465 65
4 7 3056 294
4 6 3056 294
4 5 6761 585
4 4 6761 585
4 3 6423 585
4 2 6423 585
4 1 2640 294
4 0 2640 294
4 -1 389 65
5 -1 10 4
4 -2 389 65
5 -2 10 4
3 11 1 1
3 10 1 1
3 9 328 52
3 8 328 52
3 7 4857 431
3 6 4857 431
3 5 17910 1308
3 4 17910 1308
3 3 25836 1856
3 2 25836 1856
3 1 16102 1308
3 0 16102 1308
3 -1 3977 431
3 -2 3977 431
3 -3 260 52
4 -3 10 4
3 -4 260 52
4 -4 10 4
2 9 53 15
2 8 53 15
2 7 3042 306
2 6 3042 306
2 5 22646 1578
2 4 22646 1578
2 3 52690 3330
2 2 52690 3330
2 1 49992 3330
2 0 49992 3330
2 -1 19344 1578
2 -2 19344 1578
2 -3 2426 306
2 -4 2426 306
2 -5 41 15
3 -5 1 1
2 -6 41 15
3 -6 1 1
1 9 1 1
1 8 1 1
1 7 631 101
1 6 631 101
1 5 13449 1047
1 4 13449 1047
1 3 57694 3532
1 2 57694 3532
1 1 86398 5170
1 0 86398 5170
1 -1 52200 3532
1 -2 52200 3532
1 -3 11197 1047
1 -4 11197 1047
1 -5 563 101
1 -6 563 101
0 7 41 15
0 6 41 15
0 5 3363 373
0 4 3363 373
0 3 33239 2217
0 2 33239 2217
0 1 85238 4970
0 0 85238 4970
0 -1 81574 4970
0 -2 81574 4970
0 -3 29135 2217
0 -4 29135 2217
0 -5 2937 373
0 -6 2937 373
0 -7 55 15
1 -7 1 1
0 -8 55 15
1 -8 1 1
-1 7 1 1
-1 6 1 1
-1 5 364 68
-1 4 364 68
-1 3 9181 799
-1 2 9181 799
-1 1 46938 2920
-1 0 46938 2920
-1 -1 73586 4376
-1 -2 73586 4376
-1 -3 43758 2920
-1 -4 43758 2920
-1 -5 8085 799
-1 -6 8085 799
-1 -7 326 68
-1 -8 326 68
-2 5 13 5
-2 4 13 5
-2 3 1191 155
-2 2 1191 155
-2 1 13229 1013
-2 0 13229 1013
-2 -1 37219 2361
-2 -2 37219 2361
-2 -3 36575 2361
-2 -4 36575 2361
-2 -5 12377 1013
-2 -6 12377 1013
-2 -7 975 155
-2 -8 975 155
-2 -9 5 5
-1 -9 1 1
-2 -10 5 5
-1 -10 1 1
-3 3 53 13
-3 2 53 13
-3 1 1833 193
-3 0 1833 193
-3 -1 9799 747
-3 -2 9799 747
-3 -3 16072 1134
-3 -4 16072 1134
-3 -5 9703 747
-3 -6 9703 747
-3 -7 1593 193
-3 -8 1593 193
-3 -9 23 13
-3 -10 23 13
-4 1 100 16
-4 0 100 16
-4 -1 1241 125
-4 -2 1241 125
-4 -3 3436 300
-4 -4 3436 300
-4 -5 3384 300
-4 -6 3384 300
-4 -7 1133 125
-4 -8 1133 125
-4 -9 44 16
-4 -10 44 16
-5 -1 64 8
-5 -2 64 8
-5 -3 294 36
-5 -4 294 36
-5 -5 446 56
-5 -6 446 56
-5 -7 240 36
-5 -8 240 36
-5 -9 32 8
-5 -10 32 8
-6 -3 1 1
-6 -4 1 1
-6 -5 9 3
-6 -6 9 3
-6 -7 9 3
-6 -8 9 3
-6 -9 1 1
-6 -10 1 1
