2 8 2 2
3 8 1 1
2 7 2 2
3 7 1 1
2 6 43 11
3 6 9 3
2 5 43 11
3 5 9 3
2 4 84 18
3 4 9 3
2 3 84 18
3 3 9 3
2 2 41 11
3 2 1 1
2 1 41 11
3 1 1 1
1 8 1 1
1 7 1 1
1 6 33 11
1 5 33 11
1 4 161 31
1 3 161 31
1 2 159 31
1 1 159 31
1 0 31 11
2 0 4 2
1 -1 31 11
2 -1 4 2
0 6 7 3
0 5 7 3
0 4 91 19
0 3 91 19
0 2 148 32
0 1 148 32
0 0 77 19
0 -1 77 19
0 -2 3 3
1 -2 1 1
0 -3 3 3
1 -3 1 1
-1 4 9 3
-1 3 9 3
-1 2 55 11
-1 1 55 11
-1 0 49 11
-1 -1 49 11
-1 -2 3 3
-1 -3 3 3
-2 2 1 1
-2 1 1 1
-2 0 4 2
-2 -1 4 2
-2 -2 1 1
-2 -3 1 1
