2 8 1 1
3 8 1 1
2 7 1 1
3 7 1 1
2 6 54 12
3 6 17 5
2 5 54 12
3 5 17 5
2 4 235 39
3 4 46 10
2 3 235 39
3 3 46 10
2 2 344 56
3 2 46 10
2 1 344 56
3 1 46 10
2 0 195 39
3 0 17 5
2 -1 195 39
3 -1 17 5
2 -2 34 12
3 -2 1 1
2 -3 34 12
3 -3 1 1
1 6 20 6
1 5 20 6
1 4 311 45
1 3 311 45
1 2 807 105
1 1 807 105
1 0 695 105
1 -1 695 105
1 -2 185 45
1 -3 185 45
1 -4 6 6
2 -4 1 1
1 -5 6 6
2 -5 1 1
0 4 89 17
0 3 89 17
0 2 708 86
0 1 708 86
0 0 1112 138
0 -1 1112 138
0 -2 492 86
0 -3 492 86
0 -4 35 17
0 -5 35 17
-1 4 1 1
-1 3 1 1
-1 2 192 30
-1 1 192 30
-1 0 766 94
-1 -1 766 94
-1 -2 676 94
-1 -3 676 94
-1 -4 102 30
-1 -5 102 30
-2 2 7 3
-2 1 7 3
-2 0 228 30
-2 -1 228 30
-2 -2 336 54
-2 -3 336 54
-2 -4 154 30
-2 -5 154 30
-2 -6 3 3
-1 -6 1 1
-2 -7 3 3
-1 -7 1 1
-3 0 9 3
-3 -1 9 3
-3 -2 79 13
-3 -3 79 13
-3 -4 73 13
-3 -5 73 13
-3 -6 3 3
-3 -7 3 3
-4 -2 1 1
-4 -3 1 1
-4 -4 4 2
-4 -5 4 2
-4 -6 1 1
-4 -7 1 1
