4 8 25 9
5 8 1 1
4 7 25 9
5 7 1 1
4 6 92 18
5 6 1 1
4 5 92 18
5 5 1 1
3 8 84 28
3 7 84 28
3 6 688 92
3 5 688 92
3 4 892 92
4 4 81 9
3 3 892 92
4 3 81 9
2 8 124 42
2 7 124 42
2 6 1642 210
2 5 1642 210
2 4 3398 336
2 3 3398 336
2 2 2350 210
3 2 288 28
2 1 2350 210
3 1 288 28
1 8 93 33
1 7 93 33
1 6 1672 244
1 5 1672 244
1 4 5691 581
1 3 5691 581
1 2 6361 581
1 1 6361 581
1 0 2496 244
2 0 394 42
1 -1 2496 244
2 -1 394 42
0 8 33 13
0 7 33 13
0 6 794 148
0 5 794 148
0 4 4386 518
0 3 4386 518
0 2 7644 766
0 1 7644 766
0 0 5174 518
0 -1 5174 518
0 -2 1186 148
1 -2 247 33
0 -3 1186 148
1 -3 247 33
-1 8 4 2
-1 7 4 2
-1 6 170 44
-1 5 170 44
-1 4 1540 238
-1 3 1540 238
-1 2 4360 514
-1 1 4360 514
-1 0 4630 514
-1 -1 4630 514
-1 -2 1866 238
-1 -3 1866 238
-1 -4 226 44
0 -4 65 13
-1 -5 226 44
0 -5 65 13
-2 6 13 5
-2 5 13 5
-2 4 232 52
-2 3 232 52
-2 2 1112 172
-2 1 1112 172
-2 0 1874 250
-2 -1 1874 250
-2 -2 1212 172
-2 -3 1212 172
-2 -4 258 52
-2 -5 258 52
-2 -6 9 5
-1 -6 4 2
-2 -7 9 5
-1 -7 4 2
-3 4 10 4
-3 3 10 4
-3 2 107 25
-3 1 107 25
-3 0 305 55
-3 -1 305 55
-3 -2 311 55
-3 -3 311 55
-3 -4 109 25
-3 -5 109 25
-3 -6 6 4
-3 -7 6 4
-4 2 1 1
-4 1 1 1
-4 0 12 4
-4 -1 12 4
-4 -2 22 6
-4 -3 22 6
-4 -4 12 4
-4 -5 12 4
-4 -6 1 1
-4 -7 1 1
