5 9 14 6
6 9 1 1
5 8 14 6
6 8 1 1
5 7 216 30
6 7 9 3
5 6 216 30
6 6 9 3
5 5 416 48
6 5 9 3
5 4 416 48
6 4 9 3
5 3 238 30
6 3 1 1
5 2 238 30
6 2 1 1
4 9 27 11
4 8 27 11
4 7 857 99
4 6 857 99
4 5 2939 253
4 4 2939 253
4 3 3021 253
4 2 3021 253
4 1 979 99
5 1 36 6
4 0 979 99
5 0 36 6
3 9 16 8
3 8 16 8
3 7 1142 144
3 6 1142 144
3 5 8110 620
3 4 8110 620
3 3 13866 968
3 2 13866 968
3 1 8416 620
3 0 8416 620
3 -1 1298 144
4 -1 67 11
3 -2 1298 144
4 -2 67 11
2 9 2 2
2 8 2 2
2 7 587 97
2 6 587 97
2 5 9848 788
2 4 9848 788
2 3 31316 1972
2 2 31316 1972
2 1 31870 1972
2 0 31870 1972
2 -1 10456 788
2 -2 10456 788
2 -3 641 97
3 -3 32 8
2 -4 641 97
3 -4 32 8
1 7 105 29
1 6 105 29
1 5 5392 548
1 4 5392 548
1 3 36444 2320
1 2 36444 2320
1 1 63312 3602
1 0 63312 3602
1 -1 39180 2320
1 -2 39180 2320
1 -3 6186 548
1 -4 6186 548
1 -5 107 29
2 -5 2 2
1 -6 107 29
2 -6 2 2
0 7 3 3
0 6 3 3
0 5 1362 218
0 4 1362 218
0 3 21837 1663
0 2 21837 1663
0 1 69739 4029
0 0 69739 4029
0 -1 74107 4029
0 -2 74107 4029
0 -3 26659 1663
0 -4 26659 1663
0 -5 1816 218
0 -6 1816 218
-1 5 157 49
-1 4 157 49
-1 3 7205 751
-1 2 7205 751
-1 1 42739 2849
-1 0 42739 2849
-1 -1 76430 4294
-1 -2 76430 4294
-1 -3 51035 2849
-1 -4 51035 2849
-1 -5 10407 751
-1 -6 10407 751
-1 -7 243 49
0 -7 3 3
-1 -8 243 49
0 -8 3 3
-2 5 9 5
-2 4 9 5
-2 3 1343 213
-2 2 1343 213
-2 1 15325 1287
-2 0 15325 1287
-2 -1 44309 2851
-2 -2 44309 2851
-2 -3 48709 2851
-2 -4 48709 2851
-2 -5 20653 1287
-2 -6 20653 1287
-2 -7 2271 213
-2 -8 2271 213
-3 3 134 36
-3 2 134 36
-3 1 3238 364
-3 0 3238 364
-3 -1 14744 1168
-3 -2 14744 1168
-3 -3 24814 1680
-3 -4 24814 1680
-3 -5 17536 1168
-3 -6 17536 1168
-3 -7 4676 364
-3 -8 4676 364
-3 -9 242 36
-2 -9 9 5
-3 -10 242 36
-2 -10 9 5
-4 3 7 3
-4 2 7 3
-4 1 373 59
-4 0 373 59
-4 -1 2666 278
-4 -2 2666 278
-4 -3 6610 560
-4 -4 6610 560
-4 -5 7050 560
-4 -6 7050 560
-4 -7 3226 278
-4 -8 3226 278
-4 -9 493 59
-4 -10 493 59
-5 1 16 4
-5 0 16 4
-5 -1 204 32
-5 -2 204 32
-5 -3 764 92
-5 -4 764 92
-5 -5 1182 128
-5 -6 1182 128
-5 -7 818 92
-5 -8 818 92
-5 -9 222 32
-5 -10 222 32
-5 -11 10 4
-4 -11 7 3
-5 -12 10 4
-4 -12 7 3
-6 -1 1 1
-6 -2 1 1
-6 -3 15 5
-6 -4 15 5
-6 -5 40 10
-6 -6 40 10
-6 -7 40 10
-6 -8 40 10
-6 -9 15 5
-6 -10 15 5
-6 -11 1 1
-6 -12 1 1
