7 17 14 6
8 17 1 1
7 16 14 6
8 16 1 1
7 15 189 35
8 15 12 4
7 14 189 35
8 14 12 4
7 13 527 75
8 13 22 6
7 12 527 75
8 12 22 6
7 11 539 75
8 11 12 4
7 10 539 75
8 10 12 4
7 9 213 35
8 9 1 1
7 8 213 35
8 8 1 1
6 17 19 11
6 16 19 11
6 15 653 101
6 14 653 101
6 13 2850 314
6 12 2850 314
6 11 4432 448
6 10 4432 448
6 9 2884 314
6 8 2884 314
6 7 733 101
7 7 26 6
6 6 733 101
7 6 26 6
5 17 10 10
5 16 10 10
5 15 763 137
5 14 763 137
5 13 6096 626
5 12 6096 626
5 11 14726 1270
5 10 14726 1270
5 9 14490 1270
5 8 14490 1270
5 7 5956 626
5 6 5956 626
5 5 881 137
6 5 47 11
5 4 881 137
6 4 47 11
4 17 5 5
4 16 5 5
4 15 416 100
4 14 416 100
4 13 5802 670
4 12 5802 670
4 11 23575 1955
4 10 23575 1955
4 9 35554 2760
4 8 35554 2760
4 7 22669 1955
4 6 22669 1955
4 5 5704 670
4 4 5704 670
4 3 498 100
5 3 32 10
4 2 498 100
5 2 32 10
3 17 1 1
3 16 1 1
3 15 129 39
3 14 129 39
3 13 2713 399
3 12 2713 399
3 11 18791 1713
3 10 18791 1713
3 9 45736 3452
3 8 45736 3452
3 7 44974 3452
3 6 44974 3452
3 5 17967 1713
3 4 17967 1713
3 3 2647 399
3 2 2647 399
3 1 125 39
4 1 11 5
3 0 125 39
4 0 11 5
2 15 14 6
2 14 14 6
2 13 652 124
2 12 652 124
2 11 7486 842
2 10 7486 842
2 9 31084 2510
2 8 31084 2510
2 7 47574 3572
2 6 47574 3572
2 5 30256 2510
2 4 30256 2510
2 3 6950 842
2 2 6950 842
2 1 510 124
2 0 510 124
2 -1 6 6
3 -1 1 1
2 -2 6 6
3 -2 1 1
1 13 51 15
1 12 51 15
1 11 1444 212
1 10 1444 212
1 9 10693 1023
1 8 10693 1023
1 7 27021 2149
1 6 27021 2149
1 5 26639 2149
1 4 26639 2149
1 3 10009 1023
1 2 10009 1023
1 1 1106 212
1 0 1106 212
1 -1 15 15
1 -2 15 15
0 11 91 21
0 10 91 21
0 9 1672 212
0 8 1672 212
0 7 7787 717
0 6 7787 717
0 5 12142 1052
0 4 12142 1052
0 3 7365 717
0 2 7365 717
0 1 1338 212
0 0 1338 212
0 -1 29 21
0 -2 29 21
-1 9 83 17
-1 8 83 17
-1 7 946 118
-1 6 946 118
-1 5 2630 274
-1 4 2630 274
-1 3 2524 274
-1 2 2524 274
-1 1 790 118
-1 0 790 118
-1 -1 33 17
-1 -2 33 17
-2 7 29 7
-2 6 29 7
-2 5 196 32
-2 4 196 32
-2 3 338 50
-2 2 338 50
-2 1 178 32
-2 0 178 32
-2 -1 15 7
-2 -2 15 7
-3 5 1 1
-3 4 1 1
-3 3 9 3
-3 2 9 3
-3 1 9 3
-3 0 9 3
-3 -1 1 1
-3 -2 1 1
