7 17 4 4
8 17 1 1
7 16 4 4
8 16 1 1
7 15 113 17
8 15 4 2
7 14 113 17
8 14 4 2
7 13 125 17
8 13 1 1
7 12 125 17
8 12 1 1
6 17 6 6
6 16 6 6
6 15 366 54
6 14 366 54
6 13 740 96
6 12 740 96
6 11 534 54
7 11 16 4
6 10 534 54
7 10 16 4
5 17 4 4
5 16 4 4
5 15 414 76
5 14 414 76
5 13 2226 232
5 12 2226 232
5 11 2422 232
5 10 2422 232
5 9 616 76
6 9 22 6
5 8 616 76
6 8 22 6
4 17 1 1
4 16 1 1
4 15 211 53
4 14 211 53
4 13 2567 281
4 12 2567 281
4 11 5254 458
4 10 5254 458
4 9 3239 281
4 8 3239 281
4 7 307 53
5 7 10 4
4 6 307 53
5 6 10 4
3 15 53 19
3 14 53 19
3 13 1382 190
3 12 1382 190
3 11 5227 487
3 10 5227 487
3 9 5943 487
3 8 5943 487
3 7 2116 190
3 6 2116 190
3 5 71 19
4 5 1 1
3 4 71 19
4 4 1 1
2 15 5 3
2 14 5 3
2 13 379 75
2 12 379 75
2 11 2607 297
2 10 2607 297
2 9 4988 450
2 8 4988 450
2 7 3411 297
2 6 3411 297
2 5 709 75
2 4 709 75
1 13 53 17
1 12 53 17
1 11 672 104
1 10 672 104
1 9 2019 227
1 8 2019 227
1 7 2259 227
1 6 2259 227
1 5 968 104
1 4 968 104
1 3 109 17
2 3 5 3
1 2 109 17
2 2 5 3
0 13 4 2
0 12 4 2
0 11 81 19
0 10 81 19
0 9 368 58
0 8 368 58
0 7 612 82
0 6 612 82
0 5 428 58
0 4 428 58
0 3 111 19
0 2 111 19
-1 11 1 1
-1 10 1 1
-1 9 15 5
-1 8 15 5
-1 7 40 10
-1 6 40 10
-1 5 40 10
-1 4 40 10
-1 3 15 5
-1 2 15 5
-1 1 1 1
0 1 4 2
-1 0 1 1
0 0 4 2
