2 2 13 5
3 2 1 1
2 1 13 5
3 1 1 1
2 0 192 32
3 0 12 4
2 -1 192 32
3 -1 12 4
2 -2 527 71
3 -2 22 6
2 -3 527 71
3 -3 22 6
2 -4 523 71
3 -4 12 4
2 -5 523 71
3 -5 12 4
2 -6 200 32
3 -6 1 1
2 -7 200 32
3 -7 1 1
1 2 14 6
1 1 14 6
1 0 560 78
1 -1 560 78
1 -2 2762 276
1 -3 2762 276
1 -4 4332 408
1 -5 4332 408
1 -6 2594 276
1 -7 2594 276
1 -8 536 78
2 -8 25 5
1 -9 536 78
2 -9 25 5
0 2 4 2
0 1 4 2
0 0 505 79
0 -1 505 79
0 -2 5706 504
0 -3 5706 504
0 -4 15047 1147
0 -5 15047 1147
0 -6 14427 1147
0 -7 14427 1147
0 -8 5026 504
0 -9 5026 504
0 -10 445 79
1 -10 22 6
0 -11 445 79
1 -11 22 6
-1 0 155 35
-1 -1 155 35
-1 -2 5051 477
-1 -3 5051 477
-1 -4 26280 1786
-1 -5 26280 1786
-1 -6 41046 2688
-1 -7 41046 2688
-1 -8 24028 1786
-1 -9 24028 1786
-1 -10 4243 477
-1 -11 4243 477
-1 -12 131 35
0 -12 4 2
-1 -13 131 35
0 -13 4 2
-2 0 12 6
-2 -1 12 6
-2 -2 1933 237
-2 -3 1933 237
-2 -4 22827 1599
-2 -5 22827 1599
-2 -6 63545 3747
-2 -7 63545 3747
-2 -8 61791 3747
-2 -9 61791 3747
-2 -10 20693 1599
-2 -11 20693 1599
-2 -12 1553 237
-2 -13 1553 237
-3 -2 289 57
-3 -3 289 57
-3 -4 9716 822
-3 -5 9716 822
-3 -6 52836 3162
-3 -7 52836 3162
-3 -8 86546 4794
-3 -9 86546 4794
-3 -10 52670 3162
-3 -11 52670 3162
-3 -12 9120 822
-3 -13 9120 822
-3 -14 213 57
-2 -14 12 6
-3 -15 213 57
-2 -15 12 6
-4 -2 9 5
-4 -3 9 5
-4 -4 1928 236
-4 -5 1928 236
-4 -6 23258 1622
-4 -7 23258 1622
-4 -8 66451 3795
-4 -9 66451 3795
-4 -10 68205 3795
-4 -11 68205 3795
-4 -12 25074 1622
-4 -13 25074 1622
-4 -14 1990 236
-4 -15 1990 236
-5 -4 155 35
-5 -5 155 35
-5 -6 5283 499
-5 -7 5283 499
-5 -8 27740 1852
-5 -9 27740 1852
-5 -10 46548 2776
-5 -11 46548 2776
-5 -12 30244 1852
-5 -13 30244 1852
-5 -14 6353 499
-5 -15 6353 499
-5 -16 191 35
-4 -16 9 5
-5 -17 191 35
-4 -17 9 5
-6 -4 4 2
-6 -5 4 2
-6 -6 577 87
-6 -7 577 87
-6 -8 6028 538
-6 -9 6028 538
-6 -10 16707 1207
-6 -11 16707 1207
-6 -12 17481 1207
-6 -13 17481 1207
-6 -14 6956 538
-6 -15 6956 538
-6 -16 731 87
-6 -17 731 87
-7 -6 25 7
-7 -7 25 7
-7 -8 592 84
-7 -9 592 84
-7 -10 2860 290
-7 -11 2860 290
-7 -12 4796 426
-7 -13 4796 426
-7 -14 3124 290
-7 -15 3124 290
-7 -16 676 84
-7 -17 676 84
-7 -18 21 7
-6 -18 4 2
-7 -19 21 7
-6 -19 4 2
-8 -8 13 5
-8 -9 13 5
-8 -10 170 32
-8 -11 170 32
-8 -12 505 71
-8 -13 505 71
-8 -14 531 71
-8 -15 531 71
-8 -16 194 32
-8 -17 194 32
-8 -18 11 5
-8 -19 11 5
-9 -10 1 1
-9 -11 1 1
-9 -12 12 4
-9 -13 12 4
-9 -14 22 6
-9 -15 22 6
-9 -16 12 4
-9 -17 12 4
-9 -18 1 1
-9 -19 1 1
