1 1 4 4
2 1 1 1
1 0 4 4
2 0 1 1
1 -1 94 20
2 -1 7 3
1 -2 94 20
2 -2 7 3
1 -3 184 32
2 -3 7 3
1 -4 184 32
2 -4 7 3
1 -5 94 20
2 -5 1 1
1 -6 94 20
2 -6 1 1
0 1 6 6
0 0 6 6
0 -1 244 48
0 -2 244 48
0 -3 856 118
0 -4 856 118
0 -5 874 118
0 -6 874 118
0 -7 270 48
1 -7 8 4
0 -8 270 48
1 -8 8 4
-1 1 4 4
-1 0 4 4
-1 -1 215 51
-1 -2 215 51
-1 -3 1461 193
-1 -4 1461 193
-1 -5 2500 292
-1 -6 2500 292
-1 -7 1525 193
-1 -8 1525 193
-1 -9 253 51
0 -9 14 6
-1 -10 253 51
0 -10 14 6
-2 1 1 1
-2 0 1 1
-2 -1 88 26
-2 -2 88 26
-2 -3 980 156
-2 -4 980 156
-2 -5 3003 355
-2 -6 3003 355
-2 -7 3069 355
-2 -8 3069 355
-2 -9 1054 156
-2 -10 1054 156
-2 -11 96 26
-1 -11 8 4
-2 -12 96 26
-1 -12 8 4
-3 -1 13 5
-3 -2 13 5
-3 -3 293 59
-3 -4 293 59
-3 -5 1573 213
-3 -6 1573 213
-3 -7 2584 318
-3 -8 2584 318
-3 -9 1591 213
-3 -10 1591 213
-3 -11 281 59
-3 -12 281 59
-3 -13 9 5
-2 -13 1 1
-3 -14 9 5
-2 -14 1 1
-4 -3 28 8
-4 -4 28 8
-4 -5 319 57
-4 -6 319 57
-4 -7 952 134
-4 -8 952 134
-4 -9 934 134
-4 -10 934 134
-4 -11 289 57
-4 -12 289 57
-4 -13 16 8
-4 -14 16 8
-5 -5 17 5
-5 -6 17 5
-5 -7 115 23
-5 -8 115 23
-5 -9 200 36
-5 -10 200 36
-5 -11 105 23
-5 -12 105 23
-5 -13 9 5
-5 -14 9 5
-6 -7 1 1
-6 -8 1 1
-6 -9 9 3
-6 -10 9 3
-6 -11 9 3
-6 -12 9 3
-6 -13 1 1
-6 -14 1 1
