2 6 30 6
3 6 14 4
2 5 30 6
3 5 14 4
2 4 102 18
3 4 26 6
2 3 102 18
3 3 26 6
2 2 80 18
3 2 14 4
2 1 80 18
3 1 14 4
2 0 8 6
3 0 1 1
2 -1 8 6
3 -1 1 1
1 6 1 1
1 5 1 1
1 4 142 18
1 3 142 18
1 2 232 34
1 1 232 34
1 0 64 18
1 -1 64 18
0 4 19 7
0 3 19 7
0 2 256 34
0 1 256 34
0 0 256 34
0 -1 256 34
0 -2 19 7
1 -2 1 1
0 -3 19 7
1 -3 1 1
-1 4 1 1
-1 3 1 1
-1 2 64 18
-1 1 64 18
-1 0 232 34
-1 -1 232 34
-1 -2 142 18
-1 -3 142 18
-2 2 8 6
-2 1 8 6
-2 0 80 18
-2 -1 80 18
-2 -2 102 18
-2 -3 102 18
-2 -4 30 6
-1 -4 1 1
-2 -5 30 6
-1 -5 1 1
-3 2 1 1
-3 1 1 1
-3 0 14 4
-3 -1 14 4
-3 -2 26 6
-3 -3 26 6
-3 -4 14 4
-3 -5 14 4
