2 6 7 3
3 6 1 1
2 5 7 3
3 5 1 1
2 4 56 12
3 4 4 2
2 3 56 12
3 3 4 2
2 2 58 12
3 2 1 1
2 1 58 12
3 1 1 1
1 6 1 1
1 5 1 1
1 4 106 18
1 3 106 18
1 2 210 34
1 1 210 34
1 0 118 18
2 0 9 3
1 -1 118 18
2 -1 9 3
0 4 24 12
0 3 24 12
0 2 286 44
0 1 286 44
0 0 332 44
0 -1 332 44
0 -2 70 12
1 -2 1 1
0 -3 70 12
1 -3 1 1
-1 4 5 5
-1 3 5 5
-1 2 124 30
-1 1 124 30
-1 0 320 50
-1 -1 320 50
-1 -2 200 30
-1 -3 200 30
-2 4 1 1
-2 3 1 1
-2 2 26 10
-2 1 26 10
-2 0 117 25
-2 -1 117 25
-2 -2 133 25
-2 -3 133 25
-2 -4 42 10
-1 -4 19 5
-2 -5 42 10
-1 -5 19 5
-3 2 1 1
-3 1 1 1
-3 0 14 4
-3 -1 14 4
-3 -2 26 6
-3 -3 26 6
-3 -4 14 4
-3 -5 14 4
-3 -6 1 1
-2 -6 1 1
-3 -7 1 1
-2 -7 1 1
