8 22 6 4
9 22 1 1
8 21 6 4
9 21 1 1
8 20 157 31
9 20 15 5
8 19 157 31
9 19 15 5
8 18 608 88
9 18 40 10
8 17 608 88
9 17 40 10
8 16 894 122
9 16 40 10
8 15 894 122
9 15 40 10
8 14 570 88
9 14 15 5
8 13 570 88
9 13 15 5
8 12 141 31
9 12 1 1
8 11 141 31
9 11 1 1
7 22 9 5
7 21 9 5
7 20 388 66
7 19 388 66
7 18 2439 279
7 17 2439 279
7 16 5360 542
7 15 5360 542
7 14 5130 542
7 13 5130 542
7 12 2159 279
7 11 2159 279
7 10 342 66
8 10 8 4
7 9 342 66
8 9 8 4
6 22 4 2
6 21 4 2
6 20 319 57
6 19 319 57
6 18 3781 399
6 17 3781 399
6 16 13166 1140
6 15 13166 1140
6 14 18640 1592
6 13 18640 1592
6 12 11636 1140
6 11 11636 1140
6 10 2983 399
6 9 2983 399
6 8 241 57
7 8 13 5
6 7 241 57
7 7 13 5
5 20 86 18
5 19 86 18
5 18 2346 264
5 17 2346 264
5 16 15126 1228
5 15 15126 1228
5 14 33442 2504
5 13 33442 2504
5 12 30838 2504
5 11 30838 2504
5 10 11714 1228
5 9 11714 1228
5 8 1496 264
5 7 1496 264
5 6 44 18
6 6 4 2
5 5 44 18
6 5 4 2
4 20 1 1
4 19 1 1
4 18 523 73
4 17 523 73
4 16 7856 674
4 15 7856 674
4 14 31269 2195
4 13 31269 2195
4 12 44562 3186
4 11 44562 3186
4 10 25545 2195
4 9 25545 2195
4 8 4994 674
4 7 4994 674
4 6 229 73
4 5 229 73
3 18 18 6
3 17 18 6
3 16 1584 172
3 15 1584 172
3 14 14437 1053
3 13 14437 1053
3 12 35590 2390
3 11 35590 2390
3 10 31966 2390
3 9 31966 2390
3 8 9961 1053
3 7 9961 1053
3 6 720 172
3 5 720 172
3 4 6 6
4 4 1 1
3 3 6 6
4 3 1 1
2 16 73 15
2 15 73 15
2 14 2753 249
2 13 2753 249
2 12 14859 1017
2 11 14859 1017
2 10 22164 1566
2 9 22164 1566
2 8 11689 1017
2 7 11689 1017
2 6 1403 249
2 5 1403 249
2 4 15 15
2 3 15 15
1 14 137 21
1 13 137 21
1 12 2712 220
1 11 2712 220
1 10 8010 584
1 9 8010 584
1 8 7168 584
1 7 7168 584
1 6 1762 220
1 5 1762 220
1 4 29 21
1 3 29 21
0 12 147 19
0 11 147 19
0 10 1286 112
0 9 1286 112
0 8 2034 186
0 7 2034 186
0 6 998 112
0 5 998 112
0 4 51 19
0 3 51 19
-1 10 64 8
-1 9 64 8
-1 8 209 27
-1 7 209 27
-1 6 171 27
-1 5 171 27
-1 4 26 8
-1 3 26 8
-2 8 1 1
-2 7 1 1
-2 6 4 2
-2 5 4 2
-2 4 1 1
-2 3 1 1
