5 9 12 8
6 9 1 1
5 8 12 8
6 8 1 1
5 7 151 27
6 7 4 2
5 6 151 27
6 6 4 2
5 5 173 27
6 5 1 1
5 4 173 27
6 4 1 1
4 9 50 26
4 8 50 26
4 7 911 133
4 6 911 133
4 5 1924 214
4 4 1924 214
4 3 1277 133
5 3 34 8
4 2 1277 133
5 2 34 8
3 9 100 44
3 8 100 44
3 7 2231 323
3 6 2231 323
3 5 7885 767
3 4 7885 767
3 3 8855 767
3 2 8855 767
3 1 3369 323
4 1 152 26
3 0 3369 323
4 0 152 26
2 9 105 41
2 8 105 41
2 7 2795 431
2 6 2795 431
2 5 15195 1459
2 4 15195 1459
2 3 26496 2138
2 2 26496 2138
2 1 18223 1459
2 0 18223 1459
2 -1 4265 431
3 -1 268 44
2 -2 4265 431
3 -2 268 44
1 9 56 20
1 8 56 20
1 7 1942 326
1 6 1942 326
1 5 15346 1578
1 4 15346 1578
1 3 40548 3272
1 2 40548 3272
1 1 43350 3272
1 0 43350 3272
1 -1 19022 1578
1 -2 19022 1578
1 -3 2848 326
2 -3 225 41
1 -4 2848 326
2 -4 225 41
0 9 12 4
0 8 12 4
0 7 719 135
0 6 719 135
0 5 8488 986
0 4 8488 986
0 3 33546 2892
0 2 33546 2892
0 1 53344 4074
0 0 53344 4074
0 -1 37228 2892
0 -2 37228 2892
0 -3 10524 986
0 -4 10524 986
0 -5 961 135
1 -5 88 20
0 -6 961 135
1 -6 88 20
-1 7 113 27
-1 6 113 27
-1 5 2481 347
-1 4 2481 347
-1 3 14964 1490
-1 2 14964 1490
-1 1 35404 2936
-1 0 35404 2936
-1 -1 36892 2936
-1 -2 36892 2936
-1 -3 16920 1490
-1 -4 16920 1490
-1 -5 2969 347
-1 -6 2969 347
-1 -7 133 27
0 -7 12 4
-1 -8 133 27
0 -8 12 4
-2 7 4 2
-2 6 4 2
-2 5 316 64
-2 4 316 64
-2 3 3413 437
-2 2 3413 437
-2 1 12352 1226
-2 0 12352 1226
-2 -1 19062 1702
-2 -2 19062 1702
-2 -3 13284 1226
-2 -4 13284 1226
-2 -5 3873 437
-2 -6 3873 437
-2 -7 360 64
-2 -8 360 64
-3 5 9 5
-3 4 9 5
-3 3 325 67
-3 2 325 67
-3 1 2067 283
-3 0 2067 283
-3 -1 4875 549
-3 -2 4875 549
-3 -3 5059 549
-3 -4 5059 549
-3 -5 2295 283
-3 -6 2295 283
-3 -7 369 67
-3 -8 369 67
-3 -9 9 5
-2 -9 4 2
-3 -10 9 5
-2 -10 4 2
-4 3 6 4
-4 2 6 4
-4 1 125 31
-4 0 125 31
-4 -1 522 88
-4 -2 522 88
-4 -3 826 122
-4 -4 826 122
-4 -5 562 88
-4 -6 562 88
-4 -7 145 31
-4 -8 145 31
-4 -9 6 4
-4 -10 6 4
-5 1 1 1
-5 0 1 1
-5 -1 15 5
-5 -2 15 5
-5 -3 40 10
-5 -4 40 10
-5 -5 40 10
-5 -6 40 10
-5 -7 15 5
-5 -8 15 5
-5 -9 1 1
-5 -10 1 1
