1 1 2 2
2 1 1 1
1 0 2 2
2 0 1 1
1 -1 99 17
2 -1 14 4
1 -2 99 17
2 -2 14 4
1 -3 293 41
2 -3 26 6
1 -4 293 41
2 -4 26 6
1 -5 261 41
2 -5 14 4
1 -6 261 41
2 -6 14 4
1 -7 67 17
2 -7 1 1
1 -8 67 17
2 -8 1 1
0 1 1 1
0 0 1 1
0 -1 126 22
0 -2 126 22
0 -3 928 98
0 -4 928 98
0 -5 1480 154
0 -6 1480 154
0 -7 714 98
0 -8 714 98
0 -9 76 22
1 -9 2 2
0 -10 76 22
1 -10 2 2
-1 -1 33 9
-1 -2 33 9
-1 -3 963 101
-1 -4 963 101
-1 -5 3209 277
-1 -6 3209 277
-1 -7 2991 277
-1 -8 2991 277
-1 -9 727 101
-1 -10 727 101
-1 -11 15 9
0 -11 1 1
-1 -12 15 9
0 -12 1 1
-2 -1 1 1
-2 -2 1 1
-2 -3 282 48
-2 -4 282 48
-2 -5 3022 266
-2 -6 3022 266
-2 -7 5426 438
-2 -8 5426 438
-2 -9 3056 266
-2 -10 3056 266
-2 -11 274 48
-2 -12 274 48
-3 -3 27 11
-3 -4 27 11
-3 -5 1052 144
-3 -6 1052 144
-3 -7 4637 403
-3 -8 4637 403
-3 -9 5113 403
-3 -10 5113 403
-3 -11 1542 144
-3 -12 1542 144
-3 -13 41 11
-2 -13 1 1
-3 -14 41 11
-2 -14 1 1
-4 -3 1 1
-4 -4 1 1
-4 -5 172 48
-4 -6 172 48
-4 -7 1770 224
-4 -8 1770 224
-4 -9 3834 354
-4 -10 3834 354
-4 -11 2566 224
-4 -12 2566 224
-4 -13 414 48
-4 -14 414 48
-5 -5 16 10
-5 -6 16 10
-5 -7 360 76
-5 -8 360 76
-5 -9 1358 178
-5 -10 1358 178
-5 -11 1628 178
-5 -12 1628 178
-5 -13 666 76
-5 -14 666 76
-5 -15 52 10
-4 -15 1 1
-5 -16 52 10
-4 -16 1 1
-6 -5 1 1
-6 -6 1 1
-6 -7 38 14
-6 -8 38 14
-6 -9 243 47
-6 -10 243 47
-6 -11 446 68
-6 -12 446 68
-6 -13 311 47
-6 -14 311 47
-6 -15 72 14
-6 -16 72 14
-7 -7 1 1
-7 -8 1 1
-7 -9 17 5
-7 -10 17 5
-7 -11 46 10
-7 -12 46 10
-7 -13 46 10
-7 -14 46 10
-7 -15 17 5
-7 -16 17 5
-7 -17 1 1
-6 -17 1 1
-7 -18 1 1
-6 -18 1 1
