5 11 17 7
6 11 1 1
5 10 17 7
6 10 1 1
5 9 131 23
6 9 4 2
5 8 131 23
6 8 4 2
5 7 163 23
6 7 1 1
5 6 163 23
6 6 1 1
4 11 42 16
4 10 42 16
4 9 606 84
4 8 606 84
4 7 1200 136
4 6 1200 136
4 5 786 84
5 5 49 7
4 4 786 84
5 4 49 7
3 11 38 16
3 10 38 16
3 9 908 134
3 8 908 134
3 7 3282 336
3 6 3282 336
3 5 3534 336
3 4 3534 336
3 3 1212 134
4 3 118 16
3 2 1212 134
4 2 118 16
2 11 13 7
2 10 13 7
2 9 597 103
2 8 597 103
2 7 3869 407
2 6 3869 407
2 5 6724 622
2 4 6724 622
2 3 4283 407
2 2 4283 407
2 1 759 103
3 1 90 16
2 0 759 103
3 0 90 16
1 11 1 1
1 10 1 1
1 9 171 37
1 8 171 37
1 7 2113 251
1 6 2113 251
1 5 6208 590
1 4 6208 590
1 3 6320 590
1 2 6320 590
1 1 2237 251
1 0 2237 251
1 -1 183 37
2 -1 23 7
1 -2 183 37
2 -2 23 7
0 9 15 5
0 8 15 5
0 7 504 74
0 6 504 74
0 5 2762 286
0 4 2762 286
0 3 4486 434
0 2 4486 434
0 1 2676 286
0 0 2676 286
0 -1 446 74
0 -2 446 74
0 -3 9 5
1 -3 1 1
0 -4 9 5
1 -4 1 1
-1 7 36 8
-1 6 36 8
-1 5 508 64
-1 4 508 64
-1 3 1462 156
-1 2 1462 156
-1 1 1396 156
-1 0 1396 156
-1 -1 422 64
-1 -2 422 64
-1 -3 16 8
-1 -4 16 8
-2 5 25 5
-2 4 25 5
-2 3 160 24
-2 2 160 24
-2 1 270 38
-2 0 270 38
-2 -1 136 24
-2 -2 136 24
-2 -3 9 5
-2 -4 9 5
-3 3 1 1
-3 2 1 1
-3 1 7 3
-3 0 7 3
-3 -1 7 3
-3 -2 7 3
-3 -3 1 1
-3 -4 1 1
