2 6 7 3
3 6 1 1
2 5 7 3
3 5 1 1
2 4 80 16
3 4 9 3
2 3 80 16
3 3 9 3
2 2 146 26
3 2 9 3
2 1 146 26
3 1 9 3
2 0 74 16
3 0 1 1
2 -1 74 16
3 -1 1 1
1 6 1 1
1 5 1 1
1 4 112 20
1 3 112 20
1 2 442 60
1 1 442 60
1 0 416 60
1 -1 416 60
1 -2 86 20
2 -2 9 3
1 -3 86 20
2 -3 9 3
0 4 26 8
0 3 26 8
0 2 485 59
0 1 485 59
0 0 810 102
0 -1 810 102
0 -2 405 59
0 -3 405 59
0 -4 20 8
1 -4 1 1
0 -5 20 8
1 -5 1 1
-1 4 1 1
-1 3 1 1
-1 2 141 25
-1 1 141 25
-1 0 732 84
-1 -1 732 84
-1 -2 706 84
-1 -3 706 84
-1 -4 115 25
-1 -5 115 25
-2 2 10 4
-2 1 10 4
-2 0 199 33
-2 -1 199 33
-2 -2 490 58
-2 -3 490 58
-2 -4 271 33
-2 -5 271 33
-2 -6 4 4
-1 -6 1 1
-2 -7 4 4
-1 -7 1 1
-3 0 15 7
-3 -1 15 7
-3 -2 107 21
-3 -3 107 21
-3 -4 137 21
-3 -5 137 21
-3 -6 45 7
-3 -7 45 7
-4 0 1 1
-4 -1 1 1
-4 -2 12 4
-4 -3 12 4
-4 -4 22 6
-4 -5 22 6
-4 -6 12 4
-4 -7 12 4
