3 5 26 8
4 5 1 1
3 4 26 8
4 4 1 1
3 3 70 16
4 3 1 1
3 2 70 16
4 2 1 1
2 5 67 19
2 4 67 19
2 3 470 66
2 2 470 66
2 1 544 66
3 1 64 8
2 0 544 66
3 0 64 8
1 5 53 17
1 4 53 17
1 3 863 107
1 2 863 107
1 1 1658 180
1 0 1658 180
1 -1 1021 107
2 -1 141 19
1 -2 1021 107
2 -2 141 19
0 5 13 5
0 4 13 5
0 3 533 75
0 2 533 75
0 1 2041 215
0 0 2041 215
0 -1 2111 215
0 -2 2111 215
0 -3 603 75
1 -3 87 17
0 -4 603 75
1 -4 87 17
-1 3 89 21
-1 2 89 21
-1 1 977 119
-1 0 977 119
-1 -1 1752 196
-1 -2 1752 196
-1 -3 1013 119
-1 -4 1013 119
-1 -5 107 21
0 -5 13 5
-1 -6 107 21
0 -6 13 5
-2 3 4 2
-2 2 4 2
-2 1 132 30
-2 0 132 30
-2 -1 596 86
-2 -2 596 86
-2 -3 632 86
-2 -4 632 86
-2 -5 168 30
-2 -6 168 30
-3 1 5 3
-3 0 5 3
-3 -1 65 17
-3 -2 65 17
-3 -3 142 28
-3 -4 142 28
-3 -5 77 17
-3 -6 77 17
-3 -7 5 3
-2 -7 4 2
-3 -8 5 3
-2 -8 4 2
-4 -1 1 1
-4 -2 1 1
-4 -3 7 3
-4 -4 7 3
-4 -5 7 3
-4 -6 7 3
-4 -7 1 1
-4 -8 1 1
