5 11 19 7
6 11 1 1
5 10 19 7
6 10 1 1
5 9 127 23
6 9 4 2
5 8 127 23
6 8 4 2
5 7 157 23
6 7 1 1
5 6 157 23
6 6 1 1
4 11 55 15
4 10 55 15
4 9 615 81
4 8 615 81
4 7 1166 132
4 6 1166 132
4 5 723 81
5 5 49 7
4 4 723 81
5 4 49 7
3 11 34 10
3 10 34 10
3 9 948 110
3 8 948 110
3 7 3086 294
3 6 3086 294
3 5 3070 294
3 4 3070 294
3 3 938 110
4 3 95 15
3 2 938 110
4 2 95 15
2 11 1 1
2 10 1 1
2 9 440 58
2 8 440 58
2 7 3410 296
2 6 3410 296
2 5 5598 478
2 4 5598 478
2 3 3090 296
2 2 3090 296
2 1 330 58
3 1 40 10
2 0 330 58
3 0 40 10
1 9 26 10
1 8 26 10
1 7 1440 140
1 6 1440 140
1 5 4834 396
1 4 4834 396
1 3 4570 396
1 2 4570 396
1 1 1178 140
1 0 1178 140
1 -1 28 10
2 -1 1 1
1 -2 28 10
2 -2 1 1
0 9 1 1
0 8 1 1
0 7 149 31
0 6 149 31
0 5 1875 173
0 4 1875 173
0 3 3184 286
0 2 3184 286
0 1 1733 173
0 0 1733 173
0 -1 153 31
0 -2 153 31
-1 7 5 3
-1 6 5 3
-1 5 223 37
-1 4 223 37
-1 3 981 107
-1 2 981 107
-1 1 993 107
-1 0 993 107
-1 -1 233 37
-1 -2 233 37
-1 -3 3 3
0 -3 1 1
-1 -4 3 3
0 -4 1 1
-2 5 5 3
-2 4 5 3
-2 3 90 18
-2 2 90 18
-2 1 202 30
-2 0 202 30
-2 -1 108 18
-2 -2 108 18
-2 -3 3 3
-2 -4 3 3
-3 3 1 1
-3 2 1 1
-3 1 9 3
-3 0 9 3
-3 -1 9 3
-3 -2 9 3
-3 -3 1 1
-3 -4 1 1
