4 12 1 1
5 12 1 1
4 11 1 1
5 11 1 1
4 10 44 8
5 10 4 2
4 9 44 8
5 9 4 2
4 8 44 8
5 8 1 1
4 7 44 8
5 7 1 1
3 10 51 15
3 9 51 15
3 8 176 30
3 7 176 30
3 6 127 15
4 6 1 1
3 5 127 15
4 5 1 1
2 10 28 16
2 9 28 16
2 8 288 52
2 7 288 52
2 6 368 52
2 5 368 52
1 10 17 9
1 9 17 9
1 8 184 42
1 7 184 42
1 6 392 66
1 5 392 66
1 4 252 42
2 4 108 16
1 3 252 42
2 3 108 16
0 10 4 2
0 9 4 2
0 8 48 14
0 7 48 14
0 6 156 32
0 5 156 32
0 4 164 32
0 3 164 32
0 2 56 14
1 2 39 9
0 1 56 14
1 1 39 9
-1 8 1 1
-1 7 1 1
-1 6 12 4
-1 5 12 4
-1 4 22 6
-1 3 22 6
-1 2 12 4
-1 1 12 4
-1 0 1 1
0 0 4 2
-1 -1 1 1
0 -1 4 2
