2 4 9 5
3 4 1 1
2 3 9 5
3 3 1 1
2 2 140 24
3 2 7 3
2 1 140 24
3 1 7 3
2 0 278 38
3 0 7 3
2 -1 278 38
3 -1 7 3
2 -2 164 24
3 -2 1 1
2 -3 164 24
3 -3 1 1
1 4 16 8
1 3 16 8
1 2 436 64
1 1 436 64
1 0 1418 156
1 -1 1418 156
1 -2 1480 156
1 -3 1480 156
1 -4 522 64
2 -4 25 5
1 -5 522 64
2 -5 25 5
0 4 9 5
0 3 9 5
0 2 428 72
0 1 428 72
0 0 2654 280
0 -1 2654 280
0 -2 4424 426
0 -3 4424 426
0 -4 2694 280
0 -5 2694 280
0 -6 484 72
1 -6 40 8
0 -7 484 72
1 -7 40 8
-1 4 1 1
-1 3 1 1
-1 2 153 33
-1 1 153 33
-1 0 2078 232
-1 -1 2078 232
-1 -2 5986 556
-1 -3 5986 556
-1 -4 5788 556
-1 -5 5788 556
-1 -6 1862 232
-1 -7 1862 232
-1 -8 135 33
0 -8 17 5
-1 -9 135 33
0 -9 17 5
-2 2 15 5
-2 1 15 5
-2 0 606 84
-2 -1 606 84
-2 -2 3864 358
-2 -3 3864 358
-2 -4 6026 558
-2 -5 6026 558
-2 -6 3318 358
-2 -7 3318 358
-2 -8 408 84
-2 -9 408 84
-2 -10 5 5
-1 -10 1 1
-2 -11 5 5
-1 -11 1 1
-3 0 48 10
-3 -1 48 10
-3 -2 992 106
-3 -3 992 106
-3 -4 3114 286
-3 -5 3114 286
-3 -6 2824 286
-3 -7 2824 286
-3 -8 664 106
-3 -9 664 106
-3 -10 10 10
-3 -11 10 10
-4 -2 67 11
-4 -3 67 11
-4 -4 673 69
-4 -5 673 69
-4 -6 1058 116
-4 -7 1058 116
-4 -8 517 69
-4 -9 517 69
-4 -10 19 11
-4 -11 19 11
-5 -4 36 6
-5 -5 36 6
-5 -6 145 21
-5 -7 145 21
-5 -8 123 21
-5 -9 123 21
-5 -10 14 6
-5 -11 14 6
-6 -6 1 1
-6 -7 1 1
-6 -8 4 2
-6 -9 4 2
-6 -10 1 1
-6 -11 1 1
