4 10 3 3
5 10 1 1
4 9 3 3
5 9 1 1
4 8 136 26
5 8 15 5
4 7 136 26
5 7 15 5
4 6 531 77
5 6 40 10
4 5 531 77
5 5 40 10
4 4 754 108
5 4 40 10
4 3 754 108
5 3 40 10
4 2 447 77
5 2 15 5
4 1 447 77
5 1 15 5
4 0 94 26
5 0 1 1
4 -1 94 26
5 -1 1 1
3 10 3 3
3 9 3 3
3 8 282 48
3 7 282 48
3 6 2055 223
3 5 2055 223
3 4 4586 450
3 3 4586 450
3 2 4190 450
3 1 4190 450
3 0 1561 223
3 -1 1561 223
3 -2 184 48
4 -2 3 3
3 -3 184 48
4 -3 3 3
2 10 1 1
2 9 1 1
2 8 217 39
2 7 217 39
2 6 3103 311
2 5 3103 311
2 4 11717 945
2 3 11717 945
2 2 16818 1344
2 1 16818 1344
2 0 10043 945
2 -1 10043 945
2 -2 2257 311
2 -3 2257 311
2 -4 131 39
3 -4 3 3
2 -5 131 39
3 -5 3 3
1 8 57 13
1 7 57 13
1 6 2034 218
1 5 2034 218
1 4 14082 1078
1 3 14082 1078
1 2 32469 2255
1 1 32469 2255
1 0 30495 2255
1 -1 30495 2255
1 -2 11474 1078
1 -3 11474 1078
1 -4 1370 218
1 -5 1370 218
1 -6 27 13
2 -6 1 1
1 -7 27 13
2 -7 1 1
0 8 1 1
0 7 1 1
0 6 516 70
0 5 516 70
0 4 8077 659
0 3 8077 659
0 2 32292 2162
0 1 32292 2162
0 0 47250 3144
0 -1 47250 3144
0 -2 28402 2162
0 -3 28402 2162
0 -4 5967 659
0 -5 5967 659
0 -6 286 70
0 -7 286 70
-1 6 21 7
-1 5 21 7
-1 4 1911 193
-1 3 1911 193
-1 2 16170 1138
-1 1 16170 1138
-1 0 39234 2538
-1 -1 39234 2538
-1 -2 36474 2538
-1 -3 36474 2538
-1 -4 12644 1138
-1 -5 12644 1138
-1 -6 1135 193
-1 -7 1135 193
-1 -8 11 7
0 -8 1 1
-1 -9 11 7
0 -9 1 1
-2 4 87 19
-2 3 87 19
-2 2 3440 292
-2 1 3440 292
-2 0 16730 1130
-2 -1 16730 1130
-2 -2 24724 1714
-2 -3 24724 1714
-2 -4 13726 1130
-2 -5 13726 1130
-2 -6 2104 292
-2 -7 2104 292
-2 -8 35 19
-2 -9 35 19
-3 2 142 26
-3 1 142 26
-3 0 3058 246
-3 -1 3058 246
-3 -2 8455 631
-3 -3 8455 631
-3 -4 7445 631
-3 -5 7445 631
-3 -6 1956 246
-3 -7 1956 246
-3 -8 50 26
-3 -9 50 26
-4 0 103 19
-4 -1 103 19
-4 -2 1224 112
-4 -3 1224 112
-4 -4 1872 186
-4 -5 1872 186
-4 -6 866 112
-4 -7 866 112
-4 -8 35 19
-4 -9 35 19
-5 -2 29 7
-5 -3 29 7
-5 -4 171 25
-5 -5 171 25
-5 -6 153 25
-5 -7 153 25
-5 -8 11 7
-5 -9 11 7
-6 -4 1 1
-6 -5 1 1
-6 -6 4 2
-6 -7 4 2
-6 -8 1 1
-6 -9 1 1
