5 11 8 4
6 11 1 1
5 10 8 4
6 10 1 1
5 9 163 27
6 9 12 4
5 8 163 27
6 8 12 4
5 7 451 61
6 7 22 6
5 6 451 61
6 6 22 6
5 5 421 61
6 5 12 4
5 4 421 61
6 4 12 4
5 3 133 27
6 3 1 1
5 2 133 27
6 2 1 1
4 11 12 4
4 10 12 4
4 9 442 58
4 8 442 58
4 7 2201 213
4 6 2201 213
4 5 3416 318
4 4 3416 318
4 3 1965 213
4 2 1965 213
4 1 366 58
5 1 8 4
4 0 366 58
5 0 8 4
3 9 320 44
3 8 320 44
3 7 3885 327
3 6 3885 327
3 5 10395 775
3 4 10395 775
3 3 9893 775
3 2 9893 775
3 1 3301 327
3 0 3301 327
3 -1 238 44
4 -1 12 4
3 -2 238 44
4 -2 12 4
2 9 19 9
2 8 19 9
2 7 2611 237
2 6 2611 237
2 5 14755 1005
2 4 14755 1005
2 3 23464 1554
2 2 23464 1554
2 1 13499 1005
2 0 13499 1005
2 -1 2165 237
2 -2 2165 237
1 9 1 1
1 8 1 1
1 7 415 85
1 6 415 85
1 5 9621 739
1 4 9621 739
1 3 29004 1854
1 2 29004 1854
1 1 28440 1854
1 0 28440 1854
1 -1 9249 739
1 -2 9249 739
1 -3 607 85
2 -3 35 9
1 -4 607 85
2 -4 35 9
0 7 39 19
0 6 39 19
0 5 2336 324
0 4 2336 324
0 3 18252 1358
0 2 18252 1358
0 1 31994 2106
0 0 31994 2106
0 -1 19454 1358
0 -2 19454 1358
0 -3 3264 324
0 -4 3264 324
0 -5 79 19
1 -5 1 1
0 -6 79 19
1 -6 1 1
-1 7 2 2
-1 6 2 2
-1 5 339 89
-1 4 339 89
-1 3 5338 618
-1 2 5338 618
-1 1 18915 1475
-1 0 18915 1475
-1 -1 20645 1475
-1 -2 20645 1475
-1 -3 7338 618
-1 -4 7338 618
-1 -5 609 89
-1 -6 609 89
-2 5 26 14
-2 4 26 14
-2 3 912 174
-2 2 912 174
-2 1 5735 631
-2 0 5735 631
-2 -1 10972 942
-2 -2 10972 942
-2 -3 7439 631
-2 -4 7439 631
-2 -5 1488 174
-2 -6 1488 174
-2 -7 50 14
-1 -7 2 2
-2 -8 50 14
-1 -8 2 2
-3 5 1 1
-3 4 1 1
-3 3 80 28
-3 2 80 28
-3 1 951 159
-3 0 951 159
-3 -1 2968 344
-3 -2 2968 344
-3 -3 3346 344
-3 -4 3346 344
-3 -5 1387 159
-3 -6 1387 159
-3 -7 138 28
-3 -8 138 28
-4 3 2 2
-4 2 2 2
-4 1 71 21
-4 0 71 21
-4 -1 384 66
-4 -2 384 66
-4 -3 666 94
-4 -4 666 94
-4 -5 456 66
-4 -6 456 66
-4 -7 107 21
-4 -8 107 21
-4 -9 2 2
-3 -9 1 1
-4 -10 2 2
-3 -10 1 1
-5 1 1 1
-5 0 1 1
-5 -1 17 5
-5 -2 17 5
-5 -3 46 10
-5 -4 46 10
-5 -5 46 10
-5 -6 46 10
-5 -7 17 5
-5 -8 17 5
-5 -9 1 1
-5 -10 1 1
