3 5 21 7
4 5 1 1
3 4 21 7
4 4 1 1
3 3 125 23
4 3 4 2
3 2 125 23
4 2 4 2
3 1 153 23
4 1 1 1
3 0 153 23
4 0 1 1
2 5 32 14
2 4 32 14
2 3 588 78
2 2 588 78
2 1 1166 128
2 0 1166 128
2 -1 714 78
3 -1 49 7
2 -2 714 78
3 -2 49 7
1 5 25 13
1 4 25 13
1 3 821 121
1 2 821 121
1 1 3081 313
1 0 3081 313
1 -1 3301 313
1 -2 3301 313
1 -3 1077 121
2 -3 84 14
1 -4 1077 121
2 -4 84 14
0 5 10 6
0 4 10 6
0 3 514 94
0 2 514 94
0 1 3630 384
0 0 3630 384
0 -1 6342 592
0 -2 6342 592
0 -3 3976 384
0 -4 3976 384
0 -5 654 94
1 -5 61 13
0 -6 654 94
1 -6 61 13
-1 5 1 1
-1 4 1 1
-1 3 153 35
-1 2 153 35
-1 1 1958 240
-1 0 1958 240
-1 -1 5968 570
-1 -2 5968 570
-1 -3 6052 570
-1 -4 6052 570
-1 -5 2048 240
-1 -6 2048 240
-1 -7 159 35
0 -7 18 6
-1 -8 159 35
0 -8 18 6
-2 3 15 5
-2 2 15 5
-2 1 470 72
-2 0 470 72
-2 -1 2654 280
-2 -2 2654 280
-2 -3 4358 426
-2 -4 4358 426
-2 -5 2596 280
-2 -6 2596 280
-2 -7 408 72
-2 -8 408 72
-2 -9 9 5
-1 -9 1 1
-2 -10 9 5
-1 -10 1 1
-3 1 36 8
-3 0 36 8
-3 -1 498 64
-3 -2 498 64
-3 -3 1428 156
-3 -4 1428 156
-3 -5 1370 156
-3 -6 1370 156
-3 -7 420 64
-3 -8 420 64
-3 -9 16 8
-3 -10 16 8
-4 -1 25 5
-4 -2 25 5
-4 -3 164 24
-4 -4 164 24
-4 -5 278 38
-4 -6 278 38
-4 -7 140 24
-4 -8 140 24
-4 -9 9 5
-4 -10 9 5
-5 -3 1 1
-5 -4 1 1
-5 -5 7 3
-5 -6 7 3
-5 -7 7 3
-5 -8 7 3
-5 -9 1 1
-5 -10 1 1
