4 8 7 5
5 8 1 1
4 7 7 5
5 7 1 1
4 6 194 32
5 6 12 4
4 5 194 32
5 5 12 4
4 4 555 71
5 4 22 6
4 3 555 71
5 3 22 6
4 2 537 71
5 2 12 4
4 1 537 71
5 1 12 4
4 0 182 32
5 0 1 1
4 -1 182 32
5 -1 1 1
3 8 15 9
3 7 15 9
3 6 668 94
3 5 668 94
3 4 3258 312
3 3 3258 312
3 2 5154 454
3 1 5154 454
3 0 3176 312
3 -1 3176 312
3 -2 690 94
4 -2 13 5
3 -3 690 94
4 -3 13 5
2 8 13 7
2 7 13 7
2 6 875 127
2 5 875 127
2 4 7630 658
2 3 7630 658
2 2 19142 1402
2 1 19142 1402
2 0 18862 1402
2 -1 18862 1402
2 -2 7354 658
2 -3 7354 658
2 -4 887 127
3 -4 29 9
2 -5 887 127
3 -5 29 9
1 8 4 2
1 7 4 2
1 6 463 79
1 5 463 79
1 4 7954 708
1 3 7954 708
1 2 34089 2309
1 1 34089 2309
1 0 51980 3356
1 -1 51980 3356
1 -2 32393 2309
1 -3 32393 2309
1 -4 7182 708
1 -5 7182 708
1 -6 403 79
2 -6 21 7
1 -7 403 79
2 -7 21 7
0 6 77 19
0 5 77 19
0 4 3532 376
0 3 3532 376
0 2 30195 2077
0 1 30195 2077
0 0 75081 4551
0 -1 75081 4551
0 -2 72171 4551
0 -3 72171 4551
0 -4 26505 2077
0 -5 26505 2077
0 -6 2726 376
0 -7 2726 376
0 -8 51 19
1 -8 4 2
0 -9 51 19
1 -9 4 2
-1 6 1 1
-1 5 1 1
-1 4 531 85
-1 3 531 85
-1 2 12394 982
-1 1 12394 982
-1 0 58365 3533
-1 -1 58365 3533
-1 -2 88172 5270
-1 -3 88172 5270
-1 -4 51747 3533
-1 -5 51747 3533
-1 -6 9352 982
-1 -7 9352 982
-1 -8 317 85
-1 -9 317 85
-2 4 18 6
-2 3 18 6
-2 2 1872 216
-2 1 1872 216
-2 0 22825 1513
-2 -1 22825 1513
-2 -2 60518 3596
-2 -3 60518 3596
-2 -4 56042 3596
-2 -5 56042 3596
-2 -6 17593 1513
-2 -7 17593 1513
-2 -8 1104 216
-2 -9 1104 216
-2 -10 6 6
-1 -10 1 1
-2 -11 6 6
-1 -11 1 1
-3 2 78 16
-3 1 78 16
-3 0 3577 319
-3 -1 3577 319
-3 -2 22148 1388
-3 -3 22148 1388
-3 -4 33738 2170
-3 -5 33738 2170
-3 -6 18128 1388
-3 -7 18128 1388
-3 -8 2153 319
-3 -9 2153 319
-3 -10 22 16
-3 -11 22 16
-4 0 156 24
-4 -1 156 24
-4 -2 3521 271
-4 -3 3521 271
-4 -4 10830 738
-4 -5 10830 738
-4 -6 9744 738
-4 -7 9744 738
-4 -8 2325 271
-4 -9 2325 271
-4 -10 46 24
-4 -11 46 24
-5 -2 158 20
-5 -3 158 20
-5 -4 1584 126
-5 -5 1584 126
-5 -6 2436 212
-5 -7 2436 212
-5 -8 1202 126
-5 -9 1202 126
-5 -10 52 20
-5 -11 52 20
-6 -4 64 8
-6 -5 64 8
-6 -6 240 28
-6 -7 240 28
-6 -8 200 28
-6 -9 200 28
-6 -10 24 8
-6 -11 24 8
-7 -6 1 1
-7 -7 1 1
-7 -8 4 2
-7 -9 4 2
-7 -10 1 1
-7 -11 1 1
