4 14 1 1
5 14 1 1
4 13 1 1
5 13 1 1
4 12 42 10
5 12 12 4
4 11 42 10
5 11 12 4
4 10 139 25
5 10 22 6
4 9 139 25
5 9 22 6
4 8 127 25
5 8 12 4
4 7 127 25
5 7 12 4
4 6 30 10
5 6 1 1
4 5 30 10
5 5 1 1
3 12 22 6
3 11 22 6
3 10 213 33
3 9 213 33
3 8 346 54
3 7 346 54
3 6 147 33
3 5 147 33
3 4 10 6
4 4 1 1
3 3 10 6
4 3 1 1
2 10 83 13
2 9 83 13
2 8 336 46
2 7 336 46
2 6 278 46
2 5 278 46
2 4 25 13
2 3 25 13
1 8 113 15
1 7 113 15
1 6 178 30
1 5 178 30
1 4 75 15
1 3 75 15
0 8 4 2
0 7 4 2
0 6 50 10
0 5 50 10
0 4 50 10
0 3 50 10
-1 6 1 1
-1 5 1 1
-1 4 4 2
-1 3 4 2
-1 2 1 1
0 2 4 2
-1 1 1 1
0 1 4 2
