7 15 17 7
8 15 1 1
7 14 17 7
8 14 1 1
7 13 171 25
8 13 4 2
7 12 171 25
8 12 4 2
7 11 203 25
8 11 1 1
7 10 203 25
8 10 1 1
6 15 42 16
6 14 42 16
6 13 893 103
6 12 893 103
6 11 1848 174
6 10 1848 174
6 9 1213 103
7 9 49 7
6 8 1213 103
7 8 49 7
5 15 38 16
5 14 38 16
5 13 1555 197
5 12 1555 197
5 11 6547 543
5 10 6547 543
5 9 7347 543
5 8 7347 543
5 7 2407 197
6 7 118 16
5 6 2407 197
6 6 118 16
4 15 13 7
4 14 13 7
4 13 1274 200
4 12 1274 200
4 11 10594 902
4 10 10594 902
4 9 20022 1418
4 8 20022 1418
4 7 13164 902
4 6 13164 902
4 5 2148 200
5 5 90 16
4 4 2148 200
5 4 90 16
3 15 1 1
3 14 1 1
3 13 544 112
3 12 544 112
3 11 8913 855
3 10 8913 855
3 9 28375 2059
3 8 28375 2059
3 7 30795 2059
3 6 30795 2059
3 5 11721 855
3 4 11721 855
3 3 932 112
4 3 23 7
3 2 932 112
4 2 23 7
2 13 121 33
2 12 121 33
2 11 4058 464
2 10 4058 464
2 9 21968 1722
2 8 21968 1722
2 7 37296 2582
2 6 37296 2582
2 5 24564 1722
2 4 24564 1722
2 3 5248 464
2 2 5248 464
2 1 183 33
3 1 1 1
2 0 183 33
3 0 1 1
1 13 12 4
1 12 12 4
1 11 948 134
1 10 948 134
1 9 9172 810
1 8 9172 810
1 7 24454 1812
1 6 24454 1812
1 5 24918 1812
1 4 24918 1812
1 3 9744 810
1 2 9744 810
1 1 1056 134
1 0 1056 134
0 11 88 16
0 10 88 16
0 9 1867 193
0 8 1867 193
0 7 8310 680
0 6 8310 680
0 5 12846 1006
0 4 12846 1006
0 3 7898 680
0 2 7898 680
0 1 1619 193
0 0 1619 193
0 -1 60 16
1 -1 12 4
0 -2 60 16
1 -2 12 4
-1 9 129 17
-1 8 129 17
-1 7 1235 119
-1 6 1235 119
-1 5 3112 276
-1 4 3112 276
-1 3 2892 276
-1 2 2892 276
-1 1 939 119
-1 0 939 119
-1 -1 53 17
-1 -2 53 17
-2 7 49 7
-2 6 49 7
-2 5 260 32
-2 4 260 32
-2 3 404 50
-2 2 404 50
-2 1 200 32
-2 0 200 32
-2 -1 15 7
-2 -2 15 7
-3 5 1 1
-3 4 1 1
-3 3 7 3
-3 2 7 3
-3 1 7 3
-3 0 7 3
-3 -1 1 1
-3 -2 1 1
