2 6 10 4
3 6 1 1
2 5 10 4
3 5 1 1
2 4 62 14
3 4 4 2
2 3 62 14
3 3 4 2
2 2 68 14
3 2 1 1
2 1 68 14
3 1 1 1
1 6 3 3
1 5 3 3
1 4 130 24
1 3 130 24
1 2 248 42
1 1 248 42
1 0 136 24
2 0 16 4
1 -1 136 24
2 -1 16 4
0 6 1 1
0 5 1 1
0 4 53 17
0 3 53 17
0 2 343 53
0 1 343 53
0 0 363 53
0 -1 363 53
0 -2 73 17
1 -2 7 3
0 -3 73 17
1 -3 7 3
-1 4 12 6
-1 3 12 6
-1 2 149 33
-1 1 149 33
-1 0 338 54
-1 -1 338 54
-1 -2 199 33
-1 -3 199 33
-1 -4 16 6
0 -4 1 1
-1 -5 16 6
0 -5 1 1
-2 4 1 1
-2 3 1 1
-2 2 28 10
-2 1 28 10
-2 0 121 25
-2 -1 121 25
-2 -2 133 25
-2 -3 133 25
-2 -4 40 10
-2 -5 40 10
-3 2 1 1
-3 1 1 1
-3 0 12 4
-3 -1 12 4
-3 -2 22 6
-3 -3 22 6
-3 -4 12 4
-3 -5 12 4
-3 -6 1 1
-2 -6 1 1
-3 -7 1 1
-2 -7 1 1
