0 2 1 1
1 2 1 1
0 1 1 1
1 1 1 1
0 0 32 8
1 0 9 3
0 -1 32 8
1 -1 9 3
0 -2 60 14
1 -2 9 3
0 -3 60 14
1 -3 9 3
0 -4 22 8
1 -4 1 1
0 -5 22 8
1 -5 1 1
-1 0 15 5
-1 -1 15 5
-1 -2 114 20
-1 -3 114 20
-1 -4 106 20
-1 -5 106 20
-1 -6 7 5
0 -6 1 1
-1 -7 7 5
0 -7 1 1
-2 0 1 1
-2 -1 1 1
-2 -2 63 13
-2 -3 63 13
-2 -4 124 24
-2 -5 124 24
-2 -6 69 13
-2 -7 69 13
-3 -2 9 3
-3 -3 9 3
-3 -4 47 11
-3 -5 47 11
-3 -6 45 11
-3 -7 45 11
-3 -8 7 3
-2 -8 1 1
-3 -9 7 3
-2 -9 1 1
-4 -4 1 1
-4 -5 1 1
-4 -6 4 2
-4 -7 4 2
-4 -8 1 1
-4 -9 1 1
