4 14 1 1
5 14 1 1
4 13 1 1
5 13 1 1
4 12 56 14
5 12 20 6
4 11 56 14
5 11 20 6
4 10 330 56
5 10 71 15
4 9 330 56
5 9 71 15
4 8 697 105
5 8 104 20
4 7 697 105
5 7 104 20
4 6 657 105
5 6 71 15
4 5 657 105
5 5 71 15
4 4 270 56
5 4 20 6
4 3 270 56
5 3 20 6
4 2 36 14
5 2 1 1
4 1 36 14
5 1 1 1
3 12 23 7
3 11 23 7
3 10 413 63
3 9 413 63
3 8 1487 189
3 7 1487 189
3 6 2034 266
3 5 2034 266
3 4 1151 189
3 3 1151 189
3 2 221 63
3 1 221 63
3 0 7 7
4 0 1 1
3 -1 7 7
4 -1 1 1
2 10 119 21
2 9 119 21
2 8 1234 140
2 7 1234 140
2 6 2901 315
2 5 2901 315
2 4 2405 315
2 3 2405 315
2 2 640 140
2 1 640 140
2 0 21 21
2 -1 21 21
1 8 285 37
1 7 285 37
1 6 1867 181
1 5 1867 181
1 4 2710 288
1 3 2710 288
1 2 1127 181
1 1 1127 181
1 0 65 37
1 -1 65 37
0 8 1 1
0 7 1 1
0 6 395 45
0 5 395 45
0 4 1461 145
0 3 1461 145
0 2 1217 145
0 1 1217 145
0 0 151 45
0 -1 151 45
-1 6 7 3
-1 5 7 3
-1 4 325 37
-1 3 325 37
-1 2 532 68
-1 1 532 68
-1 0 239 37
-1 -1 239 37
-1 -2 3 3
0 -2 1 1
-1 -3 3 3
0 -3 1 1
-2 4 16 4
-2 3 16 4
-2 2 96 16
-2 1 96 16
-2 0 90 16
-2 -1 90 16
-2 -2 10 4
-2 -3 10 4
-3 2 1 1
-3 1 1 1
-3 0 4 2
-3 -1 4 2
-3 -2 1 1
-3 -3 1 1
