6 16 8 4
7 16 1 1
6 15 8 4
7 15 1 1
6 14 173 31
7 14 15 5
6 13 173 31
7 13 15 5
6 12 664 88
7 12 40 10
6 11 664 88
7 11 40 10
6 10 994 122
7 10 40 10
6 9 994 122
7 9 40 10
6 8 664 88
7 8 15 5
6 7 664 88
7 7 15 5
6 6 185 31
7 6 1 1
6 5 185 31
7 5 1 1
5 16 12 4
5 15 12 4
5 14 409 61
5 13 409 61
5 12 2491 267
5 11 2491 267
5 10 5498 524
5 9 5498 524
5 8 5374 524
5 7 5374 524
5 6 2353 267
5 5 2353 267
5 4 395 61
6 4 16 4
5 3 395 61
6 3 16 4
4 14 271 41
4 13 271 41
4 12 3530 348
4 11 3530 348
4 10 12537 1045
4 9 12537 1045
4 8 17974 1476
4 7 17974 1476
4 6 11365 1045
4 5 11365 1045
4 4 2920 348
4 3 2920 348
4 2 207 41
5 2 12 4
4 1 207 41
5 1 12 4
3 14 15 7
3 13 15 7
3 12 1905 201
3 11 1905 201
3 10 13582 1066
3 9 13582 1066
3 8 30736 2254
3 7 30736 2254
3 6 28550 2254
3 5 28550 2254
3 4 10822 1066
3 3 10822 1066
3 2 1345 201
3 1 1345 201
2 14 1 1
2 13 1 1
2 12 216 48
2 11 216 48
2 10 6501 557
2 9 6501 557
2 8 27872 1944
2 7 27872 1944
2 6 40376 2868
2 5 40376 2868
2 4 23088 1944
2 3 23088 1944
2 2 4511 557
2 1 4511 557
2 0 222 48
3 0 29 7
2 -1 222 48
3 -1 29 7
1 12 14 6
1 11 14 6
1 10 905 139
1 9 905 139
1 8 12215 927
1 7 12215 927
1 6 31941 2171
1 5 31941 2171
1 4 28917 2171
1 3 28917 2171
1 2 9003 927
1 1 9003 927
1 0 709 139
1 -1 709 139
1 -2 6 6
2 -2 1 1
1 -3 6 6
2 -3 1 1
0 10 53 15
0 9 53 15
0 8 1849 225
0 7 1849 225
0 6 12935 945
0 5 12935 945
0 4 20300 1470
0 3 20300 1470
0 2 10753 945
0 1 10753 945
0 0 1363 225
0 -1 1363 225
0 -2 15 15
0 -3 15 15
-1 8 102 22
-1 7 102 22
-1 6 2092 214
-1 5 2092 214
-1 4 7203 571
-1 3 7203 571
-1 2 6833 571
-1 1 6833 571
-1 0 1652 214
-1 -1 1652 214
-1 -2 32 22
-1 -3 32 22
-2 6 111 19
-2 5 111 19
-2 4 1140 112
-2 3 1140 112
-2 2 1826 186
-2 1 1826 186
-2 0 976 112
-2 -1 976 112
-2 -2 47 19
-2 -3 47 19
-3 4 50 8
-3 3 50 8
-3 2 191 27
-3 1 191 27
-3 0 167 27
-3 -1 167 27
-3 -2 26 8
-3 -3 26 8
-4 2 1 1
-4 1 1 1
-4 0 4 2
-4 -1 4 2
-4 -2 1 1
-4 -3 1 1
