4 6 32 10
5 6 1 1
4 5 32 10
5 5 1 1
4 4 212 32
5 4 4 2
4 3 212 32
5 3 4 2
4 2 280 32
5 2 1 1
4 1 280 32
5 1 1 1
3 6 142 34
3 5 142 34
3 4 1564 168
3 3 1564 168
3 2 3076 268
3 1 3076 268
3 0 2076 168
4 0 100 10
3 -1 2076 168
4 -1 100 10
2 6 207 49
2 5 207 49
2 4 4086 390
2 3 4086 390
2 2 12993 951
2 1 12993 951
2 0 13815 951
2 -1 13815 951
2 -2 5114 390
3 -2 366 34
2 -3 5114 390
3 -3 366 34
1 6 93 29
1 5 93 29
1 4 4391 439
1 3 4391 439
1 2 25006 1696
1 1 25006 1696
1 0 42018 2572
1 -1 42018 2572
1 -2 26790 1696
1 -3 26790 1696
1 -4 5191 439
2 -4 413 49
1 -5 5191 439
2 -5 413 49
0 6 16 6
0 5 16 6
0 4 1882 248
0 3 1882 248
0 2 22986 1660
0 1 22986 1660
0 0 65246 3858
0 -1 65246 3858
0 -2 66942 3858
0 -3 66942 3858
0 -4 25068 1660
0 -5 25068 1660
0 -6 2268 248
1 -6 149 29
0 -7 2268 248
1 -7 149 29
-1 4 331 69
-1 3 331 69
-1 2 9986 924
-1 1 9986 924
-1 0 53512 3420
-1 -1 53512 3420
-1 -2 88796 5130
-1 -3 88796 5130
-1 -4 56868 3420
-1 -5 56868 3420
-1 -6 11700 924
-1 -7 11700 924
-1 -8 425 69
0 -8 16 6
-1 -9 425 69
0 -9 16 6
-2 4 24 8
-2 3 24 8
-2 2 2110 290
-2 1 2110 290
-2 0 22979 1817
-2 -1 22979 1817
-2 -2 64868 4128
-2 -3 64868 4128
-2 -4 67258 4128
-2 -5 67258 4128
-2 -6 25949 1817
-2 -7 25949 1817
-2 -8 2690 290
-2 -9 2690 290
-3 2 213 47
-3 1 213 47
-3 0 5128 564
-3 -1 5128 564
-3 -2 25929 1999
-3 -3 25929 1999
-3 -4 43202 2964
-3 -5 43202 2964
-3 -6 28161 1999
-3 -7 28161 1999
-3 -8 6110 564
-3 -9 6110 564
-3 -10 261 47
-2 -10 24 8
-3 -11 261 47
-2 -11 24 8
-4 2 7 3
-4 1 7 3
-4 0 553 95
-4 -1 553 95
-4 -2 5432 562
-4 -3 5432 562
-4 -4 14988 1246
-4 -5 14988 1246
-4 -6 15592 1246
-4 -7 15592 1246
-4 -8 6132 562
-4 -9 6132 562
-4 -10 649 95
-4 -11 649 95
-5 0 23 7
-5 -1 23 7
-5 -2 530 84
-5 -3 530 84
-5 -4 2566 290
-5 -5 2566 290
-5 -6 4298 426
-5 -7 4298 426
-5 -8 2768 290
-5 -9 2768 290
-5 -10 580 84
-5 -11 580 84
-5 -12 17 7
-4 -12 7 3
-5 -13 17 7
-4 -13 7 3
-6 -2 17 5
-6 -3 17 5
-6 -4 176 32
-6 -5 176 32
-6 -6 491 71
-6 -7 491 71
-6 -8 501 71
-6 -9 501 71
-6 -10 180 32
-6 -11 180 32
-6 -12 11 5
-6 -13 11 5
-7 -4 1 1
-7 -5 1 1
-7 -6 12 4
-7 -7 12 4
-7 -8 22 6
-7 -9 22 6
-7 -10 12 4
-7 -11 12 4
-7 -12 1 1
-7 -13 1 1
