0 -2 7 3
1 -2 1 1
0 -3 7 3
1 -3 1 1
0 -4 116 18
1 -4 7 3
0 -5 116 18
1 -5 7 3
0 -6 216 30
1 -6 7 3
0 -7 216 30
1 -7 7 3
0 -8 104 18
1 -8 1 1
0 -9 104 18
1 -9 1 1
-1 -2 1 1
-1 -3 1 1
-1 -4 248 32
-1 -5 248 32
-1 -6 953 99
-1 -7 953 99
-1 -8 947 99
-1 -9 947 99
-1 -10 242 32
0 -10 9 3
-1 -11 242 32
0 -11 9 3
-2 -4 89 25
-2 -5 89 25
-2 -6 1647 159
-2 -7 1647 159
-2 -8 3004 268
-2 -9 3004 268
-2 -10 1695 159
-2 -11 1695 159
-2 -12 143 25
-1 -12 1 1
-2 -13 143 25
-1 -13 1 1
-3 -4 14 8
-3 -5 14 8
-3 -6 1007 125
-3 -7 1007 125
-3 -8 4226 368
-3 -9 4226 368
-3 -10 4354 368
-3 -11 4354 368
-3 -12 1147 125
-3 -13 1147 125
-4 -4 1 1
-4 -5 1 1
-4 -6 234 46
-4 -7 234 46
-4 -8 2762 260
-4 -9 2762 260
-4 -10 4892 430
-4 -11 4892 430
-4 -12 2878 260
-4 -13 2878 260
-4 -14 262 46
-3 -14 26 8
-4 -15 262 46
-3 -15 26 8
-5 -6 23 7
-5 -7 23 7
-5 -8 712 92
-5 -9 712 92
-5 -10 2797 261
-5 -11 2797 261
-5 -12 2837 261
-5 -13 2837 261
-5 -14 744 92
-5 -15 744 92
-5 -16 15 7
-4 -16 1 1
-5 -17 15 7
-4 -17 1 1
-6 -8 73 15
-6 -9 73 15
-6 -10 645 81
-6 -11 645 81
-6 -12 1300 132
-6 -13 1300 132
-6 -14 753 81
-6 -15 753 81
-6 -16 67 15
-6 -17 67 15
-7 -8 1 1
-7 -9 1 1
-7 -10 53 13
-7 -11 53 13
-7 -12 228 34
-7 -13 228 34
-7 -14 262 34
-7 -15 262 34
-7 -16 87 13
-7 -17 87 13
-8 -10 1 1
-8 -11 1 1
-8 -12 12 4
-8 -13 12 4
-8 -14 22 6
-8 -15 22 6
-8 -16 12 4
-8 -17 12 4
-8 -18 1 1
-7 -18 1 1
-8 -19 1 1
-7 -19 1 1
