1 1 11 5
2 1 1 1
1 0 11 5
2 0 1 1
1 -1 83 17
2 -1 4 2
1 -2 83 17
2 -2 4 2
1 -3 97 17
2 -3 1 1
1 -4 97 17
2 -4 1 1
0 1 21 7
0 0 21 7
0 -1 264 42
0 -2 264 42
0 -3 494 70
0 -4 494 70
0 -5 292 42
1 -5 25 5
0 -6 292 42
1 -6 25 5
-1 1 4 2
-1 0 4 2
-1 -1 229 35
-1 -2 229 35
-1 -3 829 103
-1 -4 829 103
-1 -5 799 103
-1 -6 799 103
-1 -7 199 35
0 -7 29 7
-1 -8 199 35
0 -8 29 7
-2 -1 35 9
-2 -2 35 9
-2 -3 522 62
-2 -4 522 62
-2 -5 852 106
-2 -6 852 106
-2 -7 430 62
-2 -8 430 62
-2 -9 21 9
-1 -9 4 2
-2 -10 21 9
-1 -10 4 2
-3 -3 79 13
-3 -4 79 13
-3 -5 357 47
-3 -6 357 47
-3 -7 315 47
-3 -8 315 47
-3 -9 37 13
-3 -10 37 13
-4 -5 49 7
-4 -6 49 7
-4 -7 54 14
-4 -8 54 14
-4 -9 23 7
-4 -10 23 7
-5 -7 1 1
-5 -8 1 1
-5 -9 1 1
-5 -10 1 1
