5 13 3 3
6 13 1 1
5 12 3 3
6 12 1 1
5 11 107 21
6 11 12 4
5 10 107 21
6 10 12 4
5 9 314 48
6 9 22 6
5 8 314 48
6 8 22 6
5 7 296 48
6 7 12 4
5 6 296 48
6 6 12 4
5 5 91 21
6 5 1 1
5 4 91 21
6 4 1 1
4 13 3 3
4 12 3 3
4 11 202 38
4 10 202 38
4 9 1152 138
4 8 1152 138
4 7 1842 206
4 6 1842 206
4 5 1034 138
4 4 1034 138
4 3 176 38
5 3 5 3
4 2 176 38
5 2 5 3
3 13 1 1
3 12 1 1
3 11 130 28
3 10 130 28
3 9 1546 178
3 8 1546 178
3 7 4271 411
3 6 4271 411
3 5 4075 411
3 4 4075 411
3 3 1322 178
3 2 1322 178
3 1 102 28
4 1 5 3
3 0 102 28
4 0 5 3
2 11 23 7
2 10 23 7
2 9 766 102
2 8 766 102
2 7 4368 404
2 6 4368 404
2 5 6878 618
2 4 6878 618
2 3 3896 404
2 2 3896 404
2 1 572 102
2 0 572 102
2 -1 11 7
3 -1 1 1
2 -2 11 7
3 -2 1 1
1 9 119 21
1 8 119 21
1 7 1861 189
1 6 1861 189
1 5 5519 483
1 4 5519 483
1 3 5151 483
1 2 5151 483
1 1 1421 189
1 0 1421 189
1 -1 47 21
1 -2 47 21
0 7 268 34
0 6 268 34
0 5 2026 186
0 4 2026 186
0 3 3126 304
0 2 3126 304
0 1 1580 186
0 0 1580 186
0 -1 108 34
0 -2 108 34
-1 5 261 27
-1 4 261 27
-1 3 840 90
-1 2 840 90
-1 1 680 90
-1 0 680 90
-1 -1 101 27
-1 -2 101 27
-2 3 81 9
-2 2 81 9
-2 1 90 18
-2 0 90 18
-2 -1 27 9
-2 -2 27 9
-3 1 1 1
-3 0 1 1
-3 -1 1 1
-3 -2 1 1
