5 11 5 3
6 11 1 1
5 10 5 3
6 10 1 1
5 9 135 19
6 9 7 3
5 8 135 19
6 8 7 3
5 7 254 32
6 7 7 3
5 6 254 32
6 6 7 3
5 5 119 19
6 5 1 1
5 4 119 19
6 4 1 1
4 11 4 2
4 10 4 2
4 9 299 41
4 8 299 41
4 7 1303 125
4 6 1303 125
4 5 1341 125
4 4 1341 125
4 3 337 41
5 3 9 3
4 2 337 41
5 2 9 3
3 9 193 39
3 8 193 39
3 7 2513 237
3 6 2513 237
3 5 4838 396
3 4 4838 396
3 3 2881 237
3 2 2881 237
3 1 269 39
4 1 4 2
3 0 269 39
4 0 4 2
2 9 41 15
2 8 41 15
2 7 2058 232
2 6 2058 232
2 5 8145 659
2 4 8145 659
2 3 8769 659
2 2 8769 659
2 1 2708 232
2 0 2708 232
1 9 4 2
1 8 4 2
1 7 691 127
1 6 691 127
1 5 6873 625
1 4 6873 625
1 3 13060 1000
1 2 13060 1000
1 1 8287 625
1 0 8287 625
1 -1 1263 127
2 -1 67 15
1 -2 1263 127
2 -2 67 15
0 7 133 45
0 6 133 45
0 5 2785 361
0 4 2785 361
0 3 10197 887
0 2 10197 887
0 1 11395 887
0 0 11395 887
0 -1 4187 361
0 -2 4187 361
0 -3 337 45
1 -3 4 2
0 -4 337 45
1 -4 4 2
-1 7 18 10
-1 6 18 10
-1 5 632 128
-1 4 632 128
-1 3 3982 464
-1 2 3982 464
-1 1 7600 692
-1 0 7600 692
-1 -1 5220 464
-1 -2 5220 464
-1 -3 1116 128
-1 -4 1116 128
-2 7 1 1
-2 6 1 1
-2 5 71 25
-2 4 71 25
-2 3 805 137
-2 2 805 137
-2 1 2451 293
-2 0 2451 293
-2 -1 2751 293
-2 -2 2751 293
-2 -3 1161 137
-2 -4 1161 137
-2 -5 127 25
-1 -5 44 10
-2 -6 127 25
-1 -6 44 10
-3 5 2 2
-3 4 2 2
-3 3 70 20
-3 2 70 20
-3 1 364 62
-3 0 364 62
-3 -1 622 88
-3 -2 622 88
-3 -3 424 62
-3 -4 424 62
-3 -5 100 20
-3 -6 100 20
-3 -7 2 2
-2 -7 1 1
-3 -8 2 2
-2 -8 1 1
-4 3 1 1
-4 2 1 1
-4 1 17 5
-4 0 17 5
-4 -1 46 10
-4 -2 46 10
-4 -3 46 10
-4 -4 46 10
-4 -5 17 5
-4 -6 17 5
-4 -7 1 1
-4 -8 1 1
