3 7 2 2
4 7 1 1
3 6 2 2
4 6 1 1
3 5 89 17
4 5 12 4
3 4 89 17
4 4 12 4
3 3 263 41
4 3 22 6
3 2 263 41
4 2 22 6
3 1 235 41
4 1 12 4
3 0 235 41
4 0 12 4
3 -1 61 17
4 -1 1 1
3 -2 61 17
4 -2 1 1
2 7 1 1
2 6 1 1
2 5 112 24
2 4 112 24
2 3 870 104
2 2 870 104
2 1 1442 162
2 0 1442 162
2 -1 740 104
2 -2 740 104
2 -3 92 24
3 -3 2 2
2 -4 92 24
3 -4 2 2
1 5 40 16
1 4 40 16
1 3 959 133
1 2 959 133
1 1 3374 334
1 0 3374 334
1 -1 3378 334
1 -2 3378 334
1 -3 979 133
1 -4 979 133
1 -5 56 16
2 -5 1 1
1 -6 56 16
2 -6 1 1
0 5 6 6
0 4 6 6
0 3 465 95
0 2 465 95
0 1 3595 387
0 0 3595 387
0 -1 6418 596
0 -2 6418 596
0 -3 4003 387
0 -4 4003 387
0 -5 619 95
0 -6 619 95
-1 5 1 1
-1 4 1 1
-1 3 113 39
-1 2 113 39
-1 1 1810 258
-1 0 1810 258
-1 -1 6088 602
-1 -2 6088 602
-1 -3 6580 602
-1 -4 6580 602
-1 -5 2388 258
-1 -6 2388 258
-1 -7 199 39
0 -7 16 6
-1 -8 199 39
0 -8 16 6
-2 3 15 9
-2 2 15 9
-2 1 475 101
-2 0 475 101
-2 -1 2837 351
-2 -2 2837 351
-2 -3 5238 518
-2 -4 5238 518
-2 -5 3515 351
-2 -6 3515 351
-2 -7 739 101
-2 -8 739 101
-2 -9 29 9
-1 -9 1 1
-2 -10 29 9
-1 -10 1 1
-3 3 1 1
-3 2 1 1
-3 1 62 22
-3 0 62 22
-3 -1 658 116
-3 -2 658 116
-3 -3 1951 245
-3 -4 1951 245
-3 -5 2175 245
-3 -6 2175 245
-3 -7 922 116
-3 -8 922 116
-3 -9 102 22
-3 -10 102 22
-4 1 2 2
-4 0 2 2
-4 -1 63 19
-4 -2 63 19
-4 -3 320 58
-4 -4 320 58
-4 -5 546 82
-4 -6 546 82
-4 -7 376 58
-4 -8 376 58
-4 -9 91 19
-4 -10 91 19
-4 -11 2 2
-3 -11 1 1
-4 -12 2 2
-3 -12 1 1
-5 -1 1 1
-5 -2 1 1
-5 -3 17 5
-5 -4 17 5
-5 -5 46 10
-5 -6 46 10
-5 -7 46 10
-5 -8 46 10
-5 -9 17 5
-5 -10 17 5
-5 -11 1 1
-5 -12 1 1
