4 8 12 6
5 8 1 1
4 7 12 6
5 7 1 1
4 6 232 36
5 6 12 4
4 5 232 36
5 5 12 4
4 4 666 78
5 4 22 6
4 3 666 78
5 3 22 6
4 2 692 78
5 2 12 4
4 1 692 78
5 1 12 4
4 0 282 36
5 0 1 1
4 -1 282 36
5 -1 1 1
3 8 32 12
3 7 32 12
3 6 869 113
3 5 869 113
3 4 3851 357
3 3 3851 357
3 2 6066 512
3 1 6066 512
3 0 3971 357
3 -1 3971 357
3 -2 1013 113
4 -2 36 6
3 -3 1013 113
4 -3 36 6
2 8 25 9
2 7 25 9
2 6 1158 154
2 5 1158 154
2 4 8794 754
2 3 8794 754
2 2 21245 1565
2 1 21245 1565
2 0 21005 1565
2 -1 21005 1565
2 -2 8568 754
2 -3 8568 754
2 -4 1184 154
3 -4 68 12
2 -5 1184 154
3 -5 68 12
1 8 4 2
1 7 4 2
1 6 590 94
1 5 590 94
1 4 8944 810
1 3 8944 810
1 2 36357 2555
1 1 36357 2555
1 0 54994 3674
1 -1 54994 3674
1 -2 34779 2555
1 -3 34779 2555
1 -4 8226 810
1 -5 8226 810
1 -6 524 94
2 -6 37 9
1 -7 524 94
2 -7 37 9
0 6 108 24
0 5 108 24
0 4 4060 460
0 3 4060 460
0 2 31773 2387
0 1 31773 2387
0 0 78352 5082
0 -1 78352 5082
0 -2 76884 5082
0 -3 76884 5082
0 -4 30029 2387
0 -5 30029 2387
0 -6 3758 460
0 -7 3758 460
0 -8 82 24
1 -8 4 2
0 -9 82 24
1 -9 4 2
-1 6 4 2
-1 5 4 2
-1 4 815 141
-1 3 815 141
-1 2 14031 1319
-1 1 14031 1319
-1 0 62227 4323
-1 -1 62227 4323
-1 -2 96824 6286
-1 -3 96824 6286
-1 -4 61251 4323
-1 -5 61251 4323
-1 -6 13867 1319
-1 -7 13867 1319
-1 -8 877 141
-1 -9 877 141
-2 4 70 24
-2 3 70 24
-2 2 3183 435
-2 1 3183 435
-2 0 27188 2276
-2 -1 27188 2276
-2 -2 70535 4885
-2 -3 70535 4885
-2 -4 70659 4885
-2 -5 70659 4885
-2 -6 27542 2276
-2 -7 27542 2276
-2 -8 3449 435
-2 -9 3449 435
-2 -10 106 24
-1 -10 4 2
-2 -11 106 24
-1 -11 4 2
-3 4 4 2
-3 3 4 2
-3 2 388 82
-3 1 388 82
-3 0 6466 720
-3 -1 6466 720
-3 -2 29259 2333
-3 -3 29259 2333
-3 -4 46356 3386
-3 -5 46356 3386
-3 -6 29555 2333
-3 -7 29555 2333
-3 -8 6598 720
-3 -9 6598 720
-3 -10 420 82
-3 -11 420 82
-4 2 25 7
-4 1 25 7
-4 0 805 125
-4 -1 805 125
-4 -2 6576 648
-4 -3 6576 648
-4 -4 16930 1384
-4 -5 16930 1384
-4 -6 16914 1384
-4 -7 16914 1384
-4 -8 6474 648
-4 -9 6474 648
-4 -10 707 125
-4 -11 707 125
-4 -12 13 7
-3 -12 4 2
-4 -13 13 7
-3 -13 4 2
-5 0 43 9
-5 -1 43 9
-5 -2 713 93
-5 -3 713 93
-5 -4 3107 309
-5 -5 3107 309
-5 -6 4936 450
-5 -7 4936 450
-5 -8 3035 309
-5 -9 3035 309
-5 -10 587 93
-5 -11 587 93
-5 -12 15 9
-5 -13 15 9
-6 -2 25 5
-6 -3 25 5
-6 -4 226 32
-6 -5 226 32
-6 -6 595 71
-6 -7 595 71
-6 -8 587 71
-6 -9 587 71
-6 -10 200 32
-6 -11 200 32
-6 -12 7 5
-6 -13 7 5
-7 -4 1 1
-7 -5 1 1
-7 -6 12 4
-7 -7 12 4
-7 -8 22 6
-7 -9 22 6
-7 -10 12 4
-7 -11 12 4
-7 -12 1 1
-7 -13 1 1
