1 1 2 2
2 1 1 1
1 0 2 2
2 0 1 1
1 -1 65 11
2 -1 4 2
1 -2 65 11
2 -2 4 2
1 -3 67 11
2 -3 1 1
1 -4 67 11
2 -4 1 1
0 1 1 1
0 0 1 1
0 -1 130 24
0 -2 130 24
0 -3 280 46
0 -4 280 46
0 -5 208 24
1 -5 4 2
0 -6 208 24
1 -6 4 2
-1 -1 79 23
-1 -2 79 23
-1 -3 611 81
-1 -4 611 81
-1 -5 683 81
-1 -6 683 81
-1 -7 151 23
0 -7 1 1
-1 -8 151 23
0 -8 1 1
-2 -1 19 11
-2 -2 19 11
-2 -3 412 68
-2 -4 412 68
-2 -5 1000 114
-2 -6 1000 114
-2 -7 600 68
-2 -8 600 68
-3 -1 2 2
-3 -2 2 2
-3 -3 111 29
-3 -4 111 29
-3 -5 535 77
-3 -6 535 77
-3 -7 663 77
-3 -8 663 77
-3 -9 239 29
-2 -9 41 11
-3 -10 239 29
-2 -10 41 11
-4 -3 11 7
-4 -4 11 7
-4 -5 124 28
-4 -6 124 28
-4 -7 256 42
-4 -8 256 42
-4 -9 184 28
-4 -10 184 28
-4 -11 41 7
-3 -11 2 2
-4 -12 41 7
-3 -12 2 2
-5 -3 1 1
-5 -4 1 1
-5 -5 15 5
-5 -6 15 5
-5 -7 40 10
-5 -8 40 10
-5 -9 40 10
-5 -10 40 10
-5 -11 15 5
-5 -12 15 5
