3 3 28 10
4 3 1 1
3 2 28 10
4 2 1 1
3 1 112 20
4 1 1 1
3 0 112 20
4 0 1 1
2 3 140 36
2 2 140 36
2 1 905 117
2 0 905 117
2 -1 1157 117
3 -1 100 10
2 -2 1157 117
3 -2 100 10
1 3 244 58
1 2 244 58
1 1 2586 294
1 0 2586 294
1 -1 5050 472
1 -2 5050 472
1 -3 3366 294
2 -3 392 36
1 -4 3366 294
2 -4 392 36
0 3 171 43
0 2 171 43
0 1 3154 356
0 0 3154 356
0 -1 10057 879
0 -2 10057 879
0 -3 10625 879
0 -4 10625 879
0 -5 3846 356
1 -5 538 58
0 -6 3846 356
1 -6 538 58
-1 3 41 13
-1 2 41 13
-1 1 1621 207
-1 0 1621 207
-1 -1 9465 821
-1 -2 9465 821
-1 -3 15608 1254
-1 -4 15608 1254
-1 -5 9687 821
-1 -6 9687 821
-1 -7 1765 207
0 -7 295 43
-1 -8 1765 207
0 -8 295 43
-2 3 1 1
-2 2 1 1
-2 1 294 52
-2 0 294 52
-2 -1 3933 383
-2 -2 3933 383
-2 -3 11279 923
-2 -4 11279 923
-2 -5 11061 923
-2 -6 11061 923
-2 -7 3683 383
-2 -8 3683 383
-2 -9 262 52
-1 -9 53 13
-2 -10 262 52
-1 -10 53 13
-3 1 6 4
-3 0 6 4
-3 -1 577 81
-3 -2 577 81
-3 -3 3765 347
-3 -4 3765 347
-3 -5 6048 540
-3 -6 6048 540
-3 -7 3451 347
-3 -8 3451 347
-3 -9 479 81
-3 -10 479 81
-3 -11 4 4
-2 -11 1 1
-3 -12 4 4
-2 -12 1 1
-4 -1 10 6
-4 -2 10 6
-4 -3 427 61
-4 -4 427 61
-4 -5 1493 161
-4 -6 1493 161
-4 -7 1455 161
-4 -8 1455 161
-4 -9 385 61
-4 -10 385 61
-4 -11 6 6
-4 -12 6 6
-5 -3 6 4
-5 -4 6 4
-5 -5 110 22
-5 -6 110 22
-5 -7 234 36
-5 -8 234 36
-5 -9 122 22
-5 -10 122 22
-5 -11 4 4
-5 -12 4 4
-6 -5 1 1
-6 -6 1 1
-6 -7 7 3
-6 -8 7 3
-6 -9 7 3
-6 -10 7 3
-6 -11 1 1
-6 -12 1 1
