7 15 33 9
8 15 1 1
7 14 33 9
8 14 1 1
7 13 183 29
8 13 4 2
7 12 183 29
8 12 4 2
7 11 231 29
8 11 1 1
7 10 231 29
8 10 1 1
6 15 64 24
6 14 64 24
6 13 1141 127
6 12 1141 127
6 11 2236 206
6 10 2236 206
6 9 1425 127
7 9 81 9
6 8 1425 127
7 8 81 9
5 15 62 32
5 14 62 32
5 13 2187 265
5 12 2187 265
5 11 8073 663
5 10 8073 663
5 9 8785 663
5 8 8785 663
5 7 3061 265
6 7 200 24
5 6 3061 265
6 6 200 24
4 15 45 25
4 14 45 25
4 13 2056 308
4 12 2056 308
4 11 13430 1154
4 10 13430 1154
4 9 24068 1742
4 8 24068 1742
4 7 15938 1154
4 6 15938 1154
4 5 3100 308
5 5 224 32
4 4 3100 308
5 4 224 32
3 15 21 11
3 14 21 11
3 13 1132 206
3 12 1132 206
3 11 11759 1155
3 10 11759 1155
3 9 33943 2555
3 8 33943 2555
3 7 36263 2555
3 6 36263 2555
3 5 14549 1155
3 4 14549 1155
3 3 1624 206
4 3 141 25
3 2 1624 206
4 2 141 25
2 15 4 2
2 14 4 2
2 13 354 74
2 12 354 74
2 11 5660 662
2 10 5660 662
2 9 25954 2158
2 8 25954 2158
2 7 42466 3136
2 6 42466 3136
2 5 28420 2158
2 4 28420 2158
2 3 6758 662
2 2 6758 662
2 1 400 74
3 1 43 11
2 0 400 74
3 0 43 11
1 13 45 11
1 12 45 11
1 11 1425 201
1 10 1425 201
1 9 10599 1025
1 8 10599 1025
1 7 26632 2168
1 6 26632 2168
1 5 27120 2168
1 4 27120 2168
1 3 11117 1025
1 2 11117 1025
1 1 1439 201
1 0 1439 201
1 -1 29 11
2 -1 4 2
1 -2 29 11
2 -2 4 2
0 11 145 25
0 10 145 25
0 9 2075 247
0 8 2075 247
0 7 8476 806
0 6 8476 806
0 5 13004 1168
0 4 13004 1168
0 3 8252 806
0 2 8252 806
0 1 1861 247
0 0 1861 247
0 -1 89 25
0 -2 89 25
-1 9 138 22
-1 8 138 22
-1 7 1132 140
-1 6 1132 140
-1 5 2831 313
-1 4 2831 313
-1 3 2709 313
-1 2 2709 313
-1 1 946 140
-1 0 946 140
-1 -1 74 22
-1 -2 74 22
-2 7 40 8
-2 6 40 8
-2 5 215 35
-2 4 215 35
-2 3 342 54
-2 2 342 54
-2 1 181 35
-2 0 181 35
-2 -1 20 8
-2 -2 20 8
-3 5 1 1
-3 4 1 1
-3 3 9 3
-3 2 9 3
-3 1 9 3
-3 0 9 3
-3 -1 1 1
-3 -2 1 1
