2 6 1 -4.281708487060321e-16 0.789815870116628 2.0000000000000004 2.0000000000000013 2.739288613592354 6.470895516291018 
3 6 0 0.7898158701166275 2.0000000000000004 2.7392886135923535 6.470895516291016 
2 5 1 -4.281708487060321e-16 0.789815870116628 2.0000000000000004 2.0000000000000013 2.739288613592354 6.470895516291018 
3 5 0 0.7898158701166275 2.0000000000000004 2.7392886135923535 6.470895516291016 
2 4 1 3.621361358974457e-15 1.9713057246039836 2.145898033750315 2.707420058602617 3.0 3.295674688148676 3.298437881283577 3.3542486889354093 3.8554173465874952 3.999999999999999 5.106586551336595 6.480419763625412 8.645751311064593 8.721651200642743 8.854101966249685 9.29059592569784 9.570928740754638 9.701562118716426 
3 4 0 1.9713057246039813 3.295674688148675 3.8554173465874952 5.106586551336595 6.480419763625413 9.29059592569784 
2 3 1 3.621361358974457e-15 1.9713057246039836 2.145898033750315 2.707420058602617 3.0 3.295674688148676 3.298437881283577 3.3542486889354093 3.8554173465874952 3.999999999999999 5.106586551336595 6.480419763625412 8.645751311064593 8.721651200642743 8.854101966249685 9.29059592569784 9.570928740754638 9.701562118716426 
3 3 0 1.9713057246039813 3.295674688148675 3.8554173465874952 5.106586551336595 6.480419763625413 9.29059592569784 
2 2 0 1.7858675447177352 2.7646821333289306 3.726927136932334 3.7447516951405815 4.486217444705082 4.726927136932334 5.0 5.236817117492576 6.140435369487827 6.218387989038463 6.67425752324903 7.140435369487827 9.132637493579837 9.892832982614893 10.128098923293491 10.132637493579836 10.512692543738671 10.55539410268055 
3 2 0 3.7269271369323347 5.0 6.14043536948783 9.13263749357984 
2 1 0 1.7858675447177352 2.7646821333289306 3.726927136932334 3.7447516951405815 4.486217444705082 4.726927136932334 5.0 5.236817117492576 6.140435369487827 6.218387989038463 6.67425752324903 7.140435369487827 9.132637493579837 9.892832982614893 10.128098923293491 10.132637493579836 10.512692543738671 10.55539410268055 
3 1 0 3.7269271369323347 5.0 6.14043536948783 9.13263749357984 
2 0 0 6.0 6.0 6.0 6.0 6.0 8.0 
3 0 0 6.0 
2 -1 0 6.0 6.0 6.0 6.0 6.0 8.0 
3 -1 0 6.0 
1 6 0 2.0 
1 5 0 2.0 
1 4 1 2.3764683005246935e-15 2.1458980337503144 2.707420058602617 2.9999999999999982 2.9999999999999996 3.0000000000000004 3.2984378812835744 3.3542486889354075 3.438447187191169 3.9999999999999982 3.999999999999999 4.000000000000002 7.5615528128088325 8.645751311064584 8.721651200642738 8.854101966249681 9.570928740754633 9.701562118716419 
1 3 1 2.3764683005246935e-15 2.1458980337503144 2.707420058602617 2.9999999999999982 2.9999999999999996 3.0000000000000004 3.2984378812835744 3.3542486889354075 3.438447187191169 3.9999999999999982 3.999999999999999 4.000000000000002 7.5615528128088325 8.645751311064584 8.721651200642738 8.854101966249681 9.570928740754633 9.701562118716419 
1 2 1 4.9112282124045485e-15 0.6454878180104084 1.5524484929113789 1.7858675447177244 2.7383593893990823 2.764682133328928 3.7447516951405833 4.11116171857492 4.145898033750319 4.486217444705073 4.726927136932331 5.171572875253808 5.17157287525381 5.236817117492575 5.263555413706229 6.21838798903846 6.674257523249033 7.140435369487818 7.623473403376453 9.473489875278204 9.892832982614891 10.128098923293495 10.132637493579828 10.512692543738671 10.555394102680552 10.82842712474618 10.828427124746195 10.854101966249683 11.252183329553898 11.339840559189422 11.999999999999995 12.000000000000002 12.000000000000004 12.000000000000009 
1 1 1 4.9112282124045485e-15 0.6454878180104084 1.5524484929113789 1.7858675447177244 2.7383593893990823 2.764682133328928 3.7447516951405833 4.11116171857492 4.145898033750319 4.486217444705073 4.726927136932331 5.171572875253808 5.17157287525381 5.236817117492575 5.263555413706229 6.21838798903846 6.674257523249033 7.140435369487818 7.623473403376453 9.473489875278204 9.892832982614891 10.128098923293495 10.132637493579828 10.512692543738671 10.555394102680552 10.82842712474618 10.828427124746195 10.854101966249683 11.252183329553898 11.339840559189422 11.999999999999995 12.000000000000002 12.000000000000004 12.000000000000009 
1 0 0 1.9476311502522201 3.012635148036686 5.1396210122594885 5.999999999999993 5.9999999999999964 5.999999999999999 5.999999999999999 5.999999999999999 6.0 6.000000000000002 6.000000000000003 7.999999999999999 8.000000000000004 8.446051845644304 9.0 9.454060843807293 9.999999999999996 10.000000000000004 
1 -1 0 1.9476311502522201 3.012635148036686 5.1396210122594885 5.999999999999993 5.9999999999999964 5.999999999999999 5.999999999999999 5.999999999999999 6.0 6.000000000000002 6.000000000000003 7.999999999999999 8.000000000000004 8.446051845644304 9.0 9.454060843807293 9.999999999999996 10.000000000000004 
0 4 0 2.999999999999999 3.0 3.438447187191169 3.9999999999999973 3.999999999999999 4.0 7.561552812808827 
0 3 0 2.999999999999999 3.0 3.438447187191169 3.9999999999999973 3.999999999999999 4.0 7.561552812808827 
0 2 2 -1.1209670046333153e-14 8.984127183629746e-16 0.6454878180103976 1.5524484929113707 1.9476311502522177 2.738359389399082 3.0126351480366935 4.111161718574916 4.145898033750315 5.139621012259492 5.171572875253806 5.171572875253808 5.2635554137062375 5.999999999999998 5.999999999999998 5.999999999999999 6.000000000000002 7.623473403376449 7.999999999999998 8.446051845644309 9.0 9.454060843807296 9.473489875278219 9.999999999999996 10.0 10.828427124746186 10.828427124746192 10.854101966249681 11.252183329553903 11.339840559189422 11.999999999999988 11.999999999999998 12.0 12.000000000000002 
0 1 2 -1.1209670046333153e-14 8.984127183629746e-16 0.6454878180103976 1.5524484929113707 1.9476311502522177 2.738359389399082 3.0126351480366935 4.111161718574916 4.145898033750315 5.139621012259492 5.171572875253806 5.171572875253808 5.2635554137062375 5.999999999999998 5.999999999999998 5.999999999999999 6.000000000000002 7.623473403376449 7.999999999999998 8.446051845644309 9.0 9.454060843807296 9.473489875278219 9.999999999999996 10.0 10.828427124746186 10.828427124746192 10.854101966249681 11.252183329553903 11.339840559189422 11.999999999999988 11.999999999999998 12.0 12.000000000000002 
0 0 2 5.440072835678164e-15 1.0589773697893962e-14 0.6454878180103919 1.5524484929113735 1.9476311502522194 2.7383593893990805 3.0126351480366833 4.1111617185749205 4.1458980337503135 5.139621012259483 5.171572875253809 5.171572875253809 5.263555413706237 5.999999999999996 5.999999999999999 6.0 6.0000000000000036 7.623473403376449 8.000000000000002 8.446051845644313 9.000000000000005 9.454060843807298 9.47348987527822 9.999999999999995 10.000000000000002 10.828427124746186 10.828427124746192 10.854101966249683 11.252183329553898 11.33984055918942 11.999999999999991 12.0 12.000000000000004 12.000000000000007 
0 -1 2 5.440072835678164e-15 1.0589773697893962e-14 0.6454878180103919 1.5524484929113735 1.9476311502522194 2.7383593893990805 3.0126351480366833 4.1111617185749205 4.1458980337503135 5.139621012259483 5.171572875253809 5.171572875253809 5.263555413706237 5.999999999999996 5.999999999999999 6.0 6.0000000000000036 7.623473403376449 8.000000000000002 8.446051845644313 9.000000000000005 9.454060843807298 9.47348987527822 9.999999999999995 10.000000000000002 10.828427124746186 10.828427124746192 10.854101966249683 11.252183329553898 11.33984055918942 11.999999999999991 12.0 12.000000000000004 12.000000000000007 
0 -2 0 2.9999999999999996 3.0 3.4384471871911697 3.999999999999999 4.0 4.0 7.561552812808831 
1 -2 0 4.0 
0 -3 0 2.9999999999999996 3.0 3.4384471871911697 3.999999999999999 4.0 4.0 7.561552812808831 
1 -3 0 4.0 
-1 4 0 4.0 
-1 3 0 4.0 
-1 2 0 1.947631150252223 3.0126351480366838 5.139621012259489 5.9999999999999964 5.9999999999999964 5.999999999999998 5.999999999999999 5.999999999999999 6.000000000000001 6.000000000000004 6.000000000000004 8.000000000000002 8.000000000000004 8.446051845644313 9.000000000000005 9.454060843807296 9.999999999999996 10.0 
-1 1 0 1.947631150252223 3.0126351480366838 5.139621012259489 5.9999999999999964 5.9999999999999964 5.999999999999998 5.999999999999999 5.999999999999999 6.000000000000001 6.000000000000004 6.000000000000004 8.000000000000002 8.000000000000004 8.446051845644313 9.000000000000005 9.454060843807296 9.999999999999996 10.0 
-1 0 1 -1.9511302296049138e-15 0.6454878180103958 1.552448492911379 1.785867544717729 2.738359389399083 2.7646821333289333 3.7447516951405846 4.111161718574924 4.145898033750312 4.486217444705076 4.726927136932331 5.171572875253808 5.171572875253812 5.236817117492571 5.263555413706235 6.218387989038457 6.67425752324903 7.140435369487825 7.623473403376446 9.473489875278213 9.892832982614893 10.12809892329349 10.132637493579841 10.512692543738675 10.555394102680546 10.828427124746186 10.828427124746186 10.854101966249676 11.2521833295539 11.339840559189422 11.999999999999995 11.999999999999996 11.999999999999998 12.00000000000001 
-1 -1 1 -1.9511302296049138e-15 0.6454878180103958 1.552448492911379 1.785867544717729 2.738359389399083 2.7646821333289333 3.7447516951405846 4.111161718574924 4.145898033750312 4.486217444705076 4.726927136932331 5.171572875253808 5.171572875253812 5.236817117492571 5.263555413706235 6.218387989038457 6.67425752324903 7.140435369487825 7.623473403376446 9.473489875278213 9.892832982614893 10.12809892329349 10.132637493579841 10.512692543738675 10.555394102680546 10.828427124746186 10.828427124746186 10.854101966249676 11.2521833295539 11.339840559189422 11.999999999999995 11.999999999999996 11.999999999999998 12.00000000000001 
-1 -2 1 -4.665191928647722e-15 2.1458980337503153 2.707420058602614 2.999999999999996 2.999999999999999 3.0000000000000004 3.298437881283573 3.354248688935409 3.4384471871911693 3.999999999999996 3.9999999999999964 4.0 7.5615528128088325 8.645751311064586 8.72165120064274 8.854101966249686 9.570928740754638 9.701562118716428 
-1 -3 1 -4.665191928647722e-15 2.1458980337503153 2.707420058602614 2.999999999999996 2.999999999999999 3.0000000000000004 3.298437881283573 3.354248688935409 3.4384471871911693 3.999999999999996 3.9999999999999964 4.0 7.5615528128088325 8.645751311064586 8.72165120064274 8.854101966249686 9.570928740754638 9.701562118716428 
-2 2 0 6.0 6.0 6.0 6.0 6.0 8.0 
-2 1 0 6.0 6.0 6.0 6.0 6.0 8.0 
-2 0 0 1.7858675447177266 2.7646821333289244 3.726927136932334 3.744751695140587 4.486217444705081 4.726927136932333 4.999999999999998 5.236817117492572 6.140435369487831 6.2183879890384635 6.6742575232490315 7.140435369487828 9.132637493579844 9.892832982614891 10.128098923293498 10.132637493579834 10.512692543738671 10.555394102680543 
-2 -1 0 1.7858675447177266 2.7646821333289244 3.726927136932334 3.744751695140587 4.486217444705081 4.726927136932333 4.999999999999998 5.236817117492572 6.140435369487831 6.2183879890384635 6.6742575232490315 7.140435369487828 9.132637493579844 9.892832982614891 10.128098923293498 10.132637493579834 10.512692543738671 10.555394102680543 
-2 -2 1 2.1888819859423226e-15 1.9713057246039825 2.145898033750316 2.7074200586026165 3.0000000000000018 3.2956746881486727 3.2984378812835735 3.35424868893541 3.8554173465874944 4.000000000000001 5.106586551336595 6.480419763625418 8.645751311064592 8.721651200642741 8.854101966249686 9.290595925697847 9.570928740754635 9.701562118716424 
-2 -3 1 2.1888819859423226e-15 1.9713057246039825 2.145898033750316 2.7074200586026165 3.0000000000000018 3.2956746881486727 3.2984378812835735 3.35424868893541 3.8554173465874944 4.000000000000001 5.106586551336595 6.480419763625418 8.645751311064592 8.721651200642741 8.854101966249686 9.290595925697847 9.570928740754635 9.701562118716424 
-2 -4 1 -4.44089209850178e-16 0.7898158701166281 1.9999999999999991 2.0 2.7392886135923535 6.470895516291016 
-1 -4 0 2.0 
-2 -5 1 -4.44089209850178e-16 0.7898158701166281 1.9999999999999991 2.0 2.7392886135923535 6.470895516291016 
-1 -5 0 2.0 
-3 2 0 6.0 
-3 1 0 6.0 
-3 0 0 3.726927136932334 4.999999999999999 6.140435369487829 9.132637493579837 
-3 -1 0 3.726927136932334 4.999999999999999 6.140435369487829 9.132637493579837 
-3 -2 0 1.9713057246039802 3.2956746881486754 3.8554173465874944 5.106586551336594 6.48041976362541 9.290595925697836 
-3 -3 0 1.9713057246039802 3.2956746881486754 3.8554173465874944 5.106586551336594 6.48041976362541 9.290595925697836 
-3 -4 0 0.7898158701166272 2.0 2.739288613592355 6.470895516291016 
-3 -5 0 0.7898158701166272 2.0 2.739288613592355 6.470895516291016 
