1 3 0 2.0 2.0 
2 3 0 2.0 
1 2 0 2.0 2.0 
2 2 0 2.0 
1 1 0 1.1468075826817756 2.837722339831621 2.847752940806931 3.336005774723563 4.999999999999998 5.606717060908784 6.775501753660658 7.2872148872182825 9.162277660168385 
2 1 0 2.8377223398316205 9.16227766016838 
1 0 0 1.1468075826817756 2.837722339831621 2.847752940806931 3.336005774723563 4.999999999999998 5.606717060908784 6.775501753660658 7.2872148872182825 9.162277660168385 
2 0 0 2.8377223398316205 9.16227766016838 
1 -1 0 1.7443127160599938 3.2229273645836063 4.375191184911313 5.24442745653447 6.999999999999997 8.309676120478345 9.103465157432261 10.0 10.0 
2 -1 0 7.0 
1 -2 0 1.7443127160599938 3.2229273645836063 4.375191184911313 5.24442745653447 6.999999999999997 8.309676120478345 9.103465157432261 10.0 10.0 
2 -2 0 7.0 
0 3 0 2.0 
0 2 0 2.0 
0 1 1 4.507355780306896e-16 1.1468075826817759 1.9999999999999991 2.8477529408069326 3.267949192431124 3.3360057747235667 4.000000000000003 4.999999999999997 5.0 5.6067170609087835 6.732050807568876 6.775501753660664 7.287214887218281 
0 0 1 4.507355780306896e-16 1.1468075826817759 1.9999999999999991 2.8477529408069326 3.267949192431124 3.3360057747235667 4.000000000000003 4.999999999999997 5.0 5.6067170609087835 6.732050807568876 6.775501753660664 7.287214887218281 
0 -1 1 -4.5820565869855794e-15 0.4538104955006133 1.744312716059999 1.9552111558536924 2.000000000000003 2.4479171976941596 2.703336337891132 3.2229273645836076 4.375191184911318 4.642930713607501 4.848983397911964 5.184057857048691 5.244427456534473 5.863359180779021 8.273841229381013 8.309676120478345 8.386874810533987 8.713309777483353 9.103465157432261 9.171099148131715 9.355268698183181 9.999999999999998 10.0 10.000000000000002 
0 -2 1 -4.5820565869855794e-15 0.4538104955006133 1.744312716059999 1.9552111558536924 2.000000000000003 2.4479171976941596 2.703336337891132 3.2229273645836076 4.375191184911318 4.642930713607501 4.848983397911964 5.184057857048691 5.244427456534473 5.863359180779021 8.273841229381013 8.309676120478345 8.386874810533987 8.713309777483353 9.103465157432261 9.171099148131715 9.355268698183181 9.999999999999998 10.0 10.000000000000002 
0 -3 0 0.2925122772569339 1.395844595416087 2.4384471871911715 3.694014073222809 3.9999999999999996 4.423956765303463 5.999999999999995 6.0 6.000000000000001 6.561552812808835 7.193672288800708 7.999999999999989 7.999999999999993 
1 -3 0 4.0 6.0 
0 -4 0 0.2925122772569339 1.395844595416087 2.4384471871911715 3.694014073222809 3.9999999999999996 4.423956765303463 5.999999999999995 6.0 6.000000000000001 6.561552812808835 7.193672288800708 7.999999999999989 7.999999999999993 
1 -4 0 4.0 6.0 
-1 1 0 2.0 3.267949192431122 4.0 4.0 5.0 6.732050807568875 
-1 0 0 2.0 3.267949192431122 4.0 4.0 5.0 6.732050807568875 
-1 -1 0 0.4538104955006234 1.8803308573884114 1.9552111558536875 1.9999999999999982 2.447917197694155 2.7033363378911375 2.9105784208206 4.642930713607495 4.6595132069534175 4.848983397911962 5.18405785704869 5.863359180779022 6.8074971637112025 7.742080351126374 7.999999999999999 7.999999999999999 8.273841229381008 8.386874810533984 8.713309777483362 9.171099148131713 9.355268698183192 9.999999999999998 
-1 -2 0 0.4538104955006234 1.8803308573884114 1.9552111558536875 1.9999999999999982 2.447917197694155 2.7033363378911375 2.9105784208206 4.642930713607495 4.6595132069534175 4.848983397911962 5.18405785704869 5.863359180779022 6.8074971637112025 7.742080351126374 7.999999999999999 7.999999999999999 8.273841229381008 8.386874810533984 8.713309777483362 9.171099148131713 9.355268698183192 9.999999999999998 
-1 -3 0 0.2925122772569375 0.6296724571202864 1.3958445954160879 1.8691437311764831 2.438447187191166 2.6768779086627243 3.6940140732228093 3.9999999999999996 4.378452961162639 4.423956765303461 4.6162721482065505 5.928797837381152 5.999999999999998 6.0 6.561552812808829 7.19367228880071 7.9999999999999964 7.999999999999999 8.193549275509458 9.000000000000002 9.038870457381062 9.668363223399638 
-1 -4 0 0.2925122772569375 0.6296724571202864 1.3958445954160879 1.8691437311764831 2.438447187191166 2.6768779086627243 3.6940140732228093 3.9999999999999996 4.378452961162639 4.423956765303461 4.6162721482065505 5.928797837381152 5.999999999999998 6.0 6.561552812808829 7.19367228880071 7.9999999999999964 7.999999999999999 8.193549275509458 9.000000000000002 9.038870457381062 9.668363223399638 
-1 -5 0 0.46337037879419785 2.9999999999999982 2.9999999999999996 3.0 3.69322513387213 5.843404487333672 
0 -5 0 3.0 
-1 -6 0 0.46337037879419785 2.9999999999999982 2.9999999999999996 3.0 3.69322513387213 5.843404487333672 
0 -6 0 3.0 
-2 1 0 4.0 
-2 0 0 4.0 
-2 -1 0 1.8803308573884099 2.9105784208205963 4.6595132069534175 5.999999999999998 6.807497163711201 7.742080351126371 7.999999999999998 7.999999999999999 
-2 -2 0 1.8803308573884099 2.9105784208205963 4.6595132069534175 5.999999999999998 6.807497163711201 7.742080351126371 7.999999999999998 7.999999999999999 
-2 -3 0 0.6296724571202873 1.8691437311764818 2.627718676730984 2.6768779086627235 4.0 4.378452961162636 4.6162721482065585 5.928797837381157 6.000000000000001 8.193549275509469 8.372281323269016 8.999999999999996 9.038870457381057 9.668363223399632 
-2 -4 0 0.6296724571202873 1.8691437311764818 2.627718676730984 2.6768779086627235 4.0 4.378452961162636 4.6162721482065585 5.928797837381157 6.000000000000001 8.193549275509469 8.372281323269016 8.999999999999996 9.038870457381057 9.668363223399632 
-2 -5 0 0.4633703787941969 1.2984378812835768 2.999999999999999 3.0 3.000000000000001 3.6932251338721285 5.8434044873336735 7.701562118716426 
-2 -6 0 0.4633703787941969 1.2984378812835768 2.999999999999999 3.0 3.000000000000001 3.6932251338721285 5.8434044873336735 7.701562118716426 
-3 -1 0 6.0 
-3 -2 0 6.0 
-3 -3 0 2.627718676730985 6.0 8.372281323269014 
-3 -4 0 2.627718676730985 6.0 8.372281323269014 
-3 -5 0 1.2984378812835757 2.9999999999999996 7.701562118716424 
-3 -6 0 1.2984378812835757 2.9999999999999996 7.701562118716424 
-3 -7 0 1.0 
-2 -7 0 1.0 
-3 -8 0 1.0 
-2 -8 0 1.0 
