2 6 0 2.0 2.0 
3 6 0 2.0 
2 5 0 2.0 2.0 
3 5 0 2.0 
2 4 0 1.6256514626197198 1.9640260025349792 2.4480136006259836 2.572386789951624 3.8720326891035493 4.000000000000003 4.839573931045805 4.8522334779267196 5.3203402516852725 5.765080149734793 8.552512384437453 9.612769528212448 10.575379732121661 
3 4 0 2.5723867899516235 4.852233477926717 10.57537973212166 
2 3 0 1.6256514626197198 1.9640260025349792 2.4480136006259836 2.572386789951624 3.8720326891035493 4.000000000000003 4.839573931045805 4.8522334779267196 5.3203402516852725 5.765080149734793 8.552512384437453 9.612769528212448 10.575379732121661 
3 3 0 2.5723867899516235 4.852233477926717 10.57537973212166 
2 2 0 1.7472500044620365 2.507759630538293 3.108013877544534 4.0838958930858285 4.520481811734065 4.5227108935480285 4.620694820452506 5.837722339831621 6.403745536246973 6.704761758386918 7.157611835827981 8.000244013720602 8.680927548066514 8.944777953673038 9.115433115836032 11.078743805039744 11.237643287509277 11.798590640199423 12.162277660168376 12.711493705466946 12.731981649026215 13.32323821963507 
3 2 0 4.520481811734064 8.68092754806651 11.798590640199425 
2 1 0 1.7472500044620365 2.507759630538293 3.108013877544534 4.0838958930858285 4.520481811734065 4.5227108935480285 4.620694820452506 5.837722339831621 6.403745536246973 6.704761758386918 7.157611835827981 8.000244013720602 8.680927548066514 8.944777953673038 9.115433115836032 11.078743805039744 11.237643287509277 11.798590640199423 12.162277660168376 12.711493705466946 12.731981649026215 13.32323821963507 
3 1 0 4.520481811734064 8.68092754806651 11.798590640199425 
2 0 0 3.245088839534817 4.047046168611103 5.627259552218631 7.000000000000003 7.587473058816104 7.690170163277655 9.0 9.650112228756019 10.746839067973335 10.999999999999998 11.406010920812344 12.0 12.0 
3 0 0 9.0 
2 -1 0 3.245088839534817 4.047046168611103 5.627259552218631 7.000000000000003 7.587473058816104 7.690170163277655 9.0 9.650112228756019 10.746839067973335 10.999999999999998 11.406010920812344 12.0 12.0 
3 -1 0 9.0 
1 6 0 2.0 
1 5 0 2.0 
1 4 0 0.6246616894081571 1.6256514626197145 1.9640260025349783 2.271019783744052 2.4480136006259854 2.820532376380805 3.7301592549884988 3.8720326891035524 4.0 4.0 4.000000000000007 4.796707564934135 4.8395739310458055 5.112585047599538 5.3203402516852725 5.765080149734797 7.644334282944827 8.552512384437442 9.612769528212455 
1 3 0 0.6246616894081571 1.6256514626197145 1.9640260025349783 2.271019783744052 2.4480136006259854 2.820532376380805 3.7301592549884988 3.8720326891035524 4.0 4.0 4.000000000000007 4.796707564934135 4.8395739310458055 5.112585047599538 5.3203402516852725 5.765080149734797 7.644334282944827 8.552512384437442 9.612769528212455 
1 2 0 0.5968346346302851 1.0300030339257773 1.7472500044620396 1.771309829382843 1.9566968871113952 2.266042242090036 2.50775963053829 2.66789844186445 2.803897414917084 3.1080138775445296 3.334307276342077 3.5130275949705583 3.8571026327409217 3.9860939003408857 4.043931138760045 4.083895893085822 4.23952514082516 4.522710893548026 4.620694820452504 4.625189030843916 4.707606219659478 5.059570057082192 5.151794771120013 5.252923496709834 5.837722339831621 5.852338113331415 5.880997325735707 6.403745536246969 6.405334178646396 6.704761758386922 6.830988272328457 7.079341975638002 7.157611835827989 7.568620806586492 8.000244013720607 8.022649691862226 8.28401939362341 8.934209727412519 8.944777953673034 9.115433115836034 9.29739866593521 9.481212710322001 10.22986990564066 10.254906702652265 10.655639743802988 10.956909325625757 11.061232689858338 11.07874380503975 11.232014431131097 11.237643287509282 11.31262600730991 11.34867147870794 11.628591169672129 11.818673940860087 12.162277660168384 12.711493705466923 12.731981649026228 13.323238219635078 
1 1 0 0.5968346346302851 1.0300030339257773 1.7472500044620396 1.771309829382843 1.9566968871113952 2.266042242090036 2.50775963053829 2.66789844186445 2.803897414917084 3.1080138775445296 3.334307276342077 3.5130275949705583 3.8571026327409217 3.9860939003408857 4.043931138760045 4.083895893085822 4.23952514082516 4.522710893548026 4.620694820452504 4.625189030843916 4.707606219659478 5.059570057082192 5.151794771120013 5.252923496709834 5.837722339831621 5.852338113331415 5.880997325735707 6.403745536246969 6.405334178646396 6.704761758386922 6.830988272328457 7.079341975638002 7.157611835827989 7.568620806586492 8.000244013720607 8.022649691862226 8.28401939362341 8.934209727412519 8.944777953673034 9.115433115836034 9.29739866593521 9.481212710322001 10.22986990564066 10.254906702652265 10.655639743802988 10.956909325625757 11.061232689858338 11.07874380503975 11.232014431131097 11.237643287509282 11.31262600730991 11.34867147870794 11.628591169672129 11.818673940860087 12.162277660168384 12.711493705466923 12.731981649026228 13.323238219635078 
1 0 0 1.1032115124125872 1.8715104127663236 1.9236769072827409 2.5396455344233764 2.6021308225788524 3.1605113464085908 3.2140241474136624 3.2450888395348105 3.547279351212996 3.806794836357571 4.047046168611103 4.100455646798227 4.168454587050977 4.625234961532609 4.817602505056722 4.946155758046041 5.615213928623654 5.627259552218626 5.742932744318785 6.049275752700246 6.166001311805203 6.753120316464693 6.866472749840589 7.000000000000002 7.45896160709941 7.587473058816103 7.592310497333176 7.690170163277656 7.9664223542958315 8.392441816647422 8.736133002972412 8.878889601180061 9.080129312030719 9.130496527522974 9.25869230539084 9.650112228756015 9.755871590696707 9.911371868948727 10.74683906797334 10.843605060436893 10.999999999999996 11.141247529720749 11.406010920812342 11.485423162222768 11.524997799803337 11.697934712962217 11.780530117166112 11.786685727032012 11.999999999999998 12.0 12.042816231856248 12.364979119426279 12.725752063481906 13.18667402448146 13.273037498769739 13.364891335427547 14.000000000000009 14.000000000000014 
1 -1 0 1.1032115124125872 1.8715104127663236 1.9236769072827409 2.5396455344233764 2.6021308225788524 3.1605113464085908 3.2140241474136624 3.2450888395348105 3.547279351212996 3.806794836357571 4.047046168611103 4.100455646798227 4.168454587050977 4.625234961532609 4.817602505056722 4.946155758046041 5.615213928623654 5.627259552218626 5.742932744318785 6.049275752700246 6.166001311805203 6.753120316464693 6.866472749840589 7.000000000000002 7.45896160709941 7.587473058816103 7.592310497333176 7.690170163277656 7.9664223542958315 8.392441816647422 8.736133002972412 8.878889601180061 9.080129312030719 9.130496527522974 9.25869230539084 9.650112228756015 9.755871590696707 9.911371868948727 10.74683906797334 10.843605060436893 10.999999999999996 11.141247529720749 11.406010920812342 11.485423162222768 11.524997799803337 11.697934712962217 11.780530117166112 11.786685727032012 11.999999999999998 12.0 12.042816231856248 12.364979119426279 12.725752063481906 13.18667402448146 13.273037498769739 13.364891335427547 14.000000000000009 14.000000000000014 
1 -2 0 2.556464888120009 3.1486376615100236 4.023956006558834 4.435212077734431 5.157139207054606 5.701430825672589 6.2679491924311215 6.9999999999999964 7.0 7.000000000000002 7.9310426300060906 8.200664174759842 8.57668221983003 8.824834617759144 8.999999999999998 9.72631746553745 9.732050807568871 9.828460682032999 9.889157543423972 
2 -2 0 7.0 7.0 
1 -3 0 2.556464888120009 3.1486376615100236 4.023956006558834 4.435212077734431 5.157139207054606 5.701430825672589 6.2679491924311215 6.9999999999999964 7.0 7.000000000000002 7.9310426300060906 8.200664174759842 8.57668221983003 8.824834617759144 8.999999999999998 9.72631746553745 9.732050807568871 9.828460682032999 9.889157543423972 
2 -3 0 7.0 7.0 
0 4 0 0.6246616894081558 2.2710197837440513 2.820532376380806 3.7301592549884997 4.0 4.0 4.0 4.796707564934129 5.112585047599537 7.644334282944818 
0 3 0 0.6246616894081558 2.2710197837440513 2.820532376380806 3.7301592549884997 4.0 4.0 4.0 4.796707564934129 5.112585047599537 7.644334282944818 
0 2 1 -5.99280159808271e-16 0.5968346346302943 0.9192926239214196 1.0300030339257762 1.7409249624364573 1.771309829382844 1.9566968871113979 2.2660422420900277 2.2776065574492566 2.6678984418644416 2.6823152394723278 2.8038974149170772 3.3028551819571206 3.334307276342072 3.483120906014191 3.513027594970559 3.857102632740924 3.986093900340887 4.043931138760044 4.239525140825158 4.348815178933746 4.568551128958017 4.625189030843911 4.707606219659482 4.904937248984898 5.059570057082195 5.151794771120014 5.179981706880333 5.252923496709836 5.375418342207678 5.537248709711448 5.852338113331414 5.880997325735709 6.3307213150477395 6.405334178646394 6.619092669886434 6.830988272328456 6.929322466092721 7.079341975638005 7.183939427722379 7.568620806586494 7.710468423080733 8.022649691862222 8.06193117800928 8.284019393623417 8.454229251831014 8.826294695546686 8.929523536491093 8.934209727412522 9.297398665935217 9.329630914000969 9.481212710322007 9.519042492447735 9.78473584291633 9.999999999999988 10.229869905640664 10.254906702652269 10.655639743802995 10.956909325625752 11.061232689858329 11.232014431131095 11.312626007309923 11.348671478707931 11.628591169672159 11.818673940860096 
0 1 1 -5.99280159808271e-16 0.5968346346302943 0.9192926239214196 1.0300030339257762 1.7409249624364573 1.771309829382844 1.9566968871113979 2.2660422420900277 2.2776065574492566 2.6678984418644416 2.6823152394723278 2.8038974149170772 3.3028551819571206 3.334307276342072 3.483120906014191 3.513027594970559 3.857102632740924 3.986093900340887 4.043931138760044 4.239525140825158 4.348815178933746 4.568551128958017 4.625189030843911 4.707606219659482 4.904937248984898 5.059570057082195 5.151794771120014 5.179981706880333 5.252923496709836 5.375418342207678 5.537248709711448 5.852338113331414 5.880997325735709 6.3307213150477395 6.405334178646394 6.619092669886434 6.830988272328456 6.929322466092721 7.079341975638005 7.183939427722379 7.568620806586494 7.710468423080733 8.022649691862222 8.06193117800928 8.284019393623417 8.454229251831014 8.826294695546686 8.929523536491093 8.934209727412522 9.297398665935217 9.329630914000969 9.481212710322007 9.519042492447735 9.78473584291633 9.999999999999988 10.229869905640664 10.254906702652269 10.655639743802995 10.956909325625752 11.061232689858329 11.232014431131095 11.312626007309923 11.348671478707931 11.628591169672159 11.818673940860096 
0 0 1 -1.1102426540927139e-14 0.3989937886173269 0.9207172956934522 1.1032115124125963 1.1858793742900495 1.6822264581369013 1.8715104127663216 1.8861481299343554 1.9236769072827453 1.9735184602369555 2.282192153966565 2.539645534423388 2.5858828742424698 2.602130822578853 2.7075801494009637 2.9964942736851676 3.0412556368117207 3.1605113464085925 3.204820689585871 3.214024147413667 3.318072101587703 3.5416318297782508 3.547279351213 3.7103057480349797 3.806794836357573 3.873225582696194 4.100455646798211 4.119739826075769 4.1684545870509755 4.283346868993352 4.454108697903861 4.625234961532606 4.754066119685129 4.81760250505672 4.94615575804604 4.960637809602469 5.437901224239116 5.615213928623648 5.7157170085597055 5.742932744318789 5.938205053070634 6.049275752700234 6.125362990858685 6.1660013118052 6.283484625939847 6.753120316464698 6.866472749840587 6.8963030491781145 6.916175913970951 7.001181156566644 7.374885563842384 7.458961607099409 7.5659586567250185 7.592310497333176 7.629746316723455 7.935949464773141 7.9664223542958315 7.968635074940711 8.016799122641563 8.303683078729069 8.392441816647427 8.417346425875289 8.73613300297241 8.781380647190446 8.87888960118006 8.889826765649822 8.95939916219427 9.080129312030722 9.130496527522972 9.189658746431434 9.258692305390834 9.650969802332828 9.755871590696705 9.860392837588876 9.911371868948722 10.843605060436897 10.885362245764348 10.91590526515377 11.067014680022698 11.141247529720742 11.22603473167655 11.342120922541447 11.48542316222277 11.491818040956353 11.524997799803332 11.606545712330139 11.609240558043824 11.69793471296221 11.762212050711192 11.780530117166123 11.786685727032006 11.931226569638829 12.04281623185624 12.36497911942627 12.493069072301106 12.645859504753641 12.70843447135687 12.725752063481915 12.870344205841809 13.085961286076214 13.11748275928212 13.186674024481459 13.237191038202397 13.273037498769733 13.364891335427538 13.591050626435893 13.804765595989844 13.868554105939554 13.999999999999979 13.999999999999995 
0 -1 1 -1.1102426540927139e-14 0.3989937886173269 0.9207172956934522 1.1032115124125963 1.1858793742900495 1.6822264581369013 1.8715104127663216 1.8861481299343554 1.9236769072827453 1.9735184602369555 2.282192153966565 2.539645534423388 2.5858828742424698 2.602130822578853 2.7075801494009637 2.9964942736851676 3.0412556368117207 3.1605113464085925 3.204820689585871 3.214024147413667 3.318072101587703 3.5416318297782508 3.547279351213 3.7103057480349797 3.806794836357573 3.873225582696194 4.100455646798211 4.119739826075769 4.1684545870509755 4.283346868993352 4.454108697903861 4.625234961532606 4.754066119685129 4.81760250505672 4.94615575804604 4.960637809602469 5.437901224239116 5.615213928623648 5.7157170085597055 5.742932744318789 5.938205053070634 6.049275752700234 6.125362990858685 6.1660013118052 6.283484625939847 6.753120316464698 6.866472749840587 6.8963030491781145 6.916175913970951 7.001181156566644 7.374885563842384 7.458961607099409 7.5659586567250185 7.592310497333176 7.629746316723455 7.935949464773141 7.9664223542958315 7.968635074940711 8.016799122641563 8.303683078729069 8.392441816647427 8.417346425875289 8.73613300297241 8.781380647190446 8.87888960118006 8.889826765649822 8.95939916219427 9.080129312030722 9.130496527522972 9.189658746431434 9.258692305390834 9.650969802332828 9.755871590696705 9.860392837588876 9.911371868948722 10.843605060436897 10.885362245764348 10.91590526515377 11.067014680022698 11.141247529720742 11.22603473167655 11.342120922541447 11.48542316222277 11.491818040956353 11.524997799803332 11.606545712330139 11.609240558043824 11.69793471296221 11.762212050711192 11.780530117166123 11.786685727032006 11.931226569638829 12.04281623185624 12.36497911942627 12.493069072301106 12.645859504753641 12.70843447135687 12.725752063481915 12.870344205841809 13.085961286076214 13.11748275928212 13.186674024481459 13.237191038202397 13.273037498769733 13.364891335427538 13.591050626435893 13.804765595989844 13.868554105939554 13.999999999999979 13.999999999999995 
0 -2 0 0.20684924173066357 1.10339435955166 1.5326655999714502 1.9920222570890251 2.271474998863752 2.325625317047323 2.556464888120021 2.5859215734519156 3.126742440534329 3.148637661510023 3.278341495698938 3.490460180509782 3.6133813678359075 3.6631081565794186 3.9059646677625133 4.02395600655884 4.21878944776575 4.380715674540282 4.435212077734427 4.7268715454895505 4.758923055757859 5.157139207054604 5.173514790246995 5.335162303607218 5.675693401874325 5.701430825672592 5.842886998482552 5.919418152744991 6.267949192431123 6.328501139025284 6.371044411686671 6.733245091428278 6.9776304195396195 7.000000000000012 7.036123562733632 7.931042630006087 8.131297050694542 8.200664174759837 8.390740198381986 8.576682219830024 8.783385180336102 8.824834617759144 9.000000000000009 9.079155516093975 9.336380946032168 9.703598535604778 9.72631746553745 9.732050807568875 9.828460682032993 9.889157543423964 10.066507653280338 10.427318933496583 10.62566168729503 10.68273306672726 10.876686328943515 10.99435308762344 10.999999999999998 11.064090332250817 11.099069662739659 11.11439203615605 11.408809643214239 11.479257994177319 11.528593672492303 11.736020275227094 11.897476547683118 
0 -3 0 0.20684924173066357 1.10339435955166 1.5326655999714502 1.9920222570890251 2.271474998863752 2.325625317047323 2.556464888120021 2.5859215734519156 3.126742440534329 3.148637661510023 3.278341495698938 3.490460180509782 3.6133813678359075 3.6631081565794186 3.9059646677625133 4.02395600655884 4.21878944776575 4.380715674540282 4.435212077734427 4.7268715454895505 4.758923055757859 5.157139207054604 5.173514790246995 5.335162303607218 5.675693401874325 5.701430825672592 5.842886998482552 5.919418152744991 6.267949192431123 6.328501139025284 6.371044411686671 6.733245091428278 6.9776304195396195 7.000000000000012 7.036123562733632 7.931042630006087 8.131297050694542 8.200664174759837 8.390740198381986 8.576682219830024 8.783385180336102 8.824834617759144 9.000000000000009 9.079155516093975 9.336380946032168 9.703598535604778 9.72631746553745 9.732050807568875 9.828460682032993 9.889157543423964 10.066507653280338 10.427318933496583 10.62566168729503 10.68273306672726 10.876686328943515 10.99435308762344 10.999999999999998 11.064090332250817 11.099069662739659 11.11439203615605 11.408809643214239 11.479257994177319 11.528593672492303 11.736020275227094 11.897476547683118 
0 -4 0 2.0000000000000018 3.3819660112501055 4.2679491924311215 4.381966011250106 5.0 5.0 5.0 5.618033988749896 6.618033988749895 7.732050807568875 
1 -4 0 5.0 
0 -5 0 2.0000000000000018 3.3819660112501055 4.2679491924311215 4.381966011250106 5.0 5.0 5.0 5.618033988749896 6.618033988749895 7.732050807568875 
1 -5 0 5.0 
-1 4 0 4.0 
-1 3 0 4.0 
-1 2 0 0.919292623921419 1.7409249624364653 2.277606557449258 2.6823152394723215 3.302855181957119 3.4769044093683275 3.4831209060141957 4.3488151789337515 4.568551128958015 4.9049372489848935 5.179981706880332 5.375418342207682 5.51491605262458 5.537248709711447 6.330721315047744 6.566888627594627 6.61909266988643 6.929322466092722 7.183939427722374 7.441290910412462 7.71046842308073 8.06193117800928 8.454229251831013 8.826294695546695 8.92952353649108 9.329630914000973 9.519042492447733 9.784735842916335 10.000000000000009 
-1 1 0 0.919292623921419 1.7409249624364653 2.277606557449258 2.6823152394723215 3.302855181957119 3.4769044093683275 3.4831209060141957 4.3488151789337515 4.568551128958015 4.9049372489848935 5.179981706880332 5.375418342207682 5.51491605262458 5.537248709711447 6.330721315047744 6.566888627594627 6.61909266988643 6.929322466092722 7.183939427722374 7.441290910412462 7.71046842308073 8.06193117800928 8.454229251831013 8.826294695546695 8.92952353649108 9.329630914000973 9.519042492447733 9.784735842916335 10.000000000000009 
-1 0 0 0.39899378861732343 0.9207172956934417 1.1365891442790312 1.185879374290053 1.682226458136914 1.886148129934354 1.973518460236953 2.2821921539665455 2.585882874242469 2.634052529494426 2.7075801494009557 2.8589124047355647 2.9964942736851596 3.0412556368117243 3.204820689585862 3.3180721015876937 3.3959356722216874 3.541631829778249 3.710305748034977 3.8401266719176395 3.8732255826961883 4.119739826075763 4.127664100689359 4.28334686899335 4.345726507020093 4.454108697903861 4.754066119685122 4.770147699618655 4.960637809602462 5.3094698586173115 5.43790122423911 5.695618400679486 5.7157170085597055 5.93820505307063 6.125362990858676 6.283484625939846 6.822943054041835 6.896303049178118 6.916175913970949 7.001181156566639 7.047833644546356 7.210668760117115 7.374885563842379 7.56595865672501 7.629746316723456 7.935949464773141 7.959586959520205 7.9686350749407175 8.016799122641567 8.303683078729062 8.417346425875284 8.781380647190447 8.889826765649817 8.959399162194263 9.131239565709212 9.18965874643144 9.302116344890525 9.650969802332828 9.860392837588876 9.942248625685663 10.230797166048921 10.252297259416872 10.53181354227844 10.804524745609836 10.885362245764348 10.915905265153752 10.987390047210834 10.99999999999999 11.067014680022703 11.098843020614998 11.226034731676553 11.342120922541445 11.352158306218115 11.401976233563015 11.491818040956359 11.606545712330146 11.609240558043828 11.762212050711186 11.809319735254775 11.931226569638815 11.999999999999995 12.000000000000012 12.49306907230111 12.645859504753641 12.708434471356878 12.87034420584184 13.085961286076229 13.11748275928211 13.23719103820239 13.591050626435933 13.804765595989817 13.86855410593952 
-1 -1 0 0.39899378861732343 0.9207172956934417 1.1365891442790312 1.185879374290053 1.682226458136914 1.886148129934354 1.973518460236953 2.2821921539665455 2.585882874242469 2.634052529494426 2.7075801494009557 2.8589124047355647 2.9964942736851596 3.0412556368117243 3.204820689585862 3.3180721015876937 3.3959356722216874 3.541631829778249 3.710305748034977 3.8401266719176395 3.8732255826961883 4.119739826075763 4.127664100689359 4.28334686899335 4.345726507020093 4.454108697903861 4.754066119685122 4.770147699618655 4.960637809602462 5.3094698586173115 5.43790122423911 5.695618400679486 5.7157170085597055 5.93820505307063 6.125362990858676 6.283484625939846 6.822943054041835 6.896303049178118 6.916175913970949 7.001181156566639 7.047833644546356 7.210668760117115 7.374885563842379 7.56595865672501 7.629746316723456 7.935949464773141 7.959586959520205 7.9686350749407175 8.016799122641567 8.303683078729062 8.417346425875284 8.781380647190447 8.889826765649817 8.959399162194263 9.131239565709212 9.18965874643144 9.302116344890525 9.650969802332828 9.860392837588876 9.942248625685663 10.230797166048921 10.252297259416872 10.53181354227844 10.804524745609836 10.885362245764348 10.915905265153752 10.987390047210834 10.99999999999999 11.067014680022703 11.098843020614998 11.226034731676553 11.342120922541445 11.352158306218115 11.401976233563015 11.491818040956359 11.606545712330146 11.609240558043828 11.762212050711186 11.809319735254775 11.931226569638815 11.999999999999995 12.000000000000012 12.49306907230111 12.645859504753641 12.708434471356878 12.87034420584184 13.085961286076229 13.11748275928211 13.23719103820239 13.591050626435933 13.804765595989817 13.86855410593952 
-1 -2 0 0.20684924173066385 0.7425087078822715 0.9922892860878657 1.1033943595516622 1.5326655999714485 1.7030719561992618 1.9920222570890251 2.136318341424965 2.271474998863753 2.3256253170473267 2.494630430978244 2.5859215734519134 2.975153119095158 3.126742440534332 3.278341495698939 3.3875529675488534 3.4904601805097797 3.6133813678359084 3.6631081565794186 3.6932137919637036 3.7970265124478844 3.9059646677625097 4.07061430636459 4.218789447765747 4.250963668673865 4.380715674540281 4.516756086832095 4.660729027904173 4.726871545489546 4.758923055757858 4.7836305669247 5.105680655085857 5.173514790246997 5.335162303607213 5.387220064733719 5.6756934018743195 5.697671286959554 5.797012770838533 5.842886998482552 5.919418152744991 6.268001503480426 6.3285011390252786 6.37104441168667 6.723499292311999 6.733245091428275 6.770549946358742 6.977630419539619 7.036123562733631 7.096167658447972 7.193812053376261 7.655547449054119 8.131297050694533 8.2305538369238 8.39074019838198 8.519405868383245 8.608121840240429 8.783385180336097 8.923885348624442 9.079155516093975 9.236922795691394 9.336380946032165 9.703598535604774 10.066507653280334 10.427318933496577 10.625661687295018 10.682733066727254 10.876686328943507 10.994353087623432 11.000000000000005 11.01752320211771 11.064090332250817 11.09906966273967 11.114392036156053 11.344962379293891 11.399413768297995 11.408809643214237 11.479257994177319 11.528593672492299 11.735907788136256 11.736020275227096 11.897476547683114 12.08025787899459 12.116340331876414 12.341944911105072 12.512673090148468 12.646490233316722 12.67858103643041 12.717765463568325 12.907572506548139 13.020687081817119 13.398962133782243 13.662407053728488 
-1 -3 0 0.20684924173066385 0.7425087078822715 0.9922892860878657 1.1033943595516622 1.5326655999714485 1.7030719561992618 1.9920222570890251 2.136318341424965 2.271474998863753 2.3256253170473267 2.494630430978244 2.5859215734519134 2.975153119095158 3.126742440534332 3.278341495698939 3.3875529675488534 3.4904601805097797 3.6133813678359084 3.6631081565794186 3.6932137919637036 3.7970265124478844 3.9059646677625097 4.07061430636459 4.218789447765747 4.250963668673865 4.380715674540281 4.516756086832095 4.660729027904173 4.726871545489546 4.758923055757858 4.7836305669247 5.105680655085857 5.173514790246997 5.335162303607213 5.387220064733719 5.6756934018743195 5.697671286959554 5.797012770838533 5.842886998482552 5.919418152744991 6.268001503480426 6.3285011390252786 6.37104441168667 6.723499292311999 6.733245091428275 6.770549946358742 6.977630419539619 7.036123562733631 7.096167658447972 7.193812053376261 7.655547449054119 8.131297050694533 8.2305538369238 8.39074019838198 8.519405868383245 8.608121840240429 8.783385180336097 8.923885348624442 9.079155516093975 9.236922795691394 9.336380946032165 9.703598535604774 10.066507653280334 10.427318933496577 10.625661687295018 10.682733066727254 10.876686328943507 10.994353087623432 11.000000000000005 11.01752320211771 11.064090332250817 11.09906966273967 11.114392036156053 11.344962379293891 11.399413768297995 11.408809643214237 11.479257994177319 11.528593672492299 11.735907788136256 11.736020275227096 11.897476547683114 12.08025787899459 12.116340331876414 12.341944911105072 12.512673090148468 12.646490233316722 12.67858103643041 12.717765463568325 12.907572506548139 13.020687081817119 13.398962133782243 13.662407053728488 
-1 -4 0 0.5004709245631462 1.5372175422570873 2.000000000000001 2.257006436201751 2.396486791731178 3.381966011250103 3.3819660112501095 3.41460491220806 4.232469774803188 4.267949192431121 4.381966011250104 4.381966011250108 4.419376399098443 4.713762703186032 4.999999999999998 5.000000000000005 5.539871135574283 5.618033988749893 5.618033988749896 5.981498410148289 6.618033988749896 6.6180339887499 7.000000000000001 7.177373109663781 7.732050807568875 7.894217631211105 8.780721533069801 8.972679392323563 9.1822433039603 
-1 -5 0 0.5004709245631462 1.5372175422570873 2.000000000000001 2.257006436201751 2.396486791731178 3.381966011250103 3.3819660112501095 3.41460491220806 4.232469774803188 4.267949192431121 4.381966011250104 4.381966011250108 4.419376399098443 4.713762703186032 4.999999999999998 5.000000000000005 5.539871135574283 5.618033988749893 5.618033988749896 5.981498410148289 6.618033988749896 6.6180339887499 7.000000000000001 7.177373109663781 7.732050807568875 7.894217631211105 8.780721533069801 8.972679392323563 9.1822433039603 
-2 2 0 3.47690440936833 5.514916052624575 6.56688862759463 7.441290910412461 
-2 1 0 3.47690440936833 5.514916052624575 6.56688862759463 7.441290910412461 
-2 0 0 1.1365891442790323 2.6340525294944275 2.858912404735569 3.3959356722216882 3.8401266719176332 4.12766410068936 4.345726507020095 4.770147699618651 4.875114580235423 5.309469858617312 5.695618400679486 6.822943054041838 7.047833644546364 7.210668760117116 7.959586959520203 8.36332823793268 8.999999999999986 9.131239565709208 9.302116344890528 9.761557181831883 9.942248625685666 10.230797166048916 10.252297259416874 10.531813542278432 10.804524745609829 10.987390047210832 11.000000000000002 11.098843020614998 11.352158306218108 11.401976233563024 11.809319735254766 11.999999999999996 12.000000000000007 
-2 -1 0 1.1365891442790323 2.6340525294944275 2.858912404735569 3.3959356722216882 3.8401266719176332 4.12766410068936 4.345726507020095 4.770147699618651 4.875114580235423 5.309469858617312 5.695618400679486 6.822943054041838 7.047833644546364 7.210668760117116 7.959586959520203 8.36332823793268 8.999999999999986 9.131239565709208 9.302116344890528 9.761557181831883 9.942248625685666 10.230797166048916 10.252297259416874 10.531813542278432 10.804524745609829 10.987390047210832 11.000000000000002 11.098843020614998 11.352158306218108 11.401976233563024 11.809319735254766 11.999999999999996 12.000000000000007 
-2 -2 0 0.742508707882272 0.9922892860878713 1.7030719561992653 1.9107403550166198 2.136318341424969 2.49463043097824 2.9751531190951606 3.387552967548857 3.6932137919636983 3.7079829302768155 3.7970265124478835 3.9530799015335787 4.070614306364585 4.250963668673864 4.516756086832086 4.66072902790417 4.783630566924693 5.105680655085861 5.387220064733726 5.697671286959558 5.797012770838534 6.238163326559067 6.2680015034804315 6.344945340628124 6.723499292312013 6.770549946358743 7.096167658447971 7.193812053376257 7.655547449054118 7.910312568932854 8.230553836923818 8.519405868383242 8.608121840240436 8.773383810178832 8.923885348624454 9.079949514684149 9.236922795691395 11.017523202117706 11.344962379293893 11.396134981478705 11.399413768298004 11.601102939048534 11.735907788136256 11.932531370407094 12.080257878994589 12.116340331876406 12.341944911105076 12.512673090148459 12.646490233316728 12.678581036430408 12.717765463568327 12.907572506548137 13.020687081817128 13.151672961255624 13.398962133782248 13.66240705372849 14.0 14.0 
-2 -3 0 0.742508707882272 0.9922892860878713 1.7030719561992653 1.9107403550166198 2.136318341424969 2.49463043097824 2.9751531190951606 3.387552967548857 3.6932137919636983 3.7079829302768155 3.7970265124478835 3.9530799015335787 4.070614306364585 4.250963668673864 4.516756086832086 4.66072902790417 4.783630566924693 5.105680655085861 5.387220064733726 5.697671286959558 5.797012770838534 6.238163326559067 6.2680015034804315 6.344945340628124 6.723499292312013 6.770549946358743 7.096167658447971 7.193812053376257 7.655547449054118 7.910312568932854 8.230553836923818 8.519405868383242 8.608121840240436 8.773383810178832 8.923885348624454 9.079949514684149 9.236922795691395 11.017523202117706 11.344962379293893 11.396134981478705 11.399413768298004 11.601102939048534 11.735907788136256 11.932531370407094 12.080257878994589 12.116340331876406 12.341944911105076 12.512673090148459 12.646490233316728 12.678581036430408 12.717765463568327 12.907572506548137 13.020687081817128 13.151672961255624 13.398962133782248 13.66240705372849 14.0 14.0 
-2 -4 0 0.5004709245631364 1.1291234366651888 1.537217542257089 1.9836233910324421 2.2570064362017486 2.3964867917311787 3.300453585161406 3.381966011250105 3.4146049122080595 3.999448363575484 4.2324697748031825 4.381966011250108 4.419376399098446 4.662294515892257 4.713762703186033 5.053095306691622 5.539871135574284 5.6180339887498985 5.7763244079074 5.98149841014829 6.618033988749896 7.0 7.000000000000003 7.17737310966378 7.575623079375829 7.894217631211098 8.780721533069789 8.972679392323561 9.182243303960304 9.315963258297721 10.289563317836489 10.744730077245709 11.169757260318443 
-2 -5 0 0.5004709245631364 1.1291234366651888 1.537217542257089 1.9836233910324421 2.2570064362017486 2.3964867917311787 3.300453585161406 3.381966011250105 3.4146049122080595 3.999448363575484 4.2324697748031825 4.381966011250108 4.419376399098446 4.662294515892257 4.713762703186033 5.053095306691622 5.539871135574284 5.6180339887498985 5.7763244079074 5.98149841014829 6.618033988749896 7.0 7.000000000000003 7.17737310966378 7.575623079375829 7.894217631211098 8.780721533069789 8.972679392323561 9.182243303960304 9.315963258297721 10.289563317836489 10.744730077245709 11.169757260318443 
-2 -6 0 0.9999999999999993 3.0 3.0 3.999999999999999 
-1 -6 0 3.0 
-2 -7 0 0.9999999999999993 3.0 3.0 3.999999999999999 
-1 -7 0 3.0 
-3 0 0 4.875114580235426 8.363328237932683 9.0 9.761557181831893 
-3 -1 0 4.875114580235426 8.363328237932683 9.0 9.761557181831893 
-3 -2 0 1.9107403550166193 3.707982930276813 3.9530799015335814 6.23816332655906 6.344945340628118 7.910312568932855 8.773383810178828 9.079949514684142 10.999999999999996 11.396134981478705 11.601102939048534 11.932531370407089 13.151672961255622 13.999999999999996 14.000000000000007 
-3 -3 0 1.9107403550166193 3.707982930276813 3.9530799015335814 6.23816332655906 6.344945340628118 7.910312568932855 8.773383810178828 9.079949514684142 10.999999999999996 11.396134981478705 11.601102939048534 11.932531370407089 13.151672961255622 13.999999999999996 14.000000000000007 
-3 -4 0 1.1291234366651903 1.9836233910324448 3.300453585161407 3.999448363575484 4.662294515892255 5.053095306691625 5.394448724536007 5.776324407907401 7.0 7.575623079375828 9.315963258297716 10.289563317836485 10.744730077245713 11.16975726031844 12.605551275463991 
-3 -5 0 1.1291234366651903 1.9836233910324448 3.300453585161407 3.999448363575484 4.662294515892255 5.053095306691625 5.394448724536007 5.776324407907401 7.0 7.575623079375828 9.315963258297716 10.289563317836485 10.744730077245713 11.16975726031844 12.605551275463991 
-3 -6 0 0.9999999999999999 3.000000000000001 3.9999999999999982 4.0 
-3 -7 0 0.9999999999999999 3.000000000000001 3.9999999999999982 4.0 
-4 -2 0 11.0 
-4 -3 0 11.0 
-4 -4 0 5.39444872453601 12.60555127546399 
-4 -5 0 5.39444872453601 12.60555127546399 
-4 -6 0 4.0 
-4 -7 0 4.0 
