2 6 1 -3.924811864397526e-17 2.0 3.0 
3 6 0 3.0 
2 5 1 -3.924811864397526e-17 2.0 3.0 
3 5 0 3.0 
2 4 0 0.29059333541013704 0.520183781820172 0.9449888620966357 1.9871608706551147 2.148749684270049 2.663264295221846 3.5427565020484 3.6348087231908304 3.856829936430148 4.560235926079176 4.731333846692689 5.000000000000001 5.186368702514948 5.540724524175204 6.215607945668788 7.317648753874414 7.583487097377445 8.100754084031863 8.766242231057655 9.40826089738451 
3 4 0 3.5427565020483995 4.731333846692687 7.317648753874408 9.4082608973845 
2 3 0 0.29059333541013704 0.520183781820172 0.9449888620966357 1.9871608706551147 2.148749684270049 2.663264295221846 3.5427565020484 3.6348087231908304 3.856829936430148 4.560235926079176 4.731333846692689 5.000000000000001 5.186368702514948 5.540724524175204 6.215607945668788 7.317648753874414 7.583487097377445 8.100754084031863 8.766242231057655 9.40826089738451 
3 3 0 3.5427565020483995 4.731333846692687 7.317648753874408 9.4082608973845 
2 2 0 0.8472739818020321 1.0337179506632628 1.4758607600434763 1.8612764777709594 2.366494180485492 2.860719036153267 2.930950181475859 3.5749470102388354 4.106088512845286 4.195027061011816 4.321271988506783 4.857740746528316 4.924964529675233 5.120043255763366 5.321157851590465 5.490519966193427 5.725896974528013 5.898816856412397 6.186848665369183 6.4688715919273765 6.485863070664708 6.585786437626906 6.805447334458201 7.1449223255762915 7.570897463010108 7.788300965503608 7.905363048769334 7.999999999999998 8.073120686878562 8.428006731683798 8.58981897863761 8.844357484729855 8.934780892627966 9.034967970578531 9.414213562373089 9.739202697508508 9.876780940383062 11.086130197651498 11.31072227446277 11.788191183333584 11.971062594464135 12.399117573648342 13.03863512634889 13.198254529941698 13.417568350154115 
3 2 0 4.92496452967523 6.585786437626905 7.999999999999998 9.414213562373092 9.876780940383073 13.198254529941693 
2 1 0 0.8472739818020321 1.0337179506632628 1.4758607600434763 1.8612764777709594 2.366494180485492 2.860719036153267 2.930950181475859 3.5749470102388354 4.106088512845286 4.195027061011816 4.321271988506783 4.857740746528316 4.924964529675233 5.120043255763366 5.321157851590465 5.490519966193427 5.725896974528013 5.898816856412397 6.186848665369183 6.4688715919273765 6.485863070664708 6.585786437626906 6.805447334458201 7.1449223255762915 7.570897463010108 7.788300965503608 7.905363048769334 7.999999999999998 8.073120686878562 8.428006731683798 8.58981897863761 8.844357484729855 8.934780892627966 9.034967970578531 9.414213562373089 9.739202697508508 9.876780940383062 11.086130197651498 11.31072227446277 11.788191183333584 11.971062594464135 12.399117573648342 13.03863512634889 13.198254529941698 13.417568350154115 
3 1 0 4.92496452967523 6.585786437626905 7.999999999999998 9.414213562373092 9.876780940383073 13.198254529941693 
2 0 0 1.6340048587617115 2.1534349931684176 2.8837653782291035 3.1770084619311545 3.826437196238681 4.0761253601991205 4.588738291408768 5.042212032981317 5.494906994819315 5.688333756872679 5.919871776692806 6.090116931614051 6.303679024577683 6.702461855544369 6.739113906506581 6.852435798254142 7.217303236425791 7.4521954793738026 7.473095698889157 7.601550041673662 7.656334999615475 8.273204989180385 8.368135137334122 8.6531230589524 8.867040884666503 9.158506008895978 9.256983113300203 9.34455761845017 10.147530446089819 10.20432205422623 10.411039322879867 10.789244119040815 10.828631851169925 10.942938894374498 11.217727867630853 11.302238431900635 11.803076270447528 12.773381057122306 13.137821453425346 13.303723992554268 13.442135548813473 13.845339442002008 13.866198262509023 14.086814326426653 14.403159774829234 
3 0 0 7.473095698889149 8.867040884666507 11.21772786763086 13.442135548813473 
2 -1 0 1.6340048587617115 2.1534349931684176 2.8837653782291035 3.1770084619311545 3.826437196238681 4.0761253601991205 4.588738291408768 5.042212032981317 5.494906994819315 5.688333756872679 5.919871776692806 6.090116931614051 6.303679024577683 6.702461855544369 6.739113906506581 6.852435798254142 7.217303236425791 7.4521954793738026 7.473095698889157 7.601550041673662 7.656334999615475 8.273204989180385 8.368135137334122 8.6531230589524 8.867040884666503 9.158506008895978 9.256983113300203 9.34455761845017 10.147530446089819 10.20432205422623 10.411039322879867 10.789244119040815 10.828631851169925 10.942938894374498 11.217727867630853 11.302238431900635 11.803076270447528 12.773381057122306 13.137821453425346 13.303723992554268 13.442135548813473 13.845339442002008 13.866198262509023 14.086814326426653 14.403159774829234 
3 -1 0 7.473095698889149 8.867040884666507 11.21772786763086 13.442135548813473 
2 -2 0 3.0413288049285514 4.414955844848011 5.117431790171973 5.702331710739407 6.054395054192588 6.679268470763394 7.150319121588644 7.476663746586821 8.370374034095148 8.928951950138412 10.193664730637295 10.238822400052571 11.0 11.0 11.000000000000009 11.473259032740085 11.614357161163058 11.63364214864159 11.9102339987125 13.0 
3 -2 0 11.0 
2 -3 0 3.0413288049285514 4.414955844848011 5.117431790171973 5.702331710739407 6.054395054192588 6.679268470763394 7.150319121588644 7.476663746586821 8.370374034095148 8.928951950138412 10.193664730637295 10.238822400052571 11.0 11.0 11.000000000000009 11.473259032740085 11.614357161163058 11.63364214864159 11.9102339987125 13.0 
3 -3 0 11.0 
1 6 0 2.0 
1 5 0 2.0 
1 4 0 0.29059333541013455 0.5201837818201668 0.9449888620966352 1.9871608706551143 1.999999999999998 2.148749684270042 2.3330998749591476 2.6632642952218424 3.235770237924905 3.631914327622538 3.634808723190829 3.856829936430145 3.999999999999999 4.560235926079172 4.999999999999997 4.999999999999998 5.177790528999669 5.186368702514947 5.540724524175202 6.215607945668788 7.583487097377452 7.621425030493736 8.100754084031864 8.766242231057648 
1 3 0 0.29059333541013455 0.5201837818201668 0.9449888620966352 1.9871608706551143 1.999999999999998 2.148749684270042 2.3330998749591476 2.6632642952218424 3.235770237924905 3.631914327622538 3.634808723190829 3.856829936430145 3.999999999999999 4.560235926079172 4.999999999999997 4.999999999999998 5.177790528999669 5.186368702514947 5.540724524175202 6.215607945668788 7.583487097377452 7.621425030493736 8.100754084031864 8.766242231057648 
1 2 1 2.4822632556202595e-14 0.8472739818020351 0.8610920074597312 1.0337179506632534 1.4190523012511356 1.4758607600434637 1.7890291373491278 1.8612764777709556 2.2409942870942188 2.272678159849003 2.3664941804854926 2.46780770690931 2.6280261387348367 2.860719036153272 2.8702554317615507 2.877792991848767 2.930950181475863 3.0770040497049043 3.307747670653593 3.460595821479925 3.574947010238835 3.7502902194864665 3.897965117295157 3.995210128319552 4.106088512845288 4.183190732985346 4.195027061011817 4.203261261644599 4.291239473358188 4.321271988506783 4.857740746528321 5.120043255763365 5.148716847924991 5.321157851590468 5.422160327979989 5.490519966193427 5.570014134035469 5.67667276509425 5.72589697452801 5.757086306198905 5.863914936609291 5.898816856412396 5.908682010726845 6.081673448241581 6.1868486653691805 6.21232517836599 6.4303909751044195 6.468871591927374 6.48586307066471 6.60192062290204 6.693718078209302 6.770353444316833 6.8054473344582 6.9219920021123755 6.931647792568833 7.005555961643909 7.144922325576297 7.4163858538346075 7.444933195762048 7.570897463010109 7.583427189696367 7.760896649470194 7.788300965503608 7.812946319118082 7.905363048769333 8.073120686878562 8.428006731683801 8.589818978637606 8.838436067811715 8.844357484729846 8.934780892627971 9.034967970578531 9.373583508885018 9.400155924726958 9.637770815617934 9.739202697508503 9.827162098540098 9.914606506722604 9.95796711198458 10.26136231977706 10.629116883008065 10.638860165398414 10.699599214492293 10.881714804804908 11.006281455848082 11.086130197651498 11.310722274462766 11.35851560664226 11.739501458731873 11.788191183333591 11.902796332485698 11.971062594464142 12.323923047420662 12.399117573648317 13.038635126348886 13.417568350154106 
1 1 1 2.4822632556202595e-14 0.8472739818020351 0.8610920074597312 1.0337179506632534 1.4190523012511356 1.4758607600434637 1.7890291373491278 1.8612764777709556 2.2409942870942188 2.272678159849003 2.3664941804854926 2.46780770690931 2.6280261387348367 2.860719036153272 2.8702554317615507 2.877792991848767 2.930950181475863 3.0770040497049043 3.307747670653593 3.460595821479925 3.574947010238835 3.7502902194864665 3.897965117295157 3.995210128319552 4.106088512845288 4.183190732985346 4.195027061011817 4.203261261644599 4.291239473358188 4.321271988506783 4.857740746528321 5.120043255763365 5.148716847924991 5.321157851590468 5.422160327979989 5.490519966193427 5.570014134035469 5.67667276509425 5.72589697452801 5.757086306198905 5.863914936609291 5.898816856412396 5.908682010726845 6.081673448241581 6.1868486653691805 6.21232517836599 6.4303909751044195 6.468871591927374 6.48586307066471 6.60192062290204 6.693718078209302 6.770353444316833 6.8054473344582 6.9219920021123755 6.931647792568833 7.005555961643909 7.144922325576297 7.4163858538346075 7.444933195762048 7.570897463010109 7.583427189696367 7.760896649470194 7.788300965503608 7.812946319118082 7.905363048769333 8.073120686878562 8.428006731683801 8.589818978637606 8.838436067811715 8.844357484729846 8.934780892627971 9.034967970578531 9.373583508885018 9.400155924726958 9.637770815617934 9.739202697508503 9.827162098540098 9.914606506722604 9.95796711198458 10.26136231977706 10.629116883008065 10.638860165398414 10.699599214492293 10.881714804804908 11.006281455848082 11.086130197651498 11.310722274462766 11.35851560664226 11.739501458731873 11.788191183333591 11.902796332485698 11.971062594464142 12.323923047420662 12.399117573648317 13.038635126348886 13.417568350154106 
1 0 0 0.5288774290264691 1.0459809692131565 1.1784156069060958 1.6340048587617009 2.0268243848484286 2.153434993168435 2.2074100156945105 2.4736462212387385 2.709649933794127 2.8753913284018306 2.883765378229101 3.0368409798773888 3.077180894598403 3.177008461931153 3.235421253241049 3.4394074434005475 3.520602529695256 3.5681035322237578 3.7952502992828876 3.826437196238683 4.01031307132396 4.051799511714483 4.076125360199108 4.3052506351617215 4.447417980839642 4.588738291408758 4.617744395823544 4.6336667683259485 4.880731420398827 5.029958658325916 5.04221203298131 5.119751054923332 5.1261468601567755 5.263683372909269 5.447759939903765 5.494906994819321 5.541584368126421 5.572369992430361 5.688333756872673 5.769693667013481 5.919871776692804 5.937374365467097 5.956266537957733 6.018666014961648 6.090116931614052 6.112150371102091 6.17936393415882 6.3036790245776775 6.333420966601394 6.5052819603596355 6.611883467952273 6.637057876845154 6.702461855544373 6.739113906506579 6.7831735725010756 6.852435798254141 6.8778918254645856 6.883330407997061 7.014980982694131 7.21730323642579 7.264243213582633 7.389947473026141 7.444400167454583 7.452195479373799 7.465932972445266 7.484078143899075 7.601550041673661 7.624667546474963 7.656334999615474 7.879217266992853 7.959214085551642 8.000262741311039 8.244476548594081 8.260220113450186 8.273204989180387 8.300112623267351 8.337298951158783 8.368135137334123 8.477356532325729 8.585770923268727 8.653123058952396 8.666059198930096 8.983931080854637 9.045788521023729 9.096928565116473 9.158506008895976 9.2569831133002 9.316634146295193 9.34455761845017 9.439335395304417 9.57886718054955 9.635931204894597 9.712354602047586 9.820729839287102 9.846173966547596 10.02263746838428 10.147530446089819 10.199542103273913 10.204322054226223 10.221751653835081 10.327386059694946 10.41103932287988 10.418368722549577 10.452253272747253 10.59568650323299 10.651362221660419 10.77104077625683 10.789244119040811 10.799777206952882 10.828631851169925 10.891371676514524 10.942938894374487 10.98803286557503 11.23778497233246 11.302238431900623 11.45014571658647 11.552448604567466 11.803076270447514 12.392176718027462 12.641829210181722 12.701667794302052 12.715969350182442 12.766203155182739 12.773381057122291 12.879184975639692 13.137821453425344 13.179230815449696 13.21873632944881 13.242942692718575 13.271817906334805 13.303723992554266 13.360331322454558 13.42168245464266 13.560396446013355 13.84533944200199 13.866198262509002 13.90189534521708 13.942535661182099 13.971929005913262 14.08681432642665 14.167469452376485 14.403159774829268 14.626143502879874 14.661474118274587 15.270849937391718 15.278294175485314 
1 -1 0 0.5288774290264691 1.0459809692131565 1.1784156069060958 1.6340048587617009 2.0268243848484286 2.153434993168435 2.2074100156945105 2.4736462212387385 2.709649933794127 2.8753913284018306 2.883765378229101 3.0368409798773888 3.077180894598403 3.177008461931153 3.235421253241049 3.4394074434005475 3.520602529695256 3.5681035322237578 3.7952502992828876 3.826437196238683 4.01031307132396 4.051799511714483 4.076125360199108 4.3052506351617215 4.447417980839642 4.588738291408758 4.617744395823544 4.6336667683259485 4.880731420398827 5.029958658325916 5.04221203298131 5.119751054923332 5.1261468601567755 5.263683372909269 5.447759939903765 5.494906994819321 5.541584368126421 5.572369992430361 5.688333756872673 5.769693667013481 5.919871776692804 5.937374365467097 5.956266537957733 6.018666014961648 6.090116931614052 6.112150371102091 6.17936393415882 6.3036790245776775 6.333420966601394 6.5052819603596355 6.611883467952273 6.637057876845154 6.702461855544373 6.739113906506579 6.7831735725010756 6.852435798254141 6.8778918254645856 6.883330407997061 7.014980982694131 7.21730323642579 7.264243213582633 7.389947473026141 7.444400167454583 7.452195479373799 7.465932972445266 7.484078143899075 7.601550041673661 7.624667546474963 7.656334999615474 7.879217266992853 7.959214085551642 8.000262741311039 8.244476548594081 8.260220113450186 8.273204989180387 8.300112623267351 8.337298951158783 8.368135137334123 8.477356532325729 8.585770923268727 8.653123058952396 8.666059198930096 8.983931080854637 9.045788521023729 9.096928565116473 9.158506008895976 9.2569831133002 9.316634146295193 9.34455761845017 9.439335395304417 9.57886718054955 9.635931204894597 9.712354602047586 9.820729839287102 9.846173966547596 10.02263746838428 10.147530446089819 10.199542103273913 10.204322054226223 10.221751653835081 10.327386059694946 10.41103932287988 10.418368722549577 10.452253272747253 10.59568650323299 10.651362221660419 10.77104077625683 10.789244119040811 10.799777206952882 10.828631851169925 10.891371676514524 10.942938894374487 10.98803286557503 11.23778497233246 11.302238431900623 11.45014571658647 11.552448604567466 11.803076270447514 12.392176718027462 12.641829210181722 12.701667794302052 12.715969350182442 12.766203155182739 12.773381057122291 12.879184975639692 13.137821453425344 13.179230815449696 13.21873632944881 13.242942692718575 13.271817906334805 13.303723992554266 13.360331322454558 13.42168245464266 13.560396446013355 13.84533944200199 13.866198262509002 13.90189534521708 13.942535661182099 13.971929005913262 14.08681432642665 14.167469452376485 14.403159774829268 14.626143502879874 14.661474118274587 15.270849937391718 15.278294175485314 
1 -2 0 1.639402709669668 2.2538769893024124 2.8731878284722914 2.9999894678764267 3.041328804928548 3.487452390887987 3.868458450690516 3.979589365451434 4.20905891934279 4.414955844848006 4.602899915698133 4.629573739427084 4.7092885003322555 4.918049771605247 4.987013794341495 5.117431790171968 5.211909142237557 5.310097923255988 5.321386586568243 5.702331710739406 5.707840473428634 6.054395054192587 6.1507330397634705 6.23985154999086 6.302144432103316 6.39031890919561 6.403351762257757 6.535028427145886 6.679268470763395 6.74868430108649 6.8624282563129375 7.120251043442579 7.150319121588646 7.154685567298002 7.241885787877359 7.476663746586818 7.499185476962234 7.600734594110201 7.696673511724024 7.9424083433627555 7.984681120357943 8.049899453982286 8.095105233965375 8.36249249543189 8.370374034095146 8.40992746042145 8.415071415707292 8.589062041461046 8.742048466429436 8.745558173861955 8.92895195013841 8.9616019288882 8.972955826614767 9.31647593676892 9.44490465520936 9.466261270363118 9.6657027711102 9.965945258574875 10.086125758170379 10.193664730637288 10.238822400052575 10.25415960069374 10.431950873063847 10.449371274782232 10.556489723555964 10.614439057159002 10.939276765643891 10.999999999999973 10.999999999999993 11.000000000000005 11.12623249660046 11.473259032740078 11.614357161163054 11.625398869783082 11.633642148641584 11.850536563635345 11.9102339987125 12.089534301062361 12.214619197181728 12.38485044365136 12.435230877218233 12.613467260635344 12.750552241949272 12.815083959567254 12.848465281075084 13.000000000000007 13.054335401670487 13.065588585023827 13.133381775607825 13.187130106066224 13.353186675108052 13.366331293915724 13.491676633071569 13.63500305092054 13.842447452817376 13.99999999999999 
1 -3 0 1.639402709669668 2.2538769893024124 2.8731878284722914 2.9999894678764267 3.041328804928548 3.487452390887987 3.868458450690516 3.979589365451434 4.20905891934279 4.414955844848006 4.602899915698133 4.629573739427084 4.7092885003322555 4.918049771605247 4.987013794341495 5.117431790171968 5.211909142237557 5.310097923255988 5.321386586568243 5.702331710739406 5.707840473428634 6.054395054192587 6.1507330397634705 6.23985154999086 6.302144432103316 6.39031890919561 6.403351762257757 6.535028427145886 6.679268470763395 6.74868430108649 6.8624282563129375 7.120251043442579 7.150319121588646 7.154685567298002 7.241885787877359 7.476663746586818 7.499185476962234 7.600734594110201 7.696673511724024 7.9424083433627555 7.984681120357943 8.049899453982286 8.095105233965375 8.36249249543189 8.370374034095146 8.40992746042145 8.415071415707292 8.589062041461046 8.742048466429436 8.745558173861955 8.92895195013841 8.9616019288882 8.972955826614767 9.31647593676892 9.44490465520936 9.466261270363118 9.6657027711102 9.965945258574875 10.086125758170379 10.193664730637288 10.238822400052575 10.25415960069374 10.431950873063847 10.449371274782232 10.556489723555964 10.614439057159002 10.939276765643891 10.999999999999973 10.999999999999993 11.000000000000005 11.12623249660046 11.473259032740078 11.614357161163054 11.625398869783082 11.633642148641584 11.850536563635345 11.9102339987125 12.089534301062361 12.214619197181728 12.38485044365136 12.435230877218233 12.613467260635344 12.750552241949272 12.815083959567254 12.848465281075084 13.000000000000007 13.054335401670487 13.065588585023827 13.133381775607825 13.187130106066224 13.353186675108052 13.366331293915724 13.491676633071569 13.63500305092054 13.842447452817376 13.99999999999999 
1 -4 0 3.3568114147685564 4.918692752628411 5.5857864376269 5.585786437626902 5.585786437626903 5.585786437626906 6.094950238018478 6.791988803681199 7.505480297192012 7.585786437626904 8.414213562373094 8.414213562373098 8.414213562373098 8.414213562373103 8.50767052837516 8.999999999999995 8.999999999999998 8.999999999999998 9.000000000000002 9.208223718683776 9.960825490255596 10.414213562373098 10.655356756396813 11.000000000000004 
2 -4 0 5.585786437626902 8.414213562373096 9.0 
1 -5 0 3.3568114147685564 4.918692752628411 5.5857864376269 5.585786437626902 5.585786437626903 5.585786437626906 6.094950238018478 6.791988803681199 7.505480297192012 7.585786437626904 8.414213562373094 8.414213562373098 8.414213562373098 8.414213562373103 8.50767052837516 8.999999999999995 8.999999999999998 8.999999999999998 9.000000000000002 9.208223718683776 9.960825490255596 10.414213562373098 10.655356756396813 11.000000000000004 
2 -5 0 5.585786437626902 8.414213562373096 9.0 
0 4 0 2.0 2.3330998749591485 3.2357702379249074 3.631914327622538 4.0 4.0 5.0 5.177790528999669 7.621425030493734 
0 3 0 2.0 2.3330998749591485 3.2357702379249074 3.631914327622538 4.0 4.0 5.0 5.177790528999669 7.621425030493734 
0 2 1 7.494439095845089e-15 0.861092007459726 1.4190523012511302 1.7890291373491354 1.804222416520439 1.9163885856489122 2.2409942870942166 2.272678159848998 2.4678077069093045 2.4980236393476014 2.6280261387348403 2.870255431761557 2.8777929918487604 3.0362503278110378 3.0770040497049016 3.229049601149138 3.3077476706535838 3.4605958214799295 3.475213923340884 3.750290219486465 3.832471605239448 3.8979651172951555 3.995210128319556 4.183190732985344 4.202751084510642 4.203261261644595 4.291239473358187 4.585603972971246 4.656491714624072 4.722715860608088 5.118499039729662 5.148716847924984 5.32496724253298 5.42216032797999 5.5167984890645085 5.570014134035467 5.676672765094248 5.757086306198911 5.863914936609292 5.899354629770063 5.908682010726845 6.081673448241579 6.135618515977245 6.2123251783659885 6.424146309425427 6.430390975104416 6.498667207795434 6.60192062290204 6.607914244381904 6.693718078209297 6.7703534443168305 6.921992002112375 6.931647792568833 7.00555596164391 7.105300534243999 7.283174120944872 7.416385853834607 7.444933195762052 7.583427189696367 7.760896649470196 7.812946319118086 8.070593257723395 8.571587286702421 8.718990129807391 8.83843606781171 8.878934671969292 9.173907855169727 9.373583508885018 9.400155924726947 9.431090449989936 9.637770815617928 9.70735860618961 9.827162098540105 9.91460650672259 9.957967111984578 10.261362319777053 10.573914676810544 10.629116883008082 10.638860165398423 10.699599214492292 10.881714804804918 11.006281455848077 11.358515606642262 11.739501458731862 11.902796332485687 12.32392304742068 
0 1 1 7.494439095845089e-15 0.861092007459726 1.4190523012511302 1.7890291373491354 1.804222416520439 1.9163885856489122 2.2409942870942166 2.272678159848998 2.4678077069093045 2.4980236393476014 2.6280261387348403 2.870255431761557 2.8777929918487604 3.0362503278110378 3.0770040497049016 3.229049601149138 3.3077476706535838 3.4605958214799295 3.475213923340884 3.750290219486465 3.832471605239448 3.8979651172951555 3.995210128319556 4.183190732985344 4.202751084510642 4.203261261644595 4.291239473358187 4.585603972971246 4.656491714624072 4.722715860608088 5.118499039729662 5.148716847924984 5.32496724253298 5.42216032797999 5.5167984890645085 5.570014134035467 5.676672765094248 5.757086306198911 5.863914936609292 5.899354629770063 5.908682010726845 6.081673448241579 6.135618515977245 6.2123251783659885 6.424146309425427 6.430390975104416 6.498667207795434 6.60192062290204 6.607914244381904 6.693718078209297 6.7703534443168305 6.921992002112375 6.931647792568833 7.00555596164391 7.105300534243999 7.283174120944872 7.416385853834607 7.444933195762052 7.583427189696367 7.760896649470196 7.812946319118086 8.070593257723395 8.571587286702421 8.718990129807391 8.83843606781171 8.878934671969292 9.173907855169727 9.373583508885018 9.400155924726947 9.431090449989936 9.637770815617928 9.70735860618961 9.827162098540105 9.91460650672259 9.957967111984578 10.261362319777053 10.573914676810544 10.629116883008082 10.638860165398423 10.699599214492292 10.881714804804918 11.006281455848077 11.358515606642262 11.739501458731862 11.902796332485687 12.32392304742068 
0 0 1 7.925012304769893e-15 0.5288774290264466 0.8275846908850523 1.045980969213145 1.1784156069061105 1.2848579111404137 1.6241552173138696 2.0268243848483967 2.1018230909325464 2.2074100156945002 2.2340515315933804 2.275275652007874 2.4736462212387464 2.5262482712424283 2.569703679896244 2.6892031964147742 2.70964993379411 2.752013338264884 2.860903955876877 2.875391328401826 3.0368409798773883 3.077180894598415 3.1442166822649003 3.2354212532410687 3.257228684156484 3.346319912702549 3.413447331260311 3.43940744340054 3.5206025296952643 3.5681035322237604 3.6304188585374986 3.795250299282887 3.8308189050278187 3.8919155683615925 3.987954862783712 4.010313071323983 4.051799511714474 4.2240380512344 4.305250635161715 4.396365958505486 4.44741798083965 4.450379439250318 4.617744395823547 4.633666768325952 4.677488897156817 4.71056979111364 4.769353047510066 4.850689885382042 4.880731420398817 4.978572049029204 5.02995865832592 5.119751054923334 5.123890797764881 5.126146860156779 5.196801832518791 5.235435914094723 5.263683372909266 5.354492152729901 5.447759939903762 5.466938843350698 5.541584368126421 5.572369992430364 5.646085758946329 5.761171867566341 5.76969366701349 5.78070131087023 5.907702867743726 5.937374365467097 5.956266537957736 6.003535353556823 6.01866601496164 6.1121503711021 6.115285088068919 6.164389548639676 6.179363934158822 6.249166366501452 6.333420966601402 6.334455729343922 6.401792461106722 6.505281960359635 6.575796187062158 6.608704182086079 6.611883467952269 6.637057876845157 6.699225963309321 6.726542099615355 6.783173572501075 6.877891825464589 6.882515777967018 6.8833304079970645 7.014980982694124 7.0259524266468025 7.126426406991487 7.217331434527866 7.264243213582643 7.284609962776581 7.389947473026153 7.397314013205248 7.444400167454585 7.465932972445269 7.484078143899087 7.560814771547959 7.584070641903706 7.62466754647496 7.669684300514986 7.783169138432497 7.879217266992852 7.89629701950257 7.959214085551644 8.000262741311039 8.111957077837745 8.153183799718917 8.244476548594081 8.260220113450188 8.300112623267355 8.337298951158786 8.374736520717391 8.440812689544357 8.476322960426879 8.477356532325732 8.526413951484187 8.585770923268742 8.666059198930105 8.687730790299222 8.88170559143406 8.888537828895746 8.951618245168543 8.983931080854626 9.030042506892642 9.045788521023733 9.09692856511647 9.120384007066608 9.316634146295184 9.316858219474925 9.439335395304429 9.50091956213389 9.578867180549537 9.5962520092284 9.635931204894598 9.712354602047578 9.759965307479394 9.808484483434961 9.820729839287104 9.846173966547594 9.942612940456538 10.001500109936185 10.022637468384277 10.042061630666653 10.19954210327391 10.205760062135505 10.221751653835081 10.257557018415483 10.327386059694952 10.418368722549575 10.452253272747248 10.504224785169745 10.595686503232997 10.65136222166043 10.771040776256816 10.799777206952891 10.891371676514542 10.988032865575047 11.179963700643272 11.237784972332456 11.330230974617605 11.450145716586473 11.534677164204778 11.552448604567461 11.710901298737049 11.741255407496809 11.904469316114534 11.92680196633443 12.010006701477744 12.06248474115374 12.167262298310746 12.221166903854112 12.334672341218404 12.350509095905188 12.392176718027475 12.512850762040584 12.623060633830667 12.641829210181724 12.650089123064312 12.701667794302077 12.715969350182423 12.76620315518274 12.781624202087862 12.813775864931921 12.879184975639689 12.948724849345437 13.135553559419463 13.179230815449717 13.185133043469301 13.20883264725021 13.218736329448808 13.242942692718582 13.271817906334816 13.298656363795985 13.33472997151118 13.360331322454588 13.371196286434277 13.402515802951456 13.41646347593432 13.42168245464267 13.560396446013343 13.611965340261658 13.779386719978328 13.785498666868728 13.901895345217095 13.942535661182115 13.971929005913323 13.999999999999998 14.000000000000007 14.000000000000007 14.167469452376507 14.626143502879886 14.661474118274569 15.270849937391722 15.278294175485287 
0 -1 1 7.925012304769893e-15 0.5288774290264466 0.8275846908850523 1.045980969213145 1.1784156069061105 1.2848579111404137 1.6241552173138696 2.0268243848483967 2.1018230909325464 2.2074100156945002 2.2340515315933804 2.275275652007874 2.4736462212387464 2.5262482712424283 2.569703679896244 2.6892031964147742 2.70964993379411 2.752013338264884 2.860903955876877 2.875391328401826 3.0368409798773883 3.077180894598415 3.1442166822649003 3.2354212532410687 3.257228684156484 3.346319912702549 3.413447331260311 3.43940744340054 3.5206025296952643 3.5681035322237604 3.6304188585374986 3.795250299282887 3.8308189050278187 3.8919155683615925 3.987954862783712 4.010313071323983 4.051799511714474 4.2240380512344 4.305250635161715 4.396365958505486 4.44741798083965 4.450379439250318 4.617744395823547 4.633666768325952 4.677488897156817 4.71056979111364 4.769353047510066 4.850689885382042 4.880731420398817 4.978572049029204 5.02995865832592 5.119751054923334 5.123890797764881 5.126146860156779 5.196801832518791 5.235435914094723 5.263683372909266 5.354492152729901 5.447759939903762 5.466938843350698 5.541584368126421 5.572369992430364 5.646085758946329 5.761171867566341 5.76969366701349 5.78070131087023 5.907702867743726 5.937374365467097 5.956266537957736 6.003535353556823 6.01866601496164 6.1121503711021 6.115285088068919 6.164389548639676 6.179363934158822 6.249166366501452 6.333420966601402 6.334455729343922 6.401792461106722 6.505281960359635 6.575796187062158 6.608704182086079 6.611883467952269 6.637057876845157 6.699225963309321 6.726542099615355 6.783173572501075 6.877891825464589 6.882515777967018 6.8833304079970645 7.014980982694124 7.0259524266468025 7.126426406991487 7.217331434527866 7.264243213582643 7.284609962776581 7.389947473026153 7.397314013205248 7.444400167454585 7.465932972445269 7.484078143899087 7.560814771547959 7.584070641903706 7.62466754647496 7.669684300514986 7.783169138432497 7.879217266992852 7.89629701950257 7.959214085551644 8.000262741311039 8.111957077837745 8.153183799718917 8.244476548594081 8.260220113450188 8.300112623267355 8.337298951158786 8.374736520717391 8.440812689544357 8.476322960426879 8.477356532325732 8.526413951484187 8.585770923268742 8.666059198930105 8.687730790299222 8.88170559143406 8.888537828895746 8.951618245168543 8.983931080854626 9.030042506892642 9.045788521023733 9.09692856511647 9.120384007066608 9.316634146295184 9.316858219474925 9.439335395304429 9.50091956213389 9.578867180549537 9.5962520092284 9.635931204894598 9.712354602047578 9.759965307479394 9.808484483434961 9.820729839287104 9.846173966547594 9.942612940456538 10.001500109936185 10.022637468384277 10.042061630666653 10.19954210327391 10.205760062135505 10.221751653835081 10.257557018415483 10.327386059694952 10.418368722549575 10.452253272747248 10.504224785169745 10.595686503232997 10.65136222166043 10.771040776256816 10.799777206952891 10.891371676514542 10.988032865575047 11.179963700643272 11.237784972332456 11.330230974617605 11.450145716586473 11.534677164204778 11.552448604567461 11.710901298737049 11.741255407496809 11.904469316114534 11.92680196633443 12.010006701477744 12.06248474115374 12.167262298310746 12.221166903854112 12.334672341218404 12.350509095905188 12.392176718027475 12.512850762040584 12.623060633830667 12.641829210181724 12.650089123064312 12.701667794302077 12.715969350182423 12.76620315518274 12.781624202087862 12.813775864931921 12.879184975639689 12.948724849345437 13.135553559419463 13.179230815449717 13.185133043469301 13.20883264725021 13.218736329448808 13.242942692718582 13.271817906334816 13.298656363795985 13.33472997151118 13.360331322454588 13.371196286434277 13.402515802951456 13.41646347593432 13.42168245464267 13.560396446013343 13.611965340261658 13.779386719978328 13.785498666868728 13.901895345217095 13.942535661182115 13.971929005913323 13.999999999999998 14.000000000000007 14.000000000000007 14.167469452376507 14.626143502879886 14.661474118274569 15.270849937391722 15.278294175485287 
0 -2 0 0.4723922756045833 1.3908797389112348 1.4606205322685524 1.6394027096696453 1.887087831982255 1.9084702199066945 2.2538769893024178 2.5093676913350023 2.5686847735689557 2.6628389775889243 2.86213015767361 2.8731878284723007 2.89974123899952 2.9999894678764356 3.0919630250726815 3.137399401536031 3.266228734764108 3.4201718340317946 3.4411609122326445 3.4874523908879755 3.6348756577281183 3.764096661902935 3.868458450690517 3.895187121982562 3.964622357354166 3.9795893654514494 3.9983001944293934 4.0863244535299295 4.206200193607276 4.2090589193427945 4.29783368473259 4.4806050193731854 4.599101890129203 4.602899915698136 4.62957373942708 4.709288500332249 4.803775251471259 4.9180497716052445 4.95130116054458 4.987013794341494 5.039314226366873 5.041443951166712 5.155579933819446 5.187212739625551 5.211909142237551 5.310097923255981 5.321386586568236 5.325590391795323 5.4441001011944845 5.561829839348185 5.575085019048413 5.652558471219392 5.707840473428637 5.775393168560747 5.9003044561513125 5.9063065266216555 5.972200963963994 6.039650680764602 6.1313738289893 6.150733039763465 6.239851549990855 6.255512885893996 6.272172598599972 6.3021444321033115 6.390318909195614 6.403351762257754 6.403702917087562 6.433696697400913 6.535028427145884 6.642510743223643 6.748684301086496 6.759631435763077 6.862428256312939 6.877259143448487 6.880376819732891 7.024892815479733 7.120251043442575 7.154685567297992 7.16770086625497 7.241885787877362 7.267434762483891 7.363204010866137 7.426756535725245 7.499185476962235 7.53491314334602 7.581565276889773 7.600734594110198 7.651386269316546 7.6966735117240415 7.8222156331123065 7.84723262263579 7.942408343362754 7.952225030516855 7.9846811203579415 7.987834523349817 8.049899453982277 8.095105233965384 8.097558114347507 8.157669330027627 8.303955442115386 8.362492495431889 8.386439773845018 8.409927460421452 8.415071415707285 8.477679631594711 8.589062041461041 8.608966793144017 8.615574489497103 8.686660288171954 8.742048466429436 8.745558173861959 8.77258992038677 8.872403583639782 8.880726580814224 8.958549474161332 8.9616019288882 8.972955826614776 9.089842487479489 9.172459704251548 9.202956525134185 9.274467056889563 9.316475936768922 9.409237415422227 9.421638716556707 9.44241786708826 9.444904655209358 9.46626127036313 9.61958096768939 9.64302669906557 9.665702771110203 9.680000063220321 9.755401540904744 9.78659230907867 9.82187734006736 9.965945258574875 9.97087272677461 10.08612575817038 10.092737805150248 10.254159600693733 10.303364893137964 10.357675846763893 10.431950873063847 10.449371274782234 10.492446677553614 10.532643619295682 10.556489723555964 10.559873593471016 10.614439057158997 10.69088179856294 10.735385791067477 10.787983885186955 10.834340748776825 10.911718763434191 10.936957460204079 10.939276765643909 10.960124563202102 11.000000000000005 11.001931769263459 11.077420545235235 11.12623249660046 11.196655419123188 11.432218324334299 11.625398869783082 11.690510405431334 11.822898409617611 11.850536563635355 12.089534301062361 12.21461919718173 12.384850443651356 12.426749906102742 12.435230877218233 12.613467260635339 12.719958842170854 12.750552241949284 12.801970259383124 12.815083959567236 12.848465281075095 12.856852859633243 12.944601330991333 12.986442625976215 13.038885114799728 13.054335401670484 13.065588585023825 13.07048312286147 13.120839174298927 13.133381775607825 13.187130106066233 13.310050073369867 13.353186675108049 13.366331293915735 13.368394757219034 13.405462258390557 13.457789745982556 13.491676633071576 13.542189064690781 13.59168100253419 13.635003050920554 13.674415260104292 13.776933274610657 13.842447452817385 13.874285696006748 13.893060393396018 13.944875772134848 14.000000000000004 14.008936003785156 14.052969440589804 14.062388382178318 14.139775733957602 14.291440549497295 14.315786227935451 14.416647552786111 14.441389873577071 14.501967685011277 14.590238489625628 14.672950895229292 15.137857187265908 15.185800519003934 15.327485742694376 16.00000000000003 
0 -3 0 0.4723922756045833 1.3908797389112348 1.4606205322685524 1.6394027096696453 1.887087831982255 1.9084702199066945 2.2538769893024178 2.5093676913350023 2.5686847735689557 2.6628389775889243 2.86213015767361 2.8731878284723007 2.89974123899952 2.9999894678764356 3.0919630250726815 3.137399401536031 3.266228734764108 3.4201718340317946 3.4411609122326445 3.4874523908879755 3.6348756577281183 3.764096661902935 3.868458450690517 3.895187121982562 3.964622357354166 3.9795893654514494 3.9983001944293934 4.0863244535299295 4.206200193607276 4.2090589193427945 4.29783368473259 4.4806050193731854 4.599101890129203 4.602899915698136 4.62957373942708 4.709288500332249 4.803775251471259 4.9180497716052445 4.95130116054458 4.987013794341494 5.039314226366873 5.041443951166712 5.155579933819446 5.187212739625551 5.211909142237551 5.310097923255981 5.321386586568236 5.325590391795323 5.4441001011944845 5.561829839348185 5.575085019048413 5.652558471219392 5.707840473428637 5.775393168560747 5.9003044561513125 5.9063065266216555 5.972200963963994 6.039650680764602 6.1313738289893 6.150733039763465 6.239851549990855 6.255512885893996 6.272172598599972 6.3021444321033115 6.390318909195614 6.403351762257754 6.403702917087562 6.433696697400913 6.535028427145884 6.642510743223643 6.748684301086496 6.759631435763077 6.862428256312939 6.877259143448487 6.880376819732891 7.024892815479733 7.120251043442575 7.154685567297992 7.16770086625497 7.241885787877362 7.267434762483891 7.363204010866137 7.426756535725245 7.499185476962235 7.53491314334602 7.581565276889773 7.600734594110198 7.651386269316546 7.6966735117240415 7.8222156331123065 7.84723262263579 7.942408343362754 7.952225030516855 7.9846811203579415 7.987834523349817 8.049899453982277 8.095105233965384 8.097558114347507 8.157669330027627 8.303955442115386 8.362492495431889 8.386439773845018 8.409927460421452 8.415071415707285 8.477679631594711 8.589062041461041 8.608966793144017 8.615574489497103 8.686660288171954 8.742048466429436 8.745558173861959 8.77258992038677 8.872403583639782 8.880726580814224 8.958549474161332 8.9616019288882 8.972955826614776 9.089842487479489 9.172459704251548 9.202956525134185 9.274467056889563 9.316475936768922 9.409237415422227 9.421638716556707 9.44241786708826 9.444904655209358 9.46626127036313 9.61958096768939 9.64302669906557 9.665702771110203 9.680000063220321 9.755401540904744 9.78659230907867 9.82187734006736 9.965945258574875 9.97087272677461 10.08612575817038 10.092737805150248 10.254159600693733 10.303364893137964 10.357675846763893 10.431950873063847 10.449371274782234 10.492446677553614 10.532643619295682 10.556489723555964 10.559873593471016 10.614439057158997 10.69088179856294 10.735385791067477 10.787983885186955 10.834340748776825 10.911718763434191 10.936957460204079 10.939276765643909 10.960124563202102 11.000000000000005 11.001931769263459 11.077420545235235 11.12623249660046 11.196655419123188 11.432218324334299 11.625398869783082 11.690510405431334 11.822898409617611 11.850536563635355 12.089534301062361 12.21461919718173 12.384850443651356 12.426749906102742 12.435230877218233 12.613467260635339 12.719958842170854 12.750552241949284 12.801970259383124 12.815083959567236 12.848465281075095 12.856852859633243 12.944601330991333 12.986442625976215 13.038885114799728 13.054335401670484 13.065588585023825 13.07048312286147 13.120839174298927 13.133381775607825 13.187130106066233 13.310050073369867 13.353186675108049 13.366331293915735 13.368394757219034 13.405462258390557 13.457789745982556 13.491676633071576 13.542189064690781 13.59168100253419 13.635003050920554 13.674415260104292 13.776933274610657 13.842447452817385 13.874285696006748 13.893060393396018 13.944875772134848 14.000000000000004 14.008936003785156 14.052969440589804 14.062388382178318 14.139775733957602 14.291440549497295 14.315786227935451 14.416647552786111 14.441389873577071 14.501967685011277 14.590238489625628 14.672950895229292 15.137857187265908 15.185800519003934 15.327485742694376 16.00000000000003 
0 -4 0 1.7146300409055517 2.7800128129937693 3.050037944445621 3.312765991341018 3.3299101387194594 3.3568114147685613 3.5505320851144537 3.7239422606576245 4.010736257843688 4.501568586065163 4.541768355236876 4.918692752628423 5.0211196907374855 5.032150768592624 5.379774376103409 5.585786437626896 5.585786437626897 5.5857864376269 5.585786437626902 5.585786437626905 5.6504496186110105 5.809751827975972 5.834438194598592 6.093368299059558 6.094950238018481 6.21421380229362 6.60262832186284 6.740628930711733 6.785717386996493 6.791988803681201 6.884820814241534 7.00944335709156 7.023546442449864 7.313480321066428 7.505480297192012 7.546245962571901 7.585786437626904 7.585786437626906 7.894383266929542 7.921017773268627 8.106888806671117 8.198999764307489 8.375014203514205 8.414213562373083 8.414213562373087 8.414213562373094 8.414213562373096 8.414213562373103 8.4391991370453 8.507670528375156 8.5099420608082 8.536985946209711 8.617246717972808 8.793311066986632 8.999999999999995 8.999999999999995 8.999999999999998 9.000000000000007 9.00000000000002 9.208223718683788 9.234535720226118 9.358027116089001 9.700915470822256 9.960825490255592 10.259939974487427 10.414213562373089 10.414213562373094 10.415912031870722 10.507588131354124 10.51619976675063 10.65535675639681 10.778906629360522 10.83633115811073 11.0 11.05051707619929 11.067587701190938 11.206890247621404 11.227301697163 11.256692655963022 11.446282010410558 11.565895329590843 11.717200317157664 11.74629111809158 11.777192509769293 11.860303077798571 12.61881892797085 
0 -5 0 1.7146300409055517 2.7800128129937693 3.050037944445621 3.312765991341018 3.3299101387194594 3.3568114147685613 3.5505320851144537 3.7239422606576245 4.010736257843688 4.501568586065163 4.541768355236876 4.918692752628423 5.0211196907374855 5.032150768592624 5.379774376103409 5.585786437626896 5.585786437626897 5.5857864376269 5.585786437626902 5.585786437626905 5.6504496186110105 5.809751827975972 5.834438194598592 6.093368299059558 6.094950238018481 6.21421380229362 6.60262832186284 6.740628930711733 6.785717386996493 6.791988803681201 6.884820814241534 7.00944335709156 7.023546442449864 7.313480321066428 7.505480297192012 7.546245962571901 7.585786437626904 7.585786437626906 7.894383266929542 7.921017773268627 8.106888806671117 8.198999764307489 8.375014203514205 8.414213562373083 8.414213562373087 8.414213562373094 8.414213562373096 8.414213562373103 8.4391991370453 8.507670528375156 8.5099420608082 8.536985946209711 8.617246717972808 8.793311066986632 8.999999999999995 8.999999999999995 8.999999999999998 9.000000000000007 9.00000000000002 9.208223718683788 9.234535720226118 9.358027116089001 9.700915470822256 9.960825490255592 10.259939974487427 10.414213562373089 10.414213562373094 10.415912031870722 10.507588131354124 10.51619976675063 10.65535675639681 10.778906629360522 10.83633115811073 11.0 11.05051707619929 11.067587701190938 11.206890247621404 11.227301697163 11.256692655963022 11.446282010410558 11.565895329590843 11.717200317157664 11.74629111809158 11.777192509769293 11.860303077798571 12.61881892797085 
0 -6 0 3.5857864376269046 6.0 6.0 6.0 6.0 6.000000000000001 6.414213562373096 6.999999999999999 7.999999999999996 
1 -6 0 6.0 
0 -7 0 3.5857864376269046 6.0 6.0 6.0 6.0 6.000000000000001 6.414213562373096 6.999999999999999 7.999999999999996 
1 -7 0 6.0 
-1 4 0 4.0 
-1 3 0 4.0 
-1 2 0 1.8042224165204397 1.9163885856489125 2.4980236393476027 3.0362503278110395 3.229049601149136 3.475213923340887 3.832471605239448 4.202751084510642 4.585603972971252 4.585786437626904 4.656491714624069 4.722715860608088 5.11849903972966 5.324967242532982 5.5167984890645085 5.899354629770061 5.999999999999997 5.999999999999998 6.1356185159772485 6.424146309425442 6.498667207795435 6.607914244381911 7.1053005342439945 7.2831741209448735 7.414213562373094 8.070593257723399 8.571587286702423 8.718990129807388 8.878934671969313 9.173907855169727 9.431090449989934 9.70735860618962 10.57391467681054 
-1 1 0 1.8042224165204397 1.9163885856489125 2.4980236393476027 3.0362503278110395 3.229049601149136 3.475213923340887 3.832471605239448 4.202751084510642 4.585603972971252 4.585786437626904 4.656491714624069 4.722715860608088 5.11849903972966 5.324967242532982 5.5167984890645085 5.899354629770061 5.999999999999997 5.999999999999998 6.1356185159772485 6.424146309425442 6.498667207795435 6.607914244381911 7.1053005342439945 7.2831741209448735 7.414213562373094 8.070593257723399 8.571587286702423 8.718990129807388 8.878934671969313 9.173907855169727 9.431090449989934 9.70735860618962 10.57391467681054 
-1 0 1 1.7763568394002505e-15 0.827584690885055 0.9909967897709275 1.2848579111404084 1.6241552173138842 2.070366220772998 2.1018230909325424 2.234051531593386 2.2752756520078488 2.5262482712424306 2.543213119921164 2.56970367989624 2.6365117920046353 2.6892031964147582 2.7520133382648826 2.8609039558768963 3.144216682264913 3.2572286841564866 3.305935852285595 3.3463199127025613 3.413447331260308 3.5474978977242375 3.630418858537508 3.827701691184677 3.8308189050278334 3.8919155683615907 3.987954862783716 4.021398300576559 4.143612457916175 4.2240380512344 4.396365958505488 4.45037943925033 4.5311475332344875 4.677488897156825 4.710569791113652 4.769353047510068 4.850689885382041 4.978572049029201 5.062004188599577 5.123890797764878 5.125578630556906 5.196801832518796 5.23543591409473 5.354492152729905 5.466938843350695 5.6460857589463345 5.660068075693433 5.700882866333628 5.74211561419494 5.761171867566347 5.780701310870231 5.907702867743726 6.003535353556827 6.031721185947466 6.112491839243155 6.115285088068919 6.164389548639677 6.249166366501457 6.334455729343926 6.401792461106728 6.409395556033608 6.572549141955125 6.575796187062159 6.608704182086076 6.699225963309322 6.726542099615358 6.778829692921202 6.882515777967011 6.987003473595664 7.025952426646802 7.1264264069914836 7.189024640305751 7.217331434527866 7.284609962776589 7.397314013205249 7.511658305688156 7.560814771547958 7.570878657754236 7.584070641903703 7.669684300514983 7.783169138432502 7.896297019502568 7.930034482008946 7.999999999999999 8.002247016787365 8.111957077837744 8.153183799718912 8.162430481181275 8.374736520717398 8.440812689544353 8.476322960426875 8.487348324089742 8.526413951484185 8.604590878949452 8.687730790299216 8.715184529393337 8.88170559143407 8.888537828895755 8.951618245168547 9.030042506892645 9.12038400706661 9.282768630628263 9.316858219474916 9.341089028378876 9.386772955591303 9.500919562133884 9.596252009228385 9.743830098290758 9.759965307479387 9.808484483434967 9.939865646819527 9.942612940456549 10.001500109936188 10.042061630666664 10.188943790593285 10.205760062135502 10.246884627053417 10.257557018415493 10.261674814030114 10.504224785169749 10.63350272255797 10.88646495402733 11.047863147840165 11.111150354182495 11.179963700643277 11.24587617118361 11.330230974617608 11.339648645801338 11.40148372210097 11.534677164204778 11.652896606951087 11.698325290002984 11.710312207328034 11.710901298737044 11.741255407496825 11.90446931611452 11.906227350014158 11.926801966334422 11.999999999999991 12.010006701477753 12.062484741153751 12.167262298310765 12.221166903854131 12.33467234121841 12.350509095905192 12.512850762040582 12.623060633830667 12.650089123064307 12.781624202087857 12.813775864931914 12.948724849345439 13.13555355941943 13.185133043469289 13.208832647250208 13.298656363795986 13.334729971511162 13.371196286434264 13.402515802951466 13.416463475934316 13.611965340261658 13.779386719978344 13.785498666868738 13.999999999999998 14.000000000000002 14.000000000000004 
-1 -1 1 1.7763568394002505e-15 0.827584690885055 0.9909967897709275 1.2848579111404084 1.6241552173138842 2.070366220772998 2.1018230909325424 2.234051531593386 2.2752756520078488 2.5262482712424306 2.543213119921164 2.56970367989624 2.6365117920046353 2.6892031964147582 2.7520133382648826 2.8609039558768963 3.144216682264913 3.2572286841564866 3.305935852285595 3.3463199127025613 3.413447331260308 3.5474978977242375 3.630418858537508 3.827701691184677 3.8308189050278334 3.8919155683615907 3.987954862783716 4.021398300576559 4.143612457916175 4.2240380512344 4.396365958505488 4.45037943925033 4.5311475332344875 4.677488897156825 4.710569791113652 4.769353047510068 4.850689885382041 4.978572049029201 5.062004188599577 5.123890797764878 5.125578630556906 5.196801832518796 5.23543591409473 5.354492152729905 5.466938843350695 5.6460857589463345 5.660068075693433 5.700882866333628 5.74211561419494 5.761171867566347 5.780701310870231 5.907702867743726 6.003535353556827 6.031721185947466 6.112491839243155 6.115285088068919 6.164389548639677 6.249166366501457 6.334455729343926 6.401792461106728 6.409395556033608 6.572549141955125 6.575796187062159 6.608704182086076 6.699225963309322 6.726542099615358 6.778829692921202 6.882515777967011 6.987003473595664 7.025952426646802 7.1264264069914836 7.189024640305751 7.217331434527866 7.284609962776589 7.397314013205249 7.511658305688156 7.560814771547958 7.570878657754236 7.584070641903703 7.669684300514983 7.783169138432502 7.896297019502568 7.930034482008946 7.999999999999999 8.002247016787365 8.111957077837744 8.153183799718912 8.162430481181275 8.374736520717398 8.440812689544353 8.476322960426875 8.487348324089742 8.526413951484185 8.604590878949452 8.687730790299216 8.715184529393337 8.88170559143407 8.888537828895755 8.951618245168547 9.030042506892645 9.12038400706661 9.282768630628263 9.316858219474916 9.341089028378876 9.386772955591303 9.500919562133884 9.596252009228385 9.743830098290758 9.759965307479387 9.808484483434967 9.939865646819527 9.942612940456549 10.001500109936188 10.042061630666664 10.188943790593285 10.205760062135502 10.246884627053417 10.257557018415493 10.261674814030114 10.504224785169749 10.63350272255797 10.88646495402733 11.047863147840165 11.111150354182495 11.179963700643277 11.24587617118361 11.330230974617608 11.339648645801338 11.40148372210097 11.534677164204778 11.652896606951087 11.698325290002984 11.710312207328034 11.710901298737044 11.741255407496825 11.90446931611452 11.906227350014158 11.926801966334422 11.999999999999991 12.010006701477753 12.062484741153751 12.167262298310765 12.221166903854131 12.33467234121841 12.350509095905192 12.512850762040582 12.623060633830667 12.650089123064307 12.781624202087857 12.813775864931914 12.948724849345439 13.13555355941943 13.185133043469289 13.208832647250208 13.298656363795986 13.334729971511162 13.371196286434264 13.402515802951466 13.416463475934316 13.611965340261658 13.779386719978344 13.785498666868738 13.999999999999998 14.000000000000002 14.000000000000004 
-1 -2 0 0.31888157723183974 0.4723922756045851 1.0170355529581705 1.364210037189485 1.3908797389112593 1.4606205322685772 1.5460603226476015 1.8444070855337251 1.8870878319822633 1.908470219906712 1.915631775912466 2.0577579357627815 2.1896636889729737 2.4249212690583075 2.5093676913350205 2.568684773568937 2.6098418912040593 2.662838977588898 2.8621301576735974 2.8662009597301528 2.899741238999534 3.039871304828244 3.091963025072674 3.1373994015360314 3.1571201861620235 3.255550522262765 3.266228734764098 3.295104630252284 3.3196870127669382 3.420171834031783 3.441160912232642 3.544595725857129 3.6348756577281285 3.7375764306754857 3.764096661902923 3.8147773932994187 3.8951871219825582 3.9646223573541657 3.9983001944293846 4.086324453529952 4.132488104988073 4.2062001936072875 4.243577466135641 4.297833684732574 4.343340401170134 4.442418417852098 4.471652199249243 4.480605019373186 4.599101890129201 4.636775398106145 4.687702408781248 4.803775251471258 4.859867421529164 4.941412036449379 4.951301160544588 5.039314226366875 5.041443951166717 5.118902955841229 5.139918865935948 5.155579933819453 5.18721273962555 5.294429123781596 5.314910759571704 5.325590391795319 5.444100101194493 5.520831627779679 5.561829839348188 5.575085019048404 5.6002190183503435 5.64542394811458 5.652558471219386 5.709255793884579 5.775393168560775 5.835005220786281 5.900304456151324 5.906306526621657 5.972200963964004 6.039650680764608 6.131373828989322 6.1763307707909885 6.2555128858939915 6.272172598599974 6.274621835434311 6.349020055069462 6.403702917087561 6.43369669740092 6.61794532117307 6.64251074322364 6.7142223903853555 6.759631435763082 6.877259143448479 6.880376819732902 6.939466408182316 6.974327663265447 7.008069714105927 7.024892815479747 7.167700866254959 7.25678761116872 7.267434762483896 7.3072697680493786 7.363204010866146 7.426756535725256 7.5349131433460235 7.5625753482747475 7.581565276889762 7.599610741833625 7.649303271656134 7.651386269316549 7.696729210292245 7.822215633112309 7.8472326226358 7.8613596801876 7.876125455246916 7.952225030516849 7.979798924378319 7.987834523349818 8.097558114347503 8.157669330027634 8.228794448887964 8.291761317186705 8.30395544211539 8.386439773845018 8.477679631594718 8.508383279260409 8.60611703848304 8.60896679314402 8.61557448949709 8.66569761743605 8.686660288171955 8.769163890652422 8.772589920386771 8.842127967099099 8.87240358363978 8.880726580814223 8.958549474161332 8.963163283356547 9.089842487479489 9.172459704251558 9.187869842305892 9.202956525134185 9.274467056889556 9.376774359247108 9.404720253212606 9.409237415422236 9.421638716556703 9.433498370567856 9.442417867088256 9.468000406035378 9.588711868040559 9.619580967689393 9.643026699065578 9.680000063220321 9.715882773479716 9.755401540904748 9.78659230907866 9.796105135059932 9.82187734006736 9.87412476025303 9.892964162095186 9.900063852817663 9.925007829566201 9.970872726774616 9.996471902451193 10.092737805150252 10.256555939219572 10.303364893137962 10.310390488334503 10.357675846763891 10.407718052367589 10.492446677553607 10.532643619295685 10.537075879202119 10.5424119391335 10.55987359347101 10.575863023489198 10.640144941173313 10.69088179856295 10.718452005164142 10.721011376677625 10.735385791067477 10.787983885186952 10.83434074877681 10.911718763434182 10.936957460204075 10.960124563202088 10.989512353092213 10.997905811715336 11.001931769263464 11.019934660224639 11.061729933500372 11.077420545235228 11.19665541912319 11.43221832433428 11.629194153581425 11.69051040543134 11.822898409617608 12.34745387653786 12.426749906102748 12.702906644305282 12.719958842170842 12.801970259383124 12.85685285963324 12.87731609501641 12.923717759694693 12.938147842343373 12.944601330991286 12.986442625976206 12.989918929425677 13.038885114799731 13.070483122861464 13.120839174298924 13.124091042015559 13.125350253474682 13.18091048290065 13.206672611693309 13.264609076594477 13.310050073369858 13.368394757219043 13.382062983585648 13.382824646755449 13.405462258390559 13.435647251345756 13.450445808495243 13.45778974598255 13.534238351213716 13.542189064690792 13.591681002534196 13.624066479790509 13.636678021844396 13.674415260104315 13.708298473872812 13.77693327461066 13.874285696006753 13.893060393396022 13.944875772134855 13.95526859644958 14.008936003785163 14.052969440589823 14.062388382178312 14.139775733957608 14.282929597517349 14.291440549497288 14.315786227935464 14.4166475527861 14.44138987357706 14.50196768501129 14.590238489625625 14.61409826106876 14.672950895229292 14.726898226220662 14.750942397481294 14.832500032382965 14.959676545711071 15.04646923284601 15.13785718726589 15.185800519003934 15.327485742694385 15.353274296183077 15.456261591261121 15.46542623576202 15.523867158551658 15.524655649008942 15.728479994172382 15.999999999999996 15.999999999999996 16.000000000000014 
-1 -3 0 0.31888157723183974 0.4723922756045851 1.0170355529581705 1.364210037189485 1.3908797389112593 1.4606205322685772 1.5460603226476015 1.8444070855337251 1.8870878319822633 1.908470219906712 1.915631775912466 2.0577579357627815 2.1896636889729737 2.4249212690583075 2.5093676913350205 2.568684773568937 2.6098418912040593 2.662838977588898 2.8621301576735974 2.8662009597301528 2.899741238999534 3.039871304828244 3.091963025072674 3.1373994015360314 3.1571201861620235 3.255550522262765 3.266228734764098 3.295104630252284 3.3196870127669382 3.420171834031783 3.441160912232642 3.544595725857129 3.6348756577281285 3.7375764306754857 3.764096661902923 3.8147773932994187 3.8951871219825582 3.9646223573541657 3.9983001944293846 4.086324453529952 4.132488104988073 4.2062001936072875 4.243577466135641 4.297833684732574 4.343340401170134 4.442418417852098 4.471652199249243 4.480605019373186 4.599101890129201 4.636775398106145 4.687702408781248 4.803775251471258 4.859867421529164 4.941412036449379 4.951301160544588 5.039314226366875 5.041443951166717 5.118902955841229 5.139918865935948 5.155579933819453 5.18721273962555 5.294429123781596 5.314910759571704 5.325590391795319 5.444100101194493 5.520831627779679 5.561829839348188 5.575085019048404 5.6002190183503435 5.64542394811458 5.652558471219386 5.709255793884579 5.775393168560775 5.835005220786281 5.900304456151324 5.906306526621657 5.972200963964004 6.039650680764608 6.131373828989322 6.1763307707909885 6.2555128858939915 6.272172598599974 6.274621835434311 6.349020055069462 6.403702917087561 6.43369669740092 6.61794532117307 6.64251074322364 6.7142223903853555 6.759631435763082 6.877259143448479 6.880376819732902 6.939466408182316 6.974327663265447 7.008069714105927 7.024892815479747 7.167700866254959 7.25678761116872 7.267434762483896 7.3072697680493786 7.363204010866146 7.426756535725256 7.5349131433460235 7.5625753482747475 7.581565276889762 7.599610741833625 7.649303271656134 7.651386269316549 7.696729210292245 7.822215633112309 7.8472326226358 7.8613596801876 7.876125455246916 7.952225030516849 7.979798924378319 7.987834523349818 8.097558114347503 8.157669330027634 8.228794448887964 8.291761317186705 8.30395544211539 8.386439773845018 8.477679631594718 8.508383279260409 8.60611703848304 8.60896679314402 8.61557448949709 8.66569761743605 8.686660288171955 8.769163890652422 8.772589920386771 8.842127967099099 8.87240358363978 8.880726580814223 8.958549474161332 8.963163283356547 9.089842487479489 9.172459704251558 9.187869842305892 9.202956525134185 9.274467056889556 9.376774359247108 9.404720253212606 9.409237415422236 9.421638716556703 9.433498370567856 9.442417867088256 9.468000406035378 9.588711868040559 9.619580967689393 9.643026699065578 9.680000063220321 9.715882773479716 9.755401540904748 9.78659230907866 9.796105135059932 9.82187734006736 9.87412476025303 9.892964162095186 9.900063852817663 9.925007829566201 9.970872726774616 9.996471902451193 10.092737805150252 10.256555939219572 10.303364893137962 10.310390488334503 10.357675846763891 10.407718052367589 10.492446677553607 10.532643619295685 10.537075879202119 10.5424119391335 10.55987359347101 10.575863023489198 10.640144941173313 10.69088179856295 10.718452005164142 10.721011376677625 10.735385791067477 10.787983885186952 10.83434074877681 10.911718763434182 10.936957460204075 10.960124563202088 10.989512353092213 10.997905811715336 11.001931769263464 11.019934660224639 11.061729933500372 11.077420545235228 11.19665541912319 11.43221832433428 11.629194153581425 11.69051040543134 11.822898409617608 12.34745387653786 12.426749906102748 12.702906644305282 12.719958842170842 12.801970259383124 12.85685285963324 12.87731609501641 12.923717759694693 12.938147842343373 12.944601330991286 12.986442625976206 12.989918929425677 13.038885114799731 13.070483122861464 13.120839174298924 13.124091042015559 13.125350253474682 13.18091048290065 13.206672611693309 13.264609076594477 13.310050073369858 13.368394757219043 13.382062983585648 13.382824646755449 13.405462258390559 13.435647251345756 13.450445808495243 13.45778974598255 13.534238351213716 13.542189064690792 13.591681002534196 13.624066479790509 13.636678021844396 13.674415260104315 13.708298473872812 13.77693327461066 13.874285696006753 13.893060393396022 13.944875772134855 13.95526859644958 14.008936003785163 14.052969440589823 14.062388382178312 14.139775733957608 14.282929597517349 14.291440549497288 14.315786227935464 14.4166475527861 14.44138987357706 14.50196768501129 14.590238489625625 14.61409826106876 14.672950895229292 14.726898226220662 14.750942397481294 14.832500032382965 14.959676545711071 15.04646923284601 15.13785718726589 15.185800519003934 15.327485742694385 15.353274296183077 15.456261591261121 15.46542623576202 15.523867158551658 15.524655649008942 15.728479994172382 15.999999999999996 15.999999999999996 16.000000000000014 
-1 -4 0 0.9286604662548008 1.3034855170963766 1.7146300409055149 1.8051756889569828 1.8305393671789438 1.9685325130881008 2.328470061611508 2.5694525216804105 2.705869178206503 2.780012812993763 2.904877731197712 2.9828306342657935 3.0500379444456414 3.1207398165082636 3.2328574827365215 3.312765991341014 3.327474747514136 3.3299101387194696 3.436337270317837 3.5505320851144635 3.6631352441905762 3.7239422606576253 3.7568779711514075 3.9292992809702034 4.0107362578437025 4.022761997569597 4.26234770421141 4.304045956611938 4.3755072908855155 4.501568586065178 4.529401061320937 4.54176835523687 4.622715331111538 4.667600708834159 4.953421798796796 4.990021750005839 5.010637026507062 5.021119690737493 5.032150768592617 5.123679503975925 5.17374784831851 5.26846471031884 5.379774376103407 5.585786437626898 5.585786437626907 5.650449618611012 5.779519143483646 5.809751827975978 5.834438194598597 5.893922148111622 6.093368299059553 6.105662348264071 6.176736361718799 6.214213802293616 6.326600047526812 6.413911524894702 6.460900765410471 6.59117188259686 6.602628321862835 6.726031135872156 6.740628930711726 6.752953642148408 6.7857173869965015 6.884820814241536 6.909893792480552 7.009443357091558 7.023546442449866 7.045360774445601 7.181131796967275 7.257296245090126 7.2975003435370915 7.313480321066429 7.389529781814594 7.546245962571903 7.585786437626906 7.5921159819681705 7.613003355217886 7.749951138782322 7.778749848892763 7.865015095979475 7.8943832669295455 7.921017773268622 8.030488892008755 8.083083146213404 8.106888806671106 8.198999764307482 8.237640662159034 8.331101194179958 8.375014203514201 8.389175975373629 8.414213562373096 8.414213562373096 8.439199137045303 8.461076582360132 8.509942060808196 8.536985946209713 8.617246717972803 8.670315997261797 8.714616546906882 8.77934567426258 8.793311066986632 8.826531148545422 8.859083750860426 8.999999999999993 8.999999999999998 9.092538395545992 9.127476951757666 9.233145021437648 9.234535720226113 9.354432469127673 9.358027116088989 9.700915470822245 9.762808394999656 10.259939974487427 10.414213562373092 10.414997672723272 10.415912031870727 10.446451923472 10.50758813135412 10.508273015040901 10.516199766750622 10.778906629360517 10.836331158110726 10.86984589803801 11.01250880359255 11.0484905991254 11.050517076199283 11.067587701190934 11.20689024762141 11.22730169716299 11.25669265596302 11.397370838369243 11.44628201041056 11.565895329590836 11.62600186044713 11.717200317157667 11.74629111809158 11.776834392194818 11.777192509769288 11.860303077798568 11.869060758250349 11.951224533546082 11.957465151439058 12.136700724098096 12.166493812614428 12.271507896911006 12.382118673686103 12.472360105549757 12.490163861888599 12.569725675667762 12.618818927970846 12.67379822327703 12.699014602556353 12.767670132556326 12.822681479607267 12.885548481459054 12.951299133307497 12.98548822089225 13.066347362335863 13.155859576856873 13.258860086392703 13.364357573307787 13.48750968211678 13.774018924589623 13.781164184491978 
-1 -5 0 0.9286604662548008 1.3034855170963766 1.7146300409055149 1.8051756889569828 1.8305393671789438 1.9685325130881008 2.328470061611508 2.5694525216804105 2.705869178206503 2.780012812993763 2.904877731197712 2.9828306342657935 3.0500379444456414 3.1207398165082636 3.2328574827365215 3.312765991341014 3.327474747514136 3.3299101387194696 3.436337270317837 3.5505320851144635 3.6631352441905762 3.7239422606576253 3.7568779711514075 3.9292992809702034 4.0107362578437025 4.022761997569597 4.26234770421141 4.304045956611938 4.3755072908855155 4.501568586065178 4.529401061320937 4.54176835523687 4.622715331111538 4.667600708834159 4.953421798796796 4.990021750005839 5.010637026507062 5.021119690737493 5.032150768592617 5.123679503975925 5.17374784831851 5.26846471031884 5.379774376103407 5.585786437626898 5.585786437626907 5.650449618611012 5.779519143483646 5.809751827975978 5.834438194598597 5.893922148111622 6.093368299059553 6.105662348264071 6.176736361718799 6.214213802293616 6.326600047526812 6.413911524894702 6.460900765410471 6.59117188259686 6.602628321862835 6.726031135872156 6.740628930711726 6.752953642148408 6.7857173869965015 6.884820814241536 6.909893792480552 7.009443357091558 7.023546442449866 7.045360774445601 7.181131796967275 7.257296245090126 7.2975003435370915 7.313480321066429 7.389529781814594 7.546245962571903 7.585786437626906 7.5921159819681705 7.613003355217886 7.749951138782322 7.778749848892763 7.865015095979475 7.8943832669295455 7.921017773268622 8.030488892008755 8.083083146213404 8.106888806671106 8.198999764307482 8.237640662159034 8.331101194179958 8.375014203514201 8.389175975373629 8.414213562373096 8.414213562373096 8.439199137045303 8.461076582360132 8.509942060808196 8.536985946209713 8.617246717972803 8.670315997261797 8.714616546906882 8.77934567426258 8.793311066986632 8.826531148545422 8.859083750860426 8.999999999999993 8.999999999999998 9.092538395545992 9.127476951757666 9.233145021437648 9.234535720226113 9.354432469127673 9.358027116088989 9.700915470822245 9.762808394999656 10.259939974487427 10.414213562373092 10.414997672723272 10.415912031870727 10.446451923472 10.50758813135412 10.508273015040901 10.516199766750622 10.778906629360517 10.836331158110726 10.86984589803801 11.01250880359255 11.0484905991254 11.050517076199283 11.067587701190934 11.20689024762141 11.22730169716299 11.25669265596302 11.397370838369243 11.44628201041056 11.565895329590836 11.62600186044713 11.717200317157667 11.74629111809158 11.776834392194818 11.777192509769288 11.860303077798568 11.869060758250349 11.951224533546082 11.957465151439058 12.136700724098096 12.166493812614428 12.271507896911006 12.382118673686103 12.472360105549757 12.490163861888599 12.569725675667762 12.618818927970846 12.67379822327703 12.699014602556353 12.767670132556326 12.822681479607267 12.885548481459054 12.951299133307497 12.98548822089225 13.066347362335863 13.155859576856873 13.258860086392703 13.364357573307787 13.48750968211678 13.774018924589623 13.781164184491978 
-1 -6 0 2.3480003492283195 2.485863070664709 3.0973275175834813 3.585786437626904 3.585786437626904 3.5857864376269055 3.9123828961412244 4.4280067316838005 4.956546318530859 5.584776958898143 5.999999999999998 5.999999999999999 5.999999999999999 5.999999999999999 6.0 6.0 6.0 6.0 6.000000000000006 6.414213562373093 6.414213562373095 6.414213562373099 6.484259354470345 7.000000000000003 7.000000000000004 7.086130197651493 7.121192813786698 7.9999999999999964 7.999999999999997 8.0 8.465992339205838 8.696758436724673 10.332763015430425 
-1 -7 0 2.3480003492283195 2.485863070664709 3.0973275175834813 3.585786437626904 3.585786437626904 3.5857864376269055 3.9123828961412244 4.4280067316838005 4.956546318530859 5.584776958898143 5.999999999999998 5.999999999999999 5.999999999999999 5.999999999999999 6.0 6.0 6.0 6.0 6.000000000000006 6.414213562373093 6.414213562373095 6.414213562373099 6.484259354470345 7.000000000000003 7.000000000000004 7.086130197651493 7.121192813786698 7.9999999999999964 7.999999999999997 8.0 8.465992339205838 8.696758436724673 10.332763015430425 
-2 2 0 4.585786437626905 5.999999999999999 6.0 7.414213562373096 
-2 1 0 4.585786437626905 5.999999999999999 6.0 7.414213562373096 
-2 0 0 0.9909967897708905 2.0703662207729967 2.543213119921147 2.6365117920046277 3.305935852285592 3.5474978977242206 3.827701691184687 4.02139830057656 4.14361245791618 4.531147533234475 5.062004188599583 5.125578630556917 5.660068075693426 5.700882866333635 5.742115614194931 5.999999999999999 6.031721185947463 6.112491839243148 6.409395556033609 6.572549141955129 6.5857864376269 6.778829692921212 6.987003473595662 7.1890246403057505 7.511658305688157 7.570878657754238 7.930034482008948 7.999999999999994 7.999999999999999 8.002247016787365 8.162430481181271 8.487348324089746 8.604590878949448 8.715184529393337 8.999999999999991 8.999999999999998 9.28276863062826 9.341089028378878 9.386772955591299 9.41421356237309 9.743830098290758 9.93986564681953 10.188943790593282 10.246884627053419 10.261674814030128 10.633502722557978 10.886464954027334 11.047863147840165 11.111150354182502 11.24587617118361 11.339648645801342 11.401483722100961 11.652896606951087 11.698325290003 11.710312207328018 11.906227350014145 11.999999999999995 
-2 -1 0 0.9909967897708905 2.0703662207729967 2.543213119921147 2.6365117920046277 3.305935852285592 3.5474978977242206 3.827701691184687 4.02139830057656 4.14361245791618 4.531147533234475 5.062004188599583 5.125578630556917 5.660068075693426 5.700882866333635 5.742115614194931 5.999999999999999 6.031721185947463 6.112491839243148 6.409395556033609 6.572549141955129 6.5857864376269 6.778829692921212 6.987003473595662 7.1890246403057505 7.511658305688157 7.570878657754238 7.930034482008948 7.999999999999994 7.999999999999999 8.002247016787365 8.162430481181271 8.487348324089746 8.604590878949448 8.715184529393337 8.999999999999991 8.999999999999998 9.28276863062826 9.341089028378878 9.386772955591299 9.41421356237309 9.743830098290758 9.93986564681953 10.188943790593282 10.246884627053419 10.261674814030128 10.633502722557978 10.886464954027334 11.047863147840165 11.111150354182502 11.24587617118361 11.339648645801342 11.401483722100961 11.652896606951087 11.698325290003 11.710312207328018 11.906227350014145 11.999999999999995 
-2 -2 0 0.3188815772318563 1.0170355529581787 1.3642100371894823 1.5460603226476313 1.643817682092399 1.8444070855337193 1.9156317759124595 2.057757935762777 2.1896636889729884 2.4249212690582835 2.6098418912040597 2.866200959730152 3.0398713048282326 3.1571201861620235 3.2555505222627628 3.295104630252274 3.3196870127669382 3.5283079657551095 3.5445957258571186 3.737576430675475 3.8147773932994222 3.9608008457058688 4.132488104988081 4.1693145719091165 4.243577466135635 4.343340401170139 4.4424184178521 4.466421595715571 4.471652199249246 4.582827399728806 4.636775398106151 4.687702408781246 4.859867421529168 4.94141203644938 4.958128674278587 5.118902955841229 5.139918865935943 5.294429123781594 5.314910759571704 5.5208316277796765 5.600219018350343 5.615829846167102 5.645423948114571 5.709255793884585 5.788066840371739 5.835005220786284 5.966699026607022 6.17633077079099 6.274621835434314 6.331152133185557 6.349020055069461 6.617945321173068 6.714222390385358 6.939466408182314 6.974327663265449 7.008069714105924 7.2235465779697705 7.256787611168719 7.307269768049378 7.425354371297403 7.562575348274745 7.59961074183362 7.649303271656128 7.696729210292242 7.8613596801876025 7.876125455246921 7.979798924378318 8.02607781050503 8.209781634108245 8.228794448887959 8.291761317186701 8.400240060006933 8.508383279260412 8.584848650437578 8.606117038483031 8.665697617436038 8.769163890652418 8.842127967099083 8.963163283356545 9.118765962981486 9.187869842305885 9.376774359247115 9.404720253212606 9.433498370567861 9.468000406035376 9.588711868040557 9.642597434764262 9.715882773479713 9.753689249307309 9.796105135059932 9.874124760253034 9.892964162095184 9.900063852817656 9.925007829566196 9.99647190245119 9.997917801854896 10.256555939219572 10.3103904883345 10.384432082439073 10.40771805236759 10.537075879202114 10.542411939133496 10.575863023489198 10.640144941173313 10.718452005164151 10.721011376677625 10.803068619337722 10.989512353092213 10.99790581171534 11.019934660224633 11.06172993350037 11.285211386529603 11.532155357246225 11.580875999876682 11.62919415358143 11.72280407089536 11.848002550578466 12.117905576005304 12.347453876537864 12.3925701370428 12.5049446601927 12.702906644305278 12.856160554773377 12.8773160950164 12.923717759694693 12.938147842343382 12.98991892942568 12.990179576032153 12.99999999999999 12.999999999999996 13.0 13.000000000000004 13.000000000000009 13.124091042015563 13.12535025347469 13.18091048290063 13.20667261169331 13.230501434618933 13.26460907659448 13.382062983585643 13.382824646755457 13.435647251345745 13.450445808495243 13.534238351213727 13.56827032196869 13.624066479790521 13.6366780218444 13.70829847387282 13.788731537713106 13.955268596449583 14.000000000000007 14.282929597517331 14.614098261068769 14.72689822622068 14.750942397481296 14.832500032382981 14.959676545711062 15.046469232846023 15.353274296183079 15.456261591261145 15.46542623576203 15.523867158551655 15.52465564900897 15.72847999417241 16.0 16.00000000000001 
-2 -3 0 0.3188815772318563 1.0170355529581787 1.3642100371894823 1.5460603226476313 1.643817682092399 1.8444070855337193 1.9156317759124595 2.057757935762777 2.1896636889729884 2.4249212690582835 2.6098418912040597 2.866200959730152 3.0398713048282326 3.1571201861620235 3.2555505222627628 3.295104630252274 3.3196870127669382 3.5283079657551095 3.5445957258571186 3.737576430675475 3.8147773932994222 3.9608008457058688 4.132488104988081 4.1693145719091165 4.243577466135635 4.343340401170139 4.4424184178521 4.466421595715571 4.471652199249246 4.582827399728806 4.636775398106151 4.687702408781246 4.859867421529168 4.94141203644938 4.958128674278587 5.118902955841229 5.139918865935943 5.294429123781594 5.314910759571704 5.5208316277796765 5.600219018350343 5.615829846167102 5.645423948114571 5.709255793884585 5.788066840371739 5.835005220786284 5.966699026607022 6.17633077079099 6.274621835434314 6.331152133185557 6.349020055069461 6.617945321173068 6.714222390385358 6.939466408182314 6.974327663265449 7.008069714105924 7.2235465779697705 7.256787611168719 7.307269768049378 7.425354371297403 7.562575348274745 7.59961074183362 7.649303271656128 7.696729210292242 7.8613596801876025 7.876125455246921 7.979798924378318 8.02607781050503 8.209781634108245 8.228794448887959 8.291761317186701 8.400240060006933 8.508383279260412 8.584848650437578 8.606117038483031 8.665697617436038 8.769163890652418 8.842127967099083 8.963163283356545 9.118765962981486 9.187869842305885 9.376774359247115 9.404720253212606 9.433498370567861 9.468000406035376 9.588711868040557 9.642597434764262 9.715882773479713 9.753689249307309 9.796105135059932 9.874124760253034 9.892964162095184 9.900063852817656 9.925007829566196 9.99647190245119 9.997917801854896 10.256555939219572 10.3103904883345 10.384432082439073 10.40771805236759 10.537075879202114 10.542411939133496 10.575863023489198 10.640144941173313 10.718452005164151 10.721011376677625 10.803068619337722 10.989512353092213 10.99790581171534 11.019934660224633 11.06172993350037 11.285211386529603 11.532155357246225 11.580875999876682 11.62919415358143 11.72280407089536 11.848002550578466 12.117905576005304 12.347453876537864 12.3925701370428 12.5049446601927 12.702906644305278 12.856160554773377 12.8773160950164 12.923717759694693 12.938147842343382 12.98991892942568 12.990179576032153 12.99999999999999 12.999999999999996 13.0 13.000000000000004 13.000000000000009 13.124091042015563 13.12535025347469 13.18091048290063 13.20667261169331 13.230501434618933 13.26460907659448 13.382062983585643 13.382824646755457 13.435647251345745 13.450445808495243 13.534238351213727 13.56827032196869 13.624066479790521 13.6366780218444 13.70829847387282 13.788731537713106 13.955268596449583 14.000000000000007 14.282929597517331 14.614098261068769 14.72689822622068 14.750942397481296 14.832500032382981 14.959676545711062 15.046469232846023 15.353274296183079 15.456261591261145 15.46542623576203 15.523867158551655 15.52465564900897 15.72847999417241 16.0 16.00000000000001 
-2 -4 1 2.1316282072803006e-14 0.9286604662547628 1.2126708000967412 1.3034855170964117 1.5667712422161593 1.8051756889569937 1.8305393671789612 1.968532513088111 2.013597707351979 2.3284700616114877 2.569452521680413 2.705869178206503 2.720008947636317 2.904877731197711 2.9828306342657633 3.1207398165082716 3.2011109491889034 3.232857482736536 3.327474747514143 3.4235754454834115 3.4363372703178094 3.486005217110542 3.663135244190577 3.756877971151415 3.8390967099000632 3.9190244445148976 3.929299280970202 4.022761997569618 4.200020501189179 4.26234770421142 4.3040459566119385 4.375507290885506 4.381114331515423 4.448199468785736 4.529401061320934 4.622715331111541 4.629675566193638 4.66760070883415 4.953421798796797 4.971374812105428 4.990021750005833 5.010637026507063 5.122006756128385 5.123679503975923 5.173747848318507 5.2684647103188365 5.312412843695667 5.494175617881717 5.539616097581256 5.7795191434836495 5.78645212451815 5.893922148111622 5.981333128796324 6.039446487584994 6.105662348264069 6.176736361718794 6.326600047526822 6.3291216629534155 6.413911524894695 6.460900765410465 6.59117188259687 6.67889678799609 6.726031135872158 6.7529536421484035 6.81501598530526 6.909893792480548 7.013868469179398 7.045360774445604 7.159015842906433 7.181131796967275 7.257296245090135 7.297500343537087 7.3895297818145975 7.390222868875553 7.592115981968165 7.613003355217889 7.741980469814972 7.749951138782323 7.778749848892759 7.836630355187417 7.865015095979474 7.95554859243679 8.030488892008748 8.083083146213397 8.237640662159032 8.240214956951334 8.331101194179954 8.389175975373627 8.461076582360134 8.632431420947945 8.670315997261792 8.714616546906882 8.779345674262569 8.783704268497205 8.826531148545422 8.859083750860417 9.00730553933207 9.092538395545988 9.12747695175766 9.141222285928839 9.196693909153227 9.233145021437656 9.285526484216174 9.354432469127685 9.436825691239507 9.457998077914786 9.553488685791887 9.613271502782485 9.762808394999658 10.084969160284665 10.414997672723276 10.446451923472003 10.457588659487714 10.508273015040906 10.598845590634108 10.869845898038013 11.01250880359253 11.048490599125392 11.397370838369245 11.626001860447133 11.77683439219481 11.869060758250356 11.951224533546073 11.957465151439063 12.136700724098096 12.166493812614423 12.271507896911016 12.382118673686106 12.47236010554973 12.490163861888583 12.533047940840131 12.569725675667758 12.67379822327703 12.699014602556373 12.758596312000595 12.767670132556319 12.822681479607262 12.885548481459049 12.951299133307494 12.985488220892245 13.010086646855482 13.066347362335867 13.155859576856846 13.2588600863927 13.283188126402374 13.325678820709575 13.364357573307768 13.404886765095648 13.487509682116814 13.699790698617162 13.733494229936715 13.774018924589587 13.781164184491953 13.95710456933875 13.979903821741686 14.050899825203254 14.30235411465502 14.326980765816227 14.501682451993014 14.540960418197459 14.632193251946886 14.65396968318317 14.838708423708518 14.886215020011507 15.075210120645314 15.80697152580921 
-2 -5 1 2.1316282072803006e-14 0.9286604662547628 1.2126708000967412 1.3034855170964117 1.5667712422161593 1.8051756889569937 1.8305393671789612 1.968532513088111 2.013597707351979 2.3284700616114877 2.569452521680413 2.705869178206503 2.720008947636317 2.904877731197711 2.9828306342657633 3.1207398165082716 3.2011109491889034 3.232857482736536 3.327474747514143 3.4235754454834115 3.4363372703178094 3.486005217110542 3.663135244190577 3.756877971151415 3.8390967099000632 3.9190244445148976 3.929299280970202 4.022761997569618 4.200020501189179 4.26234770421142 4.3040459566119385 4.375507290885506 4.381114331515423 4.448199468785736 4.529401061320934 4.622715331111541 4.629675566193638 4.66760070883415 4.953421798796797 4.971374812105428 4.990021750005833 5.010637026507063 5.122006756128385 5.123679503975923 5.173747848318507 5.2684647103188365 5.312412843695667 5.494175617881717 5.539616097581256 5.7795191434836495 5.78645212451815 5.893922148111622 5.981333128796324 6.039446487584994 6.105662348264069 6.176736361718794 6.326600047526822 6.3291216629534155 6.413911524894695 6.460900765410465 6.59117188259687 6.67889678799609 6.726031135872158 6.7529536421484035 6.81501598530526 6.909893792480548 7.013868469179398 7.045360774445604 7.159015842906433 7.181131796967275 7.257296245090135 7.297500343537087 7.3895297818145975 7.390222868875553 7.592115981968165 7.613003355217889 7.741980469814972 7.749951138782323 7.778749848892759 7.836630355187417 7.865015095979474 7.95554859243679 8.030488892008748 8.083083146213397 8.237640662159032 8.240214956951334 8.331101194179954 8.389175975373627 8.461076582360134 8.632431420947945 8.670315997261792 8.714616546906882 8.779345674262569 8.783704268497205 8.826531148545422 8.859083750860417 9.00730553933207 9.092538395545988 9.12747695175766 9.141222285928839 9.196693909153227 9.233145021437656 9.285526484216174 9.354432469127685 9.436825691239507 9.457998077914786 9.553488685791887 9.613271502782485 9.762808394999658 10.084969160284665 10.414997672723276 10.446451923472003 10.457588659487714 10.508273015040906 10.598845590634108 10.869845898038013 11.01250880359253 11.048490599125392 11.397370838369245 11.626001860447133 11.77683439219481 11.869060758250356 11.951224533546073 11.957465151439063 12.136700724098096 12.166493812614423 12.271507896911016 12.382118673686106 12.47236010554973 12.490163861888583 12.533047940840131 12.569725675667758 12.67379822327703 12.699014602556373 12.758596312000595 12.767670132556319 12.822681479607262 12.885548481459049 12.951299133307494 12.985488220892245 13.010086646855482 13.066347362335867 13.155859576856846 13.2588600863927 13.283188126402374 13.325678820709575 13.364357573307768 13.404886765095648 13.487509682116814 13.699790698617162 13.733494229936715 13.774018924589587 13.781164184491953 13.95710456933875 13.979903821741686 14.050899825203254 14.30235411465502 14.326980765816227 14.501682451993014 14.540960418197459 14.632193251946886 14.65396968318317 14.838708423708518 14.886215020011507 15.075210120645314 15.80697152580921 
-2 -6 0 0.5037287940478609 2.0225436897131805 2.253192319429817 2.348000349228325 2.485863070664706 2.48586307066471 3.0595183037407407 3.0973275175834742 3.103580864284876 3.5857864376269024 3.5857864376269055 3.7071149507509538 3.8865904342770143 3.912382896141219 4.428006731683797 4.4280067316838 4.646075289277502 4.9295198990079525 4.956546318530855 4.986728595171805 5.152590369133407 5.563062302392489 5.584776958898139 5.8183195657921765 5.999999999999998 5.999999999999998 5.999999999999998 6.000000000000001 6.000000000000002 6.0000000000000036 6.000000000000005 6.414213562373093 6.414213562373094 6.436419492226715 6.4842593544703435 6.521414504667786 6.586749689939568 6.9999999999999964 7.0861301976514905 7.086130197651499 7.1211928137867035 7.2348649495506185 7.999999999999996 7.999999999999999 8.000000000000002 8.000000000000007 8.147810938547005 8.4071699377254 8.465992339205835 8.526240886818023 8.696758436724666 9.361507897517171 9.963878683157667 10.33276301543043 10.562563866294889 10.725167731907147 10.893646044628191 
-2 -7 0 0.5037287940478609 2.0225436897131805 2.253192319429817 2.348000349228325 2.485863070664706 2.48586307066471 3.0595183037407407 3.0973275175834742 3.103580864284876 3.5857864376269024 3.5857864376269055 3.7071149507509538 3.8865904342770143 3.912382896141219 4.428006731683797 4.4280067316838 4.646075289277502 4.9295198990079525 4.956546318530855 4.986728595171805 5.152590369133407 5.563062302392489 5.584776958898139 5.8183195657921765 5.999999999999998 5.999999999999998 5.999999999999998 6.000000000000001 6.000000000000002 6.0000000000000036 6.000000000000005 6.414213562373093 6.414213562373094 6.436419492226715 6.4842593544703435 6.521414504667786 6.586749689939568 6.9999999999999964 7.0861301976514905 7.086130197651499 7.1211928137867035 7.2348649495506185 7.999999999999996 7.999999999999999 8.000000000000002 8.000000000000007 8.147810938547005 8.4071699377254 8.465992339205835 8.526240886818023 8.696758436724666 9.361507897517171 9.963878683157667 10.33276301543043 10.562563866294889 10.725167731907147 10.893646044628191 
-2 -8 0 4.0 4.0 4.0 4.0 
-1 -8 0 4.0 
-2 -9 0 4.0 4.0 4.0 4.0 
-1 -9 0 4.0 
-3 0 0 5.999999999999998 6.585786437626905 8.0 8.999999999999998 9.0 9.414213562373096 
-3 -1 0 5.999999999999998 6.585786437626905 8.0 8.999999999999998 9.0 9.414213562373096 
-3 -2 0 1.6438176820924086 3.5283079657550975 3.960800845705866 4.169314571909118 4.466421595715578 4.582827399728806 4.958128674278584 5.615829846167101 5.788066840371735 5.966699026607021 6.331152133185556 7.223546577969774 7.425354371297399 8.000000000000007 8.026077810505033 8.209781634108246 8.400240060006928 8.584848650437587 9.118765962981495 9.64259743476425 9.753689249307318 9.997917801854898 9.99999999999999 10.384432082439053 10.803068619337719 10.999999999999993 10.999999999999998 11.285211386529605 11.532155357246227 11.580875999876673 11.722804070895368 11.848002550578467 12.117905576005306 12.3925701370428 12.504944660192695 12.856160554773377 12.990179576032155 12.999999999999988 12.999999999999996 13.0 13.000000000000002 13.000000000000002 13.230501434618933 13.568270321968683 13.788731537713115 13.999999999999991 
-3 -3 0 1.6438176820924086 3.5283079657550975 3.960800845705866 4.169314571909118 4.466421595715578 4.582827399728806 4.958128674278584 5.615829846167101 5.788066840371735 5.966699026607021 6.331152133185556 7.223546577969774 7.425354371297399 8.000000000000007 8.026077810505033 8.209781634108246 8.400240060006928 8.584848650437587 9.118765962981495 9.64259743476425 9.753689249307318 9.997917801854898 9.99999999999999 10.384432082439053 10.803068619337719 10.999999999999993 10.999999999999998 11.285211386529605 11.532155357246227 11.580875999876673 11.722804070895368 11.848002550578467 12.117905576005306 12.3925701370428 12.504944660192695 12.856160554773377 12.990179576032155 12.999999999999988 12.999999999999996 13.0 13.000000000000002 13.000000000000002 13.230501434618933 13.568270321968683 13.788731537713115 13.999999999999991 
-3 -4 0 1.2126708000967168 1.5667712422161628 2.013597707352004 2.720008947636309 3.2011109491889145 3.4235754454834177 3.4860052171105385 3.8390967099000703 3.908196703143735 3.919024444514899 4.2000205011891705 4.381114331515431 4.448199468785727 4.629675566193632 4.971374812105434 5.122006756128382 5.312412843695663 5.4941756178817185 5.539616097581256 5.619691594100706 5.786452124518153 5.981333128796319 6.039446487584996 6.093038675717151 6.3291216629534155 6.678896787996093 6.815015985305271 7.0138684691793935 7.147932059821654 7.159015842906435 7.3902228688755525 7.741980469814987 7.8366303551874195 7.955548592436791 8.240214956951334 8.632431420947947 8.783704268497212 8.826618514793308 9.007305539332071 9.141222285928844 9.196693909153234 9.285526484216186 9.436825691239514 9.457998077914795 9.517090147107396 9.553488685791892 9.613271502782492 10.0 10.084969160284688 10.157615300709432 10.45758865948772 10.598845590634108 12.533047940840131 12.75859631200061 13.010086646855472 13.10619903133841 13.282397124220932 13.28318812640238 13.316579398082714 13.325678820709586 13.40488676509563 13.69979069861718 13.73349422993673 13.95710456933876 13.97990382174174 14.05089982520326 14.302354114655023 14.326980765816243 14.501682451993018 14.540960418197466 14.632193251946902 14.653969683183167 14.838708423708525 14.8862150200115 15.024641450964566 15.075210120645314 15.806971525809217 16.0 16.000000000000004 16.000000000000004 
-3 -5 0 1.2126708000967168 1.5667712422161628 2.013597707352004 2.720008947636309 3.2011109491889145 3.4235754454834177 3.4860052171105385 3.8390967099000703 3.908196703143735 3.919024444514899 4.2000205011891705 4.381114331515431 4.448199468785727 4.629675566193632 4.971374812105434 5.122006756128382 5.312412843695663 5.4941756178817185 5.539616097581256 5.619691594100706 5.786452124518153 5.981333128796319 6.039446487584996 6.093038675717151 6.3291216629534155 6.678896787996093 6.815015985305271 7.0138684691793935 7.147932059821654 7.159015842906435 7.3902228688755525 7.741980469814987 7.8366303551874195 7.955548592436791 8.240214956951334 8.632431420947947 8.783704268497212 8.826618514793308 9.007305539332071 9.141222285928844 9.196693909153234 9.285526484216186 9.436825691239514 9.457998077914795 9.517090147107396 9.553488685791892 9.613271502782492 10.0 10.084969160284688 10.157615300709432 10.45758865948772 10.598845590634108 12.533047940840131 12.75859631200061 13.010086646855472 13.10619903133841 13.282397124220932 13.28318812640238 13.316579398082714 13.325678820709586 13.40488676509563 13.69979069861718 13.73349422993673 13.95710456933876 13.97990382174174 14.05089982520326 14.302354114655023 14.326980765816243 14.501682451993018 14.540960418197466 14.632193251946902 14.653969683183167 14.838708423708525 14.8862150200115 15.024641450964566 15.075210120645314 15.806971525809217 16.0 16.000000000000004 16.000000000000004 
-3 -6 0 0.5037287940478811 2.022543689713171 2.2531923194298162 2.485863070664709 2.8459666431816832 3.0595183037407367 3.1035808642848757 3.7071149507509533 3.886590434277019 4.428006731683793 4.500777360783368 4.646075289277502 4.8868381405929835 4.929519899007946 4.9867285951718054 5.112823398106253 5.152590369133409 5.563062302392493 5.81831956579218 5.85430762586759 5.988124337957285 5.999999999999997 6.0 6.4364194922267135 6.521414504667782 6.586749689939568 6.626710522122094 7.086130197651492 7.23486494955062 7.999999999999993 7.999999999999999 8.0 8.147810938547007 8.256852682804634 8.407169937725403 8.526240886818027 9.361507897517184 9.440445754588454 9.963878683157665 10.5625638662949 10.633766463828234 10.725167731907154 10.893646044628193 11.281810163977442 12.140141945556847 12.431434960633123 
-3 -7 0 0.5037287940478811 2.022543689713171 2.2531923194298162 2.485863070664709 2.8459666431816832 3.0595183037407367 3.1035808642848757 3.7071149507509533 3.886590434277019 4.428006731683793 4.500777360783368 4.646075289277502 4.8868381405929835 4.929519899007946 4.9867285951718054 5.112823398106253 5.152590369133409 5.563062302392493 5.81831956579218 5.85430762586759 5.988124337957285 5.999999999999997 6.0 6.4364194922267135 6.521414504667782 6.586749689939568 6.626710522122094 7.086130197651492 7.23486494955062 7.999999999999993 7.999999999999999 8.0 8.147810938547007 8.256852682804634 8.407169937725403 8.526240886818027 9.361507897517184 9.440445754588454 9.963878683157665 10.5625638662949 10.633766463828234 10.725167731907154 10.893646044628193 11.281810163977442 12.140141945556847 12.431434960633123 
-3 -8 0 4.0 4.0 4.0 4.0 4.0 4.0 
-3 -9 0 4.0 4.0 4.0 4.0 4.0 4.0 
-4 -2 0 8.0 10.0 11.0 11.0 
-4 -3 0 8.0 10.0 11.0 11.0 
-4 -4 0 3.9081967031437306 5.619691594100707 6.0930386757171435 7.147932059821642 8.826618514793314 9.51709014710739 9.999999999999984 10.157615300709434 11.999999999999995 13.106199031338393 13.282397124220935 13.316579398082714 15.02464145096457 15.999999999999993 16.0 16.000000000000018 
-4 -5 0 3.9081967031437306 5.619691594100707 6.0930386757171435 7.147932059821642 8.826618514793314 9.51709014710739 9.999999999999984 10.157615300709434 11.999999999999995 13.106199031338393 13.282397124220935 13.316579398082714 15.02464145096457 15.999999999999993 16.0 16.000000000000018 
-4 -6 0 2.845966643181673 4.500777360783371 4.886838140592981 5.112823398106253 5.854307625867588 5.876894374382335 5.988124337957283 6.626710522122096 8.000000000000002 8.256852682804638 9.440445754588453 10.633766463828227 11.281810163977438 12.140141945556854 12.43143496063313 14.123105625617665 
-4 -7 0 2.845966643181673 4.500777360783371 4.886838140592981 5.112823398106253 5.854307625867588 5.876894374382335 5.988124337957283 6.626710522122096 8.000000000000002 8.256852682804638 9.440445754588453 10.633766463828227 11.281810163977438 12.140141945556854 12.43143496063313 14.123105625617665 
-4 -8 0 4.0 4.0 4.0 4.0 
-4 -9 0 4.0 4.0 4.0 4.0 
-5 -4 0 12.0 
-5 -5 0 12.0 
-5 -6 0 5.8768943743823385 14.123105625617661 
-5 -7 0 5.8768943743823385 14.123105625617661 
-5 -8 0 4.0 
-5 -9 0 4.0 
