4 14 0 1.0 
5 14 0 1.0 
4 13 0 1.0 
5 13 0 1.0 
4 12 0 0.4361466372902659 1.1727237004047968 1.1997753982652062 2.7118953406919033 3.2061683310959106 3.3553734128325647 3.6901663656479373 3.83900973167848 5.484851177101993 6.903889904990952 
5 12 0 1.1997753982652042 3.2061683310959115 3.6901663656479347 6.903889904990949 
4 11 0 0.4361466372902659 1.1727237004047968 1.1997753982652062 2.7118953406919033 3.2061683310959106 3.3553734128325647 3.6901663656479373 3.83900973167848 5.484851177101993 6.903889904990952 
5 11 0 1.1997753982652042 3.2061683310959115 3.6901663656479347 6.903889904990949 
4 10 0 0.7771453639766586 1.4388745196814692 2.137917531459361 2.6073506317311486 2.853471031565516 3.3768602099526026 3.5829933502476528 3.8925643512808303 3.9148911039682526 4.254796142585214 4.329385975014294 4.694767380775445 4.8511396134468825 4.969717840681326 5.588967694044022 5.935388626303117 5.93914533056842 6.3252985969650934 7.160853331563874 8.361610112265476 8.783512748213479 8.815384808426918 9.135687812168667 9.616127842738022 9.656148050376245 
5 10 0 2.1379175314593555 4.254796142585215 4.851139613446885 5.939145330568419 7.1608533315638745 9.656148050376245 
4 9 0 0.7771453639766586 1.4388745196814692 2.137917531459361 2.6073506317311486 2.853471031565516 3.3768602099526026 3.5829933502476528 3.8925643512808303 3.9148911039682526 4.254796142585214 4.329385975014294 4.694767380775445 4.8511396134468825 4.969717840681326 5.588967694044022 5.935388626303117 5.93914533056842 6.3252985969650934 7.160853331563874 8.361610112265476 8.783512748213479 8.815384808426918 9.135687812168667 9.616127842738022 9.656148050376245 
5 9 0 2.1379175314593555 4.254796142585215 4.851139613446885 5.939145330568419 7.1608533315638745 9.656148050376245 
4 8 0 1.5077055631458056 2.776173229038776 3.45146493317275 3.5192789381044944 3.953270842202542 4.0666068909017135 4.320167899294245 4.4483857889780225 5.127753259526002 5.774954031584961 5.971379982460248 6.323767815034135 6.465834255694296 6.753166361302335 7.065694618677822 7.194620672502341 7.26536229634831 7.301966124082189 7.999999999999995 9.31553260575485 9.384371278252642 9.923189617185864 10.092840280350142 10.46493441585544 10.531578300550072 
5 8 0 3.9532708422025413 6.465834255694297 7.265362296348306 9.315532605754857 
4 7 0 1.5077055631458056 2.776173229038776 3.45146493317275 3.5192789381044944 3.953270842202542 4.0666068909017135 4.320167899294245 4.4483857889780225 5.127753259526002 5.774954031584961 5.971379982460248 6.323767815034135 6.465834255694296 6.753166361302335 7.065694618677822 7.194620672502341 7.26536229634831 7.301966124082189 7.999999999999995 9.31553260575485 9.384371278252642 9.923189617185864 10.092840280350142 10.46493441585544 10.531578300550072 
5 7 0 3.9532708422025413 6.465834255694297 7.265362296348306 9.315532605754857 
4 6 0 2.9517989072845925 4.117320347789192 5.162571542613888 5.7782542479563395 6.999999999999999 7.0 7.000000000000003 7.518970465707688 8.471084488648303 9.0 
5 6 0 7.0 
4 5 0 2.9517989072845925 4.117320347789192 5.162571542613888 5.7782542479563395 6.999999999999999 7.0 7.000000000000003 7.518970465707688 8.471084488648303 9.0 
5 5 0 7.0 
3 12 0 0.43614663729026365 1.1727237004047972 2.7118953406919024 3.3553734128325665 3.839009731678478 5.484851177101991 
3 11 0 0.43614663729026365 1.1727237004047972 2.7118953406919024 3.3553734128325665 3.839009731678478 5.484851177101991 
3 10 1 7.80067877697091e-15 0.7604683456862661 0.7771453639766462 1.4388745196814716 1.6806662996774326 2.607350631731147 2.608279999153888 2.8534710315655163 3.321472634085865 3.376860209952605 3.556811414906099 3.5829933502476528 3.780896032552194 3.8925643512808272 3.9148911039682504 4.329385975014296 4.58242381444115 4.694767380775444 4.969717840681322 5.036959696827384 5.588967694044027 5.935388626303124 6.3252985969651 7.086133436702604 7.332547513272196 7.367491580714527 7.885849231980395 8.000000000000004 8.361610112265474 8.78351274821348 8.815384808426927 9.13568781216865 9.61612784273802 
3 9 1 7.80067877697091e-15 0.7604683456862661 0.7771453639766462 1.4388745196814716 1.6806662996774326 2.607350631731147 2.608279999153888 2.8534710315655163 3.321472634085865 3.376860209952605 3.556811414906099 3.5829933502476528 3.780896032552194 3.8925643512808272 3.9148911039682504 4.329385975014296 4.58242381444115 4.694767380775444 4.969717840681322 5.036959696827384 5.588967694044027 5.935388626303124 6.3252985969651 7.086133436702604 7.332547513272196 7.367491580714527 7.885849231980395 8.000000000000004 8.361610112265474 8.78351274821348 8.815384808426927 9.13568781216865 9.61612784273802 
3 8 0 0.31073068567143153 0.7864022702240059 1.192023174094719 1.507705563145815 1.9070518252112256 2.3431151702869593 2.6589027595949726 2.776173229038784 2.9662383996918105 3.333337215142965 3.346688068540963 3.4514649331727503 3.5192789381044935 3.8040807681335087 4.0666068909017135 4.074883519798881 4.177528508588043 4.32016789929424 4.448385788978016 4.5005220768240495 5.127753259526004 5.16657991304236 5.239838868189159 5.7749540315849615 5.938027261734847 5.971379982460245 6.045330120832534 6.323767815034137 6.533455868982497 6.753166361302333 7.029855281656972 7.065694618677811 7.119729882274908 7.19462067250234 7.242048782785117 7.301966124082189 7.728707670484589 7.750370619816012 8.000000000000004 9.384371278252646 9.39168570139801 9.521502506858887 9.705194952604838 9.843816083521766 9.923189617185853 10.048892100563522 10.09284028035016 10.464934415855431 10.531578300550075 11.138551709527947 11.147149275631778 11.653311931459049 11.676475067702237 11.677971959129431 
3 7 0 0.31073068567143153 0.7864022702240059 1.192023174094719 1.507705563145815 1.9070518252112256 2.3431151702869593 2.6589027595949726 2.776173229038784 2.9662383996918105 3.333337215142965 3.346688068540963 3.4514649331727503 3.5192789381044935 3.8040807681335087 4.0666068909017135 4.074883519798881 4.177528508588043 4.32016789929424 4.448385788978016 4.5005220768240495 5.127753259526004 5.16657991304236 5.239838868189159 5.7749540315849615 5.938027261734847 5.971379982460245 6.045330120832534 6.323767815034137 6.533455868982497 6.753166361302333 7.029855281656972 7.065694618677811 7.119729882274908 7.19462067250234 7.242048782785117 7.301966124082189 7.728707670484589 7.750370619816012 8.000000000000004 9.384371278252646 9.39168570139801 9.521502506858887 9.705194952604838 9.843816083521766 9.923189617185853 10.048892100563522 10.09284028035016 10.464934415855431 10.531578300550075 11.138551709527947 11.147149275631778 11.653311931459049 11.676475067702237 11.677971959129431 
3 6 0 1.4481673638111676 2.2606427264963536 2.915386248643979 2.951798907284593 3.0565590686982063 3.5327731174747816 3.917549228054181 4.046543097214682 4.1173203477891915 4.344931298178539 4.934297807058114 5.134282368617403 5.162571542613887 5.590618767034235 5.778254247956337 5.830004711155703 5.875198699400146 6.9427317254913605 6.999999999999997 7.000000000000001 7.0000000000000036 7.421446007952511 7.518970465707686 7.7608097859929845 8.471084488648302 8.881741490192006 8.999999999999998 9.0 9.108300612301448 9.354583397769508 9.41418472435244 9.499599807628693 9.729647946481576 
3 5 0 1.4481673638111676 2.2606427264963536 2.915386248643979 2.951798907284593 3.0565590686982063 3.5327731174747816 3.917549228054181 4.046543097214682 4.1173203477891915 4.344931298178539 4.934297807058114 5.134282368617403 5.162571542613887 5.590618767034235 5.778254247956337 5.830004711155703 5.875198699400146 6.9427317254913605 6.999999999999997 7.000000000000001 7.0000000000000036 7.421446007952511 7.518970465707686 7.7608097859929845 8.471084488648302 8.881741490192006 8.999999999999998 9.0 9.108300612301448 9.354583397769508 9.41418472435244 9.499599807628693 9.729647946481576 
3 4 0 3.0 5.0 5.0 5.0 5.0 6.0 
4 4 0 5.0 
3 3 0 3.0 5.0 5.0 5.0 5.0 6.0 
4 3 0 5.0 
2 10 0 0.7604683456862673 1.6806662996774253 2.608279999153885 3.3214726340858634 3.5568114149060976 3.780896032552192 4.582423814441148 5.036959696827382 7.086133436702604 7.332547513272196 7.3674915807145265 7.8858492319804 8.0 
2 9 0 0.7604683456862673 1.6806662996774253 2.608279999153885 3.3214726340858634 3.5568114149060976 3.780896032552192 4.582423814441148 5.036959696827382 7.086133436702604 7.332547513272196 7.3674915807145265 7.8858492319804 8.0 
2 8 0 0.31073068567142587 0.7864022702240074 1.1920231740947078 1.9070518252112307 2.315840797461916 2.343115170286964 2.6589027595949735 2.966238399691812 3.333337215142965 3.3466880685409683 3.627718676730989 3.6277186767309915 3.804080768133515 4.0748835197988775 4.1775285085880505 4.500522076824053 5.166579913042362 5.239838868189164 5.93802726173485 6.000000000000004 6.0453301208325385 6.5334558689825 6.849381163373299 7.02985528165698 7.119729882274915 7.242048782785113 7.728707670484588 7.750370619816014 9.0 9.000000000000009 9.372281323269013 9.372281323269014 9.391685701398014 9.521502506858887 9.705194952604849 9.834778039164792 9.843816083521777 9.999999999999998 10.000000000000007 10.000000000000016 10.048892100563535 11.138551709527947 11.147149275631783 11.65331193145904 11.676475067702233 11.677971959129426 
2 7 0 0.31073068567142587 0.7864022702240074 1.1920231740947078 1.9070518252112307 2.315840797461916 2.343115170286964 2.6589027595949735 2.966238399691812 3.333337215142965 3.3466880685409683 3.627718676730989 3.6277186767309915 3.804080768133515 4.0748835197988775 4.1775285085880505 4.500522076824053 5.166579913042362 5.239838868189164 5.93802726173485 6.000000000000004 6.0453301208325385 6.5334558689825 6.849381163373299 7.02985528165698 7.119729882274915 7.242048782785113 7.728707670484588 7.750370619816014 9.0 9.000000000000009 9.372281323269013 9.372281323269014 9.391685701398014 9.521502506858887 9.705194952604849 9.834778039164792 9.843816083521777 9.999999999999998 10.000000000000007 10.000000000000016 10.048892100563535 11.138551709527947 11.147149275631783 11.65331193145904 11.676475067702233 11.677971959129426 
2 6 1 3.5527110555421355e-15 1.2915539577987198 1.4481673638111563 2.260642726496343 2.878327184862281 2.915386248643976 3.0565590686982085 3.125251622337468 3.532773117474776 3.9175492280541797 4.031539524577846 4.046543097214678 4.241793368445952 4.344931298178531 4.741649473015828 4.9342978070581145 4.957531649138561 5.134282368617403 5.590618767034236 5.592116844436261 5.830004711155708 5.875198699400144 5.924117459933436 6.778977144497893 6.942731725491361 6.999999999999998 7.202006666648508 7.42144600795251 7.76080978599299 8.881741490192004 9.0 9.108300612301448 9.354583397769508 9.414184724352433 9.49959980762868 9.729647946481574 9.933399852807124 10.14140383070063 10.428274410409431 10.585329569916231 10.652191125682368 10.690161136309902 10.888977307117218 10.915397871364304 11.999999999999996 12.000000000000012 
2 5 1 3.5527110555421355e-15 1.2915539577987198 1.4481673638111563 2.260642726496343 2.878327184862281 2.915386248643976 3.0565590686982085 3.125251622337468 3.532773117474776 3.9175492280541797 4.031539524577846 4.046543097214678 4.241793368445952 4.344931298178531 4.741649473015828 4.9342978070581145 4.957531649138561 5.134282368617403 5.590618767034236 5.592116844436261 5.830004711155708 5.875198699400144 5.924117459933436 6.778977144497893 6.942731725491361 6.999999999999998 7.202006666648508 7.42144600795251 7.76080978599299 8.881741490192004 9.0 9.108300612301448 9.354583397769508 9.414184724352433 9.49959980762868 9.729647946481574 9.933399852807124 10.14140383070063 10.428274410409431 10.585329569916231 10.652191125682368 10.690161136309902 10.888977307117218 10.915397871364304 11.999999999999996 12.000000000000012 
2 4 0 3.0 3.0 3.0 5.0 5.0 5.0 5.0 5.0 5.0 6.0 6.0 6.0 6.0 
2 3 0 3.0 3.0 3.0 5.0 5.0 5.0 5.0 5.0 5.0 6.0 6.0 6.0 6.0 
1 8 0 2.3158407974619135 3.627718676730984 3.627718676730986 3.999999999999999 6.000000000000003 6.000000000000006 6.849381163373294 8.999999999999993 8.999999999999998 9.372281323269007 9.372281323269013 9.83477803916479 9.99999999999999 9.999999999999995 10.000000000000002 
1 7 0 2.3158407974619135 3.627718676730984 3.627718676730986 3.999999999999999 6.000000000000003 6.000000000000006 6.849381163373294 8.999999999999993 8.999999999999998 9.372281323269007 9.372281323269013 9.83477803916479 9.99999999999999 9.999999999999995 10.000000000000002 
1 6 0 0.33910919831908976 1.2915539577987203 2.345856648780442 2.8783271848622825 3.1252516223374656 4.031539524577844 4.2417933684459515 4.571322869677085 4.74164947301583 4.957531649138562 5.592116844436262 5.757848276305475 5.924117459933438 6.778977144497894 7.2020066666485185 9.933399852807126 10.141403830700627 10.239032989640421 10.428274410409424 10.585329569916233 10.652191125682366 10.690161136309897 10.74683001727749 10.888977307117218 10.915397871364299 11.999999999999991 11.999999999999995 12.0 12.000000000000004 12.000000000000005 
1 5 0 0.33910919831908976 1.2915539577987203 2.345856648780442 2.8783271848622825 3.1252516223374656 4.031539524577844 4.2417933684459515 4.571322869677085 4.74164947301583 4.957531649138562 5.592116844436262 5.757848276305475 5.924117459933438 6.778977144497894 7.2020066666485185 9.933399852807126 10.141403830700627 10.239032989640421 10.428274410409424 10.585329569916233 10.652191125682366 10.690161136309897 10.74683001727749 10.888977307117218 10.915397871364299 11.999999999999991 11.999999999999995 12.0 12.000000000000004 12.000000000000005 
1 4 0 1.0555616826065521 2.4031405904986682 2.9999999999999982 3.0000000000000013 4.9999999999999964 4.999999999999997 5.000000000000003 5.9999999999999964 5.999999999999999 6.0 6.0 6.000000000000002 6.247896562689822 8.534234133563647 9.759167030641308 
1 3 0 1.0555616826065521 2.4031405904986682 2.9999999999999982 3.0000000000000013 4.9999999999999964 4.999999999999997 5.000000000000003 5.9999999999999964 5.999999999999999 6.0 6.0 6.000000000000002 6.247896562689822 8.534234133563647 9.759167030641308 
0 8 0 4.0 6.0 
0 7 0 4.0 6.0 
0 6 0 0.3391091983190842 2.3458566487804466 4.571322869677098 5.757848276305479 8.0 10.239032989640423 10.746830017277485 12.000000000000002 12.000000000000004 12.000000000000004 
0 5 0 0.3391091983190842 2.3458566487804466 4.571322869677098 5.757848276305479 8.0 10.239032989640423 10.746830017277485 12.000000000000002 12.000000000000004 12.000000000000004 
0 4 1 -2.526532290631588e-15 1.055561682606548 2.4031405904986674 2.8768943743823416 6.0 6.000000000000004 6.24789656268982 8.534234133563654 9.759167030641306 11.12310562561766 
0 3 1 -2.526532290631588e-15 1.055561682606548 2.4031405904986674 2.8768943743823416 6.0 6.000000000000004 6.24789656268982 8.534234133563654 9.759167030641306 11.12310562561766 
-1 6 0 8.0 
-1 5 0 8.0 
-1 4 0 2.87689437438234 11.123105625617661 
-1 3 0 2.87689437438234 11.123105625617661 
-1 2 0 2.0 
0 2 1 0.0 2.0 
-1 1 0 2.0 
0 1 1 0.0 2.0 
