3 9 1 0.0 2.0 
4 9 0 2.0 
3 8 1 0.0 2.0 
4 8 0 2.0 
3 7 0 0.4668970652671833 0.5013314273207323 1.4714793078911201 2.4958385094959805 2.5358983848622434 3.999999999999998 4.0 4.279056198259042 4.831776051005845 6.723773864924244 7.229847575835852 9.46410161513775 
4 7 0 2.535898384862245 4.000000000000001 9.464101615137753 
3 6 0 0.4668970652671833 0.5013314273207323 1.4714793078911201 2.4958385094959805 2.5358983848622434 3.999999999999998 4.0 4.279056198259042 4.831776051005845 6.723773864924244 7.229847575835852 9.46410161513775 
4 6 0 2.535898384862245 4.000000000000001 9.464101615137753 
3 5 0 0.7326120907444965 1.665376800674343 2.041490869080961 2.1543937004773754 3.1229015940406173 3.3498623096774893 4.0 5.2414105797515385 5.499724853219845 5.7986541582616375 6.316155749192574 6.747713302542379 7.244237259381922 8.0 9.341296326254836 9.649534791449337 10.000000000000002 10.848882408144036 10.84894745388794 11.39680575321869 
4 5 0 3.9999999999999987 7.999999999999998 10.0 
3 4 0 0.7326120907444965 1.665376800674343 2.041490869080961 2.1543937004773754 3.1229015940406173 3.3498623096774893 4.0 5.2414105797515385 5.499724853219845 5.7986541582616375 6.316155749192574 6.747713302542379 7.244237259381922 8.0 9.341296326254836 9.649534791449337 10.000000000000002 10.848882408144036 10.84894745388794 11.39680575321869 
4 4 0 3.9999999999999987 7.999999999999998 10.0 
3 3 0 2.0600916188492957 2.446645440791453 3.9999999999999956 4.0 5.401971844132995 6.434427746288644 7.999999999999999 8.85628414745003 9.295098567625526 9.505480634862064 10.000000000000002 10.000000000000012 
4 3 0 8.0 
3 2 0 2.0600916188492957 2.446645440791453 3.9999999999999956 4.0 5.401971844132995 6.434427746288644 7.999999999999999 8.85628414745003 9.295098567625526 9.505480634862064 10.000000000000002 10.000000000000012 
4 2 0 8.0 
2 7 0 0.46689706526718344 0.501331427320732 1.471479307891122 2.495838509495984 2.9999999999999996 3.000000000000002 3.9999999999999973 4.27905619825904 4.831776051005845 6.723773864924246 7.22984757583585 
2 6 0 0.46689706526718344 0.501331427320732 1.471479307891122 2.495838509495984 2.9999999999999996 3.000000000000002 3.9999999999999973 4.27905619825904 4.831776051005845 6.723773864924246 7.22984757583585 
2 5 1 2.022723792660813e-15 0.7326120907444943 0.9182972166373673 0.9531220400759208 1.6653768006743415 2.0414908690809583 2.1543937004773746 2.8555295447393307 2.9776531315720067 3.1229015940406133 3.3498623096774858 3.430931223318578 3.6277186767309866 3.7582463349583706 4.536948266024657 4.773172315542222 5.241410579751535 5.499724853219845 5.7986541582616375 6.316155749192578 6.667449273120262 6.747713302542372 7.244237259381927 7.911991599770141 7.948645367038154 8.954120922725464 8.970488786989865 9.0 9.341296326254836 9.372281323269014 9.649534791449335 9.671693655355865 9.671710322131776 9.999999999999993 10.848882408144028 10.848947453887929 11.396805753218691 
2 4 1 2.022723792660813e-15 0.7326120907444943 0.9182972166373673 0.9531220400759208 1.6653768006743415 2.0414908690809583 2.1543937004773746 2.8555295447393307 2.9776531315720067 3.1229015940406133 3.3498623096774858 3.430931223318578 3.6277186767309866 3.7582463349583706 4.536948266024657 4.773172315542222 5.241410579751535 5.499724853219845 5.7986541582616375 6.316155749192578 6.667449273120262 6.747713302542372 7.244237259381927 7.911991599770141 7.948645367038154 8.954120922725464 8.970488786989865 9.0 9.341296326254836 9.372281323269014 9.649534791449335 9.671693655355865 9.671710322131776 9.999999999999993 10.848882408144028 10.848947453887929 11.396805753218691 
2 3 0 0.8094257025450163 0.8176710428401719 1.9673035461477126 2.060091618849291 2.123117607794953 2.4466454407914524 2.8770735556954 3.257700542675286 3.685466341519493 3.9999999999999973 4.000000000000002 4.31166977268072 5.078828128792163 5.13069627047084 5.356359650744416 5.401971844132995 6.249486591871647 6.434427746288644 6.584403934118467 7.089525667890327 7.09215072938803 7.247470055339857 8.85628414745003 9.295098567625532 9.505480634862073 9.771784669834766 9.771791745706887 10.0 10.000000000000009 10.176076342260805 10.281805628184237 10.557372342447337 10.574271665987167 10.652460030591621 11.267422018021188 11.268666416451522 12.0 
2 2 0 0.8094257025450163 0.8176710428401719 1.9673035461477126 2.060091618849291 2.123117607794953 2.4466454407914524 2.8770735556954 3.257700542675286 3.685466341519493 3.9999999999999973 4.000000000000002 4.31166977268072 5.078828128792163 5.13069627047084 5.356359650744416 5.401971844132995 6.249486591871647 6.434427746288644 6.584403934118467 7.089525667890327 7.09215072938803 7.247470055339857 8.85628414745003 9.295098567625532 9.505480634862073 9.771784669834766 9.771791745706887 10.0 10.000000000000009 10.176076342260805 10.281805628184237 10.557372342447337 10.574271665987167 10.652460030591621 11.267422018021188 11.268666416451522 12.0 
2 1 0 2.8751145802354263 2.875114580235427 4.0 4.000000000000003 5.999999999999997 5.999999999999999 6.000000000000002 6.3633282379326825 6.363328237932684 7.76155718183189 7.761557181831896 
3 1 0 4.0 6.0 
2 0 0 2.8751145802354263 2.875114580235427 4.0 4.000000000000003 5.999999999999997 5.999999999999999 6.000000000000002 6.3633282379326825 6.363328237932684 7.76155718183189 7.761557181831896 
3 0 0 4.0 6.0 
1 7 0 3.0 3.0 
1 6 0 3.0 3.0 
1 5 0 0.9182972166373656 0.9531220400759218 1.9138698023485057 2.855529544739335 2.9776531315720076 3.4309312233185825 3.585786437626905 3.627718676730986 3.758246334958372 4.536948266024652 4.571993268316202 4.773172315542221 5.0 6.000000000000002 6.414213562373096 6.514136929335293 6.667449273120264 7.911991599770143 7.948645367038158 8.954120922725467 8.970488786989872 9.000000000000002 9.372281323269016 9.671693655355861 9.671710322131775 10.000000000000002 
1 4 0 0.9182972166373656 0.9531220400759218 1.9138698023485057 2.855529544739335 2.9776531315720076 3.4309312233185825 3.585786437626905 3.627718676730986 3.758246334958372 4.536948266024652 4.571993268316202 4.773172315542221 5.0 6.000000000000002 6.414213562373096 6.514136929335293 6.667449273120264 7.911991599770143 7.948645367038158 8.954120922725467 8.970488786989872 9.000000000000002 9.372281323269016 9.671693655355861 9.671710322131775 10.000000000000002 
1 3 0 0.809425702545014 0.8176710428401744 1.2841667433444206 1.9673035461477113 1.9841988930541359 2.1231176077949527 2.471236580350969 2.8770735556953957 2.9999999999999987 3.257700542675285 3.3030798185497083 3.3662626901160504 3.685466341519497 4.311669772680715 4.401687301820145 5.078828128792163 5.130696270470836 5.356359650744419 5.782275644336032 5.875881884646771 6.000000000000003 6.166772903067171 6.170007090092371 6.249486591871646 6.584403934118467 7.089525667890328 7.092150729388038 7.247470055339854 9.628723611328697 9.628915836962957 9.771784669834766 9.771791745706887 10.176076342260796 10.281805628184232 10.364290504794823 10.557372342447337 10.574271665987167 10.652460030591605 10.9807884050171 11.087485658237219 11.08755144042135 11.267422018021183 11.268666416451516 11.416674993860076 11.999999999999995 11.999999999999996 11.999999999999998 12.0 
1 2 0 0.809425702545014 0.8176710428401744 1.2841667433444206 1.9673035461477113 1.9841988930541359 2.1231176077949527 2.471236580350969 2.8770735556953957 2.9999999999999987 3.257700542675285 3.3030798185497083 3.3662626901160504 3.685466341519497 4.311669772680715 4.401687301820145 5.078828128792163 5.130696270470836 5.356359650744419 5.782275644336032 5.875881884646771 6.000000000000003 6.166772903067171 6.170007090092371 6.249486591871646 6.584403934118467 7.089525667890328 7.092150729388038 7.247470055339854 9.628723611328697 9.628915836962957 9.771784669834766 9.771791745706887 10.176076342260796 10.281805628184232 10.364290504794823 10.557372342447337 10.574271665987167 10.652460030591605 10.9807884050171 11.087485658237219 11.08755144042135 11.267422018021183 11.268666416451516 11.416674993860076 11.999999999999995 11.999999999999996 11.999999999999998 12.0 
1 1 0 1.2965857850773173 1.4486660642788036 2.6917376607167904 2.875114580235423 2.8751145802354263 3.4289915584643063 3.4474213160857463 3.532923793731605 3.658766628981213 4.000000000000003 5.999999999999994 5.999999999999999 6.000000000000001 6.363328237932683 6.363328237932684 6.479980412264136 6.488612181795114 7.7615571818318925 7.761557181831893 7.925707385007658 8.157837615363508 8.576687441196897 8.653349835992273 8.999999999999995 9.605688975988048 9.607043345056594 
1 0 0 1.2965857850773173 1.4486660642788036 2.6917376607167904 2.875114580235423 2.8751145802354263 3.4289915584643063 3.4474213160857463 3.532923793731605 3.658766628981213 4.000000000000003 5.999999999999994 5.999999999999999 6.000000000000001 6.363328237932683 6.363328237932684 6.479980412264136 6.488612181795114 7.7615571818318925 7.761557181831893 7.925707385007658 8.157837615363508 8.576687441196897 8.653349835992273 8.999999999999995 9.605688975988048 9.607043345056594 
0 5 0 1.9138698023485055 3.5857864376269055 4.571993268316202 5.0 5.999999999999998 6.414213562373095 6.514136929335291 
0 4 0 1.9138698023485055 3.5857864376269055 4.571993268316202 5.0 5.999999999999998 6.414213562373095 6.514136929335291 
0 3 1 -6.098484523846952e-15 1.2841667433444275 1.9841988930541279 2.2984378812835757 2.471236580350977 3.0000000000000027 3.3030798185497097 3.3662626901160584 4.4016873018201474 5.782275644336036 5.875881884646775 6.000000000000003 6.166772903067171 6.170007090092367 7.9999999999999964 8.0 8.000000000000002 8.701562118716417 8.999999999999998 9.628723611328697 9.628915836962953 10.364290504794823 10.980788405017098 11.087485658237208 11.087551440421345 11.416674993860077 12.000000000000002 12.000000000000002 12.000000000000005 
0 2 1 -6.098484523846952e-15 1.2841667433444275 1.9841988930541279 2.2984378812835757 2.471236580350977 3.0000000000000027 3.3030798185497097 3.3662626901160584 4.4016873018201474 5.782275644336036 5.875881884646775 6.000000000000003 6.166772903067171 6.170007090092367 7.9999999999999964 8.0 8.000000000000002 8.701562118716417 8.999999999999998 9.628723611328697 9.628915836962953 10.364290504794823 10.980788405017098 11.087485658237208 11.087551440421345 11.416674993860077 12.000000000000002 12.000000000000002 12.000000000000005 
0 1 1 -7.635182991577082e-15 1.2965857850773177 1.448666064278809 1.7704288026695285 2.041468196903036 2.691737660716789 3.4289915584643027 3.4474213160857436 3.463257344568946 3.4673011115082204 3.5329237937316034 3.6587666289812097 3.8602870410958077 5.0133973177733395 6.000000000000005 6.479980412264135 6.488612181795109 7.925707385007661 8.157837615363503 8.576687441196896 8.653349835992275 9.000000000000005 9.605688975988052 9.607043345056589 10.43753386002002 10.62183825033411 10.681565038566974 10.855995123481291 11.786927913078742 
0 0 1 -7.635182991577082e-15 1.2965857850773177 1.448666064278809 1.7704288026695285 2.041468196903036 2.691737660716789 3.4289915584643027 3.4474213160857436 3.463257344568946 3.4673011115082204 3.5329237937316034 3.6587666289812097 3.8602870410958077 5.0133973177733395 6.000000000000005 6.479980412264135 6.488612181795109 7.925707385007661 8.157837615363503 8.576687441196896 8.653349835992275 9.000000000000005 9.605688975988052 9.607043345056589 10.43753386002002 10.62183825033411 10.681565038566974 10.855995123481291 11.786927913078742 
0 -1 0 0.43844718719116954 3.0 3.0 3.0 3.0 3.0 4.561552812808831 
1 -1 0 3.0 3.0 
0 -2 0 0.43844718719116954 3.0 3.0 3.0 3.0 3.0 4.561552812808831 
1 -2 0 3.0 3.0 
-1 3 0 2.298437881283574 7.999999999999998 7.999999999999998 8.000000000000004 8.701562118716422 8.999999999999995 
-1 2 0 2.298437881283574 7.999999999999998 7.999999999999998 8.000000000000004 8.701562118716422 8.999999999999995 
-1 1 0 1.7704288026695267 2.041468196903037 3.463257344568945 3.467301111508224 3.860287041095809 5.013397317773341 10.437533860020011 10.62183825033411 10.681565038566962 10.85599512348129 11.786927913078745 11.999999999999998 
-1 0 0 1.7704288026695267 2.041468196903037 3.463257344568945 3.467301111508224 3.860287041095809 5.013397317773341 10.437533860020011 10.62183825033411 10.681565038566962 10.85599512348129 11.786927913078745 11.999999999999998 
-1 -1 0 0.43844718719117115 2.999999999999997 2.9999999999999996 3.0 4.56155281280883 5.999999999999998 
-1 -2 0 0.43844718719117115 2.999999999999997 2.9999999999999996 3.0 4.56155281280883 5.999999999999998 
-2 1 0 12.0 
-2 0 0 12.0 
-2 -1 0 6.0 
-2 -2 0 6.0 
