2 4 0 1.3186693563950231 3.357926367518502 3.999999999999999 4.999999999999999 6.000000000000002 6.323404276086482 6.999999999999999 
3 4 0 7.0 
2 3 0 1.3186693563950231 3.357926367518502 3.999999999999999 4.999999999999999 6.000000000000002 6.323404276086482 6.999999999999999 
3 3 0 7.0 
2 2 0 2.575571099101954 2.856000407782836 4.8389079883028 5.0 5.058272670117496 6.889821705749344 7.740098271925549 11.849998259755656 12.2563211941857 12.424428900898057 12.440251984631345 12.694122337814417 13.376205179734853 13.999999999999995 
3 2 0 14.0 
2 1 0 2.575571099101954 2.856000407782836 4.8389079883028 5.0 5.058272670117496 6.889821705749344 7.740098271925549 11.849998259755656 12.2563211941857 12.424428900898057 12.440251984631345 12.694122337814417 13.376205179734853 13.999999999999995 
3 1 0 14.0 
1 4 0 1.3186693563950225 1.9999999999999996 2.0000000000000018 3.357926367518499 3.9999999999999973 4.0 4.000000000000001 4.000000000000001 4.999999999999999 5.0 6.000000000000002 6.000000000000004 6.323404276086476 
1 3 0 1.3186693563950225 1.9999999999999996 2.0000000000000018 3.357926367518499 3.9999999999999973 4.0 4.000000000000001 4.000000000000001 4.999999999999999 5.0 6.000000000000002 6.000000000000004 6.323404276086476 
1 2 0 0.7323384179890525 1.7805822434237273 2.294164961793162 2.3608282440704653 2.575571099101951 2.7866115645049576 2.8560004077828376 2.996562033812766 3.0269214446459434 3.133149814684583 3.5455033052242557 3.8604328100851 4.518666995824995 4.8389079883027994 4.841908742492137 4.879072331995373 4.979817150525831 4.999999999999998 5.058272670117499 5.417554368380912 5.482799276019223 5.704702688603362 6.889821705749346 6.953312632748513 6.981619631549625 7.000000000000001 7.635203295176066 7.740098271925549 8.560489062207482 8.869460003118265 9.000000000000002 9.783977427162407 9.952473447117473 10.330922535003053 10.336528886418956 10.557250318301355 10.756368864392059 11.007778739773071 11.254617328497618 11.291752204788745 11.386629229669467 11.849998259755663 12.256321194185704 12.42442890089805 12.440251984631344 12.694122337814429 13.376205179734866 
1 1 0 0.7323384179890525 1.7805822434237273 2.294164961793162 2.3608282440704653 2.575571099101951 2.7866115645049576 2.8560004077828376 2.996562033812766 3.0269214446459434 3.133149814684583 3.5455033052242557 3.8604328100851 4.518666995824995 4.8389079883027994 4.841908742492137 4.879072331995373 4.979817150525831 4.999999999999998 5.058272670117499 5.417554368380912 5.482799276019223 5.704702688603362 6.889821705749346 6.953312632748513 6.981619631549625 7.000000000000001 7.635203295176066 7.740098271925549 8.560489062207482 8.869460003118265 9.000000000000002 9.783977427162407 9.952473447117473 10.330922535003053 10.336528886418956 10.557250318301355 10.756368864392059 11.007778739773071 11.254617328497618 11.291752204788745 11.386629229669467 11.849998259755663 12.256321194185704 12.42442890089805 12.440251984631344 12.694122337814429 13.376205179734866 
1 0 0 1.143631456113864 1.8254989689952077 2.4074090948790676 3.0487389684684936 3.1846907837905425 3.300041655500116 3.4513717440652503 3.558860688715342 3.66852265531437 4.122368117552547 4.2613693532745 4.696122429895356 5.151791693854382 5.538571656588292 6.07637501662379 6.461766011806725 7.012511305888452 7.1593387381558715 7.382014625037038 7.9402605594354805 8.02088771853796 8.155699451518872 8.311384887397464 8.695820320314098 8.859905110635637 9.274132406825192 9.838196354450773 10.000000000000005 10.519198061588027 10.999999999999996 11.342576954056964 11.362168031265927 11.443481392908236 11.4469417784782 11.647808842871429 11.878631397168526 12.0 12.08171458342871 12.142568553977975 12.573883522526282 12.950722111982314 13.21158748959108 13.423811633828384 13.678625664515238 13.748998208178042 13.999999999999995 14.0 
2 0 0 3.558860688715347 9.274132406825196 9.999999999999993 10.519198061588028 11.000000000000005 11.647808842871429 12.000000000000002 
1 -1 0 1.143631456113864 1.8254989689952077 2.4074090948790676 3.0487389684684936 3.1846907837905425 3.300041655500116 3.4513717440652503 3.558860688715342 3.66852265531437 4.122368117552547 4.2613693532745 4.696122429895356 5.151791693854382 5.538571656588292 6.07637501662379 6.461766011806725 7.012511305888452 7.1593387381558715 7.382014625037038 7.9402605594354805 8.02088771853796 8.155699451518872 8.311384887397464 8.695820320314098 8.859905110635637 9.274132406825192 9.838196354450773 10.000000000000005 10.519198061588027 10.999999999999996 11.342576954056964 11.362168031265927 11.443481392908236 11.4469417784782 11.647808842871429 11.878631397168526 12.0 12.08171458342871 12.142568553977975 12.573883522526282 12.950722111982314 13.21158748959108 13.423811633828384 13.678625664515238 13.748998208178042 13.999999999999995 14.0 
2 -1 0 3.558860688715347 9.274132406825196 9.999999999999993 10.519198061588028 11.000000000000005 11.647808842871429 12.000000000000002 
0 4 0 2.0 2.0000000000000004 4.0 4.0 4.0 4.0 4.0 5.0 6.0 
0 3 0 2.0 2.0000000000000004 4.0 4.0 4.0 4.0 4.0 5.0 6.0 
0 2 1 7.029837675865675e-15 0.73233841798906 1.7805822434237306 1.9909633449001678 2.29416496179316 2.3608282440704644 2.5071414275182957 2.541976250885534 2.786611564504956 2.9965620338127645 3.026921444645951 3.1195864691501214 3.133149814684579 3.1876085153639355 3.214619241469946 3.5455033052242504 3.8604328100851024 3.999999999999999 4.3988388269024705 4.518666995824993 4.84190874249213 4.848616804429622 4.879072331995372 4.979817150525828 5.1312790148782526 5.292081402664169 5.393147276015895 5.41755436838091 5.482799276019221 5.704702688603363 6.0 6.000000000000002 6.953312632748512 6.98161963154963 6.9999999999999964 7.0 7.000000000000007 7.062386726677964 7.608345889906075 7.635203295176065 7.999999999999996 8.000000000000005 8.140106192501431 8.560489062207477 8.774632918010212 8.869460003118265 8.999999999999998 9.000000000000012 9.231712105733203 9.783977427162402 9.888473329515286 9.952473447117459 10.0497387660883 10.330922535003046 10.336528886418956 10.557250318301358 10.618745497389053 10.756368864392037 11.007778739773078 11.254617328497611 11.291752204788734 11.386629229669461 
0 1 1 7.029837675865675e-15 0.73233841798906 1.7805822434237306 1.9909633449001678 2.29416496179316 2.3608282440704644 2.5071414275182957 2.541976250885534 2.786611564504956 2.9965620338127645 3.026921444645951 3.1195864691501214 3.133149814684579 3.1876085153639355 3.214619241469946 3.5455033052242504 3.8604328100851024 3.999999999999999 4.3988388269024705 4.518666995824993 4.84190874249213 4.848616804429622 4.879072331995372 4.979817150525828 5.1312790148782526 5.292081402664169 5.393147276015895 5.41755436838091 5.482799276019221 5.704702688603363 6.0 6.000000000000002 6.953312632748512 6.98161963154963 6.9999999999999964 7.0 7.000000000000007 7.062386726677964 7.608345889906075 7.635203295176065 7.999999999999996 8.000000000000005 8.140106192501431 8.560489062207477 8.774632918010212 8.869460003118265 8.999999999999998 9.000000000000012 9.231712105733203 9.783977427162402 9.888473329515286 9.952473447117459 10.0497387660883 10.330922535003046 10.336528886418956 10.557250318301358 10.618745497389053 10.756368864392037 11.007778739773078 11.254617328497611 11.291752204788734 11.386629229669461 
0 0 1 -1.6155486278965724e-14 0.28862881848464145 1.1436314561138707 1.2843769056554206 1.5206631972266542 1.5215529690394485 1.8254989689952077 1.961465015926041 2.12525364086104 2.2756870556353013 2.4074090948790707 2.6666934123813326 2.9245358188802864 3.0369172690349893 3.048738968468483 3.1846907837905385 3.300041655500114 3.451371744065239 3.4682107368210633 3.602813729721452 3.6685226553143733 3.751703681177001 3.9936883292889203 4.122368117552544 4.125434328695086 4.206392897155879 4.261369353274507 4.3221183860403665 4.373502439114646 4.497530817585079 4.696122429895363 4.725527681477523 4.991148377527726 5.011684508494639 5.118270032435722 5.151791693854387 5.242717814850564 5.5385716565883 5.656291387556703 5.999999999999999 6.076375016623775 6.1742659665432615 6.461766011806729 6.664586829586003 6.815681649944138 6.872492604713187 7.012511305888451 7.159338738155862 7.322383586649718 7.3820146250370415 7.511148555990836 7.820576687001737 7.828622419349577 7.892783756628291 7.940260559435478 8.000000000000004 8.020887718537967 8.030041183593317 8.15569945151887 8.311384887397459 8.346236219095852 8.481043749867428 8.521219081464066 8.6958203203141 8.85990511063564 8.867767926794818 9.1725357267874 9.181605082290552 9.415232617397109 9.807284991586709 9.838196354450766 11.005557120220898 11.33804640170617 11.34257695405696 11.347764199109491 11.36216803126594 11.443481392908222 11.446941778478205 11.452253177573217 11.673115502309155 11.739661336142127 11.87863139716853 12.071566301811679 12.081714583428694 12.10883811192679 12.108886448655621 12.14256855397798 12.266959693329103 12.40358015032044 12.446851661458565 12.460697596706737 12.573883522526275 12.67419647608661 12.720643448154341 12.820132424127232 12.950722111982307 13.211587489591087 13.219613780376491 13.355711045902344 13.367607237731459 13.423811633828368 13.67862566451523 13.74899820817805 14.000000000000007 14.00000000000001 14.000000000000018 
0 -1 1 -1.6155486278965724e-14 0.28862881848464145 1.1436314561138707 1.2843769056554206 1.5206631972266542 1.5215529690394485 1.8254989689952077 1.961465015926041 2.12525364086104 2.2756870556353013 2.4074090948790707 2.6666934123813326 2.9245358188802864 3.0369172690349893 3.048738968468483 3.1846907837905385 3.300041655500114 3.451371744065239 3.4682107368210633 3.602813729721452 3.6685226553143733 3.751703681177001 3.9936883292889203 4.122368117552544 4.125434328695086 4.206392897155879 4.261369353274507 4.3221183860403665 4.373502439114646 4.497530817585079 4.696122429895363 4.725527681477523 4.991148377527726 5.011684508494639 5.118270032435722 5.151791693854387 5.242717814850564 5.5385716565883 5.656291387556703 5.999999999999999 6.076375016623775 6.1742659665432615 6.461766011806729 6.664586829586003 6.815681649944138 6.872492604713187 7.012511305888451 7.159338738155862 7.322383586649718 7.3820146250370415 7.511148555990836 7.820576687001737 7.828622419349577 7.892783756628291 7.940260559435478 8.000000000000004 8.020887718537967 8.030041183593317 8.15569945151887 8.311384887397459 8.346236219095852 8.481043749867428 8.521219081464066 8.6958203203141 8.85990511063564 8.867767926794818 9.1725357267874 9.181605082290552 9.415232617397109 9.807284991586709 9.838196354450766 11.005557120220898 11.33804640170617 11.34257695405696 11.347764199109491 11.36216803126594 11.443481392908222 11.446941778478205 11.452253177573217 11.673115502309155 11.739661336142127 11.87863139716853 12.071566301811679 12.081714583428694 12.10883811192679 12.108886448655621 12.14256855397798 12.266959693329103 12.40358015032044 12.446851661458565 12.460697596706737 12.573883522526275 12.67419647608661 12.720643448154341 12.820132424127232 12.950722111982307 13.211587489591087 13.219613780376491 13.355711045902344 13.367607237731459 13.423811633828368 13.67862566451523 13.74899820817805 14.000000000000007 14.00000000000001 14.000000000000018 
0 -2 0 0.1771951506181716 1.0958212590269918 1.7400338912015918 1.7525244468277779 2.1400040399893023 2.28029146299385 2.4571020423056043 2.6921999811340944 2.8238858659588333 2.973944417056675 3.420888378908272 3.638617694809502 3.710054917062522 3.7329634508620804 3.9168258537548364 4.05164687319675 4.609506186790237 4.6277186767309875 4.742583736393436 5.09331595087191 5.186205422398283 5.312965130823467 5.556179677124992 5.607169057971318 6.0342630686830665 6.213397329474184 6.457147948379188 6.55593801165213 6.714193562150343 7.155372990126721 7.224078792415202 7.513165721555756 7.624405216526999 7.705719639720955 7.810950798090213 8.329459228828604 8.51438852840929 8.819620867600932 8.999999999999988 8.999999999999996 9.000000000000004 9.162659217648807 9.37380501400137 9.383716358230526 9.529063723132959 9.58422544321652 9.704817036304114 9.741214939533913 10.235740167602998 10.37228132326901 10.404924557946181 10.748205885929298 10.858761733629262 10.929624536066681 11.28929435102918 11.314344910732862 11.361077632487351 11.371635286139927 11.622862614674005 11.99999999999999 11.999999999999996 12.00000000000001 
1 -2 0 2.280291462993853 3.7100549170625197 4.609506186790237 5.3129651308234624 6.213397329474184 7.5131657215557555 7.705719639720956 8.329459228828604 8.999999999999996 9.0 9.0 9.584225443216518 9.741214939533906 
0 -3 0 0.1771951506181716 1.0958212590269918 1.7400338912015918 1.7525244468277779 2.1400040399893023 2.28029146299385 2.4571020423056043 2.6921999811340944 2.8238858659588333 2.973944417056675 3.420888378908272 3.638617694809502 3.710054917062522 3.7329634508620804 3.9168258537548364 4.05164687319675 4.609506186790237 4.6277186767309875 4.742583736393436 5.09331595087191 5.186205422398283 5.312965130823467 5.556179677124992 5.607169057971318 6.0342630686830665 6.213397329474184 6.457147948379188 6.55593801165213 6.714193562150343 7.155372990126721 7.224078792415202 7.513165721555756 7.624405216526999 7.705719639720955 7.810950798090213 8.329459228828604 8.51438852840929 8.819620867600932 8.999999999999988 8.999999999999996 9.000000000000004 9.162659217648807 9.37380501400137 9.383716358230526 9.529063723132959 9.58422544321652 9.704817036304114 9.741214939533913 10.235740167602998 10.37228132326901 10.404924557946181 10.748205885929298 10.858761733629262 10.929624536066681 11.28929435102918 11.314344910732862 11.361077632487351 11.371635286139927 11.622862614674005 11.99999999999999 11.999999999999996 12.00000000000001 
1 -3 0 2.280291462993853 3.7100549170625197 4.609506186790237 5.3129651308234624 6.213397329474184 7.5131657215557555 7.705719639720956 8.329459228828604 8.999999999999996 9.0 9.0 9.584225443216518 9.741214939533906 
-1 4 0 4.0 4.0 
-1 3 0 4.0 4.0 
-1 2 0 1.9909633449001687 2.5071414275182957 2.541976250885528 3.1195864691501236 3.1876085153639364 3.2146192414699426 4.000000000000001 4.000000000000001 4.398838826902475 4.848616804429626 5.131279014878251 5.267949192431122 5.292081402664169 5.393147276015905 6.0 6.000000000000001 6.000000000000001 6.000000000000005 6.000000000000009 6.999999999999999 7.0 7.000000000000002 7.062386726677968 7.608345889906074 8.0 8.000000000000002 8.000000000000004 8.14010619250145 8.732050807568879 8.774632918010225 8.999999999999996 9.231712105733216 9.888473329515298 10.049738766088296 10.618745497389055 
-1 1 0 1.9909633449001687 2.5071414275182957 2.541976250885528 3.1195864691501236 3.1876085153639364 3.2146192414699426 4.000000000000001 4.000000000000001 4.398838826902475 4.848616804429626 5.131279014878251 5.267949192431122 5.292081402664169 5.393147276015905 6.0 6.000000000000001 6.000000000000001 6.000000000000005 6.000000000000009 6.999999999999999 7.0 7.000000000000002 7.062386726677968 7.608345889906074 8.0 8.000000000000002 8.000000000000004 8.14010619250145 8.732050807568879 8.774632918010225 8.999999999999996 9.231712105733216 9.888473329515298 10.049738766088296 10.618745497389055 
-1 0 0 0.28862881848465527 1.2843769056554195 1.2977286236945207 1.5206631972266327 1.521552969039457 1.961465015926027 2.125253640861042 2.2756870556352893 2.666693412381329 2.830563298798865 2.9245358188802744 2.9944112943247334 3.0369172690349955 3.4682107368210526 3.602813729721456 3.609979936615868 3.7517036811770024 3.765692710290153 3.9936883292889194 3.9999999999999942 4.072542337435162 4.125434328695088 4.206392897155878 4.322118386040371 4.373502439114647 4.497530817585081 4.542044014364437 4.668854065258117 4.7255276814775256 4.890623535146017 4.991148377527729 5.011684508494631 5.118270032435722 5.190618539125143 5.242717814850563 5.656291387556701 5.8607373845965505 5.999999999999994 6.000000000000001 6.000000000000003 6.174265966543262 6.285630110011146 6.664586829586004 6.815681649944137 6.827397458535777 6.872492604713189 6.896387933537792 7.049594491402457 7.322383586649716 7.413729837251039 7.5111485559908315 7.820576687001736 7.828622419349576 7.879518260634105 7.892783756628293 8.000000000000002 8.030041183593317 8.346236219095854 8.481043749867437 8.499741527167812 8.521219081464066 8.59018251182475 8.867767926794816 9.004667013268131 9.172535726787398 9.18160508229055 9.213403857631015 9.415232617397107 9.807284991586704 10.00000000000001 10.30859022723742 10.536470597122868 10.661617056224278 10.892280393921892 11.005557120220901 11.09076324005235 11.185237897771128 11.23897440687115 11.338046401706166 11.347764199109497 11.427495219025252 11.45225317757322 11.630021033828429 11.644501187031635 11.673115502309168 11.739661336142131 11.999999999999996 11.999999999999998 12.00000000000001 12.071566301811687 12.108838111926804 12.108886448655626 12.266959693329099 12.403580150320444 12.44685166145856 12.460697596706723 12.67419647608662 12.720643448154322 12.82013242412722 13.219613780376502 13.355711045902346 13.367607237731457 14.00000000000003 
-1 -1 0 0.28862881848465527 1.2843769056554195 1.2977286236945207 1.5206631972266327 1.521552969039457 1.961465015926027 2.125253640861042 2.2756870556352893 2.666693412381329 2.830563298798865 2.9245358188802744 2.9944112943247334 3.0369172690349955 3.4682107368210526 3.602813729721456 3.609979936615868 3.7517036811770024 3.765692710290153 3.9936883292889194 3.9999999999999942 4.072542337435162 4.125434328695088 4.206392897155878 4.322118386040371 4.373502439114647 4.497530817585081 4.542044014364437 4.668854065258117 4.7255276814775256 4.890623535146017 4.991148377527729 5.011684508494631 5.118270032435722 5.190618539125143 5.242717814850563 5.656291387556701 5.8607373845965505 5.999999999999994 6.000000000000001 6.000000000000003 6.174265966543262 6.285630110011146 6.664586829586004 6.815681649944137 6.827397458535777 6.872492604713189 6.896387933537792 7.049594491402457 7.322383586649716 7.413729837251039 7.5111485559908315 7.820576687001736 7.828622419349576 7.879518260634105 7.892783756628293 8.000000000000002 8.030041183593317 8.346236219095854 8.481043749867437 8.499741527167812 8.521219081464066 8.59018251182475 8.867767926794816 9.004667013268131 9.172535726787398 9.18160508229055 9.213403857631015 9.415232617397107 9.807284991586704 10.00000000000001 10.30859022723742 10.536470597122868 10.661617056224278 10.892280393921892 11.005557120220901 11.09076324005235 11.185237897771128 11.23897440687115 11.338046401706166 11.347764199109497 11.427495219025252 11.45225317757322 11.630021033828429 11.644501187031635 11.673115502309168 11.739661336142131 11.999999999999996 11.999999999999998 12.00000000000001 12.071566301811687 12.108838111926804 12.108886448655626 12.266959693329099 12.403580150320444 12.44685166145856 12.460697596706723 12.67419647608662 12.720643448154322 12.82013242412722 13.219613780376502 13.355711045902346 13.367607237731457 14.00000000000003 
-1 -2 0 0.17719515061817118 0.4734443805127684 1.095821259026992 1.1407030226057706 1.7400338912015851 1.7525244468277694 1.7931152303738993 1.9627909151389125 2.1400040399892992 2.235286827626419 2.2745461939531366 2.457102042305607 2.6921999811340975 2.823885865958834 2.8822895056381754 2.9739444170566696 3.160532360640545 3.3984237166694062 3.420888378908273 3.451036634971381 3.6386176948095033 3.7329634508620746 3.7885345171720353 3.916825853754837 4.0516468731967565 4.058176638257085 4.467344238120958 4.627718676730985 4.6589984744867685 4.742583736393434 4.748744750165796 4.772707193133792 5.093315950871912 5.186205422398281 5.37030348724316 5.556179677124994 5.6071690579713085 5.613047192037067 5.74534756587255 6.034263068683063 6.071725412314873 6.160515370237969 6.340404849131568 6.457147948379182 6.55593801165213 6.559157271702381 6.661932852702883 6.714193562150341 6.949575374310175 7.155372990126718 7.223854348526313 7.224078792415202 7.316647769447564 7.516487996849503 7.517950222551925 7.624405216526999 7.810950798090206 7.842071473609335 7.870752129030285 8.024252584739372 8.455536174276256 8.514388528409285 8.595163378652243 8.81962086760093 8.971339910630823 9.003221371072122 9.070466878977921 9.162659217648807 9.373805014001375 9.383716358230531 9.529063723132955 9.620023386576067 9.704817036304114 9.96035439157212 10.235740167603 10.372281323269018 10.404924557946183 10.7482058859293 10.858761733629263 10.929624536066681 10.974308172309668 11.286807906622172 11.289294351029177 11.314344910732867 11.361077632487351 11.371635286139929 11.39578635463468 11.607991416090846 11.622862614674004 11.66380272791505 11.678665841585119 11.802605228484051 11.999999999999993 11.999999999999996 12.0 12.0 12.142225088033326 12.759465942731891 12.77285053853665 13.069056511200642 13.175382145841988 13.212196120188242 13.73205001429433 
-1 -3 0 0.17719515061817118 0.4734443805127684 1.095821259026992 1.1407030226057706 1.7400338912015851 1.7525244468277694 1.7931152303738993 1.9627909151389125 2.1400040399892992 2.235286827626419 2.2745461939531366 2.457102042305607 2.6921999811340975 2.823885865958834 2.8822895056381754 2.9739444170566696 3.160532360640545 3.3984237166694062 3.420888378908273 3.451036634971381 3.6386176948095033 3.7329634508620746 3.7885345171720353 3.916825853754837 4.0516468731967565 4.058176638257085 4.467344238120958 4.627718676730985 4.6589984744867685 4.742583736393434 4.748744750165796 4.772707193133792 5.093315950871912 5.186205422398281 5.37030348724316 5.556179677124994 5.6071690579713085 5.613047192037067 5.74534756587255 6.034263068683063 6.071725412314873 6.160515370237969 6.340404849131568 6.457147948379182 6.55593801165213 6.559157271702381 6.661932852702883 6.714193562150341 6.949575374310175 7.155372990126718 7.223854348526313 7.224078792415202 7.316647769447564 7.516487996849503 7.517950222551925 7.624405216526999 7.810950798090206 7.842071473609335 7.870752129030285 8.024252584739372 8.455536174276256 8.514388528409285 8.595163378652243 8.81962086760093 8.971339910630823 9.003221371072122 9.070466878977921 9.162659217648807 9.373805014001375 9.383716358230531 9.529063723132955 9.620023386576067 9.704817036304114 9.96035439157212 10.235740167603 10.372281323269018 10.404924557946183 10.7482058859293 10.858761733629263 10.929624536066681 10.974308172309668 11.286807906622172 11.289294351029177 11.314344910732867 11.361077632487351 11.371635286139929 11.39578635463468 11.607991416090846 11.622862614674004 11.66380272791505 11.678665841585119 11.802605228484051 11.999999999999993 11.999999999999996 12.0 12.0 12.142225088033326 12.759465942731891 12.77285053853665 13.069056511200642 13.175382145841988 13.212196120188242 13.73205001429433 
-1 -4 0 0.3415901418865352 1.1838952338872903 1.381868696717342 1.8345988595274632 1.9034927855817176 2.4258889445162155 2.517355450670076 3.597442079803968 3.6965823083982228 3.7427774271518555 3.8831161093228417 4.549973252709089 4.72462269084661 4.734761215495446 4.999999999999997 5.050624566346544 5.331964003752753 5.402646727296026 5.508923290836117 5.6378745484089166 5.658168220157074 5.806822326951808 5.868369290621332 5.999999999999999 6.596466726251018 6.704467814259311 7.206769447266584 7.211613816228261 7.957107271394501 8.59674446437936 9.310686599270138 9.35767375352072 9.368328505925893 9.906783430618967 10.00000000000001 
0 -4 0 1.9034927855817216 2.4258889445162155 3.8831161093228466 4.72462269084661 5.5089232908361305 5.637874548408918 6.000000000000002 6.704467814259317 7.211613816228255 
-1 -5 0 0.3415901418865352 1.1838952338872903 1.381868696717342 1.8345988595274632 1.9034927855817176 2.4258889445162155 2.517355450670076 3.597442079803968 3.6965823083982228 3.7427774271518555 3.8831161093228417 4.549973252709089 4.72462269084661 4.734761215495446 4.999999999999997 5.050624566346544 5.331964003752753 5.402646727296026 5.508923290836117 5.6378745484089166 5.658168220157074 5.806822326951808 5.868369290621332 5.999999999999999 6.596466726251018 6.704467814259311 7.206769447266584 7.211613816228261 7.957107271394501 8.59674446437936 9.310686599270138 9.35767375352072 9.368328505925893 9.906783430618967 10.00000000000001 
0 -5 0 1.9034927855817216 2.4258889445162155 3.8831161093228466 4.72462269084661 5.5089232908361305 5.637874548408918 6.000000000000002 6.704467814259317 7.211613816228255 
-2 2 0 4.0 5.267949192431124 6.0 6.0 6.0 6.000000000000002 7.0 8.0 8.732050807568875 
-2 1 0 4.0 5.267949192431124 6.0 6.0 6.0 6.000000000000002 7.0 8.0 8.732050807568875 
-2 0 0 1.2977286236945282 2.830563298798862 2.994411294324731 3.0664780083551375 3.6099799366158716 3.765692710290162 4.000000000000004 4.072542337435167 4.542044014364436 4.668854065258113 4.81913221547202 4.89062353514602 5.190618539125145 5.860737384596558 5.999999999999996 6.000000000000002 6.0000000000000036 6.285630110011145 6.827397458535782 6.896387933537794 7.049594491402456 7.180867784527977 7.413729837251043 7.879518260634112 8.000000000000002 8.49974152716781 8.590182511824754 8.93352199164486 9.004667013268127 9.213403857631006 9.999999999999998 10.0 10.000000000000002 10.000000000000004 10.000000000000004 10.308590227237424 10.536470597122872 10.661617056224278 10.892280393921904 11.090763240052356 11.185237897771131 11.238974406871158 11.427495219025255 11.630021033828433 11.644501187031628 11.99999999999999 11.999999999999998 12.000000000000002 
-2 -1 0 1.2977286236945282 2.830563298798862 2.994411294324731 3.0664780083551375 3.6099799366158716 3.765692710290162 4.000000000000004 4.072542337435167 4.542044014364436 4.668854065258113 4.81913221547202 4.89062353514602 5.190618539125145 5.860737384596558 5.999999999999996 6.000000000000002 6.0000000000000036 6.285630110011145 6.827397458535782 6.896387933537794 7.049594491402456 7.180867784527977 7.413729837251043 7.879518260634112 8.000000000000002 8.49974152716781 8.590182511824754 8.93352199164486 9.004667013268127 9.213403857631006 9.999999999999998 10.0 10.000000000000002 10.000000000000004 10.000000000000004 10.308590227237424 10.536470597122872 10.661617056224278 10.892280393921904 11.090763240052356 11.185237897771131 11.238974406871158 11.427495219025255 11.630021033828433 11.644501187031628 11.99999999999999 11.999999999999998 12.000000000000002 
-2 -2 0 0.4734443805127757 1.1407030226057624 1.6475251633177532 1.7931152303739013 1.9627909151389442 2.0537699678658394 2.2352868276264215 2.274546193953148 2.882289505638178 3.160532360640544 3.398423716669416 3.451036634971395 3.5231849196253537 3.7885345171720255 4.058176638257091 4.196917231054841 4.444597258603904 4.467344238120957 4.658998474486771 4.748744750165801 4.772707193133799 5.298437881283579 5.369474575484058 5.370303487243162 5.6130471920370715 5.745347565872544 5.935020195564783 6.000000000000003 6.071725412314867 6.160515370237969 6.201997954725313 6.340404849131569 6.559157271702382 6.661932852702882 6.9495753743101805 7.002772840374179 7.223854348526314 7.31664776944757 7.516487996849515 7.517950222551927 7.842071473609344 7.870752129030288 7.949762324232188 8.024252584739378 8.455536174276256 8.532194609879916 8.595163378652243 8.886403804914215 8.971339910630816 8.999999999999998 9.003221371072126 9.063794842435055 9.070466878977918 9.34286186675485 9.620023386576063 9.960354391572112 9.999999999999984 10.974308172309664 11.247189254662375 11.286807906622174 11.395786354634673 11.607991416090844 11.663802727915039 11.678665841585111 11.701562118716428 11.80188776448732 11.80260522848405 12.000000000000007 12.000000000000009 12.142225088033332 12.385161146974108 12.41548427904396 12.759465942731884 12.772850538536646 13.069056511200639 13.175382145841978 13.212196120188246 13.732050014294343 
-2 -3 0 0.4734443805127757 1.1407030226057624 1.6475251633177532 1.7931152303739013 1.9627909151389442 2.0537699678658394 2.2352868276264215 2.274546193953148 2.882289505638178 3.160532360640544 3.398423716669416 3.451036634971395 3.5231849196253537 3.7885345171720255 4.058176638257091 4.196917231054841 4.444597258603904 4.467344238120957 4.658998474486771 4.748744750165801 4.772707193133799 5.298437881283579 5.369474575484058 5.370303487243162 5.6130471920370715 5.745347565872544 5.935020195564783 6.000000000000003 6.071725412314867 6.160515370237969 6.201997954725313 6.340404849131569 6.559157271702382 6.661932852702882 6.9495753743101805 7.002772840374179 7.223854348526314 7.31664776944757 7.516487996849515 7.517950222551927 7.842071473609344 7.870752129030288 7.949762324232188 8.024252584739378 8.455536174276256 8.532194609879916 8.595163378652243 8.886403804914215 8.971339910630816 8.999999999999998 9.003221371072126 9.063794842435055 9.070466878977918 9.34286186675485 9.620023386576063 9.960354391572112 9.999999999999984 10.974308172309664 11.247189254662375 11.286807906622174 11.395786354634673 11.607991416090844 11.663802727915039 11.678665841585111 11.701562118716428 11.80188776448732 11.80260522848405 12.000000000000007 12.000000000000009 12.142225088033332 12.385161146974108 12.41548427904396 12.759465942731884 12.772850538536646 13.069056511200639 13.175382145841978 13.212196120188246 13.732050014294343 
-2 -4 0 0.3415901418865429 0.5643214548977776 1.183895233887289 1.3818686967173428 1.7644999802357262 1.834598859527468 1.8856590472687293 2.517355450670076 3.298303182881411 3.59744207980397 3.6965823083982268 3.7029294556367276 3.725082782364624 3.7427774271518603 3.7628838088874583 4.087958917936392 4.549973252709091 4.734761215495444 5.000000000000002 5.000000000000002 5.050624566346543 5.082962064284366 5.331964003752756 5.374855401343289 5.402646727296025 5.658168220157068 5.806822326951809 5.868369290621339 6.057733154534295 6.213198184927667 6.596466726251021 6.686942869104532 7.206769447266586 7.626805669753528 7.9571072713944995 8.228890351143136 8.596744464379357 9.310686599270134 9.357673753520718 9.368328505925888 9.906783430618962 10.000000000000004 10.083872359435615 10.08576720739249 10.134146534500697 11.274917217635362 11.592157059506993 11.76611329632921 
-2 -5 0 0.3415901418865429 0.5643214548977776 1.183895233887289 1.3818686967173428 1.7644999802357262 1.834598859527468 1.8856590472687293 2.517355450670076 3.298303182881411 3.59744207980397 3.6965823083982268 3.7029294556367276 3.725082782364624 3.7427774271518603 3.7628838088874583 4.087958917936392 4.549973252709091 4.734761215495444 5.000000000000002 5.000000000000002 5.050624566346543 5.082962064284366 5.331964003752756 5.374855401343289 5.402646727296025 5.658168220157068 5.806822326951809 5.868369290621339 6.057733154534295 6.213198184927667 6.596466726251021 6.686942869104532 7.206769447266586 7.626805669753528 7.9571072713944995 8.228890351143136 8.596744464379357 9.310686599270134 9.357673753520718 9.368328505925888 9.906783430618962 10.000000000000004 10.083872359435615 10.08576720739249 10.134146534500697 11.274917217635362 11.592157059506993 11.76611329632921 
-2 -6 0 0.43169461755946825 2.4812808023559607 2.9999999999999987 2.9999999999999987 3.0000000000000004 3.0000000000000013 3.559599219766032 4.256169809655497 7.271255550663042 
-1 -6 0 3.0 3.0 
-2 -7 0 0.43169461755946825 2.4812808023559607 2.9999999999999987 2.9999999999999987 3.0000000000000004 3.0000000000000013 3.559599219766032 4.256169809655497 7.271255550663042 
-1 -7 0 3.0 3.0 
-3 2 0 6.0 
-3 1 0 6.0 
-3 0 0 3.0664780083551464 4.819132215472025 5.9999999999999964 7.180867784527976 8.0 8.000000000000002 8.933521991644854 10.0 10.0 10.000000000000002 10.000000000000002 
-3 -1 0 3.0664780083551464 4.819132215472025 5.9999999999999964 7.180867784527976 8.0 8.000000000000002 8.933521991644854 10.0 10.0 10.000000000000002 10.000000000000002 
-3 -2 0 1.647525163317757 2.0537699678658328 3.5231849196253404 4.196917231054834 4.34427344607623 4.444597258603901 5.298437881283577 5.369474575484062 5.935020195564792 6.000000000000002 6.201997954725311 6.633775755077594 7.002772840374177 7.949762324232183 8.532194609879918 8.886403804914211 9.000000000000004 9.063794842435058 9.094173741114941 9.342861866754857 10.000000000000002 10.92777705773124 11.247189254662361 11.701562118716426 11.801887764487315 11.999999999999998 12.385161146974125 12.415484279043945 
-3 -3 0 1.647525163317757 2.0537699678658328 3.5231849196253404 4.196917231054834 4.34427344607623 4.444597258603901 5.298437881283577 5.369474575484062 5.935020195564792 6.000000000000002 6.201997954725311 6.633775755077594 7.002772840374177 7.949762324232183 8.532194609879918 8.886403804914211 9.000000000000004 9.063794842435058 9.094173741114941 9.342861866754857 10.000000000000002 10.92777705773124 11.247189254662361 11.701562118716426 11.801887764487315 11.999999999999998 12.385161146974125 12.415484279043945 
-3 -4 0 0.5643214548977667 1.7644999802357193 1.8856590472687207 2.1227538039893172 3.298303182881409 3.7029294556367236 3.7250827823646193 3.762883808887459 4.087958917936389 4.142076458717622 4.999999999999992 5.08296206428436 5.374855401343288 5.399820271173325 6.057733154534295 6.213198184927666 6.686942869104523 6.955765747492003 7.626805669753523 8.228890351143143 8.752317245529234 10.083872359435604 10.085767207392477 10.13414653450069 11.274917217635366 11.592157059506997 11.6272664730985 11.766113296329205 
-3 -5 0 0.5643214548977667 1.7644999802357193 1.8856590472687207 2.1227538039893172 3.298303182881409 3.7029294556367236 3.7250827823646193 3.762883808887459 4.087958917936389 4.142076458717622 4.999999999999992 5.08296206428436 5.374855401343288 5.399820271173325 6.057733154534295 6.213198184927666 6.686942869104523 6.955765747492003 7.626805669753523 8.228890351143143 8.752317245529234 10.083872359435604 10.085767207392477 10.13414653450069 11.274917217635366 11.592157059506997 11.6272664730985 11.766113296329205 
-3 -6 0 0.43169461755946953 1.2072447209458341 2.2473062786446163 2.48128080235596 2.9999999999999982 3.0000000000000004 3.5595992197660316 4.256169809655499 5.2312024662453345 7.2712555506630405 8.31424653416422 
-3 -7 0 0.43169461755946953 1.2072447209458341 2.2473062786446163 2.48128080235596 2.9999999999999982 3.0000000000000004 3.5595992197660316 4.256169809655499 5.2312024662453345 7.2712555506630405 8.31424653416422 
-4 0 0 8.0 
-4 -1 0 8.0 
-4 -2 0 4.34427344607623 6.633775755077594 9.09417374111494 10.927777057731237 
-4 -3 0 4.34427344607623 6.633775755077594 9.09417374111494 10.927777057731237 
-4 -4 0 2.1227538039893186 4.14207645871762 5.399820271173328 6.955765747492005 8.75231724552923 11.627266473098501 
-4 -5 0 2.1227538039893186 4.14207645871762 5.399820271173328 6.955765747492005 8.75231724552923 11.627266473098501 
-4 -6 0 1.207244720945834 2.247306278644617 5.231202466245334 8.314246534164214 
-4 -7 0 1.207244720945834 2.247306278644617 5.231202466245334 8.314246534164214 
-4 -8 0 1.0 
-3 -8 0 1.0 
-4 -9 0 1.0 
-3 -9 0 1.0 
