0 2 1 0.0 2.0 
1 2 0 2.0 
0 1 1 0.0 2.0 
1 1 0 2.0 
0 0 1 2.350245235450605e-15 0.6972243622680059 1.697224362268005 2.76393202250021 4.302775637731996 5.302775637731997 6.000000000000005 7.23606797749979 
1 0 0 2.76393202250021 7.23606797749979 
0 -1 1 2.350245235450605e-15 0.6972243622680059 1.697224362268005 2.76393202250021 4.302775637731996 5.302775637731997 6.000000000000005 7.23606797749979 
1 -1 0 2.76393202250021 7.23606797749979 
0 -2 0 0.2616031738683929 2.0 2.0000000000000004 3.7593237670351103 5.999999999999999 6.7752857439625 7.203787315133998 8.0 
1 -2 0 6.0 
0 -3 0 0.2616031738683929 2.0 2.0000000000000004 3.7593237670351103 5.999999999999999 6.7752857439625 7.203787315133998 8.0 
1 -3 0 6.0 
-1 0 0 0.6972243622680054 1.6972243622680057 3.0000000000000004 4.302775637731996 5.302775637731993 6.0 
-1 -1 0 0.6972243622680054 1.6972243622680057 3.0000000000000004 4.302775637731996 5.302775637731993 6.0 
-1 -2 0 0.26160317386839593 0.9208811354705237 1.9999999999999964 1.9999999999999991 3.121531878802913 3.7593237670351103 6.775285743962495 6.957586985726563 7.203787315133997 7.999999999999999 8.0 8.0 
-1 -3 0 0.26160317386839593 0.9208811354705237 1.9999999999999964 1.9999999999999991 3.121531878802913 3.7593237670351103 6.775285743962495 6.957586985726563 7.203787315133997 7.999999999999999 8.0 8.0 
-1 -4 0 0.8751145802354262 2.0 4.000000000000002 4.000000000000002 4.363328237932688 5.761557181831891 
0 -4 0 2.0 4.0 
-1 -5 0 0.8751145802354262 2.0 4.000000000000002 4.000000000000002 4.363328237932688 5.761557181831891 
0 -5 0 2.0 4.0 
-2 0 0 3.0 
-2 -1 0 3.0 
-2 -2 0 0.9208811354705211 3.1215318788029154 5.0 6.957586985726566 8.0 8.000000000000002 
-2 -3 0 0.9208811354705211 3.1215318788029154 5.0 6.957586985726566 8.0 8.000000000000002 
-2 -4 0 0.8751145802354257 1.4586187348508914 4.000000000000001 4.3633282379326825 5.761557181831892 7.541381265149113 
-2 -5 0 0.8751145802354257 1.4586187348508914 4.000000000000001 4.3633282379326825 5.761557181831892 7.541381265149113 
-3 -2 0 5.0 
-3 -3 0 5.0 
-3 -4 0 1.4586187348508906 7.541381265149109 
-3 -5 0 1.4586187348508906 7.541381265149109 
-3 -6 0 1.0 
-2 -6 0 1.0 
-3 -7 0 1.0 
-2 -7 0 1.0 
