3 7 0 1.0 3.0 3.0 
4 7 0 3.0 
3 6 0 1.0 3.0 3.0 
4 6 0 3.0 
3 5 0 1.1551900641029027 2.147492307837561 3.055014850912864 3.8151548605565746 4.046426617737682 4.468871125850728 6.9999999999999964 7.190357521119463 7.416454099520662 9.937680070016308 10.88980523192391 11.346424376272076 12.531128874149273 
4 5 0 4.468871125850725 12.531128874149275 
3 4 0 1.1551900641029027 2.147492307837561 3.055014850912864 3.8151548605565746 4.046426617737682 4.468871125850728 6.9999999999999964 7.190357521119463 7.416454099520662 9.937680070016308 10.88980523192391 11.346424376272076 12.531128874149273 
4 4 0 4.468871125850725 12.531128874149275 
3 3 0 1.6276655900417025 3.6424461104604484 4.026116926467614 6.502609230414121 7.568041891049511 8.249255249181648 9.999999999999998 11.522129094893405 11.95554623470587 12.906189672785683 13.999999999999996 13.999999999999996 13.999999999999996 
4 3 0 10.0 
3 2 0 1.6276655900417025 3.6424461104604484 4.026116926467614 6.502609230414121 7.568041891049511 8.249255249181648 9.999999999999998 11.522129094893405 11.95554623470587 12.906189672785683 13.999999999999996 13.999999999999996 13.999999999999996 
4 2 0 10.0 
2 7 0 1.0 3.0 
2 6 0 1.0 3.0 
2 5 0 0.7365361877077514 1.155190064102901 1.893408599577069 2.1474923078375623 2.8189303747345233 3.0550148509128623 3.220157408280288 3.8151548605565746 3.9999999999999982 4.046426617737684 4.243824414202327 5.0 5.355342255138907 6.0 6.000000000000005 6.680763530568599 6.999999999999992 6.999999999999998 7.000000000000003 7.079878653017586 7.19035752111946 7.416454099520666 8.425023131210517 9.546135445562433 9.93768007001631 10.889805231923905 11.346424376272063 
2 4 0 0.7365361877077514 1.155190064102901 1.893408599577069 2.1474923078375623 2.8189303747345233 3.0550148509128623 3.220157408280288 3.8151548605565746 3.9999999999999982 4.046426617737684 4.243824414202327 5.0 5.355342255138907 6.0 6.000000000000005 6.680763530568599 6.999999999999992 6.999999999999998 7.000000000000003 7.079878653017586 7.19035752111946 7.416454099520666 8.425023131210517 9.546135445562433 9.93768007001631 10.889805231923905 11.346424376272063 
2 3 0 0.8806319730830197 1.415651062982726 1.6276655900417005 1.7707175464856537 1.8303472657628794 2.8351013047351223 2.989809231374133 3.642446110460452 3.678293284496259 3.8639880751664974 4.026116926467616 4.033573667818793 4.693362291528913 5.083706336504033 5.544778074747172 5.77915460745453 5.820538062902363 6.185372131414021 6.502609230414123 6.71015636306909 6.748185374886385 6.927725872038175 7.552282292050608 7.568041891049511 8.015474735315353 8.24925524918165 8.37319735613968 8.55011688592833 9.586857360370987 10.847797447635878 11.195152709550255 11.418765343840173 11.522129094893403 11.883907255964928 11.955546234705873 12.182123188708287 12.389636890107548 12.42510890974814 12.546714893585175 12.633241518387887 12.636855720304919 12.717045440746212 12.730627974708995 12.906189672785683 13.25126064727313 13.62774217639317 13.644998726790572 13.999999999999979 13.999999999999995 14.000000000000004 
2 2 0 0.8806319730830197 1.415651062982726 1.6276655900417005 1.7707175464856537 1.8303472657628794 2.8351013047351223 2.989809231374133 3.642446110460452 3.678293284496259 3.8639880751664974 4.026116926467616 4.033573667818793 4.693362291528913 5.083706336504033 5.544778074747172 5.77915460745453 5.820538062902363 6.185372131414021 6.502609230414123 6.71015636306909 6.748185374886385 6.927725872038175 7.552282292050608 7.568041891049511 8.015474735315353 8.24925524918165 8.37319735613968 8.55011688592833 9.586857360370987 10.847797447635878 11.195152709550255 11.418765343840173 11.522129094893403 11.883907255964928 11.955546234705873 12.182123188708287 12.389636890107548 12.42510890974814 12.546714893585175 12.633241518387887 12.636855720304919 12.717045440746212 12.730627974708995 12.906189672785683 13.25126064727313 13.62774217639317 13.644998726790572 13.999999999999979 13.999999999999995 14.000000000000004 
2 1 0 1.3463781352949247 2.553869290895261 3.043749441791238 3.8388778177560847 4.31888404069517 4.535898384862248 4.95581999211972 5.873815152187327 6.0 6.599331845110106 7.999999999999995 7.999999999999999 8.000000000000002 8.823549764437473 9.644936746542108 10.512998069248596 10.781455069257873 11.0 11.0 11.000000000000014 11.175248277939783 11.464101615137764 11.685219270389696 11.845867086334641 11.999999999999986 12.0 12.000000000000005 
3 1 0 6.0 8.0 8.0 
2 0 0 1.3463781352949247 2.553869290895261 3.043749441791238 3.8388778177560847 4.31888404069517 4.535898384862248 4.95581999211972 5.873815152187327 6.0 6.599331845110106 7.999999999999995 7.999999999999999 8.000000000000002 8.823549764437473 9.644936746542108 10.512998069248596 10.781455069257873 11.0 11.0 11.000000000000014 11.175248277939783 11.464101615137764 11.685219270389696 11.845867086334641 11.999999999999986 12.0 12.000000000000005 
3 0 0 6.0 8.0 8.0 
1 5 0 0.7365361877077516 1.893408599577069 2.000000000000001 2.8189303747345242 3.2201574082802904 3.999999999999998 4.000000000000002 4.000000000000003 4.000000000000004 4.243824414202326 5.000000000000001 5.000000000000004 5.3553422551389085 5.999999999999995 5.9999999999999964 5.999999999999998 5.999999999999999 6.0000000000000036 6.680763530568602 7.0 7.000000000000001 7.0000000000000036 7.079878653017588 8.425023131210521 9.546135445562427 
1 4 0 0.7365361877077516 1.893408599577069 2.000000000000001 2.8189303747345242 3.2201574082802904 3.999999999999998 4.000000000000002 4.000000000000003 4.000000000000004 4.243824414202326 5.000000000000001 5.000000000000004 5.3553422551389085 5.999999999999995 5.9999999999999964 5.999999999999998 5.999999999999999 6.0000000000000036 6.680763530568602 7.0 7.000000000000001 7.0000000000000036 7.079878653017588 8.425023131210521 9.546135445562427 
1 3 0 0.31674254463029694 0.8806319730830209 1.0785312033691992 1.41565106298273 1.4516874351779296 1.7707175464856515 1.8303472657628723 1.974386433663146 2.105649260345331 2.675355003862448 2.8351013047351197 2.9898092313741356 3.15736206390327 3.373941785381762 3.6274885491535556 3.6782932844962595 3.7884278557224063 3.8449103069229373 3.863988075166494 3.9462124158432137 4.033573667818799 4.339315015581958 4.510825509973854 4.693362291528911 4.701686348656728 4.840601578774502 5.048450884295861 5.083706336504035 5.442999411987096 5.544778074747172 5.5608879055197065 5.71752985194577 5.779154607454529 5.820538062902361 6.055565478435537 6.185372131414022 6.363278915377245 6.701469998612138 6.710156363069094 6.748185374886387 6.7526132557417595 6.927725872038167 7.062797939648561 7.500259678549271 7.552282292050603 7.999999999999993 8.015474735315351 8.37319735613968 8.55011688592833 8.555613824965171 8.616247479565281 8.9710869169987 8.999999999999991 9.402777450931184 9.586857360370988 9.999999999999979 10.071397327250123 10.266635510231616 10.504924658528155 10.652618224665229 10.679186436635716 10.730975101270666 10.765381258312836 10.847797447635884 11.013750948087896 11.056474282404176 11.195152709550259 11.200431069806061 11.262148880906963 11.418765343840173 11.518424223328635 11.792949775036139 11.88390725596494 12.000000000000002 12.182123188708287 12.389636890107546 12.425108909748156 12.546714893585177 12.633241518387868 12.636855720304926 12.71704544074622 12.730627974709005 13.251260647273122 13.627742176393163 13.644998726790563 
1 2 0 0.31674254463029694 0.8806319730830209 1.0785312033691992 1.41565106298273 1.4516874351779296 1.7707175464856515 1.8303472657628723 1.974386433663146 2.105649260345331 2.675355003862448 2.8351013047351197 2.9898092313741356 3.15736206390327 3.373941785381762 3.6274885491535556 3.6782932844962595 3.7884278557224063 3.8449103069229373 3.863988075166494 3.9462124158432137 4.033573667818799 4.339315015581958 4.510825509973854 4.693362291528911 4.701686348656728 4.840601578774502 5.048450884295861 5.083706336504035 5.442999411987096 5.544778074747172 5.5608879055197065 5.71752985194577 5.779154607454529 5.820538062902361 6.055565478435537 6.185372131414022 6.363278915377245 6.701469998612138 6.710156363069094 6.748185374886387 6.7526132557417595 6.927725872038167 7.062797939648561 7.500259678549271 7.552282292050603 7.999999999999993 8.015474735315351 8.37319735613968 8.55011688592833 8.555613824965171 8.616247479565281 8.9710869169987 8.999999999999991 9.402777450931184 9.586857360370988 9.999999999999979 10.071397327250123 10.266635510231616 10.504924658528155 10.652618224665229 10.679186436635716 10.730975101270666 10.765381258312836 10.847797447635884 11.013750948087896 11.056474282404176 11.195152709550259 11.200431069806061 11.262148880906963 11.418765343840173 11.518424223328635 11.792949775036139 11.88390725596494 12.000000000000002 12.182123188708287 12.389636890107546 12.425108909748156 12.546714893585177 12.633241518387868 12.636855720304926 12.71704544074622 12.730627974709005 13.251260647273122 13.627742176393163 13.644998726790563 
1 1 0 0.6106367839148187 0.717247538711986 1.235613984744198 1.3463781352949218 1.5113012140065514 1.6229893303990028 2.0296761377646524 2.1997314900976463 2.3694106362179705 2.5538692908952614 3.043749441791241 3.1450537085579717 3.502643315313339 3.6000819298476276 3.762892640022216 3.8388778177560896 3.8854128929077603 3.9166154048072563 4.219672326697899 4.318884040695171 4.4026137904522455 4.485147278476917 4.535898384862247 4.677792077194151 4.865467954820787 4.9098130535138615 4.955819992119717 5.520970490700746 5.646619019192979 5.716666624709007 5.8738151521873325 5.9656595047015095 6.039428835140174 6.125238397578719 6.5993318451101075 6.764782509916781 6.972144403589013 7.309471942686718 7.555613842302482 7.613883575339779 7.902645383861623 7.98451226658165 8.00000000000002 8.214159604511284 8.623202616435416 8.679009860628328 8.823549764437471 8.82531927977812 8.877869616515838 8.979508405304138 9.644936746542111 9.70962515766935 9.731999225163836 10.512998069248601 10.781455069257872 10.999999999999991 10.999999999999998 11.000000000000007 11.142885305856051 11.175248277939783 11.23094670668239 11.258214391055928 11.401684719266207 11.464101615137757 11.52371057448874 11.532903996142593 11.685219270389695 11.845867086334637 11.846884801868931 11.887082859435429 11.954669269990918 11.999999999999996 12.000000000000002 12.000000000000005 12.076129184999205 12.512068966735335 12.54384052516656 12.649503500410288 12.979644896987203 13.18442083250215 13.322743802740463 13.422936641826041 13.685327816504746 13.6983260975439 13.717931059020636 
1 0 0 0.6106367839148187 0.717247538711986 1.235613984744198 1.3463781352949218 1.5113012140065514 1.6229893303990028 2.0296761377646524 2.1997314900976463 2.3694106362179705 2.5538692908952614 3.043749441791241 3.1450537085579717 3.502643315313339 3.6000819298476276 3.762892640022216 3.8388778177560896 3.8854128929077603 3.9166154048072563 4.219672326697899 4.318884040695171 4.4026137904522455 4.485147278476917 4.535898384862247 4.677792077194151 4.865467954820787 4.9098130535138615 4.955819992119717 5.520970490700746 5.646619019192979 5.716666624709007 5.8738151521873325 5.9656595047015095 6.039428835140174 6.125238397578719 6.5993318451101075 6.764782509916781 6.972144403589013 7.309471942686718 7.555613842302482 7.613883575339779 7.902645383861623 7.98451226658165 8.00000000000002 8.214159604511284 8.623202616435416 8.679009860628328 8.823549764437471 8.82531927977812 8.877869616515838 8.979508405304138 9.644936746542111 9.70962515766935 9.731999225163836 10.512998069248601 10.781455069257872 10.999999999999991 10.999999999999998 11.000000000000007 11.142885305856051 11.175248277939783 11.23094670668239 11.258214391055928 11.401684719266207 11.464101615137757 11.52371057448874 11.532903996142593 11.685219270389695 11.845867086334637 11.846884801868931 11.887082859435429 11.954669269990918 11.999999999999996 12.000000000000002 12.000000000000005 12.076129184999205 12.512068966735335 12.54384052516656 12.649503500410288 12.979644896987203 13.18442083250215 13.322743802740463 13.422936641826041 13.685327816504746 13.6983260975439 13.717931059020636 
1 -1 0 1.117352421961462 1.3672284058737432 2.341723826440629 3.3350900319373635 3.5763185848875625 4.0 4.219381643403226 4.485851501611307 4.853731796919504 4.993157227932749 5.448962918504896 5.76577104282919 6.0 6.000000000000001 6.96043622097675 7.5164295339367655 7.937441665011646 8.300493828768971 8.834814961328323 8.924056033112233 9.173445853382173 9.449033460279601 9.612454470823524 9.872930247264653 9.913894322813714 
2 -1 0 4.0 6.0 
1 -2 0 1.117352421961462 1.3672284058737432 2.341723826440629 3.3350900319373635 3.5763185848875625 4.0 4.219381643403226 4.485851501611307 4.853731796919504 4.993157227932749 5.448962918504896 5.76577104282919 6.0 6.000000000000001 6.96043622097675 7.5164295339367655 7.937441665011646 8.300493828768971 8.834814961328323 8.924056033112233 9.173445853382173 9.449033460279601 9.612454470823524 9.872930247264653 9.913894322813714 
2 -2 0 4.0 6.0 
0 5 0 2.0000000000000004 3.999999999999998 4.000000000000001 4.000000000000001 4.000000000000001 5.0 5.9999999999999964 5.999999999999998 6.0 6.0 7.0 
0 4 0 2.0000000000000004 3.999999999999998 4.000000000000001 4.000000000000001 4.000000000000001 5.0 5.9999999999999964 5.999999999999998 6.0 6.0 7.0 
0 3 0 0.31674254463029605 1.0785312033691925 1.4516874351779174 1.9743864336631385 2.105649260345335 2.186520979916214 2.6753550038624447 2.940982392614018 3.1573620639032796 3.3739417853817653 3.627488549153555 3.7884278557224054 3.844910306922942 3.8726575586391045 3.9462124158432124 4.067658648202256 4.339315015581956 4.510825509973859 4.701686348656731 4.840601578774501 4.921955579333343 5.048450884295861 5.439368888493802 5.442999411987095 5.560887905519715 5.717529851945769 5.999999999999999 6.000000000000002 6.015657792155881 6.055565478435539 6.363278915377248 6.701469998612142 6.744657594796936 6.752613255741766 7.062797939648568 7.305911076363743 7.500259678549278 7.9999999999999964 7.999999999999999 8.000000000000002 8.000000000000004 8.000000000000005 8.555613824965167 8.59646189881807 8.61624747956528 8.657007651346895 8.971086916998708 8.999999999999996 9.000000000000002 9.40277745093118 9.54606601226759 9.705093927052143 9.999999999999998 10.000000000000004 10.071397327250125 10.266635510231621 10.504924658528159 10.652618224665238 10.679186436635716 10.730975101270653 10.765381258312848 11.0137509480879 11.056474282404167 11.200431069806056 11.262148880906965 11.51842422332863 11.792949775036147 12.000000000000014 
0 2 0 0.31674254463029605 1.0785312033691925 1.4516874351779174 1.9743864336631385 2.105649260345335 2.186520979916214 2.6753550038624447 2.940982392614018 3.1573620639032796 3.3739417853817653 3.627488549153555 3.7884278557224054 3.844910306922942 3.8726575586391045 3.9462124158432124 4.067658648202256 4.339315015581956 4.510825509973859 4.701686348656731 4.840601578774501 4.921955579333343 5.048450884295861 5.439368888493802 5.442999411987095 5.560887905519715 5.717529851945769 5.999999999999999 6.000000000000002 6.015657792155881 6.055565478435539 6.363278915377248 6.701469998612142 6.744657594796936 6.752613255741766 7.062797939648568 7.305911076363743 7.500259678549278 7.9999999999999964 7.999999999999999 8.000000000000002 8.000000000000004 8.000000000000005 8.555613824965167 8.59646189881807 8.61624747956528 8.657007651346895 8.971086916998708 8.999999999999996 9.000000000000002 9.40277745093118 9.54606601226759 9.705093927052143 9.999999999999998 10.000000000000004 10.071397327250125 10.266635510231621 10.504924658528159 10.652618224665238 10.679186436635716 10.730975101270653 10.765381258312848 11.0137509480879 11.056474282404167 11.200431069806056 11.262148880906965 11.51842422332863 11.792949775036147 12.000000000000014 
0 1 1 -7.105427357601453e-15 0.6106367839148165 0.7172475387119707 0.8512569497941752 1.2356139847442167 1.2956691595573686 1.5113012140065476 1.622989330399008 1.946471345506625 2.0296761377646635 2.199731490097641 2.369410636217962 2.5034219790706644 2.5562506074490563 2.631967130102538 3.0328968344326683 3.1450537085579717 3.3080683201395997 3.502643315313329 3.60008192984763 3.762892640022212 3.8854128929077563 3.916615404807255 3.9546813287781233 4.193939657033419 4.219672326697891 4.327036733830884 4.381178290226342 4.402613790452242 4.48514727847691 4.61387436451218 4.677792077194146 4.8323639787114185 4.865467954820782 4.905487467978582 4.909813053513855 5.357379621997595 5.422193695439784 5.520970490700736 5.521300223464374 5.646619019192966 5.680779424761191 5.716666624709008 5.965659504701503 6.0394288351401615 6.125238397578716 6.154997386904614 6.434469090444701 6.593212045363453 6.764782509916774 6.78412801952233 6.879301951248589 6.972144403589015 7.179909461087527 7.228081223059351 7.30947194268672 7.421601940202771 7.555613842302484 7.61388357533978 7.643918449654816 7.902645383861627 7.949813228027807 7.984512266581649 7.999999999999998 8.214159604511293 8.305902249077965 8.455275715295024 8.623202616435417 8.647468165106806 8.679009860628328 8.69950068697069 8.727748789046231 8.793884921273893 8.82531927977812 8.877869616515838 8.944288330286236 8.97950840530413 9.709625157669347 9.731999225163829 11.036470079734762 11.142885305856055 11.164358025231653 11.230946706682383 11.258214391055928 11.401684719266214 11.523710574488744 11.53290399614259 11.602362971473037 11.607327869558253 11.846884801868944 11.865024455983951 11.887082859435434 11.954669269990918 11.991208553547391 12.07612918499921 12.27454829646704 12.298757492811433 12.39852917818028 12.407017639647664 12.512068966735345 12.543840525166564 12.649503500410287 12.890302614885334 12.916371423676205 12.979644896987217 13.184420832502136 13.322743802740462 13.388002633443627 13.42293664182605 13.685327816504765 13.698326097543912 13.717931059020652 14.000000000000005 14.00000000000002 
0 0 1 -7.105427357601453e-15 0.6106367839148165 0.7172475387119707 0.8512569497941752 1.2356139847442167 1.2956691595573686 1.5113012140065476 1.622989330399008 1.946471345506625 2.0296761377646635 2.199731490097641 2.369410636217962 2.5034219790706644 2.5562506074490563 2.631967130102538 3.0328968344326683 3.1450537085579717 3.3080683201395997 3.502643315313329 3.60008192984763 3.762892640022212 3.8854128929077563 3.916615404807255 3.9546813287781233 4.193939657033419 4.219672326697891 4.327036733830884 4.381178290226342 4.402613790452242 4.48514727847691 4.61387436451218 4.677792077194146 4.8323639787114185 4.865467954820782 4.905487467978582 4.909813053513855 5.357379621997595 5.422193695439784 5.520970490700736 5.521300223464374 5.646619019192966 5.680779424761191 5.716666624709008 5.965659504701503 6.0394288351401615 6.125238397578716 6.154997386904614 6.434469090444701 6.593212045363453 6.764782509916774 6.78412801952233 6.879301951248589 6.972144403589015 7.179909461087527 7.228081223059351 7.30947194268672 7.421601940202771 7.555613842302484 7.61388357533978 7.643918449654816 7.902645383861627 7.949813228027807 7.984512266581649 7.999999999999998 8.214159604511293 8.305902249077965 8.455275715295024 8.623202616435417 8.647468165106806 8.679009860628328 8.69950068697069 8.727748789046231 8.793884921273893 8.82531927977812 8.877869616515838 8.944288330286236 8.97950840530413 9.709625157669347 9.731999225163829 11.036470079734762 11.142885305856055 11.164358025231653 11.230946706682383 11.258214391055928 11.401684719266214 11.523710574488744 11.53290399614259 11.602362971473037 11.607327869558253 11.846884801868944 11.865024455983951 11.887082859435434 11.954669269990918 11.991208553547391 12.07612918499921 12.27454829646704 12.298757492811433 12.39852917818028 12.407017639647664 12.512068966735345 12.543840525166564 12.649503500410287 12.890302614885334 12.916371423676205 12.979644896987217 13.184420832502136 13.322743802740462 13.388002633443627 13.42293664182605 13.685327816504765 13.698326097543912 13.717931059020652 14.000000000000005 14.00000000000002 
0 -1 1 1.0657922730256005e-14 0.5816906855285543 0.7687302131100099 1.1173524219614732 1.2624861177888618 1.3672284058737472 1.9947743140370935 2.108590733973545 2.34172382644063 2.4304796694907247 2.6202527269926286 2.693929587160627 3.165607915536344 3.2384895533310782 3.335090031937364 3.5763185848875674 3.696044365881674 3.774222782746619 4.125319159713346 4.190996401361047 4.219381643403229 4.380192891938525 4.485851501611301 4.666416887629141 4.843855180139175 4.853731796919505 4.898486492418745 4.99315722793275 5.320898483695844 5.448962918504899 5.681184450676667 5.76577104282919 5.8666266915424865 5.941673687358071 5.999999999999999 6.054067994882972 6.382540539102842 6.7339605874709765 6.960436220976753 7.119118771477215 7.26005362529687 7.335604230180593 7.516429533936764 7.524203528936714 7.937441665011654 7.973072518920289 8.300493828768971 8.393639085183192 8.834814961328323 8.924056033112233 9.173445853382164 9.449033460279605 9.612454470823524 9.678404893143197 9.852267176783357 9.872930247264655 9.913894322813718 9.992772699885816 10.03367592681096 10.083561933893709 10.309449670486915 10.518328640788472 10.922071636528804 11.0568544750977 11.084795519883638 11.297464263095288 11.536243200532713 11.606900089566974 
0 -2 1 1.0657922730256005e-14 0.5816906855285543 0.7687302131100099 1.1173524219614732 1.2624861177888618 1.3672284058737472 1.9947743140370935 2.108590733973545 2.34172382644063 2.4304796694907247 2.6202527269926286 2.693929587160627 3.165607915536344 3.2384895533310782 3.335090031937364 3.5763185848875674 3.696044365881674 3.774222782746619 4.125319159713346 4.190996401361047 4.219381643403229 4.380192891938525 4.485851501611301 4.666416887629141 4.843855180139175 4.853731796919505 4.898486492418745 4.99315722793275 5.320898483695844 5.448962918504899 5.681184450676667 5.76577104282919 5.8666266915424865 5.941673687358071 5.999999999999999 6.054067994882972 6.382540539102842 6.7339605874709765 6.960436220976753 7.119118771477215 7.26005362529687 7.335604230180593 7.516429533936764 7.524203528936714 7.937441665011654 7.973072518920289 8.300493828768971 8.393639085183192 8.834814961328323 8.924056033112233 9.173445853382164 9.449033460279605 9.612454470823524 9.678404893143197 9.852267176783357 9.872930247264655 9.913894322813718 9.992772699885816 10.03367592681096 10.083561933893709 10.309449670486915 10.518328640788472 10.922071636528804 11.0568544750977 11.084795519883638 11.297464263095288 11.536243200532713 11.606900089566974 
-1 5 0 4.0 6.0 
-1 4 0 4.0 6.0 
-1 3 0 2.186520979916214 2.9409823926140275 3.8726575586391037 4.067658648202257 4.921955579333342 5.439368888493802 5.999999999999999 6.000000000000003 6.000000000000004 6.01565779215587 6.744657594796937 7.305911076363743 7.999999999999994 7.999999999999997 7.999999999999999 8.000000000000002 8.000000000000002 8.000000000000002 8.596461898818069 8.657007651346902 8.99999999999999 9.546066012267584 9.705093927052143 10.000000000000002 
-1 2 0 2.186520979916214 2.9409823926140275 3.8726575586391037 4.067658648202257 4.921955579333342 5.439368888493802 5.999999999999999 6.000000000000003 6.000000000000004 6.01565779215587 6.744657594796937 7.305911076363743 7.999999999999994 7.999999999999997 7.999999999999999 8.000000000000002 8.000000000000002 8.000000000000002 8.596461898818069 8.657007651346902 8.99999999999999 9.546066012267584 9.705093927052143 10.000000000000002 
-1 1 0 0.8512569497941976 1.295669159557378 1.9464713455066516 2.503421979070676 2.556250607449055 2.631967130102536 2.9659193208195482 3.0328968344326674 3.308068320139604 3.9546813287781166 4.193939657033419 4.327036733830886 4.381178290226346 4.613874364512176 4.832363978711414 4.905487467978581 5.00206016596385 5.200185634911561 5.3573796219976 5.422193695439786 5.521300223464378 5.544842468008579 5.680779424761196 6.154997386904613 6.434469090444697 6.550281473163877 6.593212045363451 6.7841280195223295 6.879301951248588 6.909658919355477 7.047690684832306 7.17990946108753 7.228081223059355 7.421601940202778 7.6439184496548185 7.94981322802781 7.999999999999998 8.18190230261472 8.305902249077967 8.455275715295024 8.647468165106808 8.699500686970692 8.727748789046235 8.79388492127389 8.873112712539736 8.94428833028623 10.05972451228455 10.41537611590542 10.833979468697281 10.957605217619339 11.03647007973476 11.164358025231643 11.457661003283775 11.602362971473028 11.607327869558263 11.865024455983948 11.991208553547402 11.999999999999995 12.274548296467023 12.298757492811411 12.398529178180258 12.407017639647654 12.890302614885314 12.91637142367619 13.388002633443643 13.999999999999995 14.000000000000007 
-1 0 0 0.8512569497941976 1.295669159557378 1.9464713455066516 2.503421979070676 2.556250607449055 2.631967130102536 2.9659193208195482 3.0328968344326674 3.308068320139604 3.9546813287781166 4.193939657033419 4.327036733830886 4.381178290226346 4.613874364512176 4.832363978711414 4.905487467978581 5.00206016596385 5.200185634911561 5.3573796219976 5.422193695439786 5.521300223464378 5.544842468008579 5.680779424761196 6.154997386904613 6.434469090444697 6.550281473163877 6.593212045363451 6.7841280195223295 6.879301951248588 6.909658919355477 7.047690684832306 7.17990946108753 7.228081223059355 7.421601940202778 7.6439184496548185 7.94981322802781 7.999999999999998 8.18190230261472 8.305902249077967 8.455275715295024 8.647468165106808 8.699500686970692 8.727748789046235 8.79388492127389 8.873112712539736 8.94428833028623 10.05972451228455 10.41537611590542 10.833979468697281 10.957605217619339 11.03647007973476 11.164358025231643 11.457661003283775 11.602362971473028 11.607327869558263 11.865024455983948 11.991208553547402 11.999999999999995 12.274548296467023 12.298757492811411 12.398529178180258 12.407017639647654 12.890302614885314 12.91637142367619 13.388002633443643 13.999999999999995 14.000000000000007 
-1 -1 0 0.5816906855285544 0.7687302131100139 1.2624861177888427 1.433637017767996 1.9947743140371044 2.1085907339735472 2.4304796694907127 2.620252726992627 2.6565190023953074 2.693929587160622 2.8303475477464444 3.16560791553635 3.23848955333108 3.495138720267911 3.6960443658816704 3.774222782746618 4.125319159713338 4.190996401361045 4.380192891938525 4.512842111712238 4.666416887629144 4.749581809750333 4.843855180139174 4.89848649241874 5.255950484956513 5.320898483695844 5.636694766516563 5.681184450676664 5.748420607678036 5.866626691542479 5.941673687358069 6.05406799488297 6.382540539102837 6.733960587470977 6.746379833828061 6.861173231040016 7.0931678651191294 7.119118771477213 7.218325805884848 7.2600536252968695 7.335604230180591 7.498825399277468 7.52420352893671 7.973072518920283 7.991686820788067 8.393639085183185 8.492529891498734 8.56536213703071 9.678404893143203 9.85226717678335 9.992772699885807 10.033675926810968 10.083561933893705 10.309449670486915 10.518328640788468 10.865248351062421 10.922071636528813 11.056854475097712 11.08479551988364 11.297464263095296 11.446389681752152 11.475681079863717 11.536243200532708 11.606900089566969 11.650659501198525 12.81337681880288 12.962061514061885 
-1 -2 0 0.5816906855285544 0.7687302131100139 1.2624861177888427 1.433637017767996 1.9947743140371044 2.1085907339735472 2.4304796694907127 2.620252726992627 2.6565190023953074 2.693929587160622 2.8303475477464444 3.16560791553635 3.23848955333108 3.495138720267911 3.6960443658816704 3.774222782746618 4.125319159713338 4.190996401361045 4.380192891938525 4.512842111712238 4.666416887629144 4.749581809750333 4.843855180139174 4.89848649241874 5.255950484956513 5.320898483695844 5.636694766516563 5.681184450676664 5.748420607678036 5.866626691542479 5.941673687358069 6.05406799488297 6.382540539102837 6.733960587470977 6.746379833828061 6.861173231040016 7.0931678651191294 7.119118771477213 7.218325805884848 7.2600536252968695 7.335604230180591 7.498825399277468 7.52420352893671 7.973072518920283 7.991686820788067 8.393639085183185 8.492529891498734 8.56536213703071 9.678404893143203 9.85226717678335 9.992772699885807 10.033675926810968 10.083561933893705 10.309449670486915 10.518328640788468 10.865248351062421 10.922071636528813 11.056854475097712 11.08479551988364 11.297464263095296 11.446389681752152 11.475681079863717 11.536243200532708 11.606900089566969 11.650659501198525 12.81337681880288 12.962061514061885 
-1 -3 0 0.4467265934620092 1.0990806426023394 1.2765572415281268 1.4002492791364862 2.273584555584583 2.49603618817837 2.501546633117941 2.8210745392607492 3.5456428585651145 3.9076532124425136 4.077677212909321 4.303004647047511 4.365239443981855 4.64011217929035 4.856029396409896 5.2616826037648785 5.458566011958192 5.650486896999196 5.85002370360568 6.689837975884219 7.414406816008497 7.4770416197317475 8.23315680326161 8.954582945268813 
0 -3 0 0.4467265934620105 1.4002492791364913 2.2735845555845815 2.496036188178369 3.5456428585651167 4.07767721290932 4.365239443981856 4.640112179290347 5.650486896999197 6.689837975884215 7.414406816008498 
-1 -4 0 0.4467265934620092 1.0990806426023394 1.2765572415281268 1.4002492791364862 2.273584555584583 2.49603618817837 2.501546633117941 2.8210745392607492 3.5456428585651145 3.9076532124425136 4.077677212909321 4.303004647047511 4.365239443981855 4.64011217929035 4.856029396409896 5.2616826037648785 5.458566011958192 5.650486896999196 5.85002370360568 6.689837975884219 7.414406816008497 7.4770416197317475 8.23315680326161 8.954582945268813 
0 -4 0 0.4467265934620105 1.4002492791364913 2.2735845555845815 2.496036188178369 3.5456428585651167 4.07767721290932 4.365239443981856 4.640112179290347 5.650486896999197 6.689837975884215 7.414406816008498 
-2 3 0 6.0 8.0 8.0 
-2 2 0 6.0 8.0 8.0 
-2 1 0 2.9659193208195394 5.00206016596385 5.200185634911564 5.544842468008574 6.550281473163875 6.9096589193554765 7.047690684832303 8.181902302614713 8.873112712539738 10.0 10.059724512284552 10.415376115905415 10.83397946869729 10.957605217619331 11.45766100328377 12.000000000000005 
-2 0 0 2.9659193208195394 5.00206016596385 5.200185634911564 5.544842468008574 6.550281473163875 6.9096589193554765 7.047690684832303 8.181902302614713 8.873112712539738 10.0 10.059724512284552 10.415376115905415 10.83397946869729 10.957605217619331 11.45766100328377 12.000000000000005 
-2 -1 0 1.4336370177679978 2.656519002395319 2.8303475477464346 3.4951387202679056 4.512842111712234 4.749581809750332 5.255950484956508 5.636694766516567 5.7484206076780335 6.746379833828064 6.8611732310400155 7.09316786511913 7.218325805884844 7.307978528369904 7.498825399277474 7.643104132107787 7.991686820788067 8.492529891498734 8.56536213703072 10.865248351062428 11.446389681752153 11.475681079863714 11.650659501198517 12.048917339522307 12.81337681880286 12.962061514061912 
-2 -2 0 1.4336370177679978 2.656519002395319 2.8303475477464346 3.4951387202679056 4.512842111712234 4.749581809750332 5.255950484956508 5.636694766516567 5.7484206076780335 6.746379833828064 6.8611732310400155 7.09316786511913 7.218325805884844 7.307978528369904 7.498825399277474 7.643104132107787 7.991686820788067 8.492529891498734 8.56536213703072 10.865248351062428 11.446389681752153 11.475681079863714 11.650659501198517 12.048917339522307 12.81337681880286 12.962061514061912 
-2 -3 0 1.099080642602344 1.276557241528131 2.50154663311794 2.8210745392607546 3.9076532124425167 4.303004647047513 4.424226527348064 4.856029396409901 5.2616826037648785 5.458566011958189 5.850023703605679 6.187283725110223 7.477041619731747 8.233156803261616 8.954582945268811 9.388489747541717 
-2 -4 0 1.099080642602344 1.276557241528131 2.50154663311794 2.8210745392607546 3.9076532124425167 4.303004647047513 4.424226527348064 4.856029396409901 5.2616826037648785 5.458566011958189 5.850023703605679 6.187283725110223 7.477041619731747 8.233156803261616 8.954582945268811 9.388489747541717 
-2 -5 0 1.0 3.0 3.0 
-1 -5 0 1.0 3.0 
-2 -6 0 1.0 3.0 3.0 
-1 -6 0 1.0 3.0 
-3 1 0 10.0 
-3 0 0 10.0 
-3 -1 0 7.307978528369905 7.643104132107789 12.048917339522307 
-3 -2 0 7.307978528369905 7.643104132107789 12.048917339522307 
-3 -3 0 4.424226527348064 6.1872837251102215 9.388489747541712 
-3 -4 0 4.424226527348064 6.1872837251102215 9.388489747541712 
-3 -5 0 3.0 
-3 -6 0 3.0 
