1 3 0 0.5857864376269059 1.9999999999999991 3.4142135623730954 4.0 
2 3 0 4.0 
1 2 0 0.5857864376269059 1.9999999999999991 3.4142135623730954 4.0 
2 2 0 4.0 
1 1 0 0.9643186596574609 1.253431753004283 2.4132146215648924 3.5450959087764766 6.900004565393373 7.201472338219238 7.722462153384275 8.000000000000002 
2 1 0 8.0 
1 0 0 0.9643186596574609 1.253431753004283 2.4132146215648924 3.5450959087764766 6.900004565393373 7.201472338219238 7.722462153384275 8.000000000000002 
2 0 0 8.0 
0 3 0 0.585786437626905 1.9999999999999998 3.414213562373095 
0 2 0 0.585786437626905 1.9999999999999998 3.414213562373095 
0 1 1 -7.824026790175927e-16 0.9643186596574611 1.2534317530042822 1.4384471871911713 2.413214621564894 3.545095908776479 5.000000000000001 5.56155281280883 5.999999999999999 6.900004565393375 7.201472338219244 7.722462153384274 
0 0 1 -7.824026790175927e-16 0.9643186596574611 1.2534317530042822 1.4384471871911713 2.413214621564894 3.545095908776479 5.000000000000001 5.56155281280883 5.999999999999999 6.900004565393375 7.201472338219244 7.722462153384274 
0 -1 1 1.3270395039716972e-15 0.9643186596574611 1.2534317530042818 1.4384471871911704 2.413214621564893 3.545095908776478 5.000000000000002 5.5615528128088325 5.999999999999997 6.900004565393374 7.201472338219242 7.722462153384273 
1 -1 0 1.4384471871911684 5.000000000000002 5.561552812808833 6.000000000000002 
0 -2 1 1.3270395039716972e-15 0.9643186596574611 1.2534317530042818 1.4384471871911704 2.413214621564893 3.545095908776478 5.000000000000002 5.5615528128088325 5.999999999999997 6.900004565393374 7.201472338219242 7.722462153384273 
1 -2 0 1.4384471871911684 5.000000000000002 5.561552812808833 6.000000000000002 
-1 1 0 1.4384471871911684 5.0 5.56155281280883 6.000000000000001 
-1 0 0 1.4384471871911684 5.0 5.56155281280883 6.000000000000001 
-1 -1 0 0.9643186596574611 1.2534317530042822 2.413214621564893 3.5450959087764775 6.900004565393374 7.20147233821924 7.722462153384274 7.999999999999999 
-1 -2 0 0.9643186596574611 1.2534317530042822 2.413214621564893 3.5450959087764775 6.900004565393374 7.20147233821924 7.722462153384274 7.999999999999999 
-1 -3 0 0.5857864376269049 1.9999999999999987 3.4142135623730963 3.9999999999999987 
0 -3 0 0.585786437626905 1.9999999999999998 3.414213562373095 
-1 -4 0 0.5857864376269049 1.9999999999999987 3.4142135623730963 3.9999999999999987 
0 -4 0 0.585786437626905 1.9999999999999998 3.414213562373095 
-2 -1 0 8.0 
-2 -2 0 8.0 
-2 -3 0 4.0 
-2 -4 0 4.0 
