1 1 0 2.0 2.0 
2 1 0 2.0 
1 0 0 2.0 2.0 
2 0 0 2.0 
1 -1 0 1.3254647171557923 2.178847259883474 3.1136431323420775 3.3003158986569128 3.8411663963029503 4.000000000000001 4.43441004652061 4.862936660457275 5.000000000000006 5.165426738180755 6.041468103864483 9.497836291992442 9.942587811403452 11.295896943239772 
2 -1 0 3.841166396302952 4.862936660457274 11.295896943239773 
1 -2 0 1.3254647171557923 2.178847259883474 3.1136431323420775 3.3003158986569128 3.8411663963029503 4.000000000000001 4.43441004652061 4.862936660457275 5.000000000000006 5.165426738180755 6.041468103864483 9.497836291992442 9.942587811403452 11.295896943239772 
2 -2 0 3.841166396302952 4.862936660457274 11.295896943239773 
1 -3 0 1.645298539706131 2.9599247751095477 4.086755566183647 4.6318308753068065 4.674961326531622 5.182801995653597 5.4554289011568375 5.8535575944339024 5.8768943743823385 6.594875162046673 7.130149243877002 7.490801207233118 8.781561555593155 8.796950917765544 9.170571653842714 9.821611371233441 12.520243914095323 12.573501038823093 13.36488084997295 14.123105625617669 14.40512483795332 14.465285948150658 15.129460499605582 15.264422225725312 
2 -3 0 5.8535575944339 8.781561555593155 13.364880849972943 
1 -4 0 1.645298539706131 2.9599247751095477 4.086755566183647 4.6318308753068065 4.674961326531622 5.182801995653597 5.4554289011568375 5.8535575944339024 5.8768943743823385 6.594875162046673 7.130149243877002 7.490801207233118 8.781561555593155 8.796950917765544 9.170571653842714 9.821611371233441 12.520243914095323 12.573501038823093 13.36488084997295 14.123105625617669 14.40512483795332 14.465285948150658 15.129460499605582 15.264422225725312 
2 -4 0 5.8535575944339 8.781561555593155 13.364880849972943 
1 -5 0 4.2804957116980855 5.400120009546653 6.03906763249708 7.612516915079383 8.384499376473634 8.592416777018492 10.000000000000002 10.26877001294099 10.628823732592581 12.0 12.086233124631399 12.707056707521701 13.0 13.000000000000004 
2 -5 0 10.0 
1 -6 0 4.2804957116980855 5.400120009546653 6.03906763249708 7.612516915079383 8.384499376473634 8.592416777018492 10.000000000000002 10.26877001294099 10.628823732592581 12.0 12.086233124631399 12.707056707521701 13.0 13.000000000000004 
2 -6 0 10.0 
0 1 0 2.0 
0 0 0 2.0 
0 -1 1 1.886369538622744e-15 1.3254647171557965 2.0000000000000013 2.1788472598834763 2.4920972286234417 3.1136431323420735 3.300315898656913 3.9999999999999996 4.0 4.000000000000001 4.000000000000003 4.000000000000005 4.434410046520602 4.999999999999998 5.000000000000005 5.165426738180755 5.244359923966577 6.041468103864482 8.263542847409974 9.497836291992444 9.942587811403456 
0 -2 1 1.886369538622744e-15 1.3254647171557965 2.0000000000000013 2.1788472598834763 2.4920972286234417 3.1136431323420735 3.300315898656913 3.9999999999999996 4.0 4.000000000000001 4.000000000000003 4.000000000000005 4.434410046520602 4.999999999999998 5.000000000000005 5.165426738180755 5.244359923966577 6.041468103864482 8.263542847409974 9.497836291992444 9.942587811403456 
0 -3 1 -5.329070518200751e-15 0.389256969227426 1.645298539706136 1.9359759671706747 1.9775683038193057 1.9969093159810154 2.768410537772724 2.785808432387375 2.9599247751095525 2.9959795818025983 3.389608785665728 3.4774396144722504 3.762121597797107 4.0106016746424356 4.086755566183648 4.178757806688342 4.552878363165599 4.631830875306804 4.674961326531626 4.726222219863741 4.752606707399579 4.977083780761477 5.131325367317619 5.182801995653598 5.254627319246742 5.455428901156841 5.4750249274630205 5.8561390348109645 5.876894374382338 5.9685868492054714 6.512927068204024 6.594875162046672 6.601339527126745 6.905971172528382 7.130149243876999 7.49080120723312 8.0 8.192825822384648 8.22459804667503 8.336088508083757 8.484084046134887 8.682530095669796 8.796950917765557 8.824066716991823 9.17057165384272 9.201634688525957 9.821611371233434 11.027215869419168 11.253784105459857 11.60881911489306 11.84352567119545 11.867096834520153 12.016681273606311 12.32394555227415 12.404118401164142 12.520243914095323 12.573501038823093 12.702390048547262 12.75258070502157 12.762230915556675 13.07217157473124 13.075050355178924 13.405800841485416 13.555589887960334 14.12310562561765 14.405124837953332 14.465285948150667 15.129460499605585 15.264422225725315 
0 -4 1 -5.329070518200751e-15 0.389256969227426 1.645298539706136 1.9359759671706747 1.9775683038193057 1.9969093159810154 2.768410537772724 2.785808432387375 2.9599247751095525 2.9959795818025983 3.389608785665728 3.4774396144722504 3.762121597797107 4.0106016746424356 4.086755566183648 4.178757806688342 4.552878363165599 4.631830875306804 4.674961326531626 4.726222219863741 4.752606707399579 4.977083780761477 5.131325367317619 5.182801995653598 5.254627319246742 5.455428901156841 5.4750249274630205 5.8561390348109645 5.876894374382338 5.9685868492054714 6.512927068204024 6.594875162046672 6.601339527126745 6.905971172528382 7.130149243876999 7.49080120723312 8.0 8.192825822384648 8.22459804667503 8.336088508083757 8.484084046134887 8.682530095669796 8.796950917765557 8.824066716991823 9.17057165384272 9.201634688525957 9.821611371233434 11.027215869419168 11.253784105459857 11.60881911489306 11.84352567119545 11.867096834520153 12.016681273606311 12.32394555227415 12.404118401164142 12.520243914095323 12.573501038823093 12.702390048547262 12.75258070502157 12.762230915556675 13.07217157473124 13.075050355178924 13.405800841485416 13.555589887960334 14.12310562561765 14.405124837953332 14.465285948150667 15.129460499605585 15.264422225725315 
0 -5 0 0.28272782719571765 1.4899394499424408 2.414826049596832 2.5301839691003996 2.569009520426003 2.842657128880308 3.426012162885934 3.697252267488761 4.12281759233041 4.280495711698085 4.467111371126797 4.616364421319209 4.763187437842124 5.023731581659919 5.059444178310662 5.400120009546654 5.571072463694854 5.694830228204684 5.775395618511209 6.039067632497076 6.173339015466397 6.523531274773576 6.722179141318837 7.612516915079387 7.996762262116975 8.27157019723219 8.38362747922649 8.384499376473643 8.592416777018496 8.594281895393873 9.059677547570535 9.130128658981887 9.256780253034139 9.396065252632473 9.603358000428676 9.88064138199313 10.000000000000009 10.08766776570065 10.268770012940994 10.363575095820035 10.519395941613015 10.628823732592581 11.000000000000009 12.000000000000004 12.086233124631397 12.502770024976 12.7070567075217 12.848917383586379 12.986100197669423 13.000000000000004 13.000000000000004 13.208333169951983 13.269895296181042 13.296996983722048 13.298244704354621 13.452708554964836 13.671924331031553 14.034392155363866 14.429367132237001 14.54114486896746 14.914699432255151 15.047923152299823 15.187438180619667 15.999999999999995 15.999999999999998 15.999999999999998 16.000000000000004 16.000000000000004 16.00000000000001 
0 -6 0 0.28272782719571765 1.4899394499424408 2.414826049596832 2.5301839691003996 2.569009520426003 2.842657128880308 3.426012162885934 3.697252267488761 4.12281759233041 4.280495711698085 4.467111371126797 4.616364421319209 4.763187437842124 5.023731581659919 5.059444178310662 5.400120009546654 5.571072463694854 5.694830228204684 5.775395618511209 6.039067632497076 6.173339015466397 6.523531274773576 6.722179141318837 7.612516915079387 7.996762262116975 8.27157019723219 8.38362747922649 8.384499376473643 8.592416777018496 8.594281895393873 9.059677547570535 9.130128658981887 9.256780253034139 9.396065252632473 9.603358000428676 9.88064138199313 10.000000000000009 10.08766776570065 10.268770012940994 10.363575095820035 10.519395941613015 10.628823732592581 11.000000000000009 12.000000000000004 12.086233124631397 12.502770024976 12.7070567075217 12.848917383586379 12.986100197669423 13.000000000000004 13.000000000000004 13.208333169951983 13.269895296181042 13.296996983722048 13.298244704354621 13.452708554964836 13.671924331031553 14.034392155363866 14.429367132237001 14.54114486896746 14.914699432255151 15.047923152299823 15.187438180619667 15.999999999999995 15.999999999999998 15.999999999999998 16.000000000000004 16.000000000000004 16.00000000000001 
0 -7 0 2.703690534534928 4.096280588702258 5.438447187191173 5.50797674063473 5.928229940291024 6.804428853602634 7.26794919243112 7.9999999999999964 7.999999999999999 8.0 8.000000000000007 8.00000000000001 9.017084585297837 9.277940245876977 9.547161898174462 9.56155281280882 10.0 10.73205080756888 10.999999999999998 11.000000000000007 11.117206612885154 
1 -7 0 8.0 8.0 
0 -8 0 2.703690534534928 4.096280588702258 5.438447187191173 5.50797674063473 5.928229940291024 6.804428853602634 7.26794919243112 7.9999999999999964 7.999999999999999 8.0 8.000000000000007 8.00000000000001 9.017084585297837 9.277940245876977 9.547161898174462 9.56155281280882 10.0 10.73205080756888 10.999999999999998 11.000000000000007 11.117206612885154 
1 -8 0 8.0 8.0 
-1 -1 0 1.999999999999999 2.4920972286234444 3.999999999999995 3.9999999999999996 3.9999999999999996 4.0 4.0 4.000000000000002 4.999999999999998 5.244359923966579 8.263542847409978 
-1 -2 0 1.999999999999999 2.4920972286234444 3.999999999999995 3.9999999999999996 3.9999999999999996 4.0 4.0 4.000000000000002 4.999999999999998 5.244359923966579 8.263542847409978 
-1 -3 0 0.3892569692274223 1.6632310255826588 1.794796482395156 1.813456905067598 1.9359759671706664 1.9775683038192928 1.9969093159810116 2.768410537772728 2.785808432387377 2.9511398574639123 2.9959795818025974 3.2847396237809288 3.3896087856657258 3.477439614472247 3.76212159779711 4.008831285061625 4.010601674642433 4.062564341340019 4.10563646983726 4.178757806688339 4.525981081039164 4.539160276674823 4.552878363165601 4.585786437626906 4.72622221986374 4.752606707399577 4.786815723768204 4.977083780761475 5.092093394712479 5.096129535255489 5.1313253673176265 5.138737609260944 5.254627319246745 5.475024927463019 5.4788621377780125 5.575523620380474 5.7298875275315355 5.856139034810966 5.968586849205464 5.999999999999997 6.431150927826147 6.512927068204024 6.601339527126744 6.644182660207121 6.905971172528384 7.06292845719395 7.414213562373095 7.422346869938119 7.907196038081125 7.999999999999997 8.000000000000002 8.000000000000004 8.17291122168437 8.176303147072943 8.192825822384648 8.224598046675037 8.314103609342617 8.33608850808376 8.39809844203338 8.484084046134884 8.671056000432298 8.682530095669799 8.824066716991823 9.20163468852595 9.580583156161572 9.68581271479285 10.053649803476617 10.309310177634561 10.66083260578313 10.896068954037847 10.999999999999995 10.999999999999995 11.027215869419178 11.253784105459859 11.448476896863234 11.517401420507802 11.60881911489306 11.84352567119546 11.867096834520153 12.016681273606318 12.323945552274157 12.404118401164135 12.702390048547272 12.752580705021575 12.762230915556671 13.072171574731259 13.075050355178938 13.405800841485428 13.555589887960329 
-1 -4 0 0.3892569692274223 1.6632310255826588 1.794796482395156 1.813456905067598 1.9359759671706664 1.9775683038192928 1.9969093159810116 2.768410537772728 2.785808432387377 2.9511398574639123 2.9959795818025974 3.2847396237809288 3.3896087856657258 3.477439614472247 3.76212159779711 4.008831285061625 4.010601674642433 4.062564341340019 4.10563646983726 4.178757806688339 4.525981081039164 4.539160276674823 4.552878363165601 4.585786437626906 4.72622221986374 4.752606707399577 4.786815723768204 4.977083780761475 5.092093394712479 5.096129535255489 5.1313253673176265 5.138737609260944 5.254627319246745 5.475024927463019 5.4788621377780125 5.575523620380474 5.7298875275315355 5.856139034810966 5.968586849205464 5.999999999999997 6.431150927826147 6.512927068204024 6.601339527126744 6.644182660207121 6.905971172528384 7.06292845719395 7.414213562373095 7.422346869938119 7.907196038081125 7.999999999999997 8.000000000000002 8.000000000000004 8.17291122168437 8.176303147072943 8.192825822384648 8.224598046675037 8.314103609342617 8.33608850808376 8.39809844203338 8.484084046134884 8.671056000432298 8.682530095669799 8.824066716991823 9.20163468852595 9.580583156161572 9.68581271479285 10.053649803476617 10.309310177634561 10.66083260578313 10.896068954037847 10.999999999999995 10.999999999999995 11.027215869419178 11.253784105459859 11.448476896863234 11.517401420507802 11.60881911489306 11.84352567119546 11.867096834520153 12.016681273606318 12.323945552274157 12.404118401164135 12.702390048547272 12.752580705021575 12.762230915556671 13.072171574731259 13.075050355178938 13.405800841485428 13.555589887960329 
-1 -5 0 0.2827278271957292 0.8231545646107566 1.0315763538860736 1.4899394499424512 1.7131899569511182 1.7893094532195648 2.282202594230422 2.350052546484437 2.3963139115612773 2.414826049596807 2.5301839691004044 2.569009520425998 2.842657128880298 3.0072831891380822 3.0192043056343394 3.2097319629706687 3.360424232021343 3.426012162885928 3.438312931163384 3.507864733844946 3.6972522674887545 3.753955687097119 3.796758334846041 4.058514334862434 4.122817592330405 4.143249563329333 4.2935183188596024 4.313833368542731 4.46711137112679 4.616364421319209 4.623210954922455 4.74772162610095 4.7631874378421255 4.893707494971133 4.969098655111086 5.023731581659931 5.0594441783106685 5.089433125001255 5.156174595099987 5.266011607595941 5.425611911619733 5.571072463694846 5.6351496829587715 5.694830228204676 5.72252055840316 5.775395618511207 5.858308954884298 6.140890203681289 6.173339015466381 6.360369101489962 6.507003158701254 6.523531274773583 6.581505877596513 6.6618731094695764 6.72217914131882 6.799566925896297 6.858955908015767 7.197119434042626 7.26727519625214 7.360212817987632 7.43515710047453 7.525808063880945 7.585411978933816 7.796849134646663 7.805727738136946 7.97258312849605 7.996762262116992 8.173390097519384 8.27157019723219 8.38362747922649 8.485588390359242 8.583581734196994 8.594281895393866 8.75437340011655 9.013678913706453 9.059677547570553 9.130128658981914 9.13202718096959 9.25678025303414 9.281564140591794 9.396065252632486 9.422035072909503 9.60335800042869 9.66707740358473 9.844349646476243 9.880641381993117 9.999999999999996 10.087667765700665 10.238607171600696 10.363575095820046 10.478022756470109 10.519395941613025 10.543068032108762 10.575731617286197 10.652441349018307 10.686308976374303 10.992690937631826 11.000000000000002 11.364268024606488 11.427654878400556 12.354043661489357 12.502770024975998 12.558748724546763 12.638533614303526 12.848917383586377 12.91204484090228 12.939830055318579 12.986100197669403 13.15261769694585 13.208333169951972 13.24933238220474 13.269895296181051 13.29699698372206 13.298244704354618 13.32665848502421 13.338915730490493 13.452708554964834 13.455166083859783 13.49465226885661 13.569724990741229 13.593973393877649 13.671924331031557 13.778878834230428 14.034392155363868 14.074913450591389 14.222569826874334 14.307586193399478 14.346980783303444 14.39691783191226 14.407886250615089 14.429367132236997 14.450608712760229 14.490238252800461 14.541144868967463 14.552023366427678 14.55663903193276 14.565178232410075 14.577118671877418 14.80719982623983 14.828856730467011 14.914699432255153 14.942715281305354 15.04792315229982 15.140581766944281 15.18743818061966 15.371910537893715 15.41459336554742 15.569568028513356 15.764624983840799 15.999999999999993 15.999999999999996 16.000000000000004 16.000000000000004 16.000000000000007 16.000000000000007 16.000000000000018 
-1 -6 0 0.2827278271957292 0.8231545646107566 1.0315763538860736 1.4899394499424512 1.7131899569511182 1.7893094532195648 2.282202594230422 2.350052546484437 2.3963139115612773 2.414826049596807 2.5301839691004044 2.569009520425998 2.842657128880298 3.0072831891380822 3.0192043056343394 3.2097319629706687 3.360424232021343 3.426012162885928 3.438312931163384 3.507864733844946 3.6972522674887545 3.753955687097119 3.796758334846041 4.058514334862434 4.122817592330405 4.143249563329333 4.2935183188596024 4.313833368542731 4.46711137112679 4.616364421319209 4.623210954922455 4.74772162610095 4.7631874378421255 4.893707494971133 4.969098655111086 5.023731581659931 5.0594441783106685 5.089433125001255 5.156174595099987 5.266011607595941 5.425611911619733 5.571072463694846 5.6351496829587715 5.694830228204676 5.72252055840316 5.775395618511207 5.858308954884298 6.140890203681289 6.173339015466381 6.360369101489962 6.507003158701254 6.523531274773583 6.581505877596513 6.6618731094695764 6.72217914131882 6.799566925896297 6.858955908015767 7.197119434042626 7.26727519625214 7.360212817987632 7.43515710047453 7.525808063880945 7.585411978933816 7.796849134646663 7.805727738136946 7.97258312849605 7.996762262116992 8.173390097519384 8.27157019723219 8.38362747922649 8.485588390359242 8.583581734196994 8.594281895393866 8.75437340011655 9.013678913706453 9.059677547570553 9.130128658981914 9.13202718096959 9.25678025303414 9.281564140591794 9.396065252632486 9.422035072909503 9.60335800042869 9.66707740358473 9.844349646476243 9.880641381993117 9.999999999999996 10.087667765700665 10.238607171600696 10.363575095820046 10.478022756470109 10.519395941613025 10.543068032108762 10.575731617286197 10.652441349018307 10.686308976374303 10.992690937631826 11.000000000000002 11.364268024606488 11.427654878400556 12.354043661489357 12.502770024975998 12.558748724546763 12.638533614303526 12.848917383586377 12.91204484090228 12.939830055318579 12.986100197669403 13.15261769694585 13.208333169951972 13.24933238220474 13.269895296181051 13.29699698372206 13.298244704354618 13.32665848502421 13.338915730490493 13.452708554964834 13.455166083859783 13.49465226885661 13.569724990741229 13.593973393877649 13.671924331031557 13.778878834230428 14.034392155363868 14.074913450591389 14.222569826874334 14.307586193399478 14.346980783303444 14.39691783191226 14.407886250615089 14.429367132236997 14.450608712760229 14.490238252800461 14.541144868967463 14.552023366427678 14.55663903193276 14.565178232410075 14.577118671877418 14.80719982623983 14.828856730467011 14.914699432255153 14.942715281305354 15.04792315229982 15.140581766944281 15.18743818061966 15.371910537893715 15.41459336554742 15.569568028513356 15.764624983840799 15.999999999999993 15.999999999999996 16.000000000000004 16.000000000000004 16.000000000000007 16.000000000000007 16.000000000000018 
-1 -7 0 0.6526330148537577 1.9028712036186537 2.3375857958626343 2.703690534534929 2.9632943205580347 3.0696429095220292 3.094490941348444 3.217466141731569 3.3104565985631935 3.3814329326785013 3.7800694739578846 3.867198717931891 4.096280588702252 4.44748266848117 4.561097762976626 4.6955955992931075 4.813376553249149 5.005239037949525 5.275682784831889 5.43844718719117 5.452006638987599 5.507976740634731 5.565376214969634 5.670966910376679 5.793751702964485 5.928229940291022 5.982164625793853 6.204645640403319 6.417699766829068 6.736655465783777 6.804428853602632 6.939979082914019 7.252907253033528 7.267949192431126 7.479861785643479 7.603211650989403 7.643877760363015 7.999999999999983 7.99999999999999 7.9999999999999964 8.251512730933323 8.448883521885111 8.610787040144286 9.01708458529783 9.158732974079419 9.265009141124999 9.277940245876978 9.547161898174453 9.561552812808825 9.63082158176802 9.811335038945716 10.000000000000004 10.09784082683183 10.39977238332987 10.579433386312518 10.732050807568873 10.999999999999986 10.999999999999998 11.117206612885159 11.191773546774932 11.40025257423717 11.93985306445685 11.945858541703583 11.971391163151495 11.98702518498522 11.999999999999996 12.0 12.000000000000002 12.000000000000012 12.358920336740164 12.399716392472621 12.476851547869854 12.486113194190336 12.777471018442956 12.840592699014048 12.876945916412513 12.940679141936771 13.00865604920063 13.247465667298265 13.292207700312035 13.32458681549097 13.358325840376 13.388547714358552 13.627497428656884 13.786418880103126 13.999999999999979 13.999999999999993 14.000000000000004 14.00000000000002 
-1 -8 0 0.6526330148537577 1.9028712036186537 2.3375857958626343 2.703690534534929 2.9632943205580347 3.0696429095220292 3.094490941348444 3.217466141731569 3.3104565985631935 3.3814329326785013 3.7800694739578846 3.867198717931891 4.096280588702252 4.44748266848117 4.561097762976626 4.6955955992931075 4.813376553249149 5.005239037949525 5.275682784831889 5.43844718719117 5.452006638987599 5.507976740634731 5.565376214969634 5.670966910376679 5.793751702964485 5.928229940291022 5.982164625793853 6.204645640403319 6.417699766829068 6.736655465783777 6.804428853602632 6.939979082914019 7.252907253033528 7.267949192431126 7.479861785643479 7.603211650989403 7.643877760363015 7.999999999999983 7.99999999999999 7.9999999999999964 8.251512730933323 8.448883521885111 8.610787040144286 9.01708458529783 9.158732974079419 9.265009141124999 9.277940245876978 9.547161898174453 9.561552812808825 9.63082158176802 9.811335038945716 10.000000000000004 10.09784082683183 10.39977238332987 10.579433386312518 10.732050807568873 10.999999999999986 10.999999999999998 11.117206612885159 11.191773546774932 11.40025257423717 11.93985306445685 11.945858541703583 11.971391163151495 11.98702518498522 11.999999999999996 12.0 12.000000000000002 12.000000000000012 12.358920336740164 12.399716392472621 12.476851547869854 12.486113194190336 12.777471018442956 12.840592699014048 12.876945916412513 12.940679141936771 13.00865604920063 13.247465667298265 13.292207700312035 13.32458681549097 13.358325840376 13.388547714358552 13.627497428656884 13.786418880103126 13.999999999999979 13.999999999999993 14.000000000000004 14.00000000000002 
-1 -9 0 3.585786437626907 5.267949192431125 5.438447187191172 6.0 6.0 6.0 6.0 6.000000000000003 6.414213562373094 8.732050807568877 9.561552812808834 
0 -9 0 6.0 
-1 -10 0 3.585786437626907 5.267949192431125 5.438447187191172 6.0 6.0 6.0 6.0 6.000000000000003 6.414213562373094 8.732050807568877 9.561552812808834 
0 -10 0 6.0 
-2 -1 0 4.0 4.0 
-2 -2 0 4.0 4.0 
-2 -3 0 1.6632310255826588 1.7947964823951545 1.8134569050675977 2.644145217978293 2.9511398574639127 3.2847396237809288 3.5264662029629807 4.008831285061624 4.062564341340017 4.105636469837264 4.52598108103916 4.539160276674814 4.585786437626903 4.585786437626908 4.585786437626908 4.786815723768199 4.788548686746741 5.092093394712476 5.096129535255488 5.138737609260942 5.4772326385884575 5.477494963412106 5.4788621377780125 5.575523620380475 5.729887527531533 5.9999999999999964 5.999999999999998 6.000000000000002 6.291506047818165 6.431150927826145 6.644182660207122 7.062709367104495 7.062928457193953 7.4142135623730905 7.414213562373095 7.414213562373096 7.422346869938117 7.874998064145578 7.907196038081126 7.999999999999999 7.999999999999999 8.0 8.172680225979024 8.172911221684373 8.176303147072938 8.314103609342613 8.398098442033382 8.671056000432298 8.829797046484822 8.854421538779334 9.580583156161588 9.685812714792855 10.053649803476615 10.309310177634558 10.660832605783119 10.896068954037853 10.999999999999984 11.000000000000004 11.448476896863243 11.517401420507793 
-2 -4 0 1.6632310255826588 1.7947964823951545 1.8134569050675977 2.644145217978293 2.9511398574639127 3.2847396237809288 3.5264662029629807 4.008831285061624 4.062564341340017 4.105636469837264 4.52598108103916 4.539160276674814 4.585786437626903 4.585786437626908 4.585786437626908 4.786815723768199 4.788548686746741 5.092093394712476 5.096129535255488 5.138737609260942 5.4772326385884575 5.477494963412106 5.4788621377780125 5.575523620380475 5.729887527531533 5.9999999999999964 5.999999999999998 6.000000000000002 6.291506047818165 6.431150927826145 6.644182660207122 7.062709367104495 7.062928457193953 7.4142135623730905 7.414213562373095 7.414213562373096 7.422346869938117 7.874998064145578 7.907196038081126 7.999999999999999 7.999999999999999 8.0 8.172680225979024 8.172911221684373 8.176303147072938 8.314103609342613 8.398098442033382 8.671056000432298 8.829797046484822 8.854421538779334 9.580583156161588 9.685812714792855 10.053649803476615 10.309310177634558 10.660832605783119 10.896068954037853 10.999999999999984 11.000000000000004 11.448476896863243 11.517401420507793 
-2 -5 1 -3.6028670687076895e-15 0.8231545646107633 0.980168934572994 1.031576353886075 1.5636441491484077 1.7131899569511067 1.7893094532195666 1.8828433367687711 2.0138176966609875 2.282202594230409 2.3500525464844357 2.3963139115612746 2.4935777824553105 2.646296492366196 3.0072831891380756 3.0192043056343367 3.08463383933052 3.100356738642748 3.2097319629706633 3.2635028876213714 3.360424232021343 3.4082754661372467 3.438312931163377 3.4811151433299234 3.507864733844939 3.6251324132665097 3.725159203962088 3.753955687097118 3.796758334846041 3.868335034337776 4.058514334862431 4.117100403413467 4.143249563329331 4.279611335751287 4.293518318859606 4.313833368542739 4.341552883262823 4.550476496818561 4.623210954922454 4.654896540442382 4.747721626100961 4.830179243653168 4.852397207709926 4.893707494971135 4.9233763970868765 4.96909865511109 5.007213681864941 5.0894331250012605 5.0979511623123335 5.156174595099986 5.224884159518225 5.26601160759594 5.425611911619738 5.428815691738183 5.523101534773486 5.635149682958775 5.722520558403164 5.741315061587057 5.858308954884302 5.861054939513211 5.906678697846467 6.00999570849841 6.14089020368129 6.145332548349372 6.346505000005963 6.360369101489963 6.507003158701253 6.528019259578449 6.581505877596521 6.594705178227905 6.661873109469585 6.755168772605646 6.799566925896299 6.858955908015766 6.8596840101995324 7.0660438374160535 7.197119434042625 7.249897932093426 7.26727519625214 7.33401765986193 7.360212817987626 7.435157100474534 7.525808063880938 7.553690914726585 7.585411978933814 7.760126104685097 7.7968491346466715 7.805727738136949 7.972583128496044 8.140870009916682 8.173390097519377 8.251320263071236 8.485588390359226 8.517190451179053 8.58358173419699 8.754373400116549 8.826291100368492 8.881319609407376 8.929823817477823 8.960695782422842 9.013678913706464 9.132027180969597 9.154112958736047 9.281564140591788 9.387231429437476 9.42203507290951 9.474893299586356 9.530088067953166 9.667077403584742 9.844349646476243 9.867793897798393 10.166060490016614 10.238607171600695 10.447629872113003 10.47802275647011 10.543068032108751 10.575731617286198 10.65244134901831 10.686308976374296 10.703527895257857 10.858048291659708 10.992690937631803 11.24458277537543 11.364268024606506 11.416975207563194 11.427654878400554 11.602978019603098 11.83846136916435 11.874167023839961 12.132117553692009 12.313147563044296 12.354043661489346 12.3564769566969 12.414997387652706 12.481364160000174 12.558748724546763 12.572497682131482 12.638533614303531 12.720226718255383 12.757705089629237 12.80307241607341 12.8771590104342 12.909121615260494 12.912044840902277 12.939830055318545 12.963869457798236 12.999999999999993 13.002051764959015 13.068469679776928 13.121879650745846 13.152617696945843 13.17972175019114 13.239464035157832 13.249332382204738 13.326658485024208 13.33891573049049 13.41492102992974 13.455166083859787 13.49465226885662 13.54572559986578 13.569724990741225 13.593973393877665 13.664405545892304 13.778878834230438 13.841754770460101 13.865137448263111 13.999999999999996 14.074913450591387 14.222569826874329 14.307586193399482 14.34698078330344 14.39691783191225 14.407886250615078 14.450608712760229 14.490238252800452 14.552023366427676 14.556639031932756 14.56517823241007 14.577118671877422 14.807199826239831 14.828856730467018 14.94271528130534 15.140581766944285 15.371910537893728 15.414593365547416 15.56956802851335 15.764624983840797 16.000000000000004 
-2 -6 1 -3.6028670687076895e-15 0.8231545646107633 0.980168934572994 1.031576353886075 1.5636441491484077 1.7131899569511067 1.7893094532195666 1.8828433367687711 2.0138176966609875 2.282202594230409 2.3500525464844357 2.3963139115612746 2.4935777824553105 2.646296492366196 3.0072831891380756 3.0192043056343367 3.08463383933052 3.100356738642748 3.2097319629706633 3.2635028876213714 3.360424232021343 3.4082754661372467 3.438312931163377 3.4811151433299234 3.507864733844939 3.6251324132665097 3.725159203962088 3.753955687097118 3.796758334846041 3.868335034337776 4.058514334862431 4.117100403413467 4.143249563329331 4.279611335751287 4.293518318859606 4.313833368542739 4.341552883262823 4.550476496818561 4.623210954922454 4.654896540442382 4.747721626100961 4.830179243653168 4.852397207709926 4.893707494971135 4.9233763970868765 4.96909865511109 5.007213681864941 5.0894331250012605 5.0979511623123335 5.156174595099986 5.224884159518225 5.26601160759594 5.425611911619738 5.428815691738183 5.523101534773486 5.635149682958775 5.722520558403164 5.741315061587057 5.858308954884302 5.861054939513211 5.906678697846467 6.00999570849841 6.14089020368129 6.145332548349372 6.346505000005963 6.360369101489963 6.507003158701253 6.528019259578449 6.581505877596521 6.594705178227905 6.661873109469585 6.755168772605646 6.799566925896299 6.858955908015766 6.8596840101995324 7.0660438374160535 7.197119434042625 7.249897932093426 7.26727519625214 7.33401765986193 7.360212817987626 7.435157100474534 7.525808063880938 7.553690914726585 7.585411978933814 7.760126104685097 7.7968491346466715 7.805727738136949 7.972583128496044 8.140870009916682 8.173390097519377 8.251320263071236 8.485588390359226 8.517190451179053 8.58358173419699 8.754373400116549 8.826291100368492 8.881319609407376 8.929823817477823 8.960695782422842 9.013678913706464 9.132027180969597 9.154112958736047 9.281564140591788 9.387231429437476 9.42203507290951 9.474893299586356 9.530088067953166 9.667077403584742 9.844349646476243 9.867793897798393 10.166060490016614 10.238607171600695 10.447629872113003 10.47802275647011 10.543068032108751 10.575731617286198 10.65244134901831 10.686308976374296 10.703527895257857 10.858048291659708 10.992690937631803 11.24458277537543 11.364268024606506 11.416975207563194 11.427654878400554 11.602978019603098 11.83846136916435 11.874167023839961 12.132117553692009 12.313147563044296 12.354043661489346 12.3564769566969 12.414997387652706 12.481364160000174 12.558748724546763 12.572497682131482 12.638533614303531 12.720226718255383 12.757705089629237 12.80307241607341 12.8771590104342 12.909121615260494 12.912044840902277 12.939830055318545 12.963869457798236 12.999999999999993 13.002051764959015 13.068469679776928 13.121879650745846 13.152617696945843 13.17972175019114 13.239464035157832 13.249332382204738 13.326658485024208 13.33891573049049 13.41492102992974 13.455166083859787 13.49465226885662 13.54572559986578 13.569724990741225 13.593973393877665 13.664405545892304 13.778878834230438 13.841754770460101 13.865137448263111 13.999999999999996 14.074913450591387 14.222569826874329 14.307586193399482 14.34698078330344 14.39691783191225 14.407886250615078 14.450608712760229 14.490238252800452 14.552023366427676 14.556639031932756 14.56517823241007 14.577118671877422 14.807199826239831 14.828856730467018 14.94271528130534 15.140581766944285 15.371910537893728 15.414593365547416 15.56956802851335 15.764624983840797 16.000000000000004 
-2 -7 0 0.1642582990146666 0.5965896429296449 0.6526330148537532 0.9019972276547629 1.0280886816042776 1.66607837222777 1.8943026979673152 1.9028712036186528 1.9509679813595657 2.218533671121452 2.2919082164627915 2.3375857958626316 2.337799826580326 2.472135210759577 2.6386857798875627 2.745997056240935 2.8599096818368546 2.963294320558033 3.0650969399031722 3.0696429095220314 3.0944909413484436 3.1648205540662824 3.217466141731576 3.310456598563192 3.3814329326785013 3.3859265082381054 3.5129622734008263 3.569213200073708 3.654060348842094 3.7800694739578864 3.810246681322623 3.8671987179318914 3.894223774362756 4.043779319237699 4.163957036823005 4.223035173560495 4.338770145859991 4.361060643094543 4.399119229802278 4.447482668481167 4.497228310584266 4.56109776297663 4.569341783642045 4.690550146931165 4.695595599293111 4.727455086573776 4.8133765532491495 4.833100228058496 4.918331238293628 5.0052390379495195 5.0080039285497575 5.056421103291688 5.176770661877879 5.252451042670339 5.275682784831889 5.311264522663268 5.433364638430543 5.452006638987603 5.565376214969645 5.58352408244214 5.670966910376679 5.734334082470645 5.793751702964492 5.982164625793851 6.046987048880994 6.204645640403324 6.236173633437209 6.387086104438206 6.415197778503282 6.417699766829057 6.736655465783784 6.778767410043682 6.939979082914017 7.215267829297702 7.252907253033538 7.391486814769274 7.468713703839703 7.479861785643479 7.529913835635559 7.603211650989399 7.615603979558653 7.640857209920089 7.643877760363023 7.872850534237428 8.159163777060359 8.251512730933328 8.448883521885119 8.453999342288427 8.595917984098556 8.610787040144295 8.616998116878884 8.777831741690218 8.862664762474529 8.971738004235467 9.02867997948991 9.15873297407942 9.264340760510764 9.265009141124995 9.446278077683344 9.590715834960298 9.630821581768023 9.686797297157783 9.811335038945737 9.845146251531744 9.933330315572151 9.964460059441468 10.041670035448114 10.097840826831824 10.124056220961425 10.237757897875424 10.310705909850972 10.399772383329875 10.523468689730764 10.57943338631252 10.584180690440718 10.611011316558614 10.683544776247418 10.818456525398092 10.926384365011078 11.191773546774941 11.400252574237165 11.43312454126428 11.435352428547038 11.609806903383866 11.825360546516452 11.939853064456845 11.945858541703597 11.971391163151507 11.98702518498522 11.999999999999963 11.999999999999993 11.999999999999996 12.00000000000001 12.358920336740155 12.399716392472621 12.423691060643563 12.473098858209555 12.476851547869837 12.486113194190322 12.501319325128009 12.530432245166399 12.684519209366977 12.716934359511198 12.772445524971566 12.777471018442945 12.84059269901405 12.876945916412508 12.906422569046281 12.92821565657724 12.940679141936773 12.94947380046366 12.965090352427964 13.008656049200619 13.034745864166148 13.118024422430821 13.124917228143257 13.175411805844726 13.24746566729826 13.292207700312034 13.324586815490973 13.358325840376002 13.38854771435855 13.441813628382151 13.452600165579446 13.533875588932228 13.584828590934881 13.62749742865688 13.786418880103126 13.936832390614338 13.999999999999995 13.999999999999998 14.0 14.000000000000044 14.44590761857907 14.616719206154723 14.715737482878048 14.825998776780516 14.82870894500648 14.874778071795149 14.878014681754982 15.124350041409159 15.185098696189169 15.262091071487738 15.354767253639691 15.409548928770594 15.466969205415817 15.821616030132695 15.827487277881099 
-2 -8 0 0.1642582990146666 0.5965896429296449 0.6526330148537532 0.9019972276547629 1.0280886816042776 1.66607837222777 1.8943026979673152 1.9028712036186528 1.9509679813595657 2.218533671121452 2.2919082164627915 2.3375857958626316 2.337799826580326 2.472135210759577 2.6386857798875627 2.745997056240935 2.8599096818368546 2.963294320558033 3.0650969399031722 3.0696429095220314 3.0944909413484436 3.1648205540662824 3.217466141731576 3.310456598563192 3.3814329326785013 3.3859265082381054 3.5129622734008263 3.569213200073708 3.654060348842094 3.7800694739578864 3.810246681322623 3.8671987179318914 3.894223774362756 4.043779319237699 4.163957036823005 4.223035173560495 4.338770145859991 4.361060643094543 4.399119229802278 4.447482668481167 4.497228310584266 4.56109776297663 4.569341783642045 4.690550146931165 4.695595599293111 4.727455086573776 4.8133765532491495 4.833100228058496 4.918331238293628 5.0052390379495195 5.0080039285497575 5.056421103291688 5.176770661877879 5.252451042670339 5.275682784831889 5.311264522663268 5.433364638430543 5.452006638987603 5.565376214969645 5.58352408244214 5.670966910376679 5.734334082470645 5.793751702964492 5.982164625793851 6.046987048880994 6.204645640403324 6.236173633437209 6.387086104438206 6.415197778503282 6.417699766829057 6.736655465783784 6.778767410043682 6.939979082914017 7.215267829297702 7.252907253033538 7.391486814769274 7.468713703839703 7.479861785643479 7.529913835635559 7.603211650989399 7.615603979558653 7.640857209920089 7.643877760363023 7.872850534237428 8.159163777060359 8.251512730933328 8.448883521885119 8.453999342288427 8.595917984098556 8.610787040144295 8.616998116878884 8.777831741690218 8.862664762474529 8.971738004235467 9.02867997948991 9.15873297407942 9.264340760510764 9.265009141124995 9.446278077683344 9.590715834960298 9.630821581768023 9.686797297157783 9.811335038945737 9.845146251531744 9.933330315572151 9.964460059441468 10.041670035448114 10.097840826831824 10.124056220961425 10.237757897875424 10.310705909850972 10.399772383329875 10.523468689730764 10.57943338631252 10.584180690440718 10.611011316558614 10.683544776247418 10.818456525398092 10.926384365011078 11.191773546774941 11.400252574237165 11.43312454126428 11.435352428547038 11.609806903383866 11.825360546516452 11.939853064456845 11.945858541703597 11.971391163151507 11.98702518498522 11.999999999999963 11.999999999999993 11.999999999999996 12.00000000000001 12.358920336740155 12.399716392472621 12.423691060643563 12.473098858209555 12.476851547869837 12.486113194190322 12.501319325128009 12.530432245166399 12.684519209366977 12.716934359511198 12.772445524971566 12.777471018442945 12.84059269901405 12.876945916412508 12.906422569046281 12.92821565657724 12.940679141936773 12.94947380046366 12.965090352427964 13.008656049200619 13.034745864166148 13.118024422430821 13.124917228143257 13.175411805844726 13.24746566729826 13.292207700312034 13.324586815490973 13.358325840376002 13.38854771435855 13.441813628382151 13.452600165579446 13.533875588932228 13.584828590934881 13.62749742865688 13.786418880103126 13.936832390614338 13.999999999999995 13.999999999999998 14.0 14.000000000000044 14.44590761857907 14.616719206154723 14.715737482878048 14.825998776780516 14.82870894500648 14.874778071795149 14.878014681754982 15.124350041409159 15.185098696189169 15.262091071487738 15.354767253639691 15.409548928770594 15.466969205415817 15.821616030132695 15.827487277881099 
-2 -9 0 0.4804288328317262 1.097299538873481 1.626616135472551 2.2537305219604082 2.4296520259197534 2.7614022197204564 2.8419744741112205 2.933270822952424 3.042684247195734 3.253043938523424 3.41795215322778 3.5857864376269046 3.7498778032598485 3.7589964485329888 4.311527448217148 4.402489468886596 4.475337741669781 4.549700244950422 4.876724942251013 5.267949192431121 5.438447187191167 5.485567701467328 5.5814322176147435 5.649571244157338 5.852818082042764 5.999999999999995 5.999999999999996 5.999999999999996 5.999999999999999 6.000000000000003 6.120657524875564 6.414213562373098 6.443709238041237 6.556714190278973 6.738099184317708 6.944756891924069 6.999248403303836 7.299109371252625 7.631267395138135 7.852507037847671 8.732050807568873 8.954654326896147 9.33828006838374 9.561552812808833 9.681206725097098 9.747591187698598 9.819105376207906 10.028001749901588 10.110843455599468 10.159756730715172 10.281009809775721 10.388272067388513 10.608528523768634 11.149838456971551 11.242555261563531 11.339855381182401 11.426703028156844 11.449905010461139 11.85572534941315 11.999999999999993 
-2 -10 0 0.4804288328317262 1.097299538873481 1.626616135472551 2.2537305219604082 2.4296520259197534 2.7614022197204564 2.8419744741112205 2.933270822952424 3.042684247195734 3.253043938523424 3.41795215322778 3.5857864376269046 3.7498778032598485 3.7589964485329888 4.311527448217148 4.402489468886596 4.475337741669781 4.549700244950422 4.876724942251013 5.267949192431121 5.438447187191167 5.485567701467328 5.5814322176147435 5.649571244157338 5.852818082042764 5.999999999999995 5.999999999999996 5.999999999999996 5.999999999999999 6.000000000000003 6.120657524875564 6.414213562373098 6.443709238041237 6.556714190278973 6.738099184317708 6.944756891924069 6.999248403303836 7.299109371252625 7.631267395138135 7.852507037847671 8.732050807568873 8.954654326896147 9.33828006838374 9.561552812808833 9.681206725097098 9.747591187698598 9.819105376207906 10.028001749901588 10.110843455599468 10.159756730715172 10.281009809775721 10.388272067388513 10.608528523768634 11.149838456971551 11.242555261563531 11.339855381182401 11.426703028156844 11.449905010461139 11.85572534941315 11.999999999999993 
-3 -3 0 2.6441452179782927 3.5264662029629785 4.585786437626901 4.585786437626904 4.585786437626907 4.788548686746739 5.477232638588462 5.47749496341211 5.999999999999998 6.000000000000002 6.000000000000003 6.291506047818161 7.062709367104492 7.414213562373091 7.414213562373095 7.4142135623730985 7.874998064145579 8.000000000000007 8.172680225979025 8.829797046484824 8.854421538779333 
-3 -4 0 2.6441452179782927 3.5264662029629785 4.585786437626901 4.585786437626904 4.585786437626907 4.788548686746739 5.477232638588462 5.47749496341211 5.999999999999998 6.000000000000002 6.000000000000003 6.291506047818161 7.062709367104492 7.414213562373091 7.414213562373095 7.4142135623730985 7.874998064145579 8.000000000000007 8.172680225979025 8.829797046484824 8.854421538779333 
-3 -5 0 0.9801689345730047 1.5636441491483941 1.8828433367687745 2.013817696660995 2.4252845312819846 2.4935777824553123 2.6462964923661985 3.084633839330518 3.100356738642747 3.2635028876213745 3.348526028278923 3.408275466137244 3.4355627622294787 3.481115143329926 3.6251324132665075 3.7251592039620904 3.868335034337778 4.117100403413468 4.1479354081703725 4.279611335751287 4.3415528832628265 4.3918118625827365 4.550476496818563 4.6548965404423885 4.6647088521533515 4.830179243653166 4.852397207709924 4.923376397086877 4.975275472180546 5.007213681864939 5.097951162312331 5.224884159518223 5.4288156917381825 5.521030427298159 5.52310153477348 5.645248753962861 5.741315061587056 5.80446418790232 5.861054939513208 5.906678697846465 6.009995708498409 6.062742940465156 6.1453325483493755 6.346505000005967 6.528019259578451 6.594705178227912 6.643480971312026 6.755168772605637 6.859684010199531 7.066043837416049 7.155226165752039 7.2498979320934325 7.3340176598619315 7.433566401215527 7.553690914726583 7.760126104685103 8.140870009916686 8.151884242529762 8.251320263071243 8.517190451179042 8.826291100368485 8.881319609407376 8.929823817477812 8.960695782422832 9.062575953169887 9.154112958736052 9.223872346627154 9.317285307102528 9.387231429437481 9.474893299586356 9.53008806795316 9.8389615278961 9.867793897798395 10.028264526540612 10.14465627635994 10.166060490016621 10.394251226416571 10.447629872113003 10.697023626603587 10.703527895257853 10.809563101135547 10.858048291659712 11.000000000000005 11.000000000000016 11.014977722868249 11.244582775375422 11.416975207563201 11.560839794846125 11.602978019603105 11.650453065515089 11.774873082542543 11.828859369829038 11.838461369164346 11.846794065231796 11.874167023839957 12.132117553692005 12.313147563044303 12.356476956696893 12.414997387652697 12.481364160000176 12.57249768213148 12.720226718255377 12.75770508962923 12.80307241607341 12.8771590104342 12.909121615260485 12.963869457798227 13.000000000000007 13.002051764959015 13.068469679776928 13.121879650745853 13.179721750191138 13.239464035157807 13.414921029929731 13.54572559986577 13.664405545892302 13.841754770460092 13.865137448263113 14.0 
-3 -6 0 0.9801689345730047 1.5636441491483941 1.8828433367687745 2.013817696660995 2.4252845312819846 2.4935777824553123 2.6462964923661985 3.084633839330518 3.100356738642747 3.2635028876213745 3.348526028278923 3.408275466137244 3.4355627622294787 3.481115143329926 3.6251324132665075 3.7251592039620904 3.868335034337778 4.117100403413468 4.1479354081703725 4.279611335751287 4.3415528832628265 4.3918118625827365 4.550476496818563 4.6548965404423885 4.6647088521533515 4.830179243653166 4.852397207709924 4.923376397086877 4.975275472180546 5.007213681864939 5.097951162312331 5.224884159518223 5.4288156917381825 5.521030427298159 5.52310153477348 5.645248753962861 5.741315061587056 5.80446418790232 5.861054939513208 5.906678697846465 6.009995708498409 6.062742940465156 6.1453325483493755 6.346505000005967 6.528019259578451 6.594705178227912 6.643480971312026 6.755168772605637 6.859684010199531 7.066043837416049 7.155226165752039 7.2498979320934325 7.3340176598619315 7.433566401215527 7.553690914726583 7.760126104685103 8.140870009916686 8.151884242529762 8.251320263071243 8.517190451179042 8.826291100368485 8.881319609407376 8.929823817477812 8.960695782422832 9.062575953169887 9.154112958736052 9.223872346627154 9.317285307102528 9.387231429437481 9.474893299586356 9.53008806795316 9.8389615278961 9.867793897798395 10.028264526540612 10.14465627635994 10.166060490016621 10.394251226416571 10.447629872113003 10.697023626603587 10.703527895257853 10.809563101135547 10.858048291659712 11.000000000000005 11.000000000000016 11.014977722868249 11.244582775375422 11.416975207563201 11.560839794846125 11.602978019603105 11.650453065515089 11.774873082542543 11.828859369829038 11.838461369164346 11.846794065231796 11.874167023839957 12.132117553692005 12.313147563044303 12.356476956696893 12.414997387652697 12.481364160000176 12.57249768213148 12.720226718255377 12.75770508962923 12.80307241607341 12.8771590104342 12.909121615260485 12.963869457798227 13.000000000000007 13.002051764959015 13.068469679776928 13.121879650745853 13.179721750191138 13.239464035157807 13.414921029929731 13.54572559986577 13.664405545892302 13.841754770460092 13.865137448263113 14.0 
-3 -7 0 0.16425829901466749 0.5965896429296649 0.9019972276547257 1.0280886816042853 1.034456797192828 1.6554118701481157 1.6660783722277812 1.894302697967292 1.9509679813595637 2.2185336711214383 2.2919082164627977 2.3202758820875853 2.337799826580326 2.4484064602657885 2.472135210759591 2.5242717352482504 2.638685779887579 2.7459970562409475 2.783964988850525 2.8599096818368746 3.0624127554682334 3.065096939903169 3.164820554066288 3.2612588917935312 3.2930701237885973 3.385926508238104 3.418710961956827 3.512962273400824 3.5692132000737105 3.6067858720480364 3.6540603488420933 3.803143503077311 3.8102466813226257 3.8942237743627532 3.992272127601377 4.043779319237707 4.116257329162242 4.16395703682301 4.223035173560499 4.272097651336757 4.338770145859997 4.361060643094541 4.399119229802281 4.497228310584261 4.560051466484467 4.569341783642066 4.622540289451957 4.690550146931179 4.72745508657378 4.829077761429134 4.833100228058503 4.918331238293636 5.008003928549768 5.020858716061264 5.0564211032916955 5.119677995429454 5.176770661877871 5.205812278344602 5.252451042670344 5.311264522663264 5.41795638682842 5.433364638430545 5.527692351373022 5.583524082442147 5.734334082470655 5.734852250757496 6.046987048880992 6.214644957027658 6.236173633437214 6.281278904966255 6.387086104438212 6.415197778503287 6.479595422201781 6.620824114378751 6.704586065241454 6.778767410043687 6.915927721205252 7.087310912781125 7.215267829297709 7.273419352614675 7.39148681476927 7.44775276406911 7.468713703839704 7.529913835635566 7.615603979558654 7.640857209920094 7.697694231078675 7.832054013769855 7.858543158291658 7.87285053423742 8.0254835836222 8.098092796636273 8.159163777060353 8.362347988179504 8.453999342288421 8.595917984098556 8.616998116878886 8.777831741690227 8.834813320077599 8.862664762474523 8.971738004235464 9.028679979489906 9.186823358551779 9.264340760510764 9.324751702428149 9.446278077683333 9.531421096452375 9.590715834960301 9.686797297157778 9.84514625153174 9.933330315572146 9.96446005944147 10.011991686104707 10.041670035448114 10.052253286967918 10.071748947437577 10.124056220961421 10.2163166432008 10.237757897875417 10.31070590985097 10.428019088977914 10.497608603281654 10.523468689730766 10.54817028709589 10.580051455523227 10.584180690440707 10.611011316558619 10.683544776247414 10.818456525398096 10.852423836763892 10.926384365011078 11.071055966332114 11.303169816258874 11.433124541264284 11.435352428547036 11.609806903383848 11.822461605509243 11.82536054651646 11.865207828941923 11.883334912408886 12.192210808772897 12.384638288392713 12.423691060643561 12.473098858209566 12.484060263933033 12.501319325127998 12.530432245166395 12.684519209366977 12.716934359511196 12.772445524971557 12.89127077066175 12.906422569046287 12.92821565657724 12.949473800463663 12.965090352427959 13.034745864166153 13.117419363272933 13.118024422430835 13.124917228143259 13.175411805844735 13.18692381189824 13.195733792999722 13.292535767719679 13.44181362838215 13.452600165579444 13.53387558893222 13.584828590934888 13.590784217338149 13.63976764904412 13.660577232171516 13.759285839322528 13.878548475845674 13.93683239061436 13.937021963125126 14.090980751713646 14.265813516353006 14.325005525325983 14.445907618579067 14.61671920615472 14.715737482878046 14.773670108518566 14.825998776780503 14.828708945006463 14.874778071795149 14.87801468175498 15.124350041409146 15.18509869618915 15.262091071487738 15.329507996877982 15.35476725363969 15.391747982148125 15.409548928770583 15.466969205415788 15.821616030132711 15.827487277881113 15.999999999999963 
-3 -8 0 0.16425829901466749 0.5965896429296649 0.9019972276547257 1.0280886816042853 1.034456797192828 1.6554118701481157 1.6660783722277812 1.894302697967292 1.9509679813595637 2.2185336711214383 2.2919082164627977 2.3202758820875853 2.337799826580326 2.4484064602657885 2.472135210759591 2.5242717352482504 2.638685779887579 2.7459970562409475 2.783964988850525 2.8599096818368746 3.0624127554682334 3.065096939903169 3.164820554066288 3.2612588917935312 3.2930701237885973 3.385926508238104 3.418710961956827 3.512962273400824 3.5692132000737105 3.6067858720480364 3.6540603488420933 3.803143503077311 3.8102466813226257 3.8942237743627532 3.992272127601377 4.043779319237707 4.116257329162242 4.16395703682301 4.223035173560499 4.272097651336757 4.338770145859997 4.361060643094541 4.399119229802281 4.497228310584261 4.560051466484467 4.569341783642066 4.622540289451957 4.690550146931179 4.72745508657378 4.829077761429134 4.833100228058503 4.918331238293636 5.008003928549768 5.020858716061264 5.0564211032916955 5.119677995429454 5.176770661877871 5.205812278344602 5.252451042670344 5.311264522663264 5.41795638682842 5.433364638430545 5.527692351373022 5.583524082442147 5.734334082470655 5.734852250757496 6.046987048880992 6.214644957027658 6.236173633437214 6.281278904966255 6.387086104438212 6.415197778503287 6.479595422201781 6.620824114378751 6.704586065241454 6.778767410043687 6.915927721205252 7.087310912781125 7.215267829297709 7.273419352614675 7.39148681476927 7.44775276406911 7.468713703839704 7.529913835635566 7.615603979558654 7.640857209920094 7.697694231078675 7.832054013769855 7.858543158291658 7.87285053423742 8.0254835836222 8.098092796636273 8.159163777060353 8.362347988179504 8.453999342288421 8.595917984098556 8.616998116878886 8.777831741690227 8.834813320077599 8.862664762474523 8.971738004235464 9.028679979489906 9.186823358551779 9.264340760510764 9.324751702428149 9.446278077683333 9.531421096452375 9.590715834960301 9.686797297157778 9.84514625153174 9.933330315572146 9.96446005944147 10.011991686104707 10.041670035448114 10.052253286967918 10.071748947437577 10.124056220961421 10.2163166432008 10.237757897875417 10.31070590985097 10.428019088977914 10.497608603281654 10.523468689730766 10.54817028709589 10.580051455523227 10.584180690440707 10.611011316558619 10.683544776247414 10.818456525398096 10.852423836763892 10.926384365011078 11.071055966332114 11.303169816258874 11.433124541264284 11.435352428547036 11.609806903383848 11.822461605509243 11.82536054651646 11.865207828941923 11.883334912408886 12.192210808772897 12.384638288392713 12.423691060643561 12.473098858209566 12.484060263933033 12.501319325127998 12.530432245166395 12.684519209366977 12.716934359511196 12.772445524971557 12.89127077066175 12.906422569046287 12.92821565657724 12.949473800463663 12.965090352427959 13.034745864166153 13.117419363272933 13.118024422430835 13.124917228143259 13.175411805844735 13.18692381189824 13.195733792999722 13.292535767719679 13.44181362838215 13.452600165579444 13.53387558893222 13.584828590934888 13.590784217338149 13.63976764904412 13.660577232171516 13.759285839322528 13.878548475845674 13.93683239061436 13.937021963125126 14.090980751713646 14.265813516353006 14.325005525325983 14.445907618579067 14.61671920615472 14.715737482878046 14.773670108518566 14.825998776780503 14.828708945006463 14.874778071795149 14.87801468175498 15.124350041409146 15.18509869618915 15.262091071487738 15.329507996877982 15.35476725363969 15.391747982148125 15.409548928770583 15.466969205415788 15.821616030132711 15.827487277881113 15.999999999999963 
-3 -9 1 3.327199626923516e-15 0.4804288328317154 0.5346733178372501 1.069195708514096 1.0972995388735094 1.1895050071186906 1.5151081905789034 1.6266161354725333 1.6658561936474878 1.9321470788036255 2.253730521960408 2.2588442750376596 2.3816585540760937 2.4296520259197645 2.591719504001309 2.761402219720462 2.84197447411122 2.8542412898847176 2.9332708229524256 3.042684247195738 3.091483751535836 3.191867193809814 3.2530439385234318 3.4179521532277803 3.4755859007049676 3.5585365196319523 3.6416013458559098 3.749877803259846 3.75899644853299 3.835023954439735 3.9792346029259646 4.081458563571974 4.199286053705891 4.311527448217149 4.402489468886597 4.409964702296685 4.475337741669781 4.540613742798559 4.549700244950424 4.767212775290758 4.876724942251013 4.923621176987829 5.046812816327617 5.099371771419343 5.349755101871762 5.481168480926507 5.485567701467325 5.530219964263506 5.581432217614742 5.649571244157334 5.852818082042761 5.857700326047971 5.962021479967888 5.977081102119854 5.999999999999998 6.120657524875566 6.217547959341086 6.372676079490871 6.419177426619684 6.443709238041231 6.556714190278975 6.600733190078788 6.729108894828282 6.738099184317707 6.9447568919240705 6.964626862732721 6.999248403303842 7.2062323282282295 7.299109371252629 7.418058989575621 7.494857555235967 7.631267395138132 7.689068902951268 7.852507037847675 8.190082807447123 8.500575089404228 8.581864537154289 8.775504123600756 8.954654326896154 8.987352814455775 9.130874110237528 9.338280068383751 9.681206725097102 9.747591187698601 9.819105376207903 9.943386458804206 10.028001749901597 10.11084345559946 10.15975673071518 10.204143689966156 10.281009809775712 10.388272067388517 10.461849755198777 10.608528523768657 11.025743396918664 11.149838456971562 11.242555261563519 11.265345272877553 11.339855381182403 11.426703028156854 11.449905010461137 11.475371266047222 11.760372750622038 11.855725349413152 11.994358246120933 12.000000000000002 12.160928305180061 12.284798648402727 12.387272905991935 12.640094078823502 12.715870955883924 12.826707177200046 13.021357748866047 13.132299261126171 13.259219886283233 13.311707580180157 13.508045535028232 13.519643427391852 13.830571535704234 
-3 -10 1 3.327199626923516e-15 0.4804288328317154 0.5346733178372501 1.069195708514096 1.0972995388735094 1.1895050071186906 1.5151081905789034 1.6266161354725333 1.6658561936474878 1.9321470788036255 2.253730521960408 2.2588442750376596 2.3816585540760937 2.4296520259197645 2.591719504001309 2.761402219720462 2.84197447411122 2.8542412898847176 2.9332708229524256 3.042684247195738 3.091483751535836 3.191867193809814 3.2530439385234318 3.4179521532277803 3.4755859007049676 3.5585365196319523 3.6416013458559098 3.749877803259846 3.75899644853299 3.835023954439735 3.9792346029259646 4.081458563571974 4.199286053705891 4.311527448217149 4.402489468886597 4.409964702296685 4.475337741669781 4.540613742798559 4.549700244950424 4.767212775290758 4.876724942251013 4.923621176987829 5.046812816327617 5.099371771419343 5.349755101871762 5.481168480926507 5.485567701467325 5.530219964263506 5.581432217614742 5.649571244157334 5.852818082042761 5.857700326047971 5.962021479967888 5.977081102119854 5.999999999999998 6.120657524875566 6.217547959341086 6.372676079490871 6.419177426619684 6.443709238041231 6.556714190278975 6.600733190078788 6.729108894828282 6.738099184317707 6.9447568919240705 6.964626862732721 6.999248403303842 7.2062323282282295 7.299109371252629 7.418058989575621 7.494857555235967 7.631267395138132 7.689068902951268 7.852507037847675 8.190082807447123 8.500575089404228 8.581864537154289 8.775504123600756 8.954654326896154 8.987352814455775 9.130874110237528 9.338280068383751 9.681206725097102 9.747591187698601 9.819105376207903 9.943386458804206 10.028001749901597 10.11084345559946 10.15975673071518 10.204143689966156 10.281009809775712 10.388272067388517 10.461849755198777 10.608528523768657 11.025743396918664 11.149838456971562 11.242555261563519 11.265345272877553 11.339855381182403 11.426703028156854 11.449905010461137 11.475371266047222 11.760372750622038 11.855725349413152 11.994358246120933 12.000000000000002 12.160928305180061 12.284798648402727 12.387272905991935 12.640094078823502 12.715870955883924 12.826707177200046 13.021357748866047 13.132299261126171 13.259219886283233 13.311707580180157 13.508045535028232 13.519643427391852 13.830571535704234 
-3 -11 0 0.18728999490115975 0.8044418622743649 1.5298557297118638 2.0898620838259325 2.5485285776871756 2.653232784509719 3.034123535142012 3.3944581585063287 3.954985046349995 3.999999999999997 3.9999999999999996 4.0 4.384978292100842 4.575733294014123 5.037588064920094 5.41309680822417 5.728082549107371 6.097343686037839 7.4526043062978 8.258116281622891 9.855678944766316 
-2 -11 0 4.0 4.0 
-3 -12 0 0.18728999490115975 0.8044418622743649 1.5298557297118638 2.0898620838259325 2.5485285776871756 2.653232784509719 3.034123535142012 3.3944581585063287 3.954985046349995 3.999999999999997 3.9999999999999996 4.0 4.384978292100842 4.575733294014123 5.037588064920094 5.41309680822417 5.728082549107371 6.097343686037839 7.4526043062978 8.258116281622891 9.855678944766316 
-2 -12 0 4.0 4.0 
-4 -3 0 4.585786437626903 6.0 7.414213562373093 
-4 -4 0 4.585786437626903 6.0 7.414213562373093 
-4 -5 0 2.4252845312819833 3.3485260282789255 3.4355627622294844 4.147935408170367 4.391811862582732 4.664708852153347 4.975275472180549 5.438447187191168 5.521030427298161 5.645248753962865 5.804464187902321 6.062742940465149 6.643480971312028 7.155226165752037 7.433566401215522 8.151884242529752 9.0 9.062575953169892 9.223872346627154 9.317285307102523 9.561552812808827 9.838961527896098 9.999999999999998 10.028264526540614 10.144656276359939 10.394251226416566 10.697023626603581 10.80956310113555 10.999999999999998 11.000000000000005 11.014977722868247 11.560839794846125 11.650453065515096 11.774873082542546 11.828859369829035 11.846794065231798 
-4 -6 0 2.4252845312819833 3.3485260282789255 3.4355627622294844 4.147935408170367 4.391811862582732 4.664708852153347 4.975275472180549 5.438447187191168 5.521030427298161 5.645248753962865 5.804464187902321 6.062742940465149 6.643480971312028 7.155226165752037 7.433566401215522 8.151884242529752 9.0 9.062575953169892 9.223872346627154 9.317285307102523 9.561552812808827 9.838961527896098 9.999999999999998 10.028264526540614 10.144656276359939 10.394251226416566 10.697023626603581 10.80956310113555 10.999999999999998 11.000000000000005 11.014977722868247 11.560839794846125 11.650453065515096 11.774873082542546 11.828859369829035 11.846794065231798 
-4 -7 0 1.034456797192831 1.655411870148107 2.320275882087607 2.4484064602657996 2.5242717352482518 2.783964988850507 2.9683701523367456 3.0624127554682374 3.2612588917935312 3.2930701237886084 3.4187109619568194 3.606785872048025 3.803143503077308 3.992272127601371 4.087385878983536 4.11625732916225 4.272097651336752 4.56005146648447 4.622540289451965 4.829077761429133 4.899792196700132 5.020858716061265 5.119677995429453 5.205812278344595 5.328108736744324 5.417956386828417 5.527692351373017 5.556910970854857 5.734852250757496 6.214644957027656 6.281278904966248 6.47959542220178 6.620824114378748 6.704586065241453 6.915927721205252 7.087310912781126 7.167890944358353 7.273419352614667 7.447752764069104 7.6976942310786765 7.832054013769856 7.858543158291654 8.025483583622204 8.098092796636273 8.362347988179508 8.363223345304222 8.610525980310662 8.834813320077593 9.155245110311819 9.18682335855177 9.32475170242815 9.531421096452371 9.617138691091075 9.835612322162456 10.000000000000005 10.011991686104714 10.05225328696792 10.071748947437573 10.2163166432008 10.428019088977916 10.497608603281654 10.548170287095898 10.580051455523233 10.852423836763895 11.071055966332114 11.303169816258885 11.82246160550925 11.865207828941926 11.883334912408886 12.192210808772902 12.291450806795227 12.384638288392711 12.484060263933035 12.544970018552632 12.891270770661752 12.934929018807631 13.070421100264705 13.117419363272926 13.18692381189824 13.195733792999707 13.292535767719679 13.568024726421584 13.590784217338145 13.639767649044128 13.66057723217151 13.759285839322551 13.878548475845685 13.937021963125144 13.999999999999993 14.0 14.09098075171367 14.265813516352994 14.325005525325992 14.773670108518557 15.329507996878005 15.39174798214814 16.000000000000004 
-4 -8 0 1.034456797192831 1.655411870148107 2.320275882087607 2.4484064602657996 2.5242717352482518 2.783964988850507 2.9683701523367456 3.0624127554682374 3.2612588917935312 3.2930701237886084 3.4187109619568194 3.606785872048025 3.803143503077308 3.992272127601371 4.087385878983536 4.11625732916225 4.272097651336752 4.56005146648447 4.622540289451965 4.829077761429133 4.899792196700132 5.020858716061265 5.119677995429453 5.205812278344595 5.328108736744324 5.417956386828417 5.527692351373017 5.556910970854857 5.734852250757496 6.214644957027656 6.281278904966248 6.47959542220178 6.620824114378748 6.704586065241453 6.915927721205252 7.087310912781126 7.167890944358353 7.273419352614667 7.447752764069104 7.6976942310786765 7.832054013769856 7.858543158291654 8.025483583622204 8.098092796636273 8.362347988179508 8.363223345304222 8.610525980310662 8.834813320077593 9.155245110311819 9.18682335855177 9.32475170242815 9.531421096452371 9.617138691091075 9.835612322162456 10.000000000000005 10.011991686104714 10.05225328696792 10.071748947437573 10.2163166432008 10.428019088977916 10.497608603281654 10.548170287095898 10.580051455523233 10.852423836763895 11.071055966332114 11.303169816258885 11.82246160550925 11.865207828941926 11.883334912408886 12.192210808772902 12.291450806795227 12.384638288392711 12.484060263933035 12.544970018552632 12.891270770661752 12.934929018807631 13.070421100264705 13.117419363272926 13.18692381189824 13.195733792999707 13.292535767719679 13.568024726421584 13.590784217338145 13.639767649044128 13.66057723217151 13.759285839322551 13.878548475845685 13.937021963125144 13.999999999999993 14.0 14.09098075171367 14.265813516352994 14.325005525325992 14.773670108518557 15.329507996878005 15.39174798214814 16.000000000000004 
-4 -9 0 0.5346733178372529 1.0691957085140864 1.1895050071187017 1.4574808672016815 1.5151081905788917 1.665856193647477 1.932147078803592 2.2588442750376645 2.3816585540760915 2.591719504001294 2.8262649019518076 2.854241289884713 2.967858623535108 3.0914837515358347 3.1918671938098075 3.47558590070497 3.5489808283002033 3.5585365196319447 3.6416013458559093 3.6761643089567517 3.7635020098736036 3.835023954439731 3.9792346029259607 4.0814585635719745 4.199286053705893 4.409964702296687 4.540613742798557 4.695644638862158 4.767212775290756 4.923621176987828 5.046812816327615 5.07126091638476 5.099371771419342 5.325786705166141 5.349755101871765 5.4811684809265095 5.53021996426351 5.559247677815528 5.857700326047971 5.9620214799678894 5.977081102119857 6.119470710479576 6.217547959341088 6.229166868542423 6.372676079490871 6.41917742661969 6.600733190078781 6.729108894828284 6.964626862732716 7.2062323282282295 7.418058989575615 7.494857555235971 7.689068902951263 7.806963510202619 7.884375897071139 8.19008280744713 8.445509989596022 8.500575089404222 8.581864537154281 8.720883731810044 8.775504123600765 8.915596898154119 8.987352814455768 9.13087411023752 9.768366211657025 9.943386458804198 10.190318888974247 10.204143689966159 10.461849755198779 10.503695696834555 10.88108065206473 10.934737827872823 11.025743396918664 11.265345272877553 11.47537126604722 11.760372750622041 11.994358246120928 12.160928305180072 12.273354568023178 12.284798648402727 12.336999667167824 12.387272905991928 12.571289875860348 12.640094078823498 12.715870955883949 12.82670717720004 13.021357748866054 13.132299261126168 13.256946306176328 13.259219886283232 13.311707580180176 13.508045535028238 13.519643427391827 13.830571535704236 14.615871279777286 14.6241342750088 15.02904566667915 
-4 -10 0 0.5346733178372529 1.0691957085140864 1.1895050071187017 1.4574808672016815 1.5151081905788917 1.665856193647477 1.932147078803592 2.2588442750376645 2.3816585540760915 2.591719504001294 2.8262649019518076 2.854241289884713 2.967858623535108 3.0914837515358347 3.1918671938098075 3.47558590070497 3.5489808283002033 3.5585365196319447 3.6416013458559093 3.6761643089567517 3.7635020098736036 3.835023954439731 3.9792346029259607 4.0814585635719745 4.199286053705893 4.409964702296687 4.540613742798557 4.695644638862158 4.767212775290756 4.923621176987828 5.046812816327615 5.07126091638476 5.099371771419342 5.325786705166141 5.349755101871765 5.4811684809265095 5.53021996426351 5.559247677815528 5.857700326047971 5.9620214799678894 5.977081102119857 6.119470710479576 6.217547959341088 6.229166868542423 6.372676079490871 6.41917742661969 6.600733190078781 6.729108894828284 6.964626862732716 7.2062323282282295 7.418058989575615 7.494857555235971 7.689068902951263 7.806963510202619 7.884375897071139 8.19008280744713 8.445509989596022 8.500575089404222 8.581864537154281 8.720883731810044 8.775504123600765 8.915596898154119 8.987352814455768 9.13087411023752 9.768366211657025 9.943386458804198 10.190318888974247 10.204143689966159 10.461849755198779 10.503695696834555 10.88108065206473 10.934737827872823 11.025743396918664 11.265345272877553 11.47537126604722 11.760372750622041 11.994358246120928 12.160928305180072 12.273354568023178 12.284798648402727 12.336999667167824 12.387272905991928 12.571289875860348 12.640094078823498 12.715870955883949 12.82670717720004 13.021357748866054 13.132299261126168 13.256946306176328 13.259219886283232 13.311707580180176 13.508045535028238 13.519643427391827 13.830571535704236 14.615871279777286 14.6241342750088 15.02904566667915 
-4 -11 0 0.18728999490115544 0.8044418622743684 0.8935557469958386 1.4812598465568132 1.5298557297118678 2.08986208382593 2.441476612117803 2.5485285776871756 2.6532327845097203 2.662411154099797 3.0341235351420126 3.157693499558423 3.394458158506329 3.910567934302531 3.9549850463499943 3.9999999999999987 4.047114344172781 4.26297816407131 4.38497829210084 4.575733294014122 4.893247480700836 5.037588064920093 5.413096808224167 5.433107809355435 5.728082549107369 6.000000000000002 6.097343686037845 6.3806929577307345 6.953785691606714 7.452604306297788 8.25811628162289 9.012786332816248 9.855678944766318 10.208302813203199 10.685915216880794 11.575104395830753 
-4 -12 0 0.18728999490115544 0.8044418622743684 0.8935557469958386 1.4812598465568132 1.5298557297118678 2.08986208382593 2.441476612117803 2.5485285776871756 2.6532327845097203 2.662411154099797 3.0341235351420126 3.157693499558423 3.394458158506329 3.910567934302531 3.9549850463499943 3.9999999999999987 4.047114344172781 4.26297816407131 4.38497829210084 4.575733294014122 4.893247480700836 5.037588064920093 5.413096808224167 5.433107809355435 5.728082549107369 6.000000000000002 6.097343686037845 6.3806929577307345 6.953785691606714 7.452604306297788 8.25811628162289 9.012786332816248 9.855678944766318 10.208302813203199 10.685915216880794 11.575104395830753 
-5 -5 0 5.438447187191169 9.0 9.56155281280883 10.0 
-5 -6 0 5.438447187191169 9.0 9.56155281280883 10.0 
-5 -7 0 2.968370152336753 4.087385878983531 4.899792196700143 5.32810873674433 5.556910970854862 7.167890944358347 8.36322334530422 8.610525980310666 9.155245110311824 9.617138691091084 9.83561232216245 9.999999999999998 12.000000000000004 12.291450806795236 12.544970018552645 12.93492901880763 13.07042110026471 13.568024726421594 14.000000000000002 14.000000000000002 
-5 -8 0 2.968370152336753 4.087385878983531 4.899792196700143 5.32810873674433 5.556910970854862 7.167890944358347 8.36322334530422 8.610525980310666 9.155245110311824 9.617138691091084 9.83561232216245 9.999999999999998 12.000000000000004 12.291450806795236 12.544970018552645 12.93492901880763 13.07042110026471 13.568024726421594 14.000000000000002 14.000000000000002 
-5 -9 0 1.4574808672016943 2.8262649019518027 2.9678586235351014 3.5489808283002113 3.676164308956753 3.763502009873602 4.695644638862155 5.071260916384759 5.325786705166141 5.559247677815526 6.119470710479576 6.229166868542421 6.5358983848622465 7.8069635102026265 7.884375897071142 8.44550998959602 8.720883731810037 8.915596898154119 9.768366211657025 10.190318888974259 10.50369569683455 10.881080652064739 10.93473782787283 11.999999999999995 12.273354568023175 12.33699966716782 12.571289875860339 13.256946306176339 13.464101615137753 14.615871279777279 14.624134275008798 15.029045666679176 
-5 -10 0 1.4574808672016943 2.8262649019518027 2.9678586235351014 3.5489808283002113 3.676164308956753 3.763502009873602 4.695644638862155 5.071260916384759 5.325786705166141 5.559247677815526 6.119470710479576 6.229166868542421 6.5358983848622465 7.8069635102026265 7.884375897071142 8.44550998959602 8.720883731810037 8.915596898154119 9.768366211657025 10.190318888974259 10.50369569683455 10.881080652064739 10.93473782787283 11.999999999999995 12.273354568023175 12.33699966716782 12.571289875860339 13.256946306176339 13.464101615137753 14.615871279777279 14.624134275008798 15.029045666679176 
-5 -11 0 0.8935557469958324 1.4812598465568099 2.4414766121178055 2.662411154099799 3.157693499558425 3.910567934302532 4.047114344172781 4.2629781640713125 4.8768943743823385 4.89324748070084 5.433107809355434 6.0 6.0000000000000036 6.3806929577307345 6.9537856916067184 9.01278633281624 10.2083028132032 10.685915216880796 11.575104395830742 13.123105625617665 
-5 -12 0 0.8935557469958324 1.4812598465568099 2.4414766121178055 2.662411154099799 3.157693499558425 3.910567934302532 4.047114344172781 4.2629781640713125 4.8768943743823385 4.89324748070084 5.433107809355434 6.0 6.0000000000000036 6.3806929577307345 6.9537856916067184 9.01278633281624 10.2083028132032 10.685915216880796 11.575104395830742 13.123105625617665 
-5 -13 0 0.5857864376269059 1.9999999999999991 3.4142135623730954 4.0 
-4 -13 0 0.5857864376269042 2.0 3.414213562373095 
-5 -14 0 0.5857864376269059 1.9999999999999991 3.4142135623730954 4.0 
-4 -14 0 0.5857864376269042 2.0 3.414213562373095 
-6 -7 0 12.0 
-6 -8 0 12.0 
-6 -9 0 6.5358983848622465 11.999999999999998 13.464101615137755 
-6 -10 0 6.5358983848622465 11.999999999999998 13.464101615137755 
-6 -11 0 4.876894374382339 6.0 13.123105625617661 
-6 -12 0 4.876894374382339 6.0 13.123105625617661 
-6 -13 0 4.0 
-6 -14 0 4.0 
