1 3 0 1.0 3.0 3.0 
2 3 0 3.0 
1 2 0 1.0 3.0 3.0 
2 2 0 3.0 
1 1 0 0.793036811180871 1.3027025661666753 1.7434267521118345 2.782082347879564 3.247884430168185 3.35424868893541 3.556784863456116 3.696974603204174 4.220488909306949 4.66821063763027 4.999999999999999 5.271545673490357 5.3986273460058225 6.000000000000001 6.1557379332287345 6.663682262409723 7.045972757939644 7.45284210582107 8.645751311064583 
2 1 0 3.3542486889354097 4.999999999999999 6.0 8.645751311064586 
1 0 0 0.793036811180871 1.3027025661666753 1.7434267521118345 2.782082347879564 3.247884430168185 3.35424868893541 3.556784863456116 3.696974603204174 4.220488909306949 4.66821063763027 4.999999999999999 5.271545673490357 5.3986273460058225 6.000000000000001 6.1557379332287345 6.663682262409723 7.045972757939644 7.45284210582107 8.645751311064583 
2 0 0 3.3542486889354097 4.999999999999999 6.0 8.645751311064586 
1 -1 0 1.1965214166333125 1.703295978936119 2.125177105192692 2.595852762426869 3.0993784586036277 3.4604096960767414 3.802573325207145 3.996145911112213 4.13678855496112 4.344054785203768 4.45949993063005 4.461526135549938 4.74329726186104 5.062102470528297 5.367086199502191 5.589540748482512 5.722427679242252 5.875129247388423 6.0 6.100110750017595 6.361681977405748 6.559315482106159 6.72383558341575 6.796535828083648 7.307755310165652 7.318875864306069 7.4104437965544605 7.612239828063572 7.700270059340621 7.82023829423638 8.17524832402502 8.358323261949861 8.47924270016442 8.69224468983435 9.000000000000005 10.058442607855671 10.127586091443344 10.21714532363388 10.418261121414533 11.01318332373255 11.469738250262367 11.538473864450058 
2 -1 0 4.461526135549938 6.0 7.307755310165651 8.69224468983435 9.0 11.538473864450058 
1 -2 0 1.1965214166333125 1.703295978936119 2.125177105192692 2.595852762426869 3.0993784586036277 3.4604096960767414 3.802573325207145 3.996145911112213 4.13678855496112 4.344054785203768 4.45949993063005 4.461526135549938 4.74329726186104 5.062102470528297 5.367086199502191 5.589540748482512 5.722427679242252 5.875129247388423 6.0 6.100110750017595 6.361681977405748 6.559315482106159 6.72383558341575 6.796535828083648 7.307755310165652 7.318875864306069 7.4104437965544605 7.612239828063572 7.700270059340621 7.82023829423638 8.17524832402502 8.358323261949861 8.47924270016442 8.69224468983435 9.000000000000005 10.058442607855671 10.127586091443344 10.21714532363388 10.418261121414533 11.01318332373255 11.469738250262367 11.538473864450058 
2 -2 0 4.461526135549938 6.0 7.307755310165651 8.69224468983435 9.0 11.538473864450058 
1 -3 0 1.9802905955417196 2.7270286488138638 3.2229555323861816 3.6088539543169493 3.904891222732436 4.2597363574132885 4.755710060486084 4.871716633228776 5.149353588602115 5.483443641318612 5.785972391989557 5.970077379327912 6.19721454947523 6.3542486889354075 6.370575112563183 6.446820407122204 6.506146993081529 6.886620820057222 7.129287495231124 7.426412867107784 7.687291936518722 7.851531729226637 8.29159389196313 8.480768038374524 8.666073057698863 8.725274494338072 9.000000000000004 9.009246317894746 9.15833751560515 9.275417086569806 9.429784529483266 9.71758759579662 9.915623492795133 10.000000000000002 10.000000000000002 11.20640737413562 11.306798534196558 11.645751311064593 11.738266484817235 12.13122401075582 12.21275584083529 12.512909818199041 
2 -3 0 6.354248688935407 8.999999999999998 10.0 11.645751311064588 
1 -4 0 1.9802905955417196 2.7270286488138638 3.2229555323861816 3.6088539543169493 3.904891222732436 4.2597363574132885 4.755710060486084 4.871716633228776 5.149353588602115 5.483443641318612 5.785972391989557 5.970077379327912 6.19721454947523 6.3542486889354075 6.370575112563183 6.446820407122204 6.506146993081529 6.886620820057222 7.129287495231124 7.426412867107784 7.687291936518722 7.851531729226637 8.29159389196313 8.480768038374524 8.666073057698863 8.725274494338072 9.000000000000004 9.009246317894746 9.15833751560515 9.275417086569806 9.429784529483266 9.71758759579662 9.915623492795133 10.000000000000002 10.000000000000002 11.20640737413562 11.306798534196558 11.645751311064593 11.738266484817235 12.13122401075582 12.21275584083529 12.512909818199041 
2 -4 0 6.354248688935407 8.999999999999998 10.0 11.645751311064588 
1 -5 0 3.3667575750240166 4.06193971717097 4.869887315289325 5.497599234990905 6.257976740278813 6.3847869315211465 6.900210880297771 7.214558532284581 8.154716195732753 8.81648225040191 8.940622756097598 9.361021273478872 9.999999999999998 10.0 10.000000000000009 10.262356328645389 10.43633097305647 10.621270885077363 10.853482410652127 
2 -5 0 10.0 
1 -6 0 3.3667575750240166 4.06193971717097 4.869887315289325 5.497599234990905 6.257976740278813 6.3847869315211465 6.900210880297771 7.214558532284581 8.154716195732753 8.81648225040191 8.940622756097598 9.361021273478872 9.999999999999998 10.0 10.000000000000009 10.262356328645389 10.43633097305647 10.621270885077363 10.853482410652127 
2 -6 0 10.0 
0 3 0 1.0 3.0 
0 2 0 1.0 3.0 
0 1 1 1.4421403065086083e-15 0.7930368111808684 1.278584796763188 1.3027025661666711 1.7434267521118392 2.1116166387132185 2.782082347879565 3.2478844301681846 3.315355271636826 3.381966011250104 3.5567848634561137 3.696974603204171 4.220488909306951 4.381966011250103 4.466437482337472 4.6682106376302706 5.271545673490356 5.39862734600582 5.618033988749893 5.8280058105492865 6.155737933228737 6.618033988749896 6.663682262409723 7.045972757939646 7.45284210582107 
0 0 1 1.4421403065086083e-15 0.7930368111808684 1.278584796763188 1.3027025661666711 1.7434267521118392 2.1116166387132185 2.782082347879565 3.2478844301681846 3.315355271636826 3.381966011250104 3.5567848634561137 3.696974603204171 4.220488909306951 4.381966011250103 4.466437482337472 4.6682106376302706 5.271545673490356 5.39862734600582 5.618033988749893 5.8280058105492865 6.155737933228737 6.618033988749896 6.663682262409723 7.045972757939646 7.45284210582107 
0 -1 1 -3.554825199589108e-15 0.18601890726823278 0.9807434267687543 1.038501344515173 1.1965214166333098 1.5461810914942837 1.6584752434549432 1.7032959789361126 2.0779708126298795 2.125177105192691 2.3622237131334685 2.5958527624268735 2.610577807356597 2.861058958249655 3.0993784586036344 3.1149310601743014 3.256308066817868 3.4355825615022244 3.46040969607674 3.5953632660864057 3.730243744770185 3.802573325207142 3.8798690198717614 3.9961459111122126 4.1367885549611145 4.173811081581717 4.344054785203766 4.3605079536173506 4.400887694748751 4.45949993063005 4.574522029665817 4.662405332321551 4.743297261861039 4.878809855451434 5.002963225619894 5.062102470528284 5.076056875557523 5.334640815568071 5.367086199502195 5.463430387298909 5.589540748482511 5.722427679242243 5.792177986770386 5.8638254315516685 5.87512924738842 5.9272716940930446 6.049615124287619 6.100110750017593 6.125462965629902 6.361681977405748 6.430632781350663 6.559315482106158 6.564618937900611 6.723835583415752 6.766841667325248 6.796535828083651 6.946103843523931 7.022031595215922 7.318875864306072 7.410443796554464 7.450888868928155 7.544356168795826 7.6122398280635695 7.700270059340621 7.784667196693441 7.8202382942363835 7.978108736207922 8.175248324025015 8.188062337078485 8.263976123796965 8.358323261949863 8.479242700164432 8.667217498560007 8.974273505697077 9.102856240728329 9.163877948481217 9.222515116083743 9.388163059101732 9.512875700620484 9.68598797441572 10.057762158123099 10.05844260785567 10.127586091443334 10.217145323633877 10.26374506351399 10.418261121414533 11.01318332373257 11.46973825026236 
0 -2 1 -3.554825199589108e-15 0.18601890726823278 0.9807434267687543 1.038501344515173 1.1965214166333098 1.5461810914942837 1.6584752434549432 1.7032959789361126 2.0779708126298795 2.125177105192691 2.3622237131334685 2.5958527624268735 2.610577807356597 2.861058958249655 3.0993784586036344 3.1149310601743014 3.256308066817868 3.4355825615022244 3.46040969607674 3.5953632660864057 3.730243744770185 3.802573325207142 3.8798690198717614 3.9961459111122126 4.1367885549611145 4.173811081581717 4.344054785203766 4.3605079536173506 4.400887694748751 4.45949993063005 4.574522029665817 4.662405332321551 4.743297261861039 4.878809855451434 5.002963225619894 5.062102470528284 5.076056875557523 5.334640815568071 5.367086199502195 5.463430387298909 5.589540748482511 5.722427679242243 5.792177986770386 5.8638254315516685 5.87512924738842 5.9272716940930446 6.049615124287619 6.100110750017593 6.125462965629902 6.361681977405748 6.430632781350663 6.559315482106158 6.564618937900611 6.723835583415752 6.766841667325248 6.796535828083651 6.946103843523931 7.022031595215922 7.318875864306072 7.410443796554464 7.450888868928155 7.544356168795826 7.6122398280635695 7.700270059340621 7.784667196693441 7.8202382942363835 7.978108736207922 8.175248324025015 8.188062337078485 8.263976123796965 8.358323261949863 8.479242700164432 8.667217498560007 8.974273505697077 9.102856240728329 9.163877948481217 9.222515116083743 9.388163059101732 9.512875700620484 9.68598797441572 10.057762158123099 10.05844260785567 10.127586091443334 10.217145323633877 10.26374506351399 10.418261121414533 11.01318332373257 11.46973825026236 
0 -3 0 0.14689907597939467 0.8888058072610743 0.9306504134750276 1.3188362495464434 1.8315703547235105 1.9007739383744973 1.9802905955417391 2.09645324003932 2.4871130431057367 2.631649767130491 2.6752446675997135 2.7270286488138535 2.8901133976811924 3.0155705900247445 3.1190048098631173 3.220895912748767 3.222955532386183 3.327726599295335 3.4220083441321356 3.582393869356697 3.6088539543169493 3.860430156100558 3.886373349222428 3.9048912227324397 3.9810527662168225 4.1420571213337265 4.191707985786015 4.2597363574132885 4.284725030747689 4.42997181588084 4.6483198772650445 4.755710060486087 4.786084827817302 4.865714021239531 4.871716633228776 4.888441636685009 4.959865954575867 5.131583740596004 5.149353588602116 5.181388911314577 5.193841710902288 5.483443641318615 5.504862494856459 5.569023376013262 5.604828163403485 5.6464156706666735 5.78597239198956 5.855773266213869 5.928374573203953 5.970077379327909 6.071133710877646 6.197214549475231 6.218546646580425 6.308375630471597 6.370575112563187 6.446820407122205 6.473461734300974 6.499040927477032 6.50614699308153 6.531913406320194 6.656144271145017 6.720033232495429 6.853084542740237 6.886620820057218 7.0757630602357615 7.1292874952311225 7.131575647243228 7.156961207765105 7.177156297353847 7.3768189377093005 7.4264128671077785 7.459431629064254 7.531499494683162 7.687291936518723 7.73015457429943 7.823633806368522 7.851531729226634 7.878785225410061 8.05012426542707 8.08729827754599 8.182363997947048 8.283372048695124 8.291593891963132 8.324916291322461 8.356970686873124 8.480768038374524 8.587226738271802 8.663508566827687 8.66607305769886 8.720550627142465 8.725274494338068 8.828340104911302 9.009246317894734 9.066103283062784 9.110693241037456 9.158337515605155 9.209663289937152 9.27541708656981 9.287703273010392 9.391182749414414 9.429784529483266 9.43292415998635 9.52725097636259 9.587366380544797 9.668386751635149 9.708706793690505 9.717587595796603 9.915623492795142 9.999999999999995 11.08658471643841 11.109501855115319 11.184151876312484 11.206407374135617 11.306798534196547 11.314680956198197 11.396420064452379 11.525200180265385 11.53734609051921 11.650371828083685 11.738266484817224 11.837910620317967 11.890519444107882 11.932369134102052 12.059787563823948 12.131224010755826 12.212755840835312 12.512909818199061 13.23012614786575 13.234416732691841 13.235899773140009 
0 -4 0 0.14689907597939467 0.8888058072610743 0.9306504134750276 1.3188362495464434 1.8315703547235105 1.9007739383744973 1.9802905955417391 2.09645324003932 2.4871130431057367 2.631649767130491 2.6752446675997135 2.7270286488138535 2.8901133976811924 3.0155705900247445 3.1190048098631173 3.220895912748767 3.222955532386183 3.327726599295335 3.4220083441321356 3.582393869356697 3.6088539543169493 3.860430156100558 3.886373349222428 3.9048912227324397 3.9810527662168225 4.1420571213337265 4.191707985786015 4.2597363574132885 4.284725030747689 4.42997181588084 4.6483198772650445 4.755710060486087 4.786084827817302 4.865714021239531 4.871716633228776 4.888441636685009 4.959865954575867 5.131583740596004 5.149353588602116 5.181388911314577 5.193841710902288 5.483443641318615 5.504862494856459 5.569023376013262 5.604828163403485 5.6464156706666735 5.78597239198956 5.855773266213869 5.928374573203953 5.970077379327909 6.071133710877646 6.197214549475231 6.218546646580425 6.308375630471597 6.370575112563187 6.446820407122205 6.473461734300974 6.499040927477032 6.50614699308153 6.531913406320194 6.656144271145017 6.720033232495429 6.853084542740237 6.886620820057218 7.0757630602357615 7.1292874952311225 7.131575647243228 7.156961207765105 7.177156297353847 7.3768189377093005 7.4264128671077785 7.459431629064254 7.531499494683162 7.687291936518723 7.73015457429943 7.823633806368522 7.851531729226634 7.878785225410061 8.05012426542707 8.08729827754599 8.182363997947048 8.283372048695124 8.291593891963132 8.324916291322461 8.356970686873124 8.480768038374524 8.587226738271802 8.663508566827687 8.66607305769886 8.720550627142465 8.725274494338068 8.828340104911302 9.009246317894734 9.066103283062784 9.110693241037456 9.158337515605155 9.209663289937152 9.27541708656981 9.287703273010392 9.391182749414414 9.429784529483266 9.43292415998635 9.52725097636259 9.587366380544797 9.668386751635149 9.708706793690505 9.717587595796603 9.915623492795142 9.999999999999995 11.08658471643841 11.109501855115319 11.184151876312484 11.206407374135617 11.306798534196547 11.314680956198197 11.396420064452379 11.525200180265385 11.53734609051921 11.650371828083685 11.738266484817224 11.837910620317967 11.890519444107882 11.932369134102052 12.059787563823948 12.131224010755826 12.212755840835312 12.512909818199061 13.23012614786575 13.234416732691841 13.235899773140009 
0 -5 0 0.894181680824909 1.8258339202987042 2.107467594991158 2.552637938265483 2.6731598782638804 3.0121953970609714 3.0308793605039277 3.132530111227879 3.366757575024012 3.4489214294864867 3.5744781419813205 3.7871648467503967 3.9453524155576605 4.061939717170968 4.206590059726665 4.286182646381015 4.420585321185399 4.765018628069933 4.800341062010547 4.869887315289326 4.948145780407424 4.988314114259999 5.096509049530816 5.187668321998743 5.257909821366482 5.410429885810278 5.4975992349909095 5.627406910737977 5.677851519847923 5.735075691251678 5.922567261604761 6.227482494241248 6.257976740278813 6.300236514207398 6.382956163257099 6.384786931521154 6.52428067500448 6.550259730409244 6.865095636424624 6.900210880297766 6.94516478168603 7.038546189792377 7.214558532284577 7.228807442431175 7.491950576547338 7.673109503779659 7.718891387959384 7.792745066264026 7.960115193707487 8.02334943062444 8.154716195732748 8.21481578268991 8.526659013648484 8.673434798840693 8.741659318890308 8.816482250401908 8.823921634721652 8.940622756097593 8.94720175277301 9.018786296632221 9.178576723003633 9.245934399998335 9.361021273478872 9.374709634702388 9.431697529991196 9.523576959074102 9.639074811361521 9.999999999999986 9.999999999999996 10.0 10.262356328645394 10.436330973056478 10.530130860228805 10.572528623220858 10.621270885077362 10.665564616757383 10.714170589441881 10.779137918003114 10.85348241065212 10.899715564137441 11.026171132328631 11.052667655659228 11.13721517824116 11.206963732750948 11.350505332780195 11.36422477614515 11.590613685698465 11.731952102540854 
0 -6 0 0.894181680824909 1.8258339202987042 2.107467594991158 2.552637938265483 2.6731598782638804 3.0121953970609714 3.0308793605039277 3.132530111227879 3.366757575024012 3.4489214294864867 3.5744781419813205 3.7871648467503967 3.9453524155576605 4.061939717170968 4.206590059726665 4.286182646381015 4.420585321185399 4.765018628069933 4.800341062010547 4.869887315289326 4.948145780407424 4.988314114259999 5.096509049530816 5.187668321998743 5.257909821366482 5.410429885810278 5.4975992349909095 5.627406910737977 5.677851519847923 5.735075691251678 5.922567261604761 6.227482494241248 6.257976740278813 6.300236514207398 6.382956163257099 6.384786931521154 6.52428067500448 6.550259730409244 6.865095636424624 6.900210880297766 6.94516478168603 7.038546189792377 7.214558532284577 7.228807442431175 7.491950576547338 7.673109503779659 7.718891387959384 7.792745066264026 7.960115193707487 8.02334943062444 8.154716195732748 8.21481578268991 8.526659013648484 8.673434798840693 8.741659318890308 8.816482250401908 8.823921634721652 8.940622756097593 8.94720175277301 9.018786296632221 9.178576723003633 9.245934399998335 9.361021273478872 9.374709634702388 9.431697529991196 9.523576959074102 9.639074811361521 9.999999999999986 9.999999999999996 10.0 10.262356328645394 10.436330973056478 10.530130860228805 10.572528623220858 10.621270885077362 10.665564616757383 10.714170589441881 10.779137918003114 10.85348241065212 10.899715564137441 11.026171132328631 11.052667655659228 11.13721517824116 11.206963732750948 11.350505332780195 11.36422477614515 11.590613685698465 11.731952102540854 
0 -7 0 2.20263570016343 2.9698659454642033 3.7593793008081833 4.17605429862619 4.437611351498523 4.966044134748779 5.027637608407323 5.2679491924311215 5.267949192431123 5.267949192431128 5.695274963497661 6.149405229483504 7.014993909613683 7.114737132536886 7.999999999999998 8.000000000000004 8.000000000000005 8.171338719220396 8.636241920111685 8.732050807568877 8.732050807568879 8.73205080756888 8.791928962564304 9.313420091898056 9.573430731357194 
1 -7 0 5.26794919243112 7.999999999999997 8.732050807568877 
0 -8 0 2.20263570016343 2.9698659454642033 3.7593793008081833 4.17605429862619 4.437611351498523 4.966044134748779 5.027637608407323 5.2679491924311215 5.267949192431123 5.267949192431128 5.695274963497661 6.149405229483504 7.014993909613683 7.114737132536886 7.999999999999998 8.000000000000004 8.000000000000005 8.171338719220396 8.636241920111685 8.732050807568877 8.732050807568879 8.73205080756888 8.791928962564304 9.313420091898056 9.573430731357194 
1 -8 0 5.26794919243112 7.999999999999997 8.732050807568877 
-1 1 0 1.2785847967631887 2.1116166387132163 3.3153552716368284 3.381966011250107 4.381966011250105 4.466437482337472 5.618033988749895 5.828005810549293 6.618033988749895 
-1 0 0 1.2785847967631887 2.1116166387132163 3.3153552716368284 3.381966011250107 4.381966011250105 4.466437482337472 5.618033988749895 5.828005810549293 6.618033988749895 
-1 -1 0 0.1860189072682428 0.9807434267687567 1.0385013445151778 1.5461810914942833 1.6584752434549297 1.8244563196103527 2.0779708126298817 2.362223713133471 2.610577807356596 2.8610589582496564 3.1149310601743005 3.2563080668178706 3.3568745922637806 3.4355825615022235 3.595363266086402 3.730243744770182 3.837150445573365 3.8798690198717574 4.1738110815817135 4.186393497351669 4.360507953617346 4.400887694748748 4.57452202966582 4.662405332321555 4.878809855451436 5.00296322561989 5.045895313747511 5.076056875557522 5.334640815568071 5.463430387298912 5.792177986770385 5.861397560723508 5.8638254315516685 5.927271694093043 6.000000000000002 6.04961512428763 6.125462965629904 6.388770694793682 6.430632781350665 6.470683419871159 6.564618937900609 6.7148433300823855 6.7668416673252505 6.946103843523931 7.022031595215925 7.450888868928151 7.544356168795828 7.784667196693442 7.798676275476135 7.978108736207914 7.9945963430622085 7.999999999999998 8.188062337078486 8.263976123796962 8.342923082777173 8.667217498560012 8.974273505697075 8.999999999999998 9.102856240728324 9.163877948481215 9.177339124667055 9.22251511608375 9.388163059101732 9.512875700620489 9.685987974415724 10.057762158123108 10.26374506351399 
-1 -2 0 0.1860189072682428 0.9807434267687567 1.0385013445151778 1.5461810914942833 1.6584752434549297 1.8244563196103527 2.0779708126298817 2.362223713133471 2.610577807356596 2.8610589582496564 3.1149310601743005 3.2563080668178706 3.3568745922637806 3.4355825615022235 3.595363266086402 3.730243744770182 3.837150445573365 3.8798690198717574 4.1738110815817135 4.186393497351669 4.360507953617346 4.400887694748748 4.57452202966582 4.662405332321555 4.878809855451436 5.00296322561989 5.045895313747511 5.076056875557522 5.334640815568071 5.463430387298912 5.792177986770385 5.861397560723508 5.8638254315516685 5.927271694093043 6.000000000000002 6.04961512428763 6.125462965629904 6.388770694793682 6.430632781350665 6.470683419871159 6.564618937900609 6.7148433300823855 6.7668416673252505 6.946103843523931 7.022031595215925 7.450888868928151 7.544356168795828 7.784667196693442 7.798676275476135 7.978108736207914 7.9945963430622085 7.999999999999998 8.188062337078486 8.263976123796962 8.342923082777173 8.667217498560012 8.974273505697075 8.999999999999998 9.102856240728324 9.163877948481215 9.177339124667055 9.22251511608375 9.388163059101732 9.512875700620489 9.685987974415724 10.057762158123108 10.26374506351399 
-1 -3 0 0.14689907597938756 0.7918304135430346 0.8888058072610628 0.9306504134750417 1.3188362495464474 1.605084384979307 1.8315703547235433 1.900773938374492 1.911453997718197 2.0964532400393368 2.1095757549594762 2.4871130431057544 2.631649767130501 2.6752446675997064 2.8020560436020663 2.8901133976811626 3.015570590024744 3.0638137705479105 3.119004809863095 3.2025126448440866 3.2208959127487544 3.327726599295335 3.4220083441321263 3.5049828433931824 3.582393869356688 3.638025457862177 3.7402387814218088 3.8604301561005636 3.8863733492224255 3.9810527662168314 4.051290031106379 4.142057121333725 4.162180101854049 4.191707985786021 4.284725030747686 4.390053333269493 4.429971815880835 4.502194468728492 4.648319877265052 4.691500179809726 4.7365958150497 4.7860848278173 4.865714021239536 4.882967313152973 4.888441636685003 4.959865954575856 5.131583740596005 5.163888516534479 5.181388911314574 5.193841710902286 5.212056970593261 5.255686661794706 5.417507314257007 5.50486249485646 5.5690233760132655 5.604828163403484 5.637534285407606 5.646415670666674 5.855773266213867 5.886680643669837 5.925248842556171 5.928374573203959 6.071133710877643 6.071597023769894 6.210972602073632 6.21854664658043 6.244723556991795 6.308375630471597 6.336366430214564 6.473461734300974 6.499040927477036 6.507246754900464 6.531913406320197 6.641192305017466 6.65614427114502 6.720033232495427 6.735658453948734 6.853084542740238 6.900195616347423 7.02734043299301 7.07576306023576 7.1315756472432295 7.156961207765107 7.177156297353845 7.186903686993761 7.376818937709304 7.408175777083568 7.459431629064256 7.485932849071317 7.531499494683162 7.730154574299427 7.823633806368525 7.829455184918755 7.878785225410065 7.943033507552713 8.006510952698616 8.050124265427069 8.074497427596313 8.087298277546001 8.182363997947046 8.283372048695126 8.296446051063363 8.324916291322463 8.356970686873124 8.401588242186405 8.587226738271811 8.60162100302265 8.663508566827687 8.720550627142458 8.722714247104584 8.828340104911312 8.855376085476209 8.908287466654029 9.026814898782412 9.066103283062787 9.110693241037458 9.147462752324115 9.209663289937156 9.287703273010386 9.39118274941441 9.432924159986353 9.455353636804684 9.527250976362595 9.587366380544804 9.668386751635161 9.708706793690515 10.0972845117407 10.166632479605536 10.27062417740803 10.710549348760994 10.786772655315794 10.856780089806291 10.996397329591028 11.00692406196055 11.064665764660944 11.086584716438399 11.090001312408424 11.109501855115331 11.152656909729227 11.184151876312477 11.31468095619819 11.396420064452368 11.490222244422991 11.525200180265383 11.537346090519206 11.538250710501913 11.600944104895161 11.650371828083665 11.702862059568002 11.760175292251763 11.784961639720585 11.800248668495046 11.812621122911494 11.83791062031796 11.89051944410788 11.932369134102041 12.059787563823946 13.23012614786573 13.234416732691844 13.235899773140034 
-1 -4 0 0.14689907597938756 0.7918304135430346 0.8888058072610628 0.9306504134750417 1.3188362495464474 1.605084384979307 1.8315703547235433 1.900773938374492 1.911453997718197 2.0964532400393368 2.1095757549594762 2.4871130431057544 2.631649767130501 2.6752446675997064 2.8020560436020663 2.8901133976811626 3.015570590024744 3.0638137705479105 3.119004809863095 3.2025126448440866 3.2208959127487544 3.327726599295335 3.4220083441321263 3.5049828433931824 3.582393869356688 3.638025457862177 3.7402387814218088 3.8604301561005636 3.8863733492224255 3.9810527662168314 4.051290031106379 4.142057121333725 4.162180101854049 4.191707985786021 4.284725030747686 4.390053333269493 4.429971815880835 4.502194468728492 4.648319877265052 4.691500179809726 4.7365958150497 4.7860848278173 4.865714021239536 4.882967313152973 4.888441636685003 4.959865954575856 5.131583740596005 5.163888516534479 5.181388911314574 5.193841710902286 5.212056970593261 5.255686661794706 5.417507314257007 5.50486249485646 5.5690233760132655 5.604828163403484 5.637534285407606 5.646415670666674 5.855773266213867 5.886680643669837 5.925248842556171 5.928374573203959 6.071133710877643 6.071597023769894 6.210972602073632 6.21854664658043 6.244723556991795 6.308375630471597 6.336366430214564 6.473461734300974 6.499040927477036 6.507246754900464 6.531913406320197 6.641192305017466 6.65614427114502 6.720033232495427 6.735658453948734 6.853084542740238 6.900195616347423 7.02734043299301 7.07576306023576 7.1315756472432295 7.156961207765107 7.177156297353845 7.186903686993761 7.376818937709304 7.408175777083568 7.459431629064256 7.485932849071317 7.531499494683162 7.730154574299427 7.823633806368525 7.829455184918755 7.878785225410065 7.943033507552713 8.006510952698616 8.050124265427069 8.074497427596313 8.087298277546001 8.182363997947046 8.283372048695126 8.296446051063363 8.324916291322463 8.356970686873124 8.401588242186405 8.587226738271811 8.60162100302265 8.663508566827687 8.720550627142458 8.722714247104584 8.828340104911312 8.855376085476209 8.908287466654029 9.026814898782412 9.066103283062787 9.110693241037458 9.147462752324115 9.209663289937156 9.287703273010386 9.39118274941441 9.432924159986353 9.455353636804684 9.527250976362595 9.587366380544804 9.668386751635161 9.708706793690515 10.0972845117407 10.166632479605536 10.27062417740803 10.710549348760994 10.786772655315794 10.856780089806291 10.996397329591028 11.00692406196055 11.064665764660944 11.086584716438399 11.090001312408424 11.109501855115331 11.152656909729227 11.184151876312477 11.31468095619819 11.396420064452368 11.490222244422991 11.525200180265383 11.537346090519206 11.538250710501913 11.600944104895161 11.650371828083665 11.702862059568002 11.760175292251763 11.784961639720585 11.800248668495046 11.812621122911494 11.83791062031796 11.89051944410788 11.932369134102041 12.059787563823946 13.23012614786573 13.234416732691844 13.235899773140034 
-1 -5 0 0.3514101077230265 0.8941816808249285 1.6554212729141018 1.825833920298719 1.8589748663912717 1.9704738686987477 2.1074675949911783 2.175418837853409 2.315222575182766 2.552637938265467 2.6731598782638892 2.959164734710006 3.0121953970609745 3.0308793605039304 3.111513136095474 3.132530111227887 3.260687922326924 3.403761472696162 3.448921429486482 3.574478141981315 3.6129301500403455 3.7229361523483546 3.787164846750386 3.879663735172434 3.94535241555767 4.12398319656829 4.206590059726665 4.238262683449097 4.286182646381004 4.420585321185398 4.437541595652352 4.467732785123059 4.472086865577054 4.584070630639478 4.6667759154734805 4.725076652125089 4.765018628069939 4.785193712570958 4.800341062010554 4.947877269392707 4.94814578040743 4.988314114259995 5.0011968429204385 5.096509049530814 5.1696062348821625 5.187668321998744 5.2421281793416945 5.25790982136649 5.310196432355329 5.3872937242649375 5.410429885810285 5.482553018074705 5.627406910737978 5.677851519847921 5.685133622503216 5.735075691251674 5.814500308414838 5.8808805629180325 5.922567261604756 6.075611653930267 6.144359099396919 6.177279813415636 6.227482494241245 6.282947929093422 6.300236514207399 6.382956163257087 6.481024867679359 6.52428067500448 6.550259730409239 6.607935776978648 6.679960827801634 6.865095636424629 6.875293770591761 6.945164781686029 7.028495753315156 7.038546189792373 7.1290425445116155 7.21376554924024 7.228807442431177 7.388230254925284 7.491950576547341 7.50481288515081 7.543165869546033 7.673109503779657 7.687247705242882 7.718891387959383 7.723643290511515 7.792745066264023 7.873162781884305 7.960115193707488 7.980803286329387 8.023349430624444 8.11376696139259 8.21481578268991 8.24662167647736 8.383501359709372 8.447348473939075 8.526659013648478 8.55295774056871 8.673434798840693 8.741659318890312 8.766970244640683 8.823921634721655 8.86131584705547 8.940253686492591 8.947201752773005 8.981705984002764 9.018786296632229 9.103444054136022 9.123446514987002 9.161641042049823 9.178576723003637 9.245934399998333 9.29436058717178 9.316481113978314 9.37470963470239 9.378417638103869 9.431697529991197 9.463490489979613 9.518688096697817 9.523576959074108 9.563600294092325 9.639074811361517 9.64461350132677 9.921443181488602 9.999999999999996 10.530130860228786 10.572528623220851 10.665564616757367 10.714170589441885 10.779137918003112 10.899715564137454 11.02617113232864 11.05266765565924 11.06246272648928 11.09360588525316 11.13721517824116 11.206963732750939 11.223262845764896 11.330909140322285 11.35050533278019 11.364224776145148 11.417131007516977 11.45515007525202 11.590613685698461 11.602112704816209 11.648766565292858 11.717470759293063 11.731952102540859 11.808682671841485 11.931313453102687 11.9852793432185 12.156647460472426 12.168223284527537 12.281157196407209 12.57215054912091 12.775713721661425 12.862532701173173 13.026906696238512 13.999999999999966 
-1 -6 0 0.3514101077230265 0.8941816808249285 1.6554212729141018 1.825833920298719 1.8589748663912717 1.9704738686987477 2.1074675949911783 2.175418837853409 2.315222575182766 2.552637938265467 2.6731598782638892 2.959164734710006 3.0121953970609745 3.0308793605039304 3.111513136095474 3.132530111227887 3.260687922326924 3.403761472696162 3.448921429486482 3.574478141981315 3.6129301500403455 3.7229361523483546 3.787164846750386 3.879663735172434 3.94535241555767 4.12398319656829 4.206590059726665 4.238262683449097 4.286182646381004 4.420585321185398 4.437541595652352 4.467732785123059 4.472086865577054 4.584070630639478 4.6667759154734805 4.725076652125089 4.765018628069939 4.785193712570958 4.800341062010554 4.947877269392707 4.94814578040743 4.988314114259995 5.0011968429204385 5.096509049530814 5.1696062348821625 5.187668321998744 5.2421281793416945 5.25790982136649 5.310196432355329 5.3872937242649375 5.410429885810285 5.482553018074705 5.627406910737978 5.677851519847921 5.685133622503216 5.735075691251674 5.814500308414838 5.8808805629180325 5.922567261604756 6.075611653930267 6.144359099396919 6.177279813415636 6.227482494241245 6.282947929093422 6.300236514207399 6.382956163257087 6.481024867679359 6.52428067500448 6.550259730409239 6.607935776978648 6.679960827801634 6.865095636424629 6.875293770591761 6.945164781686029 7.028495753315156 7.038546189792373 7.1290425445116155 7.21376554924024 7.228807442431177 7.388230254925284 7.491950576547341 7.50481288515081 7.543165869546033 7.673109503779657 7.687247705242882 7.718891387959383 7.723643290511515 7.792745066264023 7.873162781884305 7.960115193707488 7.980803286329387 8.023349430624444 8.11376696139259 8.21481578268991 8.24662167647736 8.383501359709372 8.447348473939075 8.526659013648478 8.55295774056871 8.673434798840693 8.741659318890312 8.766970244640683 8.823921634721655 8.86131584705547 8.940253686492591 8.947201752773005 8.981705984002764 9.018786296632229 9.103444054136022 9.123446514987002 9.161641042049823 9.178576723003637 9.245934399998333 9.29436058717178 9.316481113978314 9.37470963470239 9.378417638103869 9.431697529991197 9.463490489979613 9.518688096697817 9.523576959074108 9.563600294092325 9.639074811361517 9.64461350132677 9.921443181488602 9.999999999999996 10.530130860228786 10.572528623220851 10.665564616757367 10.714170589441885 10.779137918003112 10.899715564137454 11.02617113232864 11.05266765565924 11.06246272648928 11.09360588525316 11.13721517824116 11.206963732750939 11.223262845764896 11.330909140322285 11.35050533278019 11.364224776145148 11.417131007516977 11.45515007525202 11.590613685698461 11.602112704816209 11.648766565292858 11.717470759293063 11.731952102540859 11.808682671841485 11.931313453102687 11.9852793432185 12.156647460472426 12.168223284527537 12.281157196407209 12.57215054912091 12.775713721661425 12.862532701173173 13.026906696238512 13.999999999999966 
-1 -7 0 1.8140654022894513 2.0133056866039447 2.2026357001634453 2.969865945464207 3.2369093614126054 3.345015161080477 3.6184493247405674 3.725858756779 3.759379300808181 3.782251632007601 4.080417657961614 4.176054298626189 4.315705763750778 4.4376113514985205 4.455536018697017 4.507808557565708 4.685813374739816 4.769053443320201 4.966044134748776 5.027637608407325 5.036205534949963 5.096950695925293 5.267949192431122 5.267949192431123 5.267949192431125 5.268173283628936 5.551959837738077 5.695274963497661 6.032135505922641 6.149405229483507 6.236001144482416 6.497276713340611 6.521380478054479 6.844354458565207 6.904610621587227 7.0149939096136835 7.063112685781333 7.099790705839651 7.114737132536891 7.169595928889779 7.31188213389717 7.670081403449011 8.0 8.000000000000002 8.000000000000002 8.147018777125693 8.1713387192204 8.280534352804853 8.636241920111686 8.700772025054944 8.732050807568875 8.732050807568879 8.73205080756888 8.762798697802385 8.790994681810876 8.791928962564311 8.884229002541636 9.156283158230748 9.313420091898061 9.366234383797195 9.393240008865183 9.573430731357197 9.699568395439004 9.721900893699768 9.893898347465937 10.101088472785438 10.447737529575738 
-1 -8 0 1.8140654022894513 2.0133056866039447 2.2026357001634453 2.969865945464207 3.2369093614126054 3.345015161080477 3.6184493247405674 3.725858756779 3.759379300808181 3.782251632007601 4.080417657961614 4.176054298626189 4.315705763750778 4.4376113514985205 4.455536018697017 4.507808557565708 4.685813374739816 4.769053443320201 4.966044134748776 5.027637608407325 5.036205534949963 5.096950695925293 5.267949192431122 5.267949192431123 5.267949192431125 5.268173283628936 5.551959837738077 5.695274963497661 6.032135505922641 6.149405229483507 6.236001144482416 6.497276713340611 6.521380478054479 6.844354458565207 6.904610621587227 7.0149939096136835 7.063112685781333 7.099790705839651 7.114737132536891 7.169595928889779 7.31188213389717 7.670081403449011 8.0 8.000000000000002 8.000000000000002 8.147018777125693 8.1713387192204 8.280534352804853 8.636241920111686 8.700772025054944 8.732050807568875 8.732050807568879 8.73205080756888 8.762798697802385 8.790994681810876 8.791928962564311 8.884229002541636 9.156283158230748 9.313420091898061 9.366234383797195 9.393240008865183 9.573430731357197 9.699568395439004 9.721900893699768 9.893898347465937 10.101088472785438 10.447737529575738 
-1 -9 0 4.0 4.0 4.0 4.0 6.0 6.0 6.0 6.0 6.0 
0 -9 0 4.0 6.0 
-1 -10 0 4.0 4.0 4.0 4.0 6.0 6.0 6.0 6.0 6.0 
0 -10 0 4.0 6.0 
-2 -1 0 1.8244563196103591 3.3568745922637833 3.8371504455733705 4.186393497351671 5.045895313747514 5.861397560723504 5.999999999999997 6.388770694793683 6.470683419871162 6.714843330082383 7.79867627547613 7.99459634306221 8.0 8.34292308277717 9.0 9.17733912466706 
-2 -2 0 1.8244563196103591 3.3568745922637833 3.8371504455733705 4.186393497351671 5.045895313747514 5.861397560723504 5.999999999999997 6.388770694793683 6.470683419871162 6.714843330082383 7.79867627547613 7.99459634306221 8.0 8.34292308277717 9.0 9.17733912466706 
-2 -3 0 0.7918304135430123 1.6050843849792995 1.9114539977181983 2.1095757549594514 2.269047819733023 2.802056043602067 3.0638137705479047 3.2025126448440906 3.5049828433931944 3.6380254578621853 3.740238781421808 4.051290031106378 4.162180101854045 4.390053333269493 4.419880129120592 4.502194468728499 4.69150017980973 4.736595815049704 4.882967313152976 5.163888516534487 5.212056970593261 5.25568666179471 5.417507314257005 5.637534285407606 5.747303031711685 5.8866806436698305 5.925248842556171 6.071597023769897 6.210972602073631 6.244723556991792 6.336366430214563 6.417551634918579 6.507246754900466 6.641192305017466 6.735658453948733 6.900195616347431 6.989907268918069 7.027340432993012 7.186903686993762 7.380841568947888 7.4081757770835726 7.485932849071323 7.829455184918758 7.943033507552713 8.006510952698616 8.074497427596308 8.296446051063368 8.401588242186412 8.42427900878125 8.601621003022643 8.722714247104587 8.855376085476204 8.908287466654018 9.026814898782407 9.079783226097666 9.147462752324126 9.45535363680467 9.92397942325437 9.999999999999998 10.000000000000002 10.000000000000009 10.097284511740723 10.166632479605532 10.27062417740803 10.59831651912648 10.710549348760988 10.749110369390424 10.786772655315788 10.856780089806293 10.99639732959103 11.000000000000009 11.006924061960557 11.064665764660946 11.090001312408424 11.15265690972922 11.490222244423 11.538250710501918 11.600944104895161 11.702862059568004 11.760175292251759 11.784961639720587 11.800248668495051 11.812621122911496 
-2 -4 0 0.7918304135430123 1.6050843849792995 1.9114539977181983 2.1095757549594514 2.269047819733023 2.802056043602067 3.0638137705479047 3.2025126448440906 3.5049828433931944 3.6380254578621853 3.740238781421808 4.051290031106378 4.162180101854045 4.390053333269493 4.419880129120592 4.502194468728499 4.69150017980973 4.736595815049704 4.882967313152976 5.163888516534487 5.212056970593261 5.25568666179471 5.417507314257005 5.637534285407606 5.747303031711685 5.8866806436698305 5.925248842556171 6.071597023769897 6.210972602073631 6.244723556991792 6.336366430214563 6.417551634918579 6.507246754900466 6.641192305017466 6.735658453948733 6.900195616347431 6.989907268918069 7.027340432993012 7.186903686993762 7.380841568947888 7.4081757770835726 7.485932849071323 7.829455184918758 7.943033507552713 8.006510952698616 8.074497427596308 8.296446051063368 8.401588242186412 8.42427900878125 8.601621003022643 8.722714247104587 8.855376085476204 8.908287466654018 9.026814898782407 9.079783226097666 9.147462752324126 9.45535363680467 9.92397942325437 9.999999999999998 10.000000000000002 10.000000000000009 10.097284511740723 10.166632479605532 10.27062417740803 10.59831651912648 10.710549348760988 10.749110369390424 10.786772655315788 10.856780089806293 10.99639732959103 11.000000000000009 11.006924061960557 11.064665764660946 11.090001312408424 11.15265690972922 11.490222244423 11.538250710501918 11.600944104895161 11.702862059568004 11.760175292251759 11.784961639720587 11.800248668495051 11.812621122911496 
-2 -5 0 0.35141010772299985 0.9517227820069942 1.655421272914098 1.858974866391263 1.9704738686987193 1.9705786467776747 2.1754188378534027 2.3152225751827435 2.914013057164752 2.9591647347100176 3.11151313609546 3.2606879223269227 3.4037614726961554 3.6129301500403432 3.722936152348347 3.879663735172443 4.029136753651018 4.123983196568294 4.2382626834490935 4.401621858407519 4.437541595652352 4.467732785123066 4.472086865577056 4.497001433532483 4.52281093908681 4.584070630639476 4.666775915473477 4.69524132698401 4.725076652125079 4.785193712570956 4.927817376183978 4.9478772693926985 5.001196842920435 5.169606234882156 5.235843492761512 5.242128179341697 5.310196432355331 5.387293724264932 5.482553018074704 5.685133622503218 5.8145003084148374 5.880880562918031 5.995613537032304 6.075611653930269 6.144359099396919 6.177279813415634 6.194386722123394 6.282947929093421 6.471471573337969 6.481024867679357 6.607935776978656 6.61585646731008 6.679960827801637 6.87529377059176 6.876134673264173 7.028495753315148 7.1290425445116155 7.213765549240236 7.347960040612917 7.38823025492528 7.49199514991724 7.504812885150813 7.543165869546036 7.582271880306063 7.687247705242892 7.723643290511512 7.873162781884301 7.9808032863293885 8.083556721974285 8.11376696139259 8.20224296299454 8.246621676477357 8.383501359709365 8.447348473939089 8.552957740568708 8.623281499959367 8.654651436304036 8.766970244640676 8.861315847055463 8.90167733458338 8.940253686492593 8.981705984002767 9.103444054136022 9.123446514987002 9.16164104204982 9.172808315795438 9.29436058717178 9.316481113978321 9.345769076880194 9.378417638103864 9.427933476349363 9.463490489979607 9.518688096697813 9.563600294092325 9.64461350132676 9.85222640104553 9.9214431814886 9.9483666343077 9.995248068640057 11.062462726489294 11.093605885253158 11.223262845764904 11.330909140322294 11.357965987524311 11.417131007516968 11.455150075252003 11.5891585358226 11.602112704816196 11.648766565292846 11.695678609725423 11.717470759293066 11.75006888956662 11.80868267184149 11.872457779393738 11.931313453102693 11.985279343218506 12.150023599135997 12.156647460472408 12.168223284527542 12.17694849535099 12.202196764778563 12.239518233044052 12.281157196407198 12.572150549120927 12.577469913044508 12.775713721661424 12.862532701173174 13.026906696238497 13.361096639739666 13.748425425131392 13.74926925694163 13.750757380104831 13.849724851400879 14.000000000000018 
-2 -6 0 0.35141010772299985 0.9517227820069942 1.655421272914098 1.858974866391263 1.9704738686987193 1.9705786467776747 2.1754188378534027 2.3152225751827435 2.914013057164752 2.9591647347100176 3.11151313609546 3.2606879223269227 3.4037614726961554 3.6129301500403432 3.722936152348347 3.879663735172443 4.029136753651018 4.123983196568294 4.2382626834490935 4.401621858407519 4.437541595652352 4.467732785123066 4.472086865577056 4.497001433532483 4.52281093908681 4.584070630639476 4.666775915473477 4.69524132698401 4.725076652125079 4.785193712570956 4.927817376183978 4.9478772693926985 5.001196842920435 5.169606234882156 5.235843492761512 5.242128179341697 5.310196432355331 5.387293724264932 5.482553018074704 5.685133622503218 5.8145003084148374 5.880880562918031 5.995613537032304 6.075611653930269 6.144359099396919 6.177279813415634 6.194386722123394 6.282947929093421 6.471471573337969 6.481024867679357 6.607935776978656 6.61585646731008 6.679960827801637 6.87529377059176 6.876134673264173 7.028495753315148 7.1290425445116155 7.213765549240236 7.347960040612917 7.38823025492528 7.49199514991724 7.504812885150813 7.543165869546036 7.582271880306063 7.687247705242892 7.723643290511512 7.873162781884301 7.9808032863293885 8.083556721974285 8.11376696139259 8.20224296299454 8.246621676477357 8.383501359709365 8.447348473939089 8.552957740568708 8.623281499959367 8.654651436304036 8.766970244640676 8.861315847055463 8.90167733458338 8.940253686492593 8.981705984002767 9.103444054136022 9.123446514987002 9.16164104204982 9.172808315795438 9.29436058717178 9.316481113978321 9.345769076880194 9.378417638103864 9.427933476349363 9.463490489979607 9.518688096697813 9.563600294092325 9.64461350132676 9.85222640104553 9.9214431814886 9.9483666343077 9.995248068640057 11.062462726489294 11.093605885253158 11.223262845764904 11.330909140322294 11.357965987524311 11.417131007516968 11.455150075252003 11.5891585358226 11.602112704816196 11.648766565292846 11.695678609725423 11.717470759293066 11.75006888956662 11.80868267184149 11.872457779393738 11.931313453102693 11.985279343218506 12.150023599135997 12.156647460472408 12.168223284527542 12.17694849535099 12.202196764778563 12.239518233044052 12.281157196407198 12.572150549120927 12.577469913044508 12.775713721661424 12.862532701173174 13.026906696238497 13.361096639739666 13.748425425131392 13.74926925694163 13.750757380104831 13.849724851400879 14.000000000000018 
-2 -7 0 0.8587751694052171 1.8140654022894513 2.0133056866039385 2.3503753782837484 3.058150561262823 3.2369093614125943 3.3450151610804815 3.3455263548520655 3.5287251044171395 3.6184493247405642 3.7258587567789965 3.7822516320076027 4.080417657961615 4.129590364971241 4.315705763750773 4.384732129206243 4.455536018697015 4.507808557565707 4.595554555600178 4.685813374739814 4.769053443320195 4.861869434194733 5.036205534949962 5.096950695925293 5.1038885569492205 5.267949192431119 5.268173283628933 5.529709904765694 5.551959837738075 5.649514724202067 6.032135505922634 6.128760639936709 6.236001144482414 6.427823366658959 6.497276713340615 6.521380478054476 6.604886566314195 6.84435445856521 6.857849343192038 6.904610621587225 6.999351557099326 7.0631126857813324 7.080716517267193 7.099790705839654 7.115542973642868 7.169595928889775 7.174204038816815 7.311882133897174 7.603900410497026 7.67008140344901 7.777283441659163 7.999999999999999 8.000000000000004 8.089773213778058 8.147018777125693 8.280534352804853 8.700772025054945 8.732050807568875 8.75191934683784 8.762798697802388 8.790994681810876 8.84182761087295 8.884229002541645 9.110045248661779 9.156283158230746 9.366234383797188 9.386923975643816 9.393240008865186 9.699568395438993 9.72190089369976 9.78127504190076 9.893898347465951 9.999347141065893 10.101088472785442 10.246810135173801 10.353971007135424 10.447737529575752 10.620060487171624 10.662941720356125 10.79433840356065 11.106635493362173 11.414129137073214 11.673270944211275 
-2 -8 0 0.8587751694052171 1.8140654022894513 2.0133056866039385 2.3503753782837484 3.058150561262823 3.2369093614125943 3.3450151610804815 3.3455263548520655 3.5287251044171395 3.6184493247405642 3.7258587567789965 3.7822516320076027 4.080417657961615 4.129590364971241 4.315705763750773 4.384732129206243 4.455536018697015 4.507808557565707 4.595554555600178 4.685813374739814 4.769053443320195 4.861869434194733 5.036205534949962 5.096950695925293 5.1038885569492205 5.267949192431119 5.268173283628933 5.529709904765694 5.551959837738075 5.649514724202067 6.032135505922634 6.128760639936709 6.236001144482414 6.427823366658959 6.497276713340615 6.521380478054476 6.604886566314195 6.84435445856521 6.857849343192038 6.904610621587225 6.999351557099326 7.0631126857813324 7.080716517267193 7.099790705839654 7.115542973642868 7.169595928889775 7.174204038816815 7.311882133897174 7.603900410497026 7.67008140344901 7.777283441659163 7.999999999999999 8.000000000000004 8.089773213778058 8.147018777125693 8.280534352804853 8.700772025054945 8.732050807568875 8.75191934683784 8.762798697802388 8.790994681810876 8.84182761087295 8.884229002541645 9.110045248661779 9.156283158230746 9.366234383797188 9.386923975643816 9.393240008865186 9.699568395438993 9.72190089369976 9.78127504190076 9.893898347465951 9.999347141065893 10.101088472785442 10.246810135173801 10.353971007135424 10.447737529575752 10.620060487171624 10.662941720356125 10.79433840356065 11.106635493362173 11.414129137073214 11.673270944211275 
-2 -9 0 4.0 4.0 4.0 4.0 4.0 4.0 6.0 6.0 6.0 6.0 6.0 6.0 6.0 6.0 6.0 6.0 
-2 -10 0 4.0 4.0 4.0 4.0 4.0 4.0 6.0 6.0 6.0 6.0 6.0 6.0 6.0 6.0 6.0 6.0 
-3 -3 0 2.269047819733023 4.419880129120589 5.747303031711687 6.4175516349185795 6.989907268918068 7.380841568947888 8.42427900878125 9.079783226097664 9.923979423254371 9.999999999999998 9.999999999999998 10.000000000000005 10.59831651912648 10.749110369390399 10.999999999999995 
-3 -4 0 2.269047819733023 4.419880129120589 5.747303031711687 6.4175516349185795 6.989907268918068 7.380841568947888 8.42427900878125 9.079783226097664 9.923979423254371 9.999999999999998 9.999999999999998 10.000000000000005 10.59831651912648 10.749110369390399 10.999999999999995 
-3 -5 0 0.9517227820069838 1.970578646777672 2.9140130571647553 3.8869094156750505 4.029136753651022 4.4016218584075215 4.497001433532483 4.522810939086814 4.69524132698401 4.927817376183975 5.235843492761514 5.9956135370323 6.194386722123393 6.471471573337973 6.615856467310081 6.8761346732641755 7.347960040612917 7.491995149917241 7.582271880306067 8.083556721974286 8.202242962994545 8.623281499959363 8.654651436304043 8.901677334583376 8.911178807646245 9.172808315795438 9.345769076880192 9.427933476349372 9.85222640104552 9.948366634307696 9.995248068640068 11.201911776678708 11.357965987524304 11.589158535822607 11.695678609725448 11.750068889566633 11.872457779393736 12.000000000000002 12.000000000000002 12.000000000000007 12.000000000000016 12.150023599136006 12.176948495350986 12.20219676477857 12.239518233044059 12.577469913044506 13.361096639739666 13.748425425131387 13.749269256941627 13.750757380104812 13.849724851400877 
-3 -6 0 0.9517227820069838 1.970578646777672 2.9140130571647553 3.8869094156750505 4.029136753651022 4.4016218584075215 4.497001433532483 4.522810939086814 4.69524132698401 4.927817376183975 5.235843492761514 5.9956135370323 6.194386722123393 6.471471573337973 6.615856467310081 6.8761346732641755 7.347960040612917 7.491995149917241 7.582271880306067 8.083556721974286 8.202242962994545 8.623281499959363 8.654651436304043 8.901677334583376 8.911178807646245 9.172808315795438 9.345769076880192 9.427933476349372 9.85222640104552 9.948366634307696 9.995248068640068 11.201911776678708 11.357965987524304 11.589158535822607 11.695678609725448 11.750068889566633 11.872457779393736 12.000000000000002 12.000000000000002 12.000000000000007 12.000000000000016 12.150023599136006 12.176948495350986 12.20219676477857 12.239518233044059 12.577469913044506 13.361096639739666 13.748425425131387 13.749269256941627 13.750757380104812 13.849724851400877 
-3 -7 0 0.8587751694052149 1.3541671863260305 2.350375378283746 3.058150561262817 3.297158126607527 3.3455263548520624 3.5287251044171395 4.129590364971238 4.384732129206238 4.595554555600169 4.861869434194728 5.103888556949217 5.529709904765693 5.649514724202062 5.777963206453683 6.128760639936708 6.427823366658959 6.604886566314193 6.739884448945226 6.857849343192035 6.999351557099327 7.080716517267189 7.115542973642866 7.174204038816813 7.282196437604711 7.6039004104970225 7.715954560446958 7.777283441659165 7.999999999999998 8.000000000000005 8.089773213778061 8.751919346837836 8.84182761087294 9.110045248661786 9.386923975643814 9.781275041900754 9.999347141065904 10.246810135173805 10.353971007135414 10.620060487171617 10.662941720356118 10.79433840356064 11.106635493362175 11.236129665122343 11.414129137073214 11.638074978058665 11.67327094421127 12.147005042949914 12.616991239817034 12.645088797301518 13.549386310366396 
-3 -8 0 0.8587751694052149 1.3541671863260305 2.350375378283746 3.058150561262817 3.297158126607527 3.3455263548520624 3.5287251044171395 4.129590364971238 4.384732129206238 4.595554555600169 4.861869434194728 5.103888556949217 5.529709904765693 5.649514724202062 5.777963206453683 6.128760639936708 6.427823366658959 6.604886566314193 6.739884448945226 6.857849343192035 6.999351557099327 7.080716517267189 7.115542973642866 7.174204038816813 7.282196437604711 7.6039004104970225 7.715954560446958 7.777283441659165 7.999999999999998 8.000000000000005 8.089773213778061 8.751919346837836 8.84182761087294 9.110045248661786 9.386923975643814 9.781275041900754 9.999347141065904 10.246810135173805 10.353971007135414 10.620060487171617 10.662941720356118 10.79433840356064 11.106635493362175 11.236129665122343 11.414129137073214 11.638074978058665 11.67327094421127 12.147005042949914 12.616991239817034 12.645088797301518 13.549386310366396 
-3 -9 0 0.9486257582689638 3.9999999999999982 4.0 4.000000000000004 4.5173040450083075 5.999999999999998 5.999999999999998 6.0 6.0 6.0 6.0 6.0 6.000000000000002 6.000000000000002 6.534070196722734 
-3 -10 0 0.9486257582689638 3.9999999999999982 4.0 4.000000000000004 4.5173040450083075 5.999999999999998 5.999999999999998 6.0 6.0 6.0 6.0 6.0 6.000000000000002 6.000000000000002 6.534070196722734 
-4 -5 0 3.8869094156750497 8.911178807646241 11.20191177667871 11.999999999999988 11.999999999999995 11.999999999999998 12.000000000000009 
-4 -6 0 3.8869094156750497 8.911178807646241 11.20191177667871 11.999999999999988 11.999999999999995 11.999999999999998 12.000000000000009 
-4 -7 0 1.3541671863260318 3.2971581266075254 5.7779632064536806 6.739884448945223 7.282196437604708 7.715954560446954 8.000000000000002 11.236129665122343 11.638074978058668 12.147005042949926 12.61699123981704 12.645088797301517 13.5493863103664 14.0 
-4 -8 0 1.3541671863260318 3.2971581266075254 5.7779632064536806 6.739884448945223 7.282196437604708 7.715954560446954 8.000000000000002 11.236129665122343 11.638074978058668 12.147005042949926 12.61699123981704 12.645088797301517 13.5493863103664 14.0 
-4 -9 0 0.9486257582689622 4.5173040450082995 5.999999999999999 6.0 6.000000000000003 6.534070196722727 6.9999999999999964 
-4 -10 0 0.9486257582689622 4.5173040450082995 5.999999999999999 6.0 6.000000000000003 6.534070196722727 6.9999999999999964 
-5 -7 0 14.0 
-5 -8 0 14.0 
-5 -9 0 7.0 
-5 -10 0 7.0 
