0 2 0 1.0 
1 2 0 1.0 
0 1 0 1.0 
1 1 0 1.0 
0 0 1 1.355791986598055e-15 1.7639320225002109 2.0 2.999999999999999 3.0 3.2679491924311224 6.236067977499793 6.732050807568877 
1 0 0 1.999999999999999 3.267949192431122 6.732050807568877 
0 -1 1 1.355791986598055e-15 1.7639320225002109 2.0 2.999999999999999 3.0 3.2679491924311224 6.236067977499793 6.732050807568877 
1 -1 0 1.999999999999999 3.267949192431122 6.732050807568877 
0 -2 1 2.3734600463147705e-15 1.6712245147975895 2.615818721360105 2.7164329450941502 4.000000000000001 4.438447187191167 4.43844718719117 4.964996122282414 5.663491196437945 8.09351216746983 8.56155281280883 8.56155281280883 9.62007585846791 9.654448474090062 
1 -2 0 3.999999999999998 4.43844718719117 8.561552812808829 
0 -3 1 2.3734600463147705e-15 1.6712245147975895 2.615818721360105 2.7164329450941502 4.000000000000001 4.438447187191167 4.43844718719117 4.964996122282414 5.663491196437945 8.09351216746983 8.56155281280883 8.56155281280883 9.62007585846791 9.654448474090062 
1 -3 0 3.999999999999998 4.43844718719117 8.561552812808829 
0 -4 0 1.398320868116845 4.3398768866231805 4.585786437626904 6.0 6.0 6.261802245259971 7.414213562373095 8.0 
1 -4 0 6.0 
0 -5 0 1.398320868116845 4.3398768866231805 4.585786437626904 6.0 6.0 6.261802245259971 7.414213562373095 8.0 
1 -5 0 6.0 
-1 0 0 1.7639320225002104 3.0 3.0 3.000000000000001 6.23606797749979 
-1 -1 0 1.7639320225002104 3.0 3.0 3.000000000000001 6.23606797749979 
-1 -2 0 1.0324172803397238 1.6712245147975864 1.7100549170625237 2.5857864376269015 2.615818721360106 2.7164329450941525 3.8916772902924293 4.438447187191169 4.964996122282419 5.414213562373092 5.663491196437944 5.705719639720954 7.266383046038302 7.584225443216522 7.809522383329558 7.999999999999995 8.093512167469827 8.56155281280883 9.620075858467903 9.654448474090062 
-1 -3 0 1.0324172803397238 1.6712245147975864 1.7100549170625237 2.5857864376269015 2.615818721360106 2.7164329450941525 3.8916772902924293 4.438447187191169 4.964996122282419 5.414213562373092 5.663491196437944 5.705719639720954 7.266383046038302 7.584225443216522 7.809522383329558 7.999999999999995 8.093512167469827 8.56155281280883 9.620075858467903 9.654448474090062 
-1 -4 0 1.2857573039522983 1.3983208681168424 1.7541897567117286 3.244127922754045 4.339876886623183 4.364911122886893 4.4384471871911675 4.585786437626907 4.653565951901145 5.999999999999994 6.000000000000002 6.261802245259972 7.414213562373096 8.000000000000004 8.432837687821424 8.561552812808834 8.880899120401375 9.383711133571072 10.0 10.000000000000007 
-1 -5 0 1.2857573039522983 1.3983208681168424 1.7541897567117286 3.244127922754045 4.339876886623183 4.364911122886893 4.4384471871911675 4.585786437626907 4.653565951901145 5.999999999999994 6.000000000000002 6.261802245259972 7.414213562373096 8.000000000000004 8.432837687821424 8.561552812808834 8.880899120401375 9.383711133571072 10.0 10.000000000000007 
-1 -6 0 4.0 4.0 4.0 4.0 6.0 
0 -6 0 4.0 
-1 -7 0 4.0 4.0 4.0 4.0 6.0 
0 -7 0 4.0 
-2 0 0 3.0 
-2 -1 0 3.0 
-2 -2 0 1.0324172803397254 1.710054917062521 2.5857864376269055 2.5857864376269064 3.8916772902924293 5.414213562373095 5.414213562373098 5.705719639720958 5.999999999999999 7.266383046038302 7.584225443216521 7.809522383329556 7.999999999999999 
-2 -3 0 1.0324172803397254 1.710054917062521 2.5857864376269055 2.5857864376269064 3.8916772902924293 5.414213562373095 5.414213562373098 5.705719639720958 5.999999999999999 7.266383046038302 7.584225443216521 7.809522383329556 7.999999999999999 
-2 -4 1 -3.062999925984202e-15 1.0557122983178449 1.2857573039522996 1.7541897567117328 2.0 2.0 3.244127922754046 3.6724547097433584 4.36491112288689 4.438447187191166 4.653565951901147 5.35610202933185 5.999999999999999 6.000000000000002 8.000000000000002 8.432837687821422 8.561552812808829 8.623193225809459 8.880899120401374 9.292537736797492 9.38371113357108 10.0 10.0 10.0 
-2 -5 1 -3.062999925984202e-15 1.0557122983178449 1.2857573039522996 1.7541897567117328 2.0 2.0 3.244127922754046 3.6724547097433584 4.36491112288689 4.438447187191166 4.653565951901147 5.35610202933185 5.999999999999999 6.000000000000002 8.000000000000002 8.432837687821422 8.561552812808829 8.623193225809459 8.880899120401374 9.292537736797492 9.38371113357108 10.0 10.0 10.0 
-2 -6 0 0.763932022500211 0.9358222275240868 1.1715728752538095 2.3542486889354097 3.3054072893322775 3.999999999999997 3.9999999999999987 4.0 5.23606797749979 5.999999999999998 6.828427124746188 7.645751311064591 7.758770483143632 
-2 -7 0 0.763932022500211 0.9358222275240868 1.1715728752538095 2.3542486889354097 3.3054072893322775 3.999999999999997 3.9999999999999987 4.0 5.23606797749979 5.999999999999998 6.828427124746188 7.645751311064591 7.758770483143632 
-3 -2 0 2.5857864376269033 5.414213562373096 5.999999999999999 
-3 -3 0 2.5857864376269033 5.414213562373096 5.999999999999999 
-3 -4 0 1.0557122983178435 2.0000000000000004 2.0000000000000004 3.6724547097433624 5.356102029331855 5.999999999999998 7.999999999999998 8.000000000000002 8.623193225809455 9.292537736797494 9.999999999999995 
-3 -5 0 1.0557122983178435 2.0000000000000004 2.0000000000000004 3.6724547097433624 5.356102029331855 5.999999999999998 7.999999999999998 8.000000000000002 8.623193225809455 9.292537736797494 9.999999999999995 
-3 -6 0 0.7639320225002111 0.935822227524088 1.1715728752538086 2.3542486889354084 3.30540728933228 4.000000000000001 5.2360679774997925 6.828427124746196 7.645751311064593 7.758770483143635 9.0 
-3 -7 0 0.7639320225002111 0.935822227524088 1.1715728752538086 2.3542486889354084 3.30540728933228 4.000000000000001 5.2360679774997925 6.828427124746196 7.645751311064593 7.758770483143635 9.0 
-3 -8 1 -3.924811864397526e-17 2.0 3.0 
-2 -8 0 2.0 
-3 -9 1 -3.924811864397526e-17 2.0 3.0 
-2 -9 0 2.0 
-4 -4 0 8.0 
-4 -5 0 8.0 
-4 -6 0 4.0 9.0 
-4 -7 0 4.0 9.0 
-4 -8 0 3.0 
-4 -9 0 3.0 
