3 9 0 1.0 
4 9 0 1.0 
3 8 0 1.0 
4 8 0 1.0 
3 7 0 1.034944469099291 1.468871125850726 4.999999999999995 4.999999999999999 5.281995074056398 7.683060456844313 9.531128874149275 
4 7 0 1.4688711258507254 9.531128874149275 
3 6 0 1.034944469099291 1.468871125850726 4.999999999999995 4.999999999999999 5.281995074056398 7.683060456844313 9.531128874149275 
4 6 0 1.4688711258507254 9.531128874149275 
3 5 0 0.9606826083683293 4.276314105017922 6.000000000000002 8.763003286613747 9.999999999999998 10.0 10.000000000000002 
4 5 0 6.0 
3 4 0 0.9606826083683293 4.276314105017922 6.000000000000002 8.763003286613747 9.999999999999998 10.0 10.000000000000002 
4 4 0 6.0 
2 7 0 1.0349444690992882 2.999999999999999 3.0000000000000004 4.9999999999999964 4.999999999999998 5.0 5.000000000000001 5.000000000000001 5.2819950740564 7.683060456844312 
2 6 0 1.0349444690992882 2.999999999999999 3.0000000000000004 4.9999999999999964 4.999999999999998 5.0 5.000000000000001 5.000000000000001 5.2819950740564 7.683060456844312 
2 5 0 0.43010074928016595 0.9606826083683256 2.4811833067277003 2.861538963102678 3.124258708031739 3.550510257216823 4.276314105017922 4.311120214730641 5.294042156686908 5.609300727116349 8.236154830026802 8.449489742783184 8.763003286613749 8.783271130329368 8.909515966155949 8.959513247811692 9.999999999999995 9.999999999999996 10.0 10.000000000000007 
2 4 0 0.43010074928016595 0.9606826083683256 2.4811833067277003 2.861538963102678 3.124258708031739 3.550510257216823 4.276314105017922 4.311120214730641 5.294042156686908 5.609300727116349 8.236154830026802 8.449489742783184 8.763003286613749 8.783271130329368 8.909515966155949 8.959513247811692 9.999999999999995 9.999999999999996 10.0 10.000000000000007 
2 3 0 1.4384471871911682 2.7639320225002106 2.763932022500212 3.999999999999998 5.56155281280883 7.236067977499789 7.236067977499792 7.999999999999998 8.000000000000002 8.000000000000007 
3 3 0 4.0 
2 2 0 1.4384471871911682 2.7639320225002106 2.763932022500212 3.999999999999998 5.56155281280883 7.236067977499789 7.236067977499792 7.999999999999998 8.000000000000002 8.000000000000007 
3 2 0 4.0 
1 7 0 3.0 3.0 3.0 5.0 5.0 5.0 5.0 
1 6 0 3.0 3.0 3.0 5.0 5.0 5.0 5.0 
1 5 0 0.4301007492801592 1.3146864263091405 2.3542486889354075 2.481183306727701 2.861538963102678 2.9033656055092787 3.124258708031735 3.5505102572168217 3.657076917222833 4.311120214730645 4.401860355324459 5.294042156686907 5.529316580128838 5.609300727116343 6.999999999999997 7.380087612857111 7.645751311064587 7.813606502648332 8.236154830026805 8.449489742783175 8.78327113032937 8.90951596615595 8.959513247811687 9.999999999999993 
1 4 0 0.4301007492801592 1.3146864263091405 2.3542486889354075 2.481183306727701 2.861538963102678 2.9033656055092787 3.124258708031735 3.5505102572168217 3.657076917222833 4.311120214730645 4.401860355324459 5.294042156686907 5.529316580128838 5.609300727116343 6.999999999999997 7.380087612857111 7.645751311064587 7.813606502648332 8.236154830026805 8.449489742783175 8.78327113032937 8.90951596615595 8.959513247811687 9.999999999999993 
1 3 0 0.1926412746665727 1.2679491924311193 1.3267939356832765 1.438447187191173 2.2121569996411248 2.7639320225002093 2.763932022500211 3.0607651318839246 3.2261413954319296 3.5885156405692746 4.293692576109585 4.732050807568876 5.561552812808824 5.593271572406188 5.716503689294779 7.236067977499787 7.236067977499791 7.999999999999994 7.999999999999995 7.999999999999998 8.000000000000004 8.101120806230055 9.342433682373406 9.345963295709877 
1 2 0 0.1926412746665727 1.2679491924311193 1.3267939356832765 1.438447187191173 2.2121569996411248 2.7639320225002093 2.763932022500211 3.0607651318839246 3.2261413954319296 3.5885156405692746 4.293692576109585 4.732050807568876 5.561552812808824 5.593271572406188 5.716503689294779 7.236067977499787 7.236067977499791 7.999999999999994 7.999999999999995 7.999999999999998 8.000000000000004 8.101120806230055 9.342433682373406 9.345963295709877 
0 7 0 3.0 5.0 
0 6 0 3.0 5.0 
0 5 0 1.314686426309141 2.3542486889354097 2.903365605509282 3.6570769172228292 4.40186035532446 5.529316580128836 7.0 7.0000000000000036 7.380087612857112 7.645751311064588 7.813606502648328 
0 4 0 1.314686426309141 2.3542486889354097 2.903365605509282 3.6570769172228292 4.40186035532446 5.529316580128836 7.0 7.0000000000000036 7.380087612857112 7.645751311064588 7.813606502648328 
0 3 0 0.19264127466657707 1.2679491924311226 1.3267939356832747 2.212156999641125 3.0607651318839273 3.2261413954319296 3.5885156405692764 4.293692576109584 4.438447187191171 4.732050807568878 5.593271572406189 5.7165036892947745 5.9999999999999964 7.999999999999998 8.101120806230051 8.561552812808833 9.342433682373407 9.345963295709879 
0 2 0 0.19264127466657707 1.2679491924311226 1.3267939356832747 2.212156999641125 3.0607651318839273 3.2261413954319296 3.5885156405692764 4.293692576109584 4.438447187191171 4.732050807568878 5.593271572406189 5.7165036892947745 5.9999999999999964 7.999999999999998 8.101120806230051 8.561552812808833 9.342433682373407 9.345963295709879 
0 1 1 -8.027201293457115e-19 0.2362761815240648 1.3819660112501064 2.5857864376269055 2.87475441758663 3.0000000000000004 3.6180339887498962 4.000000000000002 5.414213562373096 5.888969400889311 6.999999999999998 
1 1 0 0.2362761815240617 1.381966011250105 2.585786437626905 2.8747544175866304 3.618033988749894 5.414213562373096 5.888969400889306 
0 0 1 -8.027201293457115e-19 0.2362761815240648 1.3819660112501064 2.5857864376269055 2.87475441758663 3.0000000000000004 3.6180339887498962 4.000000000000002 5.414213562373096 5.888969400889311 6.999999999999998 
1 0 0 0.2362761815240617 1.381966011250105 2.585786437626905 2.8747544175866304 3.618033988749894 5.414213562373096 5.888969400889306 
-1 5 0 7.0 
-1 4 0 7.0 
-1 3 0 4.43844718719117 5.999999999999999 8.561552812808829 
-1 2 0 4.43844718719117 5.999999999999999 8.561552812808829 
-1 1 0 3.0 4.0 7.0 
-1 0 0 3.0 4.0 7.0 
-1 -1 0 2.0 
0 -1 1 0.0 2.0 
-1 -2 0 2.0 
0 -2 1 0.0 2.0 
