4 12 1 -5.0306980803334684e-17 0.41266087876154195 1.1532827180037568 1.9999999999999998 2.719327414151991 3.4579130447809323 6.256815944301775 
5 12 0 0.4126608787615422 1.153282718003756 2.7193274141519916 3.4579130447809336 6.256815944301772 
4 11 1 -5.0306980803334684e-17 0.41266087876154195 1.1532827180037568 1.9999999999999998 2.719327414151991 3.4579130447809323 6.256815944301775 
5 11 0 0.4126608787615422 1.153282718003756 2.7193274141519916 3.4579130447809336 6.256815944301772 
4 10 1 -2.220446049250313e-16 1.1591329886788757 1.5228119847264465 1.663710868914186 2.219165019065001 2.76764727272832 2.897224950903357 3.117058003869487 3.1739751563615854 3.5808746253202743 3.5949211500432257 3.9999999999999982 4.1240883098539385 4.238816847949458 4.401395020525106 4.853634510967088 4.907020361986217 4.955381258502254 6.006582056646709 6.535125559532915 7.341909617714226 7.931358965150268 8.249140538129554 8.631897251951145 8.6679893234337 9.113074288617367 9.527830216672996 9.818233851756311 
5 10 0 1.5228119847264447 1.6637108689141868 3.173975156361587 3.5808746253202766 4.401395020525109 4.955381258502255 6.006582056646709 6.535125559532915 7.341909617714228 9.818233851756302 
4 9 1 -2.220446049250313e-16 1.1591329886788757 1.5228119847264465 1.663710868914186 2.219165019065001 2.76764727272832 2.897224950903357 3.117058003869487 3.1739751563615854 3.5808746253202743 3.5949211500432257 3.9999999999999982 4.1240883098539385 4.238816847949458 4.401395020525106 4.853634510967088 4.907020361986217 4.955381258502254 6.006582056646709 6.535125559532915 7.341909617714226 7.931358965150268 8.249140538129554 8.631897251951145 8.6679893234337 9.113074288617367 9.527830216672996 9.818233851756311 
5 9 0 1.5228119847264447 1.6637108689141868 3.173975156361587 3.5808746253202766 4.401395020525109 4.955381258502255 6.006582056646709 6.535125559532915 7.341909617714228 9.818233851756302 
4 8 0 1.1262129628956776 2.027296165535545 2.6105223509463285 2.841174695343646 3.2494547028455014 3.3943309505163395 3.7405014895887567 4.267949192431126 4.464550656548508 4.488945523906227 4.714971354087316 4.750856990465911 4.999999999999997 5.030102880733698 5.2057546834140584 5.240589598048419 5.408697789700786 5.585786437626902 5.599782415295601 5.906320247166275 5.999999999999998 6.268450740081549 6.834070973196821 7.116893598406422 7.122568686481742 7.5497665829918725 7.732050807568879 8.00888043943105 8.414213562373094 8.46909186260248 8.530689551288695 8.752674324218795 8.841677046260493 8.99592389317719 9.447573953545579 10.92422947469874 10.953203536082086 11.0 11.002833860345543 11.349215745282377 11.442452613626177 11.589737661243799 
5 8 0 2.6105223509463222 3.394330950516344 4.714971354087316 5.205754683414059 5.408697789700784 6.834070973196821 7.116893598406428 8.008880439431055 8.752674324218793 10.953203536082087 
4 7 0 1.1262129628956776 2.027296165535545 2.6105223509463285 2.841174695343646 3.2494547028455014 3.3943309505163395 3.7405014895887567 4.267949192431126 4.464550656548508 4.488945523906227 4.714971354087316 4.750856990465911 4.999999999999997 5.030102880733698 5.2057546834140584 5.240589598048419 5.408697789700786 5.585786437626902 5.599782415295601 5.906320247166275 5.999999999999998 6.268450740081549 6.834070973196821 7.116893598406422 7.122568686481742 7.5497665829918725 7.732050807568879 8.00888043943105 8.414213562373094 8.46909186260248 8.530689551288695 8.752674324218795 8.841677046260493 8.99592389317719 9.447573953545579 10.92422947469874 10.953203536082086 11.0 11.002833860345543 11.349215745282377 11.442452613626177 11.589737661243799 
5 7 0 2.6105223509463222 3.394330950516344 4.714971354087316 5.205754683414059 5.408697789700784 6.834070973196821 7.116893598406428 8.008880439431055 8.752674324218793 10.953203536082087 
4 6 0 3.254431295728717 4.031138352968145 4.2749010139564385 4.355935685985905 4.593001324246388 5.531537015647456 5.715581794713752 5.87090922652997 6.04821522838465 6.238442818168108 6.883938814273011 7.042864345837283 7.1643272506238995 7.30471358099047 7.4277310286409435 7.481166603714605 7.636671762067316 7.649883446841135 8.061597992789974 8.19904800436889 8.999999999999995 9.973885491468746 10.520675795357946 10.548670424212975 10.862552760712925 10.993004648783026 11.124885419764572 11.210288873222789 
5 6 0 4.355935685985904 5.715581794713751 7.30471358099047 7.649883446841136 9.97388549146874 
4 5 0 3.254431295728717 4.031138352968145 4.2749010139564385 4.355935685985905 4.593001324246388 5.531537015647456 5.715581794713752 5.87090922652997 6.04821522838465 6.238442818168108 6.883938814273011 7.042864345837283 7.1643272506238995 7.30471358099047 7.4277310286409435 7.481166603714605 7.636671762067316 7.649883446841135 8.061597992789974 8.19904800436889 8.999999999999995 9.973885491468746 10.520675795357946 10.548670424212975 10.862552760712925 10.993004648783026 11.124885419764572 11.210288873222789 
5 5 0 4.355935685985904 5.715581794713751 7.30471358099047 7.649883446841136 9.97388549146874 
4 4 0 7.0 7.0 7.0 7.0 7.0 7.0 9.0 
5 4 0 7.0 
4 3 0 7.0 7.0 7.0 7.0 7.0 7.0 9.0 
5 3 0 7.0 
3 12 0 2.0 
3 11 0 2.0 
3 10 2 -1.1953958494669269e-15 -6.785106158039585e-16 1.1591329886788773 2.0000000000000013 2.2191650190650036 2.763932022500211 2.767647272728321 2.8972249509033596 3.0000000000000004 3.117058003869487 3.5949211500432225 3.9999999999999996 4.0 4.0000000000000036 4.124088309853937 4.238816847949458 4.8536345109670895 4.907020361986215 7.236067977499788 7.931358965150272 8.249140538129552 8.631897251951141 8.667989323433696 9.113074288617371 9.527830216672998 
3 9 2 -1.1953958494669269e-15 -6.785106158039585e-16 1.1591329886788773 2.0000000000000013 2.2191650190650036 2.763932022500211 2.767647272728321 2.8972249509033596 3.0000000000000004 3.117058003869487 3.5949211500432225 3.9999999999999996 4.0 4.0000000000000036 4.124088309853937 4.238816847949458 4.8536345109670895 4.907020361986215 7.236067977499788 7.931358965150272 8.249140538129552 8.631897251951141 8.667989323433696 9.113074288617371 9.527830216672998 
3 8 1 -2.906631949506753e-15 0.6984235115184118 1.1262129628957005 1.3190944336181107 2.00429492180466 2.027296165535555 2.8411746953436534 2.951927450511098 3.249454702845501 3.2583426132260582 3.740501489588757 3.761860637298007 3.936976968287685 3.9999999999999996 4.258342613226055 4.258342613226059 4.267949192431124 4.324256799514385 4.365391017582586 4.452922157079409 4.464550656548509 4.488945523906229 4.535898384862245 4.75085699046591 4.803072163662546 4.892233103344542 5.000000000000001 5.000000000000001 5.030102880733695 5.240589598048416 5.295116725888126 5.585786437626909 5.599782415295595 5.673800599110735 5.906320247166274 5.999999999999997 6.268450740081552 6.478807967138011 7.12256868648173 7.184269132498663 7.549766582991871 7.732050807568881 7.854664521507986 8.414213562373092 8.46909186260248 8.530689551288694 8.841677046260479 8.995923893177192 9.447573953545573 9.976886266366268 10.08194605902384 10.33949225652929 10.580096867532943 10.741657386773943 10.799694966820162 10.924229474698736 11.0 11.0 11.000000000000009 11.002833860345545 11.073848181704768 11.349215745282379 11.442452613626179 11.46410161513775 11.492880796488757 11.589737661243802 11.65804249516905 11.741657386773934 11.74165738677394 11.999999999999993 
3 7 1 -2.906631949506753e-15 0.6984235115184118 1.1262129628957005 1.3190944336181107 2.00429492180466 2.027296165535555 2.8411746953436534 2.951927450511098 3.249454702845501 3.2583426132260582 3.740501489588757 3.761860637298007 3.936976968287685 3.9999999999999996 4.258342613226055 4.258342613226059 4.267949192431124 4.324256799514385 4.365391017582586 4.452922157079409 4.464550656548509 4.488945523906229 4.535898384862245 4.75085699046591 4.803072163662546 4.892233103344542 5.000000000000001 5.000000000000001 5.030102880733695 5.240589598048416 5.295116725888126 5.585786437626909 5.599782415295595 5.673800599110735 5.906320247166274 5.999999999999997 6.268450740081552 6.478807967138011 7.12256868648173 7.184269132498663 7.549766582991871 7.732050807568881 7.854664521507986 8.414213562373092 8.46909186260248 8.530689551288694 8.841677046260479 8.995923893177192 9.447573953545573 9.976886266366268 10.08194605902384 10.33949225652929 10.580096867532943 10.741657386773943 10.799694966820162 10.924229474698736 11.0 11.0 11.000000000000009 11.002833860345545 11.073848181704768 11.349215745282379 11.442452613626179 11.46410161513775 11.492880796488757 11.589737661243802 11.65804249516905 11.741657386773934 11.74165738677394 11.999999999999993 
3 6 0 1.7029999828484887 1.8241998829324795 2.716989443932387 2.7515311360929595 3.2544312957287107 3.421141696338928 3.5687406668005353 3.979014638445798 4.031138352968142 4.093654032693545 4.2029734244829955 4.274901013956429 4.548108860548318 4.565687663416895 4.593001324246385 5.122407102564181 5.531537015647447 5.572061249572564 5.639702049221058 5.701320923106617 5.87090922652997 5.945915784613949 6.048215228384652 6.095765770929061 6.1252466763779285 6.2384428181681075 6.883938814273012 6.884198533856069 7.024129063109602 7.042864345837285 7.164327250623894 7.186403859074527 7.4277310286409435 7.436707124566358 7.481166603714605 7.545137806221824 7.5899994343484884 7.6366717620673175 8.059965048894536 8.061597992789968 8.069381711878513 8.199048004368889 8.669197700018051 8.77379118305278 8.831462065680457 9.000000000000002 9.11126415759022 9.167962372435609 9.642107946452729 10.520675795357938 10.548670424212974 10.84972858482003 10.862552760712928 10.993004648783034 11.12488541976457 11.210288873222785 11.39490234950099 11.550575796974044 11.723492545900863 11.82410155335128 11.851815999057495 11.871478032669659 11.94282005779584 12.01982003294185 12.197143485470216 12.199822002376859 12.364904398913504 12.45341168740166 12.583024464960621 12.60379001576664 
3 5 0 1.7029999828484887 1.8241998829324795 2.716989443932387 2.7515311360929595 3.2544312957287107 3.421141696338928 3.5687406668005353 3.979014638445798 4.031138352968142 4.093654032693545 4.2029734244829955 4.274901013956429 4.548108860548318 4.565687663416895 4.593001324246385 5.122407102564181 5.531537015647447 5.572061249572564 5.639702049221058 5.701320923106617 5.87090922652997 5.945915784613949 6.048215228384652 6.095765770929061 6.1252466763779285 6.2384428181681075 6.883938814273012 6.884198533856069 7.024129063109602 7.042864345837285 7.164327250623894 7.186403859074527 7.4277310286409435 7.436707124566358 7.481166603714605 7.545137806221824 7.5899994343484884 7.6366717620673175 8.059965048894536 8.061597992789968 8.069381711878513 8.199048004368889 8.669197700018051 8.77379118305278 8.831462065680457 9.000000000000002 9.11126415759022 9.167962372435609 9.642107946452729 10.520675795357938 10.548670424212974 10.84972858482003 10.862552760712928 10.993004648783034 11.12488541976457 11.210288873222785 11.39490234950099 11.550575796974044 11.723492545900863 11.82410155335128 11.851815999057495 11.871478032669659 11.94282005779584 12.01982003294185 12.197143485470216 12.199822002376859 12.364904398913504 12.45341168740166 12.583024464960621 12.60379001576664 
3 4 0 3.1922451487116223 4.134275987630545 4.550510257216819 6.281991890925028 6.999999999999995 6.999999999999997 6.999999999999997 6.999999999999998 6.999999999999999 7.0 7.0 7.000000000000001 7.000000000000001 7.000000000000002 7.000000000000002 7.000000000000003 7.0000000000000036 7.000000000000004 8.999999999999995 9.0 9.0 9.350035991402953 9.449489742783179 10.0 10.041450981329845 
3 3 0 3.1922451487116223 4.134275987630545 4.550510257216819 6.281991890925028 6.999999999999995 6.999999999999997 6.999999999999997 6.999999999999998 6.999999999999999 7.0 7.0 7.000000000000001 7.000000000000001 7.000000000000002 7.000000000000002 7.000000000000003 7.0000000000000036 7.000000000000004 8.999999999999995 9.0 9.0 9.350035991402953 9.449489742783179 10.0 10.041450981329845 
2 10 0 2.0000000000000027 2.7639320225002084 3.0 4.000000000000001 4.000000000000001 7.2360679774997925 
2 9 0 2.0000000000000027 2.7639320225002084 3.0 4.000000000000001 4.000000000000001 7.2360679774997925 
2 8 2 -3.7230418401237505e-15 3.948555891897441e-15 0.6984235115184065 1.3190944336181099 2.0042949218046644 2.9519274505110964 3.2583426132260573 3.761860637298008 3.9369769682876856 3.999999999999998 3.9999999999999987 4.000000000000003 4.258342613226056 4.258342613226058 4.324256799514387 4.354248688935407 4.354248688935409 4.365391017582588 4.438447187191169 4.452922157079413 4.535898384862246 4.76393202250021 4.803072163662545 4.892233103344539 4.9999999999999964 4.999999999999997 4.999999999999999 5.0 5.295116725888131 5.673800599110731 6.4788079671380086 7.184269132498663 7.854664521507991 8.561552812808825 9.236067977499793 9.645751311064583 9.645751311064593 9.976886266366254 10.000000000000002 10.081946059023837 10.339492256529288 10.580096867532944 10.741657386773944 10.79969496682017 10.999999999999996 10.999999999999998 11.073848181704772 11.464101615137759 11.492880796488746 11.658042495169058 11.74165738677394 11.74165738677394 12.0 
2 7 2 -3.7230418401237505e-15 3.948555891897441e-15 0.6984235115184065 1.3190944336181099 2.0042949218046644 2.9519274505110964 3.2583426132260573 3.761860637298008 3.9369769682876856 3.999999999999998 3.9999999999999987 4.000000000000003 4.258342613226056 4.258342613226058 4.324256799514387 4.354248688935407 4.354248688935409 4.365391017582588 4.438447187191169 4.452922157079413 4.535898384862246 4.76393202250021 4.803072163662545 4.892233103344539 4.9999999999999964 4.999999999999997 4.999999999999999 5.0 5.295116725888131 5.673800599110731 6.4788079671380086 7.184269132498663 7.854664521507991 8.561552812808825 9.236067977499793 9.645751311064583 9.645751311064593 9.976886266366254 10.000000000000002 10.081946059023837 10.339492256529288 10.580096867532944 10.741657386773944 10.79969496682017 10.999999999999996 10.999999999999998 11.073848181704772 11.464101615137759 11.492880796488746 11.658042495169058 11.74165738677394 11.74165738677394 12.0 
2 6 2 -5.903934430370672e-15 -8.096884936456538e-16 0.6726346882240891 1.0852822666529296 1.5468439520907302 1.702999982848486 1.8241998829324932 2.3087659322781335 2.327319210666508 2.7169894439323943 2.7515311360929524 2.9382809865890414 3.279242971237737 3.3486513877147073 3.4211416963389247 3.4381947720368147 3.568740666800535 3.9790146384458014 4.0936540326935456 4.202973424482993 4.520924310825851 4.548108860548319 4.565687663416893 4.854301128482801 5.114883272359888 5.122407102564189 5.572061249572563 5.639702049221054 5.656424763336595 5.701320923106613 5.904061135263956 5.94591578461393 6.09576577092906 6.125246676377933 6.298437881283576 6.2984378812835775 6.29843788128358 6.408112305983806 6.884198533856071 6.976359628707103 7.024129063109595 7.186403859074519 7.436707124566357 7.542382708299967 7.545137806221813 7.589999434348481 8.059965048894538 8.069381711878505 8.65884948435745 8.66919770001805 8.773791183052781 8.831462065680459 9.111264157590211 9.167962372435603 9.229070963601938 9.64210794645273 9.683429521899294 9.684927551065543 9.999999999999995 10.849728584820033 11.112912260564284 11.142253431559526 11.202774565281057 11.310723841893665 11.39490234950099 11.45420512314205 11.550575796974048 11.723492545900854 11.824101553351282 11.851815999057488 11.871478032669655 11.94282005779584 12.019820032941846 12.19714348547022 12.199822002376857 12.364904398913506 12.453411687401655 12.583024464960614 12.603790015766641 12.70156211871642 12.701562118716422 12.701562118716428 12.960464910745834 13.086785433242461 13.323477093464318 13.387611407581058 13.38990854002033 13.449940450830551 13.999999999999988 14.0 14.000000000000004 14.000000000000004 14.000000000000005 14.000000000000005 
2 5 2 -5.903934430370672e-15 -8.096884936456538e-16 0.6726346882240891 1.0852822666529296 1.5468439520907302 1.702999982848486 1.8241998829324932 2.3087659322781335 2.327319210666508 2.7169894439323943 2.7515311360929524 2.9382809865890414 3.279242971237737 3.3486513877147073 3.4211416963389247 3.4381947720368147 3.568740666800535 3.9790146384458014 4.0936540326935456 4.202973424482993 4.520924310825851 4.548108860548319 4.565687663416893 4.854301128482801 5.114883272359888 5.122407102564189 5.572061249572563 5.639702049221054 5.656424763336595 5.701320923106613 5.904061135263956 5.94591578461393 6.09576577092906 6.125246676377933 6.298437881283576 6.2984378812835775 6.29843788128358 6.408112305983806 6.884198533856071 6.976359628707103 7.024129063109595 7.186403859074519 7.436707124566357 7.542382708299967 7.545137806221813 7.589999434348481 8.059965048894538 8.069381711878505 8.65884948435745 8.66919770001805 8.773791183052781 8.831462065680459 9.111264157590211 9.167962372435603 9.229070963601938 9.64210794645273 9.683429521899294 9.684927551065543 9.999999999999995 10.849728584820033 11.112912260564284 11.142253431559526 11.202774565281057 11.310723841893665 11.39490234950099 11.45420512314205 11.550575796974048 11.723492545900854 11.824101553351282 11.851815999057488 11.871478032669655 11.94282005779584 12.019820032941846 12.19714348547022 12.199822002376857 12.364904398913506 12.453411687401655 12.583024464960614 12.603790015766641 12.70156211871642 12.701562118716422 12.701562118716428 12.960464910745834 13.086785433242461 13.323477093464318 13.387611407581058 13.38990854002033 13.449940450830551 13.999999999999988 14.0 14.000000000000004 14.000000000000004 14.000000000000005 14.000000000000005 
2 4 0 1.7083608950709932 1.9311401262066628 2.1345341416308377 3.0065683087704476 3.1821278502275794 3.1922451487116197 3.720166686181032 3.8812337182996894 4.134275987630545 4.550510257216822 4.555078766159179 4.863478646824593 5.299136529171998 6.1994488694342715 6.230445758368512 6.2819918909250365 6.291648237724568 6.492495414403401 6.999999999999992 6.999999999999996 6.999999999999996 6.9999999999999964 6.9999999999999964 6.999999999999998 6.999999999999998 6.999999999999999 7.0 7.000000000000001 7.000000000000001 7.0000000000000036 7.000000000000004 7.000000000000007 7.000000000000011 8.999999999999998 9.0 9.0 9.350035991402956 9.396468976795964 9.449489742783175 9.597650935508842 9.999999999999998 10.0 10.009970026365314 10.041450981329845 10.47357120326509 10.881116291193434 11.166120706259793 11.289583832585814 11.292793821890136 11.396860257661858 11.999999999999996 11.999999999999996 12.0 
2 3 0 1.7083608950709932 1.9311401262066628 2.1345341416308377 3.0065683087704476 3.1821278502275794 3.1922451487116197 3.720166686181032 3.8812337182996894 4.134275987630545 4.550510257216822 4.555078766159179 4.863478646824593 5.299136529171998 6.1994488694342715 6.230445758368512 6.2819918909250365 6.291648237724568 6.492495414403401 6.999999999999992 6.999999999999996 6.999999999999996 6.9999999999999964 6.9999999999999964 6.999999999999998 6.999999999999998 6.999999999999999 7.0 7.000000000000001 7.000000000000001 7.0000000000000036 7.000000000000004 7.000000000000007 7.000000000000011 8.999999999999998 9.0 9.0 9.350035991402956 9.396468976795964 9.449489742783175 9.597650935508842 9.999999999999998 10.0 10.009970026365314 10.041450981329845 10.47357120326509 10.881116291193434 11.166120706259793 11.289583832585814 11.292793821890136 11.396860257661858 11.999999999999996 11.999999999999996 12.0 
2 2 0 4.0 5.0 5.0 5.0 5.0 5.0 
3 2 0 5.0 
2 1 0 4.0 5.0 5.0 5.0 5.0 5.0 
3 1 0 5.0 
1 8 0 3.999999999999999 4.000000000000002 4.354248688935411 4.354248688935412 4.4384471871911675 4.76393202250021 4.999999999999998 5.0 5.0 5.0 5.000000000000001 8.56155281280883 9.236067977499792 9.645751311064588 9.645751311064588 9.999999999999996 
1 7 0 3.999999999999999 4.000000000000002 4.354248688935411 4.354248688935412 4.4384471871911675 4.76393202250021 4.999999999999998 5.0 5.0 5.0 5.000000000000001 8.56155281280883 9.236067977499792 9.645751311064588 9.645751311064588 9.999999999999996 
1 6 1 -2.202694144500001e-15 0.672634688224084 1.0852822666529327 1.5302664875425522 1.5468439520907191 1.9803752460643933 2.3087659322781255 2.3273192106665066 2.938280986589039 3.2792429712377364 3.3486513877146886 3.4381947720368142 4.0682856699098195 4.0890407129272 4.520924310825847 4.8543011284828 5.114883272359882 5.656424763336586 5.90406113526395 6.201469917875103 6.2599641335631695 6.29843788128357 6.298437881283571 6.298437881283575 6.4081123059838125 6.9763596287070975 6.999999999999992 7.0 7.000000000000001 7.000000000000003 7.542382708299965 8.658849484357468 9.0 9.229070963601929 9.45968294972311 9.6834295218993 9.684927551065543 9.918235693367452 10.000000000000004 10.999999999999996 10.999999999999996 11.112912260564281 11.142253431559526 11.202774565281054 11.210936957722119 11.281742231305092 11.310723841893665 11.45420512314205 11.999999999999995 11.999999999999996 12.000000000000004 12.000000000000012 12.701562118716415 12.701562118716426 12.701562118716426 12.96046491074583 13.086785433242444 13.323477093464309 13.387611407581069 13.389908540020327 13.449940450830535 13.999999999999982 13.999999999999984 14.000000000000002 14.000000000000004 14.000000000000005 14.000000000000014 
1 5 1 -2.202694144500001e-15 0.672634688224084 1.0852822666529327 1.5302664875425522 1.5468439520907191 1.9803752460643933 2.3087659322781255 2.3273192106665066 2.938280986589039 3.2792429712377364 3.3486513877146886 3.4381947720368142 4.0682856699098195 4.0890407129272 4.520924310825847 4.8543011284828 5.114883272359882 5.656424763336586 5.90406113526395 6.201469917875103 6.2599641335631695 6.29843788128357 6.298437881283571 6.298437881283575 6.4081123059838125 6.9763596287070975 6.999999999999992 7.0 7.000000000000001 7.000000000000003 7.542382708299965 8.658849484357468 9.0 9.229070963601929 9.45968294972311 9.6834295218993 9.684927551065543 9.918235693367452 10.000000000000004 10.999999999999996 10.999999999999996 11.112912260564281 11.142253431559526 11.202774565281054 11.210936957722119 11.281742231305092 11.310723841893665 11.45420512314205 11.999999999999995 11.999999999999996 12.000000000000004 12.000000000000012 12.701562118716415 12.701562118716426 12.701562118716426 12.96046491074583 13.086785433242444 13.323477093464309 13.387611407581069 13.389908540020327 13.449940450830535 13.999999999999982 13.999999999999984 14.000000000000002 14.000000000000004 14.000000000000005 14.000000000000014 
1 4 2 -1.066470975219872e-14 4.790584774828229e-15 0.6457776131245243 1.7083608950709903 1.726684282545662 1.9311401262066532 2.134534141630838 2.3788474312342114 2.935668980520278 3.0065683087704413 3.182127850227583 3.1945738590276456 3.7201666861810248 3.8812337182996868 4.429559525389424 4.555078766159177 4.863478646824585 5.299136529171992 5.39444872453601 5.394448724536012 6.087876520097125 6.199448869434269 6.230445758368509 6.291648237724567 6.298437881283569 6.298437881283573 6.298437881283575 6.298437881283579 6.492495414403403 6.999999999999988 6.999999999999993 6.999999999999999 6.999999999999999 7.000000000000003 7.000000000000006 7.214176455730168 9.000000000000002 9.39646897679596 9.527835499509388 9.597650935508835 9.70649943504176 10.0 10.009970026365316 10.473571203265092 10.88111629119344 11.1115327625919 11.11362146030255 11.166120706259793 11.289583832585814 11.292793821890132 11.396860257661862 11.999999999999998 12.0 12.000000000000007 12.605551275463988 12.605551275463995 12.701562118716415 12.70156211871642 12.701562118716422 12.701562118716431 13.201295784627114 13.331680333883925 13.394370056374312 13.999999999999995 13.999999999999996 13.999999999999998 14.0 
1 3 2 -1.066470975219872e-14 4.790584774828229e-15 0.6457776131245243 1.7083608950709903 1.726684282545662 1.9311401262066532 2.134534141630838 2.3788474312342114 2.935668980520278 3.0065683087704413 3.182127850227583 3.1945738590276456 3.7201666861810248 3.8812337182996868 4.429559525389424 4.555078766159177 4.863478646824585 5.299136529171992 5.39444872453601 5.394448724536012 6.087876520097125 6.199448869434269 6.230445758368509 6.291648237724567 6.298437881283569 6.298437881283573 6.298437881283575 6.298437881283579 6.492495414403403 6.999999999999988 6.999999999999993 6.999999999999999 6.999999999999999 7.000000000000003 7.000000000000006 7.214176455730168 9.000000000000002 9.39646897679596 9.527835499509388 9.597650935508835 9.70649943504176 10.0 10.009970026365316 10.473571203265092 10.88111629119344 11.1115327625919 11.11362146030255 11.166120706259793 11.289583832585814 11.292793821890132 11.396860257661862 11.999999999999998 12.0 12.000000000000007 12.605551275463988 12.605551275463995 12.701562118716415 12.70156211871642 12.701562118716422 12.701562118716431 13.201295784627114 13.331680333883925 13.394370056374312 13.999999999999995 13.999999999999996 13.999999999999998 14.0 
1 2 0 3.0 3.6277186767309844 4.0 4.0 4.000000000000001 4.35424868893541 4.999999999999996 4.999999999999998 4.999999999999998 5.0 5.0 5.000000000000001 5.000000000000002 5.000000000000002 9.372281323269016 9.645751311064592 
1 1 0 3.0 3.6277186767309844 4.0 4.0 4.000000000000001 4.35424868893541 4.999999999999996 4.999999999999998 4.999999999999998 5.0 5.0 5.000000000000001 5.000000000000002 5.000000000000002 9.372281323269016 9.645751311064592 
0 8 0 5.0 5.0 
0 7 0 5.0 5.0 
0 6 0 1.5302664875425473 1.980375246064395 4.068285669909815 4.089040712927197 6.201469917875096 6.259964133563176 6.999999999999995 6.999999999999997 6.999999999999997 7.0 7.000000000000001 7.000000000000001 7.000000000000002 7.000000000000016 8.999999999999998 9.0 9.0 9.45968294972311 9.918235693367448 10.999999999999998 11.000000000000004 11.210936957722126 11.28174223130508 11.999999999999996 12.0 12.000000000000007 12.00000000000001 
0 5 0 1.5302664875425473 1.980375246064395 4.068285669909815 4.089040712927197 6.201469917875096 6.259964133563176 6.999999999999995 6.999999999999997 6.999999999999997 7.0 7.000000000000001 7.000000000000001 7.000000000000002 7.000000000000016 8.999999999999998 9.0 9.0 9.45968294972311 9.918235693367448 10.999999999999998 11.000000000000004 11.210936957722126 11.28174223130508 11.999999999999996 12.0 12.000000000000007 12.00000000000001 
0 4 2 1.3529421205809263e-15 4.101291552447328e-15 0.6457776131245349 1.72668428254567 1.9142104908740063 2.37884743123422 2.8392828574232913 2.935668980520283 3.194573859027639 4.25834261322606 4.429559525389423 4.4663430231621835 4.8244556126495 5.205975558739059 5.3944487245360095 5.394448724536017 5.751171573086932 6.087876520097119 6.298437881283567 6.2984378812835695 6.298437881283582 6.29843788128359 7.214176455730156 7.374211134604026 7.933366996847624 8.32732730976101 9.000000000000004 9.527835499509395 9.70649943504176 11.111532762591898 11.113621460302548 11.707960272482978 11.741657386773948 11.848217077589489 11.9457642345774 12.413998218556634 12.447715639645859 12.60555127546398 12.605551275463997 12.701562118716417 12.701562118716417 12.701562118716426 12.701562118716426 13.201295784627105 13.33168033388394 13.394370056374308 13.999999999999996 14.0 14.0 14.000000000000005 
0 3 2 1.3529421205809263e-15 4.101291552447328e-15 0.6457776131245349 1.72668428254567 1.9142104908740063 2.37884743123422 2.8392828574232913 2.935668980520283 3.194573859027639 4.25834261322606 4.429559525389423 4.4663430231621835 4.8244556126495 5.205975558739059 5.3944487245360095 5.394448724536017 5.751171573086932 6.087876520097119 6.298437881283567 6.2984378812835695 6.298437881283582 6.29843788128359 7.214176455730156 7.374211134604026 7.933366996847624 8.32732730976101 9.000000000000004 9.527835499509395 9.70649943504176 11.111532762591898 11.113621460302548 11.707960272482978 11.741657386773948 11.848217077589489 11.9457642345774 12.413998218556634 12.447715639645859 12.60555127546398 12.605551275463997 12.701562118716417 12.701562118716417 12.701562118716426 12.701562118716426 13.201295784627105 13.33168033388394 13.394370056374308 13.999999999999996 14.0 14.0 14.000000000000005 
0 2 2 4.705789266223389e-16 1.100137743187879e-15 2.1777064582007624 2.5540614777961452 2.8286769826455167 2.999999999999997 3.324386728460324 3.5358983848622434 3.627718676730986 3.864754234169173 3.9999999999999982 4.000000000000002 4.000000000000004 4.354248688935414 4.3921839519152766 5.0 5.0 5.0000000000000036 5.000000000000005 9.372281323269014 9.645751311064584 10.188297601369857 10.464101615137757 10.497906813338915 11.053754570288588 11.429478340310824 11.688792841504629 
0 1 2 4.705789266223389e-16 1.100137743187879e-15 2.1777064582007624 2.5540614777961452 2.8286769826455167 2.999999999999997 3.324386728460324 3.5358983848622434 3.627718676730986 3.864754234169173 3.9999999999999982 4.000000000000002 4.000000000000004 4.354248688935414 4.3921839519152766 5.0 5.0 5.0000000000000036 5.000000000000005 9.372281323269014 9.645751311064584 10.188297601369857 10.464101615137757 10.497906813338915 11.053754570288588 11.429478340310824 11.688792841504629 
-1 6 0 7.0 7.0 7.0 7.0 7.0 9.0 9.0 
-1 5 0 7.0 7.0 7.0 7.0 7.0 9.0 9.0 
-1 4 0 1.9142104908740079 2.839282857423294 4.258342613226055 4.466343023162174 4.5746735915507095 4.824455612649497 5.205975558739061 5.589559146942612 5.751171573086933 7.077789452418718 7.374211134604026 7.93336699684762 8.327327309761001 8.999999999999996 10.757977809087961 11.70796027248298 11.74165738677394 11.848217077589476 11.945764234577405 12.413998218556639 12.447715639645866 
-1 3 0 1.9142104908740079 2.839282857423294 4.258342613226055 4.466343023162174 4.5746735915507095 4.824455612649497 5.205975558739061 5.589559146942612 5.751171573086933 7.077789452418718 7.374211134604026 7.93336699684762 8.327327309761001 8.999999999999996 10.757977809087961 11.70796027248298 11.74165738677394 11.848217077589476 11.945764234577405 12.413998218556639 12.447715639645866 
-1 2 1 4.943548551104206e-16 2.177706458200759 2.554061477796152 2.8019944453549264 2.8286769826455154 3.324386728460322 3.4459994068382716 3.5358983848622447 3.8647542341691743 3.94662274699812 3.9999999999999987 4.39218395191527 6.100803271867122 8.02044460663323 10.188297601369854 10.46410161513775 10.497906813338913 10.684135522308331 11.053754570288588 11.429478340310828 11.688792841504632 
-1 1 1 4.943548551104206e-16 2.177706458200759 2.554061477796152 2.8019944453549264 2.8286769826455154 3.324386728460322 3.4459994068382716 3.5358983848622447 3.8647542341691743 3.94662274699812 3.9999999999999987 4.39218395191527 6.100803271867122 8.02044460663323 10.188297601369854 10.46410161513775 10.497906813338913 10.684135522308331 11.053754570288588 11.429478340310828 11.688792841504632 
-1 0 1 4.577158321649828e-16 1.2312656947237164 2.0000000000000004 2.000000000000001 2.0000000000000018 2.8842506033369526 7.884483701939331 
0 0 0 2.0 2.0 
-1 -1 1 4.577158321649828e-16 1.2312656947237164 2.0000000000000004 2.000000000000001 2.0000000000000018 2.8842506033369526 7.884483701939331 
0 -1 0 2.0 2.0 
-2 6 0 7.0 
-2 5 0 7.0 
-2 4 0 4.574673591550707 5.589559146942608 7.077789452418713 10.757977809087967 
-2 3 0 4.574673591550707 5.589559146942608 7.077789452418713 10.757977809087967 
-2 2 0 2.801994445354927 3.445999406838271 3.9466227469981203 6.100803271867118 8.020444606633228 10.684135522308337 
-2 1 0 2.801994445354927 3.445999406838271 3.9466227469981203 6.100803271867118 8.020444606633228 10.684135522308337 
-2 0 0 1.2312656947237175 2.0000000000000004 2.8842506033369504 7.884483701939333 
-2 -1 0 1.2312656947237175 2.0000000000000004 2.8842506033369504 7.884483701939333 
