1 3 0 0.3819660112501043 0.47108204270563697 1.9999999999999996 2.618033988749894 3.1674491911085365 5.3614687661858245 
2 3 0 0.38196601125010493 0.4710820427056378 2.6180339887498945 3.167449191108535 5.361468766185826 
1 2 0 0.3819660112501043 0.47108204270563697 1.9999999999999996 2.618033988749894 3.1674491911085365 5.3614687661858245 
2 2 0 0.38196601125010493 0.4710820427056378 2.6180339887498945 3.167449191108535 5.361468766185826 
1 1 1 -5.055453888765668e-15 1.0555911496408523 1.2783797019574559 2.2665191659822765 2.290724640563079 2.6277186767309826 2.8150832530461436 2.9335635597194685 3.4384471871911693 3.894315916881097 3.999999999999998 4.000000000000003 4.557168511398298 4.7778086251626 4.80606343352537 4.822752382425328 6.104264797376091 6.572157085914701 6.652222877907435 6.903211925911552 7.56155281280883 7.636404937210495 8.372281323269014 8.633768035377749 
2 1 0 1.0555911496408532 1.2783797019574579 2.266519165982278 2.8150832530461427 3.8943159168810926 4.557168511398303 4.822752382425328 6.104264797376093 6.572157085914703 8.633768035377752 
1 0 1 -5.055453888765668e-15 1.0555911496408523 1.2783797019574559 2.2665191659822765 2.290724640563079 2.6277186767309826 2.8150832530461436 2.9335635597194685 3.4384471871911693 3.894315916881097 3.999999999999998 4.000000000000003 4.557168511398298 4.7778086251626 4.80606343352537 4.822752382425328 6.104264797376091 6.572157085914701 6.652222877907435 6.903211925911552 7.56155281280883 7.636404937210495 8.372281323269014 8.633768035377749 
2 0 0 1.0555911496408532 1.2783797019574579 2.266519165982278 2.8150832530461427 3.8943159168810926 4.557168511398303 4.822752382425328 6.104264797376093 6.572157085914703 8.633768035377752 
1 -1 0 1.132304312538792 1.1817475692820734 2.134549304439378 2.418996846146302 3.2984378812835753 3.7497960163791015 3.8200271192748487 3.9398577939549315 4.30229037647161 4.386571871641365 4.395391560442523 4.410763422832243 4.452467824814036 4.610994805183191 4.999999999999997 4.999999999999998 5.000000000000003 5.369526456198403 5.897477854075425 6.000000000000001 6.539937738528816 6.555296083726308 6.999999999999997 6.999999999999999 7.1011180016572375 7.20371808019766 7.519034663622091 7.572581281042677 7.8009165977478485 7.914669244727129 9.667117512499134 9.701562118716428 9.715029839380763 9.876416224252184 10.082492489004563 10.248909109939351 
2 -1 0 2.1345493044393753 2.418996846146298 3.820027119274853 4.302290376471608 4.395391560442523 5.897477854075426 6.539937738528809 7.203718080197664 7.572581281042676 9.715029839380765 
1 -2 0 1.132304312538792 1.1817475692820734 2.134549304439378 2.418996846146302 3.2984378812835753 3.7497960163791015 3.8200271192748487 3.9398577939549315 4.30229037647161 4.386571871641365 4.395391560442523 4.410763422832243 4.452467824814036 4.610994805183191 4.999999999999997 4.999999999999998 5.000000000000003 5.369526456198403 5.897477854075425 6.000000000000001 6.539937738528816 6.555296083726308 6.999999999999997 6.999999999999999 7.1011180016572375 7.20371808019766 7.519034663622091 7.572581281042677 7.8009165977478485 7.914669244727129 9.667117512499134 9.701562118716428 9.715029839380763 9.876416224252184 10.082492489004563 10.248909109939351 
2 -2 0 2.1345493044393753 2.418996846146298 3.820027119274853 4.302290376471608 4.395391560442523 5.897477854075426 6.539937738528809 7.203718080197664 7.572581281042676 9.715029839380765 
1 -3 0 3.0113224961818497 3.170270041429522 3.2872688972652835 3.5857864376269033 4.438447187191169 5.08460030296529 5.096788074088442 5.22690190102686 5.868559543018512 6.3311362296898 6.414213562373092 6.484672184457832 6.649552296914038 6.824465513375212 7.000000000000003 7.193936566474643 7.266729930896102 8.000000000000005 8.56155281280883 8.897113757471269 9.000000000000002 9.355409600043682 9.541997305264758 9.70927535943692 
2 -3 0 3.5857864376269037 4.438447187191169 6.414213562373095 7.0 8.561552812808825 
1 -4 0 3.0113224961818497 3.170270041429522 3.2872688972652835 3.5857864376269033 4.438447187191169 5.08460030296529 5.096788074088442 5.22690190102686 5.868559543018512 6.3311362296898 6.414213562373092 6.484672184457832 6.649552296914038 6.824465513375212 7.000000000000003 7.193936566474643 7.266729930896102 8.000000000000005 8.56155281280883 8.897113757471269 9.000000000000002 9.355409600043682 9.541997305264758 9.70927535943692 
2 -4 0 3.5857864376269037 4.438447187191169 6.414213562373095 7.0 8.561552812808825 
1 -5 0 6.0 6.0 6.0 6.0 6.0 8.0 
2 -5 0 6.0 
1 -6 0 6.0 6.0 6.0 6.0 6.0 8.0 
2 -6 0 6.0 
0 3 0 2.0 
0 2 0 2.0 
0 1 2 -2.3966120420886593e-15 2.746386551543421e-16 2.0000000000000018 2.290724640563077 2.627718676730989 2.933563559719468 3.438447187191173 3.9999999999999982 3.999999999999999 3.999999999999999 4.000000000000002 4.777808625162602 4.806063433525368 6.0 6.6522228779074375 6.9032119259115525 7.5615528128088325 7.636404937210498 8.372281323269014 
0 0 2 -2.3966120420886593e-15 2.746386551543421e-16 2.0000000000000018 2.290724640563077 2.627718676730989 2.933563559719468 3.438447187191173 3.9999999999999982 3.999999999999999 3.999999999999999 4.000000000000002 4.777808625162602 4.806063433525368 6.0 6.6522228779074375 6.9032119259115525 7.5615528128088325 7.636404937210498 8.372281323269014 
0 -1 1 -2.2656045520419924e-15 1.1323043125387933 1.1817475692820751 1.3836778208800806 2.03883691403194 3.0000000000000004 3.110096290384277 3.2984378812835757 3.468063138327465 3.6277186767309844 3.627718676730986 3.6277186767309892 3.7497960163791046 3.939857793954934 4.170951459944339 4.386571871641366 4.410763422832243 4.452467824814037 4.6109948051831955 4.822097705603334 4.999999999999998 5.0 5.000000000000001 5.000000000000002 5.000000000000005 5.3695264561984 6.000000000000002 6.000000000000004 6.043203879004268 6.555296083726309 7.000000000000001 7.000000000000004 7.006090040472197 7.101118001657246 7.519034663622105 7.800916597747853 7.914669244727131 8.57779125875867 8.578488451347903 9.211723174675821 9.37228132326901 9.37228132326902 9.37228132326902 9.588979866569709 9.667117512499145 9.70156211871642 9.876416224252187 9.999999999999993 10.0 10.000000000000005 10.082492489004567 10.248909109939342 
0 -2 1 -2.2656045520419924e-15 1.1323043125387933 1.1817475692820751 1.3836778208800806 2.03883691403194 3.0000000000000004 3.110096290384277 3.2984378812835757 3.468063138327465 3.6277186767309844 3.627718676730986 3.6277186767309892 3.7497960163791046 3.939857793954934 4.170951459944339 4.386571871641366 4.410763422832243 4.452467824814037 4.6109948051831955 4.822097705603334 4.999999999999998 5.0 5.000000000000001 5.000000000000002 5.000000000000005 5.3695264561984 6.000000000000002 6.000000000000004 6.043203879004268 6.555296083726309 7.000000000000001 7.000000000000004 7.006090040472197 7.101118001657246 7.519034663622105 7.800916597747853 7.914669244727131 8.57779125875867 8.578488451347903 9.211723174675821 9.37228132326901 9.37228132326902 9.37228132326902 9.588979866569709 9.667117512499145 9.70156211871642 9.876416224252187 9.999999999999993 10.0 10.000000000000005 10.082492489004567 10.248909109939342 
0 -3 0 0.6276066931921833 2.556558200732896 2.5734214110163633 3.01132249618185 3.088216656362745 3.1702700414295166 3.2168251497197065 3.287268897265284 3.434157335108895 3.485467494824368 3.71239344690393 4.6533139703866055 4.8692742614885685 5.0846003029652875 5.096788074088445 5.226901901026854 5.227850867804041 5.253395662615398 5.868559543018512 5.999999999999995 6.19071012512779 6.319926938711214 6.324088148737059 6.331136229689799 6.4846721844578346 6.576244319489805 6.649552296914036 6.686260167675337 6.824465513375211 6.86008620732966 7.193936566474632 7.203267809882458 7.266729930896103 7.490110433330987 7.869118130793811 7.999999999999998 7.999999999999998 8.897113757471267 9.0 9.355409600043682 9.541997305264756 9.60193695617337 9.69911141402946 9.709275359436925 9.855606997063958 10.000000000000002 10.154492657039688 10.277672519483941 10.300140457985748 10.44821996169479 10.618248681016507 10.826276924278673 
0 -4 0 0.6276066931921833 2.556558200732896 2.5734214110163633 3.01132249618185 3.088216656362745 3.1702700414295166 3.2168251497197065 3.287268897265284 3.434157335108895 3.485467494824368 3.71239344690393 4.6533139703866055 4.8692742614885685 5.0846003029652875 5.096788074088445 5.226901901026854 5.227850867804041 5.253395662615398 5.868559543018512 5.999999999999995 6.19071012512779 6.319926938711214 6.324088148737059 6.331136229689799 6.4846721844578346 6.576244319489805 6.649552296914036 6.686260167675337 6.824465513375211 6.86008620732966 7.193936566474632 7.203267809882458 7.266729930896103 7.490110433330987 7.869118130793811 7.999999999999998 7.999999999999998 8.897113757471267 9.0 9.355409600043682 9.541997305264756 9.60193695617337 9.69911141402946 9.709275359436925 9.855606997063958 10.000000000000002 10.154492657039688 10.277672519483941 10.300140457985748 10.44821996169479 10.618248681016507 10.826276924278673 
0 -5 0 2.0000000000000018 3.5505102572168203 4.0 5.267949192431124 5.9999999999999964 5.999999999999997 5.999999999999998 5.999999999999998 5.999999999999998 6.0 6.0 6.0 6.000000000000003 6.000000000000005 7.999999999999997 8.0 8.0 8.44948974278318 8.732050807568873 
0 -6 0 2.0000000000000018 3.5505102572168203 4.0 5.267949192431124 5.9999999999999964 5.999999999999997 5.999999999999998 5.999999999999998 5.999999999999998 6.0 6.0 6.0 6.000000000000003 6.000000000000005 7.999999999999997 8.0 8.0 8.44948974278318 8.732050807568873 
-1 1 0 1.9999999999999991 3.999999999999999 4.0 6.0 
-1 0 0 1.9999999999999991 3.999999999999999 4.0 6.0 
-1 -1 1 2.5124216943006594e-15 1.3836778208800746 2.0388369140319402 3.0000000000000018 3.1100962903842704 3.4680631383274654 3.6277186767309826 3.627718676730985 3.627718676730986 3.9999999999999964 3.999999999999999 4.000000000000001 4.170951459944335 4.822097705603338 4.999999999999998 4.999999999999999 6.000000000000001 6.043203879004266 7.006090040472198 7.99999999999999 7.999999999999998 8.000000000000004 8.577791258758667 8.578488451347903 9.211723174675816 9.372281323269014 9.372281323269014 9.372281323269016 9.588979866569707 9.999999999999998 10.0 10.000000000000004 
-1 -2 1 2.5124216943006594e-15 1.3836778208800746 2.0388369140319402 3.0000000000000018 3.1100962903842704 3.4680631383274654 3.6277186767309826 3.627718676730985 3.627718676730986 3.9999999999999964 3.999999999999999 4.000000000000001 4.170951459944335 4.822097705603338 4.999999999999998 4.999999999999999 6.000000000000001 6.043203879004266 7.006090040472198 7.99999999999999 7.999999999999998 8.000000000000004 8.577791258758667 8.578488451347903 9.211723174675816 9.372281323269014 9.372281323269014 9.372281323269016 9.588979866569707 9.999999999999998 10.0 10.000000000000004 
-1 -3 1 -4.193683658927971e-15 0.6276066931921869 1.045842751875131 2.025000021146122 2.103714196894639 2.5565582007329 2.5734214110163602 3.0882166563627553 3.095383679292236 3.2168251497197007 3.4341573351089036 3.485467494824367 3.7123934469039295 3.8475324060961835 4.441455806580655 4.653313970386598 4.869274261488572 5.209480260804666 5.227850867804047 5.2533956626154055 5.355541743089443 5.999999999999997 6.094090302367418 6.19071012512779 6.3199269387112125 6.324088148737056 6.576244319489799 6.686260167675341 6.860086207329654 7.203267809882452 7.461817068755077 7.490110433330987 7.814953148266117 7.869118130793809 7.9514847181053785 8.000000000000005 9.54489187780186 9.601936956173367 9.699111414029456 9.767422784388506 9.855606997063957 9.999999999999998 9.999999999999998 10.154492657039693 10.277672519483938 10.300140457985732 10.448219961694802 10.618248681016517 10.826276924278673 11.41184753191286 11.41208080360028 11.417460899023425 11.999999999999998 12.0 12.000000000000002 12.000000000000004 
-1 -4 1 -4.193683658927971e-15 0.6276066931921869 1.045842751875131 2.025000021146122 2.103714196894639 2.5565582007329 2.5734214110163602 3.0882166563627553 3.095383679292236 3.2168251497197007 3.4341573351089036 3.485467494824367 3.7123934469039295 3.8475324060961835 4.441455806580655 4.653313970386598 4.869274261488572 5.209480260804666 5.227850867804047 5.2533956626154055 5.355541743089443 5.999999999999997 6.094090302367418 6.19071012512779 6.3199269387112125 6.324088148737056 6.576244319489799 6.686260167675341 6.860086207329654 7.203267809882452 7.461817068755077 7.490110433330987 7.814953148266117 7.869118130793809 7.9514847181053785 8.000000000000005 9.54489187780186 9.601936956173367 9.699111414029456 9.767422784388506 9.855606997063957 9.999999999999998 9.999999999999998 10.154492657039693 10.277672519483938 10.300140457985732 10.448219961694802 10.618248681016517 10.826276924278673 11.41184753191286 11.41208080360028 11.417460899023425 11.999999999999998 12.0 12.000000000000002 12.000000000000004 
-1 -5 0 2.0000000000000036 2.171004545957406 2.3534158795418274 2.966237263491259 3.529558014352828 3.5505102572168217 4.000000000000001 4.000000000000001 5.069815508116788 5.20425265135553 5.2679491924311215 5.547504065009392 5.999999999999993 5.999999999999995 5.9999999999999964 5.999999999999998 6.0 6.0 6.0 6.0000000000000036 6.000000000000005 6.000000000000005 7.999999999999996 8.0 8.000000000000002 8.401122059615853 8.449489742783179 8.595367036585545 8.732050807568873 9.15079818845281 9.3918206228187 9.619104164702069 
-1 -6 0 2.0000000000000036 2.171004545957406 2.3534158795418274 2.966237263491259 3.529558014352828 3.5505102572168217 4.000000000000001 4.000000000000001 5.069815508116788 5.20425265135553 5.2679491924311215 5.547504065009392 5.999999999999993 5.999999999999995 5.9999999999999964 5.999999999999998 6.0 6.0 6.0 6.0000000000000036 6.000000000000005 6.000000000000005 7.999999999999996 8.0 8.000000000000002 8.401122059615853 8.449489742783179 8.595367036585545 8.732050807568873 9.15079818845281 9.3918206228187 9.619104164702069 
-1 -7 0 4.0 4.0 4.0 4.0 
0 -7 0 4.0 
-1 -8 0 4.0 4.0 4.0 4.0 
0 -8 0 4.0 
-2 -1 0 3.9999999999999996 4.0 4.0 7.999999999999997 8.0 8.0 
-2 -2 0 3.9999999999999996 4.0 4.0 7.999999999999997 8.0 8.0 
-2 -3 0 1.045842751875134 2.025000021146122 2.103714196894637 3.095383679292232 3.8475324060961813 4.441455806580648 5.209480260804673 5.355541743089439 5.99999999999999 5.999999999999999 6.094090302367412 7.4618170687550744 7.814953148266115 7.9514847181053785 9.544891877801854 9.76742278438851 9.999999999999995 9.999999999999998 9.999999999999998 10.0 11.411847531912858 11.412080803600283 11.417460899023428 11.999999999999986 12.0 12.0 12.000000000000002 
-2 -4 0 1.045842751875134 2.025000021146122 2.103714196894637 3.095383679292232 3.8475324060961813 4.441455806580648 5.209480260804673 5.355541743089439 5.99999999999999 5.999999999999999 6.094090302367412 7.4618170687550744 7.814953148266115 7.9514847181053785 9.544891877801854 9.76742278438851 9.999999999999995 9.999999999999998 9.999999999999998 10.0 11.411847531912858 11.412080803600283 11.417460899023428 11.999999999999986 12.0 12.0 12.000000000000002 
-2 -5 1 1.5381881818565971e-15 2.1710045459574108 2.353415879541822 2.966237263491256 3.529558014352832 4.000000000000002 5.0698155081167835 5.171572875253808 5.171572875253809 5.171572875253813 5.204252651355526 5.54750406500939 6.0 6.000000000000002 6.000000000000003 6.00000000000001 8.000000000000002 8.401122059615851 8.595367036585543 9.15079818845281 9.391820622818694 9.619104164702067 10.828427124746192 10.828427124746193 10.828427124746195 11.999999999999996 12.000000000000005 
-2 -6 1 1.5381881818565971e-15 2.1710045459574108 2.353415879541822 2.966237263491256 3.529558014352832 4.000000000000002 5.0698155081167835 5.171572875253808 5.171572875253809 5.171572875253813 5.204252651355526 5.54750406500939 6.0 6.000000000000002 6.000000000000003 6.00000000000001 8.000000000000002 8.401122059615851 8.595367036585543 9.15079818845281 9.391820622818694 9.619104164702067 10.828427124746192 10.828427124746193 10.828427124746195 11.999999999999996 12.000000000000005 
-2 -7 0 4.0 4.0 4.0 4.0 4.0 4.0 
-2 -8 0 4.0 4.0 4.0 4.0 4.0 4.0 
-3 -3 0 5.999999999999997 6.000000000000001 6.0000000000000036 9.999999999999998 10.000000000000002 10.000000000000007 
-3 -4 0 5.999999999999997 6.000000000000001 6.0000000000000036 9.999999999999998 10.000000000000002 10.000000000000007 
-3 -5 1 1.7763568394002369e-15 2.000000000000002 5.171572875253804 5.17157287525381 5.171572875253814 5.550510257216821 10.449489742783182 10.82842712474619 10.828427124746192 10.828427124746197 12.000000000000004 12.000000000000012 
-3 -6 1 1.7763568394002369e-15 2.000000000000002 5.171572875253804 5.17157287525381 5.171572875253814 5.550510257216821 10.449489742783182 10.82842712474619 10.828427124746192 10.828427124746197 12.000000000000004 12.000000000000012 
-3 -7 0 1.0000000000000004 1.7250827823646242 3.9999999999999973 3.999999999999999 4.0 9.274917217635377 
-3 -8 0 1.0000000000000004 1.7250827823646242 3.9999999999999973 3.999999999999999 4.0 9.274917217635377 
-4 -3 0 6.0 
-4 -4 0 6.0 
-4 -5 0 2.0 5.550510257216821 10.449489742783175 
-4 -6 0 2.0 5.550510257216821 10.449489742783175 
-4 -7 0 1.0000000000000016 1.7250827823646253 9.274917217635377 
-4 -8 0 1.0000000000000016 1.7250827823646253 9.274917217635377 
