1 3 0 0.5857864376269045 2.000000000000001 3.414213562373096 4.0 
2 3 0 4.0 
1 2 0 0.5857864376269045 2.000000000000001 3.414213562373096 4.0 
2 2 0 4.0 
1 1 0 0.9643186596574609 1.2534317530042822 2.4132146215648937 3.5450959087764757 6.900004565393373 7.20147233821924 7.722462153384273 7.999999999999999 
2 1 0 8.0 
1 0 0 0.9643186596574609 1.2534317530042822 2.4132146215648937 3.5450959087764757 6.900004565393373 7.20147233821924 7.722462153384273 7.999999999999999 
2 0 0 8.0 
0 3 0 0.585786437626905 1.9999999999999998 3.414213562373095 
0 2 0 0.585786437626905 1.9999999999999998 3.414213562373095 
0 1 1 2.24800220410625e-15 0.9643186596574629 1.2534317530042831 1.4384471871911688 2.4132146215648924 3.5450959087764775 5.000000000000001 5.561552812808831 6.0 6.900004565393373 7.201472338219242 7.7224621533842726 
0 0 1 2.24800220410625e-15 0.9643186596574629 1.2534317530042831 1.4384471871911688 2.4132146215648924 3.5450959087764775 5.000000000000001 5.561552812808831 6.0 6.900004565393373 7.201472338219242 7.7224621533842726 
0 -1 1 1.074944102372015e-15 0.9643186596574604 1.2534317530042802 1.4384471871911684 2.413214621564895 3.5450959087764753 5.000000000000001 5.561552812808833 6.0 6.900004565393374 7.201472338219241 7.7224621533842726 
1 -1 0 1.4384471871911693 4.999999999999998 5.561552812808829 6.0 
0 -2 1 1.074944102372015e-15 0.9643186596574604 1.2534317530042802 1.4384471871911684 2.413214621564895 3.5450959087764753 5.000000000000001 5.561552812808833 6.0 6.900004565393374 7.201472338219241 7.7224621533842726 
1 -2 0 1.4384471871911693 4.999999999999998 5.561552812808829 6.0 
-1 1 0 1.4384471871911693 4.999999999999998 5.561552812808829 6.0 
-1 0 0 1.4384471871911693 4.999999999999998 5.561552812808829 6.0 
-1 -1 0 0.9643186596574592 1.2534317530042811 2.4132146215648924 3.5450959087764753 6.90000456539337 7.201472338219239 7.722462153384272 7.999999999999997 
-1 -2 0 0.9643186596574592 1.2534317530042811 2.4132146215648924 3.5450959087764753 6.90000456539337 7.201472338219239 7.722462153384272 7.999999999999997 
-1 -3 0 0.5857864376269045 2.000000000000001 3.414213562373096 4.0 
0 -3 0 0.585786437626905 1.9999999999999998 3.414213562373095 
-1 -4 0 0.5857864376269045 2.000000000000001 3.414213562373096 4.0 
0 -4 0 0.585786437626905 1.9999999999999998 3.414213562373095 
-2 -1 0 8.0 
-2 -2 0 8.0 
-2 -3 0 4.0 
-2 -4 0 4.0 
