3 5 0 3.314456067329208 4.585786437626908 5.665096014626572 6.000000000000002 7.271330370297697 7.414213562373096 7.749117547746525 8.0 
4 5 0 8.0 
3 4 0 3.314456067329208 4.585786437626908 5.665096014626572 6.000000000000002 7.271330370297697 7.414213562373096 7.749117547746525 8.0 
4 4 0 8.0 
3 3 0 3.89268227967165 4.696789684661239 5.833891600906332 6.542782831448953 7.007733441902763 7.8194278635192065 8.813414779054794 9.882907479808592 13.186626576857732 13.831325350487722 14.2692940945417 14.384481477051418 14.534990297620238 14.587524352387842 14.716127890079777 16.0 
4 3 0 16.0 
3 2 0 3.89268227967165 4.696789684661239 5.833891600906332 6.542782831448953 7.007733441902763 7.8194278635192065 8.813414779054794 9.882907479808592 13.186626576857732 13.831325350487722 14.2692940945417 14.384481477051418 14.534990297620238 14.587524352387842 14.716127890079777 16.0 
4 2 0 16.0 
2 5 0 1.4252497202883738 2.120614758428184 3.2289798161874486 3.3144560673292074 3.5188056959079863 4.0 4.347296355333861 4.46225884267133 4.585786437626905 5.096260398918403 5.311107817465985 5.532088886237956 5.665096014626575 5.7650509540937795 6.000000000000002 6.7745986858523715 7.170086486626032 7.2476015819883015 7.271330370297698 7.414213562373094 7.749117547746519 
2 4 0 1.4252497202883738 2.120614758428184 3.2289798161874486 3.3144560673292074 3.5188056959079863 4.0 4.347296355333861 4.46225884267133 4.585786437626905 5.096260398918403 5.311107817465985 5.532088886237956 5.665096014626575 5.7650509540937795 6.000000000000002 6.7745986858523715 7.170086486626032 7.2476015819883015 7.271330370297698 7.414213562373094 7.749117547746519 
2 3 0 1.3330934811686266 1.9474590479380236 2.269112133084509 2.4750068100011915 2.770847103498753 3.0633759368407834 3.36384490435255 3.558793699865098 3.892682279671648 3.913879449977563 4.1434212279983 4.238865655018881 4.343842959523515 4.390868821784165 4.556922214295618 4.696789684661247 4.796190256286844 5.106718617744325 5.216516642878892 5.366350101797109 5.647326315367859 5.82090116233125 5.8294192542406185 5.833891600906332 5.9720078122851605 6.202491779941613 6.396067145457489 6.456079478694361 6.542782831448956 6.662991678718362 6.833065909351613 7.007733441902764 7.104511832522253 7.6659223889818024 7.819427863519213 7.8196168770862675 8.041635663054839 8.143025517464961 8.4374574130218 8.81341477905479 8.878210792131407 9.259866991276887 9.496854885913868 9.685873386784902 9.882907479808601 10.378199788960115 10.549246611724616 10.964762672867112 11.416651514269763 11.575884392930519 11.794489257861647 11.919012945504582 12.028557953407198 12.171338494114979 12.569699376822498 12.606142203474542 12.670163588496653 12.836380061257998 12.916673984681177 12.955273204174457 13.056934568662024 13.150224696730985 13.186626576857718 13.231929335377055 13.831325350487718 14.269294094541706 14.384481477051429 14.534990297620245 14.58752435238784 14.716127890079777 
2 2 0 1.3330934811686266 1.9474590479380236 2.269112133084509 2.4750068100011915 2.770847103498753 3.0633759368407834 3.36384490435255 3.558793699865098 3.892682279671648 3.913879449977563 4.1434212279983 4.238865655018881 4.343842959523515 4.390868821784165 4.556922214295618 4.696789684661247 4.796190256286844 5.106718617744325 5.216516642878892 5.366350101797109 5.647326315367859 5.82090116233125 5.8294192542406185 5.833891600906332 5.9720078122851605 6.202491779941613 6.396067145457489 6.456079478694361 6.542782831448956 6.662991678718362 6.833065909351613 7.007733441902764 7.104511832522253 7.6659223889818024 7.819427863519213 7.8196168770862675 8.041635663054839 8.143025517464961 8.4374574130218 8.81341477905479 8.878210792131407 9.259866991276887 9.496854885913868 9.685873386784902 9.882907479808601 10.378199788960115 10.549246611724616 10.964762672867112 11.416651514269763 11.575884392930519 11.794489257861647 11.919012945504582 12.028557953407198 12.171338494114979 12.569699376822498 12.606142203474542 12.670163588496653 12.836380061257998 12.916673984681177 12.955273204174457 13.056934568662024 13.150224696730985 13.186626576857718 13.231929335377055 13.831325350487718 14.269294094541706 14.384481477051429 14.534990297620245 14.58752435238784 14.716127890079777 
2 1 0 2.0074933332938185 2.279117568047055 2.9377114690157966 2.9847238748930955 3.0560297418221736 3.594423024611058 3.718930023690407 4.16974516894366 4.4253993350865075 4.58578102777652 4.729943873002035 5.074782422462717 5.160091801610401 5.41059553344941 5.5315401273546225 5.743925842139901 5.9473534266234624 6.229630496098589 6.351236171810017 6.4549071575859545 6.868864205064058 7.21494833993479 7.5457267278036735 8.112554040233478 8.35216358759075 8.520824685528114 8.564842929098829 8.676860985157827 9.316049260610399 9.827822091153086 9.86583569758863 10.048198722669266 10.301455113846995 10.368280431352922 10.457801355979807 10.509551721332878 10.726253199770515 10.939185703082106 10.998602060719298 11.46592938337252 11.842888086279373 11.864343262577856 12.00000000000002 12.408571293289025 12.867264107682413 12.89299246020542 12.99999999999999 13.003630038901541 13.088021083290233 13.191624965702783 13.219751121820831 13.31272873852244 13.40646194062513 13.431336905100583 13.566295001939931 13.616053113690178 13.688222484731392 13.94280914757454 13.99999999999999 14.0 14.0 14.05212997577217 14.143083317473668 14.950020877915335 15.123384454853909 15.354237170429343 15.438835790865463 15.78408170499352 15.819811543002977 15.91630975155287 
3 1 0 5.1600918016104025 12.000000000000005 12.408571293289015 13.000000000000004 13.431336905100585 13.999999999999998 14.000000000000002 14.000000000000002 
2 0 0 2.0074933332938185 2.279117568047055 2.9377114690157966 2.9847238748930955 3.0560297418221736 3.594423024611058 3.718930023690407 4.16974516894366 4.4253993350865075 4.58578102777652 4.729943873002035 5.074782422462717 5.160091801610401 5.41059553344941 5.5315401273546225 5.743925842139901 5.9473534266234624 6.229630496098589 6.351236171810017 6.4549071575859545 6.868864205064058 7.21494833993479 7.5457267278036735 8.112554040233478 8.35216358759075 8.520824685528114 8.564842929098829 8.676860985157827 9.316049260610399 9.827822091153086 9.86583569758863 10.048198722669266 10.301455113846995 10.368280431352922 10.457801355979807 10.509551721332878 10.726253199770515 10.939185703082106 10.998602060719298 11.46592938337252 11.842888086279373 11.864343262577856 12.00000000000002 12.408571293289025 12.867264107682413 12.89299246020542 12.99999999999999 13.003630038901541 13.088021083290233 13.191624965702783 13.219751121820831 13.31272873852244 13.40646194062513 13.431336905100583 13.566295001939931 13.616053113690178 13.688222484731392 13.94280914757454 13.99999999999999 14.0 14.0 14.05212997577217 14.143083317473668 14.950020877915335 15.123384454853909 15.354237170429343 15.438835790865463 15.78408170499352 15.819811543002977 15.91630975155287 
3 0 0 5.1600918016104025 12.000000000000005 12.408571293289015 13.000000000000004 13.431336905100585 13.999999999999998 14.000000000000002 14.000000000000002 
1 5 0 1.3237568010047422 1.4252497202883727 2.1206147584281805 2.585786437626906 3.0847282699484135 3.2289798161874512 3.5188056959079823 3.9999999999999982 4.0 4.0 4.347296355333856 4.462258842671329 4.915271730051585 5.096260398918397 5.311107817465984 5.414213562373096 5.532088886237957 5.765050954093777 6.676243198995257 6.7745986858523715 7.170086486626034 7.247601581988305 
1 4 0 1.3237568010047422 1.4252497202883727 2.1206147584281805 2.585786437626906 3.0847282699484135 3.2289798161874512 3.5188056959079823 3.9999999999999982 4.0 4.0 4.347296355333856 4.462258842671329 4.915271730051585 5.096260398918397 5.311107817465984 5.414213562373096 5.532088886237957 5.765050954093777 6.676243198995257 6.7745986858523715 7.170086486626034 7.247601581988305 
1 3 0 0.390531629842668 0.8933679427458348 1.2472928920965125 1.3330934811686195 1.4093385489826304 1.7346551957219676 1.8714941109215786 1.9474590479380043 2.010337433860816 2.269112133084517 2.448298699749491 2.47500681000119 2.539193672429518 2.705147801535954 2.7708471034987303 2.8392229186779354 2.9612360388455374 3.063375936840777 3.1746406788961004 3.3578294359520653 3.3638449043525434 3.514290813474145 3.5587936998651015 3.852510284727363 3.913879449977569 4.006632864394384 4.078134930130584 4.124731409344363 4.143421227998303 4.238865655018884 4.301053010235368 4.343842959523514 4.390868821784163 4.46008329318595 4.518981060318785 4.556922214295615 4.758586829276253 4.796190256286844 4.800434971714989 4.8744524417313295 5.033778940911753 5.106718617744324 5.183351472928823 5.216516642878886 5.3663501017971065 5.4239907080742125 5.569726375866979 5.647326315367856 5.807942422988658 5.820901162331249 5.82941925424062 5.835732946833796 5.972007812285161 6.0313556712554774 6.083538933490729 6.190991776763619 6.202491779941614 6.342040769310584 6.396067145457489 6.456079478694365 6.532155983433716 6.662991678718361 6.747857042137485 6.833065909351616 6.909220634596423 7.1045118325222605 7.158385156725822 7.289998233916847 7.4788699007638835 7.640796719102834 7.6659223889818096 7.819616877086268 7.8910170225026235 8.041635663054839 8.143025517464958 8.26549494173051 8.437457413021807 8.443725266048824 8.803988092320886 8.878210792131407 9.075689993577118 9.1265660826281 9.228322782362405 9.259866991276885 9.397511608597721 9.435714222968722 9.496193880004752 9.496854885913868 9.62118387208429 9.649742233968906 9.685873386784902 9.751435732064007 9.997720146492538 10.145556455170173 10.378199788960123 10.432213668829293 10.549246611724628 10.586988638918559 10.964762672867122 11.028442242129623 11.080064331800486 11.210218201193097 11.227964287818164 11.372611929418857 11.416651514269757 11.447771159048395 11.504095832600882 11.57588439293051 11.647554777827315 11.794489257861644 11.919012945504587 12.028557953407194 12.171338494114973 12.569699376822493 12.60614220347454 12.670163588496663 12.836380061258021 12.916673984681188 12.955273204174459 13.056934568662038 13.150224696730994 13.231929335377062 
1 2 0 0.390531629842668 0.8933679427458348 1.2472928920965125 1.3330934811686195 1.4093385489826304 1.7346551957219676 1.8714941109215786 1.9474590479380043 2.010337433860816 2.269112133084517 2.448298699749491 2.47500681000119 2.539193672429518 2.705147801535954 2.7708471034987303 2.8392229186779354 2.9612360388455374 3.063375936840777 3.1746406788961004 3.3578294359520653 3.3638449043525434 3.514290813474145 3.5587936998651015 3.852510284727363 3.913879449977569 4.006632864394384 4.078134930130584 4.124731409344363 4.143421227998303 4.238865655018884 4.301053010235368 4.343842959523514 4.390868821784163 4.46008329318595 4.518981060318785 4.556922214295615 4.758586829276253 4.796190256286844 4.800434971714989 4.8744524417313295 5.033778940911753 5.106718617744324 5.183351472928823 5.216516642878886 5.3663501017971065 5.4239907080742125 5.569726375866979 5.647326315367856 5.807942422988658 5.820901162331249 5.82941925424062 5.835732946833796 5.972007812285161 6.0313556712554774 6.083538933490729 6.190991776763619 6.202491779941614 6.342040769310584 6.396067145457489 6.456079478694365 6.532155983433716 6.662991678718361 6.747857042137485 6.833065909351616 6.909220634596423 7.1045118325222605 7.158385156725822 7.289998233916847 7.4788699007638835 7.640796719102834 7.6659223889818096 7.819616877086268 7.8910170225026235 8.041635663054839 8.143025517464958 8.26549494173051 8.437457413021807 8.443725266048824 8.803988092320886 8.878210792131407 9.075689993577118 9.1265660826281 9.228322782362405 9.259866991276885 9.397511608597721 9.435714222968722 9.496193880004752 9.496854885913868 9.62118387208429 9.649742233968906 9.685873386784902 9.751435732064007 9.997720146492538 10.145556455170173 10.378199788960123 10.432213668829293 10.549246611724628 10.586988638918559 10.964762672867122 11.028442242129623 11.080064331800486 11.210218201193097 11.227964287818164 11.372611929418857 11.416651514269757 11.447771159048395 11.504095832600882 11.57588439293051 11.647554777827315 11.794489257861644 11.919012945504587 12.028557953407194 12.171338494114973 12.569699376822493 12.60614220347454 12.670163588496663 12.836380061258021 12.916673984681188 12.955273204174459 13.056934568662038 13.150224696730994 13.231929335377062 
1 1 0 0.5889271019304197 0.7482522816392265 1.0100934413192075 1.2226521647146253 1.4491744783953941 1.6115201474805252 1.6542130086872033 1.8616375048008589 1.9643865988465088 2.007493333293812 2.0288250560950605 2.171849185454211 2.2791175680470492 2.3974750631830357 2.549234821250665 2.663509559943126 2.74587273163284 2.8037647564443144 2.9377114690157926 2.9484317307102943 2.984723874893092 3.0302569230596594 3.0560297418221647 3.173495024437942 3.292600270924702 3.360875832202438 3.38010895827124 3.4778697069472595 3.5090589833488997 3.59442302461105 3.655920810958463 3.7189300236904064 3.7756002692431476 3.957311509284271 4.092152437865361 4.169745168943656 4.1782053315714185 4.247401891794132 4.283024519183476 4.351109431582097 4.425399335086501 4.544380545988822 4.585781027776512 4.652691889323879 4.6916085414962145 4.729943873002032 4.80695766133533 4.835865389574825 4.8838488192391365 4.995744573204271 5.055787085607402 5.0747824224627145 5.097073658536272 5.248448205890923 5.410595533449405 5.433879878951084 5.5315401273546225 5.549054550463232 5.629878860759073 5.743925842139905 5.769375946756479 5.888376447844996 5.9473534266234545 5.957549400783845 5.9866893238972265 6.034596940534828 6.065855132033458 6.1530564116046955 6.229630496098585 6.3477671533260125 6.351236171810009 6.454907157585951 6.482744405783238 6.58095391624251 6.689906809313451 6.848368518336692 6.868864205064053 6.915267154955935 7.047418915652075 7.150469784128951 7.16357918254552 7.214948339934796 7.226407579961344 7.533500256263845 7.545726727803666 7.653059119503647 7.752630563359606 7.835632402680015 7.94875153652323 8.112554040233478 8.144849372727224 8.196383171748671 8.352163587590749 8.420656220149814 8.486201163823134 8.503733022177073 8.520824685528112 8.564842929098823 8.568026750568153 8.613474098485085 8.676860985157822 8.70709421086358 8.771177341420492 8.890797758189828 8.917556928097524 9.08802374456073 9.232901430853904 9.262607786734396 9.316049260610402 9.492109986185623 9.555597189303247 9.58323639705306 9.661612360099745 9.733943482611808 9.793930114132104 9.827822091153092 9.865835697588624 9.950588319933315 9.99372577470869 10.048198722669254 10.082769466053573 10.210279415720409 10.228941551156266 10.281321833102805 10.301455113846982 10.349361489287075 10.368280431352918 10.457801355979813 10.46725084182167 10.509551721332866 10.582163367472425 10.630822547906744 10.721705272955845 10.726253199770518 10.784776228520306 10.939185703082106 10.949180370905 10.998602060719296 11.063420404474348 11.377064214623614 11.465929383372524 11.496440294848714 11.842888086279375 11.864343262577853 12.241301890138573 12.386095857273997 12.506631466780938 12.62451945890552 12.669612226200067 12.77104156894472 12.806608804627727 12.867264107682407 12.892992460205418 12.908191555681753 13.003630038901541 13.02227602421089 13.056436850075348 13.088021083290215 13.161069353410916 13.19162496570279 13.219751121820835 13.312728738522443 13.328596004094045 13.370496658308177 13.406461940625125 13.41854124829451 13.511452063933167 13.566295001939919 13.616053113690183 13.634181554099463 13.664334677114972 13.688222484731394 13.723844177891488 13.828261604573665 13.863460913294771 13.94280914757454 14.052129975772162 14.09774755545529 14.141864305048086 14.14308331747367 14.321109808527082 14.495951748157598 14.56791516435973 14.61607132106809 14.704537808120053 14.817248488830987 14.870700323248425 14.886011448742348 14.950020877915344 15.036578323632352 15.077510031888153 15.12338445485392 15.35423717042935 15.36589251229591 15.438835790865472 15.461615950420065 15.606579233470908 15.784081704993525 15.819811543002984 15.916309751552879 
1 0 0 0.5889271019304197 0.7482522816392265 1.0100934413192075 1.2226521647146253 1.4491744783953941 1.6115201474805252 1.6542130086872033 1.8616375048008589 1.9643865988465088 2.007493333293812 2.0288250560950605 2.171849185454211 2.2791175680470492 2.3974750631830357 2.549234821250665 2.663509559943126 2.74587273163284 2.8037647564443144 2.9377114690157926 2.9484317307102943 2.984723874893092 3.0302569230596594 3.0560297418221647 3.173495024437942 3.292600270924702 3.360875832202438 3.38010895827124 3.4778697069472595 3.5090589833488997 3.59442302461105 3.655920810958463 3.7189300236904064 3.7756002692431476 3.957311509284271 4.092152437865361 4.169745168943656 4.1782053315714185 4.247401891794132 4.283024519183476 4.351109431582097 4.425399335086501 4.544380545988822 4.585781027776512 4.652691889323879 4.6916085414962145 4.729943873002032 4.80695766133533 4.835865389574825 4.8838488192391365 4.995744573204271 5.055787085607402 5.0747824224627145 5.097073658536272 5.248448205890923 5.410595533449405 5.433879878951084 5.5315401273546225 5.549054550463232 5.629878860759073 5.743925842139905 5.769375946756479 5.888376447844996 5.9473534266234545 5.957549400783845 5.9866893238972265 6.034596940534828 6.065855132033458 6.1530564116046955 6.229630496098585 6.3477671533260125 6.351236171810009 6.454907157585951 6.482744405783238 6.58095391624251 6.689906809313451 6.848368518336692 6.868864205064053 6.915267154955935 7.047418915652075 7.150469784128951 7.16357918254552 7.214948339934796 7.226407579961344 7.533500256263845 7.545726727803666 7.653059119503647 7.752630563359606 7.835632402680015 7.94875153652323 8.112554040233478 8.144849372727224 8.196383171748671 8.352163587590749 8.420656220149814 8.486201163823134 8.503733022177073 8.520824685528112 8.564842929098823 8.568026750568153 8.613474098485085 8.676860985157822 8.70709421086358 8.771177341420492 8.890797758189828 8.917556928097524 9.08802374456073 9.232901430853904 9.262607786734396 9.316049260610402 9.492109986185623 9.555597189303247 9.58323639705306 9.661612360099745 9.733943482611808 9.793930114132104 9.827822091153092 9.865835697588624 9.950588319933315 9.99372577470869 10.048198722669254 10.082769466053573 10.210279415720409 10.228941551156266 10.281321833102805 10.301455113846982 10.349361489287075 10.368280431352918 10.457801355979813 10.46725084182167 10.509551721332866 10.582163367472425 10.630822547906744 10.721705272955845 10.726253199770518 10.784776228520306 10.939185703082106 10.949180370905 10.998602060719296 11.063420404474348 11.377064214623614 11.465929383372524 11.496440294848714 11.842888086279375 11.864343262577853 12.241301890138573 12.386095857273997 12.506631466780938 12.62451945890552 12.669612226200067 12.77104156894472 12.806608804627727 12.867264107682407 12.892992460205418 12.908191555681753 13.003630038901541 13.02227602421089 13.056436850075348 13.088021083290215 13.161069353410916 13.19162496570279 13.219751121820835 13.312728738522443 13.328596004094045 13.370496658308177 13.406461940625125 13.41854124829451 13.511452063933167 13.566295001939919 13.616053113690183 13.634181554099463 13.664334677114972 13.688222484731394 13.723844177891488 13.828261604573665 13.863460913294771 13.94280914757454 14.052129975772162 14.09774755545529 14.141864305048086 14.14308331747367 14.321109808527082 14.495951748157598 14.56791516435973 14.61607132106809 14.704537808120053 14.817248488830987 14.870700323248425 14.886011448742348 14.950020877915344 15.036578323632352 15.077510031888153 15.12338445485392 15.35423717042935 15.36589251229591 15.438835790865472 15.461615950420065 15.606579233470908 15.784081704993525 15.819811543002984 15.916309751552879 
1 -1 0 0.8076353580291531 1.3931002097172362 1.5821319020988454 1.7586772624304425 1.8912175484388858 1.97724661471016 2.1904074291185527 2.3462522307585867 2.493991700360479 2.6204682712086877 2.6573792133560685 2.9575589521921746 2.995265340341899 3.422046031053078 3.497236959903704 3.550608892499374 3.6757158708159836 3.8606588935368507 3.9993857655739213 4.019846849443078 4.157072507628408 4.284947005764287 4.447311292535838 4.525355255964835 4.607163422365419 4.658910998060775 4.665989723518677 4.78636057485461 4.898602901864449 5.088529758540536 5.124148584847574 5.31523689386898 5.496833491887241 5.709673961744623 5.747614417487958 5.771523933749251 5.8931789590385115 5.927239637491093 6.0205048438996736 6.270527998318851 6.313698598680137 6.386835952390481 6.441346905887531 6.491834856731527 6.6269053415343615 6.780897823765564 6.810831028995425 7.046936660067661 7.154787493810009 7.307303330485232 7.327251934567763 7.418824373482952 7.58482847749569 7.7203543960739465 7.826105567593205 8.06444266604534 8.16641932595003 8.232105317802441 8.269996081838906 8.48067384281035 8.61987745807663 8.687186140708057 8.807301272739778 8.835038439777689 8.900241815221307 9.065661047122608 9.320731721491606 9.4498272155289 9.479881454769924 9.629884293549829 9.704552260607004 9.827123962512179 10.088172084875351 10.26124887326899 10.263998473546325 10.329982620352972 10.501174228348459 10.629321275047916 10.685332184800128 10.73165030351396 10.784498272661274 10.872342143589831 10.938985750921116 10.999999999999991 11.017766709769374 11.240338433121144 11.301435829654503 11.396684686740656 11.52589051646542 11.538339723369292 11.571752275073473 11.713429732430141 11.740619499883056 11.893518496215536 11.901265323243502 11.984303161930733 12.0 12.000000000000009 12.111116156103018 12.131068225337508 12.18320490211991 12.233816030323514 12.484574328024944 12.490775646167272 12.66669463575036 12.72720409164341 12.743604766923948 12.767344287624065 12.967631162071282 13.010532546744452 13.110507475822766 13.219134787828784 13.26290162168355 13.297251965313102 13.350721641585096 13.429854966976256 13.478833422466808 13.489802723255714 13.629113868628908 13.718414136300478 13.849603419296088 13.86099807605288 
2 -1 0 2.6573792133560703 3.999385765573917 4.6659897235186785 5.747614417487959 6.313698598680135 6.810831028995424 7.418824373482955 9.827123962512173 10.088172084875355 10.261248873268986 10.629321275047918 10.731650303513957 10.784498272661276 10.938985750921107 11.000000000000004 11.301435829654501 11.396684686740643 11.525890516465422 11.901265323243488 12.0 12.000000000000009 
1 -2 0 0.8076353580291531 1.3931002097172362 1.5821319020988454 1.7586772624304425 1.8912175484388858 1.97724661471016 2.1904074291185527 2.3462522307585867 2.493991700360479 2.6204682712086877 2.6573792133560685 2.9575589521921746 2.995265340341899 3.422046031053078 3.497236959903704 3.550608892499374 3.6757158708159836 3.8606588935368507 3.9993857655739213 4.019846849443078 4.157072507628408 4.284947005764287 4.447311292535838 4.525355255964835 4.607163422365419 4.658910998060775 4.665989723518677 4.78636057485461 4.898602901864449 5.088529758540536 5.124148584847574 5.31523689386898 5.496833491887241 5.709673961744623 5.747614417487958 5.771523933749251 5.8931789590385115 5.927239637491093 6.0205048438996736 6.270527998318851 6.313698598680137 6.386835952390481 6.441346905887531 6.491834856731527 6.6269053415343615 6.780897823765564 6.810831028995425 7.046936660067661 7.154787493810009 7.307303330485232 7.327251934567763 7.418824373482952 7.58482847749569 7.7203543960739465 7.826105567593205 8.06444266604534 8.16641932595003 8.232105317802441 8.269996081838906 8.48067384281035 8.61987745807663 8.687186140708057 8.807301272739778 8.835038439777689 8.900241815221307 9.065661047122608 9.320731721491606 9.4498272155289 9.479881454769924 9.629884293549829 9.704552260607004 9.827123962512179 10.088172084875351 10.26124887326899 10.263998473546325 10.329982620352972 10.501174228348459 10.629321275047916 10.685332184800128 10.73165030351396 10.784498272661274 10.872342143589831 10.938985750921116 10.999999999999991 11.017766709769374 11.240338433121144 11.301435829654503 11.396684686740656 11.52589051646542 11.538339723369292 11.571752275073473 11.713429732430141 11.740619499883056 11.893518496215536 11.901265323243502 11.984303161930733 12.0 12.000000000000009 12.111116156103018 12.131068225337508 12.18320490211991 12.233816030323514 12.484574328024944 12.490775646167272 12.66669463575036 12.72720409164341 12.743604766923948 12.767344287624065 12.967631162071282 13.010532546744452 13.110507475822766 13.219134787828784 13.26290162168355 13.297251965313102 13.350721641585096 13.429854966976256 13.478833422466808 13.489802723255714 13.629113868628908 13.718414136300478 13.849603419296088 13.86099807605288 
2 -2 0 2.6573792133560703 3.999385765573917 4.6659897235186785 5.747614417487959 6.313698598680135 6.810831028995424 7.418824373482955 9.827123962512173 10.088172084875355 10.261248873268986 10.629321275047918 10.731650303513957 10.784498272661276 10.938985750921107 11.000000000000004 11.301435829654501 11.396684686740643 11.525890516465422 11.901265323243488 12.0 12.000000000000009 
0 5 0 1.3237568010047418 2.585786437626904 3.0847282699484153 3.999999999999999 4.000000000000002 4.915271730051585 5.414213562373094 6.676243198995257 
0 4 0 1.3237568010047418 2.585786437626904 3.0847282699484153 3.999999999999999 4.000000000000002 4.915271730051585 5.414213562373094 6.676243198995257 
0 3 0 0.3905316298426822 0.8933679427458499 1.2472928920965107 1.4093385489826304 1.6763508291958131 1.734655195721963 1.871494110921567 2.0103374338608195 2.2841198258205124 2.4482986997494898 2.539193672429535 2.705147801535955 2.839222918677943 2.9612360388455325 2.985746643448387 3.174640678896104 3.3578294359520626 3.514290813474145 3.694753550346289 3.852510284727358 4.006632864394378 4.078134930130582 4.124731409344365 4.301053010235368 4.327567901629717 4.46008329318595 4.518981060318786 4.626332975913288 4.758586829276252 4.80043497171499 4.874452441731334 4.924015100168463 5.033778940911754 5.1833514729288215 5.423990708074211 5.437184774825989 5.5697263758669795 5.807942422988663 5.835732946833798 5.88300268554408 6.0313556712554774 6.083538933490733 6.139743901226529 6.190991776763617 6.342040769310587 6.462908997941819 6.532155983433714 6.747857042137488 6.909220634596424 6.922340083135615 7.158385156725823 7.289998233916847 7.3296312137714725 7.478869900763888 7.640796719102847 7.69772017851152 7.89101702250262 8.015160912270952 8.051900277613793 8.265494941730509 8.443725266048814 8.451517577763466 8.803988092320882 9.0 9.075689993577122 9.1265660826281 9.183042978467777 9.228322782362405 9.391539098824827 9.397511608597716 9.435714222968715 9.496193880004743 9.621183872084284 9.624766319246804 9.649742233968905 9.751435732064003 9.890654174332902 9.997720146492536 10.145556455170167 10.432213668829291 10.58698863891856 11.028442242129618 11.080064331800473 11.210218201193095 11.22796428781815 11.372611929418849 11.447771159048385 11.504095832600889 11.647554777827308 
0 2 0 0.3905316298426822 0.8933679427458499 1.2472928920965107 1.4093385489826304 1.6763508291958131 1.734655195721963 1.871494110921567 2.0103374338608195 2.2841198258205124 2.4482986997494898 2.539193672429535 2.705147801535955 2.839222918677943 2.9612360388455325 2.985746643448387 3.174640678896104 3.3578294359520626 3.514290813474145 3.694753550346289 3.852510284727358 4.006632864394378 4.078134930130582 4.124731409344365 4.301053010235368 4.327567901629717 4.46008329318595 4.518981060318786 4.626332975913288 4.758586829276252 4.80043497171499 4.874452441731334 4.924015100168463 5.033778940911754 5.1833514729288215 5.423990708074211 5.437184774825989 5.5697263758669795 5.807942422988663 5.835732946833798 5.88300268554408 6.0313556712554774 6.083538933490733 6.139743901226529 6.190991776763617 6.342040769310587 6.462908997941819 6.532155983433714 6.747857042137488 6.909220634596424 6.922340083135615 7.158385156725823 7.289998233916847 7.3296312137714725 7.478869900763888 7.640796719102847 7.69772017851152 7.89101702250262 8.015160912270952 8.051900277613793 8.265494941730509 8.443725266048814 8.451517577763466 8.803988092320882 9.0 9.075689993577122 9.1265660826281 9.183042978467777 9.228322782362405 9.391539098824827 9.397511608597716 9.435714222968715 9.496193880004743 9.621183872084284 9.624766319246804 9.649742233968905 9.751435732064003 9.890654174332902 9.997720146492536 10.145556455170167 10.432213668829291 10.58698863891856 11.028442242129618 11.080064331800473 11.210218201193095 11.22796428781815 11.372611929418849 11.447771159048385 11.504095832600889 11.647554777827308 
0 1 1 5.329070518200751e-15 0.5889271019303963 0.7482522816392279 0.8395733038476572 1.0100934413192262 1.2226521647146136 1.4008572835890458 1.449174478395375 1.4541476829614546 1.6115201474805214 1.654213008687209 1.727660288543966 1.8388460234416966 1.8616375048008758 1.964386598846524 2.003785135263668 2.028825056095057 2.171849185454223 2.1759967678890275 2.288109404556192 2.373969545528196 2.397475063183045 2.5492348212506672 2.5865384063113566 2.6635095599431238 2.7458727316328355 2.803764756444306 2.9216045400108372 2.948431730710284 3.0302569230596372 3.1734950244379285 3.2926002709247157 3.360875832202446 3.3658858874397355 3.380108958271249 3.4416662296514926 3.4778697069472626 3.509058983348895 3.513395683471918 3.6559208109584636 3.660348747990183 3.7716012219934236 3.7756002692431427 3.8614985572684573 3.957311509284266 4.053788734325707 4.092152437865368 4.092344303380792 4.178205331571423 4.194925454873859 4.247401891794126 4.283024519183483 4.325942318981538 4.351109431582095 4.485663698005025 4.544380545988829 4.551919517856949 4.6526918893238784 4.691608541496209 4.713607523022411 4.80695766133533 4.835237300339415 4.835865389574826 4.883848819239139 4.995744573204274 5.0135805534054505 5.036751097706661 5.05578708560741 5.097073658536267 5.161945069061905 5.248448205890928 5.340635518054523 5.3833322765042855 5.433879878951087 5.510392271362955 5.549054550463231 5.629878860759073 5.769375946756476 5.848287223932181 5.888376447845004 5.957549400783848 5.986689323897226 6.034596940534829 6.060705036967644 6.065855132033463 6.113255924262799 6.153056411604701 6.218432717216895 6.31060326712799 6.347767153326015 6.397897910489881 6.482744405783246 6.5247343015341235 6.5809539162425095 6.625676893310039 6.663339271830944 6.689906809313451 6.762772206233963 6.848368518336693 6.915267154955935 6.921795761904949 7.047418915652073 7.093377491348537 7.150469784128954 7.163579182545512 7.19381499376011 7.226407579961346 7.394304288291397 7.411975755149611 7.533500256263847 7.586066003411804 7.647233345455435 7.653059119503649 7.752630563359617 7.811393819285912 7.835632402680012 7.903634076537869 7.948751536523231 8.06449108769308 8.094734920325665 8.144849372727219 8.196383171748673 8.337732824518731 8.420656220149814 8.486201163823143 8.503733022177077 8.531783709574311 8.568026750568158 8.613474098485083 8.687269485865212 8.707094210863586 8.771177341420493 8.782799853406562 8.885053397569498 8.890797758189834 8.917556928097532 8.964506690646251 9.054081778425171 9.088023744560731 9.219158446840385 9.232901430853905 9.262607786734392 9.323101684872665 9.469936089796981 9.492109986185625 9.555597189303246 9.583236397053065 9.661364574743398 9.661612360099744 9.733943482611817 9.7939301141321 9.950588319933315 9.993725774708697 10.021040132413411 10.082769466053579 10.210279415720416 10.228941551156273 10.281321833102812 10.33020567037157 10.349361489287078 10.413685521765853 10.467250841821683 10.494863235277315 10.546352884628494 10.582163367472424 10.63082254790674 10.721705272955823 10.784776228520313 10.918150338929184 10.949180370904998 11.063420404474371 11.21214898647654 11.377064214623616 11.412657227047541 11.496440294848727 11.576986411293788 11.694573373702001 11.755352309926945 11.87203434507036 11.975005095254053 12.060598677672699 12.107733277646707 12.149137786220045 12.180601002820499 12.232952204544587 12.241301890138555 12.386095857274007 12.402214270337259 12.504579847502775 12.50663146678094 12.558764503449947 12.62451945890552 12.669612226200059 12.692328518234367 12.771041568944726 12.789760474532377 12.806608804627736 12.84048103289825 12.908191555681752 12.993806895561828 13.022276024210898 13.032861433103138 13.056436850075352 13.161069353410928 13.190492728492698 13.220671880741627 13.255866145071645 13.297525528358095 13.328596004094043 13.33119419993856 13.370496658308172 13.418541248294522 13.424633932892927 13.470005194699 13.49558029799784 13.51145206393317 13.628323530084813 13.63418155409946 13.664334677114978 13.716653050741865 13.723844177891483 13.828261604573658 13.849441118594527 13.85987175673522 13.86346091329476 14.097747555455285 14.141864305048095 14.321109808527089 14.495951748157625 14.567915164359748 14.616071321068102 14.704537808120051 14.817248488830984 14.870700323248434 14.886011448742368 15.036578323632341 15.0775100318882 15.365892512295904 15.461615950420091 15.606579233470931 
0 0 1 5.329070518200751e-15 0.5889271019303963 0.7482522816392279 0.8395733038476572 1.0100934413192262 1.2226521647146136 1.4008572835890458 1.449174478395375 1.4541476829614546 1.6115201474805214 1.654213008687209 1.727660288543966 1.8388460234416966 1.8616375048008758 1.964386598846524 2.003785135263668 2.028825056095057 2.171849185454223 2.1759967678890275 2.288109404556192 2.373969545528196 2.397475063183045 2.5492348212506672 2.5865384063113566 2.6635095599431238 2.7458727316328355 2.803764756444306 2.9216045400108372 2.948431730710284 3.0302569230596372 3.1734950244379285 3.2926002709247157 3.360875832202446 3.3658858874397355 3.380108958271249 3.4416662296514926 3.4778697069472626 3.509058983348895 3.513395683471918 3.6559208109584636 3.660348747990183 3.7716012219934236 3.7756002692431427 3.8614985572684573 3.957311509284266 4.053788734325707 4.092152437865368 4.092344303380792 4.178205331571423 4.194925454873859 4.247401891794126 4.283024519183483 4.325942318981538 4.351109431582095 4.485663698005025 4.544380545988829 4.551919517856949 4.6526918893238784 4.691608541496209 4.713607523022411 4.80695766133533 4.835237300339415 4.835865389574826 4.883848819239139 4.995744573204274 5.0135805534054505 5.036751097706661 5.05578708560741 5.097073658536267 5.161945069061905 5.248448205890928 5.340635518054523 5.3833322765042855 5.433879878951087 5.510392271362955 5.549054550463231 5.629878860759073 5.769375946756476 5.848287223932181 5.888376447845004 5.957549400783848 5.986689323897226 6.034596940534829 6.060705036967644 6.065855132033463 6.113255924262799 6.153056411604701 6.218432717216895 6.31060326712799 6.347767153326015 6.397897910489881 6.482744405783246 6.5247343015341235 6.5809539162425095 6.625676893310039 6.663339271830944 6.689906809313451 6.762772206233963 6.848368518336693 6.915267154955935 6.921795761904949 7.047418915652073 7.093377491348537 7.150469784128954 7.163579182545512 7.19381499376011 7.226407579961346 7.394304288291397 7.411975755149611 7.533500256263847 7.586066003411804 7.647233345455435 7.653059119503649 7.752630563359617 7.811393819285912 7.835632402680012 7.903634076537869 7.948751536523231 8.06449108769308 8.094734920325665 8.144849372727219 8.196383171748673 8.337732824518731 8.420656220149814 8.486201163823143 8.503733022177077 8.531783709574311 8.568026750568158 8.613474098485083 8.687269485865212 8.707094210863586 8.771177341420493 8.782799853406562 8.885053397569498 8.890797758189834 8.917556928097532 8.964506690646251 9.054081778425171 9.088023744560731 9.219158446840385 9.232901430853905 9.262607786734392 9.323101684872665 9.469936089796981 9.492109986185625 9.555597189303246 9.583236397053065 9.661364574743398 9.661612360099744 9.733943482611817 9.7939301141321 9.950588319933315 9.993725774708697 10.021040132413411 10.082769466053579 10.210279415720416 10.228941551156273 10.281321833102812 10.33020567037157 10.349361489287078 10.413685521765853 10.467250841821683 10.494863235277315 10.546352884628494 10.582163367472424 10.63082254790674 10.721705272955823 10.784776228520313 10.918150338929184 10.949180370904998 11.063420404474371 11.21214898647654 11.377064214623616 11.412657227047541 11.496440294848727 11.576986411293788 11.694573373702001 11.755352309926945 11.87203434507036 11.975005095254053 12.060598677672699 12.107733277646707 12.149137786220045 12.180601002820499 12.232952204544587 12.241301890138555 12.386095857274007 12.402214270337259 12.504579847502775 12.50663146678094 12.558764503449947 12.62451945890552 12.669612226200059 12.692328518234367 12.771041568944726 12.789760474532377 12.806608804627736 12.84048103289825 12.908191555681752 12.993806895561828 13.022276024210898 13.032861433103138 13.056436850075352 13.161069353410928 13.190492728492698 13.220671880741627 13.255866145071645 13.297525528358095 13.328596004094043 13.33119419993856 13.370496658308172 13.418541248294522 13.424633932892927 13.470005194699 13.49558029799784 13.51145206393317 13.628323530084813 13.63418155409946 13.664334677114978 13.716653050741865 13.723844177891483 13.828261604573658 13.849441118594527 13.85987175673522 13.86346091329476 14.097747555455285 14.141864305048095 14.321109808527089 14.495951748157625 14.567915164359748 14.616071321068102 14.704537808120051 14.817248488830984 14.870700323248434 14.886011448742368 15.036578323632341 15.0775100318882 15.365892512295904 15.461615950420091 15.606579233470931 
0 -1 1 -2.3092638912203256e-14 0.5833326053926609 0.8076353580291445 0.8200618599668886 0.9461593466843867 1.2366784992901914 1.3072871156926766 1.3931002097172354 1.453582414553676 1.582131902098864 1.758677262430428 1.7669784136777962 1.8912175484388873 1.9006329886227138 1.9772466147101593 1.983946513033797 2.024016279285818 2.190407429118558 2.2260096600984705 2.2986083576205694 2.346252230758581 2.452961739996525 2.493991700360486 2.5843786946511815 2.6204682712086886 2.6272980427144086 2.8243134383624495 2.9575589521921644 2.9952653403418816 3.049944057102363 3.2073810716614948 3.2838830002513735 3.3400895294267654 3.3593865323692387 3.422046031053087 3.4972369599036943 3.5506088924993553 3.5515771318696885 3.633986238299401 3.644273337081098 3.6757158708159707 3.777195818076288 3.860658893536838 3.8743188666739843 3.9114561058956925 3.943685139005637 4.019846849443073 4.0564747044941125 4.1570725076284045 4.1870928150708995 4.238313905900225 4.284947005764277 4.366275534570811 4.447311292535841 4.502445634025053 4.525355255964839 4.545248160351945 4.5933017616407055 4.607163422365415 4.658910998060781 4.681066416516289 4.786360574854604 4.898602901864443 4.95446691781519 5.025965312193342 5.0705422653355825 5.088529758540535 5.115883078082213 5.124148584847576 5.1815251981932295 5.28238880882292 5.31523689386898 5.403356858496025 5.496833491887238 5.503381061312722 5.605187176867467 5.709673961744627 5.771523933749253 5.794368493901666 5.852417546948877 5.893178959038492 5.927239637491091 5.972541899358241 6.02050484389968 6.068783549829161 6.1105655030560575 6.209813457911544 6.244182375723927 6.270527998318853 6.319006155219674 6.386835952390484 6.441346905887534 6.450498982571413 6.491834856731531 6.5328562784179045 6.609729853851778 6.62690534153436 6.780897823765561 6.878181809842359 6.910846239484123 7.009219477404243 7.046936660067652 7.110636789850242 7.154787493810011 7.2632949928891035 7.3073033304852375 7.3143913545334245 7.327251934567768 7.3773451788939 7.449469471288078 7.584828477495689 7.686724926497928 7.708014219357528 7.7203543960739385 7.8261055675932 7.985449354143671 8.060954733595736 8.064442666045338 8.097470484771957 8.166419325950026 8.226884228154496 8.232105317802437 8.2699960818389 8.440214414216456 8.470719554738778 8.480673842810345 8.508390611950444 8.600266937620297 8.61987745807663 8.68718614070806 8.730465575752484 8.799061486199843 8.807301272739782 8.835038439777701 8.900241815221296 8.905402601558224 9.00064682323739 9.012939189611581 9.065661047122607 9.071917126562704 9.146840942924749 9.224921490935357 9.3207317214916 9.449827215528895 9.473482295115254 9.479881454769924 9.555008150601223 9.60061158760794 9.629884293549818 9.680528160690116 9.704552260607004 9.73093689986508 9.831158689964345 9.959049884940649 10.124108762966666 10.194196408750555 10.22016942577897 10.263998473546325 10.329982620352967 10.347144391366038 10.463959066225135 10.485066723982689 10.501174228348455 10.584345046758187 10.685332184800126 10.702084276706477 10.752903738829794 10.798682309356067 10.872342143589831 10.933369916074215 11.017766709769369 11.122250980423898 11.24033843312115 11.379743565864457 11.502616912296778 11.5383397233693 11.571752275073466 11.713429732430134 11.74061949988304 11.893518496215535 11.984303161930725 12.111116156103007 12.131068225337502 12.18320490211991 12.233816030323514 12.327793470022058 12.413444733668857 12.484574328024935 12.487381980077636 12.49077564616728 12.653843552785863 12.666694635750364 12.678848453998583 12.727204091643406 12.743604766923943 12.767344287624068 12.814768047148492 12.90945423512535 12.95936254080344 12.96763116207128 13.01053254674445 13.054002615211143 13.062446203022894 13.11050747582276 13.219134787828784 13.243556632380068 13.257533172920976 13.262901621683556 13.297251965313107 13.350721641585094 13.411839661297675 13.42985496697627 13.478833422466819 13.489802723255709 13.490250718938364 13.503846461772552 13.629113868628911 13.69199272064227 13.718414136300469 13.735547019389662 13.784568134124815 13.849603419296054 13.86099807605287 13.864509211109922 13.89561835966477 14.12815745490687 14.15470846680215 14.34231038434263 14.54969357037851 14.558988799921542 14.64639498407057 14.692100993681034 14.815138662601536 14.871776591230269 14.87899780743734 15.063696810479192 15.08294584470592 15.369053810533448 15.46791608486494 15.614322095922885 
0 -2 1 -2.3092638912203256e-14 0.5833326053926609 0.8076353580291445 0.8200618599668886 0.9461593466843867 1.2366784992901914 1.3072871156926766 1.3931002097172354 1.453582414553676 1.582131902098864 1.758677262430428 1.7669784136777962 1.8912175484388873 1.9006329886227138 1.9772466147101593 1.983946513033797 2.024016279285818 2.190407429118558 2.2260096600984705 2.2986083576205694 2.346252230758581 2.452961739996525 2.493991700360486 2.5843786946511815 2.6204682712086886 2.6272980427144086 2.8243134383624495 2.9575589521921644 2.9952653403418816 3.049944057102363 3.2073810716614948 3.2838830002513735 3.3400895294267654 3.3593865323692387 3.422046031053087 3.4972369599036943 3.5506088924993553 3.5515771318696885 3.633986238299401 3.644273337081098 3.6757158708159707 3.777195818076288 3.860658893536838 3.8743188666739843 3.9114561058956925 3.943685139005637 4.019846849443073 4.0564747044941125 4.1570725076284045 4.1870928150708995 4.238313905900225 4.284947005764277 4.366275534570811 4.447311292535841 4.502445634025053 4.525355255964839 4.545248160351945 4.5933017616407055 4.607163422365415 4.658910998060781 4.681066416516289 4.786360574854604 4.898602901864443 4.95446691781519 5.025965312193342 5.0705422653355825 5.088529758540535 5.115883078082213 5.124148584847576 5.1815251981932295 5.28238880882292 5.31523689386898 5.403356858496025 5.496833491887238 5.503381061312722 5.605187176867467 5.709673961744627 5.771523933749253 5.794368493901666 5.852417546948877 5.893178959038492 5.927239637491091 5.972541899358241 6.02050484389968 6.068783549829161 6.1105655030560575 6.209813457911544 6.244182375723927 6.270527998318853 6.319006155219674 6.386835952390484 6.441346905887534 6.450498982571413 6.491834856731531 6.5328562784179045 6.609729853851778 6.62690534153436 6.780897823765561 6.878181809842359 6.910846239484123 7.009219477404243 7.046936660067652 7.110636789850242 7.154787493810011 7.2632949928891035 7.3073033304852375 7.3143913545334245 7.327251934567768 7.3773451788939 7.449469471288078 7.584828477495689 7.686724926497928 7.708014219357528 7.7203543960739385 7.8261055675932 7.985449354143671 8.060954733595736 8.064442666045338 8.097470484771957 8.166419325950026 8.226884228154496 8.232105317802437 8.2699960818389 8.440214414216456 8.470719554738778 8.480673842810345 8.508390611950444 8.600266937620297 8.61987745807663 8.68718614070806 8.730465575752484 8.799061486199843 8.807301272739782 8.835038439777701 8.900241815221296 8.905402601558224 9.00064682323739 9.012939189611581 9.065661047122607 9.071917126562704 9.146840942924749 9.224921490935357 9.3207317214916 9.449827215528895 9.473482295115254 9.479881454769924 9.555008150601223 9.60061158760794 9.629884293549818 9.680528160690116 9.704552260607004 9.73093689986508 9.831158689964345 9.959049884940649 10.124108762966666 10.194196408750555 10.22016942577897 10.263998473546325 10.329982620352967 10.347144391366038 10.463959066225135 10.485066723982689 10.501174228348455 10.584345046758187 10.685332184800126 10.702084276706477 10.752903738829794 10.798682309356067 10.872342143589831 10.933369916074215 11.017766709769369 11.122250980423898 11.24033843312115 11.379743565864457 11.502616912296778 11.5383397233693 11.571752275073466 11.713429732430134 11.74061949988304 11.893518496215535 11.984303161930725 12.111116156103007 12.131068225337502 12.18320490211991 12.233816030323514 12.327793470022058 12.413444733668857 12.484574328024935 12.487381980077636 12.49077564616728 12.653843552785863 12.666694635750364 12.678848453998583 12.727204091643406 12.743604766923943 12.767344287624068 12.814768047148492 12.90945423512535 12.95936254080344 12.96763116207128 13.01053254674445 13.054002615211143 13.062446203022894 13.11050747582276 13.219134787828784 13.243556632380068 13.257533172920976 13.262901621683556 13.297251965313107 13.350721641585094 13.411839661297675 13.42985496697627 13.478833422466819 13.489802723255709 13.490250718938364 13.503846461772552 13.629113868628911 13.69199272064227 13.718414136300469 13.735547019389662 13.784568134124815 13.849603419296054 13.86099807605287 13.864509211109922 13.89561835966477 14.12815745490687 14.15470846680215 14.34231038434263 14.54969357037851 14.558988799921542 14.64639498407057 14.692100993681034 14.815138662601536 14.871776591230269 14.87899780743734 15.063696810479192 15.08294584470592 15.369053810533448 15.46791608486494 15.614322095922885 
0 -3 0 0.3467567249076211 0.8936507769367967 1.2800350351994745 1.3534913809642368 1.6297214458875633 1.743090430818868 1.7906071261421919 2.196601861317292 2.4010258253471424 2.513766361691134 2.6391762460586308 2.6870236353782526 2.9256204727702837 2.9898706808452142 3.1511302156430565 3.2212055084396085 3.3689360129077963 3.4842714399552355 3.7045364297704118 3.7372121864259826 3.8505454617916546 3.976797847859056 4.1175590925514 4.143977307678579 4.302583678692761 4.354077816643431 4.64345964151202 4.675835293244299 4.705013523843079 4.94413793967226 4.960243958200209 5.058085946563219 5.108771137393466 5.301993736430188 5.407037896246379 5.420842240323144 5.574948366332043 5.592069615756945 5.715132941117469 5.799681710363891 5.987328060991091 6.111704622660479 6.119377980165095 6.182695698111849 6.331516061151296 6.455227544522724 6.491743624982074 6.697999570551476 6.779774274740058 6.943576855460047 7.235459409568162 7.279375489260288 7.397390245658947 7.480534598437193 7.7676274528560105 7.909812243100124 7.937638025018825 8.033619700708101 8.103075500426769 8.26394663563971 8.462792136884183 8.647940217348882 8.824371271546802 8.86115306915452 8.899063713628786 9.08800154037761 9.273228108593015 9.32433674321828 9.33281530793298 9.400234635187633 9.474773373835408 9.590178509127595 9.606828876432047 9.681799170541726 9.787369037890688 9.861711342090592 9.882344579406025 9.8896454748637 10.153449174010174 10.209751997313237 10.635580200603087 10.704617015234465 10.919378077115734 11.130234727594198 11.212958629436416 11.367797404191867 11.421156580075134 11.488473757783677 11.648066784948934 
1 -3 0 1.7906071261421932 2.196601861317285 3.1511302156430494 3.704536429770416 4.1175590925514 4.6434596415120195 4.944137939672264 5.407037896246377 5.715132941117467 6.182695698111848 6.4917436249820755 6.779774274740052 7.27937548926029 7.90981224310012 8.033619700708096 8.103075500426762 8.647940217348888 8.824371271546799 9.273228108593019 9.324336743218277 9.590178509127595 9.889645474863698 
0 -4 0 0.3467567249076211 0.8936507769367967 1.2800350351994745 1.3534913809642368 1.6297214458875633 1.743090430818868 1.7906071261421919 2.196601861317292 2.4010258253471424 2.513766361691134 2.6391762460586308 2.6870236353782526 2.9256204727702837 2.9898706808452142 3.1511302156430565 3.2212055084396085 3.3689360129077963 3.4842714399552355 3.7045364297704118 3.7372121864259826 3.8505454617916546 3.976797847859056 4.1175590925514 4.143977307678579 4.302583678692761 4.354077816643431 4.64345964151202 4.675835293244299 4.705013523843079 4.94413793967226 4.960243958200209 5.058085946563219 5.108771137393466 5.301993736430188 5.407037896246379 5.420842240323144 5.574948366332043 5.592069615756945 5.715132941117469 5.799681710363891 5.987328060991091 6.111704622660479 6.119377980165095 6.182695698111849 6.331516061151296 6.455227544522724 6.491743624982074 6.697999570551476 6.779774274740058 6.943576855460047 7.235459409568162 7.279375489260288 7.397390245658947 7.480534598437193 7.7676274528560105 7.909812243100124 7.937638025018825 8.033619700708101 8.103075500426769 8.26394663563971 8.462792136884183 8.647940217348882 8.824371271546802 8.86115306915452 8.899063713628786 9.08800154037761 9.273228108593015 9.32433674321828 9.33281530793298 9.400234635187633 9.474773373835408 9.590178509127595 9.606828876432047 9.681799170541726 9.787369037890688 9.861711342090592 9.882344579406025 9.8896454748637 10.153449174010174 10.209751997313237 10.635580200603087 10.704617015234465 10.919378077115734 11.130234727594198 11.212958629436416 11.367797404191867 11.421156580075134 11.488473757783677 11.648066784948934 
1 -4 0 1.7906071261421932 2.196601861317285 3.1511302156430494 3.704536429770416 4.1175590925514 4.6434596415120195 4.944137939672264 5.407037896246377 5.715132941117467 6.182695698111848 6.4917436249820755 6.779774274740052 7.27937548926029 7.90981224310012 8.033619700708096 8.103075500426762 8.647940217348888 8.824371271546799 9.273228108593019 9.324336743218277 9.590178509127595 9.889645474863698 
-1 3 0 1.6763508291958098 2.2841198258205035 2.985746643448381 3.694753550346289 4.327567901629716 4.626332975913289 4.924015100168464 5.43718477482599 5.883002685544074 6.139743901226526 6.462908997941822 6.922340083135617 7.329631213771471 7.697720178511521 8.015160912270954 8.051900277613788 8.451517577763472 9.000000000000002 9.183042978467773 9.391539098824822 9.624766319246802 9.8906541743329 
-1 2 0 1.6763508291958098 2.2841198258205035 2.985746643448381 3.694753550346289 4.327567901629716 4.626332975913289 4.924015100168464 5.43718477482599 5.883002685544074 6.139743901226526 6.462908997941822 6.922340083135617 7.329631213771471 7.697720178511521 8.015160912270954 8.051900277613788 8.451517577763472 9.000000000000002 9.183042978467773 9.391539098824822 9.624766319246802 9.8906541743329 
-1 1 0 0.8395733038476754 1.4008572835890503 1.4541476829614643 1.727660288543979 1.838846023441688 2.003785135263665 2.175996767889035 2.2881094045561743 2.373969545528217 2.5865384063113575 2.683128334689842 2.921604540010848 3.3658858874397213 3.441666229651483 3.513395683471916 3.660348747990177 3.771601221993417 3.802090800528593 3.861498557268452 4.0537887343257015 4.092344303380788 4.194925454873863 4.325942318981535 4.485663698005028 4.551919517856951 4.713607523022412 4.835237300339411 5.013580553405446 5.036751097706665 5.114974758195592 5.161945069061898 5.317604258440564 5.340635518054518 5.383332276504284 5.510392271362952 5.848287223932178 6.060705036967643 6.113255924262802 6.218432717216891 6.310603267127979 6.316686914330224 6.397897910489876 6.5247343015341155 6.625676893310036 6.663339271830936 6.762772206233958 6.803441651560771 6.921795761904948 7.093377491348535 7.193814993760111 7.394304288291397 7.411975755149611 7.5860660034118 7.647233345455431 7.811393819285912 7.9036340765378785 8.064491087693078 8.094734920325667 8.165959682412563 8.337732824518724 8.531783709574313 8.687269485865217 8.782799853406562 8.885053397569502 8.964506690646248 9.054081778425164 9.219158446840376 9.277096395104165 9.323101684872666 9.469936089796974 9.661364574743406 9.897879869288705 10.021040132413402 10.116548470971258 10.279368485284945 10.330205670371575 10.413685521765853 10.494863235277307 10.546352884628497 10.707753623539686 10.750901436355727 10.918150338929182 10.999999999999998 11.212148986476533 11.216823542121759 11.31538598899361 11.412657227047537 11.523223570458818 11.576986411293793 11.694573373702003 11.755352309926957 11.801961068164866 11.872034345070363 11.909171149558304 11.975005095254051 11.999999999999993 12.000000000000002 12.0605986776727 12.10773327764671 12.149137786220052 12.1806010028205 12.232952204544587 12.402214270337254 12.504579847502772 12.558764503449943 12.692328518234369 12.789760474532363 12.840481032898248 12.993806895561823 13.032861433103136 13.190492728492686 13.220671880741621 13.255866145071643 13.297525528358083 13.331194199938551 13.42463393289292 13.47000519469899 13.495580297997835 13.628323530084828 13.716653050741874 13.849441118594497 13.859871756735217 
-1 0 0 0.8395733038476754 1.4008572835890503 1.4541476829614643 1.727660288543979 1.838846023441688 2.003785135263665 2.175996767889035 2.2881094045561743 2.373969545528217 2.5865384063113575 2.683128334689842 2.921604540010848 3.3658858874397213 3.441666229651483 3.513395683471916 3.660348747990177 3.771601221993417 3.802090800528593 3.861498557268452 4.0537887343257015 4.092344303380788 4.194925454873863 4.325942318981535 4.485663698005028 4.551919517856951 4.713607523022412 4.835237300339411 5.013580553405446 5.036751097706665 5.114974758195592 5.161945069061898 5.317604258440564 5.340635518054518 5.383332276504284 5.510392271362952 5.848287223932178 6.060705036967643 6.113255924262802 6.218432717216891 6.310603267127979 6.316686914330224 6.397897910489876 6.5247343015341155 6.625676893310036 6.663339271830936 6.762772206233958 6.803441651560771 6.921795761904948 7.093377491348535 7.193814993760111 7.394304288291397 7.411975755149611 7.5860660034118 7.647233345455431 7.811393819285912 7.9036340765378785 8.064491087693078 8.094734920325667 8.165959682412563 8.337732824518724 8.531783709574313 8.687269485865217 8.782799853406562 8.885053397569502 8.964506690646248 9.054081778425164 9.219158446840376 9.277096395104165 9.323101684872666 9.469936089796974 9.661364574743406 9.897879869288705 10.021040132413402 10.116548470971258 10.279368485284945 10.330205670371575 10.413685521765853 10.494863235277307 10.546352884628497 10.707753623539686 10.750901436355727 10.918150338929182 10.999999999999998 11.212148986476533 11.216823542121759 11.31538598899361 11.412657227047537 11.523223570458818 11.576986411293793 11.694573373702003 11.755352309926957 11.801961068164866 11.872034345070363 11.909171149558304 11.975005095254051 11.999999999999993 12.000000000000002 12.0605986776727 12.10773327764671 12.149137786220052 12.1806010028205 12.232952204544587 12.402214270337254 12.504579847502772 12.558764503449943 12.692328518234369 12.789760474532363 12.840481032898248 12.993806895561823 13.032861433103136 13.190492728492686 13.220671880741621 13.255866145071643 13.297525528358083 13.331194199938551 13.42463393289292 13.47000519469899 13.495580297997835 13.628323530084828 13.716653050741874 13.849441118594497 13.859871756735217 
-1 -1 0 0.5833326053926569 0.8200618599668958 0.9461593466844388 1.2366784992901805 1.307287115692679 1.4535824145536933 1.766978413677756 1.9006329886226787 1.9839465130337897 2.020049736828022 2.0240162792858403 2.22600966009845 2.29860835762057 2.4521793144459 2.452961739996527 2.5663385305696393 2.5843786946511833 2.627298042714375 2.8243134383624398 2.8935966079617907 3.0406221945135212 3.0499440571023464 3.2073810716615028 3.2838830002513633 3.340089529426759 3.359386532369205 3.493091905174521 3.551577131869696 3.6339862382994044 3.6442733370811093 3.7771958180762946 3.8743188666739807 3.9114561058956916 3.943685139005651 4.019426831670957 4.056474704494105 4.187092815070903 4.205515925392 4.238313905900225 4.366275534570806 4.432916469171969 4.502445634025061 4.545248160351954 4.59330176164071 4.606236597693415 4.681066416516295 4.7945650061153 4.954466917815193 5.025965312193344 5.070542265335583 5.071039966696548 5.1158830780822155 5.181525198193226 5.2317469914292145 5.28238880882292 5.40335685849603 5.413344858510568 5.503381061312726 5.544974409528797 5.605187176867464 5.794368493901662 5.852417546948882 5.889353584137967 5.972541899358235 6.068783549829163 6.110565503056056 6.131456168721713 6.209813457911545 6.244182375723918 6.319006155219677 6.396668461572833 6.450498982571422 6.532856278417909 6.5874148699759045 6.6097298538517775 6.82303007233986 6.878181809842356 6.910846239484129 7.009219477404248 7.110636789850244 7.263294992889098 7.3143913545334165 7.326006256909923 7.377345178893897 7.449469471288078 7.68672492649793 7.70801421935754 7.818747403299934 7.985449354143676 8.060954733595734 8.097470484771954 8.166984059850746 8.226884228154498 8.268060537339073 8.440214414216452 8.445160816724222 8.470719554738778 8.508390611950446 8.549805359010682 8.600266937620297 8.730465575752484 8.799061486199852 8.90540260155822 9.000646823237396 9.012939189611583 9.071917126562708 9.107358825377984 9.14684094292475 9.224921490935358 9.47348229511525 9.54037398092985 9.555008150601225 9.600611587607938 9.680528160690116 9.73093689986509 9.769261598430417 9.831158689964353 9.917564865890785 9.959049884940656 9.962493842229572 10.124108762966666 10.194196408750557 10.220169425778979 10.305216568409614 10.316490483919717 10.347144391366031 10.434428805075838 10.463959066225133 10.485066723982683 10.584345046758177 10.643477498395422 10.70208427670647 10.722023495762114 10.752903738829792 10.798682309356069 10.926841061036402 10.9333699160742 10.991504315800675 11.122250980423878 11.379743565864448 11.460342035026375 11.502616912296762 11.844494961096391 11.864622542459633 12.327793470022051 12.413444733668864 12.487381980077647 12.653843552785847 12.678848453998578 12.801208304581273 12.814768047148489 12.886416731381377 12.909454235125361 12.95936254080344 12.982231103188065 13.042082343969687 13.054002615211148 13.062446203022896 13.157783268087 13.202299644379249 13.243556632380061 13.257533172920972 13.26041621249379 13.39016069044134 13.411839661297671 13.471799945901864 13.490250718938363 13.50384646177255 13.62141526542777 13.66655421539391 13.691992720642274 13.735547019389662 13.784568134124829 13.86450921110993 13.895618359664773 13.927705760056778 14.053731985810524 14.128157454906882 14.142718421696644 14.154708466802179 14.34231038434266 14.549693570378505 14.558988799921526 14.646394984070554 14.69210099368103 14.815138662601539 14.871776591230267 14.878997807437349 14.953637036301 15.063696810479213 15.082945844705897 15.127099057145628 15.358449707638055 15.369053810533472 15.438829771628502 15.467916084864907 15.614322095922887 15.78442430492614 15.819750748759464 15.916457665366092 
-1 -2 0 0.5833326053926569 0.8200618599668958 0.9461593466844388 1.2366784992901805 1.307287115692679 1.4535824145536933 1.766978413677756 1.9006329886226787 1.9839465130337897 2.020049736828022 2.0240162792858403 2.22600966009845 2.29860835762057 2.4521793144459 2.452961739996527 2.5663385305696393 2.5843786946511833 2.627298042714375 2.8243134383624398 2.8935966079617907 3.0406221945135212 3.0499440571023464 3.2073810716615028 3.2838830002513633 3.340089529426759 3.359386532369205 3.493091905174521 3.551577131869696 3.6339862382994044 3.6442733370811093 3.7771958180762946 3.8743188666739807 3.9114561058956916 3.943685139005651 4.019426831670957 4.056474704494105 4.187092815070903 4.205515925392 4.238313905900225 4.366275534570806 4.432916469171969 4.502445634025061 4.545248160351954 4.59330176164071 4.606236597693415 4.681066416516295 4.7945650061153 4.954466917815193 5.025965312193344 5.070542265335583 5.071039966696548 5.1158830780822155 5.181525198193226 5.2317469914292145 5.28238880882292 5.40335685849603 5.413344858510568 5.503381061312726 5.544974409528797 5.605187176867464 5.794368493901662 5.852417546948882 5.889353584137967 5.972541899358235 6.068783549829163 6.110565503056056 6.131456168721713 6.209813457911545 6.244182375723918 6.319006155219677 6.396668461572833 6.450498982571422 6.532856278417909 6.5874148699759045 6.6097298538517775 6.82303007233986 6.878181809842356 6.910846239484129 7.009219477404248 7.110636789850244 7.263294992889098 7.3143913545334165 7.326006256909923 7.377345178893897 7.449469471288078 7.68672492649793 7.70801421935754 7.818747403299934 7.985449354143676 8.060954733595734 8.097470484771954 8.166984059850746 8.226884228154498 8.268060537339073 8.440214414216452 8.445160816724222 8.470719554738778 8.508390611950446 8.549805359010682 8.600266937620297 8.730465575752484 8.799061486199852 8.90540260155822 9.000646823237396 9.012939189611583 9.071917126562708 9.107358825377984 9.14684094292475 9.224921490935358 9.47348229511525 9.54037398092985 9.555008150601225 9.600611587607938 9.680528160690116 9.73093689986509 9.769261598430417 9.831158689964353 9.917564865890785 9.959049884940656 9.962493842229572 10.124108762966666 10.194196408750557 10.220169425778979 10.305216568409614 10.316490483919717 10.347144391366031 10.434428805075838 10.463959066225133 10.485066723982683 10.584345046758177 10.643477498395422 10.70208427670647 10.722023495762114 10.752903738829792 10.798682309356069 10.926841061036402 10.9333699160742 10.991504315800675 11.122250980423878 11.379743565864448 11.460342035026375 11.502616912296762 11.844494961096391 11.864622542459633 12.327793470022051 12.413444733668864 12.487381980077647 12.653843552785847 12.678848453998578 12.801208304581273 12.814768047148489 12.886416731381377 12.909454235125361 12.95936254080344 12.982231103188065 13.042082343969687 13.054002615211148 13.062446203022896 13.157783268087 13.202299644379249 13.243556632380061 13.257533172920972 13.26041621249379 13.39016069044134 13.411839661297671 13.471799945901864 13.490250718938363 13.50384646177255 13.62141526542777 13.66655421539391 13.691992720642274 13.735547019389662 13.784568134124829 13.86450921110993 13.895618359664773 13.927705760056778 14.053731985810524 14.128157454906882 14.142718421696644 14.154708466802179 14.34231038434266 14.549693570378505 14.558988799921526 14.646394984070554 14.69210099368103 14.815138662601539 14.871776591230267 14.878997807437349 14.953637036301 15.063696810479213 15.082945844705897 15.127099057145628 15.358449707638055 15.369053810533472 15.438829771628502 15.467916084864907 15.614322095922887 15.78442430492614 15.819750748759464 15.916457665366092 
-1 -3 0 0.3467567249076282 0.8936507769367701 1.280035035199479 1.3534913809642453 1.4313553268324894 1.6297214458875562 1.7430904308188575 1.9120414522667384 2.175975239443616 2.401025825347153 2.5137663616911254 2.586823788983435 2.639176246058627 2.6741974100459562 2.687023635378252 2.920795634290343 2.9256204727702713 2.989870680845199 3.221205508439609 3.236292949471095 3.36893601290779 3.4842714399552293 3.6906514892189786 3.737212186425979 3.850545461791661 3.883830678397225 3.9767978478590527 4.079172423446342 4.143977307678582 4.171555897925375 4.30258367869276 4.354077816643432 4.367251173577618 4.400416146209572 4.4388018495593675 4.6758352932443 4.7050135238430775 4.9158402351285435 4.96024395820021 4.987798310019154 5.058085946563214 5.108771137393464 5.155021971405691 5.301993736430188 5.322545715783016 5.420842240323146 5.549740046988654 5.574948366332042 5.592069615756946 5.723424865367731 5.7996817103638945 5.9321062869167145 5.987328060991092 6.111704622660482 6.115626185693959 6.119377980165094 6.214096531249265 6.331516061151293 6.452096814853986 6.455227544522724 6.5396214773390975 6.6570578573415595 6.697999570551476 6.854076985048832 6.943576855460044 7.183369314302932 7.235459409568162 7.397390245658951 7.478265725343747 7.480534598437201 7.562102992250881 7.767627452856006 7.93763802501883 8.090372565171823 8.263946635639723 8.304816275708152 8.462792136884188 8.662860416141298 8.861153069154517 8.861347627489568 8.89906371362878 9.051821331416809 9.088001540377611 9.332815307932991 9.400234635187635 9.437543210114649 9.474773373835411 9.606828876432047 9.681799170541723 9.787369037890695 9.861711342090587 9.882344579406029 9.935596718800241 10.15344917401016 10.209751997313242 10.24751066405927 10.51469374257171 10.635580200603094 10.704617015234476 10.919378077115745 11.028910956133416 11.130234727594196 11.212958629436406 11.36779740419187 11.421156580075143 11.488473757783682 11.609448953356841 11.645259108441365 11.648066784948945 11.79767228414172 11.946986898977103 12.09577767564723 12.410755905995424 12.43940553315536 12.609434829154438 12.663472962873874 12.755397077706261 12.854705321923806 12.996813016889762 13.044145062917185 13.14383360561942 13.239465480891468 
-1 -4 0 0.3467567249076282 0.8936507769367701 1.280035035199479 1.3534913809642453 1.4313553268324894 1.6297214458875562 1.7430904308188575 1.9120414522667384 2.175975239443616 2.401025825347153 2.5137663616911254 2.586823788983435 2.639176246058627 2.6741974100459562 2.687023635378252 2.920795634290343 2.9256204727702713 2.989870680845199 3.221205508439609 3.236292949471095 3.36893601290779 3.4842714399552293 3.6906514892189786 3.737212186425979 3.850545461791661 3.883830678397225 3.9767978478590527 4.079172423446342 4.143977307678582 4.171555897925375 4.30258367869276 4.354077816643432 4.367251173577618 4.400416146209572 4.4388018495593675 4.6758352932443 4.7050135238430775 4.9158402351285435 4.96024395820021 4.987798310019154 5.058085946563214 5.108771137393464 5.155021971405691 5.301993736430188 5.322545715783016 5.420842240323146 5.549740046988654 5.574948366332042 5.592069615756946 5.723424865367731 5.7996817103638945 5.9321062869167145 5.987328060991092 6.111704622660482 6.115626185693959 6.119377980165094 6.214096531249265 6.331516061151293 6.452096814853986 6.455227544522724 6.5396214773390975 6.6570578573415595 6.697999570551476 6.854076985048832 6.943576855460044 7.183369314302932 7.235459409568162 7.397390245658951 7.478265725343747 7.480534598437201 7.562102992250881 7.767627452856006 7.93763802501883 8.090372565171823 8.263946635639723 8.304816275708152 8.462792136884188 8.662860416141298 8.861153069154517 8.861347627489568 8.89906371362878 9.051821331416809 9.088001540377611 9.332815307932991 9.400234635187635 9.437543210114649 9.474773373835411 9.606828876432047 9.681799170541723 9.787369037890695 9.861711342090587 9.882344579406029 9.935596718800241 10.15344917401016 10.209751997313242 10.24751066405927 10.51469374257171 10.635580200603094 10.704617015234476 10.919378077115745 11.028910956133416 11.130234727594196 11.212958629436406 11.36779740419187 11.421156580075143 11.488473757783682 11.609448953356841 11.645259108441365 11.648066784948945 11.79767228414172 11.946986898977103 12.09577767564723 12.410755905995424 12.43940553315536 12.609434829154438 12.663472962873874 12.755397077706261 12.854705321923806 12.996813016889762 13.044145062917185 13.14383360561942 13.239465480891468 
-1 -5 0 1.3237568010047407 1.4252497202883696 2.120614758428183 2.585786437626905 3.0847282699484135 3.228979816187449 3.518805695907983 3.9999999999999996 4.0 4.000000000000001 4.347296355333861 4.46225884267133 4.915271730051587 5.096260398918401 5.311107817465976 5.414213562373095 5.532088886237956 5.765050954093775 6.676243198995254 6.774598685852369 7.170086486626036 7.247601581988303 
0 -5 0 1.3237568010047418 2.585786437626904 3.0847282699484153 3.999999999999999 4.000000000000002 4.915271730051585 5.414213562373094 6.676243198995257 
-1 -6 0 1.3237568010047407 1.4252497202883696 2.120614758428183 2.585786437626905 3.0847282699484135 3.228979816187449 3.518805695907983 3.9999999999999996 4.0 4.000000000000001 4.347296355333861 4.46225884267133 4.915271730051587 5.096260398918401 5.311107817465976 5.414213562373095 5.532088886237956 5.765050954093775 6.676243198995254 6.774598685852369 7.170086486626036 7.247601581988303 
0 -6 0 1.3237568010047418 2.585786437626904 3.0847282699484153 3.999999999999999 4.000000000000002 4.915271730051585 5.414213562373094 6.676243198995257 
-2 1 0 2.6831283346898442 3.8020908005286005 5.114974758195601 5.3176042584405705 6.316686914330221 6.803441651560771 8.165959682412572 9.277096395104156 9.897879869288712 10.116548470971258 10.279368485284946 10.707753623539682 10.75090143635572 11.000000000000012 11.21682354212176 11.315385988993617 11.523223570458821 11.801961068164864 11.909171149558315 12.000000000000002 12.000000000000007 
-2 0 0 2.6831283346898442 3.8020908005286005 5.114974758195601 5.3176042584405705 6.316686914330221 6.803441651560771 8.165959682412572 9.277096395104156 9.897879869288712 10.116548470971258 10.279368485284946 10.707753623539682 10.75090143635572 11.000000000000012 11.21682354212176 11.315385988993617 11.523223570458821 11.801961068164864 11.909171149558315 12.000000000000002 12.000000000000007 
-2 -1 0 2.020049736828008 2.4521793144459028 2.566338530569644 2.8935966079618067 3.0406221945135283 3.4930919051745297 4.019426831670955 4.205515925391996 4.43291646917197 4.606236597693416 4.7945650061153025 5.071039966696556 5.160091801610402 5.231746991429216 5.413344858510567 5.544974409528794 5.889353584137967 6.131456168721716 6.396668461572829 6.587414869975902 6.82303007233987 7.326006256909936 7.818747403299922 8.16698405985075 8.268060537339062 8.445160816724227 8.549805359010682 9.107358825377982 9.540373980929852 9.769261598430418 9.917564865890775 9.96249384222957 10.305216568409627 10.316490483919718 10.434428805075827 10.643477498395422 10.722023495762103 10.926841061036406 10.99150431580068 11.46034203502639 11.844494961096409 11.864622542459635 12.0 12.408571293289018 12.801208304581282 12.886416731381379 12.982231103188058 13.000000000000005 13.042082343969684 13.157783268086993 13.202299644379249 13.260416212493798 13.390160690441329 13.431336905100578 13.471799945901862 13.621415265427755 13.666554215393923 13.927705760056782 13.999999999999998 14.000000000000016 14.00000000000002 14.053731985810511 14.142718421696642 14.953637036301007 15.127099057145626 15.358449707638059 15.438829771628498 15.784424304926109 15.819750748759477 15.916457665366107 
-2 -2 0 2.020049736828008 2.4521793144459028 2.566338530569644 2.8935966079618067 3.0406221945135283 3.4930919051745297 4.019426831670955 4.205515925391996 4.43291646917197 4.606236597693416 4.7945650061153025 5.071039966696556 5.160091801610402 5.231746991429216 5.413344858510567 5.544974409528794 5.889353584137967 6.131456168721716 6.396668461572829 6.587414869975902 6.82303007233987 7.326006256909936 7.818747403299922 8.16698405985075 8.268060537339062 8.445160816724227 8.549805359010682 9.107358825377982 9.540373980929852 9.769261598430418 9.917564865890775 9.96249384222957 10.305216568409627 10.316490483919718 10.434428805075827 10.643477498395422 10.722023495762103 10.926841061036406 10.99150431580068 11.46034203502639 11.844494961096409 11.864622542459635 12.0 12.408571293289018 12.801208304581282 12.886416731381379 12.982231103188058 13.000000000000005 13.042082343969684 13.157783268086993 13.202299644379249 13.260416212493798 13.390160690441329 13.431336905100578 13.471799945901862 13.621415265427755 13.666554215393923 13.927705760056782 13.999999999999998 14.000000000000016 14.00000000000002 14.053731985810511 14.142718421696642 14.953637036301007 15.127099057145626 15.358449707638059 15.438829771628498 15.784424304926109 15.819750748759477 15.916457665366107 
-2 -3 0 1.4313553268325272 1.9120414522667435 2.175975239443635 2.5868237889834296 2.674197410045959 2.920795634290354 3.2362929494710935 3.6906514892189817 3.883830678397224 3.950817675435877 4.079172423446337 4.17155589792537 4.367251173577618 4.4004161462095714 4.438801849559366 4.64213231443396 4.9158402351285435 4.987798310019151 5.155021971405689 5.3225457157830105 5.549740046988651 5.7234248653677335 5.9321062869167145 5.96210454008042 6.115626185693956 6.214096531249267 6.452096814853987 6.539621477339093 6.657057857341558 6.688759973584293 6.854076985048829 7.096882215697749 7.183369314302928 7.470539704614837 7.478265725343743 7.562102992250874 8.090372565171819 8.304816275708154 8.658909211059477 8.66286041614129 8.861347627489563 9.051821331416804 9.437543210114644 9.913601294436555 9.935596718800236 10.247510664059266 10.5146937425717 11.028910956133398 11.609448953356827 11.645259108441348 11.79767228414171 11.946986898977103 12.095777675647227 12.410755905995398 12.439405533155353 12.60943482915444 12.663472962873877 12.75539707770625 12.854705321923804 12.996813016889773 13.044145062917197 13.143833605619422 13.239465480891461 13.26434281600418 13.903283653604564 14.22995747575334 14.42384277786563 14.530820767385078 14.57830770717581 14.685697872868229 
-2 -4 0 1.4313553268325272 1.9120414522667435 2.175975239443635 2.5868237889834296 2.674197410045959 2.920795634290354 3.2362929494710935 3.6906514892189817 3.883830678397224 3.950817675435877 4.079172423446337 4.17155589792537 4.367251173577618 4.4004161462095714 4.438801849559366 4.64213231443396 4.9158402351285435 4.987798310019151 5.155021971405689 5.3225457157830105 5.549740046988651 5.7234248653677335 5.9321062869167145 5.96210454008042 6.115626185693956 6.214096531249267 6.452096814853987 6.539621477339093 6.657057857341558 6.688759973584293 6.854076985048829 7.096882215697749 7.183369314302928 7.470539704614837 7.478265725343743 7.562102992250874 8.090372565171819 8.304816275708154 8.658909211059477 8.66286041614129 8.861347627489563 9.051821331416804 9.437543210114644 9.913601294436555 9.935596718800236 10.247510664059266 10.5146937425717 11.028910956133398 11.609448953356827 11.645259108441348 11.79767228414171 11.946986898977103 12.095777675647227 12.410755905995398 12.439405533155353 12.60943482915444 12.663472962873877 12.75539707770625 12.854705321923804 12.996813016889773 13.044145062917197 13.143833605619422 13.239465480891461 13.26434281600418 13.903283653604564 14.22995747575334 14.42384277786563 14.530820767385078 14.57830770717581 14.685697872868229 
-2 -5 0 1.4252497202883698 2.1206147584281827 3.22897981618745 3.3144560673292074 3.5188056959079845 4.000000000000001 4.34729635533386 4.4622588426713286 4.585786437626907 5.096260398918396 5.311107817465983 5.532088886237956 5.665096014626571 5.765050954093777 5.999999999999995 6.774598685852375 7.170086486626036 7.247601581988297 7.271330370297695 7.414213562373098 7.749117547746524 
-2 -6 0 1.4252497202883698 2.1206147584281827 3.22897981618745 3.3144560673292074 3.5188056959079845 4.000000000000001 4.34729635533386 4.4622588426713286 4.585786437626907 5.096260398918396 5.311107817465983 5.532088886237956 5.665096014626571 5.765050954093777 5.999999999999995 6.774598685852375 7.170086486626036 7.247601581988297 7.271330370297695 7.414213562373098 7.749117547746524 
-3 -1 0 5.160091801610406 11.999999999999996 12.408571293289022 12.999999999999998 13.431336905100586 13.999999999999993 14.0 14.000000000000005 
-3 -2 0 5.160091801610406 11.999999999999996 12.408571293289022 12.999999999999998 13.431336905100586 13.999999999999993 14.0 14.000000000000005 
-3 -3 0 3.9508176754358737 4.64213231443396 5.9621045400804205 6.688759973584299 7.096882215697749 7.470539704614844 8.658909211059472 9.913601294436559 13.26434281600419 13.903283653604548 14.229957475753345 14.423842777865618 14.53082076738508 14.578307707175826 14.685697872868245 16.0 
-3 -4 0 3.9508176754358737 4.64213231443396 5.9621045400804205 6.688759973584299 7.096882215697749 7.470539704614844 8.658909211059472 9.913601294436559 13.26434281600419 13.903283653604548 14.229957475753345 14.423842777865618 14.53082076738508 14.578307707175826 14.685697872868245 16.0 
-3 -5 0 3.314456067329206 4.585786437626904 5.665096014626573 6.000000000000001 7.2713303702977 7.414213562373096 7.749117547746519 7.999999999999999 
-3 -6 0 3.314456067329206 4.585786437626904 5.665096014626573 6.000000000000001 7.2713303702977 7.414213562373096 7.749117547746519 7.999999999999999 
-4 -3 0 16.0 
-4 -4 0 16.0 
-4 -5 0 8.0 
-4 -6 0 8.0 
