3 9 1 -8.586881206085195e-16 2.0 2.0000000000000004 3.9999999999999996 
4 9 0 4.0 
3 8 1 -8.586881206085195e-16 2.0 2.0000000000000004 3.9999999999999996 
4 8 0 4.0 
3 7 0 0.8377223398316201 0.8377223398316216 1.9999999999999984 2.0 7.162277660168378 7.162277660168379 8.0 8.0 
4 7 0 8.0 
3 6 0 0.8377223398316201 0.8377223398316216 1.9999999999999984 2.0 7.162277660168378 7.162277660168379 8.0 8.0 
4 6 0 8.0 
2 9 0 2.0 2.0 
2 8 0 2.0 2.0 
2 7 0 0.8377223398316191 0.83772233983162 2.0 2.0 4.000000000000001 6.0 6.000000000000002 7.162277660168378 7.16227766016838 7.999999999999999 
2 6 0 0.8377223398316191 0.83772233983162 2.0 2.0 4.000000000000001 6.0 6.000000000000002 7.162277660168378 7.16227766016838 7.999999999999999 
2 5 1 4.440892098500626e-16 1.0000000000000018 2.763932022500213 2.7639320225002137 5.0 5.000000000000001 5.000000000000004 7.236067977499792 7.236067977499792 8.000000000000002 
3 5 0 1.0 5.0 5.0 5.0 
2 4 1 4.440892098500626e-16 1.0000000000000018 2.763932022500213 2.7639320225002137 5.0 5.000000000000001 5.000000000000004 7.236067977499792 7.236067977499792 8.000000000000002 
3 4 0 1.0 5.0 5.0 5.0 
1 7 0 4.0 4.0 6.0 6.0 
1 6 0 4.0 4.0 6.0 6.0 
1 5 0 1.1715728752538115 2.763932022500211 2.763932022500215 4.000000000000001 6.828427124746194 7.23606797749979 7.236067977499791 7.999999999999999 
1 4 0 1.1715728752538115 2.763932022500211 2.763932022500215 4.000000000000001 6.828427124746194 7.23606797749979 7.236067977499791 7.999999999999999 
1 3 0 2.0 2.0 2.0000000000000004 6.0 
2 3 0 2.0 2.0 
1 2 0 2.0 2.0 2.0000000000000004 6.0 
2 2 0 2.0 2.0 
0 7 0 4.0 
0 6 0 4.0 
0 5 0 1.17157287525381 3.9999999999999996 6.82842712474619 
0 4 0 1.17157287525381 3.9999999999999996 6.82842712474619 
0 3 1 -8.881784197001252e-16 2.0 6.0 
0 2 1 -8.881784197001252e-16 2.0 6.0 
