3 7 0 1.1863934973516685 3.0 3.470683419871161 4.999999999999999 5.34292308277717 5.999999999999998 
4 7 0 6.0 
3 6 0 1.1863934973516685 3.0 3.470683419871161 4.999999999999999 5.34292308277717 5.999999999999998 
4 6 0 6.0 
3 5 0 1.9421885174308322 2.5294834628549308 3.8550120111964086 4.572658339462774 5.687702843395389 5.76659934533868 10.270849194771122 10.370924279128287 10.698878718480412 10.860409657572488 11.445293630368651 11.999999999999996 
4 5 0 12.0 
3 4 0 1.9421885174308322 2.5294834628549308 3.8550120111964086 4.572658339462774 5.687702843395389 5.76659934533868 10.270849194771122 10.370924279128287 10.698878718480412 10.860409657572488 11.445293630368651 11.999999999999996 
4 4 0 12.0 
2 7 0 1.1863934973516685 1.381966011250106 2.381966011250105 3.0 3.470683419871162 3.6180339887498945 4.618033988749895 4.999999999999998 5.342923082777168 
2 6 0 1.1863934973516685 1.381966011250106 2.381966011250105 3.0 3.470683419871162 3.6180339887498945 4.618033988749895 4.999999999999998 5.342923082777168 
2 5 0 0.5216325002204794 1.2974590492135691 1.7616333365289172 1.9421885174308293 2.1488681539400543 2.2638614717074996 2.525601656274424 2.529483462854929 3.4609412010047795 3.7124189075724314 3.8550120111964064 3.9726885462753314 4.069790393657869 4.42781408456985 4.572658339462776 5.393917250805094 5.687702843395391 5.76659934533868 6.6740746816247 7.284016103082768 7.695475685400344 8.183427212735557 8.20917745641359 8.968713041716592 9.046057355804981 9.287796455056199 9.544426363499253 9.550209092895706 10.270849194771126 10.3709242791283 10.698878718480417 10.860409657572491 11.44529363036866 
2 4 0 0.5216325002204794 1.2974590492135691 1.7616333365289172 1.9421885174308293 2.1488681539400543 2.2638614717074996 2.525601656274424 2.529483462854929 3.4609412010047795 3.7124189075724314 3.8550120111964064 3.9726885462753314 4.069790393657869 4.42781408456985 4.572658339462776 5.393917250805094 5.687702843395391 5.76659934533868 6.6740746816247 7.284016103082768 7.695475685400344 8.183427212735557 8.20917745641359 8.968713041716592 9.046057355804981 9.287796455056199 9.544426363499253 9.550209092895706 10.270849194771126 10.3709242791283 10.698878718480417 10.860409657572491 11.44529363036866 
2 3 0 0.6887708238316002 1.6735001766893691 1.798524252074292 2.2146176822390147 2.4506171046779945 2.8899079289771845 3.098779287304589 3.208842995954827 3.4757999445837857 4.055766146534727 4.75023999510768 5.314215428688504 5.346953901459712 6.3027061864706395 6.463961672432173 6.87151660160957 6.875966683209992 7.665148376218975 8.000000000000005 8.48027879933094 8.999999999999998 9.593600868534658 9.629813271691878 9.733148590107305 9.862265766261578 10.000000000000002 10.163958386124904 10.768663348529392 11.035730534839294 11.211733801565337 11.631374737537522 11.743596707412566 12.000000000000005 
3 3 0 2.8899079289771805 8.000000000000002 8.480278799330938 9.000000000000005 9.629813271691878 10.0 
2 2 0 0.6887708238316002 1.6735001766893691 1.798524252074292 2.2146176822390147 2.4506171046779945 2.8899079289771845 3.098779287304589 3.208842995954827 3.4757999445837857 4.055766146534727 4.75023999510768 5.314215428688504 5.346953901459712 6.3027061864706395 6.463961672432173 6.87151660160957 6.875966683209992 7.665148376218975 8.000000000000005 8.48027879933094 8.999999999999998 9.593600868534658 9.629813271691878 9.733148590107305 9.862265766261578 10.000000000000002 10.163958386124904 10.768663348529392 11.035730534839294 11.211733801565337 11.631374737537522 11.743596707412566 12.000000000000005 
3 2 0 2.8899079289771805 8.000000000000002 8.480278799330938 9.000000000000005 9.629813271691878 10.0 
1 7 0 1.3819660112501049 2.381966011250105 3.618033988749895 4.618033988749896 
1 6 0 1.3819660112501049 2.381966011250105 3.618033988749895 4.618033988749896 
1 5 0 0.5216325002204869 1.2764503515314813 1.2974590492135605 1.761633336528915 2.1488681539400596 2.2638614717074996 2.3542486889354093 2.5256016562744215 3.3003272487429647 3.4609412010047804 3.7124189075724314 3.9726885462753363 3.9999999999999996 4.069790393657874 4.427814084569855 4.622016782176371 5.393917250805097 6.6719364708198965 6.674074681624701 7.0 7.284016103082774 7.287735052946355 7.645751311064593 7.695475685400343 7.841534093782938 8.18342721273556 8.209177456413585 8.968713041716587 9.046057355804983 9.28779645505619 9.54442636349925 9.550209092895711 
1 4 0 0.5216325002204869 1.2764503515314813 1.2974590492135605 1.761633336528915 2.1488681539400596 2.2638614717074996 2.3542486889354093 2.5256016562744215 3.3003272487429647 3.4609412010047804 3.7124189075724314 3.9726885462753363 3.9999999999999996 4.069790393657874 4.427814084569855 4.622016782176371 5.393917250805097 6.6719364708198965 6.674074681624701 7.0 7.284016103082774 7.287735052946355 7.645751311064593 7.695475685400343 7.841534093782938 8.18342721273556 8.209177456413585 8.968713041716587 9.046057355804983 9.28779645505619 9.54442636349925 9.550209092895711 
1 3 0 0.33766336843726463 0.6887708238315985 1.1173126187134432 1.2675386293378041 1.5755854350390732 1.6735001766893731 1.7985242520742954 1.8190571797840331 2.2146176822390196 2.4506171046779994 2.5811626711718523 2.7247283298885425 2.9380894479208077 3.0987792873045903 3.2088429959548277 3.4757999445837915 3.4892491980585048 3.875479215797828 4.0557661465347286 4.750239995107684 4.792087519654376 4.906992554070915 5.314215428688507 5.346953901459714 5.812065072091828 5.844815664141251 6.302706186470647 6.46396167243217 6.705129969871795 6.744497624216919 6.862593899050519 6.871516601609567 6.875966683209988 7.075197963765297 7.66148625514987 7.665148376218976 9.44262749571518 9.570074291762229 9.593600868534672 9.673853503411232 9.733148590107305 9.862265766261583 10.00188000744281 10.163958386124902 10.375716986895156 10.768663348529387 10.931573673631597 11.023933757569221 11.03573053483928 11.211733801565346 11.326441090734507 11.631374737537525 11.634544537697638 11.74359670741257 11.888622038978507 12.000000000000002 
1 2 0 0.33766336843726463 0.6887708238315985 1.1173126187134432 1.2675386293378041 1.5755854350390732 1.6735001766893731 1.7985242520742954 1.8190571797840331 2.2146176822390196 2.4506171046779994 2.5811626711718523 2.7247283298885425 2.9380894479208077 3.0987792873045903 3.2088429959548277 3.4757999445837915 3.4892491980585048 3.875479215797828 4.0557661465347286 4.750239995107684 4.792087519654376 4.906992554070915 5.314215428688507 5.346953901459714 5.812065072091828 5.844815664141251 6.302706186470647 6.46396167243217 6.705129969871795 6.744497624216919 6.862593899050519 6.871516601609567 6.875966683209988 7.075197963765297 7.66148625514987 7.665148376218976 9.44262749571518 9.570074291762229 9.593600868534672 9.673853503411232 9.733148590107305 9.862265766261583 10.00188000744281 10.163958386124902 10.375716986895156 10.768663348529387 10.931573673631597 11.023933757569221 11.03573053483928 11.211733801565346 11.326441090734507 11.631374737537525 11.634544537697638 11.74359670741257 11.888622038978507 12.000000000000002 
1 1 0 0.4633138970341247 1.1717101518044388 1.4304616711610703 1.4617984631875471 1.506040792565064 2.089905199883424 2.2743130333746158 3.103041020324447 3.2471679988421367 3.2679491924311197 3.8615074076346922 4.000000000000004 4.185401360418114 4.702122138966035 4.8848198241928555 4.890083735825256 5.540210694351739 6.000000000000002 6.732050807568875 6.999999999999999 7.000000000000001 7.000000000000002 7.046043340809584 7.603875471609679 7.675994399083653 8.297829087126255 8.914104466827427 9.000000000000009 9.126243938044265 9.346528300497647 9.537185848741311 9.640297757694608 
2 1 0 1.5060407925650656 3.267949192431125 4.000000000000003 4.8900837358252565 5.999999999999999 6.7320508075688785 7.0 7.0 7.60387547160968 
1 0 0 0.4633138970341247 1.1717101518044388 1.4304616711610703 1.4617984631875471 1.506040792565064 2.089905199883424 2.2743130333746158 3.103041020324447 3.2471679988421367 3.2679491924311197 3.8615074076346922 4.000000000000004 4.185401360418114 4.702122138966035 4.8848198241928555 4.890083735825256 5.540210694351739 6.000000000000002 6.732050807568875 6.999999999999999 7.000000000000001 7.000000000000002 7.046043340809584 7.603875471609679 7.675994399083653 8.297829087126255 8.914104466827427 9.000000000000009 9.126243938044265 9.346528300497647 9.537185848741311 9.640297757694608 
2 0 0 1.5060407925650656 3.267949192431125 4.000000000000003 4.8900837358252565 5.999999999999999 6.7320508075688785 7.0 7.0 7.60387547160968 
0 5 0 1.27645035153148 2.35424868893541 3.300327248742963 4.000000000000001 4.6220167821763685 6.671936470819898 7.000000000000001 7.2877350529463545 7.64575131106459 7.84153409378294 
0 4 0 1.27645035153148 2.35424868893541 3.300327248742963 4.000000000000001 4.6220167821763685 6.671936470819898 7.000000000000001 7.2877350529463545 7.64575131106459 7.84153409378294 
0 3 0 0.3376633684372451 1.1173126187134605 1.2675386293378021 1.5755854350390666 1.8190571797840398 2.5811626711718483 2.724728329888536 2.9380894479208077 3.298437881283578 3.489249198058501 3.875479215797827 4.792087519654379 4.906992554070917 5.812065072091825 5.844815664141246 6.705129969871789 6.744497624216919 6.862593899050519 7.0751979637653015 7.661486255149868 8.99999999999999 9.0 9.0 9.44262749571518 9.570074291762221 9.673853503411225 9.701562118716428 10.000000000000002 10.001880007442807 10.375716986895165 10.931573673631595 11.023933757569218 11.32644109073451 11.634544537697641 11.888622038978516 
0 2 0 0.3376633684372451 1.1173126187134605 1.2675386293378021 1.5755854350390666 1.8190571797840398 2.5811626711718483 2.724728329888536 2.9380894479208077 3.298437881283578 3.489249198058501 3.875479215797827 4.792087519654379 4.906992554070917 5.812065072091825 5.844815664141246 6.705129969871789 6.744497624216919 6.862593899050519 7.0751979637653015 7.661486255149868 8.99999999999999 9.0 9.0 9.44262749571518 9.570074291762221 9.673853503411225 9.701562118716428 10.000000000000002 10.001880007442807 10.375716986895165 10.931573673631595 11.023933757569218 11.32644109073451 11.634544537697641 11.888622038978516 
0 1 1 2.040985061876283e-16 0.4633138970341333 1.1717101518044417 1.430461671161069 1.4617984631875456 2.089905199883421 2.2743130333746175 2.5750333782124675 3.1030410203244467 3.157233956509716 3.2471679988421385 3.861507407634695 4.185401360418114 4.210249171338845 4.466555311306642 4.702122138966035 4.884819824192852 4.955983896333782 5.540210694351741 6.925832571027916 6.999999999999998 7.046043340809588 7.675994399083654 8.297829087126257 8.914104466827428 9.000000000000005 9.126243938044263 9.346528300497646 9.537185848741315 9.64029775769461 10.438090170458453 10.55899797868596 10.741112663351549 10.891380182469751 11.079530720304895 
0 0 1 2.040985061876283e-16 0.4633138970341333 1.1717101518044417 1.430461671161069 1.4617984631875456 2.089905199883421 2.2743130333746175 2.5750333782124675 3.1030410203244467 3.157233956509716 3.2471679988421385 3.861507407634695 4.185401360418114 4.210249171338845 4.466555311306642 4.702122138966035 4.884819824192852 4.955983896333782 5.540210694351741 6.925832571027916 6.999999999999998 7.046043340809588 7.675994399083654 8.297829087126257 8.914104466827428 9.000000000000005 9.126243938044263 9.346528300497646 9.537185848741315 9.64029775769461 10.438090170458453 10.55899797868596 10.741112663351549 10.891380182469751 11.079530720304895 
0 -1 1 1.2768784510633346e-15 1.381966011250102 2.2679491924311224 2.381966011250106 3.0000000000000004 3.618033988749894 4.000000000000001 4.618033988749896 5.000000000000001 5.732050807568875 
1 -1 0 1.3819660112501049 2.381966011250105 3.618033988749895 4.618033988749896 
0 -2 1 1.2768784510633346e-15 1.381966011250102 2.2679491924311224 2.381966011250106 3.0000000000000004 3.618033988749894 4.000000000000001 4.618033988749896 5.000000000000001 5.732050807568875 
1 -2 0 1.3819660112501049 2.381966011250105 3.618033988749895 4.618033988749896 
-1 3 0 3.2984378812835775 9.0 9.000000000000004 9.000000000000004 9.70156211871643 10.00000000000001 
-1 2 0 3.2984378812835775 9.0 9.000000000000004 9.000000000000004 9.70156211871643 10.00000000000001 
-1 1 0 2.575033378212466 3.157233956509714 4.210249171338855 4.466555311306642 4.955983896333782 6.925832571027917 10.438090170458466 10.558997978685973 10.741112663351549 10.891380182469753 11.0795307203049 12.0 
-1 0 0 2.575033378212466 3.157233956509714 4.210249171338855 4.466555311306642 4.955983896333782 6.925832571027917 10.438090170458466 10.558997978685973 10.741112663351549 10.891380182469753 11.0795307203049 12.0 
-1 -1 0 2.2679491924311224 2.999999999999999 4.0 5.0 5.732050807568876 5.999999999999998 
-1 -2 0 2.2679491924311224 2.999999999999999 4.0 5.0 5.732050807568876 5.999999999999998 
-2 1 0 12.0 
-2 0 0 12.0 
-2 -1 0 6.0 
-2 -2 0 6.0 
