2 6 0 0.8299135133739646 2.6888921825340173 4.000000000000001 4.481194304092017 5.000000000000001 
3 6 0 5.0 
2 5 0 0.8299135133739646 2.6888921825340173 4.000000000000001 4.481194304092017 5.000000000000001 
3 5 0 5.0 
2 4 0 1.2184706844531161 1.9746786619820622 3.4412290005090744 4.596091107518148 5.002950858558601 8.361961641832655 8.796053502193763 8.997648377569385 9.610916165383186 9.999999999999998 
3 4 0 10.0 
2 3 0 1.2184706844531161 1.9746786619820622 3.4412290005090744 4.596091107518148 5.002950858558601 8.361961641832655 8.796053502193763 8.997648377569385 9.610916165383186 9.999999999999998 
3 3 0 10.0 
1 6 0 0.8299135133739658 2.0 2.6888921825340177 4.0 4.0 4.481194304092017 
1 5 0 0.8299135133739658 2.0 2.6888921825340177 4.0 4.0 4.481194304092017 
1 4 0 0.3562057256391802 1.2184706844531155 1.6353137620361715 1.8587971777075016 1.9746786619820649 2.106164946331235 3.395832645692459 3.4412290005090753 3.6914970993495073 4.596091107518152 4.700217491153526 5.0029508585586 6.033544230444761 6.574513245606298 6.755770720856728 7.373182054258825 7.70596298653224 7.812997914391559 8.361961641832659 8.796053502193761 8.997648377569387 9.610916165383184 
1 3 0 0.3562057256391802 1.2184706844531155 1.6353137620361715 1.8587971777075016 1.9746786619820649 2.106164946331235 3.395832645692459 3.4412290005090753 3.6914970993495073 4.596091107518152 4.700217491153526 5.0029508585586 6.033544230444761 6.574513245606298 6.755770720856728 7.373182054258825 7.70596298653224 7.812997914391559 8.361961641832659 8.796053502193761 8.997648377569387 9.610916165383184 
1 2 0 0.5564419066555651 1.1294536676217721 1.7252839409002916 2.1127438262569216 2.2551739223180767 2.854735080856204 3.126001504878577 3.8934295619245782 4.266861503078448 4.836062757615808 5.601647916310287 5.915484330486984 6.395931860181209 7.348894217500716 8.000000000000002 8.000000000000004 8.20710452925859 8.300040641437118 8.809010885563183 9.220505951870543 9.660099055406116 9.785092939879023 
2 2 0 2.255173922318077 6.395931860181208 7.348894217500717 8.000000000000002 8.000000000000007 
1 1 0 0.5564419066555651 1.1294536676217721 1.7252839409002916 2.1127438262569216 2.2551739223180767 2.854735080856204 3.126001504878577 3.8934295619245782 4.266861503078448 4.836062757615808 5.601647916310287 5.915484330486984 6.395931860181209 7.348894217500716 8.000000000000002 8.000000000000004 8.20710452925859 8.300040641437118 8.809010885563183 9.220505951870543 9.660099055406116 9.785092939879023 
2 1 0 2.255173922318077 6.395931860181208 7.348894217500717 8.000000000000002 8.000000000000007 
0 6 0 2.0 4.0 
0 5 0 2.0 4.0 
0 4 0 0.35620572563918057 1.635313762036174 1.858797177707504 2.1061649463312366 3.2679491924311237 3.3958326456924643 3.691497099349509 4.700217491153531 6.000000000000001 6.03354423044476 6.5745132456062985 6.732050807568878 6.755770720856719 7.373182054258829 7.705962986532242 7.8129979143915635 
0 3 0 0.35620572563918057 1.635313762036174 1.858797177707504 2.1061649463312366 3.2679491924311237 3.3958326456924643 3.691497099349509 4.700217491153531 6.000000000000001 6.03354423044476 6.5745132456062985 6.732050807568878 6.755770720856719 7.373182054258829 7.705962986532242 7.8129979143915635 
0 2 1 -8.542172424849186e-17 0.5564419066555651 1.1294536676217717 1.4676016190083592 1.7252839409002918 2.1127438262569225 2.7699820574310503 2.854735080856203 3.1260015048785768 3.297086516664972 3.8934295619245773 4.266861503078446 4.786919184779591 4.83606275761581 5.601647916310284 5.668735288983092 5.915484330486977 5.999999999999989 8.207104529258585 8.252667169713915 8.300040641437118 8.382910770158436 8.809010885563177 9.220505951870543 9.374097393260579 9.66009905540611 9.785092939879018 10.000000000000004 
0 1 1 -8.542172424849186e-17 0.5564419066555651 1.1294536676217717 1.4676016190083592 1.7252839409002918 2.1127438262569225 2.7699820574310503 2.854735080856203 3.1260015048785768 3.297086516664972 3.8934295619245773 4.266861503078446 4.786919184779591 4.83606275761581 5.601647916310284 5.668735288983092 5.915484330486977 5.999999999999989 8.207104529258585 8.252667169713915 8.300040641437118 8.382910770158436 8.809010885563177 9.220505951870543 9.374097393260579 9.66009905540611 9.785092939879018 10.000000000000004 
0 0 1 2.0701336801605984e-15 0.9413594136445551 1.0842769745170169 1.7298051500126383 2.650950676749049 2.807785696952199 3.5594283051534163 3.6127507857847414 4.304103982381322 4.710502901997555 5.638905519222982 5.838006121379815 6.000000000000002 6.2976256177858705 7.115120872045033 7.70937798237382 
1 0 0 1.0842769745170195 2.8077856969521977 3.559428305153415 4.710502901997553 5.8380061213798164 6.000000000000001 
0 -1 1 2.0701336801605984e-15 0.9413594136445551 1.0842769745170169 1.7298051500126383 2.650950676749049 2.807785696952199 3.5594283051534163 3.6127507857847414 4.304103982381322 4.710502901997555 5.638905519222982 5.838006121379815 6.000000000000002 6.2976256177858705 7.115120872045033 7.70937798237382 
1 -1 0 1.0842769745170195 2.8077856969521977 3.559428305153415 4.710502901997553 5.8380061213798164 6.000000000000001 
-1 4 0 3.2679491924311215 6.0 6.732050807568877 
-1 3 0 3.2679491924311215 6.0 6.732050807568877 
-1 2 0 1.4676016190083563 2.7699820574310494 3.2970865166649683 4.78691918477959 5.668735288983096 5.999999999999997 7.999999999999999 8.252667169713911 8.382910770158436 9.374097393260575 9.999999999999998 
-1 1 0 1.4676016190083563 2.7699820574310494 3.2970865166649683 4.78691918477959 5.668735288983096 5.999999999999997 7.999999999999999 8.252667169713911 8.382910770158436 9.374097393260575 9.999999999999998 
-1 0 0 0.9413594136445571 1.7298051500126337 2.650950676749049 3.6127507857847396 4.0 4.30410398238132 5.6389055192229804 6.29762561778587 7.115120872045034 7.709377982373823 9.0 
-1 -1 0 0.9413594136445571 1.7298051500126337 2.650950676749049 3.6127507857847396 4.0 4.30410398238132 5.6389055192229804 6.29762561778587 7.115120872045034 7.709377982373823 9.0 
-1 -2 0 1.0 3.0 3.0 
0 -2 0 1.0 3.0 
-1 -3 0 1.0 3.0 3.0 
0 -3 0 1.0 3.0 
-2 2 0 8.0 
-2 1 0 8.0 
-2 0 0 4.0 9.0 
-2 -1 0 4.0 9.0 
-2 -2 0 3.0 
-2 -3 0 3.0 
