3 9 0 1.0 
4 9 0 1.0 
3 8 0 1.0 
4 8 0 1.0 
3 7 0 0.6595408434023876 1.788948227067241 2.407895891554428 2.7127422623826143 3.1125429454580975 3.9999999999999987 4.658410889200892 6.780557094871379 8.879361846062958 
4 7 0 2.407895891554429 2.7127422623826143 8.879361846062954 
3 6 0 0.6595408434023876 1.788948227067241 2.407895891554428 2.7127422623826143 3.1125429454580975 3.9999999999999987 4.658410889200892 6.780557094871379 8.879361846062958 
4 6 0 2.407895891554429 2.7127422623826143 8.879361846062954 
3 5 0 0.6760415814513497 2.108763684276696 3.087876822526838 3.1838791108387867 3.454392291525188 4.8764016623918955 5.171572875253811 5.833807217398701 6.376939054880551 6.727237712598672 9.430874614865619 10.168668653594256 10.828427124746188 10.857884250605652 11.590197627801027 11.627035715244762 
4 5 0 3.4543922915251897 6.376939054880553 10.168668653594262 
3 4 0 0.6760415814513497 2.108763684276696 3.087876822526838 3.1838791108387867 3.454392291525188 4.8764016623918955 5.171572875253811 5.833807217398701 6.376939054880551 6.727237712598672 9.430874614865619 10.168668653594256 10.828427124746188 10.857884250605652 11.590197627801027 11.627035715244762 
4 4 0 3.4543922915251897 6.376939054880553 10.168668653594262 
3 3 0 2.6459414887581545 4.256599567380286 5.44494610369728 6.999999999999998 7.0 7.437486555899086 9.2150262842652 10.000000000000002 10.000000000000004 
4 3 0 7.0 
3 2 0 2.6459414887581545 4.256599567380286 5.44494610369728 6.999999999999998 7.0 7.437486555899086 9.2150262842652 10.000000000000002 10.000000000000004 
4 2 0 7.0 
2 7 0 0.6595408434023863 1.788948227067241 1.9999999999999993 3.1125429454581 4.0 4.000000000000003 4.658410889200893 6.780557094871382 
2 6 0 0.6595408434023863 1.788948227067241 1.9999999999999993 3.1125429454581 4.0 4.000000000000003 4.658410889200893 6.780557094871382 
2 5 0 0.24417658351825147 0.6760415814513473 1.9081725493772952 2.1087636842766897 2.127011357159321 2.2087121525220863 3.0878768225268396 3.1608954545395727 3.183879110838783 3.838281588472758 3.955842424454254 4.876401662391892 5.171572875253809 5.2099935470147285 5.8338072173986975 6.0 6.4064145084329684 6.727237712598665 6.7912878474779 7.835650166675374 8.279891193464042 8.918401866536662 8.999999999999996 9.000000000000004 9.430874614865619 9.439545381814247 9.675723378540503 10.828427124746192 10.857884250605647 11.590197627801034 11.62703571524477 
2 4 0 0.24417658351825147 0.6760415814513473 1.9081725493772952 2.1087636842766897 2.127011357159321 2.2087121525220863 3.0878768225268396 3.1608954545395727 3.183879110838783 3.838281588472758 3.955842424454254 4.876401662391892 5.171572875253809 5.2099935470147285 5.8338072173986975 6.0 6.4064145084329684 6.727237712598665 6.7912878474779 7.835650166675374 8.279891193464042 8.918401866536662 8.999999999999996 9.000000000000004 9.430874614865619 9.439545381814247 9.675723378540503 10.828427124746192 10.857884250605647 11.590197627801034 11.62703571524477 
2 3 0 0.5526822209273202 1.6503533381692927 1.8915968385252213 2.40866218282996 2.6459414887581443 3.048569957204308 3.774688335404033 4.128993329193033 4.256599567380284 4.788955824531109 5.4449461036972835 5.467155038958901 5.632037002086228 6.705610628309877 7.0 7.003902127079041 7.437486555899069 7.676161566908602 9.215026284265189 9.54755227746319 9.999999999999996 10.0 10.042294283785415 10.087083984041596 10.433874541246063 10.56224025726178 11.23319136988174 11.364394896193273 11.99999999999999 12.000000000000002 12.000000000000002 
2 2 0 0.5526822209273202 1.6503533381692927 1.8915968385252213 2.40866218282996 2.6459414887581443 3.048569957204308 3.774688335404033 4.128993329193033 4.256599567380284 4.788955824531109 5.4449461036972835 5.467155038958901 5.632037002086228 6.705610628309877 7.0 7.003902127079041 7.437486555899069 7.676161566908602 9.215026284265189 9.54755227746319 9.999999999999996 10.0 10.042294283785415 10.087083984041596 10.433874541246063 10.56224025726178 11.23319136988174 11.364394896193273 11.99999999999999 12.000000000000002 12.000000000000002 
2 1 0 2.697224362268007 3.697224362268005 5.0 5.0 5.000000000000002 6.302775637731995 7.302775637731994 8.0 
3 1 0 5.0 
2 0 0 2.697224362268007 3.697224362268005 5.0 5.0 5.000000000000002 6.302775637731995 7.302775637731994 8.0 
3 0 0 5.0 
1 7 0 2.0 4.0 
1 6 0 2.0 4.0 
1 5 0 0.24417658351825158 1.9081725493772954 2.1270113571593283 2.2087121525220867 2.697224362268006 3.000000000000006 3.160895454539574 3.697224362268007 3.8382815884727592 3.955842424454256 4.9999999999999964 5.209993547014732 6.0 6.000000000000008 6.302775637731997 6.406414508432972 6.791287847477905 7.302775637731995 7.835650166675374 8.0 8.279891193464042 8.918401866536664 9.000000000000002 9.000000000000004 9.439545381814254 9.675723378540505 
1 4 0 0.24417658351825158 1.9081725493772954 2.1270113571593283 2.2087121525220867 2.697224362268006 3.000000000000006 3.160895454539574 3.697224362268007 3.8382815884727592 3.955842424454256 4.9999999999999964 5.209993547014732 6.0 6.000000000000008 6.302775637731997 6.406414508432972 6.791287847477905 7.302775637731995 7.835650166675374 8.0 8.279891193464042 8.918401866536664 9.000000000000002 9.000000000000004 9.439545381814254 9.675723378540505 
1 3 0 0.14806871825027493 0.552682220927316 0.7792820126407044 1.6503533381692925 1.7865911877649 1.8915968385252202 2.4086621828299575 2.489853480433572 2.895267889197357 3.0485699572043057 3.07342345295184 3.7321103385671117 3.7746883354040306 4.052250932722011 4.128993329193035 4.144148722797571 4.788955824531114 5.15871105554861 5.313733615814888 5.467155038958895 5.632037002086229 5.642757926375515 6.360690051679549 6.7056106283098815 7.0011253516527505 7.003902127079043 7.676151759711873 7.676161566908601 9.547522547934689 9.547552277463184 9.998440843109265 10.042294283785417 10.042295554843559 10.087083984041596 10.18028681950665 10.433874541246066 10.52732797233539 10.56224025726178 10.853977880394144 11.231587622454272 11.233191369881752 11.364394263313482 11.36439489619328 11.999999999999984 11.999999999999991 11.999999999999996 11.999999999999998 12.000000000000004 
1 2 0 0.14806871825027493 0.552682220927316 0.7792820126407044 1.6503533381692925 1.7865911877649 1.8915968385252202 2.4086621828299575 2.489853480433572 2.895267889197357 3.0485699572043057 3.07342345295184 3.7321103385671117 3.7746883354040306 4.052250932722011 4.128993329193035 4.144148722797571 4.788955824531114 5.15871105554861 5.313733615814888 5.467155038958895 5.632037002086229 5.642757926375515 6.360690051679549 6.7056106283098815 7.0011253516527505 7.003902127079043 7.676151759711873 7.676161566908601 9.547522547934689 9.547552277463184 9.998440843109265 10.042294283785417 10.042295554843559 10.087083984041596 10.18028681950665 10.433874541246066 10.52732797233539 10.56224025726178 10.853977880394144 11.231587622454272 11.233191369881752 11.364394263313482 11.36439489619328 11.999999999999984 11.999999999999991 11.999999999999996 11.999999999999998 12.000000000000004 
1 1 0 0.24300687284699496 1.7202129817401908 1.896179524813403 2.103986203050452 2.6972243622680057 2.8341852974674357 2.9240876145467434 3.697224362268001 3.8205348325708233 3.9549197710028188 5.000000000000001 5.000000000000002 5.205245388105256 6.302775637731996 6.406071085532566 6.539467773128319 7.3027756377319974 7.81860168808292 7.999999999999998 8.080189136797017 8.694256648729619 8.816231630584749 8.924661471108221 8.999999999999996 9.43502301715874 9.583139062733746 
1 0 0 0.24300687284699496 1.7202129817401908 1.896179524813403 2.103986203050452 2.6972243622680057 2.8341852974674357 2.9240876145467434 3.697224362268001 3.8205348325708233 3.9549197710028188 5.000000000000001 5.000000000000002 5.205245388105256 6.302775637731996 6.406071085532566 6.539467773128319 7.3027756377319974 7.81860168808292 7.999999999999998 8.080189136797017 8.694256648729619 8.816231630584749 8.924661471108221 8.999999999999996 9.43502301715874 9.583139062733746 
0 5 0 2.697224362268005 3.0 3.697224362268006 5.0 5.0 6.0 6.302775637731996 7.302775637731996 8.0 
0 4 0 2.697224362268005 3.0 3.697224362268006 5.0 5.0 6.0 6.302775637731996 7.302775637731996 8.0 
0 3 0 0.14806871825027046 0.7792820126407083 1.7865911877649001 2.48985348043357 2.691430706700751 2.895267889197361 3.0734234529518396 3.732110338567115 4.052250932722016 4.098846709354756 4.144148722797572 5.15871105554861 5.161244652269802 5.313733615814883 5.64275792637552 6.360690051679551 7.001125351652751 7.676151759711881 7.819998186608788 9.000000000000007 9.228479745065894 9.547522547934694 9.998440843109265 10.0 10.000000000000005 10.04229555484356 10.180286819506652 10.527327972335387 10.85397788039415 11.231587622454267 11.36439426331349 11.999999999999982 12.0 
0 2 0 0.14806871825027046 0.7792820126407083 1.7865911877649001 2.48985348043357 2.691430706700751 2.895267889197361 3.0734234529518396 3.732110338567115 4.052250932722016 4.098846709354756 4.144148722797572 5.15871105554861 5.161244652269802 5.313733615814883 5.64275792637552 6.360690051679551 7.001125351652751 7.676151759711881 7.819998186608788 9.000000000000007 9.228479745065894 9.547522547934694 9.998440843109265 10.0 10.000000000000005 10.04229555484356 10.180286819506652 10.527327972335387 10.85397788039415 11.231587622454267 11.36439426331349 11.999999999999982 12.0 
0 1 1 3.643669921251929e-15 0.24300687284699568 1.211288936909809 1.720212981740195 1.8961795248133977 2.1039862030504506 2.784583026050605 2.8341852974674335 2.9240876145467465 3.2118676218344953 3.820534832570824 3.9549197710028157 4.658188855122554 4.969573496412833 5.171572875253806 5.205245388105257 5.581327261944911 6.406071085532562 6.539467773128323 6.719684793926197 7.818601688082917 8.080189136797015 8.694256648729615 8.816231630584747 8.924661471108225 8.999999999999998 9.435023017158743 9.474025680454547 9.58313906273375 10.828427124746197 10.857016091559379 10.89572356485321 11.63672067093147 
0 0 1 3.643669921251929e-15 0.24300687284699568 1.211288936909809 1.720212981740195 1.8961795248133977 2.1039862030504506 2.784583026050605 2.8341852974674335 2.9240876145467465 3.2118676218344953 3.820534832570824 3.9549197710028157 4.658188855122554 4.969573496412833 5.171572875253806 5.205245388105257 5.581327261944911 6.406071085532562 6.539467773128323 6.719684793926197 7.818601688082917 8.080189136797015 8.694256648729615 8.816231630584747 8.924661471108225 8.999999999999998 9.435023017158743 9.474025680454547 9.58313906273375 10.828427124746197 10.857016091559379 10.89572356485321 11.63672067093147 
0 -1 1 -1.5543122344752192e-15 1.2313060039937571 1.9999999999999993 3.2311523053320093 3.4255644169931507 3.9999999999999982 3.999999999999999 4.669696003478254 6.442281270202831 
1 -1 0 2.0 4.0 
0 -2 1 -1.5543122344752192e-15 1.2313060039937571 1.9999999999999993 3.2311523053320093 3.4255644169931507 3.9999999999999982 3.999999999999999 4.669696003478254 6.442281270202831 
1 -2 0 2.0 4.0 
-1 5 0 5.0 
-1 4 0 5.0 
-1 3 0 2.691430706700751 4.098846709354754 5.161244652269804 6.999999999999999 7.819998186608785 9.000000000000002 9.228479745065908 9.999999999999993 10.0 
-1 2 0 2.691430706700751 4.098846709354754 5.161244652269804 6.999999999999999 7.819998186608785 9.000000000000002 9.228479745065908 9.999999999999993 10.0 
-1 1 0 1.2112889369098057 2.7845830260506026 2.8599450553597427 3.2118676218344935 4.658188855122553 4.969573496412828 5.17157287525381 5.581327261944912 6.719684793926194 6.999999999999997 9.474025680454544 10.140054944640253 10.828427124746192 10.857016091559377 10.895723564853213 11.636720670931462 
-1 0 0 1.2112889369098057 2.7845830260506026 2.8599450553597427 3.2118676218344935 4.658188855122553 4.969573496412828 5.17157287525381 5.581327261944912 6.719684793926194 6.999999999999997 9.474025680454544 10.140054944640253 10.828427124746192 10.857016091559377 10.895723564853213 11.636720670931462 
-1 -1 0 1.231306003993756 1.3037879343105627 3.231152305332011 3.372939095186669 3.4255644169931507 3.9999999999999996 4.669696003478252 6.442281270202825 9.32327297050277 
-1 -2 0 1.231306003993756 1.3037879343105627 3.231152305332011 3.372939095186669 3.4255644169931507 3.9999999999999996 4.669696003478252 6.442281270202825 9.32327297050277 
-2 3 0 7.0 
-2 2 0 7.0 
-2 1 0 2.859945055359741 7.0 10.140054944640259 
-2 0 0 2.859945055359741 7.0 10.140054944640259 
-2 -1 0 1.3037879343105623 3.3729390951866685 9.32327297050277 
-2 -2 0 1.3037879343105623 3.3729390951866685 9.32327297050277 
-2 -3 0 1.0 
-1 -3 0 1.0 
-2 -4 0 1.0 
-1 -4 0 1.0 
