3 9 1 -4.3021142204224816e-16 2.0 2.0 4.0 
4 9 0 4.0 
3 8 1 -4.3021142204224816e-16 2.0 2.0 4.0 
4 8 0 4.0 
3 7 0 0.8377223398316201 0.8377223398316216 1.9999999999999984 2.0 7.162277660168378 7.162277660168379 8.0 8.0 
4 7 0 8.0 
3 6 0 0.8377223398316201 0.8377223398316216 1.9999999999999984 2.0 7.162277660168378 7.162277660168379 8.0 8.0 
4 6 0 8.0 
2 9 0 2.0 2.0 
2 8 0 2.0 2.0 
2 7 0 0.8377223398316193 0.8377223398316201 1.9999999999999982 1.9999999999999993 3.9999999999999982 6.0 6.0 7.162277660168378 7.16227766016838 7.999999999999995 
2 6 0 0.8377223398316193 0.8377223398316201 1.9999999999999982 1.9999999999999993 3.9999999999999982 6.0 6.0 7.162277660168378 7.16227766016838 7.999999999999995 
2 5 1 6.839088450137978e-16 1.0000000000000002 2.7639320225002106 2.7639320225002115 4.999999999999997 4.999999999999998 5.000000000000002 7.23606797749979 7.236067977499795 7.999999999999997 
3 5 0 1.0 5.0 5.0 5.0 
2 4 1 6.839088450137978e-16 1.0000000000000002 2.7639320225002106 2.7639320225002115 4.999999999999997 4.999999999999998 5.000000000000002 7.23606797749979 7.236067977499795 7.999999999999997 
3 4 0 1.0 5.0 5.0 5.0 
1 7 0 4.0 4.0 6.0 6.0 
1 6 0 4.0 4.0 6.0 6.0 
1 5 0 1.1715728752538093 2.76393202250021 2.763932022500211 3.9999999999999996 6.828427124746191 7.236067977499789 7.236067977499791 8.0 
1 4 0 1.1715728752538093 2.76393202250021 2.763932022500211 3.9999999999999996 6.828427124746191 7.236067977499789 7.236067977499791 8.0 
1 3 0 2.0 2.0 2.0000000000000004 6.0 
2 3 0 2.0 2.0 
1 2 0 2.0 2.0 2.0000000000000004 6.0 
2 2 0 2.0 2.0 
0 7 0 4.0 
0 6 0 4.0 
0 5 0 1.17157287525381 3.9999999999999996 6.82842712474619 
0 4 0 1.17157287525381 3.9999999999999996 6.82842712474619 
0 3 1 -8.881784197001252e-16 2.0 6.0 
0 2 1 -8.881784197001252e-16 2.0 6.0 
