4 12 0 3.0 3.0 3.0 
5 12 0 3.0 
4 11 0 3.0 3.0 3.0 
5 11 0 3.0 
4 10 0 1.5878905424645573 3.54805960349998 4.145898033750317 4.19008522663578 4.638156604858048 5.212645763159309 6.000000000000001 6.764814629973256 7.795550141719425 8.39319464557321 8.869602842116455 10.854101966249685 
5 10 0 4.145898033750315 10.854101966249685 
4 9 0 1.5878905424645573 3.54805960349998 4.145898033750317 4.19008522663578 4.638156604858048 5.212645763159309 6.000000000000001 6.764814629973256 7.795550141719425 8.39319464557321 8.869602842116455 10.854101966249685 
5 9 0 4.145898033750315 10.854101966249685 
4 8 0 2.6018244880370895 4.057935732412339 5.10919774097703 6.130429749665717 6.444996247469479 7.189440916813053 9.000000000000002 10.001559682217005 10.255073499545503 11.209541942862781 11.99999999999999 11.999999999999996 
5 8 0 9.0 
4 7 0 2.6018244880370895 4.057935732412339 5.10919774097703 6.130429749665717 6.444996247469479 7.189440916813053 9.000000000000002 10.001559682217005 10.255073499545503 11.209541942862781 11.99999999999999 11.999999999999996 
5 7 0 9.0 
3 12 0 3.0 3.0 3.0 
3 11 0 3.0 3.0 3.0 
3 10 1 2.4809354897270483e-15 1.326626229075804 1.5878905424645573 1.9999999999999982 2.3756255892645037 3.5480596034999796 3.6710514850768607 4.190085226635779 4.267949192431125 4.636349218806631 4.6381566048580485 5.000000000000001 5.000000000000002 5.048828535557271 5.212645763159309 6.0 6.000000000000001 6.764814629973254 7.732050807568879 7.7871428200043775 7.795550141719426 8.15437612221455 8.393194645573201 8.869602842116457 
3 9 1 2.4809354897270483e-15 1.326626229075804 1.5878905424645573 1.9999999999999982 2.3756255892645037 3.5480596034999796 3.6710514850768607 4.190085226635779 4.267949192431125 4.636349218806631 4.6381566048580485 5.000000000000001 5.000000000000002 5.048828535557271 5.212645763159309 6.0 6.000000000000001 6.764814629973254 7.732050807568879 7.7871428200043775 7.795550141719426 8.15437612221455 8.393194645573201 8.869602842116457 
3 8 0 0.40085479755230186 0.5806109939710377 1.283759938841877 2.0000000000000053 2.455872753258668 2.601824488037098 2.7090783318320515 2.9687870080236705 3.041083980364564 3.98734757224082 4.057935732412339 4.112908171732739 4.734246085807292 5.01131321925214 5.109197740977031 5.520527723383126 5.722882720339689 6.025718793210133 6.130429749665716 6.30499335164393 6.4449962474694855 6.530943268097209 6.747187026053553 6.797887006627304 7.18944091681306 7.523041473435291 7.838985008311017 9.644300512437173 9.801047414144172 9.830286401663214 10.001559682217001 10.220415884975756 10.255073499545503 10.298084258410517 10.650603580927866 10.958750409140311 11.142047404441906 11.156434909880689 11.209541942862776 11.999999999999996 12.0 12.000000000000002 
3 7 0 0.40085479755230186 0.5806109939710377 1.283759938841877 2.0000000000000053 2.455872753258668 2.601824488037098 2.7090783318320515 2.9687870080236705 3.041083980364564 3.98734757224082 4.057935732412339 4.112908171732739 4.734246085807292 5.01131321925214 5.109197740977031 5.520527723383126 5.722882720339689 6.025718793210133 6.130429749665716 6.30499335164393 6.4449962474694855 6.530943268097209 6.747187026053553 6.797887006627304 7.18944091681306 7.523041473435291 7.838985008311017 9.644300512437173 9.801047414144172 9.830286401663214 10.001559682217001 10.220415884975756 10.255073499545503 10.298084258410517 10.650603580927866 10.958750409140311 11.142047404441906 11.156434909880689 11.209541942862776 11.999999999999996 12.0 12.000000000000002 
3 6 0 0.5285093741059609 2.07516821524931 2.436459664903986 3.208712152522077 3.7109386864831664 4.298562154175681 5.000000000000002 5.029706955205926 5.403844319734019 5.911537593890718 6.4410686736964795 6.931023877804981 7.674219231306684 7.791287847477916 7.9999999999999964 7.999999999999999 8.0 8.000000000000005 8.956826553845588 9.057134765767676 9.544999933829823 9.999999999999995 10.0 10.0 
4 6 0 4.999999999999997 7.999999999999998 8.0 
3 5 0 0.5285093741059609 2.07516821524931 2.436459664903986 3.208712152522077 3.7109386864831664 4.298562154175681 5.000000000000002 5.029706955205926 5.403844319734019 5.911537593890718 6.4410686736964795 6.931023877804981 7.674219231306684 7.791287847477916 7.9999999999999964 7.999999999999999 8.0 8.000000000000005 8.956826553845588 9.057134765767676 9.544999933829823 9.999999999999995 10.0 10.0 
4 5 0 4.999999999999997 7.999999999999998 8.0 
2 12 0 3.0 
2 11 0 3.0 
2 10 0 1.3266262290758088 2.0 2.375625589264501 3.6710514850768594 4.267949192431121 4.267949192431122 4.636349218806635 4.999999999999998 4.999999999999998 5.0 5.000000000000001 5.000000000000005 5.0488285355572735 5.999999999999997 7.732050807568878 7.732050807568878 7.7871428200043775 8.154376122214545 
2 9 0 1.3266262290758088 2.0 2.375625589264501 3.6710514850768594 4.267949192431121 4.267949192431122 4.636349218806635 4.999999999999998 4.999999999999998 5.0 5.000000000000001 5.000000000000005 5.0488285355572735 5.999999999999997 7.732050807568878 7.732050807568878 7.7871428200043775 8.154376122214545 
2 8 0 0.4008547975522845 0.5806109939710371 1.2837599388418668 1.9999999999999907 2.2306083624182684 2.455872753258663 2.521491469604318 2.7090783318320515 2.860278933902047 2.968787008023668 3.0410839803645637 3.515730668096432 3.9573009034547018 3.9873475722408216 4.112908171732735 4.255238977429908 4.415394339869957 4.734246085807296 5.0113132192521395 5.130478559958377 5.328800096195379 5.520527723383117 5.7228827203396895 5.755032984714889 5.910131202939247 6.0257187932101255 6.304993351643929 6.404508088740534 6.530943268097213 6.7471870260535525 6.797887006627303 7.140422808777014 7.523041473435285 7.804643531690223 7.838985008311014 7.999999999999994 8.176979036799425 8.984966231939783 9.000000000000002 9.22475798829978 9.364565308557484 9.529947442028647 9.558343931550459 9.644300512437164 9.801047414144174 9.830286401663216 9.930379133033126 10.000000000000002 10.220415884975766 10.298084258410517 10.650603580927886 10.95875040914031 11.142047404441916 11.156434909880687 11.999999999999973 
2 7 0 0.4008547975522845 0.5806109939710371 1.2837599388418668 1.9999999999999907 2.2306083624182684 2.455872753258663 2.521491469604318 2.7090783318320515 2.860278933902047 2.968787008023668 3.0410839803645637 3.515730668096432 3.9573009034547018 3.9873475722408216 4.112908171732735 4.255238977429908 4.415394339869957 4.734246085807296 5.0113132192521395 5.130478559958377 5.328800096195379 5.520527723383117 5.7228827203396895 5.755032984714889 5.910131202939247 6.0257187932101255 6.304993351643929 6.404508088740534 6.530943268097213 6.7471870260535525 6.797887006627303 7.140422808777014 7.523041473435285 7.804643531690223 7.838985008311014 7.999999999999994 8.176979036799425 8.984966231939783 9.000000000000002 9.22475798829978 9.364565308557484 9.529947442028647 9.558343931550459 9.644300512437164 9.801047414144174 9.830286401663216 9.930379133033126 10.000000000000002 10.220415884975766 10.298084258410517 10.650603580927886 10.95875040914031 11.142047404441916 11.156434909880687 11.999999999999973 
2 6 1 -4.171970069766361e-15 0.5285093741059652 0.9228083152480613 1.2179229994391427 2.075168215249312 2.4364596649039916 2.776125269037528 2.8759608800298797 3.1429057309673434 3.20871215252208 3.3364610219197357 3.464847620571263 3.7109386864831664 3.773835225351983 4.131244458800612 4.2985621541756736 4.713384647073791 5.029706955205929 5.150653746623657 5.403844319734023 5.571597398752572 5.790419943094854 5.911537593890717 5.956765692985807 6.005588070266733 6.263349665229335 6.441068673696474 6.4932448538654315 6.775491086477718 6.931023877804986 6.998982434957666 7.177839990627486 7.242640839935108 7.674219231306678 7.79128784747792 7.948286343658967 7.999999999999996 7.999999999999997 7.999999999999999 8.956826553845577 9.057134765767673 9.538124127456369 9.544999933829825 9.67820319206277 9.999999999999991 10.0 10.0 10.072747304975694 10.162291977122575 10.227162328443448 10.879027865013178 11.136735776073234 11.139611677793745 11.71708019659174 11.718659319552525 
2 5 1 -4.171970069766361e-15 0.5285093741059652 0.9228083152480613 1.2179229994391427 2.075168215249312 2.4364596649039916 2.776125269037528 2.8759608800298797 3.1429057309673434 3.20871215252208 3.3364610219197357 3.464847620571263 3.7109386864831664 3.773835225351983 4.131244458800612 4.2985621541756736 4.713384647073791 5.029706955205929 5.150653746623657 5.403844319734023 5.571597398752572 5.790419943094854 5.911537593890717 5.956765692985807 6.005588070266733 6.263349665229335 6.441068673696474 6.4932448538654315 6.775491086477718 6.931023877804986 6.998982434957666 7.177839990627486 7.242640839935108 7.674219231306678 7.79128784747792 7.948286343658967 7.999999999999996 7.999999999999997 7.999999999999999 8.956826553845577 9.057134765767673 9.538124127456369 9.544999933829825 9.67820319206277 9.999999999999991 10.0 10.0 10.072747304975694 10.162291977122575 10.227162328443448 10.879027865013178 11.136735776073234 11.139611677793745 11.71708019659174 11.718659319552525 
2 4 0 0.6692600209338802 1.0214774341694202 3.026223766084928 3.585786437626906 3.585786437626908 3.9248998043806522 4.460077586573309 4.836506892033408 4.9999999999999964 5.0 5.513408142171936 5.7108941941728055 6.414213562373097 6.414213562373097 7.042644137487825 7.133544432235084 7.901625802876546 8.759437786880207 
3 4 0 3.5857864376269033 5.0 6.414213562373093 
2 3 0 0.6692600209338802 1.0214774341694202 3.026223766084928 3.585786437626906 3.585786437626908 3.9248998043806522 4.460077586573309 4.836506892033408 4.9999999999999964 5.0 5.513408142171936 5.7108941941728055 6.414213562373097 6.414213562373097 7.042644137487825 7.133544432235084 7.901625802876546 8.759437786880207 
3 3 0 3.5857864376269033 5.0 6.414213562373093 
1 10 0 4.267949192431123 4.999999999999999 5.0 5.0 5.0 7.732050807568875 
1 9 0 4.267949192431123 4.999999999999999 5.0 5.0 5.0 7.732050807568875 
1 8 0 2.2306083624182675 2.5214914696043227 2.657151758438735 2.860278933902048 3.515730668096419 3.6928083107941028 3.957300903454701 4.255238977429907 4.415394339869954 5.062423677866285 5.130478559958378 5.328800096195374 5.755032984714888 5.908346876941634 5.9101312029392465 6.40450808874053 6.999999999999998 7.140422808777013 7.337237464263095 7.723825900370971 7.804643531690219 8.000000000000009 8.176979036799427 8.618206011325178 8.984966231939783 9.0 9.000000000000007 9.224757988299777 9.364565308557475 9.529947442028655 9.558343931550464 9.930379133033137 10.000000000000002 
1 7 0 2.2306083624182675 2.5214914696043227 2.657151758438735 2.860278933902048 3.515730668096419 3.6928083107941028 3.957300903454701 4.255238977429907 4.415394339869954 5.062423677866285 5.130478559958378 5.328800096195374 5.755032984714888 5.908346876941634 5.9101312029392465 6.40450808874053 6.999999999999998 7.140422808777013 7.337237464263095 7.723825900370971 7.804643531690219 8.000000000000009 8.176979036799427 8.618206011325178 8.984966231939783 9.0 9.000000000000007 9.224757988299777 9.364565308557475 9.529947442028655 9.558343931550464 9.930379133033137 10.000000000000002 
1 6 0 0.92280831524807 0.9846475915032629 1.217922999439145 2.22574040999572 2.7761252690375247 2.8759608800298797 3.0402128206519894 3.142905730967345 3.22574725472834 3.3364610219197375 3.3702930324389264 3.4648476205712666 3.773835225351987 3.9223513278451603 4.131244458800618 4.212490139572754 4.713384647073789 4.9901644823868425 5.150653746623659 5.550510257216825 5.571597398752568 5.790419943094851 5.841406985577066 5.9567656929858055 6.005588070266739 6.263349665229332 6.4932448538654315 6.775491086477718 6.998982434957671 7.097838715803083 7.177839990627488 7.242640839935114 7.282566964134895 7.52981487886136 7.810163244751117 7.948286343658967 7.999999999999994 8.0 8.000000000000002 9.538124127456372 9.62657014121912 9.67820319206277 10.038129646603753 10.072747304975687 10.162291977122585 10.227162328443454 10.329700578697635 10.449489742783175 10.472161785228979 10.87902786501318 11.136735776073229 11.139611677793745 11.717080196591755 11.718659319552545 
1 5 0 0.92280831524807 0.9846475915032629 1.217922999439145 2.22574040999572 2.7761252690375247 2.8759608800298797 3.0402128206519894 3.142905730967345 3.22574725472834 3.3364610219197375 3.3702930324389264 3.4648476205712666 3.773835225351987 3.9223513278451603 4.131244458800618 4.212490139572754 4.713384647073789 4.9901644823868425 5.150653746623659 5.550510257216825 5.571597398752568 5.790419943094851 5.841406985577066 5.9567656929858055 6.005588070266739 6.263349665229332 6.4932448538654315 6.775491086477718 6.998982434957671 7.097838715803083 7.177839990627488 7.242640839935114 7.282566964134895 7.52981487886136 7.810163244751117 7.948286343658967 7.999999999999994 8.0 8.000000000000002 9.538124127456372 9.62657014121912 9.67820319206277 10.038129646603753 10.072747304975687 10.162291977122585 10.227162328443454 10.329700578697635 10.449489742783175 10.472161785228979 10.87902786501318 11.136735776073229 11.139611677793745 11.717080196591755 11.718659319552545 
1 4 0 0.6692600209338848 1.0214774341694222 1.4226087174287994 1.610677505131063 2.2355520111512055 2.911786241133984 3.0262237660849287 3.585786437626906 3.6402781463720344 3.8967371034764415 3.9248998043806576 3.950958271640153 4.000000000000001 4.4600775865733056 4.7055895406144215 4.836506892033408 5.0 5.267949192431126 5.4035248833045335 5.513408142171933 5.710894194172807 6.2508601511254485 6.414213562373096 6.897605615845464 7.042644137487825 7.133544432235075 7.90162580287655 8.732050807568877 8.759437786880211 8.93511150882678 9.628247050938521 9.746951239763217 9.763512013247908 
1 3 0 0.6692600209338848 1.0214774341694222 1.4226087174287994 1.610677505131063 2.2355520111512055 2.911786241133984 3.0262237660849287 3.585786437626906 3.6402781463720344 3.8967371034764415 3.9248998043806576 3.950958271640153 4.000000000000001 4.4600775865733056 4.7055895406144215 4.836506892033408 5.0 5.267949192431126 5.4035248833045335 5.513408142171933 5.710894194172807 6.2508601511254485 6.414213562373096 6.897605615845464 7.042644137487825 7.133544432235075 7.90162580287655 8.732050807568877 8.759437786880211 8.93511150882678 9.628247050938521 9.746951239763217 9.763512013247908 
1 2 0 1.4071376319485456 2.6144626863532325 2.999999999999999 3.0 4.1524446668097434 5.8259550148884784 
2 2 0 3.0 
1 1 0 1.4071376319485456 2.6144626863532325 2.999999999999999 3.0 4.1524446668097434 5.8259550148884784 
2 1 0 3.0 
0 10 0 5.0 
0 9 0 5.0 
0 8 0 2.6571517584387307 3.6928083107941028 5.06242367786628 5.908346876941631 6.999999999999999 7.0 7.337237464263097 7.723825900370968 8.618206011325174 8.999999999999998 
0 7 0 2.6571517584387307 3.6928083107941028 5.06242367786628 5.908346876941631 6.999999999999999 7.0 7.337237464263097 7.723825900370968 8.618206011325174 8.999999999999998 
0 6 0 0.984647591503266 2.225740409995721 3.040212820651993 3.225747254728337 3.370293032438927 3.922351327845162 4.10489348407247 4.212490139572756 4.990164482386846 5.550510257216822 5.841406985577066 6.000000000000005 7.09783871580308 7.282566964134893 7.529814878861359 7.60270493070291 7.8101632447511165 7.999999999999997 7.999999999999998 9.292401585224622 9.626570141219114 10.038129646603748 10.329700578697642 10.449489742783177 10.472161785228979 
0 5 0 0.984647591503266 2.225740409995721 3.040212820651993 3.225747254728337 3.370293032438927 3.922351327845162 4.10489348407247 4.212490139572756 4.990164482386846 5.550510257216822 5.841406985577066 6.000000000000005 7.09783871580308 7.282566964134893 7.529814878861359 7.60270493070291 7.8101632447511165 7.999999999999997 7.999999999999998 9.292401585224622 9.626570141219114 10.038129646603748 10.329700578697642 10.449489742783177 10.472161785228979 
0 4 1 5.329070515156816e-15 1.4226087174287976 1.6106775051310678 2.2355520111512037 2.7639320225002146 2.91178624113399 3.2679491924311224 3.640278146372037 3.896737103476439 3.9509582716401526 4.0 4.354248688935409 4.705589540614423 5.267949192431122 5.403524883304536 6.250860151125449 6.73205080756888 6.8976056158454675 7.236067977499791 8.732050807568882 8.935111508826774 9.628247050938516 9.645751311064588 9.746951239763225 9.763512013247922 
0 3 1 5.329070515156816e-15 1.4226087174287976 1.6106775051310678 2.2355520111512037 2.7639320225002146 2.91178624113399 3.2679491924311224 3.640278146372037 3.896737103476439 3.9509582716401526 4.0 4.354248688935409 4.705589540614423 5.267949192431122 5.403524883304536 6.250860151125449 6.73205080756888 6.8976056158454675 7.236067977499791 8.732050807568882 8.935111508826774 9.628247050938516 9.645751311064588 9.746951239763225 9.763512013247922 
0 2 1 1.443108705131736e-15 1.4071376319485454 1.7898158701166273 1.9999999999999982 2.6144626863532325 2.999999999999999 3.7392886135923558 4.1524446668097434 5.825955014888474 7.470895516291017 
0 1 1 1.443108705131736e-15 1.4071376319485454 1.7898158701166273 1.9999999999999982 2.6144626863532325 2.999999999999999 3.7392886135923558 4.1524446668097434 5.825955014888474 7.470895516291017 
-1 8 0 7.0 
-1 7 0 7.0 
-1 6 0 4.104893484072472 5.999999999999999 7.6027049307029095 9.29240158522462 
-1 5 0 4.104893484072472 5.999999999999999 7.6027049307029095 9.29240158522462 
-1 4 0 2.7639320225002124 3.2679491924311215 4.354248688935407 6.732050807568878 7.236067977499787 9.64575131106459 
-1 3 0 2.7639320225002124 3.2679491924311215 4.354248688935407 6.732050807568878 7.236067977499787 9.64575131106459 
-1 2 0 1.789815870116628 2.0 3.7392886135923527 7.470895516291018 
-1 1 0 1.789815870116628 2.0 3.7392886135923527 7.470895516291018 
-1 0 0 1.0 
0 0 0 1.0 
-1 -1 0 1.0 
0 -1 0 1.0 
