1 3 0 0.5857864376269059 1.9999999999999991 3.4142135623730954 4.0 
2 3 0 4.0 
1 2 0 0.5857864376269059 1.9999999999999991 3.4142135623730954 4.0 
2 2 0 4.0 
1 1 0 0.9643186596574618 1.2534317530042818 2.413214621564894 3.545095908776479 6.900004565393372 7.20147233821924 7.722462153384274 8.000000000000002 
2 1 0 8.0 
1 0 0 0.9643186596574618 1.2534317530042818 2.413214621564894 3.545095908776479 6.900004565393372 7.20147233821924 7.722462153384274 8.000000000000002 
2 0 0 8.0 
0 3 0 0.5857864376269042 2.0 3.414213562373095 
0 2 0 0.5857864376269042 2.0 3.414213562373095 
0 1 1 -2.3037127760972e-15 0.9643186596574627 1.253431753004284 1.438447187191169 2.4132146215648946 3.545095908776479 5.000000000000002 5.561552812808832 6.0000000000000036 6.900004565393373 7.201472338219242 7.722462153384278 
0 0 1 -2.3037127760972e-15 0.9643186596574627 1.253431753004284 1.438447187191169 2.4132146215648946 3.545095908776479 5.000000000000002 5.561552812808832 6.0000000000000036 6.900004565393373 7.201472338219242 7.722462153384278 
0 -1 1 -2.886579864025407e-15 0.9643186596574616 1.253431753004282 1.4384471871911695 2.413214621564893 3.5450959087764726 4.999999999999999 5.561552812808829 5.999999999999999 6.900004565393373 7.201472338219239 7.7224621533842726 
1 -1 0 1.4384471871911684 5.0 5.561552812808828 6.0 
0 -2 1 -2.886579864025407e-15 0.9643186596574616 1.253431753004282 1.4384471871911695 2.413214621564893 3.5450959087764726 4.999999999999999 5.561552812808829 5.999999999999999 6.900004565393373 7.201472338219239 7.7224621533842726 
1 -2 0 1.4384471871911684 5.0 5.561552812808828 6.0 
-1 1 0 1.4384471871911684 5.0 5.561552812808828 6.0 
-1 0 0 1.4384471871911684 5.0 5.561552812808828 6.0 
-1 -1 0 0.9643186596574609 1.2534317530042844 2.4132146215648924 3.5450959087764757 6.900004565393371 7.201472338219239 7.722462153384274 7.999999999999999 
-1 -2 0 0.9643186596574609 1.2534317530042844 2.4132146215648924 3.5450959087764757 6.900004565393371 7.201472338219239 7.722462153384274 7.999999999999999 
-1 -3 0 0.5857864376269059 1.9999999999999991 3.4142135623730954 4.0 
0 -3 0 0.5857864376269042 2.0 3.414213562373095 
-1 -4 0 0.5857864376269059 1.9999999999999991 3.4142135623730954 4.0 
0 -4 0 0.5857864376269042 2.0 3.414213562373095 
-2 -1 0 8.0 
-2 -2 0 8.0 
-2 -3 0 4.0 
-2 -4 0 4.0 
