-1 -5 0 5.0 5.0 5.0 5.0 10.0 
0 -5 1 0.0 10.0 
-1 -6 0 5.0 5.0 5.0 5.0 10.0 
0 -6 1 0.0 10.0 
-1 -7 0 4.999999999999998 9.999999999999996 10.0 10.0 10.000000000000005 
0 -7 0 5.0 
-1 -8 0 4.999999999999998 9.999999999999996 10.0 10.0 10.000000000000005 
0 -8 0 5.0 
-2 -5 0 5.0 5.0 5.0 5.0 5.0 5.0 5.0 5.0 5.0 5.0 
-2 -6 0 5.0 5.0 5.0 5.0 5.0 5.0 5.0 5.0 5.0 5.0 
-2 -7 1 8.445725994059843e-16 2.9384568463904506 2.9384568463904532 3.4905198756008953 3.490519875600897 5.000000000000001 5.283825991839204 5.283825991839205 5.491609238227537 5.491609238227547 8.000000000000002 8.225654132559887 8.225654132559903 8.56993391538201 8.569933915382013 9.000000000000005 9.999999999999995 9.999999999999996 10.0 10.000000000000004 
-2 -8 1 8.445725994059843e-16 2.9384568463904506 2.9384568463904532 3.4905198756008953 3.490519875600897 5.000000000000001 5.283825991839204 5.283825991839205 5.491609238227537 5.491609238227547 8.000000000000002 8.225654132559887 8.225654132559903 8.56993391538201 8.569933915382013 9.000000000000005 9.999999999999995 9.999999999999996 10.0 10.000000000000004 
-3 -5 0 5.0 5.0 5.0 5.0 5.0 5.0 5.0 5.0 5.0 5.0 
-3 -6 0 5.0 5.0 5.0 5.0 5.0 5.0 5.0 5.0 5.0 5.0 
-3 -7 0 2.5857864376268975 2.797938419161651 2.7979384191616523 2.938456846390448 2.9384568463904492 3.4905198756008913 3.490519875600894 4.321325428918729 4.321325428918731 4.999999999999994 5.189661882042072 5.189661882042076 5.283825991839203 5.283825991839207 5.414213562373092 5.491609238227534 5.491609238227538 5.533180936083843 5.533180936083847 5.999999999999995 7.394365710046375 7.394365710046377 7.7635276237473185 7.763527623747324 8.000000000000002 8.2256541325599 8.225654132559901 8.56993391538201 8.569933915382013 9.0 
-3 -8 0 2.5857864376268975 2.797938419161651 2.7979384191616523 2.938456846390448 2.9384568463904492 3.4905198756008913 3.490519875600894 4.321325428918729 4.321325428918731 4.999999999999994 5.189661882042072 5.189661882042076 5.283825991839203 5.283825991839207 5.414213562373092 5.491609238227534 5.491609238227538 5.533180936083843 5.533180936083847 5.999999999999995 7.394365710046375 7.394365710046377 7.7635276237473185 7.763527623747324 8.000000000000002 8.2256541325599 8.225654132559901 8.56993391538201 8.569933915382013 9.0 
-3 -9 0 1.0075569567118814 1.0075569567118858 2.9999999999999956 2.9999999999999987 3.0000000000000013 3.0000000000000013 3.53253450109987 3.5325345010998728 3.999999999999997 3.999999999999997 3.9999999999999982 3.999999999999999 4.000000000000001 4.000000000000002 4.000000000000002 5.999999999999999 5.999999999999999 6.0 6.0000000000000036 6.000000000000006 7.9999999999999964 7.999999999999997 8.0 8.000000000000002 8.000000000000005 8.000000000000005 8.085499487650017 8.085499487650024 8.374409054538223 8.374409054538226 
-2 -9 0 2.9999999999999982 2.9999999999999987 2.9999999999999996 3.0 7.999999999999995 7.999999999999999 8.0 8.0 8.0 8.000000000000009 
-3 -10 0 1.0075569567118814 1.0075569567118858 2.9999999999999956 2.9999999999999987 3.0000000000000013 3.0000000000000013 3.53253450109987 3.5325345010998728 3.999999999999997 3.999999999999997 3.9999999999999982 3.999999999999999 4.000000000000001 4.000000000000002 4.000000000000002 5.999999999999999 5.999999999999999 6.0 6.0000000000000036 6.000000000000006 7.9999999999999964 7.999999999999997 8.0 8.000000000000002 8.000000000000005 8.000000000000005 8.085499487650017 8.085499487650024 8.374409054538223 8.374409054538226 
-2 -10 0 2.9999999999999982 2.9999999999999987 2.9999999999999996 3.0 7.999999999999995 7.999999999999999 8.0 8.0 8.0 8.000000000000009 
-4 -5 0 5.0 5.0 5.0 5.0 5.0 
-4 -6 0 5.0 5.0 5.0 5.0 5.0 
-4 -7 0 2.5857864376269046 2.797938419161649 2.797938419161654 3.381966011250105 3.381966011250108 4.321325428918729 4.32132542891873 5.189661882042072 5.189661882042076 5.414213562373091 5.533180936083844 5.533180936083847 5.618033988749893 5.618033988749895 5.999999999999999 7.000000000000002 7.394365710046372 7.394365710046375 7.763527623747319 7.763527623747321 
-4 -8 0 2.5857864376269046 2.797938419161649 2.797938419161654 3.381966011250105 3.381966011250108 4.321325428918729 4.32132542891873 5.189661882042072 5.189661882042076 5.414213562373091 5.533180936083844 5.533180936083847 5.618033988749893 5.618033988749895 5.999999999999999 7.000000000000002 7.394365710046372 7.394365710046375 7.763527623747319 7.763527623747321 
-4 -9 0 1.007556956711876 1.007556956711879 2.0437047985323846 2.043704798532385 2.999999999999996 3.532534501099871 3.5325345010998737 3.7909430734646925 3.790943073464693 3.9999999999999956 3.999999999999997 3.999999999999998 3.999999999999999 3.999999999999999 4.0 4.0 5.338261212717716 5.338261212717717 5.827090915285199 5.8270909152852 5.999999999999996 5.999999999999997 5.999999999999998 5.999999999999999 6.0 8.0 8.085499487650019 8.085499487650022 8.374409054538223 8.374409054538223 
-4 -10 0 1.007556956711876 1.007556956711879 2.0437047985323846 2.043704798532385 2.999999999999996 3.532534501099871 3.5325345010998737 3.7909430734646925 3.790943073464693 3.9999999999999956 3.999999999999997 3.999999999999998 3.999999999999999 3.999999999999999 4.0 4.0 5.338261212717716 5.338261212717717 5.827090915285199 5.8270909152852 5.999999999999996 5.999999999999997 5.999999999999998 5.999999999999999 6.0 8.0 8.085499487650019 8.085499487650022 8.374409054538223 8.374409054538223 
-4 -11 1 2.4501555777377792e-15 1.0437047985323893 1.0437047985323895 1.9999999999999993 2.533268196029286 2.5332681960292867 2.790943073464692 2.790943073464695 3.2225157491185628 3.2225157491185628 4.000000000000002 4.338261212717716 4.3382612127177165 4.8270909152852015 4.827090915285203 5.7774842508814315 5.777484250881441 6.466731803970715 6.466731803970715 6.999999999999998 
-3 -11 1 -4.32585693960698e-16 2.533268196029286 2.533268196029287 3.222515749118562 3.222515749118565 3.999999999999997 5.777484250881436 5.777484250881437 6.4667318039707125 6.466731803970717 
-4 -12 1 2.4501555777377792e-15 1.0437047985323893 1.0437047985323895 1.9999999999999993 2.533268196029286 2.5332681960292867 2.790943073464692 2.790943073464695 3.2225157491185628 3.2225157491185628 4.000000000000002 4.338261212717716 4.3382612127177165 4.8270909152852015 4.827090915285203 5.7774842508814315 5.777484250881441 6.466731803970715 6.466731803970715 6.999999999999998 
-3 -12 1 -4.32585693960698e-16 2.533268196029286 2.533268196029287 3.222515749118562 3.222515749118565 3.999999999999997 5.777484250881436 5.777484250881437 6.4667318039707125 6.466731803970717 
-5 -5 0 5.0 
-5 -6 0 5.0 
-5 -7 0 3.3819660112501024 3.3819660112501073 5.618033988749897 5.618033988749897 6.999999999999998 
-5 -8 0 3.3819660112501024 3.3819660112501073 5.618033988749897 5.618033988749897 6.999999999999998 
-5 -9 0 2.043704798532386 2.043704798532388 2.9999999999999982 3.7909430734646903 3.7909430734646916 5.338261212717713 5.338261212717715 5.827090915285196 5.827090915285199 8.0 
-5 -10 0 2.043704798532386 2.043704798532388 2.9999999999999982 3.7909430734646903 3.7909430734646916 5.338261212717713 5.338261212717715 5.827090915285196 5.827090915285199 8.0 
-5 -11 0 1.0437047985323875 1.0437047985323884 1.9999999999999987 2.790943073464692 2.7909430734646934 4.338261212717714 4.3382612127177165 4.827090915285201 4.8270909152852015 7.0 
-5 -12 0 1.0437047985323875 1.0437047985323884 1.9999999999999987 2.790943073464692 2.7909430734646934 4.338261212717714 4.3382612127177165 4.827090915285201 4.8270909152852015 7.0 
-5 -13 0 0.38196601125010415 0.38196601125010515 2.6180339887498936 2.6180339887498953 3.9999999999999996 
-4 -13 0 0.3819660112501049 0.38196601125010515 2.6180339887498945 2.618033988749895 4.0 
-5 -14 0 0.38196601125010415 0.38196601125010515 2.6180339887498936 2.6180339887498953 3.9999999999999996 
-4 -14 0 0.3819660112501049 0.38196601125010515 2.6180339887498945 2.618033988749895 4.0 
