4 12 0 2.0 2.0 
5 12 0 2.0 
4 11 0 2.0 2.0 
5 11 0 2.0 
4 10 0 1.0567553372391556 1.7226507043197055 2.85410721557419 3.2950327537974884 3.6833752096446 3.879264961073442 4.0 4.652334778583779 5.0000000000000036 5.49251126143476 8.708485904643 9.338857083334485 10.316624790355403 
5 10 0 3.6833752096446 4.0 10.316624790355396 
4 9 0 1.0567553372391556 1.7226507043197055 2.85410721557419 3.2950327537974884 3.6833752096446 3.879264961073442 4.0 4.652334778583779 5.0000000000000036 5.49251126143476 8.708485904643 9.338857083334485 10.316624790355403 
5 9 0 3.6833752096446 4.0 10.316624790355396 
4 8 0 1.1950230802652508 2.534798848209121 3.5085672074430065 3.627628748285359 4.08639450569919 4.630960328683441 4.984330480914588 4.999999999999995 6.298437881283575 6.545207964329439 6.8497999905091485 7.030862532448119 8.267949192431123 8.875400466415444 9.38469198067923 10.912668632406989 11.692014590597315 11.732050807568873 12.701562118716417 12.72109990052088 13.130811537475909 13.289739205117572 
5 8 0 5.0 8.267949192431121 11.732050807568875 
4 7 0 1.1950230802652508 2.534798848209121 3.5085672074430065 3.627628748285359 4.08639450569919 4.630960328683441 4.984330480914588 4.999999999999995 6.298437881283575 6.545207964329439 6.8497999905091485 7.030862532448119 8.267949192431123 8.875400466415444 9.38469198067923 10.912668632406989 11.692014590597315 11.732050807568873 12.701562118716417 12.72109990052088 13.130811537475909 13.289739205117572 
5 7 0 5.0 8.267949192431121 11.732050807568875 
4 6 0 3.0604941702416983 4.291843230786898 5.999999999999998 6.405078930119309 7.440122999176921 7.878181751623622 8.999999999999998 9.316130890087924 9.497185478160906 10.647385787619102 11.4635767621836 11.999999999999995 12.0 
5 6 0 9.0 
4 5 0 3.0604941702416983 4.291843230786898 5.999999999999998 6.405078930119309 7.440122999176921 7.878181751623622 8.999999999999998 9.316130890087924 9.497185478160906 10.647385787619102 11.4635767621836 11.999999999999995 12.0 
5 5 0 9.0 
3 12 0 2.0 
3 11 0 2.0 
3 10 0 1.0567553372391534 1.6839914667455438 1.722650704319706 2.8541072155741873 2.9129092798718634 2.999999999999999 3.2950327537974844 3.8792649610734444 4.6523347785837785 4.685364210313105 5.0 5.0 5.000000000000004 5.3955134404662095 5.492511261434761 7.322221602603283 8.708485904643004 9.33885708333449 
3 9 0 1.0567553372391534 1.6839914667455438 1.722650704319706 2.8541072155741873 2.9129092798718634 2.999999999999999 3.2950327537974844 3.8792649610734444 4.6523347785837785 4.685364210313105 5.0 5.0 5.000000000000004 5.3955134404662095 5.492511261434761 7.322221602603283 8.708485904643004 9.33885708333449 
3 8 0 0.910956670539303 1.1950230802652728 1.2024979941795753 2.0289134313895856 2.5319762405799913 2.534798848209121 2.7252285352667664 2.869072723772553 3.1328201759409295 3.2542048812648727 3.508567207443005 3.6276287482853617 3.6690318053762794 3.9151495264178955 4.086394505699182 4.514538686320906 4.630960328683442 4.673322938041518 4.724158780578959 4.984330480914584 5.062150725055292 5.23962268080619 5.718148803612438 5.9711242771598725 6.2984378812835775 6.495151768201114 6.545207964329435 6.6272044803067995 6.849799990509144 6.952384404606444 7.030862532448112 7.473520591521798 7.553862062772129 7.638414705543074 8.026460027052241 8.398320710447603 8.87540046641544 9.206357727736092 9.335671997306644 9.384691980679223 10.042165311893104 10.462498150655676 10.675055921135126 10.912668632406982 10.931189240096655 10.951148197796249 11.023736735891646 11.257974613200043 11.493525542390897 11.557483564365295 11.692014590597303 11.7549553707784 12.701562118716444 12.721099900520882 13.13081153747591 13.28973920511756 
3 7 0 0.910956670539303 1.1950230802652728 1.2024979941795753 2.0289134313895856 2.5319762405799913 2.534798848209121 2.7252285352667664 2.869072723772553 3.1328201759409295 3.2542048812648727 3.508567207443005 3.6276287482853617 3.6690318053762794 3.9151495264178955 4.086394505699182 4.514538686320906 4.630960328683442 4.673322938041518 4.724158780578959 4.984330480914584 5.062150725055292 5.23962268080619 5.718148803612438 5.9711242771598725 6.2984378812835775 6.495151768201114 6.545207964329435 6.6272044803067995 6.849799990509144 6.952384404606444 7.030862532448112 7.473520591521798 7.553862062772129 7.638414705543074 8.026460027052241 8.398320710447603 8.87540046641544 9.206357727736092 9.335671997306644 9.384691980679223 10.042165311893104 10.462498150655676 10.675055921135126 10.912668632406982 10.931189240096655 10.951148197796249 11.023736735891646 11.257974613200043 11.493525542390897 11.557483564365295 11.692014590597303 11.7549553707784 12.701562118716444 12.721099900520882 13.13081153747591 13.28973920511756 
3 6 0 0.9451829097672598 1.8794549053347158 2.1812519668971184 2.5074456646554664 2.920841549366228 3.0604941702417054 3.250580441796443 3.5051449073383623 4.003131308652254 4.074010139276258 4.131444309585008 4.291843230786896 4.623705997463381 4.746451293876626 4.856999603432887 5.315551765578209 6.0 6.11140512400765 6.254803061314531 6.405078930119316 7.237569684989624 7.387570486201723 7.440122999176921 7.4650426211233185 7.611205426961786 7.732501579808879 7.878181751623626 8.112970411979298 8.52940842889507 8.836360478085915 9.043188892806333 9.149371674049883 9.31613089008793 9.497185478160905 9.752655414349478 9.852430318366745 9.999999999999993 10.647385787619106 11.040832145452432 11.408016540380222 11.413241971113555 11.4635767621836 11.662536294283289 11.811296005060761 11.999999999999995 11.999999999999998 12.08321706994045 12.153081545265152 12.1638555583692 12.594531394295565 12.77353531701646 13.39696605703442 13.48120973582801 13.999999999999996 13.999999999999998 13.999999999999998 
3 5 0 0.9451829097672598 1.8794549053347158 2.1812519668971184 2.5074456646554664 2.920841549366228 3.0604941702417054 3.250580441796443 3.5051449073383623 4.003131308652254 4.074010139276258 4.131444309585008 4.291843230786896 4.623705997463381 4.746451293876626 4.856999603432887 5.315551765578209 6.0 6.11140512400765 6.254803061314531 6.405078930119316 7.237569684989624 7.387570486201723 7.440122999176921 7.4650426211233185 7.611205426961786 7.732501579808879 7.878181751623626 8.112970411979298 8.52940842889507 8.836360478085915 9.043188892806333 9.149371674049883 9.31613089008793 9.497185478160905 9.752655414349478 9.852430318366745 9.999999999999993 10.647385787619106 11.040832145452432 11.408016540380222 11.413241971113555 11.4635767621836 11.662536294283289 11.811296005060761 11.999999999999995 11.999999999999998 12.08321706994045 12.153081545265152 12.1638555583692 12.594531394295565 12.77353531701646 13.39696605703442 13.48120973582801 13.999999999999996 13.999999999999998 13.999999999999998 
3 4 0 2.6029306329014963 3.780089118158931 4.176088878027408 4.919395599429078 5.218471202070396 6.028357825239694 6.999999999999995 6.999999999999998 6.999999999999999 7.000000000000003 7.000000000000006 7.894258795225342 8.540478491191948 9.270818480443507 9.999999999999996 10.072630684565171 10.686694372619618 10.809785920127421 
4 4 0 7.0 7.0 
3 3 0 2.6029306329014963 3.780089118158931 4.176088878027408 4.919395599429078 5.218471202070396 6.028357825239694 6.999999999999995 6.999999999999998 6.999999999999999 7.000000000000003 7.000000000000006 7.894258795225342 8.540478491191948 9.270818480443507 9.999999999999996 10.072630684565171 10.686694372619618 10.809785920127421 
4 3 0 7.0 7.0 
2 10 0 1.6839914667455451 2.912909279871862 3.0 3.0000000000000004 4.685364210313107 5.0 5.0 5.000000000000002 5.395513440466206 7.322221602603281 
2 9 0 1.6839914667455451 2.912909279871862 3.0 3.0000000000000004 4.685364210313107 5.0 5.0 5.000000000000002 5.395513440466206 7.322221602603281 
2 8 0 0.9109566705393017 1.057793251042518 1.2024979941795613 1.4762524126149157 2.0289134313895962 2.5319762405799984 2.725228535266774 2.737512565867369 2.7948490941307673 2.8690727237725464 3.132820175940929 3.254204881264875 3.2803330969382345 3.66903180537627 3.748365436982596 3.9151495264178955 4.339101243216737 4.509391904380042 4.5145386863209005 4.5857864376269175 4.673322938041518 4.710626813590044 4.724158780578963 4.960658824504236 5.06215072505529 5.239622680806194 5.305965332842837 5.687924733809323 5.718148803612437 5.97112427715987 6.4951517682011115 6.627204480306793 6.706723323909119 6.714380546003109 6.952384404606439 6.999999999999999 7.342228095151588 7.382878186713934 7.414213562373101 7.473520591521794 7.553862062772127 7.611328544907067 7.638414705543078 8.000000000000009 8.026460027052241 8.398320710447601 8.401785273786313 8.715450019270541 8.947639305510313 9.206357727736094 9.282076237057842 9.335671997306648 9.637763075424226 9.737620319961906 9.911352362384418 10.042165311893104 10.462498150655676 10.675055921135131 10.931189240096657 10.951148197796261 11.023736735891644 11.257974613200048 11.4935255423909 11.5574835643653 11.754955370778388 
2 7 0 0.9109566705393017 1.057793251042518 1.2024979941795613 1.4762524126149157 2.0289134313895962 2.5319762405799984 2.725228535266774 2.737512565867369 2.7948490941307673 2.8690727237725464 3.132820175940929 3.254204881264875 3.2803330969382345 3.66903180537627 3.748365436982596 3.9151495264178955 4.339101243216737 4.509391904380042 4.5145386863209005 4.5857864376269175 4.673322938041518 4.710626813590044 4.724158780578963 4.960658824504236 5.06215072505529 5.239622680806194 5.305965332842837 5.687924733809323 5.718148803612437 5.97112427715987 6.4951517682011115 6.627204480306793 6.706723323909119 6.714380546003109 6.952384404606439 6.999999999999999 7.342228095151588 7.382878186713934 7.414213562373101 7.473520591521794 7.553862062772127 7.611328544907067 7.638414705543078 8.000000000000009 8.026460027052241 8.398320710447601 8.401785273786313 8.715450019270541 8.947639305510313 9.206357727736094 9.282076237057842 9.335671997306648 9.637763075424226 9.737620319961906 9.911352362384418 10.042165311893104 10.462498150655676 10.675055921135131 10.931189240096657 10.951148197796261 11.023736735891644 11.257974613200048 11.4935255423909 11.5574835643653 11.754955370778388 
2 6 0 0.3534156084632105 0.9451829097672602 0.9803425386817608 1.2992773190090845 1.458057304177606 1.8151133950082121 1.8794549053347316 2.1812519668971055 2.5074456646554713 2.5532530950756533 2.575975633274522 2.6087901005037524 2.8370275049262266 2.920841549366236 3.1445682774600283 3.250580441796447 3.3919694257792465 3.50514490733837 3.5294877641285094 3.6885335313701737 3.7178483968089715 3.876633441035264 3.966986903372588 4.003131308652256 4.074010139276253 4.13144430958501 4.276345186821355 4.61383644710639 4.623705997463389 4.7464512938766195 4.801828539090108 4.85699960343288 4.964876947783053 5.114436195169984 5.315551765578208 5.445120481223702 5.467440135738774 5.754582671438668 6.006444965813009 6.061254718000475 6.111405124007651 6.1119065221112585 6.196846689069713 6.2548030613145436 6.661966646722669 6.841117921466605 7.083960036773321 7.119009612596122 7.237569684989628 7.387570486201724 7.465042621123323 7.544193854614665 7.611205426961791 7.628874815053528 7.732501579808882 7.738465912965321 7.813877410125387 7.821472476061286 8.112970411979292 8.33933484031246 8.378174047416403 8.529408428895072 8.534234696704027 8.80076642111908 8.836360478085913 8.926145586720017 8.964179255479953 9.04318889280634 9.149371674049878 9.239124659319401 9.551745125853499 9.752655414349467 9.852430318366752 9.93625834724997 10.000000000000002 11.040832145452434 11.065547292245686 11.198988371912069 11.232170099245247 11.40801654038022 11.413241971113566 11.419657845912525 11.446790853172526 11.66253629428331 11.81129600506076 11.931853463815253 12.004223764414082 12.027959574760494 12.08321706994045 12.09313028238404 12.14740054092129 12.15308154526517 12.1638555583692 12.283753778713038 12.33860996138623 12.594531394295561 12.63702723830769 12.645019435212241 12.773535317016462 12.880751610315672 12.890754121883372 13.182320068646069 13.396966057034415 13.481209735828022 13.545986985520697 13.686193999388639 13.806759306848175 13.999999999999993 14.000000000000005 14.000000000000021 
2 5 0 0.3534156084632105 0.9451829097672602 0.9803425386817608 1.2992773190090845 1.458057304177606 1.8151133950082121 1.8794549053347316 2.1812519668971055 2.5074456646554713 2.5532530950756533 2.575975633274522 2.6087901005037524 2.8370275049262266 2.920841549366236 3.1445682774600283 3.250580441796447 3.3919694257792465 3.50514490733837 3.5294877641285094 3.6885335313701737 3.7178483968089715 3.876633441035264 3.966986903372588 4.003131308652256 4.074010139276253 4.13144430958501 4.276345186821355 4.61383644710639 4.623705997463389 4.7464512938766195 4.801828539090108 4.85699960343288 4.964876947783053 5.114436195169984 5.315551765578208 5.445120481223702 5.467440135738774 5.754582671438668 6.006444965813009 6.061254718000475 6.111405124007651 6.1119065221112585 6.196846689069713 6.2548030613145436 6.661966646722669 6.841117921466605 7.083960036773321 7.119009612596122 7.237569684989628 7.387570486201724 7.465042621123323 7.544193854614665 7.611205426961791 7.628874815053528 7.732501579808882 7.738465912965321 7.813877410125387 7.821472476061286 8.112970411979292 8.33933484031246 8.378174047416403 8.529408428895072 8.534234696704027 8.80076642111908 8.836360478085913 8.926145586720017 8.964179255479953 9.04318889280634 9.149371674049878 9.239124659319401 9.551745125853499 9.752655414349467 9.852430318366752 9.93625834724997 10.000000000000002 11.040832145452434 11.065547292245686 11.198988371912069 11.232170099245247 11.40801654038022 11.413241971113566 11.419657845912525 11.446790853172526 11.66253629428331 11.81129600506076 11.931853463815253 12.004223764414082 12.027959574760494 12.08321706994045 12.09313028238404 12.14740054092129 12.15308154526517 12.1638555583692 12.283753778713038 12.33860996138623 12.594531394295561 12.63702723830769 12.645019435212241 12.773535317016462 12.880751610315672 12.890754121883372 13.182320068646069 13.396966057034415 13.481209735828022 13.545986985520697 13.686193999388639 13.806759306848175 13.999999999999993 14.000000000000005 14.000000000000021 
2 4 0 0.8551477637278784 1.0945498183746345 1.9651960953940293 2.086239722944197 2.602930632901493 2.747234243811777 2.7772576617061424 2.973243024454247 3.1945590235065526 3.261179124826259 3.419471397979071 3.5473482899645457 3.780089118158932 4.123278274525909 4.167773753500517 4.176088878027407 4.533033239527999 4.608528843601554 4.919395599429072 5.14903531360824 5.218471202070391 5.450694036405076 5.533592514870022 5.663842000567429 5.697694517058924 5.801782075214802 5.808538075260653 6.028357825239685 6.353737120915592 6.376767073108989 6.999999999999997 7.000000000000002 7.000000000000002 7.3074008724702715 7.349882034078325 7.754469788750034 7.894258795225344 8.53333528138088 8.540478491191953 8.604280405219162 8.883616211501726 9.070056913290006 9.27081848044351 9.316233361596199 10.000000000000005 10.07263068456517 10.113414408007607 10.123104732172356 10.46104515280039 10.538145557057616 10.554722750617902 10.682455886300334 10.68669437261962 10.809785920127428 10.879898147635782 10.977674302516032 11.053199001581907 11.208991156667105 11.401238861458175 11.410097808211441 11.48855911577382 11.570407758329145 11.759386554889408 11.76866093283934 12.000000000000005 
2 3 0 0.8551477637278784 1.0945498183746345 1.9651960953940293 2.086239722944197 2.602930632901493 2.747234243811777 2.7772576617061424 2.973243024454247 3.1945590235065526 3.261179124826259 3.419471397979071 3.5473482899645457 3.780089118158932 4.123278274525909 4.167773753500517 4.176088878027407 4.533033239527999 4.608528843601554 4.919395599429072 5.14903531360824 5.218471202070391 5.450694036405076 5.533592514870022 5.663842000567429 5.697694517058924 5.801782075214802 5.808538075260653 6.028357825239685 6.353737120915592 6.376767073108989 6.999999999999997 7.000000000000002 7.000000000000002 7.3074008724702715 7.349882034078325 7.754469788750034 7.894258795225344 8.53333528138088 8.540478491191953 8.604280405219162 8.883616211501726 9.070056913290006 9.27081848044351 9.316233361596199 10.000000000000005 10.07263068456517 10.113414408007607 10.123104732172356 10.46104515280039 10.538145557057616 10.554722750617902 10.682455886300334 10.68669437261962 10.809785920127428 10.879898147635782 10.977674302516032 11.053199001581907 11.208991156667105 11.401238861458175 11.410097808211441 11.48855911577382 11.570407758329145 11.759386554889408 11.76866093283934 12.000000000000005 
2 2 0 2.696023949013737 2.6972243622680017 4.749903979726731 4.999999999999998 4.999999999999998 5.0 5.172463870840657 6.302775637731989 7.846608706171995 8.534999494246872 
3 2 0 5.0 
2 1 0 2.696023949013737 2.6972243622680017 4.749903979726731 4.999999999999998 4.999999999999998 5.0 5.172463870840657 6.302775637731989 7.846608706171995 8.534999494246872 
3 1 0 5.0 
1 10 0 3.0 5.0 
1 9 0 3.0 5.0 
1 8 0 1.057793251042516 1.4762524126149117 2.585786437626905 2.737512565867375 2.7948490941307718 3.280333096938234 3.748365436982602 4.339101243216731 4.509391904380038 4.585786437626901 4.585786437626906 4.710626813590049 4.960658824504241 5.305965332842833 5.414213562373096 5.6879247338093215 5.999999999999999 6.70672332390912 6.71438054600311 6.999999999999999 7.0000000000000036 7.3422280951515875 7.3828781867139375 7.414213562373095 7.414213562373095 7.611328544907063 7.999999999999999 8.0 8.401785273786315 8.71545001927054 8.947639305510313 9.28207623705784 9.637763075424225 9.737620319961906 9.911352362384404 
1 7 0 1.057793251042516 1.4762524126149117 2.585786437626905 2.737512565867375 2.7948490941307718 3.280333096938234 3.748365436982602 4.339101243216731 4.509391904380038 4.585786437626901 4.585786437626906 4.710626813590049 4.960658824504241 5.305965332842833 5.414213562373096 5.6879247338093215 5.999999999999999 6.70672332390912 6.71438054600311 6.999999999999999 7.0000000000000036 7.3422280951515875 7.3828781867139375 7.414213562373095 7.414213562373095 7.611328544907063 7.999999999999999 8.0 8.401785273786315 8.71545001927054 8.947639305510313 9.28207623705784 9.637763075424225 9.737620319961906 9.911352362384404 
1 6 0 0.3534156084631987 0.9803425386817617 1.123271989676701 1.1525632374437325 1.2992773190090954 1.4580573041775973 1.815113395008217 2.366741196270205 2.5383517688450956 2.553253095075659 2.575975633274526 2.608790100503753 2.8370275049262257 3.1445682774600305 3.2080537540171594 3.391969425779237 3.5294877641285085 3.6186273019906134 3.68853353137017 3.7083599819796036 3.717848396808972 3.8766334410352625 3.966986903372582 4.127227235518035 4.178163452036052 4.276345186821352 4.613836447106386 4.628342402155472 4.801828539090114 4.964876947783051 5.114436195169982 5.133217466951039 5.401057058390185 5.4451204812236975 5.467440135738767 5.653357474881125 5.7545826714386665 6.0000000000000036 6.006444965813001 6.027918864143445 6.061254718000459 6.111906522111256 6.196846689069701 6.313220677544878 6.66196664672267 6.8411179214666005 6.914940661244197 6.9452759919243 7.08396003677332 7.1190096125961135 7.163483972172896 7.544193854614673 7.628874815053528 7.738465912965325 7.813877410125393 7.821472476061297 7.897059157367604 8.339334840312453 8.378174047416394 8.53423469670402 8.658809149696697 8.80076642111908 8.858782569723083 8.926145586720008 8.964179255479928 9.239124659319392 9.476353206444736 9.495757810491437 9.5517451258535 9.936258347249963 10.000000000000009 10.17204718668875 10.271182468614423 10.465809357206481 10.777757819146057 10.864121854186962 11.065547292245695 11.144314857737596 11.198988371912057 11.232170099245247 11.273506446615173 11.28668257393612 11.419657845912527 11.446790853172523 11.465276106066364 11.690364948893759 11.931853463815253 11.999999999999995 12.000000000000005 12.00422376441408 12.02795957476049 12.09313028238403 12.147400540921288 12.283753778713034 12.338609961386227 12.637027238307684 12.645019435212246 12.880751610315668 12.890754121883365 13.182320068646082 13.54598698552069 13.686193999388617 13.806759306848187 
1 5 0 0.3534156084631987 0.9803425386817617 1.123271989676701 1.1525632374437325 1.2992773190090954 1.4580573041775973 1.815113395008217 2.366741196270205 2.5383517688450956 2.553253095075659 2.575975633274526 2.608790100503753 2.8370275049262257 3.1445682774600305 3.2080537540171594 3.391969425779237 3.5294877641285085 3.6186273019906134 3.68853353137017 3.7083599819796036 3.717848396808972 3.8766334410352625 3.966986903372582 4.127227235518035 4.178163452036052 4.276345186821352 4.613836447106386 4.628342402155472 4.801828539090114 4.964876947783051 5.114436195169982 5.133217466951039 5.401057058390185 5.4451204812236975 5.467440135738767 5.653357474881125 5.7545826714386665 6.0000000000000036 6.006444965813001 6.027918864143445 6.061254718000459 6.111906522111256 6.196846689069701 6.313220677544878 6.66196664672267 6.8411179214666005 6.914940661244197 6.9452759919243 7.08396003677332 7.1190096125961135 7.163483972172896 7.544193854614673 7.628874815053528 7.738465912965325 7.813877410125393 7.821472476061297 7.897059157367604 8.339334840312453 8.378174047416394 8.53423469670402 8.658809149696697 8.80076642111908 8.858782569723083 8.926145586720008 8.964179255479928 9.239124659319392 9.476353206444736 9.495757810491437 9.5517451258535 9.936258347249963 10.000000000000009 10.17204718668875 10.271182468614423 10.465809357206481 10.777757819146057 10.864121854186962 11.065547292245695 11.144314857737596 11.198988371912057 11.232170099245247 11.273506446615173 11.28668257393612 11.419657845912527 11.446790853172523 11.465276106066364 11.690364948893759 11.931853463815253 11.999999999999995 12.000000000000005 12.00422376441408 12.02795957476049 12.09313028238403 12.147400540921288 12.283753778713034 12.338609961386227 12.637027238307684 12.645019435212246 12.880751610315668 12.890754121883365 13.182320068646082 13.54598698552069 13.686193999388617 13.806759306848187 
1 4 0 0.17538502950625912 0.8070411889150497 0.8551477637278794 1.0304554007939337 1.0945498183746327 1.1879160082323412 1.6153081904442248 1.9651960953940226 2.086239722944197 2.1401518662923555 2.2283736537468872 2.740566010100649 2.747234243811785 2.777257661706145 2.9732430244542516 3.094259066689638 3.1945590235065513 3.2611791248262567 3.261709140241818 3.2771945591605536 3.416164142804314 3.419471397979074 3.547348289964548 3.611947940498787 3.890536173516475 3.9729190102543255 4.123278274525915 4.167773753500514 4.533033239527994 4.537308659390388 4.608528843601555 4.780364788312196 4.867790552123015 5.143071555174651 5.149035313608237 5.202607172018537 5.450694036405077 5.533592514870015 5.638131559313014 5.663842000567426 5.697694517058927 5.801782075214803 5.808538075260655 5.824790940376633 6.088382360576754 6.2406448501843945 6.353737120915587 6.37068100160276 6.376767073108985 6.518372891470315 6.768829525203412 6.810770575769736 6.942491875959001 7.307400872470277 7.34988203407833 7.369334382744031 7.633198981006101 7.754469788750041 7.855442580166287 8.107290520592988 8.243249438637445 8.382196248603373 8.53333528138088 8.604280405219159 8.719750317343713 8.883616211501728 8.917288342124262 9.070056913290006 9.236217430597987 9.288436483902105 9.316233361596204 10.113414408007607 10.123104732172353 10.461045152800384 10.538145557057616 10.554722750617891 10.682455886300325 10.879898147635783 10.977674302516032 11.044655326708238 11.053199001581909 11.2089911566671 11.263978595786408 11.401238861458179 11.410097808211445 11.442223721907872 11.48855911577382 11.559014523606654 11.570407758329145 11.75152179581589 11.759386554889417 11.76866093283933 11.822838224541902 11.832379640754354 11.931766145818049 11.999999999999996 12.383948835304865 12.593162796273678 12.658831123818535 12.924848444489776 13.163991661821637 13.310175089560728 13.380093659400636 
1 3 0 0.17538502950625912 0.8070411889150497 0.8551477637278794 1.0304554007939337 1.0945498183746327 1.1879160082323412 1.6153081904442248 1.9651960953940226 2.086239722944197 2.1401518662923555 2.2283736537468872 2.740566010100649 2.747234243811785 2.777257661706145 2.9732430244542516 3.094259066689638 3.1945590235065513 3.2611791248262567 3.261709140241818 3.2771945591605536 3.416164142804314 3.419471397979074 3.547348289964548 3.611947940498787 3.890536173516475 3.9729190102543255 4.123278274525915 4.167773753500514 4.533033239527994 4.537308659390388 4.608528843601555 4.780364788312196 4.867790552123015 5.143071555174651 5.149035313608237 5.202607172018537 5.450694036405077 5.533592514870015 5.638131559313014 5.663842000567426 5.697694517058927 5.801782075214803 5.808538075260655 5.824790940376633 6.088382360576754 6.2406448501843945 6.353737120915587 6.37068100160276 6.376767073108985 6.518372891470315 6.768829525203412 6.810770575769736 6.942491875959001 7.307400872470277 7.34988203407833 7.369334382744031 7.633198981006101 7.754469788750041 7.855442580166287 8.107290520592988 8.243249438637445 8.382196248603373 8.53333528138088 8.604280405219159 8.719750317343713 8.883616211501728 8.917288342124262 9.070056913290006 9.236217430597987 9.288436483902105 9.316233361596204 10.113414408007607 10.123104732172353 10.461045152800384 10.538145557057616 10.554722750617891 10.682455886300325 10.879898147635783 10.977674302516032 11.044655326708238 11.053199001581909 11.2089911566671 11.263978595786408 11.401238861458179 11.410097808211445 11.442223721907872 11.48855911577382 11.559014523606654 11.570407758329145 11.75152179581589 11.759386554889417 11.76866093283933 11.822838224541902 11.832379640754354 11.931766145818049 11.999999999999996 12.383948835304865 12.593162796273678 12.658831123818535 12.924848444489776 13.163991661821637 13.310175089560728 13.380093659400636 
1 2 0 0.213863452768932 0.9259794941410262 1.1126395867437258 1.9900430211282965 2.541369241772111 2.6052876120133224 2.6960239490137403 2.697224362268005 2.6972243622680088 2.8457447203911594 3.6119274486293715 4.378954811424958 4.394712387986677 4.4864789065710715 4.701325614516825 4.7499039797267315 4.999999999999999 5.0000000000000036 5.172463870840659 5.363656390406651 5.621980651872798 5.8873604132562765 6.201519389916189 6.302775637731994 6.302775637731998 7.0000000000000036 7.625398095706006 7.846608706171999 8.010980125631132 8.300402026856066 8.534999494246877 8.823859304558065 9.131579506248473 9.492747639874361 9.732190157586517 
1 1 0 0.213863452768932 0.9259794941410262 1.1126395867437258 1.9900430211282965 2.541369241772111 2.6052876120133224 2.6960239490137403 2.697224362268005 2.6972243622680088 2.8457447203911594 3.6119274486293715 4.378954811424958 4.394712387986677 4.4864789065710715 4.701325614516825 4.7499039797267315 4.999999999999999 5.0000000000000036 5.172463870840659 5.363656390406651 5.621980651872798 5.8873604132562765 6.201519389916189 6.302775637731994 6.302775637731998 7.0000000000000036 7.625398095706006 7.846608706171999 8.010980125631132 8.300402026856066 8.534999494246877 8.823859304558065 9.131579506248473 9.492747639874361 9.732190157586517 
0 8 0 2.5857864376269046 4.585786437626907 5.414213562373095 6.000000000000003 7.0 7.414213562373095 8.0 
0 7 0 2.5857864376269046 4.585786437626907 5.414213562373095 6.000000000000003 7.0 7.414213562373095 8.0 
0 6 0 1.1232719896766967 1.1525632374437422 2.366741196270234 2.5383517688450956 3.208053754017154 3.618627301990616 3.708359981979603 4.127227235518037 4.17816345203605 4.628342402155476 5.133217466951042 5.401057058390181 5.653357474881128 6.000000000000002 6.027918864143443 6.313220677544882 6.585786437626911 6.914940661244193 6.945275991924302 7.1634839721728945 7.89705915736761 7.999999999999998 8.658809149696696 8.858782569723084 9.414213562373085 9.476353206444722 9.495757810491428 9.999999999999998 10.000000000000005 10.000000000000005 10.172047186688754 10.271182468614422 10.46580935720648 10.777757819146057 10.864121854186962 11.144314857737598 11.273506446615173 11.286682573936119 11.465276106066364 11.690364948893752 11.999999999999991 11.999999999999995 
0 5 0 1.1232719896766967 1.1525632374437422 2.366741196270234 2.5383517688450956 3.208053754017154 3.618627301990616 3.708359981979603 4.127227235518037 4.17816345203605 4.628342402155476 5.133217466951042 5.401057058390181 5.653357474881128 6.000000000000002 6.027918864143443 6.313220677544882 6.585786437626911 6.914940661244193 6.945275991924302 7.1634839721728945 7.89705915736761 7.999999999999998 8.658809149696696 8.858782569723084 9.414213562373085 9.476353206444722 9.495757810491428 9.999999999999998 10.000000000000005 10.000000000000005 10.172047186688754 10.271182468614422 10.46580935720648 10.777757819146057 10.864121854186962 11.144314857737598 11.273506446615173 11.286682573936119 11.465276106066364 11.690364948893752 11.999999999999991 11.999999999999995 
0 4 0 0.1753850295062667 0.8070411889150442 1.0304554007939382 1.187916008232345 1.6153081904442264 2.140151866292359 2.2283736537468717 2.740566010100648 3.094259066689643 3.1005748058879217 3.2617091402418152 3.2771945591605527 3.4161641428043077 3.611947940498787 3.8905361735164767 3.9729190102543264 4.269149328669317 4.53730865939039 4.780364788312193 4.86779055212302 5.1430715551746555 5.202607172018538 5.6381315593130195 5.82479094037662 5.999999999999998 6.079565283416552 6.088382360576755 6.2172782473212 6.240644850184398 6.370681001602762 6.420284316004656 6.518372891470313 6.768829525203405 6.810770575769737 6.942491875959002 7.369334382744043 7.633198981006102 7.855442580166295 7.861242954809379 7.999999999999997 8.107290520592997 8.243249438637447 8.38219624860338 8.64497570224296 8.719750317343715 8.917288342124264 9.077967467414668 9.236217430597993 9.288436483902114 11.044655326708241 11.263978595786414 11.442223721907878 11.559014523606647 11.751521795815876 11.818347738778384 11.822838224541915 11.832379640754352 11.931766145818052 12.276526070266334 12.383948835304865 12.38824382330269 12.412043545099426 12.593162796273678 12.658831123818532 12.924848444489774 13.163991661821626 13.310175089560717 13.380093659400636 13.433800716786505 14.000000000000018 
0 3 0 0.1753850295062667 0.8070411889150442 1.0304554007939382 1.187916008232345 1.6153081904442264 2.140151866292359 2.2283736537468717 2.740566010100648 3.094259066689643 3.1005748058879217 3.2617091402418152 3.2771945591605527 3.4161641428043077 3.611947940498787 3.8905361735164767 3.9729190102543264 4.269149328669317 4.53730865939039 4.780364788312193 4.86779055212302 5.1430715551746555 5.202607172018538 5.6381315593130195 5.82479094037662 5.999999999999998 6.079565283416552 6.088382360576755 6.2172782473212 6.240644850184398 6.370681001602762 6.420284316004656 6.518372891470313 6.768829525203405 6.810770575769737 6.942491875959002 7.369334382744043 7.633198981006102 7.855442580166295 7.861242954809379 7.999999999999997 8.107290520592997 8.243249438637447 8.38219624860338 8.64497570224296 8.719750317343715 8.917288342124264 9.077967467414668 9.236217430597993 9.288436483902114 11.044655326708241 11.263978595786414 11.442223721907878 11.559014523606647 11.751521795815876 11.818347738778384 11.822838224541915 11.832379640754352 11.931766145818052 12.276526070266334 12.383948835304865 12.38824382330269 12.412043545099426 12.593162796273678 12.658831123818532 12.924848444489774 13.163991661821626 13.310175089560717 13.380093659400636 13.433800716786505 14.000000000000018 
0 2 1 -1.2815216590585443e-16 0.21386345276892543 0.9259794941410293 1.112639586743722 1.9900430211282938 2.541369241772109 2.6052876120133233 2.6875508283736256 2.6972243622680034 2.7148575181702137 2.8457447203911608 3.439227214382182 3.6119274486293698 3.778123837736805 4.378954811424954 4.391285857880746 4.394712387986675 4.486478906571073 4.701325614516822 5.363656390406646 5.5149751447092035 5.621980651872797 5.887360413256276 6.201519389916196 6.302775637731992 6.415548055359481 6.604025353421386 6.815499019092077 6.999999999999997 7.507018644092978 7.625398095706003 8.01098012563113 8.300402026856066 8.823859304558066 9.13157950624847 9.438972270215576 9.492747639874352 9.630517016086348 9.732190157586514 9.876911830740928 10.2609843338466 10.924503075891856 
0 1 1 -1.2815216590585443e-16 0.21386345276892543 0.9259794941410293 1.112639586743722 1.9900430211282938 2.541369241772109 2.6052876120133233 2.6875508283736256 2.6972243622680034 2.7148575181702137 2.8457447203911608 3.439227214382182 3.6119274486293698 3.778123837736805 4.378954811424954 4.391285857880746 4.394712387986675 4.486478906571073 4.701325614516822 5.363656390406646 5.5149751447092035 5.621980651872797 5.887360413256276 6.201519389916196 6.302775637731992 6.415548055359481 6.604025353421386 6.815499019092077 6.999999999999997 7.507018644092978 7.625398095706003 8.01098012563113 8.300402026856066 8.823859304558066 9.13157950624847 9.438972270215576 9.492747639874352 9.630517016086348 9.732190157586514 9.876911830740928 10.2609843338466 10.924503075891856 
0 0 1 -7.283446832693254e-17 2.0 2.0000000000000004 3.000000000000001 3.9999999999999973 4.0 4.999999999999998 
1 0 0 2.0 4.0 
0 -1 1 -7.283446832693254e-17 2.0 2.0000000000000004 3.000000000000001 3.9999999999999973 4.0 4.999999999999998 
1 -1 0 2.0 4.0 
-1 6 0 6.585786437626901 8.0 9.414213562373094 9.999999999999995 10.0 
-1 5 0 6.585786437626901 8.0 9.414213562373094 9.999999999999995 10.0 
-1 4 0 3.1005748058879194 4.269149328669315 6.0 6.079565283416552 6.217278247321199 6.42028431600466 7.861242954809372 8.000000000000002 8.64497570224296 9.077967467414663 11.818347738778385 11.999999999999996 12.276526070266335 12.388243823302691 12.41204354509942 13.433800716786509 14.0 
-1 3 0 3.1005748058879194 4.269149328669315 6.0 6.079565283416552 6.217278247321199 6.42028431600466 7.861242954809372 8.000000000000002 8.64497570224296 9.077967467414663 11.818347738778385 11.999999999999996 12.276526070266335 12.388243823302691 12.41204354509942 13.433800716786509 14.0 
-1 2 0 2.6875508283736287 2.7148575181702186 3.439227214382181 3.7781238377368083 4.391285857880754 5.514975144709205 6.415548055359481 6.604025353421389 6.815499019092079 7.438447187191173 7.507018644092977 9.438972270215581 9.630517016086348 9.876911830740928 10.2609843338466 10.92450307589185 11.561552812808838 
-1 1 0 2.6875508283736287 2.7148575181702186 3.439227214382181 3.7781238377368083 4.391285857880754 5.514975144709205 6.415548055359481 6.604025353421389 6.815499019092079 7.438447187191173 7.507018644092977 9.438972270215581 9.630517016086348 9.876911830740928 10.2609843338466 10.92450307589185 11.561552812808838 
-1 0 0 2.0 3.0 4.0 5.0 5.0 
-1 -1 0 2.0 3.0 4.0 5.0 5.0 
-2 4 0 12.0 
-2 3 0 12.0 
-2 2 0 7.43844718719117 11.56155281280883 
-2 1 0 7.43844718719117 11.56155281280883 
-2 0 0 5.0 
-2 -1 0 5.0 
