0 2 1 0.0 2.0 
1 2 0 2.0 
0 1 1 0.0 2.0 
1 1 0 2.0 
0 0 1 -2.2698080774590184e-16 0.6972243622680059 1.697224362268005 2.7639320225002098 4.302775637731998 5.302775637731997 6.000000000000002 7.236067977499789 
1 0 0 2.76393202250021 7.23606797749979 
0 -1 1 -2.2698080774590184e-16 0.6972243622680059 1.697224362268005 2.7639320225002098 4.302775637731998 5.302775637731997 6.000000000000002 7.236067977499789 
1 -1 0 2.76393202250021 7.23606797749979 
0 -2 0 0.2616031738683958 1.999999999999999 1.999999999999999 3.7593237670351067 6.0 6.7752857439624945 7.203787315133996 7.999999999999999 
1 -2 0 6.0 
0 -3 0 0.2616031738683958 1.999999999999999 1.999999999999999 3.7593237670351067 6.0 6.7752857439624945 7.203787315133996 7.999999999999999 
1 -3 0 6.0 
-1 0 0 0.6972243622680071 1.6972243622680063 3.000000000000001 4.302775637731994 5.302775637731996 6.0 
-1 -1 0 0.6972243622680071 1.6972243622680063 3.000000000000001 4.302775637731994 5.302775637731996 6.0 
-1 -2 0 0.26160317386839455 0.9208811354705218 1.999999999999998 1.9999999999999984 3.1215318788029096 3.7593237670351076 6.7752857439624945 6.957586985726564 7.203787315133992 7.999999999999997 7.999999999999999 8.000000000000009 
-1 -3 0 0.26160317386839455 0.9208811354705218 1.999999999999998 1.9999999999999984 3.1215318788029096 3.7593237670351076 6.7752857439624945 6.957586985726564 7.203787315133992 7.999999999999997 7.999999999999999 8.000000000000009 
-1 -4 0 0.8751145802354267 2.0 3.9999999999999987 4.0 4.363328237932684 5.761557181831891 
0 -4 0 2.0 4.0 
-1 -5 0 0.8751145802354267 2.0 3.9999999999999987 4.0 4.363328237932684 5.761557181831891 
0 -5 0 2.0 4.0 
-2 0 0 3.0 
-2 -1 0 3.0 
-2 -2 0 0.9208811354705204 3.121531878802915 5.000000000000001 6.957586985726566 7.999999999999997 8.0 
-2 -3 0 0.9208811354705204 3.121531878802915 5.000000000000001 6.957586985726566 7.999999999999997 8.0 
-2 -4 0 0.8751145802354249 1.4586187348508912 3.9999999999999996 4.363328237932683 5.761557181831889 7.541381265149109 
-2 -5 0 0.8751145802354249 1.4586187348508912 3.9999999999999996 4.363328237932683 5.761557181831889 7.541381265149109 
-3 -2 0 5.0 
-3 -3 0 5.0 
-3 -4 0 1.4586187348508906 7.541381265149109 
-3 -5 0 1.4586187348508906 7.541381265149109 
-3 -6 0 1.0 
-2 -6 0 1.0 
-3 -7 0 1.0 
-2 -7 0 1.0 
