3 9 0 2.0 2.0 
4 9 0 2.0 
3 8 0 2.0 2.0 
4 8 0 2.0 
3 7 0 0.9641796462674391 1.6379427298854385 2.7279962115783647 3.099160485693099 3.411636009314898 4.076613008324716 4.22335812561684 4.4064206546327105 4.666514668069747 6.818892063200297 7.785343061364061 8.181943336052392 
4 7 0 3.411636009314895 4.406420654632711 8.181943336052392 
3 6 0 0.9641796462674391 1.6379427298854385 2.7279962115783647 3.099160485693099 3.411636009314898 4.076613008324716 4.22335812561684 4.4064206546327105 4.666514668069747 6.818892063200297 7.785343061364061 8.181943336052392 
4 6 0 3.411636009314895 4.406420654632711 8.181943336052392 
3 5 0 1.1658780633232888 2.2794242394139013 3.227617876466233 3.4872245261992427 3.97776982462045 4.288744155261416 4.967236093493574 5.411636009314895 5.561642917316112 6.354118598526081 6.4064206546327105 6.845586774274427 6.927346109933183 7.227930956035913 9.228730047885058 9.710172713979922 10.181943336052393 10.292847780071435 11.190177730213998 11.267551592985766 
4 5 0 5.411636009314893 6.406420654632711 10.181943336052392 
3 4 0 1.1658780633232888 2.2794242394139013 3.227617876466233 3.4872245261992427 3.97776982462045 4.288744155261416 4.967236093493574 5.411636009314895 5.561642917316112 6.354118598526081 6.4064206546327105 6.845586774274427 6.927346109933183 7.227930956035913 9.228730047885058 9.710172713979922 10.181943336052393 10.292847780071435 11.190177730213998 11.267551592985766 
4 4 0 5.411636009314893 6.406420654632711 10.181943336052392 
3 3 0 2.9035934050481518 3.9066810582869755 5.0483126229135475 6.1604365748999435 6.3138181777410605 6.456996076370564 7.999999999999999 8.072809225294499 8.404554998899641 9.21180325835562 9.520994602189985 10.000000000000004 
4 3 0 8.0 
3 2 0 2.9035934050481518 3.9066810582869755 5.0483126229135475 6.1604365748999435 6.3138181777410605 6.456996076370564 7.999999999999999 8.072809225294499 8.404554998899641 9.21180325835562 9.520994602189985 10.000000000000004 
4 2 0 8.0 
2 9 0 2.0 
2 8 0 2.0 
2 7 0 0.9641796462674399 1.4750183760683095 1.6379427298854394 2.727996211578369 2.846601963156561 3.0991604856931003 3.781623009464671 4.076613008324716 4.223358125616844 4.666514668069748 4.723515335510871 6.173241315799587 6.818892063200295 7.785343061364051 
2 6 0 0.9641796462674399 1.4750183760683095 1.6379427298854394 2.727996211578369 2.846601963156561 3.0991604856931003 3.781623009464671 4.076613008324716 4.223358125616844 4.666514668069748 4.723515335510871 6.173241315799587 6.818892063200295 7.785343061364051 
2 5 0 0.7385504511939567 1.0625113789097391 1.1658780633232873 1.843762554160666 2.279424239413909 2.3325496760836244 2.578435964770796 3.035672297454127 3.2276178764662307 3.487224526199249 3.5221806386271606 3.791755242692942 3.97776982462045 4.030482575380917 4.249102357876816 4.288744155261415 4.5072214169464715 4.967236093493573 5.086519357764764 5.561642917316109 5.562568696183979 5.918850714164253 6.354118598526081 6.563765583629863 6.845586774274425 6.891182925361434 6.927346109933181 7.087643309692023 7.227930956035916 8.437742204265552 8.60115068509739 8.768957231161547 9.02567622111055 9.228730047885053 9.36700667419346 9.587959915708316 9.610140679642166 9.710172713979919 9.798611247927504 10.29284778007143 11.190177730213998 11.267551592985763 
2 4 0 0.7385504511939567 1.0625113789097391 1.1658780633232873 1.843762554160666 2.279424239413909 2.3325496760836244 2.578435964770796 3.035672297454127 3.2276178764662307 3.487224526199249 3.5221806386271606 3.791755242692942 3.97776982462045 4.030482575380917 4.249102357876816 4.288744155261415 4.5072214169464715 4.967236093493573 5.086519357764764 5.561642917316109 5.562568696183979 5.918850714164253 6.354118598526081 6.563765583629863 6.845586774274425 6.891182925361434 6.927346109933181 7.087643309692023 7.227930956035916 8.437742204265552 8.60115068509739 8.768957231161547 9.02567622111055 9.228730047885053 9.36700667419346 9.587959915708316 9.610140679642166 9.710172713979919 9.798611247927504 10.29284778007143 11.190177730213998 11.267551592985763 
2 3 0 0.7657299261630973 1.3772047732316441 2.0060051669131465 2.562824675690488 2.6721286635409363 2.9035934050481544 3.1261787601564865 3.531544558336726 3.906681058286979 3.9152931486521605 4.452032131090874 4.617726409288948 4.800661622431767 4.942488244833577 5.048312622913545 5.3372013340042495 5.621105269526813 6.160436574899945 6.313818177741056 6.344009598832968 6.390172427065902 6.456996076370562 6.652410681873945 6.983507165834782 7.164001269710068 7.318873445007406 7.999999999999996 8.072809225294503 8.404554998899643 9.211803258355612 9.423997596562959 9.520994602189985 9.910681679784178 9.999999999999998 10.094973511845257 10.355096815606606 10.499483280442645 10.852187018532096 10.93851110159052 11.34396972344968 11.999999999999991 12.000000000000005 
2 2 0 0.7657299261630973 1.3772047732316441 2.0060051669131465 2.562824675690488 2.6721286635409363 2.9035934050481544 3.1261787601564865 3.531544558336726 3.906681058286979 3.9152931486521605 4.452032131090874 4.617726409288948 4.800661622431767 4.942488244833577 5.048312622913545 5.3372013340042495 5.621105269526813 6.160436574899945 6.313818177741056 6.344009598832968 6.390172427065902 6.456996076370562 6.652410681873945 6.983507165834782 7.164001269710068 7.318873445007406 7.999999999999996 8.072809225294503 8.404554998899643 9.211803258355612 9.423997596562959 9.520994602189985 9.910681679784178 9.999999999999998 10.094973511845257 10.355096815606606 10.499483280442645 10.852187018532096 10.93851110159052 11.34396972344968 11.999999999999991 12.000000000000005 
2 1 0 2.107392493537162 3.2232182926925548 4.0 4.419941976307214 5.000000000000003 5.999999999999994 5.999999999999998 6.0 6.000000000000002 6.000000000000003 7.0 7.199839447557959 7.9999999999999964 8.049607789905119 
3 1 0 6.0 6.0 
2 0 0 2.107392493537162 3.2232182926925548 4.0 4.419941976307214 5.000000000000003 5.999999999999994 5.999999999999998 6.0 6.000000000000002 6.000000000000003 7.0 7.199839447557959 7.9999999999999964 8.049607789905119 
3 0 0 6.0 6.0 
1 7 0 1.47501837606831 2.8466019631565613 3.7816230094646692 4.7235153355108705 6.173241315799585 
1 6 0 1.47501837606831 2.8466019631565613 3.7816230094646692 4.7235153355108705 6.173241315799585 
1 5 0 0.738550451193959 1.0625113789097467 1.3575612062763764 1.8437625541606733 2.332549676083627 2.578435964770797 2.7706090113719535 3.0356722974541257 3.253845459592319 3.522180638627162 3.7917552426929455 4.03048257538092 4.202748200375857 4.2491023578768194 4.5072214169464715 5.086519357764766 5.562568696183987 5.7397585037774155 5.918850714164251 6.563765583629866 6.60536761120927 6.891182925361433 6.980990029835615 7.0876433096920275 7.549419108371465 8.000000000000009 8.437742204265543 8.539700869189733 8.601150685097384 8.768957231161547 9.02567622111055 9.367006674193444 9.587959915708314 9.610140679642164 9.7986112479275 
1 4 0 0.738550451193959 1.0625113789097467 1.3575612062763764 1.8437625541606733 2.332549676083627 2.578435964770797 2.7706090113719535 3.0356722974541257 3.253845459592319 3.522180638627162 3.7917552426929455 4.03048257538092 4.202748200375857 4.2491023578768194 4.5072214169464715 5.086519357764766 5.562568696183987 5.7397585037774155 5.918850714164251 6.563765583629866 6.60536761120927 6.891182925361433 6.980990029835615 7.0876433096920275 7.549419108371465 8.000000000000009 8.437742204265543 8.539700869189733 8.601150685097384 8.768957231161547 9.02567622111055 9.367006674193444 9.587959915708314 9.610140679642164 9.7986112479275 
1 3 0 0.24481533180160112 0.7657299261631012 1.1954041034383196 1.377204773231639 1.4000163377872625 1.809600929439491 2.0060051669131393 2.4225877460877974 2.562824675690491 2.672128663540933 2.6878439075607825 3.126178760156489 3.18981647200861 3.2530011504520506 3.531544558336728 3.7130872974682982 3.9152931486521534 4.3752052877163 4.452032131090877 4.617726409288946 4.690682796849892 4.800661622431762 4.942488244833582 5.2237114250827705 5.337201334004253 5.621105269526817 6.217730236798798 6.34400959883297 6.3901724270659175 6.5351286883386885 6.652410681873949 6.695339243506713 6.983507165834789 7.0583137027775065 7.16400126971007 7.318873445007405 7.384080250501529 7.7907104657244854 7.834523538052955 7.999999999999994 9.423997596562975 9.489179388095485 9.661414675528306 9.778358980639268 9.910681679784183 10.056582421943698 10.094973511845286 10.33041717070633 10.355096815606611 10.499483280442654 10.788790553945896 10.852187018532103 10.938511101590516 11.087739785902684 11.343969723449684 11.527349173037456 11.68733608203824 11.871232856768788 12.000000000000004 12.000000000000007 
1 2 0 0.24481533180160112 0.7657299261631012 1.1954041034383196 1.377204773231639 1.4000163377872625 1.809600929439491 2.0060051669131393 2.4225877460877974 2.562824675690491 2.672128663540933 2.6878439075607825 3.126178760156489 3.18981647200861 3.2530011504520506 3.531544558336728 3.7130872974682982 3.9152931486521534 4.3752052877163 4.452032131090877 4.617726409288946 4.690682796849892 4.800661622431762 4.942488244833582 5.2237114250827705 5.337201334004253 5.621105269526817 6.217730236798798 6.34400959883297 6.3901724270659175 6.5351286883386885 6.652410681873949 6.695339243506713 6.983507165834789 7.0583137027775065 7.16400126971007 7.318873445007405 7.384080250501529 7.7907104657244854 7.834523538052955 7.999999999999994 9.423997596562975 9.489179388095485 9.661414675528306 9.778358980639268 9.910681679784183 10.056582421943698 10.094973511845286 10.33041717070633 10.355096815606611 10.499483280442654 10.788790553945896 10.852187018532103 10.938511101590516 11.087739785902684 11.343969723449684 11.527349173037456 11.68733608203824 11.871232856768788 12.000000000000004 12.000000000000007 
1 1 0 0.6920352474095948 1.039698249163047 1.4773610912033612 2.107392493537155 2.1539501911938 2.696621862611078 2.901652156588529 3.222209285717568 3.223218292692556 3.733193418804986 3.9999999999999964 4.410036984504612 4.419941976307207 4.578094389372066 4.999999999999999 5.000000000000008 5.35896882989111 5.999999999999995 5.999999999999998 6.000000000000003 6.3972924583353565 6.99999999999999 6.999999999999994 7.199839447557957 7.2938953212675255 7.58751240240696 7.999999999999994 8.049607789905112 8.388441673271728 8.902612629606644 9.160523639574118 9.304239486003276 9.359925347636988 9.574236997766091 9.767498337671531 
1 0 0 0.6920352474095948 1.039698249163047 1.4773610912033612 2.107392493537155 2.1539501911938 2.696621862611078 2.901652156588529 3.222209285717568 3.223218292692556 3.733193418804986 3.9999999999999964 4.410036984504612 4.419941976307207 4.578094389372066 4.999999999999999 5.000000000000008 5.35896882989111 5.999999999999995 5.999999999999998 6.000000000000003 6.3972924583353565 6.99999999999999 6.999999999999994 7.199839447557957 7.2938953212675255 7.58751240240696 7.999999999999994 8.049607789905112 8.388441673271728 8.902612629606644 9.160523639574118 9.304239486003276 9.359925347636988 9.574236997766091 9.767498337671531 
1 -1 0 1.9999999999999993 3.999999999999999 4.0 4.0 5.0 
2 -1 0 4.0 
1 -2 0 1.9999999999999993 3.999999999999999 4.0 4.0 5.0 
2 -2 0 4.0 
0 5 0 1.3575612062763749 2.770609011371954 3.253845459592317 4.202748200375855 5.739758503777418 6.605367611209268 6.980990029835609 7.549419108371463 8.000000000000002 8.539700869189732 
0 4 0 1.3575612062763749 2.770609011371954 3.253845459592317 4.202748200375855 5.739758503777418 6.605367611209268 6.980990029835609 7.549419108371463 8.000000000000002 8.539700869189732 
0 3 0 0.24481533180160037 1.1954041034383172 1.4000163377872685 1.8096009294394912 2.4225877460878062 2.6878439075607785 3.1898164720086006 3.2335645161472932 3.2530011504520444 3.7130872974682956 4.375205287716301 4.6906827968498925 5.223711425082765 6.217730236798797 6.535128688338686 6.6953392435067185 7.058313702777499 7.384080250501526 7.790710465724492 7.834523538052951 8.282823863308796 9.000000000000002 9.48361162054391 9.489179388095481 9.661414675528304 9.778358980639275 9.99999999999999 9.999999999999993 10.05658242194369 10.330417170706326 10.7887905539459 11.087739785902686 11.527349173037454 11.687336082038252 11.871232856768799 
0 2 0 0.24481533180160037 1.1954041034383172 1.4000163377872685 1.8096009294394912 2.4225877460878062 2.6878439075607785 3.1898164720086006 3.2335645161472932 3.2530011504520444 3.7130872974682956 4.375205287716301 4.6906827968498925 5.223711425082765 6.217730236798797 6.535128688338686 6.6953392435067185 7.058313702777499 7.384080250501526 7.790710465724492 7.834523538052951 8.282823863308796 9.000000000000002 9.48361162054391 9.489179388095481 9.661414675528304 9.778358980639275 9.99999999999999 9.999999999999993 10.05658242194369 10.330417170706326 10.7887905539459 11.087739785902686 11.527349173037454 11.687336082038252 11.871232856768799 
0 1 1 -1.6866918252269711e-15 0.6920352474095974 1.0396982491630486 1.477361091203362 2.153950191193802 2.166848494831819 2.6966218626110794 2.901652156588535 3.2222092857175704 3.319125651717791 3.7331934188049885 3.8891503147844655 4.410036984504615 4.578094389372064 4.626392829473702 4.999999999999998 5.35896882989111 5.476761549089481 6.397292458335362 6.814636719709105 7.000000000000001 7.293895321267528 7.587512402406963 8.388441673271732 8.902612629606649 9.16052363957412 9.304239486003288 9.359925347637 9.574236997766103 9.76749833767154 10.363232160528646 10.522863031431351 10.7215313068412 10.886175268904271 11.213282672688184 
0 0 1 -1.6866918252269711e-15 0.6920352474095974 1.0396982491630486 1.477361091203362 2.153950191193802 2.166848494831819 2.6966218626110794 2.901652156588535 3.2222092857175704 3.319125651717791 3.7331934188049885 3.8891503147844655 4.410036984504615 4.578094389372064 4.626392829473702 4.999999999999998 5.35896882989111 5.476761549089481 6.397292458335362 6.814636719709105 7.000000000000001 7.293895321267528 7.587512402406963 8.388441673271732 8.902612629606649 9.16052363957412 9.304239486003288 9.359925347637 9.574236997766103 9.76749833767154 10.363232160528646 10.522863031431351 10.7215313068412 10.886175268904271 11.213282672688184 
0 -1 1 7.21552616456438e-16 1.7856802566224648 1.9999999999999978 3.0 3.999999999999997 4.000000000000002 4.539188872810888 4.999999999999999 5.000000000000006 5.675130870566645 
0 -2 1 7.21552616456438e-16 1.7856802566224648 1.9999999999999978 3.0 3.999999999999997 4.000000000000002 4.539188872810888 4.999999999999999 5.000000000000006 5.675130870566645 
-1 3 0 3.233564516147296 8.2828238633088 8.999999999999998 9.48361162054391 9.999999999999993 9.999999999999996 
-1 2 0 3.233564516147296 8.2828238633088 8.999999999999998 9.48361162054391 9.999999999999993 9.999999999999996 
-1 1 0 2.1668484948318145 3.3191256517177914 3.8891503147844633 4.626392829473699 5.476761549089479 6.814636719709105 10.363232160528648 10.522863031431347 10.721531306841204 10.88617526890426 11.213282672688187 12.0 
-1 0 0 2.1668484948318145 3.3191256517177914 3.8891503147844633 4.626392829473699 5.476761549089479 6.814636719709105 10.363232160528648 10.522863031431347 10.721531306841204 10.88617526890426 11.213282672688187 12.0 
-1 -1 0 1.7856802566224645 2.999999999999999 4.53918887281089 5.0 5.675130870566645 5.999999999999999 
-1 -2 0 1.7856802566224645 2.999999999999999 4.53918887281089 5.0 5.675130870566645 5.999999999999999 
-2 1 0 12.0 
-2 0 0 12.0 
-2 -1 0 6.0 
-2 -2 0 6.0 
