4 12 0 1.0 3.0 3.0 
5 12 0 3.0 
4 11 0 1.0 3.0 3.0 
5 11 0 3.0 
4 10 0 1.2007114419563942 1.370884722269355 2.1945459737260937 2.2242238525780818 3.435187031868161 3.564166598968737 4.033883258427539 4.117226681482848 4.122596254299962 4.556992604275538 4.5909436713297485 4.83870743876479 5.523547960269211 5.921938597018877 5.9999999999999964 6.210270760981874 7.4687086206986875 8.21183348636144 9.059775259291822 9.353855785430836 
5 10 0 4.122596254299962 5.523547960269209 6.000000000000002 9.353855785430824 
4 9 0 1.2007114419563942 1.370884722269355 2.1945459737260937 2.2242238525780818 3.435187031868161 3.564166598968737 4.033883258427539 4.117226681482848 4.122596254299962 4.556992604275538 4.5909436713297485 4.83870743876479 5.523547960269211 5.921938597018877 5.9999999999999964 6.210270760981874 7.4687086206986875 8.21183348636144 9.059775259291822 9.353855785430836 
5 9 0 4.122596254299962 5.523547960269209 6.000000000000002 9.353855785430824 
4 8 0 1.7959586527391478 2.4652400500982448 2.633040767151924 2.941371998271714 3.3052391176491267 3.596677494282165 3.783373154357855 4.27314882739356 4.487647125218307 4.869807193219564 5.0931396958154584 5.270819727878469 5.4781959585742195 5.516533633213166 5.770113487992051 5.847495075871401 5.95575589123043 6.003220543733191 6.4998768436368835 6.580084567458685 6.728057980454488 6.913079275242594 6.934952659883524 7.154003999942641 7.188027525409336 7.711510742861203 7.810094903839955 7.836813626880484 7.896215712756183 8.344752137313195 8.584814595945584 8.897800697315889 8.95202339793255 9.081452519371974 9.17350973597244 9.934665212474334 10.007695588653492 11.192225318650435 11.333267679430678 11.470070731991623 11.93061768426163 12.11253187870836 12.391339628558807 12.524619305134415 12.729117655228585 
5 8 0 5.847495075871407 6.934952659883523 7.810094903839955 9.081452519371975 9.934665212474336 12.391339628558818 
4 7 0 1.7959586527391478 2.4652400500982448 2.633040767151924 2.941371998271714 3.3052391176491267 3.596677494282165 3.783373154357855 4.27314882739356 4.487647125218307 4.869807193219564 5.0931396958154584 5.270819727878469 5.4781959585742195 5.516533633213166 5.770113487992051 5.847495075871401 5.95575589123043 6.003220543733191 6.4998768436368835 6.580084567458685 6.728057980454488 6.913079275242594 6.934952659883524 7.154003999942641 7.188027525409336 7.711510742861203 7.810094903839955 7.836813626880484 7.896215712756183 8.344752137313195 8.584814595945584 8.897800697315889 8.95202339793255 9.081452519371974 9.17350973597244 9.934665212474334 10.007695588653492 11.192225318650435 11.333267679430678 11.470070731991623 11.93061768426163 12.11253187870836 12.391339628558807 12.524619305134415 12.729117655228585 
5 7 0 5.847495075871407 6.934952659883523 7.810094903839955 9.081452519371975 9.934665212474336 12.391339628558818 
4 6 0 3.0323217600557695 3.642968430925195 4.1625674533045975 4.256905341351825 4.672362387427662 5.024537631916141 5.21054164694651 5.772064750414006 5.9190103868462005 6.060609190224768 6.133210000619146 6.313772119179875 6.5207931607715555 6.983959878313297 7.24837875047777 7.449108134293776 7.595038594066571 7.877742567485941 8.01963932460892 8.11526218525384 8.299747638647208 8.523621464566373 8.648951527626469 9.107933370962192 9.18624945694375 9.365132145563067 9.368869521817919 9.461407586022382 9.854718724538168 10.179929671875394 10.280368235206648 10.30525120157413 10.563582152420677 10.565881952833537 10.832238673547673 11.059085442647126 11.25968783962142 12.565032557345507 12.6723445623737 12.848098105317092 12.953723716349554 13.5549029329474 13.714398958564626 13.835949919467232 13.98209894673737 
5 6 0 8.115262185253838 9.365132145563068 10.565881952833537 12.95372371634955 
4 5 0 3.0323217600557695 3.642968430925195 4.1625674533045975 4.256905341351825 4.672362387427662 5.024537631916141 5.21054164694651 5.772064750414006 5.9190103868462005 6.060609190224768 6.133210000619146 6.313772119179875 6.5207931607715555 6.983959878313297 7.24837875047777 7.449108134293776 7.595038594066571 7.877742567485941 8.01963932460892 8.11526218525384 8.299747638647208 8.523621464566373 8.648951527626469 9.107933370962192 9.18624945694375 9.365132145563067 9.368869521817919 9.461407586022382 9.854718724538168 10.179929671875394 10.280368235206648 10.30525120157413 10.563582152420677 10.565881952833537 10.832238673547673 11.059085442647126 11.25968783962142 12.565032557345507 12.6723445623737 12.848098105317092 12.953723716349554 13.5549029329474 13.714398958564626 13.835949919467232 13.98209894673737 
5 5 0 8.115262185253838 9.365132145563068 10.565881952833537 12.95372371634955 
4 4 0 4.684175823146873 5.837665142035381 5.970151306046403 6.188314347982229 6.882653695015456 7.322240891621004 7.6047215376726 8.030072014529194 8.740327882953727 9.329478493860952 9.662738697521318 9.88790207627036 10.999999999999996 11.000000000000004 11.069256684863811 11.367130417719864 11.493776546116768 11.90294857778104 11.948482967866878 12.077962896996082 
5 4 0 11.0 
4 3 0 4.684175823146873 5.837665142035381 5.970151306046403 6.188314347982229 6.882653695015456 7.322240891621004 7.6047215376726 8.030072014529194 8.740327882953727 9.329478493860952 9.662738697521318 9.88790207627036 10.999999999999996 11.000000000000004 11.069256684863811 11.367130417719864 11.493776546116768 11.90294857778104 11.948482967866878 12.077962896996082 
5 3 0 11.0 
3 12 0 1.0 3.0 
3 11 0 1.0 3.0 
3 10 1 3.916895566669845e-15 1.2007114419563976 1.3708847222693592 1.3789207725479096 1.5385107994997893 2.1527011406252705 2.1945459737260937 2.2242238525780786 2.6825769459868907 3.4351870318681628 3.4392453658519835 3.5641665989687388 3.938767014823089 4.033883258427539 4.117226681482849 4.503627424253507 4.556992604275539 4.59094367132975 4.838707438764794 4.865807397485325 5.331627879286092 5.9219385970188805 6.210270760981871 7.322810924144277 7.468708620698681 7.845404335495862 8.21183348636145 9.059775259291818 
3 9 1 3.916895566669845e-15 1.2007114419563976 1.3708847222693592 1.3789207725479096 1.5385107994997893 2.1527011406252705 2.1945459737260937 2.2242238525780786 2.6825769459868907 3.4351870318681628 3.4392453658519835 3.5641665989687388 3.938767014823089 4.033883258427539 4.117226681482849 4.503627424253507 4.556992604275539 4.59094367132975 4.838707438764794 4.865807397485325 5.331627879286092 5.9219385970188805 6.210270760981871 7.322810924144277 7.468708620698681 7.845404335495862 8.21183348636145 9.059775259291818 
3 8 0 0.17130367838963348 0.5725501559792194 0.9062110949274753 1.2634956911564157 1.5751854906237424 1.7094836644949203 1.7959586527391467 1.8764491939902324 2.2093731092408095 2.432647359392366 2.465240050098244 2.527830071821236 2.633040767151922 2.7231143061198844 2.8729288128726456 2.938617255739952 2.9413719982717095 3.1790914986521552 3.3052391176491365 3.3919976530356246 3.5728466745382166 3.5966774942821633 3.75837867976376 3.783373154357855 4.058857101809975 4.077125206373902 4.207333367626198 4.273148827393566 4.3202634974297665 4.48037911036062 4.487647125218316 4.65417180833677 4.7214836418733315 4.869807193219563 4.938397100665553 5.058635534998493 5.086496404080845 5.093139695815458 5.1789626778956475 5.27081972787847 5.387875217634115 5.478195958574218 5.506344567260347 5.5165336332131725 5.588508052580704 5.77011348799205 5.7723142175016475 5.850317975104117 5.955755891230432 5.999999999999998 6.003220543733189 6.0444812799478544 6.236303895016627 6.42398135365635 6.499876843636883 6.514614049191001 6.580084567458685 6.68148995319414 6.728057980454491 6.775544817609697 6.913079275242594 6.918054647749151 7.030193219337407 7.15400399994264 7.18705549995784 7.1880275254093355 7.267872345483981 7.4636919906913874 7.711510742861202 7.8316614044311645 7.836813626880474 7.896215712756183 7.9932346670580445 8.323813989036399 8.344752137313199 8.532387822969417 8.58481459594559 8.847503207238285 8.897800697315889 8.952023397932557 9.17350973597243 9.548900408795781 9.7413369697411 10.007695588653503 10.029113189017687 10.056246615121337 10.210190229054767 10.354009824595355 10.416303085157814 10.730776093243666 10.751011765972892 10.900383543080538 11.050678002461309 11.192225318650427 11.209549557947302 11.277338237535803 11.333267679430687 11.470070731991635 11.924268751726464 11.930617684261627 12.112531878708378 12.15903971170912 12.524619305134426 12.729117655228594 
3 7 0 0.17130367838963348 0.5725501559792194 0.9062110949274753 1.2634956911564157 1.5751854906237424 1.7094836644949203 1.7959586527391467 1.8764491939902324 2.2093731092408095 2.432647359392366 2.465240050098244 2.527830071821236 2.633040767151922 2.7231143061198844 2.8729288128726456 2.938617255739952 2.9413719982717095 3.1790914986521552 3.3052391176491365 3.3919976530356246 3.5728466745382166 3.5966774942821633 3.75837867976376 3.783373154357855 4.058857101809975 4.077125206373902 4.207333367626198 4.273148827393566 4.3202634974297665 4.48037911036062 4.487647125218316 4.65417180833677 4.7214836418733315 4.869807193219563 4.938397100665553 5.058635534998493 5.086496404080845 5.093139695815458 5.1789626778956475 5.27081972787847 5.387875217634115 5.478195958574218 5.506344567260347 5.5165336332131725 5.588508052580704 5.77011348799205 5.7723142175016475 5.850317975104117 5.955755891230432 5.999999999999998 6.003220543733189 6.0444812799478544 6.236303895016627 6.42398135365635 6.499876843636883 6.514614049191001 6.580084567458685 6.68148995319414 6.728057980454491 6.775544817609697 6.913079275242594 6.918054647749151 7.030193219337407 7.15400399994264 7.18705549995784 7.1880275254093355 7.267872345483981 7.4636919906913874 7.711510742861202 7.8316614044311645 7.836813626880474 7.896215712756183 7.9932346670580445 8.323813989036399 8.344752137313199 8.532387822969417 8.58481459594559 8.847503207238285 8.897800697315889 8.952023397932557 9.17350973597243 9.548900408795781 9.7413369697411 10.007695588653503 10.029113189017687 10.056246615121337 10.210190229054767 10.354009824595355 10.416303085157814 10.730776093243666 10.751011765972892 10.900383543080538 11.050678002461309 11.192225318650427 11.209549557947302 11.277338237535803 11.333267679430687 11.470070731991635 11.924268751726464 11.930617684261627 12.112531878708378 12.15903971170912 12.524619305134426 12.729117655228594 
3 6 0 0.6762038723544138 0.9433922367827313 1.520009863119889 1.6396214050723439 1.8410854078729697 2.0688018500138994 2.23816215319839 2.5741942377010267 2.833809610404373 2.9996924296400644 3.0323217600557677 3.073983206585919 3.1899870908556602 3.2103174495952422 3.4582175911850905 3.6035559529540637 3.642968430925183 3.7166550434152144 3.8447144435939684 3.964352910512801 3.9957002070517444 4.042731194080647 4.162567453304593 4.256905341351833 4.271936507454321 4.3093574195244795 4.341130508820928 4.456909914621663 4.646009595002447 4.672362387427671 4.7797250828499775 4.843159224473708 4.9381492054669005 4.977357197279754 5.024537631916136 5.068341437095064 5.210541646946519 5.239703314685659 5.39600972918549 5.4491861189062485 5.54030805447488 5.596666985957702 5.703478359649011 5.772064750414002 5.784438913218362 5.888001736885986 5.919010386846208 5.945672321487927 6.060609190224764 6.082240433274231 6.127063910247955 6.1332100006191475 6.184287903349922 6.21314721072741 6.3137721191798795 6.324675658377472 6.4373384706680365 6.520793160771559 6.543440223365927 6.604705898043804 6.680613842732857 6.73223592881628 6.814295403095309 6.880555357908893 6.983959878313296 7.024348520132952 7.125254904592418 7.153191009938637 7.195508600815462 7.248378750477769 7.44910813429377 7.476485614099211 7.595038594066574 7.6577492760791745 7.749493883962936 7.794826199351182 7.877742567485945 7.940620074925235 8.019639324608919 8.04923813353875 8.126052989858525 8.171572875253808 8.235964362153787 8.299747638647208 8.34360148669812 8.46319220090414 8.523621464566373 8.648951527626464 8.691970927872532 8.747568510370215 8.870225031317004 8.898920072860095 9.018037348083892 9.107933370962188 9.133951749889839 9.186249456943745 9.237776991408898 9.35005831330012 9.368869521817917 9.461407586022379 9.622425094071868 9.736652732064089 9.854718724538166 9.962620927694152 10.060711932071941 10.096183233374571 10.14090363343559 10.179929671875392 10.24096856305673 10.280368235206646 10.305251201574118 10.341424171171697 10.440660320967947 10.460689744966224 10.535147569936042 10.563582152420677 10.65729068628089 10.698736660770473 10.832238673547684 10.965490217581419 11.002380653281875 11.059085442647119 11.118871189400709 11.162503810656352 11.218685132140294 11.259687839621426 11.327079984251125 11.359014032564625 12.140710980053498 12.228388069283334 12.533313948736394 12.565032557345528 12.672344562373707 12.67599384086717 12.753837083675203 12.802089198676121 12.841023917532322 12.848098105317094 12.927324272405903 13.022465335902975 13.069810062827214 13.099181639613935 13.130200121511422 13.219702779263526 13.470610427496911 13.495610104751087 13.55490293294742 13.714398958564631 13.828427124746176 13.835949919467234 13.982098946737349 14.648225602871053 14.943423041979344 15.076861318327216 15.100633308807796 15.152788429886792 
3 5 0 0.6762038723544138 0.9433922367827313 1.520009863119889 1.6396214050723439 1.8410854078729697 2.0688018500138994 2.23816215319839 2.5741942377010267 2.833809610404373 2.9996924296400644 3.0323217600557677 3.073983206585919 3.1899870908556602 3.2103174495952422 3.4582175911850905 3.6035559529540637 3.642968430925183 3.7166550434152144 3.8447144435939684 3.964352910512801 3.9957002070517444 4.042731194080647 4.162567453304593 4.256905341351833 4.271936507454321 4.3093574195244795 4.341130508820928 4.456909914621663 4.646009595002447 4.672362387427671 4.7797250828499775 4.843159224473708 4.9381492054669005 4.977357197279754 5.024537631916136 5.068341437095064 5.210541646946519 5.239703314685659 5.39600972918549 5.4491861189062485 5.54030805447488 5.596666985957702 5.703478359649011 5.772064750414002 5.784438913218362 5.888001736885986 5.919010386846208 5.945672321487927 6.060609190224764 6.082240433274231 6.127063910247955 6.1332100006191475 6.184287903349922 6.21314721072741 6.3137721191798795 6.324675658377472 6.4373384706680365 6.520793160771559 6.543440223365927 6.604705898043804 6.680613842732857 6.73223592881628 6.814295403095309 6.880555357908893 6.983959878313296 7.024348520132952 7.125254904592418 7.153191009938637 7.195508600815462 7.248378750477769 7.44910813429377 7.476485614099211 7.595038594066574 7.6577492760791745 7.749493883962936 7.794826199351182 7.877742567485945 7.940620074925235 8.019639324608919 8.04923813353875 8.126052989858525 8.171572875253808 8.235964362153787 8.299747638647208 8.34360148669812 8.46319220090414 8.523621464566373 8.648951527626464 8.691970927872532 8.747568510370215 8.870225031317004 8.898920072860095 9.018037348083892 9.107933370962188 9.133951749889839 9.186249456943745 9.237776991408898 9.35005831330012 9.368869521817917 9.461407586022379 9.622425094071868 9.736652732064089 9.854718724538166 9.962620927694152 10.060711932071941 10.096183233374571 10.14090363343559 10.179929671875392 10.24096856305673 10.280368235206646 10.305251201574118 10.341424171171697 10.440660320967947 10.460689744966224 10.535147569936042 10.563582152420677 10.65729068628089 10.698736660770473 10.832238673547684 10.965490217581419 11.002380653281875 11.059085442647119 11.118871189400709 11.162503810656352 11.218685132140294 11.259687839621426 11.327079984251125 11.359014032564625 12.140710980053498 12.228388069283334 12.533313948736394 12.565032557345528 12.672344562373707 12.67599384086717 12.753837083675203 12.802089198676121 12.841023917532322 12.848098105317094 12.927324272405903 13.022465335902975 13.069810062827214 13.099181639613935 13.130200121511422 13.219702779263526 13.470610427496911 13.495610104751087 13.55490293294742 13.714398958564631 13.828427124746176 13.835949919467234 13.982098946737349 14.648225602871053 14.943423041979344 15.076861318327216 15.100633308807796 15.152788429886792 
3 4 0 1.934034851901165 1.991496493810262 2.570321386191533 3.076833050583427 3.2644803301848655 3.633689546820618 3.708085428328684 3.939005471968676 4.091316819007877 4.229371188260842 4.293304989430383 4.450106124988756 4.488548433113282 4.684175823146881 4.910940642593107 5.048641683597573 5.131440664660229 5.341685647758795 5.437509071083872 5.59106198056096 5.681934462907627 5.837665142035384 5.851919712066048 5.877727776871843 5.970151306046409 6.035675068934886 6.073127174918844 6.178774002885164 6.188314347982232 6.206241053449503 6.405360788336437 6.49011366141486 6.560663895426439 6.721116356029868 6.839096712402745 6.882653695015457 7.074668422631415 7.099139061191712 7.280308876999062 7.322240891621006 7.44512166676321 7.518567822453435 7.60472153767261 7.670895864355708 7.73754626589016 7.886295761006782 8.030072014529189 8.041124856743389 8.071030495299738 8.117039141338527 8.308028393008819 8.44673475579562 8.549469978209032 8.740327882953737 8.804470619343832 8.936865045180324 8.965786775475399 9.090367199484634 9.20437546115494 9.329478493860963 9.42979959077161 9.485960338445889 9.585706466918893 9.601266092736385 9.662738697521311 9.682492158111 9.701581727963761 9.798473343719765 9.887902076270365 9.941567765406564 10.000171704287306 10.063883846394289 10.200719819579882 10.26220487260662 10.478116616005678 10.576776055492042 11.000000000000007 11.069256684863818 11.088910128285494 11.367130417719851 11.493776546116766 11.544528109401858 11.619547346120939 11.902948577781038 11.942253853430463 11.948482967866887 12.077962896996082 12.083368138677871 12.13579445769864 12.367872303592657 12.486871212376595 12.570645672441694 12.602046018685451 12.72381677089918 12.791565220572572 12.880557699287268 12.986216848481348 13.057350133528923 13.137417892143203 13.157793258634474 13.29670090305399 13.416562701432667 13.999999999999995 14.000000000000002 
3 3 0 1.934034851901165 1.991496493810262 2.570321386191533 3.076833050583427 3.2644803301848655 3.633689546820618 3.708085428328684 3.939005471968676 4.091316819007877 4.229371188260842 4.293304989430383 4.450106124988756 4.488548433113282 4.684175823146881 4.910940642593107 5.048641683597573 5.131440664660229 5.341685647758795 5.437509071083872 5.59106198056096 5.681934462907627 5.837665142035384 5.851919712066048 5.877727776871843 5.970151306046409 6.035675068934886 6.073127174918844 6.178774002885164 6.188314347982232 6.206241053449503 6.405360788336437 6.49011366141486 6.560663895426439 6.721116356029868 6.839096712402745 6.882653695015457 7.074668422631415 7.099139061191712 7.280308876999062 7.322240891621006 7.44512166676321 7.518567822453435 7.60472153767261 7.670895864355708 7.73754626589016 7.886295761006782 8.030072014529189 8.041124856743389 8.071030495299738 8.117039141338527 8.308028393008819 8.44673475579562 8.549469978209032 8.740327882953737 8.804470619343832 8.936865045180324 8.965786775475399 9.090367199484634 9.20437546115494 9.329478493860963 9.42979959077161 9.485960338445889 9.585706466918893 9.601266092736385 9.662738697521311 9.682492158111 9.701581727963761 9.798473343719765 9.887902076270365 9.941567765406564 10.000171704287306 10.063883846394289 10.200719819579882 10.26220487260662 10.478116616005678 10.576776055492042 11.000000000000007 11.069256684863818 11.088910128285494 11.367130417719851 11.493776546116766 11.544528109401858 11.619547346120939 11.902948577781038 11.942253853430463 11.948482967866887 12.077962896996082 12.083368138677871 12.13579445769864 12.367872303592657 12.486871212376595 12.570645672441694 12.602046018685451 12.72381677089918 12.791565220572572 12.880557699287268 12.986216848481348 13.057350133528923 13.137417892143203 13.157793258634474 13.29670090305399 13.416562701432667 13.999999999999995 14.000000000000002 
3 2 0 3.191069899044252 3.831321024802199 4.064198159682918 5.057782041885908 5.57138419717632 5.778422413674292 6.260190223491669 6.886845529293023 6.999999999999998 7.0 7.0 7.0 7.410827168180532 7.818718504957866 8.514616081610665 8.99999999999999 8.999999999999996 8.999999999999998 8.999999999999998 9.0 9.0 9.0 9.0 9.39522980199882 9.470062988735856 9.7985480422719 10.416158835857267 10.534625087336508 
4 2 0 7.0 9.0 9.0 
3 1 0 3.191069899044252 3.831321024802199 4.064198159682918 5.057782041885908 5.57138419717632 5.778422413674292 6.260190223491669 6.886845529293023 6.999999999999998 7.0 7.0 7.0 7.410827168180532 7.818718504957866 8.514616081610665 8.99999999999999 8.999999999999996 8.999999999999998 8.999999999999998 9.0 9.0 9.0 9.0 9.39522980199882 9.470062988735856 9.7985480422719 10.416158835857267 10.534625087336508 
4 1 0 7.0 9.0 9.0 
2 10 0 1.3789207725479073 1.5385107994997902 2.152701140625271 2.6825769459868916 3.439245365851981 3.9387670148230893 4.503627424253504 4.865807397485325 5.331627879286092 7.322810924144284 7.845404335495861 
2 9 0 1.3789207725479073 1.5385107994997902 2.152701140625271 2.6825769459868916 3.439245365851981 3.9387670148230893 4.503627424253504 4.865807397485325 5.331627879286092 7.322810924144284 7.845404335495861 
2 8 0 0.1713036783896542 0.5725501559792248 0.9062110949274839 1.2634956911564246 1.5751854906237446 1.7094836644949158 1.8747255228457775 1.8764491939902361 2.2093731092408126 2.254957097548281 2.432647359392363 2.5278300718212425 2.565001782133745 2.723114306119891 2.872928812872648 2.9243312248668456 2.938617255739953 3.1790914986521557 3.391997653035627 3.4070128903883967 3.5728466745382184 3.7583786797637595 3.8575166239955307 4.000000000000001 4.058857101809969 4.077125206373894 4.207333367626201 4.320263497429764 4.480379110360619 4.652444267026118 4.654171808336769 4.72148364187333 4.802944352941836 4.938397100665551 5.058635534998489 5.086496404080843 5.178962677895646 5.244975123132074 5.385106686610561 5.387875217634116 5.506344567260344 5.588508052580702 5.695036185413384 5.7506853051204585 5.772314217501645 5.850317975104114 5.970671905582022 5.999999999999991 6.0 6.000000000000003 6.0444812799478544 6.17423674657871 6.236303895016628 6.423981353656351 6.514614049191 6.681489953194137 6.775544817609702 6.918054647749151 7.030193219337404 7.045340165224039 7.187055499957842 7.267872345483976 7.463691990691386 7.831661404431164 7.993234667058055 8.323813989036397 8.532387822969408 8.70056033444308 8.847503207238281 8.880549486428212 9.238619326701128 9.548900408795793 9.56229363417888 9.65157733178039 9.741336969741093 9.869792081689594 10.029113189017691 10.056246615121326 10.179931589841914 10.210190229054774 10.354009824595348 10.416303085157809 10.612437002773063 10.699253332755926 10.730776093243657 10.751011765972892 10.90038354308054 11.050678002461305 11.209549557947303 11.277338237535803 11.92426875172647 12.159039711709122 
2 7 0 0.1713036783896542 0.5725501559792248 0.9062110949274839 1.2634956911564246 1.5751854906237446 1.7094836644949158 1.8747255228457775 1.8764491939902361 2.2093731092408126 2.254957097548281 2.432647359392363 2.5278300718212425 2.565001782133745 2.723114306119891 2.872928812872648 2.9243312248668456 2.938617255739953 3.1790914986521557 3.391997653035627 3.4070128903883967 3.5728466745382184 3.7583786797637595 3.8575166239955307 4.000000000000001 4.058857101809969 4.077125206373894 4.207333367626201 4.320263497429764 4.480379110360619 4.652444267026118 4.654171808336769 4.72148364187333 4.802944352941836 4.938397100665551 5.058635534998489 5.086496404080843 5.178962677895646 5.244975123132074 5.385106686610561 5.387875217634116 5.506344567260344 5.588508052580702 5.695036185413384 5.7506853051204585 5.772314217501645 5.850317975104114 5.970671905582022 5.999999999999991 6.0 6.000000000000003 6.0444812799478544 6.17423674657871 6.236303895016628 6.423981353656351 6.514614049191 6.681489953194137 6.775544817609702 6.918054647749151 7.030193219337404 7.045340165224039 7.187055499957842 7.267872345483976 7.463691990691386 7.831661404431164 7.993234667058055 8.323813989036397 8.532387822969408 8.70056033444308 8.847503207238281 8.880549486428212 9.238619326701128 9.548900408795793 9.56229363417888 9.65157733178039 9.741336969741093 9.869792081689594 10.029113189017691 10.056246615121326 10.179931589841914 10.210190229054774 10.354009824595348 10.416303085157809 10.612437002773063 10.699253332755926 10.730776093243657 10.751011765972892 10.90038354308054 11.050678002461305 11.209549557947303 11.277338237535803 11.92426875172647 12.159039711709122 
2 6 1 -3.14212876814257e-48 0.6762038723544013 0.9381615445705547 0.9433922367827273 1.1070222871029525 1.3716606840408514 1.520009863119866 1.6318623092782911 1.639621405072338 1.734990539321424 1.841085407872973 2.0688018500139216 2.223814533943357 2.238162153198378 2.4141269363655495 2.5070550767333053 2.5451072990613803 2.5741942377010525 2.6791711251585646 2.8338096104043613 2.896651793679026 2.9996924296400618 3.0739832065859116 3.090044994137411 3.178124467838179 3.1899870908556642 3.2103174495952493 3.4582175911851003 3.529164984456643 3.6035559529540597 3.6265307089345553 3.716655043415203 3.72747947791717 3.814839440603016 3.8447144435939618 3.8473977506395975 3.964352910512799 3.9957002070517356 4.020877165108464 4.042731194080659 4.152584115185449 4.271936507454324 4.309357419524469 4.341130508820925 4.374622411458354 4.403149468811455 4.44498404993774 4.456909914621659 4.589028880296981 4.646009595002448 4.704140546609932 4.779725082849978 4.843159224473709 4.938149205466908 4.940420310087229 4.95006448953295 4.977357197279745 5.068341437095066 5.090388040779774 5.168847194598546 5.2397033146856575 5.36071630316933 5.3960097291854865 5.4164510901599145 5.431872055422727 5.44918611890625 5.487557140546947 5.540308054474874 5.581599468768919 5.596666985957705 5.6408376860868135 5.70347835964901 5.745283260445135 5.776034419718181 5.784438913218355 5.888001736885986 5.922805363133877 5.945672321487933 5.996154964685269 6.043183159815397 6.082240433274234 6.092883615889992 6.1270639102479505 6.1842879033499205 6.213147210727409 6.276732154171184 6.324675658377472 6.348127775188624 6.437338470668034 6.543440223365928 6.5511915207786 6.589940930866636 6.604705898043803 6.641345852270122 6.647317992832038 6.680613842732856 6.732235928816283 6.805021421167904 6.81429540309531 6.880555357908893 6.964197232428823 7.024348520132952 7.037731853743376 7.125254904592418 7.153191009938642 7.195508600815463 7.2187141968440045 7.324718033298574 7.341210203316869 7.476485614099204 7.5975778029176295 7.657749276079175 7.712615726739457 7.749493883962933 7.79482619935118 7.89699455627878 7.940620074925238 8.049238133538761 8.068610155448933 8.12605298985852 8.171572875253815 8.235964362153783 8.343601486698113 8.358445719289962 8.463192200904135 8.491581942558073 8.664665182614323 8.691970927872532 8.731097648394476 8.747568510370208 8.772667875249264 8.798282837058844 8.870225031317005 8.898920072860093 9.018037348083885 9.133951749889839 9.147221893516745 9.202570429386453 9.237776991408904 9.257415382956752 9.350058313300119 9.436301130264498 9.565910682623507 9.591959471028195 9.62242509407187 9.631590520458765 9.686424698835841 9.736652732064089 9.804298792267284 9.829070983284993 9.9131064758498 9.962620927694156 10.060711932071955 10.096183233374573 10.140903633435588 10.147777599864016 10.240968563056725 10.305922191120024 10.341424171171695 10.412145291774092 10.440660320967952 10.460689744966217 10.535147569936052 10.621320881628986 10.657290686280888 10.698736660770464 10.7105610888167 10.880021403982807 10.952539466022364 10.965490217581433 11.002380653281875 11.093847164590812 11.118871189400707 11.162503810656345 11.218685132140296 11.32707998425112 11.359014032564637 11.707468587037598 11.79380745085287 11.863738231088021 11.892515286408823 11.951121361866699 12.061203861335708 12.096995554036218 12.140710980053488 12.159718327882906 12.219043952267732 12.228388069283348 12.246087576059699 12.298317006234502 12.366845131423908 12.431099477632925 12.53331394873638 12.675993840867177 12.68631212926319 12.75383708367521 12.776040783345042 12.790899850760288 12.802089198676123 12.802613001774404 12.819536405770933 12.841023917532304 12.927324272405915 13.022465335902973 13.069810062827221 13.081773655352524 13.099181639613946 13.100206623424592 13.130200121511432 13.205978343507383 13.219702779263507 13.28664145616882 13.349517103220835 13.371442490063853 13.439977530769768 13.47061042749692 13.495610104751094 13.5612754549909 13.581715298714455 13.59316457368002 13.69166005053061 13.757195148741879 13.789602980032473 13.828427124746192 14.648225602871062 14.943423041979331 15.07686131832723 15.100633308807828 15.152788429886819 
2 5 1 -3.14212876814257e-48 0.6762038723544013 0.9381615445705547 0.9433922367827273 1.1070222871029525 1.3716606840408514 1.520009863119866 1.6318623092782911 1.639621405072338 1.734990539321424 1.841085407872973 2.0688018500139216 2.223814533943357 2.238162153198378 2.4141269363655495 2.5070550767333053 2.5451072990613803 2.5741942377010525 2.6791711251585646 2.8338096104043613 2.896651793679026 2.9996924296400618 3.0739832065859116 3.090044994137411 3.178124467838179 3.1899870908556642 3.2103174495952493 3.4582175911851003 3.529164984456643 3.6035559529540597 3.6265307089345553 3.716655043415203 3.72747947791717 3.814839440603016 3.8447144435939618 3.8473977506395975 3.964352910512799 3.9957002070517356 4.020877165108464 4.042731194080659 4.152584115185449 4.271936507454324 4.309357419524469 4.341130508820925 4.374622411458354 4.403149468811455 4.44498404993774 4.456909914621659 4.589028880296981 4.646009595002448 4.704140546609932 4.779725082849978 4.843159224473709 4.938149205466908 4.940420310087229 4.95006448953295 4.977357197279745 5.068341437095066 5.090388040779774 5.168847194598546 5.2397033146856575 5.36071630316933 5.3960097291854865 5.4164510901599145 5.431872055422727 5.44918611890625 5.487557140546947 5.540308054474874 5.581599468768919 5.596666985957705 5.6408376860868135 5.70347835964901 5.745283260445135 5.776034419718181 5.784438913218355 5.888001736885986 5.922805363133877 5.945672321487933 5.996154964685269 6.043183159815397 6.082240433274234 6.092883615889992 6.1270639102479505 6.1842879033499205 6.213147210727409 6.276732154171184 6.324675658377472 6.348127775188624 6.437338470668034 6.543440223365928 6.5511915207786 6.589940930866636 6.604705898043803 6.641345852270122 6.647317992832038 6.680613842732856 6.732235928816283 6.805021421167904 6.81429540309531 6.880555357908893 6.964197232428823 7.024348520132952 7.037731853743376 7.125254904592418 7.153191009938642 7.195508600815463 7.2187141968440045 7.324718033298574 7.341210203316869 7.476485614099204 7.5975778029176295 7.657749276079175 7.712615726739457 7.749493883962933 7.79482619935118 7.89699455627878 7.940620074925238 8.049238133538761 8.068610155448933 8.12605298985852 8.171572875253815 8.235964362153783 8.343601486698113 8.358445719289962 8.463192200904135 8.491581942558073 8.664665182614323 8.691970927872532 8.731097648394476 8.747568510370208 8.772667875249264 8.798282837058844 8.870225031317005 8.898920072860093 9.018037348083885 9.133951749889839 9.147221893516745 9.202570429386453 9.237776991408904 9.257415382956752 9.350058313300119 9.436301130264498 9.565910682623507 9.591959471028195 9.62242509407187 9.631590520458765 9.686424698835841 9.736652732064089 9.804298792267284 9.829070983284993 9.9131064758498 9.962620927694156 10.060711932071955 10.096183233374573 10.140903633435588 10.147777599864016 10.240968563056725 10.305922191120024 10.341424171171695 10.412145291774092 10.440660320967952 10.460689744966217 10.535147569936052 10.621320881628986 10.657290686280888 10.698736660770464 10.7105610888167 10.880021403982807 10.952539466022364 10.965490217581433 11.002380653281875 11.093847164590812 11.118871189400707 11.162503810656345 11.218685132140296 11.32707998425112 11.359014032564637 11.707468587037598 11.79380745085287 11.863738231088021 11.892515286408823 11.951121361866699 12.061203861335708 12.096995554036218 12.140710980053488 12.159718327882906 12.219043952267732 12.228388069283348 12.246087576059699 12.298317006234502 12.366845131423908 12.431099477632925 12.53331394873638 12.675993840867177 12.68631212926319 12.75383708367521 12.776040783345042 12.790899850760288 12.802089198676123 12.802613001774404 12.819536405770933 12.841023917532304 12.927324272405915 13.022465335902973 13.069810062827221 13.081773655352524 13.099181639613946 13.100206623424592 13.130200121511432 13.205978343507383 13.219702779263507 13.28664145616882 13.349517103220835 13.371442490063853 13.439977530769768 13.47061042749692 13.495610104751094 13.5612754549909 13.581715298714455 13.59316457368002 13.69166005053061 13.757195148741879 13.789602980032473 13.828427124746192 14.648225602871062 14.943423041979331 15.07686131832723 15.100633308807828 15.152788429886819 
2 4 0 0.3298936252164939 0.8610774528199574 1.2975397764831231 1.7926073244360436 1.934034851901193 1.9757100594931112 1.9914964938102473 2.106589893263742 2.3148825078064035 2.393365273030266 2.5574526565015283 2.5703213861915324 2.823250645463458 3.0768330505834336 3.1117599460825187 3.239318461261696 3.264480330184859 3.280408365964262 3.6005335293019005 3.6101655222319518 3.6206341606206722 3.633689546820618 3.70808542832869 3.721554369191636 3.7932905441723546 3.88963332423955 3.935601671011458 3.9390054719686773 4.063618554710933 4.091316819007889 4.203464484091153 4.229371188260843 4.293304989430401 4.342446532423838 4.450106124988765 4.465481644327981 4.48854843311329 4.534895617475353 4.649704686147408 4.670082934330466 4.7817706516152745 4.910940642593101 4.927209437005029 5.040986019033769 5.048641683597577 5.131440664660226 5.139635064626684 5.198784561968963 5.283656191670413 5.341685647758792 5.40927967783637 5.426607939309364 5.437509071083867 5.465854506136139 5.501156244255358 5.591061980560959 5.644468718804549 5.68193446290763 5.8188231448083885 5.850203796866878 5.851919712066052 5.8777277768718434 6.0275618202967705 6.035675068934891 6.0731271749188425 6.178774002885173 6.191676903298506 6.200629832813006 6.206241053449507 6.268086786961177 6.288234533310062 6.405360788336438 6.408777984948933 6.472089330455988 6.490113661414862 6.56066389542644 6.573447436398337 6.578433085906561 6.661744051128078 6.679771291850041 6.721116356029872 6.74571901602325 6.800042639014056 6.839096712402745 7.019950595497042 7.074668422631417 7.09913906119171 7.1996205387399 7.280308876999055 7.3055062516805 7.346285043444771 7.392173474217366 7.445121666763211 7.5185678224534405 7.58043379510038 7.617932663104152 7.670895864355711 7.713810099541433 7.737546265890162 7.810152303635397 7.863439880441051 7.886295761006784 7.965805920789921 8.041124856743393 8.071030495299743 8.11703914133852 8.132716876659668 8.164239354066988 8.283058982144706 8.308028393008813 8.345586482214719 8.446734755795614 8.49823414486331 8.549469978209029 8.593607262041026 8.657068229684151 8.700018144426402 8.804470619343826 8.845500715719941 8.889943867601389 8.936865045180326 8.965073852128835 8.96578677547541 9.024148015196653 9.054535852040617 9.09036719948463 9.204375461154948 9.211527900443185 9.246934881010597 9.429799590771614 9.440541023651253 9.485960338445881 9.511406788836004 9.574434984641348 9.585706466918895 9.589879616190466 9.601266092736394 9.659633891458908 9.682492158111012 9.701581727963768 9.759574638074826 9.798473343719772 9.926517760691297 9.941567765406555 10.000171704287313 10.063638755988418 10.063883846394296 10.107427368788969 10.153314318000017 10.200719819579879 10.20510426179967 10.262204872606624 10.267316165712618 10.37708751469689 10.384184827573305 10.428134578983823 10.467946168156871 10.478116616005684 10.543722998064974 10.5606970943195 10.576776055492036 10.6364121670431 10.766791703797743 10.83847390210225 10.86174533347591 10.944718152506663 11.034626100189667 11.079485399211315 11.088910128285482 11.254820881795691 11.258789175926374 11.29197958052272 11.544528109401854 11.619547346120942 11.822569199102887 11.942253853430463 12.000000000000005 12.08336813867788 12.135794457698635 12.345927207348915 12.367872303592646 12.486871212376602 12.506016184306507 12.548533597066749 12.570645672441705 12.602046018685447 12.636235729232471 12.723816770899184 12.791565220572576 12.806133537508885 12.8615358262741 12.880557699287271 12.986216848481355 12.994439459738986 13.023352815321719 13.033475654366248 13.057350133528924 13.137417892143189 13.13865585995744 13.157793258634477 13.169964320908214 13.294943368774193 13.296700903053987 13.41656270143266 13.417359392682215 13.524004550880443 13.588665572651786 13.637415832226868 13.675358728590261 13.79406447229207 13.848473665426173 13.877004254260708 13.969434910282072 13.999999999999975 13.999999999999979 14.151638302630055 14.18832778245409 14.267446989038618 14.287712724024745 14.441655161839767 14.443728895317182 14.64240908640476 14.713685736274012 14.790456478254331 14.807688686456084 15.298024265897146 15.468337245133434 15.999999999999979 15.99999999999999 
2 3 0 0.3298936252164939 0.8610774528199574 1.2975397764831231 1.7926073244360436 1.934034851901193 1.9757100594931112 1.9914964938102473 2.106589893263742 2.3148825078064035 2.393365273030266 2.5574526565015283 2.5703213861915324 2.823250645463458 3.0768330505834336 3.1117599460825187 3.239318461261696 3.264480330184859 3.280408365964262 3.6005335293019005 3.6101655222319518 3.6206341606206722 3.633689546820618 3.70808542832869 3.721554369191636 3.7932905441723546 3.88963332423955 3.935601671011458 3.9390054719686773 4.063618554710933 4.091316819007889 4.203464484091153 4.229371188260843 4.293304989430401 4.342446532423838 4.450106124988765 4.465481644327981 4.48854843311329 4.534895617475353 4.649704686147408 4.670082934330466 4.7817706516152745 4.910940642593101 4.927209437005029 5.040986019033769 5.048641683597577 5.131440664660226 5.139635064626684 5.198784561968963 5.283656191670413 5.341685647758792 5.40927967783637 5.426607939309364 5.437509071083867 5.465854506136139 5.501156244255358 5.591061980560959 5.644468718804549 5.68193446290763 5.8188231448083885 5.850203796866878 5.851919712066052 5.8777277768718434 6.0275618202967705 6.035675068934891 6.0731271749188425 6.178774002885173 6.191676903298506 6.200629832813006 6.206241053449507 6.268086786961177 6.288234533310062 6.405360788336438 6.408777984948933 6.472089330455988 6.490113661414862 6.56066389542644 6.573447436398337 6.578433085906561 6.661744051128078 6.679771291850041 6.721116356029872 6.74571901602325 6.800042639014056 6.839096712402745 7.019950595497042 7.074668422631417 7.09913906119171 7.1996205387399 7.280308876999055 7.3055062516805 7.346285043444771 7.392173474217366 7.445121666763211 7.5185678224534405 7.58043379510038 7.617932663104152 7.670895864355711 7.713810099541433 7.737546265890162 7.810152303635397 7.863439880441051 7.886295761006784 7.965805920789921 8.041124856743393 8.071030495299743 8.11703914133852 8.132716876659668 8.164239354066988 8.283058982144706 8.308028393008813 8.345586482214719 8.446734755795614 8.49823414486331 8.549469978209029 8.593607262041026 8.657068229684151 8.700018144426402 8.804470619343826 8.845500715719941 8.889943867601389 8.936865045180326 8.965073852128835 8.96578677547541 9.024148015196653 9.054535852040617 9.09036719948463 9.204375461154948 9.211527900443185 9.246934881010597 9.429799590771614 9.440541023651253 9.485960338445881 9.511406788836004 9.574434984641348 9.585706466918895 9.589879616190466 9.601266092736394 9.659633891458908 9.682492158111012 9.701581727963768 9.759574638074826 9.798473343719772 9.926517760691297 9.941567765406555 10.000171704287313 10.063638755988418 10.063883846394296 10.107427368788969 10.153314318000017 10.200719819579879 10.20510426179967 10.262204872606624 10.267316165712618 10.37708751469689 10.384184827573305 10.428134578983823 10.467946168156871 10.478116616005684 10.543722998064974 10.5606970943195 10.576776055492036 10.6364121670431 10.766791703797743 10.83847390210225 10.86174533347591 10.944718152506663 11.034626100189667 11.079485399211315 11.088910128285482 11.254820881795691 11.258789175926374 11.29197958052272 11.544528109401854 11.619547346120942 11.822569199102887 11.942253853430463 12.000000000000005 12.08336813867788 12.135794457698635 12.345927207348915 12.367872303592646 12.486871212376602 12.506016184306507 12.548533597066749 12.570645672441705 12.602046018685447 12.636235729232471 12.723816770899184 12.791565220572576 12.806133537508885 12.8615358262741 12.880557699287271 12.986216848481355 12.994439459738986 13.023352815321719 13.033475654366248 13.057350133528924 13.137417892143189 13.13865585995744 13.157793258634477 13.169964320908214 13.294943368774193 13.296700903053987 13.41656270143266 13.417359392682215 13.524004550880443 13.588665572651786 13.637415832226868 13.675358728590261 13.79406447229207 13.848473665426173 13.877004254260708 13.969434910282072 13.999999999999975 13.999999999999979 14.151638302630055 14.18832778245409 14.267446989038618 14.287712724024745 14.441655161839767 14.443728895317182 14.64240908640476 14.713685736274012 14.790456478254331 14.807688686456084 15.298024265897146 15.468337245133434 15.999999999999979 15.99999999999999 
2 2 0 1.7267002095081945 2.6641620560467643 2.9710683135431015 3.1337217444589447 3.191069899044256 3.265744786387256 3.8147062865481156 3.8313210248022016 3.9305035825182704 3.9970051121353807 4.064198159682914 4.339518857575315 4.668736231227459 4.809258210227766 5.045529057395263 5.0577820418859085 5.143271411911834 5.228210820612713 5.38551320655082 5.571384197176321 5.573730586029705 5.778422413674292 5.792791364032901 5.836486043915141 5.890006379273764 5.967102111285374 6.260190223491675 6.288720337355253 6.3040563436032775 6.3542486889354075 6.540580633721691 6.886845529293024 6.901820080054813 6.999999999999994 6.999999999999995 6.999999999999999 7.0 7.000000000000003 7.092770697236133 7.245426551900249 7.295021153339585 7.410827168180531 7.6394863680435705 7.759737063849637 7.775109022212697 7.818718504957866 7.826120430667317 7.85180542139994 7.931205462106325 8.10084787205829 8.51461608161067 8.696077163447722 8.882454841735644 8.987520038625519 8.99999999999999 8.999999999999991 8.999999999999991 8.999999999999995 8.999999999999996 8.999999999999998 9.0 9.000000000000002 9.000000000000004 9.000000000000007 9.000000000000009 9.000000000000012 9.30166769722026 9.395229801998816 9.470062988735856 9.516413233573074 9.605523785476398 9.660118490247468 9.798548042271893 9.800514996895949 10.255739536330198 10.279934770542322 10.416158835857264 10.534625087336503 10.568037122442481 10.856637618869968 11.015733434390741 11.15801076153128 11.20545007390901 11.257584422492812 11.479528651964742 11.5199200730446 11.645751311064583 11.700492491317958 11.717925185283114 11.798241801925858 12.000000000000002 12.000000000000007 
2 1 0 1.7267002095081945 2.6641620560467643 2.9710683135431015 3.1337217444589447 3.191069899044256 3.265744786387256 3.8147062865481156 3.8313210248022016 3.9305035825182704 3.9970051121353807 4.064198159682914 4.339518857575315 4.668736231227459 4.809258210227766 5.045529057395263 5.0577820418859085 5.143271411911834 5.228210820612713 5.38551320655082 5.571384197176321 5.573730586029705 5.778422413674292 5.792791364032901 5.836486043915141 5.890006379273764 5.967102111285374 6.260190223491675 6.288720337355253 6.3040563436032775 6.3542486889354075 6.540580633721691 6.886845529293024 6.901820080054813 6.999999999999994 6.999999999999995 6.999999999999999 7.0 7.000000000000003 7.092770697236133 7.245426551900249 7.295021153339585 7.410827168180531 7.6394863680435705 7.759737063849637 7.775109022212697 7.818718504957866 7.826120430667317 7.85180542139994 7.931205462106325 8.10084787205829 8.51461608161067 8.696077163447722 8.882454841735644 8.987520038625519 8.99999999999999 8.999999999999991 8.999999999999991 8.999999999999995 8.999999999999996 8.999999999999998 9.0 9.000000000000002 9.000000000000004 9.000000000000007 9.000000000000009 9.000000000000012 9.30166769722026 9.395229801998816 9.470062988735856 9.516413233573074 9.605523785476398 9.660118490247468 9.798548042271893 9.800514996895949 10.255739536330198 10.279934770542322 10.416158835857264 10.534625087336503 10.568037122442481 10.856637618869968 11.015733434390741 11.15801076153128 11.20545007390901 11.257584422492812 11.479528651964742 11.5199200730446 11.645751311064583 11.700492491317958 11.717925185283114 11.798241801925858 12.000000000000002 12.000000000000007 
2 0 0 4.999999999999999 4.999999999999999 4.999999999999999 4.999999999999999 4.999999999999999 7.0 7.0 7.0 7.0 7.0 7.0 
3 0 0 4.999999999999999 7.0 
2 -1 0 4.999999999999999 4.999999999999999 4.999999999999999 4.999999999999999 4.999999999999999 7.0 7.0 7.0 7.0 7.0 7.0 
3 -1 0 4.999999999999999 7.0 
1 8 0 1.8747255228457853 2.254957097548279 2.5650017821337414 2.924331224866846 3.407012890388396 3.8575166239955325 4.0 4.000000000000001 4.6524442670261275 4.802944352941835 5.244975123132071 5.385106686610562 5.695036185413388 5.750685305120457 5.9706719055820265 6.0 6.0 6.000000000000001 6.174236746578709 7.0453401652240455 8.700560334443088 8.880549486428212 9.238619326701123 9.56229363417888 9.651577331780397 9.86979208168959 10.179931589841916 10.612437002773062 10.699253332755925 
1 7 0 1.8747255228457853 2.254957097548279 2.5650017821337414 2.924331224866846 3.407012890388396 3.8575166239955325 4.0 4.000000000000001 4.6524442670261275 4.802944352941835 5.244975123132071 5.385106686610562 5.695036185413388 5.750685305120457 5.9706719055820265 6.0 6.0 6.000000000000001 6.174236746578709 7.0453401652240455 8.700560334443088 8.880549486428212 9.238619326701123 9.56229363417888 9.651577331780397 9.86979208168959 10.179931589841916 10.612437002773062 10.699253332755925 
1 6 0 0.9381615445705722 0.9963111310403834 1.1070222871029551 1.3716606840408632 1.6318623092782676 1.7349905393214171 2.223814533943347 2.414126936365547 2.4298235848031324 2.5070550767333115 2.545107299061365 2.583257124371415 2.6791711251585486 2.896651793679008 3.0900449941374326 3.1143372753540066 3.1781244678381744 3.3312440604764375 3.529164984456637 3.6265307089345566 3.7274794779171567 3.8148394406030186 3.847397750639601 4.020877165108447 4.152584115185455 4.156726147460347 4.339322239885765 4.374622411458348 4.403149468811456 4.4105278126548075 4.444984049937733 4.589028880296977 4.704140546609927 4.732789176413257 4.7809105019983615 4.940420310087228 4.950064489532952 5.066345456518856 5.090388040779781 5.1688471945985475 5.342014532735202 5.360716303169335 5.416451090159929 5.4318720554227236 5.487557140546948 5.5815994687689106 5.640837686086811 5.745283260445127 5.7760344197181706 5.785313141260895 5.9228053631338735 5.99615496468527 6.04318315981541 6.092883615889991 6.108097535628745 6.276732154171189 6.3481277751886225 6.400091678573851 6.5501615259930555 6.551191520778601 6.589940930866634 6.641345852270103 6.647317992832036 6.735650493078934 6.767466336125527 6.8050214211679005 6.956011779069175 6.964197232428822 7.037731853743367 7.218714196844009 7.228752208087889 7.324718033298569 7.341210203316877 7.597577802917636 7.712615726739455 7.769049090015591 7.896994556278779 8.068610155448939 8.08110980812233 8.172413372572631 8.35844571928996 8.491581942558078 8.650195011329158 8.66466518261432 8.731097648394472 8.772667875249264 8.798282837058853 9.147221893516747 9.202570429386457 9.257415382956749 9.408649116540227 9.436301130264495 9.565910682623516 9.591959471028199 9.609179958234092 9.631590520458765 9.657551402217205 9.68642469883584 9.80429879226728 9.829070983284991 9.913106475849803 10.14777759986402 10.273455823757145 10.284342235457334 10.305922191120025 10.412145291774088 10.621320881628996 10.710561088816707 10.880021403982807 10.952539466022365 10.95279472265063 11.093847164590816 11.096814019475367 11.15132114311633 11.31269460872883 11.312968711028962 11.67741865657903 11.707468587037607 11.717333868691885 11.793807450852865 11.855176993468024 11.863738231088012 11.89251528640881 11.898195649719634 11.925134268921044 11.951121361866694 11.999999999999996 12.000000000000002 12.000000000000005 12.061203861335715 12.09699555403622 12.15971832788292 12.219043952267747 12.246087576059699 12.298317006234512 12.366845131423919 12.431099477632925 12.673057398303321 12.6863121292632 12.705990399541188 12.776040783345042 12.790899850760283 12.802613001774406 12.81953640577093 13.081773655352524 13.100206623424578 13.20597834350741 13.286641456168809 13.349517103220819 13.371442490063847 13.439977530769767 13.56127545499091 13.58171529871446 13.593164573680014 13.6916600505306 13.757195148741872 13.789602980032445 
1 5 0 0.9381615445705722 0.9963111310403834 1.1070222871029551 1.3716606840408632 1.6318623092782676 1.7349905393214171 2.223814533943347 2.414126936365547 2.4298235848031324 2.5070550767333115 2.545107299061365 2.583257124371415 2.6791711251585486 2.896651793679008 3.0900449941374326 3.1143372753540066 3.1781244678381744 3.3312440604764375 3.529164984456637 3.6265307089345566 3.7274794779171567 3.8148394406030186 3.847397750639601 4.020877165108447 4.152584115185455 4.156726147460347 4.339322239885765 4.374622411458348 4.403149468811456 4.4105278126548075 4.444984049937733 4.589028880296977 4.704140546609927 4.732789176413257 4.7809105019983615 4.940420310087228 4.950064489532952 5.066345456518856 5.090388040779781 5.1688471945985475 5.342014532735202 5.360716303169335 5.416451090159929 5.4318720554227236 5.487557140546948 5.5815994687689106 5.640837686086811 5.745283260445127 5.7760344197181706 5.785313141260895 5.9228053631338735 5.99615496468527 6.04318315981541 6.092883615889991 6.108097535628745 6.276732154171189 6.3481277751886225 6.400091678573851 6.5501615259930555 6.551191520778601 6.589940930866634 6.641345852270103 6.647317992832036 6.735650493078934 6.767466336125527 6.8050214211679005 6.956011779069175 6.964197232428822 7.037731853743367 7.218714196844009 7.228752208087889 7.324718033298569 7.341210203316877 7.597577802917636 7.712615726739455 7.769049090015591 7.896994556278779 8.068610155448939 8.08110980812233 8.172413372572631 8.35844571928996 8.491581942558078 8.650195011329158 8.66466518261432 8.731097648394472 8.772667875249264 8.798282837058853 9.147221893516747 9.202570429386457 9.257415382956749 9.408649116540227 9.436301130264495 9.565910682623516 9.591959471028199 9.609179958234092 9.631590520458765 9.657551402217205 9.68642469883584 9.80429879226728 9.829070983284991 9.913106475849803 10.14777759986402 10.273455823757145 10.284342235457334 10.305922191120025 10.412145291774088 10.621320881628996 10.710561088816707 10.880021403982807 10.952539466022365 10.95279472265063 11.093847164590816 11.096814019475367 11.15132114311633 11.31269460872883 11.312968711028962 11.67741865657903 11.707468587037607 11.717333868691885 11.793807450852865 11.855176993468024 11.863738231088012 11.89251528640881 11.898195649719634 11.925134268921044 11.951121361866694 11.999999999999996 12.000000000000002 12.000000000000005 12.061203861335715 12.09699555403622 12.15971832788292 12.219043952267747 12.246087576059699 12.298317006234512 12.366845131423919 12.431099477632925 12.673057398303321 12.6863121292632 12.705990399541188 12.776040783345042 12.790899850760283 12.802613001774406 12.81953640577093 13.081773655352524 13.100206623424578 13.20597834350741 13.286641456168809 13.349517103220819 13.371442490063847 13.439977530769767 13.56127545499091 13.58171529871446 13.593164573680014 13.6916600505306 13.757195148741872 13.789602980032445 
1 4 0 0.3298936252164994 0.8610774528199616 1.036166970770973 1.1325428877742005 1.2162831861613868 1.2975397764831085 1.7926073244360266 1.8084052745531116 1.9757100594931007 2.1065898932637275 2.2325976705958923 2.3148825078064075 2.3933652730302786 2.4278147258445104 2.5574526565015234 2.650055110655369 2.8232506454634567 3.0011858905056297 3.111759946082522 3.157221237796363 3.2393184612616914 3.2804083659642544 3.3018252292796944 3.4170389706535857 3.5432255997653423 3.600533529301908 3.610165522231942 3.620634160620659 3.649284372285286 3.7215543691916313 3.7522939484363724 3.7932905441723523 3.889633324239545 3.9356016710114474 3.9596668913272115 4.063618554710931 4.088152250637851 4.148798456764689 4.185947034086329 4.2034644840911595 4.342446532423834 4.465481644327984 4.534895617475348 4.57229882169921 4.649704686147411 4.67008293433047 4.752443711505013 4.781770651615276 4.799318974926593 4.892955136487277 4.9272094370050175 4.960811965218726 5.040986019033775 5.059450455536232 5.126812448533724 5.139635064626682 5.198784561968994 5.227256766078286 5.283656191670405 5.3224960036609765 5.328851131692126 5.409279677836366 5.420881925495206 5.426607939309361 5.465854506136142 5.501156244255352 5.512187155391331 5.644468718804547 5.6860137288722346 5.703212557890743 5.818823144808384 5.850203796866875 6.027561820296766 6.072144809767272 6.1916769032985055 6.200629832813009 6.268086786961184 6.274695658317466 6.288234533310064 6.316723871371548 6.408777984948938 6.436364297334628 6.472089330455987 6.548210289934926 6.5734474363983555 6.578433085906571 6.6617440511280765 6.679771291850039 6.74571901602325 6.747013002542947 6.800042639014054 6.972766040808678 7.010167161789088 7.019950595497051 7.132217737793072 7.199620538739906 7.305506251680501 7.346285043444775 7.392173474217363 7.580433795100383 7.617932663104142 7.628958944126329 7.713810099541435 7.74259858702121 7.810152303635396 7.863439880441042 7.928060590065113 7.96580592078992 8.13271687665966 8.164239354066984 8.233479393533795 8.283058982144702 8.302125018695719 8.345586482214712 8.498234144863309 8.526456991078055 8.543467975951163 8.59360726204102 8.649531106922932 8.657068229684166 8.700018144426403 8.821916669727214 8.845500715719943 8.889943867601383 8.965073852128848 8.983340320121115 9.02414801519666 9.054535852040628 9.171819792310584 9.211527900443187 9.246934881010594 9.440541023651258 9.463928237501797 9.49817304009293 9.511406788835995 9.574434984641355 9.589879616190476 9.630003544909616 9.659633891458903 9.75957463807482 9.848306832061658 9.901605357628577 9.926517760691299 10.063638755988414 10.107427368788978 10.153314318000024 10.205104261799663 10.251669572989755 10.267316165712613 10.37708751469687 10.3841848275733 10.388195715402247 10.411853996707773 10.428134578983821 10.467946168156864 10.543722998064975 10.560697094319499 10.629226752880674 10.63641216704309 10.759333428330795 10.766791703797743 10.777287244855218 10.838473902102244 10.84978543218404 10.86174533347591 10.889118863387026 10.944718152506665 10.95251714815007 11.01458971334759 11.03462610018967 11.079485399211318 11.08896430595031 11.224209055317608 11.25482088179569 11.258789175926381 11.291979580522732 11.496241839578735 11.55162390104448 11.652891119597324 11.731886392324476 11.822569199102887 11.868271724824226 11.912190882855215 11.999999999999995 11.999999999999995 12.000000000000004 12.345927207348916 12.506016184306494 12.548533597066756 12.635143044825137 12.636235729232476 12.765822265170657 12.806133537508883 12.8615358262741 12.892893587373631 12.900646191323556 12.914746873821782 12.94987604125181 12.99443945973896 13.023352815321717 13.033475654366251 13.058831730311883 13.119101353591223 13.138655859957455 13.16116172808267 13.169964320908218 13.233026958692063 13.294943368774186 13.322881602331812 13.372186775092016 13.417359392682224 13.424275638969787 13.483964971939972 13.524004550880441 13.581305308920195 13.588665572651813 13.595735538030882 13.608733827814886 13.637415832226875 13.675358728590268 13.794064472292057 13.795177314486116 13.848473665426175 13.8662866770247 13.877004254260717 13.969434910282061 14.028397221495105 14.059088626433766 14.151638302630055 14.1883277824541 14.267446989038595 14.287712724024747 14.389196679293295 14.441655161839773 14.443728895317184 14.496211081775908 14.594915257965793 14.642409086404756 14.713685736274021 14.777236305475745 14.790456478254344 14.80768868645608 14.83070308081062 14.86381489806014 15.298024265897144 15.318636698581155 15.385463042636008 15.468337245133426 15.727030830324045 15.73563787195692 15.745288311365927 15.752151246290024 15.851882625421226 15.85511994104309 15.999999999999996 16.0 
1 3 0 0.3298936252164994 0.8610774528199616 1.036166970770973 1.1325428877742005 1.2162831861613868 1.2975397764831085 1.7926073244360266 1.8084052745531116 1.9757100594931007 2.1065898932637275 2.2325976705958923 2.3148825078064075 2.3933652730302786 2.4278147258445104 2.5574526565015234 2.650055110655369 2.8232506454634567 3.0011858905056297 3.111759946082522 3.157221237796363 3.2393184612616914 3.2804083659642544 3.3018252292796944 3.4170389706535857 3.5432255997653423 3.600533529301908 3.610165522231942 3.620634160620659 3.649284372285286 3.7215543691916313 3.7522939484363724 3.7932905441723523 3.889633324239545 3.9356016710114474 3.9596668913272115 4.063618554710931 4.088152250637851 4.148798456764689 4.185947034086329 4.2034644840911595 4.342446532423834 4.465481644327984 4.534895617475348 4.57229882169921 4.649704686147411 4.67008293433047 4.752443711505013 4.781770651615276 4.799318974926593 4.892955136487277 4.9272094370050175 4.960811965218726 5.040986019033775 5.059450455536232 5.126812448533724 5.139635064626682 5.198784561968994 5.227256766078286 5.283656191670405 5.3224960036609765 5.328851131692126 5.409279677836366 5.420881925495206 5.426607939309361 5.465854506136142 5.501156244255352 5.512187155391331 5.644468718804547 5.6860137288722346 5.703212557890743 5.818823144808384 5.850203796866875 6.027561820296766 6.072144809767272 6.1916769032985055 6.200629832813009 6.268086786961184 6.274695658317466 6.288234533310064 6.316723871371548 6.408777984948938 6.436364297334628 6.472089330455987 6.548210289934926 6.5734474363983555 6.578433085906571 6.6617440511280765 6.679771291850039 6.74571901602325 6.747013002542947 6.800042639014054 6.972766040808678 7.010167161789088 7.019950595497051 7.132217737793072 7.199620538739906 7.305506251680501 7.346285043444775 7.392173474217363 7.580433795100383 7.617932663104142 7.628958944126329 7.713810099541435 7.74259858702121 7.810152303635396 7.863439880441042 7.928060590065113 7.96580592078992 8.13271687665966 8.164239354066984 8.233479393533795 8.283058982144702 8.302125018695719 8.345586482214712 8.498234144863309 8.526456991078055 8.543467975951163 8.59360726204102 8.649531106922932 8.657068229684166 8.700018144426403 8.821916669727214 8.845500715719943 8.889943867601383 8.965073852128848 8.983340320121115 9.02414801519666 9.054535852040628 9.171819792310584 9.211527900443187 9.246934881010594 9.440541023651258 9.463928237501797 9.49817304009293 9.511406788835995 9.574434984641355 9.589879616190476 9.630003544909616 9.659633891458903 9.75957463807482 9.848306832061658 9.901605357628577 9.926517760691299 10.063638755988414 10.107427368788978 10.153314318000024 10.205104261799663 10.251669572989755 10.267316165712613 10.37708751469687 10.3841848275733 10.388195715402247 10.411853996707773 10.428134578983821 10.467946168156864 10.543722998064975 10.560697094319499 10.629226752880674 10.63641216704309 10.759333428330795 10.766791703797743 10.777287244855218 10.838473902102244 10.84978543218404 10.86174533347591 10.889118863387026 10.944718152506665 10.95251714815007 11.01458971334759 11.03462610018967 11.079485399211318 11.08896430595031 11.224209055317608 11.25482088179569 11.258789175926381 11.291979580522732 11.496241839578735 11.55162390104448 11.652891119597324 11.731886392324476 11.822569199102887 11.868271724824226 11.912190882855215 11.999999999999995 11.999999999999995 12.000000000000004 12.345927207348916 12.506016184306494 12.548533597066756 12.635143044825137 12.636235729232476 12.765822265170657 12.806133537508883 12.8615358262741 12.892893587373631 12.900646191323556 12.914746873821782 12.94987604125181 12.99443945973896 13.023352815321717 13.033475654366251 13.058831730311883 13.119101353591223 13.138655859957455 13.16116172808267 13.169964320908218 13.233026958692063 13.294943368774186 13.322881602331812 13.372186775092016 13.417359392682224 13.424275638969787 13.483964971939972 13.524004550880441 13.581305308920195 13.588665572651813 13.595735538030882 13.608733827814886 13.637415832226875 13.675358728590268 13.794064472292057 13.795177314486116 13.848473665426175 13.8662866770247 13.877004254260717 13.969434910282061 14.028397221495105 14.059088626433766 14.151638302630055 14.1883277824541 14.267446989038595 14.287712724024747 14.389196679293295 14.441655161839773 14.443728895317184 14.496211081775908 14.594915257965793 14.642409086404756 14.713685736274021 14.777236305475745 14.790456478254344 14.80768868645608 14.83070308081062 14.86381489806014 15.298024265897144 15.318636698581155 15.385463042636008 15.468337245133426 15.727030830324045 15.73563787195692 15.745288311365927 15.752151246290024 15.851882625421226 15.85511994104309 15.999999999999996 16.0 
1 2 0 0.9166635532698508 1.4041037804770904 1.4347177511106222 1.7267002095082087 2.4591894024895233 2.6641620560467634 2.814346066551783 2.868952048949123 2.9710683135430993 3.1295099578455168 3.1337217444589442 3.2647403769398484 3.2657447863872613 3.3615376353644026 3.5228785482628133 3.5586288769752956 3.8147062865481147 3.852443827067119 3.9305035825182664 3.9970051121353833 4.0217154718303645 4.146289396428109 4.332684025891764 4.339518857575313 4.392532092060945 4.43921220861727 4.668324117720652 4.668736231227464 4.802141022245124 4.809258210227762 4.910731846404459 4.996001477799173 5.04552905739526 5.143271411911835 5.153825111660842 5.228210820612709 5.298535819794142 5.31174735713269 5.385513206550821 5.4602581680064075 5.573730586029703 5.773797918264413 5.792791364032899 5.836486043915142 5.890006379273772 5.9120660714736575 5.939897710505538 5.967102111285378 6.048128246335802 6.288720337355254 6.2949167119641425 6.304056343603276 6.354248688935408 6.371440154217264 6.492091036090382 6.500069280411019 6.54058063372169 6.90182008005481 6.947326381209633 7.000000000000004 7.000000000000006 7.092770697236135 7.170313381818532 7.1820133469637355 7.186647459169105 7.245426551900254 7.295021153339579 7.362166664913195 7.445393415080301 7.6394863680435705 7.720409625691922 7.759234591628798 7.759737063849641 7.775109022212694 7.7798471785062215 7.826120430667322 7.851805421399953 7.862619819505485 7.929596311745488 7.9312054621063295 8.034325431165612 8.100847872058296 8.14051358241058 8.509725355985772 8.575358349410493 8.696077163447717 8.882454841735646 8.945967204183013 8.987520038625522 8.999999999999986 8.99999999999999 8.999999999999991 8.999999999999998 8.999999999999998 8.999999999999998 9.000000000000004 9.000000000000007 9.04721649245365 9.301667697220264 9.350087172902242 9.511898227630727 9.516413233573072 9.605523785476406 9.631973201809467 9.660118490247465 9.80051499689596 9.855496026275285 9.871034744557775 10.162003636937646 10.222732301669565 10.255739536330196 10.279934770542324 10.281225818653073 10.433951927817795 10.54951141530103 10.56803712244248 10.856637618869968 10.898552176648433 11.015733434390738 11.15801076153127 11.205450073909013 11.257584422492819 11.436492932511943 11.479528651964738 11.519920073044604 11.645751311064592 11.700492491317965 11.717925185283109 11.786253377820398 11.798241801925856 11.888920869951098 11.930291911517855 11.999999999999972 12.000000000000005 12.165882138046877 12.228902813300639 12.280125244639946 12.421394156288725 12.532642478746933 12.598556932676805 12.645473413166739 12.86505554626445 12.880111022966137 12.882012971135678 12.909172939370674 12.93188565435451 13.041558642277382 13.118356546024701 13.132312480784169 13.158919757163293 13.176864670933977 13.414001544680058 13.437419073291508 13.60939239995749 13.681322403208712 13.743251052265991 13.882168714451572 
1 1 0 0.9166635532698508 1.4041037804770904 1.4347177511106222 1.7267002095082087 2.4591894024895233 2.6641620560467634 2.814346066551783 2.868952048949123 2.9710683135430993 3.1295099578455168 3.1337217444589442 3.2647403769398484 3.2657447863872613 3.3615376353644026 3.5228785482628133 3.5586288769752956 3.8147062865481147 3.852443827067119 3.9305035825182664 3.9970051121353833 4.0217154718303645 4.146289396428109 4.332684025891764 4.339518857575313 4.392532092060945 4.43921220861727 4.668324117720652 4.668736231227464 4.802141022245124 4.809258210227762 4.910731846404459 4.996001477799173 5.04552905739526 5.143271411911835 5.153825111660842 5.228210820612709 5.298535819794142 5.31174735713269 5.385513206550821 5.4602581680064075 5.573730586029703 5.773797918264413 5.792791364032899 5.836486043915142 5.890006379273772 5.9120660714736575 5.939897710505538 5.967102111285378 6.048128246335802 6.288720337355254 6.2949167119641425 6.304056343603276 6.354248688935408 6.371440154217264 6.492091036090382 6.500069280411019 6.54058063372169 6.90182008005481 6.947326381209633 7.000000000000004 7.000000000000006 7.092770697236135 7.170313381818532 7.1820133469637355 7.186647459169105 7.245426551900254 7.295021153339579 7.362166664913195 7.445393415080301 7.6394863680435705 7.720409625691922 7.759234591628798 7.759737063849641 7.775109022212694 7.7798471785062215 7.826120430667322 7.851805421399953 7.862619819505485 7.929596311745488 7.9312054621063295 8.034325431165612 8.100847872058296 8.14051358241058 8.509725355985772 8.575358349410493 8.696077163447717 8.882454841735646 8.945967204183013 8.987520038625522 8.999999999999986 8.99999999999999 8.999999999999991 8.999999999999998 8.999999999999998 8.999999999999998 9.000000000000004 9.000000000000007 9.04721649245365 9.301667697220264 9.350087172902242 9.511898227630727 9.516413233573072 9.605523785476406 9.631973201809467 9.660118490247465 9.80051499689596 9.855496026275285 9.871034744557775 10.162003636937646 10.222732301669565 10.255739536330196 10.279934770542324 10.281225818653073 10.433951927817795 10.54951141530103 10.56803712244248 10.856637618869968 10.898552176648433 11.015733434390738 11.15801076153127 11.205450073909013 11.257584422492819 11.436492932511943 11.479528651964738 11.519920073044604 11.645751311064592 11.700492491317965 11.717925185283109 11.786253377820398 11.798241801925856 11.888920869951098 11.930291911517855 11.999999999999972 12.000000000000005 12.165882138046877 12.228902813300639 12.280125244639946 12.421394156288725 12.532642478746933 12.598556932676805 12.645473413166739 12.86505554626445 12.880111022966137 12.882012971135678 12.909172939370674 12.93188565435451 13.041558642277382 13.118356546024701 13.132312480784169 13.158919757163293 13.176864670933977 13.414001544680058 13.437419073291508 13.60939239995749 13.681322403208712 13.743251052265991 13.882168714451572 
1 0 0 2.9138698023485077 4.0 4.35424868893541 4.999999999999998 4.999999999999999 4.999999999999999 4.999999999999999 4.999999999999999 5.0 5.0 5.000000000000002 5.571993268316203 6.0 6.999999999999996 6.9999999999999964 6.999999999999998 6.999999999999998 6.999999999999999 7.0 7.0 7.0 7.000000000000002 7.000000000000002 7.000000000000002 7.000000000000002 7.000000000000007 7.514136929335292 9.645751311064588 9.999999999999996 
1 -1 0 2.9138698023485077 4.0 4.35424868893541 4.999999999999998 4.999999999999999 4.999999999999999 4.999999999999999 4.999999999999999 5.0 5.0 5.000000000000002 5.571993268316203 6.0 6.999999999999996 6.9999999999999964 6.999999999999998 6.999999999999998 6.999999999999999 7.0 7.0 7.0 7.000000000000002 7.000000000000002 7.000000000000002 7.000000000000002 7.000000000000007 7.514136929335292 9.645751311064588 9.999999999999996 
0 8 0 4.0 6.0 
0 7 0 4.0 6.0 
0 6 0 0.9963111310403683 2.4298235848031284 2.583257124371414 3.1143372753540026 3.3312440604764557 4.156726147460348 4.339322239885766 4.381966011250105 4.410527812654803 4.732789176413267 4.780910501998365 5.064567668029971 5.066345456518843 5.342014532735196 5.785313141260887 6.108097535628743 6.400091678573853 6.550161525993058 6.618033988749893 6.73565049307894 6.767466336125518 6.956011779069174 7.228752208087882 7.769049090015591 8.000000000000002 8.08110980812234 8.17241337257263 8.462598422974773 8.650195011329144 9.408649116540227 9.472833908995257 9.609179958234085 9.657551402217196 10.273455823757155 10.284342235457334 10.952794722650621 11.096814019475369 11.151321143116329 11.312694608728833 11.312968711028967 11.677418656579029 11.717333868691902 11.855176993468032 11.898195649719634 11.925134268921049 11.999999999999993 11.999999999999995 12.000000000000004 12.673057398303328 12.705990399541186 
0 5 0 0.9963111310403683 2.4298235848031284 2.583257124371414 3.1143372753540026 3.3312440604764557 4.156726147460348 4.339322239885766 4.381966011250105 4.410527812654803 4.732789176413267 4.780910501998365 5.064567668029971 5.066345456518843 5.342014532735196 5.785313141260887 6.108097535628743 6.400091678573853 6.550161525993058 6.618033988749893 6.73565049307894 6.767466336125518 6.956011779069174 7.228752208087882 7.769049090015591 8.000000000000002 8.08110980812234 8.17241337257263 8.462598422974773 8.650195011329144 9.408649116540227 9.472833908995257 9.609179958234085 9.657551402217196 10.273455823757155 10.284342235457334 10.952794722650621 11.096814019475369 11.151321143116329 11.312694608728833 11.312968711028967 11.677418656579029 11.717333868691902 11.855176993468032 11.898195649719634 11.925134268921049 11.999999999999993 11.999999999999995 12.000000000000004 12.673057398303328 12.705990399541186 
0 4 1 -1.7763568394002505e-15 1.0361669707709813 1.132542887774203 1.2162831861614085 1.6313019260118258 1.8084052745531098 2.033118149151499 2.232597670595907 2.4278147258445126 2.6500551106553627 3.0011858905056297 3.1201264302106453 3.157221237796358 3.3018252292797037 3.417038970653575 3.4773131919327582 3.5432255997653477 3.6492843722852824 3.752293948436368 3.773165462644737 3.9596668913272293 4.088152250637851 4.148798456764695 4.185947034086336 4.248958639747733 4.468622332736498 4.572298821699204 4.752443711505012 4.799318974926587 4.849848127353551 4.8929551364872825 4.960811965218725 5.059450455536242 5.126812448533751 5.193054233585028 5.223472632152587 5.227256766078271 5.322496003660963 5.328851131692125 5.420881925495217 5.5121871553913255 5.68601372887223 5.7032125578907396 5.8204541721169045 5.912881482055468 5.995151565333957 6.0721448097672575 6.274695658317466 6.3167238713715355 6.4363642973346264 6.54821028993493 6.7470130025429365 6.972766040808662 7.010167161789076 7.132217737793083 7.628958944126345 7.698230422818531 7.742598587021212 7.928060590065125 8.12128309232638 8.233479393533788 8.302125018695724 8.526456991078046 8.543467975951163 8.622695100209206 8.649531106922929 8.777774203058451 8.801871338179184 8.821916669727223 8.951548561023234 8.983340320121115 9.171819792310592 9.463928237501797 9.498173040092926 9.630003544909613 9.663038712998148 9.848306832061656 9.901605357628576 10.034272587991447 10.222498040964537 10.251669572989753 10.388195715402249 10.411853996707773 10.629226752880674 10.7593334283308 10.77728724485522 10.849785432184035 10.889118863387038 10.952517148150068 11.01458971334759 11.088964305950311 11.224209055317603 11.241423426389227 11.445613309631357 11.496241839578735 11.551623901044483 11.652891119597326 11.731886392324467 11.868271724824229 11.91219088285523 11.961872917965085 12.000000000000004 12.00000000000001 12.29622117859205 12.478434125985569 12.565460405389823 12.635143044825137 12.694146765331633 12.76582226517066 12.892893587373631 12.900646191323558 12.914746873821784 12.948511122631214 12.949876041251809 12.999999999999991 13.000000000000002 13.058831730311883 13.119101353591226 13.161161728082671 13.233026958692077 13.32288160233181 13.324845557598643 13.330914058216063 13.372186775092018 13.424275638969785 13.458967316563362 13.483964971939976 13.581305308920186 13.59573553803087 13.608733827814888 13.612909411103693 13.795177314486118 13.866286677024679 13.999999999999986 13.999999999999993 14.000000000000007 14.000000000000009 14.000000000000014 14.028397221495101 14.059088626433766 14.389196679293292 14.49621108177591 14.594915257965793 14.777236305475745 14.830703080810629 14.863814898060141 15.318636698581184 15.38546304263601 15.727030830324038 15.735637871956914 15.745288311365927 15.752151246290026 15.85188262542121 15.8551199410431 
0 3 1 -1.7763568394002505e-15 1.0361669707709813 1.132542887774203 1.2162831861614085 1.6313019260118258 1.8084052745531098 2.033118149151499 2.232597670595907 2.4278147258445126 2.6500551106553627 3.0011858905056297 3.1201264302106453 3.157221237796358 3.3018252292797037 3.417038970653575 3.4773131919327582 3.5432255997653477 3.6492843722852824 3.752293948436368 3.773165462644737 3.9596668913272293 4.088152250637851 4.148798456764695 4.185947034086336 4.248958639747733 4.468622332736498 4.572298821699204 4.752443711505012 4.799318974926587 4.849848127353551 4.8929551364872825 4.960811965218725 5.059450455536242 5.126812448533751 5.193054233585028 5.223472632152587 5.227256766078271 5.322496003660963 5.328851131692125 5.420881925495217 5.5121871553913255 5.68601372887223 5.7032125578907396 5.8204541721169045 5.912881482055468 5.995151565333957 6.0721448097672575 6.274695658317466 6.3167238713715355 6.4363642973346264 6.54821028993493 6.7470130025429365 6.972766040808662 7.010167161789076 7.132217737793083 7.628958944126345 7.698230422818531 7.742598587021212 7.928060590065125 8.12128309232638 8.233479393533788 8.302125018695724 8.526456991078046 8.543467975951163 8.622695100209206 8.649531106922929 8.777774203058451 8.801871338179184 8.821916669727223 8.951548561023234 8.983340320121115 9.171819792310592 9.463928237501797 9.498173040092926 9.630003544909613 9.663038712998148 9.848306832061656 9.901605357628576 10.034272587991447 10.222498040964537 10.251669572989753 10.388195715402249 10.411853996707773 10.629226752880674 10.7593334283308 10.77728724485522 10.849785432184035 10.889118863387038 10.952517148150068 11.01458971334759 11.088964305950311 11.224209055317603 11.241423426389227 11.445613309631357 11.496241839578735 11.551623901044483 11.652891119597326 11.731886392324467 11.868271724824229 11.91219088285523 11.961872917965085 12.000000000000004 12.00000000000001 12.29622117859205 12.478434125985569 12.565460405389823 12.635143044825137 12.694146765331633 12.76582226517066 12.892893587373631 12.900646191323558 12.914746873821784 12.948511122631214 12.949876041251809 12.999999999999991 13.000000000000002 13.058831730311883 13.119101353591226 13.161161728082671 13.233026958692077 13.32288160233181 13.324845557598643 13.330914058216063 13.372186775092018 13.424275638969785 13.458967316563362 13.483964971939976 13.581305308920186 13.59573553803087 13.608733827814888 13.612909411103693 13.795177314486118 13.866286677024679 13.999999999999986 13.999999999999993 14.000000000000007 14.000000000000009 14.000000000000014 14.028397221495101 14.059088626433766 14.389196679293292 14.49621108177591 14.594915257965793 14.777236305475745 14.830703080810629 14.863814898060141 15.318636698581184 15.38546304263601 15.727030830324038 15.735637871956914 15.745288311365927 15.752151246290026 15.85188262542121 15.8551199410431 
0 2 1 8.881784197001252e-15 0.6356405727482405 0.9166635532698421 1.2543133313529182 1.404103780477077 1.4347177511106244 1.5648263803400853 2.1299535312662763 2.1657271845405504 2.264118265790859 2.4591894024895256 2.793495106473044 2.81434606655179 2.8689520489491396 3.1295099578454906 3.194256828785853 3.2647403769398724 3.3401164781985235 3.361537635364405 3.4989712725728848 3.5228785482628058 3.5586288769752956 3.6796559506114135 3.777699960279942 3.8524438270671255 4.021715471830356 4.036279937961221 4.066879097407735 4.1462893964281164 4.33268402589177 4.38717448081277 4.392532092060941 4.439212208617273 4.66832411772066 4.742012638369442 4.802141022245127 4.910731846404457 4.937009506908317 4.9960014777991715 5.116717277690522 5.153825111660846 5.298535819794149 5.311747357132693 5.460258168006405 5.599658668052788 5.773797918264413 5.912066071473655 5.939897710505535 6.0151599695316325 6.0481282463358 6.15592574063839 6.294916711964138 6.371440154217262 6.492091036090381 6.500069280411015 6.5499324942294805 6.642095331907196 6.947326381209634 7.07758471949379 7.170313381818536 7.182013346963734 7.18664745916911 7.22177186623969 7.362166664913196 7.445393415080307 7.6311027234809465 7.679708246384356 7.720409625691924 7.759234591628805 7.779847178506213 7.80857679809723 7.862619819505485 7.898426370155643 7.929596311745484 8.034325431165609 8.066085736573138 8.140513582410579 8.348675578648965 8.50972535598576 8.575358349410495 8.600223250939369 8.945967204183011 9.000000000000002 9.000000000000005 9.047216492453646 9.163071221224959 9.33247355338623 9.350087172902239 9.511898227630725 9.541472766724048 9.631973201809455 9.855496026275281 9.871034744557772 9.983038166949129 10.162003636937657 10.222732301669577 10.226767451044934 10.281225818653073 10.31795638921259 10.433951927817805 10.502183184062476 10.549511415301026 10.898552176648433 10.904277517251263 10.994396692415226 11.43649293251194 11.658649342322668 11.786253377820396 11.888920869951098 11.930291911517859 12.165882138046872 12.22890281330064 12.280125244639953 12.421394156288736 12.429942449557803 12.441630181820592 12.532642478746919 12.598556932676805 12.645473413166732 12.842708799531435 12.865055546264474 12.880111022966117 12.882012971135689 12.909172939370668 12.931885654354497 13.04069948789874 13.041558642277383 13.118356546024659 13.132312480784156 13.158919757163302 13.176864670933975 13.277438916037326 13.414001544680056 13.43741907329151 13.450285123248667 13.594598795203037 13.609392399957475 13.681322403208739 13.743251052265986 13.79668079158761 13.882168714451572 14.0168311336214 14.255930100733602 14.327904575627654 14.529749136820271 14.548876740403038 14.55747749740645 14.588282069808189 14.72679754140454 14.74519754092897 14.886436043267167 15.154341079763924 15.580974402214427 15.703156012038527 
0 1 1 8.881784197001252e-15 0.6356405727482405 0.9166635532698421 1.2543133313529182 1.404103780477077 1.4347177511106244 1.5648263803400853 2.1299535312662763 2.1657271845405504 2.264118265790859 2.4591894024895256 2.793495106473044 2.81434606655179 2.8689520489491396 3.1295099578454906 3.194256828785853 3.2647403769398724 3.3401164781985235 3.361537635364405 3.4989712725728848 3.5228785482628058 3.5586288769752956 3.6796559506114135 3.777699960279942 3.8524438270671255 4.021715471830356 4.036279937961221 4.066879097407735 4.1462893964281164 4.33268402589177 4.38717448081277 4.392532092060941 4.439212208617273 4.66832411772066 4.742012638369442 4.802141022245127 4.910731846404457 4.937009506908317 4.9960014777991715 5.116717277690522 5.153825111660846 5.298535819794149 5.311747357132693 5.460258168006405 5.599658668052788 5.773797918264413 5.912066071473655 5.939897710505535 6.0151599695316325 6.0481282463358 6.15592574063839 6.294916711964138 6.371440154217262 6.492091036090381 6.500069280411015 6.5499324942294805 6.642095331907196 6.947326381209634 7.07758471949379 7.170313381818536 7.182013346963734 7.18664745916911 7.22177186623969 7.362166664913196 7.445393415080307 7.6311027234809465 7.679708246384356 7.720409625691924 7.759234591628805 7.779847178506213 7.80857679809723 7.862619819505485 7.898426370155643 7.929596311745484 8.034325431165609 8.066085736573138 8.140513582410579 8.348675578648965 8.50972535598576 8.575358349410495 8.600223250939369 8.945967204183011 9.000000000000002 9.000000000000005 9.047216492453646 9.163071221224959 9.33247355338623 9.350087172902239 9.511898227630725 9.541472766724048 9.631973201809455 9.855496026275281 9.871034744557772 9.983038166949129 10.162003636937657 10.222732301669577 10.226767451044934 10.281225818653073 10.31795638921259 10.433951927817805 10.502183184062476 10.549511415301026 10.898552176648433 10.904277517251263 10.994396692415226 11.43649293251194 11.658649342322668 11.786253377820396 11.888920869951098 11.930291911517859 12.165882138046872 12.22890281330064 12.280125244639953 12.421394156288736 12.429942449557803 12.441630181820592 12.532642478746919 12.598556932676805 12.645473413166732 12.842708799531435 12.865055546264474 12.880111022966117 12.882012971135689 12.909172939370668 12.931885654354497 13.04069948789874 13.041558642277383 13.118356546024659 13.132312480784156 13.158919757163302 13.176864670933975 13.277438916037326 13.414001544680056 13.43741907329151 13.450285123248667 13.594598795203037 13.609392399957475 13.681322403208739 13.743251052265986 13.79668079158761 13.882168714451572 14.0168311336214 14.255930100733602 14.327904575627654 14.529749136820271 14.548876740403038 14.55747749740645 14.588282069808189 14.72679754140454 14.74519754092897 14.886436043267167 15.154341079763924 15.580974402214427 15.703156012038527 
0 0 0 0.4498008838919027 1.2722203325523245 1.5509166237306709 2.046574330192922 2.349512904374329 2.776365426342016 2.913869802348506 2.9138698023485072 3.2284486219600996 3.8736775463366864 3.9470407460696046 4.000000000000005 4.354248688935417 4.702032103501867 4.999999999999998 5.000000000000002 5.000000000000003 5.000000000000007 5.221980704915527 5.559575132614375 5.571993268316202 5.571993268316202 5.9403745971340225 5.999999999999995 5.999999999999995 6.497788500495656 6.9999999999999964 6.9999999999999964 6.999999999999998 6.999999999999999 6.999999999999999 7.0 7.000000000000001 7.000000000000002 7.0000000000000036 7.0000000000000036 7.000000000000004 7.000000000000006 7.514136929335288 7.514136929335291 7.725606813324441 8.000000000000002 9.645751311064597 9.824351706948287 9.948446408537908 9.999999999999986 10.979490964772841 11.205191328714855 11.28552293381157 11.61508138977811 
0 -1 0 0.4498008838919027 1.2722203325523245 1.5509166237306709 2.046574330192922 2.349512904374329 2.776365426342016 2.913869802348506 2.9138698023485072 3.2284486219600996 3.8736775463366864 3.9470407460696046 4.000000000000005 4.354248688935417 4.702032103501867 4.999999999999998 5.000000000000002 5.000000000000003 5.000000000000007 5.221980704915527 5.559575132614375 5.571993268316202 5.571993268316202 5.9403745971340225 5.999999999999995 5.999999999999995 6.497788500495656 6.9999999999999964 6.9999999999999964 6.999999999999998 6.999999999999999 6.999999999999999 7.0 7.000000000000001 7.000000000000002 7.0000000000000036 7.0000000000000036 7.000000000000004 7.000000000000006 7.514136929335288 7.514136929335291 7.725606813324441 8.000000000000002 9.645751311064597 9.824351706948287 9.948446408537908 9.999999999999986 10.979490964772841 11.205191328714855 11.28552293381157 11.61508138977811 
-1 6 0 4.381966011250104 5.06456766802997 6.618033988749899 8.000000000000002 8.462598422974775 9.472833908995254 
-1 5 0 4.381966011250104 5.06456766802997 6.618033988749899 8.000000000000002 8.462598422974775 9.472833908995254 
-1 4 0 1.6313019260118178 2.0331181491515133 3.120126430210661 3.477313191932765 3.773165462644751 4.248958639747735 4.468622332736491 4.849848127353549 5.193054233585029 5.223472632152593 5.255173922318078 5.820454172116906 5.912881482055466 5.995151565333947 7.698230422818519 8.12128309232637 8.6226951002092 8.777774203058462 8.801871338179193 8.95154856102325 9.395931860181205 9.663038712998151 10.034272587991442 10.222498040964549 10.348894217500714 11.000000000000004 11.000000000000007 11.241423426389233 11.445613309631351 11.961872917965088 12.296221178592045 12.478434125985565 12.565460405389818 12.694146765331631 12.948511122631205 12.999999999999996 12.999999999999998 13.324845557598632 13.330914058216061 13.458967316563365 13.612909411103681 13.999999999999984 14.000000000000002 14.000000000000004 14.000000000000005 14.000000000000005 
-1 3 0 1.6313019260118178 2.0331181491515133 3.120126430210661 3.477313191932765 3.773165462644751 4.248958639747735 4.468622332736491 4.849848127353549 5.193054233585029 5.223472632152593 5.255173922318078 5.820454172116906 5.912881482055466 5.995151565333947 7.698230422818519 8.12128309232637 8.6226951002092 8.777774203058462 8.801871338179193 8.95154856102325 9.395931860181205 9.663038712998151 10.034272587991442 10.222498040964549 10.348894217500714 11.000000000000004 11.000000000000007 11.241423426389233 11.445613309631351 11.961872917965088 12.296221178592045 12.478434125985565 12.565460405389818 12.694146765331631 12.948511122631205 12.999999999999996 12.999999999999998 13.324845557598632 13.330914058216061 13.458967316563365 13.612909411103681 13.999999999999984 14.000000000000002 14.000000000000004 14.000000000000005 14.000000000000005 
-1 2 0 0.635640572748209 1.2543133313529016 1.56482638034008 2.1299535312662856 2.165727184540544 2.264118265790844 2.5912590334924857 2.7934951064730225 3.194256828785842 3.340116478198521 3.498971272572892 3.67965595061139 3.7776999602799344 4.036279937961216 4.055536162693612 4.066879097407731 4.3470389376009395 4.3871744808127575 4.742012638369447 4.937009506908317 5.116717277690531 5.14381237783016 5.599658668052779 5.8067898330009955 6.015159969531636 6.155925740638388 6.549932494229479 6.642095331907193 7.077584719493795 7.22177186623969 7.247923541523086 7.631102723480949 7.679708246384357 7.808576798097233 7.898426370155644 8.06608573657314 8.34867557864897 8.600223250939365 8.975762267065312 9.163071221224964 9.332473553386233 9.541472766724048 9.983038166949132 10.226767451044926 10.317956389212606 10.431869836800642 10.502183184062469 10.904277517251261 10.99439669241522 11.0 11.000000000000004 11.658649342322665 12.429942449557828 12.441630181820573 12.84270879953144 12.953244735136341 13.040699487898747 13.147800515001833 13.277438916037298 13.357190600877889 13.450285123248678 13.594598795203037 13.776554312248203 13.796680791587631 14.016831133621407 14.255930100733572 14.327904575627665 14.52974913682027 14.548876740403028 14.55747749740645 14.588282069808198 14.726797541404554 14.745197540928968 14.886436043267189 15.154341079763919 15.16521784672849 15.580974402214434 15.703156012038514 15.999999999999998 16.0 
-1 1 0 0.635640572748209 1.2543133313529016 1.56482638034008 2.1299535312662856 2.165727184540544 2.264118265790844 2.5912590334924857 2.7934951064730225 3.194256828785842 3.340116478198521 3.498971272572892 3.67965595061139 3.7776999602799344 4.036279937961216 4.055536162693612 4.066879097407731 4.3470389376009395 4.3871744808127575 4.742012638369447 4.937009506908317 5.116717277690531 5.14381237783016 5.599658668052779 5.8067898330009955 6.015159969531636 6.155925740638388 6.549932494229479 6.642095331907193 7.077584719493795 7.22177186623969 7.247923541523086 7.631102723480949 7.679708246384357 7.808576798097233 7.898426370155644 8.06608573657314 8.34867557864897 8.600223250939365 8.975762267065312 9.163071221224964 9.332473553386233 9.541472766724048 9.983038166949132 10.226767451044926 10.317956389212606 10.431869836800642 10.502183184062469 10.904277517251261 10.99439669241522 11.0 11.000000000000004 11.658649342322665 12.429942449557828 12.441630181820573 12.84270879953144 12.953244735136341 13.040699487898747 13.147800515001833 13.277438916037298 13.357190600877889 13.450285123248678 13.594598795203037 13.776554312248203 13.796680791587631 14.016831133621407 14.255930100733572 14.327904575627665 14.52974913682027 14.548876740403028 14.55747749740645 14.588282069808198 14.726797541404554 14.745197540928968 14.886436043267189 15.154341079763919 15.16521784672849 15.580974402214434 15.703156012038514 15.999999999999998 16.0 
-1 0 0 0.44980088389190764 1.2722203325523247 1.5509166237306675 1.9306042296560666 2.046574330192924 2.18037300710308 2.3495129043743224 2.776365426342015 2.913869802348507 3.2284486219601005 3.2690247230646867 3.553091970087082 3.873677546336686 3.9470407460696073 3.9548540759500534 4.586779250430184 4.702032103501868 5.221980704915532 5.559575132614372 5.5719932683162 5.660203597523705 5.937141893274142 5.940374597134018 6.000000000000002 6.20089199718636 6.4977885004956555 6.999999999999996 6.9999999999999964 6.999999999999999 6.999999999999999 7.514136929335293 7.725606813324439 7.999999999999996 7.999999999999997 8.264382016009815 9.824351706948281 9.948446408537915 10.966444789549232 10.979490964772838 11.205191328714848 11.285522933811562 11.615081389778114 11.910571152732825 12.629622584691685 12.964265080922576 12.991749631818509 
-1 -1 0 0.44980088389190764 1.2722203325523247 1.5509166237306675 1.9306042296560666 2.046574330192924 2.18037300710308 2.3495129043743224 2.776365426342015 2.913869802348507 3.2284486219601005 3.2690247230646867 3.553091970087082 3.873677546336686 3.9470407460696073 3.9548540759500534 4.586779250430184 4.702032103501868 5.221980704915532 5.559575132614372 5.5719932683162 5.660203597523705 5.937141893274142 5.940374597134018 6.000000000000002 6.20089199718636 6.4977885004956555 6.999999999999996 6.9999999999999964 6.999999999999999 6.999999999999999 7.514136929335293 7.725606813324439 7.999999999999996 7.999999999999997 8.264382016009815 9.824351706948281 9.948446408537915 10.966444789549232 10.979490964772838 11.205191328714848 11.285522933811562 11.615081389778114 11.910571152732825 12.629622584691685 12.964265080922576 12.991749631818509 
-1 -2 0 0.8299135133739662 1.9999999999999998 2.688892182534019 4.0 4.000000000000001 4.481194304092016 
0 -2 0 2.0 4.0 
-1 -3 0 0.8299135133739662 1.9999999999999998 2.688892182534019 4.0 4.000000000000001 4.481194304092016 
0 -3 0 2.0 4.0 
-2 4 0 5.255173922318076 9.395931860181204 10.348894217500712 10.999999999999996 10.999999999999998 
-2 3 0 5.255173922318076 9.395931860181204 10.348894217500712 10.999999999999996 10.999999999999998 
-2 2 0 2.5912590334924834 4.055536162693616 4.347038937600938 5.143812377830166 5.806789833000994 7.247923541523085 8.975762267065333 10.431869836800642 10.999999999999995 11.0 12.95324473513635 13.000000000000002 13.147800515001856 13.357190600877889 13.776554312248203 15.165217846728492 16.000000000000004 16.000000000000004 
-2 1 0 2.5912590334924834 4.055536162693616 4.347038937600938 5.143812377830166 5.806789833000994 7.247923541523085 8.975762267065333 10.431869836800642 10.999999999999995 11.0 12.95324473513635 13.000000000000002 13.147800515001856 13.357190600877889 13.776554312248203 15.165217846728492 16.000000000000004 16.000000000000004 
-2 0 0 1.930604229656074 2.1803730071030776 3.269024723064686 3.5530919700870816 3.9548540759500534 4.586779250430182 5.660203597523707 5.937141893274141 6.200891997186358 6.594875162046671 8.000000000000002 8.26438201600981 10.966444789549236 11.910571152732828 12.629622584691667 12.96426508092258 12.991749631818523 14.405124837953322 
-2 -1 0 1.930604229656074 2.1803730071030776 3.269024723064686 3.5530919700870816 3.9548540759500534 4.586779250430182 5.660203597523707 5.937141893274141 6.200891997186358 6.594875162046671 8.000000000000002 8.26438201600981 10.966444789549236 11.910571152732828 12.629622584691667 12.96426508092258 12.991749631818523 14.405124837953322 
-2 -2 0 0.8299135133739649 2.6888921825340186 4.0 4.481194304092016 4.999999999999999 
-2 -3 0 0.8299135133739649 2.6888921825340186 4.0 4.481194304092016 4.999999999999999 
-3 2 0 13.0 
-3 1 0 13.0 
-3 0 0 6.594875162046673 14.405124837953327 
-3 -1 0 6.594875162046673 14.405124837953327 
-3 -2 0 5.0 
-3 -3 0 5.0 
