3 11 0 1.0 
4 11 0 1.0 
3 10 0 1.0 
4 10 0 1.0 
3 9 1 2.220446049250313e-16 1.186393497351669 1.3819660112501053 2.381966011250105 3.0000000000000013 3.4706834198711607 3.6180339887498953 4.618033988749895 5.342923082777169 
4 9 0 1.1863934973516683 3.0 3.4706834198711616 5.342923082777168 
3 8 1 2.220446049250313e-16 1.186393497351669 1.3819660112501053 2.381966011250105 3.0000000000000013 3.4706834198711607 3.6180339887498953 4.618033988749895 5.342923082777169 
4 8 0 1.1863934973516683 3.0 3.4706834198711616 5.342923082777168 
3 7 0 0.4335165089206187 0.8077485374632409 1.9279347515763166 2.0382434481107716 2.5534222627888603 2.942944585155428 3.2059742997490934 3.493006787549687 3.680308765196751 3.999999999999999 4.3367056903435435 4.443928529404521 4.522508505477602 4.999999999999998 5.190511681751435 5.281183622030844 5.477491494522401 7.101305354755071 7.238081752578193 7.597724687762324 7.765702182974079 7.9617565518892235 
4 7 0 2.038243448110774 4.0 4.522508505477602 5.000000000000001 5.4774914945224 7.961756551889225 
3 6 0 0.4335165089206187 0.8077485374632409 1.9279347515763166 2.0382434481107716 2.5534222627888603 2.942944585155428 3.2059742997490934 3.493006787549687 3.680308765196751 3.999999999999999 4.3367056903435435 4.443928529404521 4.522508505477602 4.999999999999998 5.190511681751435 5.281183622030844 5.477491494522401 7.101305354755071 7.238081752578193 7.597724687762324 7.765702182974079 7.9617565518892235 
4 6 0 2.038243448110774 4.0 4.522508505477602 5.000000000000001 5.4774914945224 7.961756551889225 
3 5 0 1.089944569553393 1.6879141339486683 2.6013927042199234 2.8652404350315814 3.6570769172228297 3.8100287747843113 3.935307182326563 4.000000000000001 4.673617055600558 4.747973529960622 5.388087092191884 5.52931658012884 5.666770744061291 6.0 6.0 6.0 6.000000000000003 7.813606502648328 7.972936674721221 8.38963665456864 8.391269297146861 8.77988115188448 
4 5 0 3.6570769172228292 5.52931658012884 6.0 7.813606502648328 
3 4 0 1.089944569553393 1.6879141339486683 2.6013927042199234 2.8652404350315814 3.6570769172228297 3.8100287747843113 3.935307182326563 4.000000000000001 4.673617055600558 4.747973529960622 5.388087092191884 5.52931658012884 5.666770744061291 6.0 6.0 6.0 6.000000000000003 7.813606502648328 7.972936674721221 8.38963665456864 8.391269297146861 8.77988115188448 
4 4 0 3.6570769172228292 5.52931658012884 6.0 7.813606502648328 
3 3 0 2.2907246405630772 2.8299135133739663 4.688892182534017 4.806063433525371 6.0 6.0 6.0 6.481194304092015 6.903211925911557 
4 3 0 6.0 
3 2 0 2.2907246405630772 2.8299135133739663 4.688892182534017 4.806063433525371 6.0 6.0 6.0 6.481194304092015 6.903211925911557 
4 2 0 6.0 
2 9 0 1.381966011250105 2.381966011250105 3.618033988749894 4.618033988749894 
2 8 0 1.381966011250105 2.381966011250105 3.618033988749894 4.618033988749894 
2 7 0 0.43351650892062005 0.8077485374632369 1.9279347515763188 2.186393497351667 2.5534222627888625 2.942944585155428 3.2059742997490943 3.4930067875496875 3.680308765196751 4.000000000000002 4.336705690343544 4.443928529404523 4.470683419871161 5.190511681751431 5.281183622030842 6.0 6.34292308277717 6.999999999999998 7.101305354755069 7.238081752578194 7.597724687762325 7.765702182974074 
2 6 0 0.43351650892062005 0.8077485374632369 1.9279347515763188 2.186393497351667 2.5534222627888625 2.942944585155428 3.2059742997490943 3.4930067875496875 3.680308765196751 4.000000000000002 4.336705690343544 4.443928529404523 4.470683419871161 5.190511681751431 5.281183622030842 6.0 6.34292308277717 6.999999999999998 7.101305354755069 7.238081752578194 7.597724687762325 7.765702182974074 
2 5 1 8.557181612502214e-16 1.089944569553392 1.6879141339486667 1.9492843053388618 2.6013927042199216 2.865240435031582 2.999999999999999 3.298437881283573 3.2984378812835757 3.2984378812835775 3.810028774784313 3.935307182326562 3.999999999999999 4.508631053371514 4.673617055600559 4.697224362268006 4.747973529960625 5.388087092191887 5.666770744061293 5.999999999999993 5.999999999999996 6.000000000000001 6.000000000000002 6.000000000000002 6.000000000000003 6.000000000000011 7.972936674721217 8.109402935378382 8.302775637731996 8.389636654568646 8.39126929714686 8.432681705911238 8.77988115188448 9.701562118716417 9.70156211871642 9.701562118716426 
2 4 1 8.557181612502214e-16 1.089944569553392 1.6879141339486667 1.9492843053388618 2.6013927042199216 2.865240435031582 2.999999999999999 3.298437881283573 3.2984378812835757 3.2984378812835775 3.810028774784313 3.935307182326562 3.999999999999999 4.508631053371514 4.673617055600559 4.697224362268006 4.747973529960625 5.388087092191887 5.666770744061293 5.999999999999993 5.999999999999996 6.000000000000001 6.000000000000002 6.000000000000002 6.000000000000003 6.000000000000011 7.972936674721217 8.109402935378382 8.302775637731996 8.389636654568646 8.39126929714686 8.432681705911238 8.77988115188448 9.701562118716417 9.70156211871642 9.701562118716426 
2 3 0 1.7724919438225704 1.9286065718251528 2.290724640563076 2.829913513373968 3.6540746867528635 3.8173015648893545 4.610224943070541 4.667278730121154 4.68889218253402 4.806063433525372 5.0 5.000000000000002 5.999999999999996 6.000000000000002 6.000000000000002 6.362636650172196 6.481194304092014 6.64615447236981 6.903211925911553 7.203697721828226 7.600571776181829 7.736960938966308 
2 2 0 1.7724919438225704 1.9286065718251528 2.290724640563076 2.829913513373968 3.6540746867528635 3.8173015648893545 4.610224943070541 4.667278730121154 4.68889218253402 4.806063433525372 5.0 5.000000000000002 5.999999999999996 6.000000000000002 6.000000000000002 6.362636650172196 6.481194304092014 6.64615447236981 6.903211925911553 7.203697721828226 7.600571776181829 7.736960938966308 
2 1 0 4.0 4.0 4.0 4.0 
3 1 0 4.0 
2 0 0 4.0 4.0 4.0 4.0 
3 0 0 4.0 
1 7 0 2.1863934973516685 4.000000000000001 4.47068341987116 5.999999999999999 6.342923082777168 6.999999999999998 
1 6 0 2.1863934973516685 4.000000000000001 4.47068341987116 5.999999999999999 6.342923082777168 6.999999999999998 
1 5 0 1.9492843053388653 1.9999999999999971 3.0000000000000004 3.298437881283572 3.2984378812835744 3.298437881283576 4.5086310533715075 4.697224362268005 5.999999999999997 5.999999999999998 5.999999999999999 6.000000000000001 6.000000000000003 7.999999999999999 8.000000000000002 8.000000000000004 8.109402935378387 8.302775637731992 8.432681705911245 9.701562118716422 9.701562118716428 9.701562118716428 
1 4 0 1.9492843053388653 1.9999999999999971 3.0000000000000004 3.298437881283572 3.2984378812835744 3.298437881283576 4.5086310533715075 4.697224362268005 5.999999999999997 5.999999999999998 5.999999999999999 6.000000000000001 6.000000000000003 7.999999999999999 8.000000000000002 8.000000000000004 8.109402935378387 8.302775637731992 8.432681705911245 9.701562118716422 9.701562118716428 9.701562118716428 
1 3 0 1.772491943822567 1.928606571825154 2.136470653511554 3.6540746867528617 3.817301564889351 4.4384471871911675 4.61022494307054 4.667278730121152 4.7234649538373725 4.999999999999995 4.999999999999999 5.0 5.9999999999999964 6.362636650172197 6.646154472369811 7.203697721828221 7.6005717761818286 7.736960938966305 8.228368410974035 8.561552812808824 8.911695981677036 9.999999999999998 
1 2 0 1.772491943822567 1.928606571825154 2.136470653511554 3.6540746867528617 3.817301564889351 4.4384471871911675 4.61022494307054 4.667278730121152 4.7234649538373725 4.999999999999995 4.999999999999999 5.0 5.9999999999999964 6.362636650172197 6.646154472369811 7.203697721828221 7.6005717761818286 7.736960938966305 8.228368410974035 8.561552812808824 8.911695981677036 9.999999999999998 
1 1 0 4.0 4.0 4.0 4.0 4.0 4.0 
1 0 0 4.0 4.0 4.0 4.0 4.0 4.0 
0 5 0 2.0000000000000036 6.0 8.0 8.0 8.000000000000004 
0 4 0 2.0000000000000036 6.0 8.0 8.0 8.000000000000004 
0 3 1 3.608224830031759e-16 2.1364706535115543 4.438447187191168 4.723464953837377 4.999999999999999 8.228368410974042 8.56155281280883 8.911695981677031 10.0 10.000000000000002 
0 2 1 3.608224830031759e-16 2.1364706535115543 4.438447187191168 4.723464953837377 4.999999999999999 8.228368410974042 8.56155281280883 8.911695981677031 10.0 10.000000000000002 
0 1 1 1.5449880957918438e-18 3.999999999999999 4.0 4.0 5.0 
0 0 1 1.5449880957918438e-18 3.999999999999999 4.0 4.0 5.0 
-1 3 0 10.0 
-1 2 0 10.0 
-1 1 0 5.0 
-1 0 0 5.0 
