1 1 0 1.7856802566224665 3.0 4.539188872810889 5.0 5.675130870566647 5.999999999999999 
2 1 0 6.0 
1 0 0 1.7856802566224665 3.0 4.539188872810889 5.0 5.675130870566647 5.999999999999999 
2 0 0 6.0 
1 -1 0 2.1668484948318154 3.319125651717793 3.889150314784465 4.626392829473702 5.476761549089481 6.814636719709111 10.363232160528648 10.52286303143135 10.721531306841202 10.886175268904267 11.213282672688182 12.000000000000002 
2 -1 0 12.0 
1 -2 0 2.1668484948318154 3.319125651717793 3.889150314784465 4.626392829473702 5.476761549089481 6.814636719709111 10.363232160528648 10.52286303143135 10.721531306841202 10.886175268904267 11.213282672688182 12.000000000000002 
2 -2 0 12.0 
0 1 1 -2.7652689699899486e-15 1.7856802566224645 2.0000000000000004 3.000000000000002 4.0 4.000000000000002 4.5391888728108905 5.0 5.0 5.675130870566645 
0 0 1 -2.7652689699899486e-15 1.7856802566224645 2.0000000000000004 3.000000000000002 4.0 4.000000000000002 4.5391888728108905 5.0 5.0 5.675130870566645 
0 -1 1 -9.943623849363423e-15 0.6920352474095962 1.0396982491630475 1.4773610912033615 2.1539501911937973 2.1668484948318123 2.6966218626110776 2.9016521565885327 3.222209285717571 3.319125651717794 3.7331934188049885 3.8891503147844664 4.410036984504612 4.578094389372069 4.6263928294737005 5.0000000000000036 5.3589688298911105 5.4767615490894865 6.397292458335352 6.8146367197091084 7.000000000000001 7.293895321267529 7.5875124024069605 8.388441673271736 8.902612629606647 9.16052363957411 9.304239486003283 9.359925347636993 9.574236997766091 9.767498337671537 10.363232160528648 10.522863031431351 10.721531306841197 10.886175268904267 11.213282672688191 
0 -2 1 -9.943623849363423e-15 0.6920352474095962 1.0396982491630475 1.4773610912033615 2.1539501911937973 2.1668484948318123 2.6966218626110776 2.9016521565885327 3.222209285717571 3.319125651717794 3.7331934188049885 3.8891503147844664 4.410036984504612 4.578094389372069 4.6263928294737005 5.0000000000000036 5.3589688298911105 5.4767615490894865 6.397292458335352 6.8146367197091084 7.000000000000001 7.293895321267529 7.5875124024069605 8.388441673271736 8.902612629606647 9.16052363957411 9.304239486003283 9.359925347636993 9.574236997766091 9.767498337671537 10.363232160528648 10.522863031431351 10.721531306841197 10.886175268904267 11.213282672688191 
0 -3 0 0.24481533180160578 1.1954041034383196 1.4000163377872634 1.8096009294394932 2.4225877460878023 2.687843907560782 3.1898164720086064 3.233564516147294 3.2530011504520524 3.713087297468292 4.375205287716301 4.690682796849891 5.223711425082768 6.217730236798806 6.5351286883386885 6.6953392435067185 7.0583137027775065 7.384080250501528 7.7907104657244926 7.834523538052954 8.282823863308801 9.000000000000004 9.48361162054391 9.489179388095483 9.6614146755283 9.778358980639272 9.999999999999998 10.000000000000002 10.056582421943691 10.330417170706333 10.788790553945898 11.087739785902684 11.527349173037457 11.68733608203825 11.8712328567688 
1 -3 0 3.233564516147295 8.2828238633088 9.0 9.483611620543911 9.999999999999998 10.0 
0 -4 0 0.24481533180160578 1.1954041034383196 1.4000163377872634 1.8096009294394932 2.4225877460878023 2.687843907560782 3.1898164720086064 3.233564516147294 3.2530011504520524 3.713087297468292 4.375205287716301 4.690682796849891 5.223711425082768 6.217730236798806 6.5351286883386885 6.6953392435067185 7.0583137027775065 7.384080250501528 7.7907104657244926 7.834523538052954 8.282823863308801 9.000000000000004 9.48361162054391 9.489179388095483 9.6614146755283 9.778358980639272 9.999999999999998 10.000000000000002 10.056582421943691 10.330417170706333 10.788790553945898 11.087739785902684 11.527349173037457 11.68733608203825 11.8712328567688 
1 -4 0 3.233564516147295 8.2828238633088 9.0 9.483611620543911 9.999999999999998 10.0 
-1 1 0 2.0 4.0 4.0 4.0 5.0 
-1 0 0 2.0 4.0 4.0 4.0 5.0 
-1 -1 0 0.6920352474095985 1.0396982491630442 1.477361091203358 2.1073924935371577 2.1539501911938044 2.6966218626110767 2.9016521565885354 3.222209285717568 3.223218292692554 3.733193418804986 4.0 4.410036984504616 4.41994197630721 4.578094389372071 4.999999999999999 5.000000000000002 5.358968829891109 6.000000000000001 6.000000000000002 6.0000000000000036 6.397292458335356 6.999999999999999 7.000000000000002 7.1998394475579595 7.293895321267526 7.58751240240696 8.000000000000004 8.049607789905114 8.388441673271734 8.902612629606644 9.160523639574109 9.304239486003285 9.359925347636997 9.574236997766093 9.767498337671539 
-1 -2 0 0.6920352474095985 1.0396982491630442 1.477361091203358 2.1073924935371577 2.1539501911938044 2.6966218626110767 2.9016521565885354 3.222209285717568 3.223218292692554 3.733193418804986 4.0 4.410036984504616 4.41994197630721 4.578094389372071 4.999999999999999 5.000000000000002 5.358968829891109 6.000000000000001 6.000000000000002 6.0000000000000036 6.397292458335356 6.999999999999999 7.000000000000002 7.1998394475579595 7.293895321267526 7.58751240240696 8.000000000000004 8.049607789905114 8.388441673271734 8.902612629606644 9.160523639574109 9.304239486003285 9.359925347636997 9.574236997766093 9.767498337671539 
-1 -3 0 0.24481533180159865 0.765729926163095 1.1954041034383207 1.3772047732316448 1.4000163377872632 1.8096009294394915 2.006005166913144 2.422587746087798 2.5628246756904893 2.672128663540936 2.687843907560779 3.1261787601564923 3.189816472008605 3.253001150452053 3.5315445583367255 3.713087297468297 3.9152931486521605 4.375205287716301 4.452032131090873 4.617726409288943 4.690682796849895 4.800661622431766 4.942488244833574 5.223711425082769 5.337201334004248 5.621105269526818 6.217730236798794 6.34400959883297 6.3901724270659 6.535128688338686 6.652410681873947 6.69533924350672 6.983507165834783 7.058313702777502 7.16400126971007 7.318873445007409 7.384080250501527 7.790710465724486 7.834523538052952 8.000000000000005 9.423997596562968 9.489179388095478 9.661414675528299 9.778358980639268 9.910681679784183 10.056582421943682 10.094973511845264 10.330417170706333 10.355096815606611 10.499483280442641 10.788790553945894 10.8521870185321 10.938511101590521 11.087739785902679 11.343969723449689 11.527349173037452 11.687336082038243 11.8712328567688 11.999999999999993 11.999999999999996 
-1 -4 0 0.24481533180159865 0.765729926163095 1.1954041034383207 1.3772047732316448 1.4000163377872632 1.8096009294394915 2.006005166913144 2.422587746087798 2.5628246756904893 2.672128663540936 2.687843907560779 3.1261787601564923 3.189816472008605 3.253001150452053 3.5315445583367255 3.713087297468297 3.9152931486521605 4.375205287716301 4.452032131090873 4.617726409288943 4.690682796849895 4.800661622431766 4.942488244833574 5.223711425082769 5.337201334004248 5.621105269526818 6.217730236798794 6.34400959883297 6.3901724270659 6.535128688338686 6.652410681873947 6.69533924350672 6.983507165834783 7.058313702777502 7.16400126971007 7.318873445007409 7.384080250501527 7.790710465724486 7.834523538052952 8.000000000000005 9.423997596562968 9.489179388095478 9.661414675528299 9.778358980639268 9.910681679784183 10.056582421943682 10.094973511845264 10.330417170706333 10.355096815606611 10.499483280442641 10.788790553945894 10.8521870185321 10.938511101590521 11.087739785902679 11.343969723449689 11.527349173037452 11.687336082038243 11.8712328567688 11.999999999999993 11.999999999999996 
-1 -5 0 0.7385504511939542 1.0625113789097453 1.357561206276376 1.8437625541606748 2.3325496760836257 2.5784359647707995 2.770609011371956 3.0356722974541284 3.2538454595923216 3.522180638627159 3.7917552426929446 4.030482575380918 4.202748200375859 4.24910235787682 4.507221416946476 5.086519357764769 5.562568696183983 5.739758503777421 5.918850714164251 6.563765583629868 6.605367611209271 6.891182925361436 6.980990029835614 7.0876433096920275 7.549419108371468 8.000000000000002 8.43774220426555 8.539700869189735 8.601150685097393 8.768957231161547 9.02567622111055 9.367006674193451 9.58795991570831 9.610140679642162 9.798611247927502 
0 -5 0 1.357561206276374 2.7706090113719557 3.2538454595923163 4.202748200375854 5.739758503777417 6.605367611209271 6.980990029835611 7.54941910837147 7.999999999999998 8.53970086918973 
-1 -6 0 0.7385504511939542 1.0625113789097453 1.357561206276376 1.8437625541606748 2.3325496760836257 2.5784359647707995 2.770609011371956 3.0356722974541284 3.2538454595923216 3.522180638627159 3.7917552426929446 4.030482575380918 4.202748200375859 4.24910235787682 4.507221416946476 5.086519357764769 5.562568696183983 5.739758503777421 5.918850714164251 6.563765583629868 6.605367611209271 6.891182925361436 6.980990029835614 7.0876433096920275 7.549419108371468 8.000000000000002 8.43774220426555 8.539700869189735 8.601150685097393 8.768957231161547 9.02567622111055 9.367006674193451 9.58795991570831 9.610140679642162 9.798611247927502 
0 -6 0 1.357561206276374 2.7706090113719557 3.2538454595923163 4.202748200375854 5.739758503777417 6.605367611209271 6.980990029835611 7.54941910837147 7.999999999999998 8.53970086918973 
-2 1 0 4.0 
-2 0 0 4.0 
-2 -1 0 2.107392493537162 3.2232182926925517 3.9999999999999996 4.419941976307208 5.0 5.999999999999998 6.0 6.0 6.000000000000002 6.000000000000002 7.0 7.1998394475579595 7.999999999999999 8.049607789905114 
-2 -2 0 2.107392493537162 3.2232182926925517 3.9999999999999996 4.419941976307208 5.0 5.999999999999998 6.0 6.0 6.000000000000002 6.000000000000002 7.0 7.1998394475579595 7.999999999999999 8.049607789905114 
-2 -3 0 0.7657299261630947 1.3772047732316475 2.0060051669131442 2.5628246756904933 2.672128663540935 2.903593405048152 3.1261787601564874 3.5315445583367313 3.9066810582869813 3.915293148652162 4.452032131090873 4.617726409288949 4.800661622431776 4.94248824483358 5.048312622913548 5.337201334004251 5.621105269526815 6.160436574899948 6.313818177741067 6.344009598832971 6.390172427065912 6.456996076370569 6.652410681873947 6.983507165834786 7.164001269710074 7.318873445007412 7.9999999999999964 8.072809225294503 8.404554998899643 9.21180325835562 9.423997596562966 9.520994602189987 9.910681679784185 10.0 10.094973511845266 10.355096815606617 10.499483280442643 10.852187018532106 10.938511101590525 11.343969723449696 12.0 12.000000000000004 
-2 -4 0 0.7657299261630947 1.3772047732316475 2.0060051669131442 2.5628246756904933 2.672128663540935 2.903593405048152 3.1261787601564874 3.5315445583367313 3.9066810582869813 3.915293148652162 4.452032131090873 4.617726409288949 4.800661622431776 4.94248824483358 5.048312622913548 5.337201334004251 5.621105269526815 6.160436574899948 6.313818177741067 6.344009598832971 6.390172427065912 6.456996076370569 6.652410681873947 6.983507165834786 7.164001269710074 7.318873445007412 7.9999999999999964 8.072809225294503 8.404554998899643 9.21180325835562 9.423997596562966 9.520994602189987 9.910681679784185 10.0 10.094973511845266 10.355096815606617 10.499483280442643 10.852187018532106 10.938511101590525 11.343969723449696 12.0 12.000000000000004 
-2 -5 0 0.7385504511939542 1.0625113789097438 1.1658780633232926 1.8437625541606688 2.2794242394139026 2.3325496760836235 2.5784359647707946 3.035672297454119 3.227617876466229 3.487224526199246 3.5221806386271584 3.7917552426929446 3.9777698246204496 4.030482575380913 4.249102357876813 4.288744155261414 4.507221416946472 4.967236093493574 5.086519357764764 5.561642917316111 5.562568696183978 5.918850714164251 6.354118598526079 6.563765583629864 6.845586774274427 6.891182925361431 6.927346109933181 7.087643309692027 7.227930956035918 8.437742204265549 8.601150685097386 8.768957231161549 9.025676221110544 9.228730047885056 9.367006674193446 9.587959915708312 9.610140679642159 9.710172713979905 9.798611247927509 10.292847780071428 11.190177730214003 11.267551592985766 
-2 -6 0 0.7385504511939542 1.0625113789097438 1.1658780633232926 1.8437625541606688 2.2794242394139026 2.3325496760836235 2.5784359647707946 3.035672297454119 3.227617876466229 3.487224526199246 3.5221806386271584 3.7917552426929446 3.9777698246204496 4.030482575380913 4.249102357876813 4.288744155261414 4.507221416946472 4.967236093493574 5.086519357764764 5.561642917316111 5.562568696183978 5.918850714164251 6.354118598526079 6.563765583629864 6.845586774274427 6.891182925361431 6.927346109933181 7.087643309692027 7.227930956035918 8.437742204265549 8.601150685097386 8.768957231161549 9.025676221110544 9.228730047885056 9.367006674193446 9.587959915708312 9.610140679642159 9.710172713979905 9.798611247927509 10.292847780071428 11.190177730214003 11.267551592985766 
-2 -7 0 0.964179646267442 1.4750183760683109 1.6379427298854385 2.7279962115783674 2.8466019631565627 3.0991604856931008 3.781623009464672 4.076613008324717 4.223358125616842 4.666514668069747 4.723515335510871 6.173241315799582 6.818892063200302 7.785343061364058 
-1 -7 0 1.4750183760683104 2.846601963156561 3.781623009464671 4.723515335510871 6.1732413157995865 
-2 -8 0 0.964179646267442 1.4750183760683109 1.6379427298854385 2.7279962115783674 2.8466019631565627 3.0991604856931008 3.781623009464672 4.076613008324717 4.223358125616842 4.666514668069747 4.723515335510871 6.173241315799582 6.818892063200302 7.785343061364058 
-1 -8 0 1.4750183760683104 2.846601963156561 3.781623009464671 4.723515335510871 6.1732413157995865 
-3 -1 0 6.0 6.0 
-3 -2 0 6.0 6.0 
-3 -3 0 2.903593405048152 3.906681058286977 5.048312622913547 6.160436574899948 6.313818177741062 6.456996076370568 7.999999999999998 8.072809225294504 8.404554998899643 9.211803258355616 9.520994602189987 10.000000000000002 
-3 -4 0 2.903593405048152 3.906681058286977 5.048312622913547 6.160436574899948 6.313818177741062 6.456996076370568 7.999999999999998 8.072809225294504 8.404554998899643 9.211803258355616 9.520994602189987 10.000000000000002 
-3 -5 0 1.1658780633232864 2.279424239413901 3.2276178764662324 3.487224526199248 3.977769824620449 4.288744155261414 4.967236093493576 5.411636009314899 5.561642917316112 6.35411859852608 6.406420654632713 6.845586774274429 6.927346109933183 7.22793095603592 9.22873004788505 9.710172713979919 10.181943336052395 10.292847780071439 11.190177730214003 11.267551592985772 
-3 -6 0 1.1658780633232864 2.279424239413901 3.2276178764662324 3.487224526199248 3.977769824620449 4.288744155261414 4.967236093493576 5.411636009314899 5.561642917316112 6.35411859852608 6.406420654632713 6.845586774274429 6.927346109933183 7.22793095603592 9.22873004788505 9.710172713979919 10.181943336052395 10.292847780071439 11.190177730214003 11.267551592985772 
-3 -7 0 0.9641796462674396 1.637942729885436 2.727996211578371 3.0991604856930994 3.4116360093148965 4.076613008324716 4.223358125616842 4.406420654632714 4.66651466806975 6.818892063200299 7.785343061364052 8.181943336052395 
-3 -8 0 0.9641796462674396 1.637942729885436 2.727996211578371 3.0991604856930994 3.4116360093148965 4.076613008324716 4.223358125616842 4.406420654632714 4.66651466806975 6.818892063200299 7.785343061364052 8.181943336052395 
-3 -9 0 2.0 2.0 
-2 -9 0 2.0 
-3 -10 0 2.0 2.0 
-2 -10 0 2.0 
-4 -3 0 8.0 
-4 -4 0 8.0 
-4 -5 0 5.411636009314897 6.4064206546327105 10.181943336052393 
-4 -6 0 5.411636009314897 6.4064206546327105 10.181943336052393 
-4 -7 0 3.4116360093148947 4.40642065463271 8.181943336052385 
-4 -8 0 3.4116360093148947 4.40642065463271 8.181943336052385 
-4 -9 0 2.0 
-4 -10 0 2.0 
