4 12 0 3.0 3.0 3.0 
5 12 0 3.0 
4 11 0 3.0 3.0 3.0 
5 11 0 3.0 
4 10 0 1.9853083772038636 3.155533957637378 3.896174231513396 4.28718202370631 4.371730352946958 4.458618734850889 6.0 6.910053684876987 8.31540068000778 8.798367153023566 9.28024953908377 10.54138126514911 
5 10 0 4.458618734850891 10.54138126514911 
4 9 0 1.9853083772038636 3.155533957637378 3.896174231513396 4.28718202370631 4.371730352946958 4.458618734850889 6.0 6.910053684876987 8.31540068000778 8.798367153023566 9.28024953908377 10.54138126514911 
5 9 0 4.458618734850891 10.54138126514911 
4 8 0 2.706648478423893 3.9116123473601325 4.883284508214132 6.170063197386375 7.093066591377521 7.179629447583859 9.000000000000002 9.884463491655207 9.95896880677275 11.212263131226152 11.999999999999998 12.000000000000002 
5 8 0 9.0 
4 7 0 2.706648478423893 3.9116123473601325 4.883284508214132 6.170063197386375 7.093066591377521 7.179629447583859 9.000000000000002 9.884463491655207 9.95896880677275 11.212263131226152 11.999999999999998 12.000000000000002 
5 7 0 9.0 
3 12 0 3.0 3.0 3.0 
3 11 0 3.0 3.0 3.0 
3 10 1 -3.000190699174732e-17 1.4985588393313347 1.985308377203864 2.0000000000000004 2.0040263912077982 3.1555339576373775 3.7450369852479444 3.8961742315133954 4.28718202370631 4.316450814248516 4.3717303529469556 4.999999999999998 4.999999999999999 5.000000000000002 5.397298807547503 6.000000000000001 6.000000000000007 6.910053684876986 6.999999999999999 7.612178421008533 8.31540068000778 8.426449741408376 8.798367153023566 9.280249539083757 
3 9 1 -3.000190699174732e-17 1.4985588393313347 1.985308377203864 2.0000000000000004 2.0040263912077982 3.1555339576373775 3.7450369852479444 3.8961742315133954 4.28718202370631 4.316450814248516 4.3717303529469556 4.999999999999998 4.999999999999999 5.000000000000002 5.397298807547503 6.000000000000001 6.000000000000007 6.910053684876986 6.999999999999999 7.612178421008533 8.31540068000778 8.426449741408376 8.798367153023566 9.280249539083757 
3 8 0 0.5984920400729793 0.622311049133979 1.1231548549060661 2.000000000000005 2.1131844802933775 2.6602944883339155 2.706648478423893 2.944585893885353 3.478055860845311 3.8546597080495593 3.9116123473601334 4.1097555347231065 4.302775183508601 4.517368995159503 4.883284508214127 4.926621781571321 5.446886920463102 5.878105154762952 6.039541089932804 6.1700631973863675 6.767221867716106 7.093066591377518 7.1796294475838485 7.318388746804161 7.393498306405035 7.46568248093533 7.755737321213004 9.830411326877712 9.884463491655202 9.958968806772752 9.967227974100918 10.16606981261669 10.169164276196923 10.577130373608826 10.732972387260107 11.007661659609552 11.092010341707859 11.141030089305854 11.21226313122615 11.999999999999986 12.0 12.00000000000001 
3 7 0 0.5984920400729793 0.622311049133979 1.1231548549060661 2.000000000000005 2.1131844802933775 2.6602944883339155 2.706648478423893 2.944585893885353 3.478055860845311 3.8546597080495593 3.9116123473601334 4.1097555347231065 4.302775183508601 4.517368995159503 4.883284508214127 4.926621781571321 5.446886920463102 5.878105154762952 6.039541089932804 6.1700631973863675 6.767221867716106 7.093066591377518 7.1796294475838485 7.318388746804161 7.393498306405035 7.46568248093533 7.755737321213004 9.830411326877712 9.884463491655202 9.958968806772752 9.967227974100918 10.16606981261669 10.169164276196923 10.577130373608826 10.732972387260107 11.007661659609552 11.092010341707859 11.141030089305854 11.21226313122615 11.999999999999986 12.0 12.00000000000001 
3 6 0 0.6663603295697772 2.1591855829256517 2.473657675376699 3.2087121525220796 3.480660267321178 3.8300623032238605 4.3998774100628255 5.502010287945849 5.647365707992794 5.999999999999997 6.29684995631639 6.734853233174405 6.999999999999999 7.790516773199729 7.791287847477909 7.999999999999996 8.394954302480858 8.497037849487016 8.875365557432225 9.542460461041482 9.708782302449244 9.999999999999995 10.000000000000002 10.000000000000005 
4 6 0 6.0 7.0 8.0 
3 5 0 0.6663603295697772 2.1591855829256517 2.473657675376699 3.2087121525220796 3.480660267321178 3.8300623032238605 4.3998774100628255 5.502010287945849 5.647365707992794 5.999999999999997 6.29684995631639 6.734853233174405 6.999999999999999 7.790516773199729 7.791287847477909 7.999999999999996 8.394954302480858 8.497037849487016 8.875365557432225 9.542460461041482 9.708782302449244 9.999999999999995 10.000000000000002 10.000000000000005 
4 5 0 6.0 7.0 8.0 
2 12 0 3.0 
2 11 0 3.0 
2 10 0 1.4985588393313363 1.9999999999999993 2.0040263912077982 3.7450369852479453 4.31645081424851 4.999999999999995 4.999999999999997 4.999999999999997 4.999999999999999 5.0 5.0 5.000000000000001 5.397298807547502 5.999999999999997 6.999999999999995 6.999999999999999 7.612178421008534 8.42644974140837 
2 9 0 1.4985588393313363 1.9999999999999993 2.0040263912077982 3.7450369852479453 4.31645081424851 4.999999999999995 4.999999999999997 4.999999999999997 4.999999999999999 5.0 5.0 5.000000000000001 5.397298807547502 5.999999999999997 6.999999999999995 6.999999999999999 7.612178421008534 8.42644974140837 
2 8 0 0.598492040072986 0.6223110491339816 1.123154854906069 1.9999999999999987 2.1131844802933712 2.2137145602142665 2.637110773410963 2.6602944883339186 2.7521698958208165 2.9445858938853604 3.4088889433818554 3.478055860845313 3.8546597080495606 4.059248537742071 4.109755534723111 4.3027751835086 4.517368995159503 4.8487204510306094 4.926621781571323 5.137818772203337 5.370422733313574 5.446886920463104 5.454161066245364 5.744095572584472 5.8781051547629595 5.999999999999999 6.039541089932806 6.491164577552133 6.75433226747058 6.76722186771611 7.000000000000003 7.318388746804151 7.393498306405043 7.411749372009995 7.465682480935333 7.75573732121301 7.794920877435281 8.882225040051484 9.07195067597335 9.411546523209093 9.438628720257196 9.529864814315243 9.687693422040818 9.830411326877709 9.899572403737507 9.967227974100917 10.000000000000009 10.166069812616682 10.169164276196913 10.577130373608833 10.732972387260098 11.007661659609546 11.092010341707862 11.141030089305861 12.000000000000004 
2 7 0 0.598492040072986 0.6223110491339816 1.123154854906069 1.9999999999999987 2.1131844802933712 2.2137145602142665 2.637110773410963 2.6602944883339186 2.7521698958208165 2.9445858938853604 3.4088889433818554 3.478055860845313 3.8546597080495606 4.059248537742071 4.109755534723111 4.3027751835086 4.517368995159503 4.8487204510306094 4.926621781571323 5.137818772203337 5.370422733313574 5.446886920463104 5.454161066245364 5.744095572584472 5.8781051547629595 5.999999999999999 6.039541089932806 6.491164577552133 6.75433226747058 6.76722186771611 7.000000000000003 7.318388746804151 7.393498306405043 7.411749372009995 7.465682480935333 7.75573732121301 7.794920877435281 8.882225040051484 9.07195067597335 9.411546523209093 9.438628720257196 9.529864814315243 9.687693422040818 9.830411326877709 9.899572403737507 9.967227974100917 10.000000000000009 10.166069812616682 10.169164276196913 10.577130373608833 10.732972387260098 11.007661659609546 11.092010341707862 11.141030089305861 12.000000000000004 
2 6 1 -4.668527231719738e-16 0.6663603295697773 1.1910098188600977 1.4699404696298821 2.1493987455953287 2.15918558292565 2.4736576753767023 2.570674312957823 3.0341019304767927 3.1032475858044264 3.2087121525220788 3.48066026732118 3.5837303473205155 3.8300623032238543 3.9875666675469317 4.165297588008677 4.3998774100628255 4.467725070117049 4.788420233284134 5.1634062258981865 5.4660950669232475 5.50201028794585 5.647365707992788 5.687956895871109 6.2968499563163896 6.500241501079221 6.708720788433767 6.734853233174405 6.939463080404637 7.128116361635434 7.163144198055899 7.640307366540945 7.686299508081276 7.7905167731997285 7.791287847477916 7.8766084901045765 8.0 8.394954302480862 8.49703784948702 8.875365557432223 9.542460461041484 9.60308208394207 9.659987527313785 9.708782302449245 9.865308083436519 9.900651292680386 9.999999999999993 9.999999999999998 10.000000000000004 10.289876519509356 10.84263640224929 10.878864415567682 11.050507645233727 11.71819781565535 11.719415961781857 
2 5 1 -4.668527231719738e-16 0.6663603295697773 1.1910098188600977 1.4699404696298821 2.1493987455953287 2.15918558292565 2.4736576753767023 2.570674312957823 3.0341019304767927 3.1032475858044264 3.2087121525220788 3.48066026732118 3.5837303473205155 3.8300623032238543 3.9875666675469317 4.165297588008677 4.3998774100628255 4.467725070117049 4.788420233284134 5.1634062258981865 5.4660950669232475 5.50201028794585 5.647365707992788 5.687956895871109 6.2968499563163896 6.500241501079221 6.708720788433767 6.734853233174405 6.939463080404637 7.128116361635434 7.163144198055899 7.640307366540945 7.686299508081276 7.7905167731997285 7.791287847477916 7.8766084901045765 8.0 8.394954302480862 8.49703784948702 8.875365557432223 9.542460461041484 9.60308208394207 9.659987527313785 9.708782302449245 9.865308083436519 9.900651292680386 9.999999999999993 9.999999999999998 10.000000000000004 10.289876519509356 10.84263640224929 10.878864415567682 11.050507645233727 11.71819781565535 11.719415961781857 
2 4 0 0.9904415575249833 1.2011031367770695 2.131900883233588 3.268699093757214 3.66876422264946 4.0 4.136211612392203 4.510078855122197 4.93343014112902 5.000000000000002 5.000000000000002 5.475293228215732 5.999999999999998 6.859811954531737 7.737576541452313 7.867005475316481 8.460022317985167 8.759660979912853 
3 4 0 4.0 5.0 6.0 
2 3 0 0.9904415575249833 1.2011031367770695 2.131900883233588 3.268699093757214 3.66876422264946 4.0 4.136211612392203 4.510078855122197 4.93343014112902 5.000000000000002 5.000000000000002 5.475293228215732 5.999999999999998 6.859811954531737 7.737576541452313 7.867005475316481 8.460022317985167 8.759660979912853 
3 3 0 4.0 5.0 6.0 
1 10 0 4.999999999999999 5.0 5.0 5.0 5.0 7.0 
1 9 0 4.999999999999999 5.0 5.0 5.0 5.0 7.0 
1 8 0 2.2137145602142603 2.38999727250898 2.637110773410959 2.7521698958208196 3.4088889433818585 4.059248537742075 4.213471102838606 4.848720451030609 5.137818772203336 5.370422733313573 5.374352079142875 5.454161066245359 5.744095572584471 6.0 6.3032711846744975 6.491164577552134 6.754332267470575 6.999999999999986 7.0 7.000000000000005 7.411749372009992 7.424916278363145 7.794920877435275 8.293992082471886 8.882225040051484 8.999999999999991 9.071950675973348 9.41154652320909 9.438628720257194 9.529864814315246 9.687693422040812 9.899572403737507 10.000000000000005 
1 7 0 2.2137145602142603 2.38999727250898 2.637110773410959 2.7521698958208196 3.4088889433818585 4.059248537742075 4.213471102838606 4.848720451030609 5.137818772203336 5.370422733313573 5.374352079142875 5.454161066245359 5.744095572584471 6.0 6.3032711846744975 6.491164577552134 6.754332267470575 6.999999999999986 7.0 7.000000000000005 7.411749372009992 7.424916278363145 7.794920877435275 8.293992082471886 8.882225040051484 8.999999999999991 9.071950675973348 9.41154652320909 9.438628720257194 9.529864814315246 9.687693422040812 9.899572403737507 10.000000000000005 
1 6 0 0.8253583165954105 1.191009818860099 1.4699404696298872 2.149398745595328 2.331477745567903 2.5706743129578222 2.718320842928132 3.03410193047679 3.1032475858044277 3.3140326310296704 3.583730347320517 3.976878830105847 3.9875666675469357 4.0992712516441 4.165297588008678 4.46772507011704 4.630745270882256 4.788420233284132 5.163406225898183 5.4660950669232475 5.5211207807844 5.687956895871104 5.745467494430545 6.229990175321333 6.324869129433353 6.50024150107922 6.708720788433766 6.939463080404638 7.059570080629149 7.128116361635427 7.163144198055896 7.271499496445949 7.46081112718911 7.569594488496888 7.640307366540942 7.686299508081277 7.8766084901045765 7.941016611620208 8.0 9.562425659636304 9.603082083942068 9.659987527313785 9.865308083436519 9.900651292680385 10.200703030693749 10.214319743377532 10.289876519509354 10.39302653377012 10.609500759418015 10.842636402249296 10.87886441556769 11.050507645233724 11.718197815655357 11.719415961781868 
1 5 0 0.8253583165954105 1.191009818860099 1.4699404696298872 2.149398745595328 2.331477745567903 2.5706743129578222 2.718320842928132 3.03410193047679 3.1032475858044277 3.3140326310296704 3.583730347320517 3.976878830105847 3.9875666675469357 4.0992712516441 4.165297588008678 4.46772507011704 4.630745270882256 4.788420233284132 5.163406225898183 5.4660950669232475 5.5211207807844 5.687956895871104 5.745467494430545 6.229990175321333 6.324869129433353 6.50024150107922 6.708720788433766 6.939463080404638 7.059570080629149 7.128116361635427 7.163144198055896 7.271499496445949 7.46081112718911 7.569594488496888 7.640307366540942 7.686299508081277 7.8766084901045765 7.941016611620208 8.0 9.562425659636304 9.603082083942068 9.659987527313785 9.865308083436519 9.900651292680385 10.200703030693749 10.214319743377532 10.289876519509354 10.39302653377012 10.609500759418015 10.842636402249296 10.87886441556769 11.050507645233724 11.718197815655357 11.719415961781868 
1 4 0 0.9904415575249795 1.201103136777069 1.2702032200775397 1.6828013700134112 2.1319008832335866 2.2693942430520795 2.483851158949942 3.2686990937572102 3.64129394775124 3.668764222649456 3.9999999999999982 4.136211612392201 4.324869129433353 4.510078855122194 4.587982517224358 4.687407567647789 4.933430141129022 5.0 5.460811127189107 5.47529322821573 5.640581985032768 6.307721841710534 6.8598119545317315 7.084593828157791 7.737576541452301 7.867005475316483 8.214319743377532 8.460022317985173 8.759660979912852 8.837797739867266 9.173276826536409 9.567102742768894 9.765991011209987 
1 3 0 0.9904415575249795 1.201103136777069 1.2702032200775397 1.6828013700134112 2.1319008832335866 2.2693942430520795 2.483851158949942 3.2686990937572102 3.64129394775124 3.668764222649456 3.9999999999999982 4.136211612392201 4.324869129433353 4.510078855122194 4.587982517224358 4.687407567647789 4.933430141129022 5.0 5.460811127189107 5.47529322821573 5.640581985032768 6.307721841710534 6.8598119545317315 7.084593828157791 7.737576541452301 7.867005475316483 8.214319743377532 8.460022317985173 8.759660979912852 8.837797739867266 9.173276826536409 9.567102742768894 9.765991011209987 
1 2 0 1.5372158157219824 2.3033970236530217 2.9999999999999996 3.0 3.542690661059478 6.616696499565516 
2 2 0 3.0 
1 1 0 1.5372158157219824 2.3033970236530217 2.9999999999999996 3.0 3.542690661059478 6.616696499565516 
2 1 0 3.0 
0 10 0 5.0 
0 9 0 5.0 
0 8 0 2.389997272508981 4.213471102838612 5.374352079142879 6.3032711846745 6.999999999999999 7.0 7.000000000000003 7.424916278363145 8.293992082471892 9.0 
0 7 0 2.389997272508981 4.213471102838612 5.374352079142879 6.3032711846745 6.999999999999999 7.0 7.000000000000003 7.424916278363145 8.293992082471892 9.0 
0 6 0 0.8253583165954055 2.3314777455679048 2.71832084292814 3.3140326310296695 3.976878830105849 4.099271251644099 4.5857864376269015 4.63074527088226 5.43844718719117 5.5211207807844 5.745467494430549 6.229990175321335 6.324869129433357 7.059570080629153 7.27149949644595 7.414213562373096 7.460811127189113 7.5695944884968895 7.941016611620212 9.561552812808827 9.562425659636306 10.200703030693752 10.214319743377537 10.393026533770122 10.609500759418019 
0 5 0 0.8253583165954055 2.3314777455679048 2.71832084292814 3.3140326310296695 3.976878830105849 4.099271251644099 4.5857864376269015 4.63074527088226 5.43844718719117 5.5211207807844 5.745467494430549 6.229990175321335 6.324869129433357 7.059570080629153 7.27149949644595 7.414213562373096 7.460811127189113 7.5695944884968895 7.941016611620212 9.561552812808827 9.562425659636306 10.200703030693752 10.214319743377537 10.393026533770122 10.609500759418019 
0 4 1 -2.8457294172234123e-15 1.2702032200775408 1.6828013700134108 2.269394243052077 2.4838511589499466 2.7467439292350253 3.6412939477512394 3.7107938154910274 4.0 4.324869129433353 4.547011173699565 4.587982517224359 4.687407567647791 5.46081112718911 5.640581985032771 6.307721841710535 6.419356629656291 6.980663721739972 7.084593828157786 8.214319743377539 8.837797739867272 9.173276826536405 9.567102742768894 9.595430730178125 9.76599101120998 
0 3 1 -2.8457294172234123e-15 1.2702032200775408 1.6828013700134108 2.269394243052077 2.4838511589499466 2.7467439292350253 3.6412939477512394 3.7107938154910274 4.0 4.324869129433353 4.547011173699565 4.587982517224359 4.687407567647791 5.46081112718911 5.640581985032771 6.307721841710535 6.419356629656291 6.980663721739972 7.084593828157786 8.214319743377539 8.837797739867272 9.173276826536405 9.567102742768894 9.595430730178125 9.76599101120998 
0 2 1 -8.29292700608401e-16 1.5335997558958616 1.5372158157219833 2.303397023653022 2.4032443790245175 3.000000000000001 3.5426906610594804 4.175890026736931 6.616696499565514 6.8872658383426915 
0 1 1 -8.29292700608401e-16 1.5335997558958616 1.5372158157219833 2.303397023653022 2.4032443790245175 3.000000000000001 3.5426906610594804 4.175890026736931 6.616696499565514 6.8872658383426915 
-1 8 0 7.0 
-1 7 0 7.0 
-1 6 0 4.585786437626904 5.438447187191168 7.414213562373095 9.561552812808833 
-1 5 0 4.585786437626904 5.438447187191168 7.414213562373095 9.561552812808833 
-1 4 0 2.7467439292350244 3.710793815491023 4.547011173699565 6.419356629656291 6.980663721739973 9.595430730178116 
-1 3 0 2.7467439292350244 3.710793815491023 4.547011173699565 6.419356629656291 6.980663721739973 9.595430730178116 
-1 2 0 1.5335997558958623 2.4032443790245157 4.175890026736927 6.887265838342691 
-1 1 0 1.5335997558958623 2.4032443790245157 4.175890026736927 6.887265838342691 
-1 0 0 1.0 
0 0 0 1.0 
-1 -1 0 1.0 
0 -1 0 1.0 
