2 8 0 1.0 
3 8 0 1.0 
2 7 0 1.0 
3 7 0 1.0 
2 6 1 1.8561541192951836e-16 1.1338017374909757 1.9999999999999978 1.9999999999999993 2.0000000000000004 2.000000000000001 2.7639320225002106 3.0 4.0 4.210755880959192 5.65544238154983 7.2360679774997925 
3 6 0 2.0 2.000000000000001 2.7639320225002115 4.0 7.23606797749979 
2 5 1 1.8561541192951836e-16 1.1338017374909757 1.9999999999999978 1.9999999999999993 2.0000000000000004 2.000000000000001 2.7639320225002106 3.0 4.0 4.210755880959192 5.65544238154983 7.2360679774997925 
3 5 0 2.0 2.000000000000001 2.7639320225002115 4.0 7.23606797749979 
2 4 0 0.29917197889696645 1.1249265556669281 1.341805043309343 2.0821490214853324 2.3799098832647747 2.446595173596786 2.5267754178107715 2.891443781117339 2.9999999999999973 2.9999999999999996 3.190847203959943 3.2094543503832105 3.4219793666965663 3.5505102572168226 3.640892723260763 3.999999999999998 3.9999999999999996 4.295582122548291 4.319076592499947 4.376021682244604 4.868489188974072 4.873424628628251 5.130747091941195 5.55527278766984 5.732872797327472 5.794932360792272 6.136501085118122 6.786299172413457 7.000000000000001 7.000000000000004 7.242410635584532 8.449489742783179 8.85026518598095 9.343775228512799 9.513351527929954 9.52118306059883 9.567232648342447 9.753523430933047 9.783088272511169 
3 4 0 3.0000000000000027 3.421979366696568 3.5505102572168235 4.000000000000002 4.000000000000002 5.794932360792269 6.999999999999998 7.0000000000000036 8.449489742783175 9.783088272511165 
2 3 0 0.29917197889696645 1.1249265556669281 1.341805043309343 2.0821490214853324 2.3799098832647747 2.446595173596786 2.5267754178107715 2.891443781117339 2.9999999999999973 2.9999999999999996 3.190847203959943 3.2094543503832105 3.4219793666965663 3.5505102572168226 3.640892723260763 3.999999999999998 3.9999999999999996 4.295582122548291 4.319076592499947 4.376021682244604 4.868489188974072 4.873424628628251 5.130747091941195 5.55527278766984 5.732872797327472 5.794932360792272 6.136501085118122 6.786299172413457 7.000000000000001 7.000000000000004 7.242410635584532 8.449489742783179 8.85026518598095 9.343775228512799 9.513351527929954 9.52118306059883 9.567232648342447 9.753523430933047 9.783088272511169 
3 3 0 3.0000000000000027 3.421979366696568 3.5505102572168235 4.000000000000002 4.000000000000002 5.794932360792269 6.999999999999998 7.0000000000000036 8.449489742783175 9.783088272511165 
2 2 0 1.363632641194854 1.573518683222885 2.271154659767923 2.6964797930065325 2.8086363293323764 3.2393823755668794 3.2885189096043885 3.5724160020298688 3.6420978782888107 3.765224652304816 4.060873906231165 4.189464658776485 4.25092066273491 4.424757206649735 4.438447187191167 4.438447187191169 4.569448779424974 4.954487679668127 5.083908269212605 5.11797945514293 5.276957270845325 5.298437881283578 5.320211950663623 5.376451393368599 5.46278384035764 5.585786437626905 6.0 6.013465742032446 6.142218412845548 6.4053416570521495 6.761293143393107 7.635584733438143 7.710106668038766 7.756974911680931 7.77653792833076 7.8002928858046445 7.922369043988567 7.974166360828598 8.414213562373096 8.549268005826125 8.561552812808825 8.56155281280883 8.575432279348796 8.87705884578204 9.022470086305074 9.413535539472857 9.425411171000354 9.429301368355056 9.671899340653805 10.646692705211812 10.98310161148837 11.105482616526313 11.690141017869271 11.691022071904055 11.701562118716422 11.711524855426964 
3 2 0 4.438447187191171 4.438447187191172 5.117979455142932 5.585786437626906 6.000000000000001 7.776537928330766 8.4142135623731 8.56155281280883 8.561552812808836 11.105482616526308 
2 1 0 1.363632641194854 1.573518683222885 2.271154659767923 2.6964797930065325 2.8086363293323764 3.2393823755668794 3.2885189096043885 3.5724160020298688 3.6420978782888107 3.765224652304816 4.060873906231165 4.189464658776485 4.25092066273491 4.424757206649735 4.438447187191167 4.438447187191169 4.569448779424974 4.954487679668127 5.083908269212605 5.11797945514293 5.276957270845325 5.298437881283578 5.320211950663623 5.376451393368599 5.46278384035764 5.585786437626905 6.0 6.013465742032446 6.142218412845548 6.4053416570521495 6.761293143393107 7.635584733438143 7.710106668038766 7.756974911680931 7.77653792833076 7.8002928858046445 7.922369043988567 7.974166360828598 8.414213562373096 8.549268005826125 8.561552812808825 8.56155281280883 8.575432279348796 8.87705884578204 9.022470086305074 9.413535539472857 9.425411171000354 9.429301368355056 9.671899340653805 10.646692705211812 10.98310161148837 11.105482616526313 11.690141017869271 11.691022071904055 11.701562118716422 11.711524855426964 
3 1 0 4.438447187191171 4.438447187191172 5.117979455142932 5.585786437626906 6.000000000000001 7.776537928330766 8.4142135623731 8.56155281280883 8.561552812808836 11.105482616526308 
2 0 0 2.7291215241817657 2.736710825721986 3.43534379842896 3.900573398956151 4.428896607489332 4.559264280040954 4.644327140937469 4.863225133473358 5.015574328777354 5.3286302105346905 5.540271396151483 5.763932022500208 5.938194218617724 5.941778699532669 6.477752730488353 6.850809317991941 6.99999999999999 7.0 7.000000000000002 7.000000000000005 7.020827345839562 7.708470070818702 7.89991247417259 8.0 8.360074738851193 8.845171378646361 9.0 9.0 9.000000000000009 9.02947655526943 9.363840687123572 9.404015408341502 10.236067977499788 10.67146706516678 10.703681124846858 11.046663581390932 11.137308727945392 11.16073928827843 11.257877941984503 
3 0 0 5.763932022500209 6.999999999999999 7.000000000000001 8.999999999999996 10.236067977499788 
2 -1 0 2.7291215241817657 2.736710825721986 3.43534379842896 3.900573398956151 4.428896607489332 4.559264280040954 4.644327140937469 4.863225133473358 5.015574328777354 5.3286302105346905 5.540271396151483 5.763932022500208 5.938194218617724 5.941778699532669 6.477752730488353 6.850809317991941 6.99999999999999 7.0 7.000000000000002 7.000000000000005 7.020827345839562 7.708470070818702 7.89991247417259 8.0 8.360074738851193 8.845171378646361 9.0 9.0 9.000000000000009 9.02947655526943 9.363840687123572 9.404015408341502 10.236067977499788 10.67146706516678 10.703681124846858 11.046663581390932 11.137308727945392 11.16073928827843 11.257877941984503 
3 -1 0 5.763932022500209 6.999999999999999 7.000000000000001 8.999999999999996 10.236067977499788 
2 -2 0 4.078984119408369 4.697224362268004 5.44598501447267 6.089065698446735 6.999999999999999 8.000000000000002 8.000000000000002 8.000000000000005 8.302775637731994 8.336940695034867 8.67940910949048 9.369615363146877 
3 -2 0 8.0 
2 -3 0 4.078984119408369 4.697224362268004 5.44598501447267 6.089065698446735 6.999999999999999 8.000000000000002 8.000000000000002 8.000000000000005 8.302775637731994 8.336940695034867 8.67940910949048 9.369615363146877 
3 -3 0 8.0 
1 6 0 1.1338017374909757 1.9999999999999998 2.0 2.9999999999999996 4.210755880959191 5.655442381549831 
1 5 0 1.1338017374909757 1.9999999999999998 2.0 2.9999999999999996 4.210755880959191 5.655442381549831 
1 4 0 0.29917197889696695 0.8419388203674762 1.124926555666922 1.3418050433093411 2.082149021485327 2.3471255472926003 2.3693066272656162 2.379909883264778 2.4465951735967844 2.5267754178107675 2.891443781117338 2.9999999999999996 3.190847203959948 3.209454350383214 3.4150223398292288 3.5978807721933963 3.640892723260766 4.000000000000002 4.287624092114937 4.2955821225482955 4.319076592499947 4.376021682244605 4.742163648812756 4.868489188974072 4.873424628628244 5.130747091941196 5.190786084170439 5.407670678832751 5.555272787669844 5.732872797327472 5.78333872790553 6.136501085118116 6.786299172413464 6.880415514800213 7.242410635584527 7.709815120557826 7.842026516370554 7.940706251241969 8.644179258244725 8.850265185980962 9.343775228512804 9.51335152792996 9.521183060598835 9.567232648342452 9.753523430933058 
1 3 0 0.29917197889696695 0.8419388203674762 1.124926555666922 1.3418050433093411 2.082149021485327 2.3471255472926003 2.3693066272656162 2.379909883264778 2.4465951735967844 2.5267754178107675 2.891443781117338 2.9999999999999996 3.190847203959948 3.209454350383214 3.4150223398292288 3.5978807721933963 3.640892723260766 4.000000000000002 4.287624092114937 4.2955821225482955 4.319076592499947 4.376021682244605 4.742163648812756 4.868489188974072 4.873424628628244 5.130747091941196 5.190786084170439 5.407670678832751 5.555272787669844 5.732872797327472 5.78333872790553 6.136501085118116 6.786299172413464 6.880415514800213 7.242410635584527 7.709815120557826 7.842026516370554 7.940706251241969 8.644179258244725 8.850265185980962 9.343775228512804 9.51335152792996 9.521183060598835 9.567232648342452 9.753523430933058 
1 2 1 -1.0658141036401503e-14 1.160728547693124 1.3636326411948525 1.5735186832228931 2.11358769592735 2.1490301497357875 2.161240139732832 2.2711546597679217 2.4796709776444614 2.5244669220717566 2.696479793006537 2.8086363293323826 2.8100790093929833 3.2393823755668714 3.267848345202532 3.288518909604396 3.3808432698212454 3.4821566519248766 3.572416002029866 3.6420978782888156 3.7420463542459608 3.7652246523048127 3.829142778520066 4.045685269349744 4.060873906231159 4.18946465877648 4.250920662734908 4.343651208288902 4.424757206649738 4.490553957380535 4.569448779424974 4.73092574668558 4.744129446557822 4.9544876796681265 4.963727999372003 5.000000000000003 5.036029642606481 5.083908269212607 5.161800685553727 5.276957270845325 5.298437881283575 5.320211950663623 5.358940264099591 5.3764513933685985 5.43618635692403 5.462783840357639 5.890407391998975 5.9120409926637 6.013465742032443 6.02566463973831 6.142218412845546 6.174413653285199 6.405341657052148 6.417630426916008 6.438447187191168 6.5204303748566295 6.729038142695943 6.761293143393104 7.214316827401545 7.276658248688041 7.635584733438144 7.678070749808244 7.690385742743566 7.710106668038765 7.756974911680934 7.8002928858046445 7.85944080887827 7.922369043988569 7.9741663608285975 8.069278864491274 8.17596645765953 8.226593080095364 8.549268005826116 8.560675317109144 8.575432279348792 8.877058845782035 8.907701786145632 8.929645633621735 8.943257132720346 9.02247008630506 9.413535539472852 9.425411171000365 9.429301368355047 9.6718993406538 10.191812777128847 10.260634246628351 10.509205804335611 10.561552812808824 10.628726352731203 10.646692705211818 10.940499483080595 10.944485620121968 10.983101611488356 11.679492012058914 11.679657116519383 11.690141017869253 11.691022071904031 11.697600207208659 11.70156211871642 11.71105379707899 11.711524855426974 11.76805510706933 11.778450049899524 11.790489553757396 11.805750182132288 
1 1 1 -1.0658141036401503e-14 1.160728547693124 1.3636326411948525 1.5735186832228931 2.11358769592735 2.1490301497357875 2.161240139732832 2.2711546597679217 2.4796709776444614 2.5244669220717566 2.696479793006537 2.8086363293323826 2.8100790093929833 3.2393823755668714 3.267848345202532 3.288518909604396 3.3808432698212454 3.4821566519248766 3.572416002029866 3.6420978782888156 3.7420463542459608 3.7652246523048127 3.829142778520066 4.045685269349744 4.060873906231159 4.18946465877648 4.250920662734908 4.343651208288902 4.424757206649738 4.490553957380535 4.569448779424974 4.73092574668558 4.744129446557822 4.9544876796681265 4.963727999372003 5.000000000000003 5.036029642606481 5.083908269212607 5.161800685553727 5.276957270845325 5.298437881283575 5.320211950663623 5.358940264099591 5.3764513933685985 5.43618635692403 5.462783840357639 5.890407391998975 5.9120409926637 6.013465742032443 6.02566463973831 6.142218412845546 6.174413653285199 6.405341657052148 6.417630426916008 6.438447187191168 6.5204303748566295 6.729038142695943 6.761293143393104 7.214316827401545 7.276658248688041 7.635584733438144 7.678070749808244 7.690385742743566 7.710106668038765 7.756974911680934 7.8002928858046445 7.85944080887827 7.922369043988569 7.9741663608285975 8.069278864491274 8.17596645765953 8.226593080095364 8.549268005826116 8.560675317109144 8.575432279348792 8.877058845782035 8.907701786145632 8.929645633621735 8.943257132720346 9.02247008630506 9.413535539472852 9.425411171000365 9.429301368355047 9.6718993406538 10.191812777128847 10.260634246628351 10.509205804335611 10.561552812808824 10.628726352731203 10.646692705211818 10.940499483080595 10.944485620121968 10.983101611488356 11.679492012058914 11.679657116519383 11.690141017869253 11.691022071904031 11.697600207208659 11.70156211871642 11.71105379707899 11.711524855426974 11.76805510706933 11.778450049899524 11.790489553757396 11.805750182132288 
1 0 0 1.0578111710369964 2.227206046251772 2.6346813413698076 2.729121524181755 2.7367108257219885 2.8036177821733355 2.987926441981934 3.325181325637072 3.341045784458779 3.4353437984289634 3.4886251439459386 3.5297007167351127 3.88582109025515 3.9005733989561464 4.054516191658758 4.146011573531826 4.15972007421578 4.283995218324129 4.337766699536933 4.406916794325145 4.42889660748933 4.559264280040956 4.601927555836566 4.644327140937464 4.863225133473359 4.9183905975725 4.957171266320525 5.013939801717682 5.015574328777353 5.0172509473714575 5.307441801957875 5.328630210534682 5.458708510675185 5.478950074755801 5.540271396151486 5.605822967281341 5.732780249174601 5.842864250991448 5.938194218617728 5.94177869953267 6.382848567658855 6.4777527304883495 6.627718676731004 6.658723778063951 6.75085975318473 6.850809317991944 6.983566731308848 6.999999999999988 6.999999999999993 7.020827345839558 7.1801890062527525 7.284761459695734 7.410848031178607 7.708470070818699 7.814264644190308 7.899912474172592 7.999999999999996 8.159777851799833 8.360074738851196 8.447247963221416 8.477492733404171 8.528776714180417 8.755204197411805 8.819712827685686 8.825745514990643 8.84517137864637 8.972006016187573 8.995579358119656 8.999999999999988 8.999999999999991 9.0 9.029476555269426 9.130697018418614 9.151632841463424 9.290549301013966 9.363840687123558 9.404015408341499 9.442712427197357 9.445265336011298 9.839980151932712 9.862983761468112 9.999999999999993 9.999999999999995 9.999999999999998 10.671467065166778 10.703681124846847 10.801399037093704 11.046663581390936 11.126920396863186 11.137308727945388 11.160739288278435 11.257877941984503 11.341473387837263 11.457610855093764 11.563360933191806 11.675069085089364 11.851932571892464 11.900470421763092 12.161282786679438 12.278732106533674 12.372281323269021 12.39033336943499 12.391869828283356 12.400509668766082 12.441818146343817 
1 -1 0 1.0578111710369964 2.227206046251772 2.6346813413698076 2.729121524181755 2.7367108257219885 2.8036177821733355 2.987926441981934 3.325181325637072 3.341045784458779 3.4353437984289634 3.4886251439459386 3.5297007167351127 3.88582109025515 3.9005733989561464 4.054516191658758 4.146011573531826 4.15972007421578 4.283995218324129 4.337766699536933 4.406916794325145 4.42889660748933 4.559264280040956 4.601927555836566 4.644327140937464 4.863225133473359 4.9183905975725 4.957171266320525 5.013939801717682 5.015574328777353 5.0172509473714575 5.307441801957875 5.328630210534682 5.458708510675185 5.478950074755801 5.540271396151486 5.605822967281341 5.732780249174601 5.842864250991448 5.938194218617728 5.94177869953267 6.382848567658855 6.4777527304883495 6.627718676731004 6.658723778063951 6.75085975318473 6.850809317991944 6.983566731308848 6.999999999999988 6.999999999999993 7.020827345839558 7.1801890062527525 7.284761459695734 7.410848031178607 7.708470070818699 7.814264644190308 7.899912474172592 7.999999999999996 8.159777851799833 8.360074738851196 8.447247963221416 8.477492733404171 8.528776714180417 8.755204197411805 8.819712827685686 8.825745514990643 8.84517137864637 8.972006016187573 8.995579358119656 8.999999999999988 8.999999999999991 9.0 9.029476555269426 9.130697018418614 9.151632841463424 9.290549301013966 9.363840687123558 9.404015408341499 9.442712427197357 9.445265336011298 9.839980151932712 9.862983761468112 9.999999999999993 9.999999999999995 9.999999999999998 10.671467065166778 10.703681124846847 10.801399037093704 11.046663581390936 11.126920396863186 11.137308727945388 11.160739288278435 11.257877941984503 11.341473387837263 11.457610855093764 11.563360933191806 11.675069085089364 11.851932571892464 11.900470421763092 12.161282786679438 12.278732106533674 12.372281323269021 12.39033336943499 12.391869828283356 12.400509668766082 12.441818146343817 
1 -2 0 2.848410439716641 3.8281200332743057 4.043816908171719 4.078984119408372 4.3562540944678 4.464920365966035 4.607072440330533 4.697224362268007 4.69722436226801 5.133030127161188 5.237305950577903 5.361519642772939 5.44598501447267 5.54861020509718 6.073748464460121 6.089065698446732 6.154222703745672 6.161974790014795 6.8808195843270274 6.999999999999999 7.000000000000002 7.000000000000003 7.083950367562719 7.505038238225027 8.0 8.000000000000004 8.000000000000007 8.302775637731997 8.302775637731997 8.336940695034874 8.338172176027555 8.658045270984443 8.679409109490486 8.793675986078973 8.859626333522492 9.041843105025684 9.08411637726886 9.369615363146881 9.747812683331984 10.019948273339978 10.258377081315688 10.451442679672288 10.45812567756048 10.999999999999998 11.000000000000007 
1 -3 0 2.848410439716641 3.8281200332743057 4.043816908171719 4.078984119408372 4.3562540944678 4.464920365966035 4.607072440330533 4.697224362268007 4.69722436226801 5.133030127161188 5.237305950577903 5.361519642772939 5.44598501447267 5.54861020509718 6.073748464460121 6.089065698446732 6.154222703745672 6.161974790014795 6.8808195843270274 6.999999999999999 7.000000000000002 7.000000000000003 7.083950367562719 7.505038238225027 8.0 8.000000000000004 8.000000000000007 8.302775637731997 8.302775637731997 8.336940695034874 8.338172176027555 8.658045270984443 8.679409109490486 8.793675986078973 8.859626333522492 9.041843105025684 9.08411637726886 9.369615363146881 9.747812683331984 10.019948273339978 10.258377081315688 10.451442679672288 10.45812567756048 10.999999999999998 11.000000000000007 
1 -4 0 6.0 6.0 6.0 6.0 6.0 6.0 
2 -4 0 6.0 
1 -5 0 6.0 6.0 6.0 6.0 6.0 6.0 
2 -5 0 6.0 
0 4 0 0.841938820367475 2.3471255472925994 2.369306627265619 3.4150223398292328 3.5978807721933994 4.000000000000003 4.0000000000000036 4.287624092114937 4.742163648812757 5.190786084170442 5.4076706788327495 5.783338727905531 6.880415514800222 7.709815120557819 7.842026516370548 7.940706251241962 8.644179258244725 
0 3 0 0.841938820367475 2.3471255472925994 2.369306627265619 3.4150223398292328 3.5978807721933994 4.000000000000003 4.0000000000000036 4.287624092114937 4.742163648812757 5.190786084170442 5.4076706788327495 5.783338727905531 6.880415514800222 7.709815120557819 7.842026516370548 7.940706251241962 8.644179258244725 
0 2 1 4.4746080765904e-15 0.7523143454226093 1.1607285476931237 1.2754813916129908 2.1135876959273507 2.1490301497357844 2.1612401397328234 2.2831162995852803 2.4796709776444668 2.5244669220717624 2.8100790093929815 3.2678483452025335 3.3808432698212507 3.482156651924883 3.7420463542459568 3.8291427785200702 4.045685269349745 4.046792924154296 4.058489336844582 4.343651208288904 4.490553957380539 4.585786437626908 4.730925746685577 4.744129446557821 4.820419379402107 4.9637279993720025 5.000000000000003 5.036029642606481 5.161800685553729 5.33479294716924 5.3589402640995925 5.436186356924031 5.5250238322343375 5.750328428829989 5.890407391998978 5.912040992663701 5.999999999999997 6.0 6.025664639738306 6.174413653285203 6.41763042691601 6.438447187191167 6.520430374856632 6.5459376543781 6.686336843768849 6.729038142695947 6.895697099842036 7.214316827401533 7.27665824868804 7.4142135623730985 7.678070749808239 7.690385742743567 7.859440808878269 8.061521589892546 8.069278864491267 8.175966457659532 8.226593080095363 8.560675317109148 8.768475385656437 8.907701786145642 8.924084092552532 8.929645633621739 8.943257132720342 8.978632281686089 9.766692333672752 9.908637562111236 9.999999999999995 9.999999999999996 10.000000000000004 10.191812777128852 10.260634246628355 10.509205804335615 10.561552812808836 10.628726352731197 10.80848406567929 10.808742205504647 10.9404994830806 10.944485620121961 11.679492012058915 11.679657116519383 11.697600207208671 11.71105379707899 11.768055107069344 11.778450049899531 11.790489553757398 11.805750182132298 
0 1 1 4.4746080765904e-15 0.7523143454226093 1.1607285476931237 1.2754813916129908 2.1135876959273507 2.1490301497357844 2.1612401397328234 2.2831162995852803 2.4796709776444668 2.5244669220717624 2.8100790093929815 3.2678483452025335 3.3808432698212507 3.482156651924883 3.7420463542459568 3.8291427785200702 4.045685269349745 4.046792924154296 4.058489336844582 4.343651208288904 4.490553957380539 4.585786437626908 4.730925746685577 4.744129446557821 4.820419379402107 4.9637279993720025 5.000000000000003 5.036029642606481 5.161800685553729 5.33479294716924 5.3589402640995925 5.436186356924031 5.5250238322343375 5.750328428829989 5.890407391998978 5.912040992663701 5.999999999999997 6.0 6.025664639738306 6.174413653285203 6.41763042691601 6.438447187191167 6.520430374856632 6.5459376543781 6.686336843768849 6.729038142695947 6.895697099842036 7.214316827401533 7.27665824868804 7.4142135623730985 7.678070749808239 7.690385742743567 7.859440808878269 8.061521589892546 8.069278864491267 8.175966457659532 8.226593080095363 8.560675317109148 8.768475385656437 8.907701786145642 8.924084092552532 8.929645633621739 8.943257132720342 8.978632281686089 9.766692333672752 9.908637562111236 9.999999999999995 9.999999999999996 10.000000000000004 10.191812777128852 10.260634246628355 10.509205804335615 10.561552812808836 10.628726352731197 10.80848406567929 10.808742205504647 10.9404994830806 10.944485620121961 11.679492012058915 11.679657116519383 11.697600207208671 11.71105379707899 11.768055107069344 11.778450049899531 11.790489553757398 11.805750182132298 
0 0 1 2.9082094040307993e-15 1.0155976961268562 1.0578111710369908 1.0947738348571452 1.8471057791798924 2.227206046251776 2.345835891959399 2.63468134136982 2.8036177821733332 2.939910669467629 2.987926441981941 3.023976625705337 3.3251813256370713 3.3410457844587826 3.394713083817359 3.4886251439459417 3.5297007167351158 3.539568691429883 3.657567850274258 3.8682185453610045 3.8858210902551504 3.9878749040814983 4.05451619165877 4.146011573531821 4.159720074215782 4.167855833598055 4.283995218324119 4.289755132592064 4.3377666995369335 4.406916794325147 4.519391727474009 4.601927555836568 4.7084978790114365 4.874782539811095 4.9183905975724915 4.957171266320532 5.013939801717686 5.017250947371453 5.025964815134245 5.206040529800921 5.307441801957885 5.4587085106751925 5.4789500747557955 5.605822967281349 5.645955424671841 5.7327802491746 5.842864250991445 5.856117488946295 5.874476739292158 6.375845724717809 6.382848567658854 6.444370859805453 6.549658441239931 6.59664750849148 6.627718676730982 6.65872377806395 6.750859753184725 6.761342824123856 6.9835667313088425 7.139240909337229 7.180189006252755 7.284761459695733 7.290663636221417 7.410848031178621 7.4125909551164755 7.6289991506764006 7.718541904717106 7.814264644190316 7.943906180207018 7.970584574311483 8.159777851799825 8.319977313292547 8.447247963221429 8.477492733404153 8.528776714180415 8.560388534772947 8.687191851144108 8.755204197411803 8.819712827685688 8.825745514990645 8.835911220268391 8.885676864578407 8.972006016187574 8.995579358119658 9.000000000000012 9.029378034302836 9.130697018418623 9.151632841463428 9.243117180283086 9.290549301013966 9.442712427197366 9.4452653360113 9.713035103413862 9.76531648289082 9.839980151932712 9.862983761468126 9.942017600853315 9.98781286392626 9.999999999999988 9.999999999999998 10.000000000000002 10.000000000000005 10.00000000000001 10.801399037093704 11.126920396863182 11.13098618680229 11.340037628773944 11.34147338783726 11.345171017320261 11.457610855093765 11.563360933191802 11.6241029678883 11.624773431349448 11.675069085089364 11.784733728725014 11.85193257189246 11.900470421763092 11.951479236881653 12.000000000000002 12.140809010665468 12.140921108751495 12.161282786679434 12.182686716635565 12.182741473929966 12.278732106533669 12.372281323269014 12.390333369434991 12.391869828283356 12.40050966876609 12.441818146343817 12.956234043624958 12.96324946416218 12.97862808753927 12.992236728051754 13.742216836480083 13.743738487466967 13.743748230472482 13.745308213194278 
0 -1 1 2.9082094040307993e-15 1.0155976961268562 1.0578111710369908 1.0947738348571452 1.8471057791798924 2.227206046251776 2.345835891959399 2.63468134136982 2.8036177821733332 2.939910669467629 2.987926441981941 3.023976625705337 3.3251813256370713 3.3410457844587826 3.394713083817359 3.4886251439459417 3.5297007167351158 3.539568691429883 3.657567850274258 3.8682185453610045 3.8858210902551504 3.9878749040814983 4.05451619165877 4.146011573531821 4.159720074215782 4.167855833598055 4.283995218324119 4.289755132592064 4.3377666995369335 4.406916794325147 4.519391727474009 4.601927555836568 4.7084978790114365 4.874782539811095 4.9183905975724915 4.957171266320532 5.013939801717686 5.017250947371453 5.025964815134245 5.206040529800921 5.307441801957885 5.4587085106751925 5.4789500747557955 5.605822967281349 5.645955424671841 5.7327802491746 5.842864250991445 5.856117488946295 5.874476739292158 6.375845724717809 6.382848567658854 6.444370859805453 6.549658441239931 6.59664750849148 6.627718676730982 6.65872377806395 6.750859753184725 6.761342824123856 6.9835667313088425 7.139240909337229 7.180189006252755 7.284761459695733 7.290663636221417 7.410848031178621 7.4125909551164755 7.6289991506764006 7.718541904717106 7.814264644190316 7.943906180207018 7.970584574311483 8.159777851799825 8.319977313292547 8.447247963221429 8.477492733404153 8.528776714180415 8.560388534772947 8.687191851144108 8.755204197411803 8.819712827685688 8.825745514990645 8.835911220268391 8.885676864578407 8.972006016187574 8.995579358119658 9.000000000000012 9.029378034302836 9.130697018418623 9.151632841463428 9.243117180283086 9.290549301013966 9.442712427197366 9.4452653360113 9.713035103413862 9.76531648289082 9.839980151932712 9.862983761468126 9.942017600853315 9.98781286392626 9.999999999999988 9.999999999999998 10.000000000000002 10.000000000000005 10.00000000000001 10.801399037093704 11.126920396863182 11.13098618680229 11.340037628773944 11.34147338783726 11.345171017320261 11.457610855093765 11.563360933191802 11.6241029678883 11.624773431349448 11.675069085089364 11.784733728725014 11.85193257189246 11.900470421763092 11.951479236881653 12.000000000000002 12.140809010665468 12.140921108751495 12.161282786679434 12.182686716635565 12.182741473929966 12.278732106533669 12.372281323269014 12.390333369434991 12.391869828283356 12.40050966876609 12.441818146343817 12.956234043624958 12.96324946416218 12.97862808753927 12.992236728051754 13.742216836480083 13.743738487466967 13.743748230472482 13.745308213194278 
0 -2 0 1.1298690365950486 2.296902388788544 2.713284003245911 2.8484104397166483 2.916733473392471 3.0549660621988313 3.2236676834181286 3.7121167949895777 3.8281200332743035 4.043816908171713 4.1845382616521185 4.356254094467795 4.3739142638029636 4.404867082300008 4.427871149879639 4.464920365966035 4.595887803593023 4.60707244033052 4.697224362268009 4.711670001992188 4.729805461773061 5.133030127161189 5.22475942656121 5.237305950577905 5.249511882690537 5.361519642772934 5.441124588572088 5.548610205097172 6.073748464460123 6.145033806753632 6.154222703745684 6.1619747900147885 6.2184537215384035 6.282980127010608 6.571953847716894 6.86264393445838 6.880819584327029 6.915639301154795 6.9552623148338295 6.999999999999995 6.999999999999997 6.999999999999998 7.0839503675627205 7.085563135067353 7.505038238225023 7.533574878212286 7.641339393010082 7.64475145047414 7.9999999999999964 8.010319327810404 8.302775637732003 8.338172176027543 8.658045270984447 8.749576849745607 8.793675986078977 8.859626333522488 9.041843105025691 9.08411637726886 9.295533810838235 9.471189838969739 9.604282905355532 9.641974722621715 9.747812683331981 9.763674026768918 10.01994827333997 10.258377081315691 10.383837834113328 10.451442679672297 10.458125677560469 10.60373848157322 10.685501647502951 10.73590014336349 10.878399453755488 10.969683739228243 10.999999999999993 10.999999999999996 10.999999999999996 10.999999999999998 11.214451997985506 11.344059676510938 11.408414424047129 11.438167802758747 11.447417906263606 11.537545914082472 11.6715513135129 11.896092907516037 
0 -3 0 1.1298690365950486 2.296902388788544 2.713284003245911 2.8484104397166483 2.916733473392471 3.0549660621988313 3.2236676834181286 3.7121167949895777 3.8281200332743035 4.043816908171713 4.1845382616521185 4.356254094467795 4.3739142638029636 4.404867082300008 4.427871149879639 4.464920365966035 4.595887803593023 4.60707244033052 4.697224362268009 4.711670001992188 4.729805461773061 5.133030127161189 5.22475942656121 5.237305950577905 5.249511882690537 5.361519642772934 5.441124588572088 5.548610205097172 6.073748464460123 6.145033806753632 6.154222703745684 6.1619747900147885 6.2184537215384035 6.282980127010608 6.571953847716894 6.86264393445838 6.880819584327029 6.915639301154795 6.9552623148338295 6.999999999999995 6.999999999999997 6.999999999999998 7.0839503675627205 7.085563135067353 7.505038238225023 7.533574878212286 7.641339393010082 7.64475145047414 7.9999999999999964 8.010319327810404 8.302775637732003 8.338172176027543 8.658045270984447 8.749576849745607 8.793675986078977 8.859626333522488 9.041843105025691 9.08411637726886 9.295533810838235 9.471189838969739 9.604282905355532 9.641974722621715 9.747812683331981 9.763674026768918 10.01994827333997 10.258377081315691 10.383837834113328 10.451442679672297 10.458125677560469 10.60373848157322 10.685501647502951 10.73590014336349 10.878399453755488 10.969683739228243 10.999999999999993 10.999999999999996 10.999999999999996 10.999999999999998 11.214451997985506 11.344059676510938 11.408414424047129 11.438167802758747 11.447417906263606 11.537545914082472 11.6715513135129 11.896092907516037 
0 -4 0 3.0 4.35424868893541 6.0 6.0 6.0 6.0 6.0 6.0 6.0 6.0 6.0 6.0 6.0 6.0 6.0 7.0 9.645751311064588 
0 -5 0 3.0 4.35424868893541 6.0 6.0 6.0 6.0 6.0 6.0 6.0 6.0 6.0 6.0 6.0 6.0 6.0 7.0 9.645751311064588 
-1 4 0 4.0 
-1 3 0 4.0 
-1 2 0 0.7523143454225876 1.2754813916129888 2.2831162995852914 4.0467929241543015 4.058489336844586 4.585786437626904 4.585786437626905 4.820419379402113 5.334792947169247 5.525023832234345 5.750328428829994 5.999999999999998 6.0 6.000000000000002 6.545937654378103 6.686336843768849 6.895697099842044 7.414213562373098 7.4142135623730985 8.061521589892555 8.768475385656439 8.924084092552548 8.978632281686094 9.766692333672758 9.90863756211124 9.999999999999988 9.999999999999998 10.000000000000009 10.808484065679297 10.80874220550465 
-1 1 0 0.7523143454225876 1.2754813916129888 2.2831162995852914 4.0467929241543015 4.058489336844586 4.585786437626904 4.585786437626905 4.820419379402113 5.334792947169247 5.525023832234345 5.750328428829994 5.999999999999998 6.0 6.000000000000002 6.545937654378103 6.686336843768849 6.895697099842044 7.414213562373098 7.4142135623730985 8.061521589892555 8.768475385656439 8.924084092552548 8.978632281686094 9.766692333672758 9.90863756211124 9.999999999999988 9.999999999999998 10.000000000000009 10.808484065679297 10.80874220550465 
-1 0 1 -1.9794404877239024e-15 0.7422869467951875 1.0155976961268582 1.0947738348571405 1.8471057791798915 2.3458358919593896 2.4524147725090963 2.5677099368738694 2.9399106694676185 3.0239766257053406 3.394713083817357 3.5395686914298796 3.657567850274255 3.8682185453610085 3.9669762624192857 3.9878749040814974 4.1678558335980584 4.289755132592067 4.354248688935409 4.354248688935412 4.519391727474009 4.708497879011422 4.874782539811097 5.025964815134244 5.127077268721157 5.206040529800931 5.64595542467184 5.856117488946307 5.87447673929216 5.930490674218678 6.375845724717811 6.444370859805454 6.549658441239933 6.596647508491484 6.673802682650829 6.76134282412386 7.139240909337238 7.29066363622142 7.296438364515767 7.412590955116472 7.520501774288244 7.628999150676413 7.718541904717113 7.943906180207022 7.9705845743114745 8.204828425411772 8.319977313292549 8.560388534772944 8.687191851144103 8.835911220268384 8.88567686457841 8.999999999999996 9.000000000000004 9.000000000000005 9.029378034302844 9.24311718028308 9.64575131106459 9.645751311064592 9.713035103413866 9.765316482890826 9.942017600853317 9.987812863926266 9.999999999999996 10.000000000000005 10.423347119757695 10.679080238417448 11.130986186802295 11.340037628773945 11.345171017320249 11.41504553342098 11.624102967888296 11.624773431349446 11.78473372872501 11.951479236881653 11.99999999999999 11.999999999999993 11.999999999999995 12.0 12.000000000000004 12.000000000000005 12.000000000000005 12.000000000000009 12.140809010665476 12.140921108751499 12.182686716635567 12.182741473929962 12.956234043624951 12.963249464162176 12.978628087539272 12.992236728051749 13.742216836480084 13.743738487466967 13.743748230472479 13.745308213194273 
-1 -1 1 -1.9794404877239024e-15 0.7422869467951875 1.0155976961268582 1.0947738348571405 1.8471057791798915 2.3458358919593896 2.4524147725090963 2.5677099368738694 2.9399106694676185 3.0239766257053406 3.394713083817357 3.5395686914298796 3.657567850274255 3.8682185453610085 3.9669762624192857 3.9878749040814974 4.1678558335980584 4.289755132592067 4.354248688935409 4.354248688935412 4.519391727474009 4.708497879011422 4.874782539811097 5.025964815134244 5.127077268721157 5.206040529800931 5.64595542467184 5.856117488946307 5.87447673929216 5.930490674218678 6.375845724717811 6.444370859805454 6.549658441239933 6.596647508491484 6.673802682650829 6.76134282412386 7.139240909337238 7.29066363622142 7.296438364515767 7.412590955116472 7.520501774288244 7.628999150676413 7.718541904717113 7.943906180207022 7.9705845743114745 8.204828425411772 8.319977313292549 8.560388534772944 8.687191851144103 8.835911220268384 8.88567686457841 8.999999999999996 9.000000000000004 9.000000000000005 9.029378034302844 9.24311718028308 9.64575131106459 9.645751311064592 9.713035103413866 9.765316482890826 9.942017600853317 9.987812863926266 9.999999999999996 10.000000000000005 10.423347119757695 10.679080238417448 11.130986186802295 11.340037628773945 11.345171017320249 11.41504553342098 11.624102967888296 11.624773431349446 11.78473372872501 11.951479236881653 11.99999999999999 11.999999999999993 11.999999999999995 12.0 12.000000000000004 12.000000000000005 12.000000000000005 12.000000000000009 12.140809010665476 12.140921108751499 12.182686716635567 12.182741473929962 12.956234043624951 12.963249464162176 12.978628087539272 12.992236728051749 13.742216836480084 13.743738487466967 13.743748230472479 13.745308213194273 
-1 -2 0 0.40556817492042785 1.0259416368352259 1.129869036595048 1.270333098590339 2.2969023887885562 2.4937930138669584 2.7132840032459042 2.892188121125627 2.916733473392462 3.041263723965236 3.054966062198823 3.098966024418987 3.223667683418139 3.341349996496455 3.71211679498958 3.7234833141276793 4.104854920050338 4.162678373907595 4.184538261652105 4.342979566217914 4.373914263802962 4.40486708230001 4.427871149879646 4.59588780359302 4.711670001992191 4.729805461773062 4.8313404695333375 5.159148218038069 5.224759426561211 5.249511882690546 5.44112458857209 6.145033806753629 6.218453721538393 6.219245882285752 6.282980127010591 6.568974915379529 6.5719538477169 6.86264393445839 6.896966155939317 6.915639301154788 6.923372468823332 6.930859647390379 6.95526231483383 6.999999999999999 7.08556313506735 7.533574878212289 7.641339393010086 7.644751450474148 7.659699285245419 7.679382486382719 7.839612824682851 8.010319327810397 8.180741747075716 8.449414683027234 8.55086744685451 8.749576849745605 9.295533810838231 9.400299433965415 9.471189838969735 9.604282905355545 9.641974722621722 9.76367402676892 9.78324611132546 10.383837834113338 10.603738481573219 10.685501647502951 10.73590014336349 10.878399453755478 10.969683739228246 10.999999999999993 11.0 11.214451997985512 11.344059676510946 11.395435479203831 11.408414424047143 11.438167802758755 11.447417906263617 11.487140523585438 11.504523777968831 11.537545914082477 11.661347533819633 11.671551313512907 11.799662961836791 11.896092907516053 12.046741347117338 12.12865102275966 12.284880392604547 12.408756787289919 12.583095749486318 12.803569697000116 12.85560390741189 12.942938691101025 13.121080388342826 14.000000000000004 
-1 -3 0 0.40556817492042785 1.0259416368352259 1.129869036595048 1.270333098590339 2.2969023887885562 2.4937930138669584 2.7132840032459042 2.892188121125627 2.916733473392462 3.041263723965236 3.054966062198823 3.098966024418987 3.223667683418139 3.341349996496455 3.71211679498958 3.7234833141276793 4.104854920050338 4.162678373907595 4.184538261652105 4.342979566217914 4.373914263802962 4.40486708230001 4.427871149879646 4.59588780359302 4.711670001992191 4.729805461773062 4.8313404695333375 5.159148218038069 5.224759426561211 5.249511882690546 5.44112458857209 6.145033806753629 6.218453721538393 6.219245882285752 6.282980127010591 6.568974915379529 6.5719538477169 6.86264393445839 6.896966155939317 6.915639301154788 6.923372468823332 6.930859647390379 6.95526231483383 6.999999999999999 7.08556313506735 7.533574878212289 7.641339393010086 7.644751450474148 7.659699285245419 7.679382486382719 7.839612824682851 8.010319327810397 8.180741747075716 8.449414683027234 8.55086744685451 8.749576849745605 9.295533810838231 9.400299433965415 9.471189838969735 9.604282905355545 9.641974722621722 9.76367402676892 9.78324611132546 10.383837834113338 10.603738481573219 10.685501647502951 10.73590014336349 10.878399453755478 10.969683739228246 10.999999999999993 11.0 11.214451997985512 11.344059676510946 11.395435479203831 11.408414424047143 11.438167802758755 11.447417906263617 11.487140523585438 11.504523777968831 11.537545914082477 11.661347533819633 11.671551313512907 11.799662961836791 11.896092907516053 12.046741347117338 12.12865102275966 12.284880392604547 12.408756787289919 12.583095749486318 12.803569697000116 12.85560390741189 12.942938691101025 13.121080388342826 14.000000000000004 
-1 -4 0 1.3242988453040623 2.3730119991784187 2.9999999999999996 2.9999999999999996 3.0 3.7009096661146526 4.354248688935411 4.354248688935413 4.660627250679879 5.177768802777209 5.999999999999992 5.9999999999999964 5.999999999999998 6.0 6.0 6.0 6.0 6.000000000000001 6.000000000000002 6.000000000000003 6.000000000000005 6.000000000000007 6.999999999999999 7.0 7.0 7.000000000000001 9.645751311064592 9.645751311064595 9.667313896778872 10.09606953916691 
-1 -5 0 1.3242988453040623 2.3730119991784187 2.9999999999999996 2.9999999999999996 3.0 3.7009096661146526 4.354248688935411 4.354248688935413 4.660627250679879 5.177768802777209 5.999999999999992 5.9999999999999964 5.999999999999998 6.0 6.0 6.0 6.0 6.000000000000001 6.000000000000002 6.000000000000003 6.000000000000005 6.000000000000007 6.999999999999999 7.0 7.0 7.000000000000001 9.645751311064592 9.645751311064595 9.667313896778872 10.09606953916691 
-2 2 0 4.585786437626905 5.999999999999999 7.414213562373096 
-2 1 0 4.585786437626905 5.999999999999999 7.414213562373096 
-2 0 0 0.7422869467951824 2.4524147725090937 2.567709936873867 3.966976262419288 4.354248688935405 4.354248688935406 5.127077268721159 5.930490674218681 6.000000000000005 6.673802682650829 7.296438364515764 7.520501774288236 8.204828425411774 8.999999999999996 8.999999999999998 9.0 9.0 9.000000000000002 9.645751311064588 9.64575131106459 10.423347119757702 10.679080238417447 11.41504553342098 11.99999999999999 11.999999999999991 11.999999999999996 12.0 12.0 12.000000000000005 12.000000000000007 
-2 -1 0 0.7422869467951824 2.4524147725090937 2.567709936873867 3.966976262419288 4.354248688935405 4.354248688935406 5.127077268721159 5.930490674218681 6.000000000000005 6.673802682650829 7.296438364515764 7.520501774288236 8.204828425411774 8.999999999999996 8.999999999999998 9.0 9.0 9.000000000000002 9.645751311064588 9.64575131106459 10.423347119757702 10.679080238417447 11.41504553342098 11.99999999999999 11.999999999999991 11.999999999999996 12.0 12.0 12.000000000000005 12.000000000000007 
-2 -2 0 0.4055681749204382 1.0259416368352332 1.270333098590343 2.4937930138669633 2.591705999412841 2.8921881211256317 3.0412637239652316 3.098966024418986 3.341349996496452 3.723483314127673 4.10485492005034 4.1626783739075925 4.342979566217907 4.730021868660275 4.831340469533343 5.159148218038059 5.36384658465186 6.219245882285745 6.533032283403892 6.568974915379528 6.896966155939322 6.923372468823335 6.930859647390377 7.47970064315009 7.6596992852454155 7.679382486382712 7.839612824682841 8.18074174707571 8.366364077452085 8.449414683027234 8.550867446854499 9.400299433965408 9.783246111325465 11.395435479203828 11.487140523585435 11.504523777968828 11.661347533819635 11.792594369158266 11.799662961836793 12.046741347117337 12.128651022759655 12.139626588142072 12.284880392604544 12.408756787289928 12.58309574948632 12.803569697000126 12.855603907411895 12.942938691101027 13.003107585968602 13.121080388342827 13.999999999999998 13.999999999999998 14.0 14.0 
-2 -3 0 0.4055681749204382 1.0259416368352332 1.270333098590343 2.4937930138669633 2.591705999412841 2.8921881211256317 3.0412637239652316 3.098966024418986 3.341349996496452 3.723483314127673 4.10485492005034 4.1626783739075925 4.342979566217907 4.730021868660275 4.831340469533343 5.159148218038059 5.36384658465186 6.219245882285745 6.533032283403892 6.568974915379528 6.896966155939322 6.923372468823335 6.930859647390377 7.47970064315009 7.6596992852454155 7.679382486382712 7.839612824682841 8.18074174707571 8.366364077452085 8.449414683027234 8.550867446854499 9.400299433965408 9.783246111325465 11.395435479203828 11.487140523585435 11.504523777968828 11.661347533819635 11.792594369158266 11.799662961836793 12.046741347117337 12.128651022759655 12.139626588142072 12.284880392604544 12.408756787289928 12.58309574948632 12.803569697000126 12.855603907411895 12.942938691101027 13.003107585968602 13.121080388342827 13.999999999999998 13.999999999999998 14.0 14.0 
-2 -4 1 1.7845170045515702e-16 1.324298845304064 1.708335770634621 2.373011999178416 3.0 3.0000000000000013 3.5744903623810167 3.700909666114649 4.2904302653671325 4.354248688935411 4.660627250679882 4.675123736049082 5.177768802777206 5.438059262594572 5.999999999999987 5.999999999999998 6.000000000000001 6.000000000000002 6.999999999999998 7.0 7.000000000000001 7.000000000000002 7.000000000000005 7.650185434341976 9.645751311064588 9.667313896778868 9.707083272345251 10.09606953916693 10.221574969722568 10.734716926563786 
-2 -5 1 1.7845170045515702e-16 1.324298845304064 1.708335770634621 2.373011999178416 3.0 3.0000000000000013 3.5744903623810167 3.700909666114649 4.2904302653671325 4.354248688935411 4.660627250679882 4.675123736049082 5.177768802777206 5.438059262594572 5.999999999999987 5.999999999999998 6.000000000000001 6.000000000000002 6.999999999999998 7.0 7.000000000000001 7.000000000000002 7.000000000000005 7.650185434341976 9.645751311064588 9.667313896778868 9.707083272345251 10.09606953916693 10.221574969722568 10.734716926563786 
-2 -6 0 3.0 3.0 3.0 
-1 -6 0 3.0 
-2 -7 0 3.0 3.0 3.0 
-1 -7 0 3.0 
-3 0 0 5.999999999999998 8.999999999999998 9.0 
-3 -1 0 5.999999999999998 8.999999999999998 9.0 
-3 -2 0 2.5917059994128424 4.730021868660284 5.363846584651859 6.5330322834038945 7.479700643150096 8.366364077452085 10.0 11.792594369158264 12.139626588142075 13.0031075859686 14.0 14.000000000000002 14.000000000000007 
-3 -3 0 2.5917059994128424 4.730021868660284 5.363846584651859 6.5330322834038945 7.479700643150096 8.366364077452085 10.0 11.792594369158264 12.139626588142075 13.0031075859686 14.0 14.000000000000002 14.000000000000007 
-3 -4 0 1.708335770634619 3.57449036238102 4.227998127341238 4.2904302653671325 4.675123736049081 5.438059262594569 6.999999999999998 7.000000000000001 7.650185434341972 9.707083272345251 10.221574969722575 10.734716926563785 12.772001872658775 
-3 -5 0 1.708335770634619 3.57449036238102 4.227998127341238 4.2904302653671325 4.675123736049081 5.438059262594569 6.999999999999998 7.000000000000001 7.650185434341972 9.707083272345251 10.221574969722575 10.734716926563785 12.772001872658775 
-3 -6 0 3.0 3.0 3.0 
-3 -7 0 3.0 3.0 3.0 
-4 -2 0 10.0 
-4 -3 0 10.0 
-4 -4 0 4.227998127341235 12.772001872658766 
-4 -5 0 4.227998127341235 12.772001872658766 
-4 -6 0 3.0 
-4 -7 0 3.0 
