4 12 0 0.9999999999999999 3.0 4.0 4.0 
5 12 0 4.0 
4 11 0 0.9999999999999999 3.0 4.0 4.0 
5 11 0 4.0 
4 10 0 1.1000714268508438 2.050552868701766 3.0546105012763345 4.174500317281403 4.582452091711414 4.764762281789711 5.171572875253811 5.7408751512911795 6.714991153190132 7.305324360331979 8.36211671719117 8.877325040273345 9.272418090110738 10.828427124746192 
5 10 0 5.171572875253809 10.82842712474619 
4 9 0 1.1000714268508438 2.050552868701766 3.0546105012763345 4.174500317281403 4.582452091711414 4.764762281789711 5.171572875253811 5.7408751512911795 6.714991153190132 7.305324360331979 8.36211671719117 8.877325040273345 9.272418090110738 10.828427124746192 
5 9 0 5.171572875253809 10.82842712474619 
4 8 0 1.9212211388055846 3.297991682551092 3.818495457588962 5.394072355290745 5.932926334167877 7.0529688569559905 7.074379647153471 7.873031343081712 9.831260212642974 10.0 10.113742167302044 10.291688644342912 11.398222160116623 11.999999999999998 
5 8 0 10.0 
4 7 0 1.9212211388055846 3.297991682551092 3.818495457588962 5.394072355290745 5.932926334167877 7.0529688569559905 7.074379647153471 7.873031343081712 9.831260212642974 10.0 10.113742167302044 10.291688644342912 11.398222160116623 11.999999999999998 
5 7 0 10.0 
3 12 0 0.9999999999999999 3.0 3.0 4.0 
3 11 0 0.9999999999999999 3.0 3.0 4.0 
3 10 1 -3.468366773187628e-15 0.9474099677256003 1.100071426850849 1.5913682365749642 2.050552868701767 2.132852373908588 3.054610501276333 3.3000707449599935 3.6176677217960016 3.7299125876219015 4.069357654311025 4.174500317281402 4.582452091711412 4.588352851494785 4.76476228178971 5.274573243265051 5.461941341990433 5.7408751512911715 6.714991153190132 6.875889166227637 7.138358467104966 7.305324360331979 7.567818321305406 7.704427321713648 8.362116717191164 8.877325040273334 9.272418090110747 
3 9 1 -3.468366773187628e-15 0.9474099677256003 1.100071426850849 1.5913682365749642 2.050552868701767 2.132852373908588 3.054610501276333 3.3000707449599935 3.6176677217960016 3.7299125876219015 4.069357654311025 4.174500317281402 4.582452091711412 4.588352851494785 4.76476228178971 5.274573243265051 5.461941341990433 5.7408751512911715 6.714991153190132 6.875889166227637 7.138358467104966 7.305324360331979 7.567818321305406 7.704427321713648 8.362116717191164 8.877325040273334 9.272418090110747 
3 8 0 0.4667020409547199 0.6677386021825145 1.168728550306214 1.6707547350552192 1.9212211388055798 2.0939078051748887 2.1162138859511863 2.7282612122718994 3.125467760935329 3.2979916825510944 3.5942819135633903 3.6967760734683304 3.818495457588965 3.914393302011965 4.381522835175502 4.634506922539969 5.032913365694746 5.342533642370314 5.394072355290743 5.414377763421042 5.561459620438359 5.79288120866123 5.93292633416788 6.256656045263635 6.519455603001774 7.05296885695599 7.074379647153472 7.130375381438558 7.375006019644736 7.812912824312846 7.873031343081701 9.456520236391512 9.656307037910299 9.831260212642972 10.093121627989674 10.113742167302052 10.221768482377007 10.291688644342914 10.627462131748493 10.866948338697199 11.047252985441627 11.061355221823929 11.39822216011662 11.657454019718493 11.81398280406341 11.999999999999991 
3 7 0 0.4667020409547199 0.6677386021825145 1.168728550306214 1.6707547350552192 1.9212211388055798 2.0939078051748887 2.1162138859511863 2.7282612122718994 3.125467760935329 3.2979916825510944 3.5942819135633903 3.6967760734683304 3.818495457588965 3.914393302011965 4.381522835175502 4.634506922539969 5.032913365694746 5.342533642370314 5.394072355290743 5.414377763421042 5.561459620438359 5.79288120866123 5.93292633416788 6.256656045263635 6.519455603001774 7.05296885695599 7.074379647153472 7.130375381438558 7.375006019644736 7.812912824312846 7.873031343081701 9.456520236391512 9.656307037910299 9.831260212642972 10.093121627989674 10.113742167302052 10.221768482377007 10.291688644342914 10.627462131748493 10.866948338697199 11.047252985441627 11.061355221823929 11.39822216011662 11.657454019718493 11.81398280406341 11.999999999999991 
3 6 0 0.6876780932311177 1.9055125957227275 2.14008389892218 2.7296240542933514 3.07895115784763 3.750662141377153 3.8751145802354254 4.039966450969216 4.415221635634027 4.85033397918065 5.322199512869217 6.267278501036758 6.4282435732569425 6.767491412965931 7.363328237932681 7.617548327297164 8.0 8.007537717378987 8.075493437302786 8.490743457307639 8.76155718183189 8.767781436680158 8.926129140778182 8.982791951452091 9.434796307766693 9.540524184080692 9.773407032648683 
4 6 0 3.8751145802354254 7.363328237932684 8.0 8.76155718183189 
3 5 0 0.6876780932311177 1.9055125957227275 2.14008389892218 2.7296240542933514 3.07895115784763 3.750662141377153 3.8751145802354254 4.039966450969216 4.415221635634027 4.85033397918065 5.322199512869217 6.267278501036758 6.4282435732569425 6.767491412965931 7.363328237932681 7.617548327297164 8.0 8.007537717378987 8.075493437302786 8.490743457307639 8.76155718183189 8.767781436680158 8.926129140778182 8.982791951452091 9.434796307766693 9.540524184080692 9.773407032648683 
4 5 0 3.8751145802354254 7.363328237932684 8.0 8.76155718183189 
2 12 0 3.0 
2 11 0 3.0 
2 10 0 0.947409967725598 1.5913682365749664 2.132852373908585 3.3000707449599966 3.585786437626905 3.6176677217960034 3.729912587621896 4.069357654311025 4.588352851494782 4.999999999999999 5.27457324326505 5.461941341990428 6.414213562373097 6.875889166227635 7.1383584671049665 7.567818321305407 7.704427321713648 
2 9 0 0.947409967725598 1.5913682365749664 2.132852373908585 3.3000707449599966 3.585786437626905 3.6176677217960034 3.729912587621896 4.069357654311025 4.588352851494782 4.999999999999999 5.27457324326505 5.461941341990428 6.414213562373097 6.875889166227635 7.1383584671049665 7.567818321305407 7.704427321713648 
2 8 0 0.46670204095470336 0.667738602182502 1.168728550306219 1.6707547350552125 1.6779442711814625 2.0939078051748834 2.1162138859511805 2.5583665278683214 2.7282612122718963 3.0464418370881883 3.125467760935332 3.5942819135633943 3.6967760734683246 3.831388707349348 3.9143933020119617 4.03775684099808 4.171765645645882 4.381522835175496 4.6345069225399715 4.6580486223980415 5.032913365694747 5.3425336423703165 5.414377763421037 5.561459620438355 5.792881208661232 5.921446503315418 6.101422943590391 6.256656045263638 6.481573080395665 6.519455603001773 7.097081216759303 7.130375381438563 7.375006019644735 7.812912824312842 8.013575282516634 8.411827624361095 8.607827694437828 8.983227681963696 9.236521985806478 9.456520236391501 9.630664380412432 9.656307037910313 9.751866007683548 9.781253146228192 10.0 10.09312162798968 10.221768482377007 10.627462131748494 10.86694833869719 11.047252985441613 11.061355221823947 11.657454019718484 11.813982804063398 
2 7 0 0.46670204095470336 0.667738602182502 1.168728550306219 1.6707547350552125 1.6779442711814625 2.0939078051748834 2.1162138859511805 2.5583665278683214 2.7282612122718963 3.0464418370881883 3.125467760935332 3.5942819135633943 3.6967760734683246 3.831388707349348 3.9143933020119617 4.03775684099808 4.171765645645882 4.381522835175496 4.6345069225399715 4.6580486223980415 5.032913365694747 5.3425336423703165 5.414377763421037 5.561459620438355 5.792881208661232 5.921446503315418 6.101422943590391 6.256656045263638 6.481573080395665 6.519455603001773 7.097081216759303 7.130375381438563 7.375006019644735 7.812912824312842 8.013575282516634 8.411827624361095 8.607827694437828 8.983227681963696 9.236521985806478 9.456520236391501 9.630664380412432 9.656307037910313 9.751866007683548 9.781253146228192 10.0 10.09312162798968 10.221768482377007 10.627462131748494 10.86694833869719 11.047252985441613 11.061355221823947 11.657454019718484 11.813982804063398 
2 6 1 8.624630716495266e-15 0.6876780932311048 1.542221406602275 1.9022234582407296 1.9055125957227192 2.1400838989221818 2.1666245065396885 2.6825058049138724 2.729624054293349 2.9476781003181154 3.078951157847625 3.1457175139236426 3.58878811892194 3.7506621413771604 4.039966450969219 4.164677758830174 4.223407829276863 4.397168095737927 4.415221635634033 4.850333979180648 5.0306004623290566 5.322199512869218 5.901859163151137 6.1414961171714015 6.267278501036755 6.339569988777665 6.409489365195306 6.428243573256941 6.5967457240239185 6.767491412965932 6.855817834447779 7.174426940269026 7.553165387991183 7.6175483272971665 8.007537717378987 8.07549343730279 8.490743457307634 8.767781436680156 8.926129140778182 8.982791951452093 9.318403638443344 9.434796307766694 9.540524184080699 9.663484663792337 9.773407032648686 10.013249629516771 10.101586791865255 10.56235115552497 10.947270734630663 11.082988521081967 11.153774329570847 11.392706958912111 12.000000000000004 
2 5 1 8.624630716495266e-15 0.6876780932311048 1.542221406602275 1.9022234582407296 1.9055125957227192 2.1400838989221818 2.1666245065396885 2.6825058049138724 2.729624054293349 2.9476781003181154 3.078951157847625 3.1457175139236426 3.58878811892194 3.7506621413771604 4.039966450969219 4.164677758830174 4.223407829276863 4.397168095737927 4.415221635634033 4.850333979180648 5.0306004623290566 5.322199512869218 5.901859163151137 6.1414961171714015 6.267278501036755 6.339569988777665 6.409489365195306 6.428243573256941 6.5967457240239185 6.767491412965932 6.855817834447779 7.174426940269026 7.553165387991183 7.6175483272971665 8.007537717378987 8.07549343730279 8.490743457307634 8.767781436680156 8.926129140778182 8.982791951452093 9.318403638443344 9.434796307766694 9.540524184080699 9.663484663792337 9.773407032648686 10.013249629516771 10.101586791865255 10.56235115552497 10.947270734630663 11.082988521081967 11.153774329570847 11.392706958912111 12.000000000000004 
2 4 0 1.248974149050305 1.6520352388940496 2.476904409368328 3.1514233680475847 3.323404945221821 3.361821935115838 4.378321177348417 4.514916052624579 4.581237310478064 5.091917655215179 5.56688862759463 5.629917155973917 5.968708861050753 6.44129091041246 6.455794136141136 6.715140129278741 8.441303938184188 
3 4 0 2.4769044093683292 4.51491605262458 5.566888627594628 6.4412909104124605 
2 3 0 1.248974149050305 1.6520352388940496 2.476904409368328 3.1514233680475847 3.323404945221821 3.361821935115838 4.378321177348417 4.514916052624579 4.581237310478064 5.091917655215179 5.56688862759463 5.629917155973917 5.968708861050753 6.44129091041246 6.455794136141136 6.715140129278741 8.441303938184188 
3 3 0 2.4769044093683292 4.51491605262458 5.566888627594628 6.4412909104124605 
1 10 0 3.5857864376269033 5.0 6.414213562373093 
1 9 0 3.5857864376269033 5.0 6.414213562373093 
1 8 0 1.677944271181464 2.558366527868319 3.046441837088183 3.2679491924311193 3.8313887073493422 4.037756840998082 4.171765645645878 4.6580486223980415 5.921446503315414 6.1014229435903955 6.481573080395661 6.732050807568875 7.097081216759299 7.999999999999999 8.0 8.013575282516639 8.411827624361104 8.607827694437828 8.983227681963692 9.236521985806483 9.630664380412426 9.751866007683544 9.781253146228186 10.000000000000004 
1 7 0 1.677944271181464 2.558366527868319 3.046441837088183 3.2679491924311193 3.8313887073493422 4.037756840998082 4.171765645645878 4.6580486223980415 5.921446503315414 6.1014229435903955 6.481573080395661 6.732050807568875 7.097081216759299 7.999999999999999 8.0 8.013575282516639 8.411827624361104 8.607827694437828 8.983227681963692 9.236521985806483 9.630664380412426 9.751866007683544 9.781253146228186 10.000000000000004 
1 6 0 0.9652610690386866 1.5422214066022708 1.9022234582407216 2.166624506539694 2.3391633068321864 2.6825058049138795 2.947678100318114 3.145717513923642 3.5327201884290416 3.588788118921936 4.164677758830178 4.223407829276869 4.397168095737928 4.566624531605349 5.030600462329057 5.28647926916425 5.9018591631511335 6.141496117171406 6.3395699887776695 6.409489365195315 6.498170980392244 6.596745724023921 6.855817834447783 7.174426940269025 7.311615546737046 7.553165387991193 7.87915032638736 9.318403638443346 9.663484663792342 9.865038632882925 9.882393966420752 10.01324962951677 10.101586791865254 10.521075975104624 10.56235115552496 10.94727073463066 11.082988521081948 11.153774329570853 11.352306207005535 11.392706958912118 12.0 12.000000000000005 
1 5 0 0.9652610690386866 1.5422214066022708 1.9022234582407216 2.166624506539694 2.3391633068321864 2.6825058049138795 2.947678100318114 3.145717513923642 3.5327201884290416 3.588788118921936 4.164677758830178 4.223407829276869 4.397168095737928 4.566624531605349 5.030600462329057 5.28647926916425 5.9018591631511335 6.141496117171406 6.3395699887776695 6.409489365195315 6.498170980392244 6.596745724023921 6.855817834447783 7.174426940269025 7.311615546737046 7.553165387991193 7.87915032638736 9.318403638443346 9.663484663792342 9.865038632882925 9.882393966420752 10.01324962951677 10.101586791865254 10.521075975104624 10.56235115552496 10.94727073463066 11.082988521081948 11.153774329570853 11.352306207005535 11.392706958912118 12.0 12.000000000000005 
1 4 0 1.2489741490503072 1.404168180389639 1.6520352388940465 2.5364795583700084 3.1514233680475843 3.291521379394024 3.3234049452218213 3.3618219351158345 3.579587651692145 4.37832117734842 4.57650051943284 4.581237310478064 4.853441522687248 5.091917655215176 5.62991715597392 5.968708861050754 6.3865300447099544 6.455794136141136 6.715140129278745 7.758325947565665 8.441303938184188 8.783424664394122 9.284630351696878 9.545390179667473 
1 3 0 1.2489741490503072 1.404168180389639 1.6520352388940465 2.5364795583700084 3.1514233680475843 3.291521379394024 3.3234049452218213 3.3618219351158345 3.579587651692145 4.37832117734842 4.57650051943284 4.581237310478064 4.853441522687248 5.091917655215176 5.62991715597392 5.968708861050754 6.3865300447099544 6.455794136141136 6.715140129278745 7.758325947565665 8.441303938184188 8.783424664394122 9.284630351696878 9.545390179667473 
1 2 0 3.0 3.0 3.0 
2 2 0 3.0 
1 1 0 3.0 3.0 3.0 
2 1 0 3.0 
0 8 0 3.2679491924311233 6.732050807568873 7.999999999999999 8.0 
0 7 0 3.2679491924311233 6.732050807568873 7.999999999999999 8.0 
0 6 0 0.9652610690386885 2.339163306832183 3.5327201884290402 4.56662453160535 5.286479269164252 6.498170980392239 7.3116155467370465 7.879150326387358 9.86503863288293 9.882393966420755 10.0 10.521075975104626 11.35230620700554 11.999999999999996 
0 5 0 0.9652610690386885 2.339163306832183 3.5327201884290402 4.56662453160535 5.286479269164252 6.498170980392239 7.3116155467370465 7.879150326387358 9.86503863288293 9.882393966420755 10.0 10.521075975104626 11.35230620700554 11.999999999999996 
0 4 1 -1.762479051592436e-15 1.4041681803896364 2.5364795583700133 3.2915213793940286 3.5795876516921457 4.576500519432844 4.853441522687247 5.17157287525381 6.386530044709954 7.758325947565664 8.783424664394122 9.284630351696878 9.545390179667473 10.828427124746195 
0 3 1 -1.762479051592436e-15 1.4041681803896364 2.5364795583700133 3.2915213793940286 3.5795876516921457 4.576500519432844 4.853441522687247 5.17157287525381 6.386530044709954 7.758325947565664 8.783424664394122 9.284630351696878 9.545390179667473 10.828427124746195 
0 2 1 -5.22368606703516e-16 2.999999999999999 3.0 4.0 
0 1 1 -5.22368606703516e-16 2.999999999999999 3.0 4.0 
-1 6 0 10.0 
-1 5 0 10.0 
-1 4 0 5.171572875253809 10.82842712474619 
-1 3 0 5.171572875253809 10.82842712474619 
-1 2 0 4.0 
-1 1 0 4.0 
