1 3 0 0.5857864376269051 2.0 3.4142135623730954 4.0 
2 3 0 4.0 
1 2 0 0.5857864376269051 2.0 3.4142135623730954 4.0 
2 2 0 4.0 
1 1 0 0.9643186596574604 1.2534317530042804 2.4132146215648933 3.5450959087764735 6.900004565393371 7.201472338219241 7.722462153384273 7.999999999999999 
2 1 0 8.0 
1 0 0 0.9643186596574604 1.2534317530042804 2.4132146215648933 3.5450959087764735 6.900004565393371 7.201472338219241 7.722462153384273 7.999999999999999 
2 0 0 8.0 
0 3 0 0.585786437626905 1.9999999999999998 3.414213562373095 
0 2 0 0.585786437626905 1.9999999999999998 3.414213562373095 
0 1 1 -3.170275613933844e-15 0.9643186596574628 1.2534317530042813 1.4384471871911688 2.413214621564892 3.545095908776474 4.9999999999999964 5.561552812808825 5.999999999999996 6.900004565393372 7.201472338219239 7.722462153384271 
0 0 1 -3.170275613933844e-15 0.9643186596574628 1.2534317530042813 1.4384471871911688 2.413214621564892 3.545095908776474 4.9999999999999964 5.561552812808825 5.999999999999996 6.900004565393372 7.201472338219239 7.722462153384271 
0 -1 1 -9.29739827248185e-16 0.9643186596574604 1.253431753004282 1.438447187191169 2.413214621564892 3.5450959087764775 4.999999999999998 5.56155281280883 5.999999999999999 6.90000456539337 7.20147233821924 7.722462153384274 
1 -1 0 1.4384471871911697 4.999999999999999 5.56155281280883 6.0 
0 -2 1 -9.29739827248185e-16 0.9643186596574604 1.253431753004282 1.438447187191169 2.413214621564892 3.5450959087764775 4.999999999999998 5.56155281280883 5.999999999999999 6.90000456539337 7.20147233821924 7.722462153384274 
1 -2 0 1.4384471871911697 4.999999999999999 5.56155281280883 6.0 
-1 1 0 1.4384471871911697 4.999999999999999 5.56155281280883 6.0 
-1 0 0 1.4384471871911697 4.999999999999999 5.56155281280883 6.0 
-1 -1 0 0.9643186596574619 1.2534317530042836 2.413214621564894 3.5450959087764753 6.900004565393371 7.201472338219241 7.722462153384274 8.0 
-1 -2 0 0.9643186596574619 1.2534317530042836 2.413214621564894 3.5450959087764753 6.900004565393371 7.201472338219241 7.722462153384274 8.0 
-1 -3 0 0.585786437626905 1.9999999999999996 3.414213562373095 3.999999999999999 
0 -3 0 0.585786437626905 1.9999999999999998 3.414213562373095 
-1 -4 0 0.585786437626905 1.9999999999999996 3.414213562373095 3.999999999999999 
0 -4 0 0.585786437626905 1.9999999999999998 3.414213562373095 
-2 -1 0 8.0 
-2 -2 0 8.0 
-2 -3 0 4.0 
-2 -4 0 4.0 
