4 10 0 0.9999999999999999 3.0 4.0 4.0 
5 10 0 4.0 
4 9 0 0.9999999999999999 3.0 4.0 4.0 
5 9 0 4.0 
4 8 0 1.5124593960881794 2.2768541850548067 3.301941618670644 4.097981453586297 4.60100236236912 5.241056300547206 5.52786404500042 6.425031100024118 8.000000000000002 8.16342993614128 8.825873478390518 10.715797255735533 11.462818130780487 12.38242205088749 12.993332731724344 14.472135954999585 
5 8 0 5.52786404500042 14.47213595499958 
4 7 0 1.5124593960881794 2.2768541850548067 3.301941618670644 4.097981453586297 4.60100236236912 5.241056300547206 5.52786404500042 6.425031100024118 8.000000000000002 8.16342993614128 8.825873478390518 10.715797255735533 11.462818130780487 12.38242205088749 12.993332731724344 14.472135954999585 
5 7 0 5.52786404500042 14.47213595499958 
4 6 0 2.073265352049214 4.5007119107340054 4.8828946134416835 5.375521655898706 7.729474372418006 8.75511084711732 9.251121778891616 9.869763133921177 12.000000000000004 13.354736844699891 13.554862196150964 13.715195971007242 14.93734132367016 15.99999999999999 15.999999999999996 16.000000000000007 
5 6 0 12.0 
4 5 0 2.073265352049214 4.5007119107340054 4.8828946134416835 5.375521655898706 7.729474372418006 8.75511084711732 9.251121778891616 9.869763133921177 12.000000000000004 13.354736844699891 13.554862196150964 13.715195971007242 14.93734132367016 15.99999999999999 15.999999999999996 16.000000000000007 
5 5 0 12.0 
3 10 0 0.9999999999999999 3.0 3.0 4.0 
3 9 0 0.9999999999999999 3.0 3.0 4.0 
3 8 0 0.6180532852534075 1.4116146519050625 1.512459396088173 1.8877681602674539 2.276854185054798 3.068875642025417 3.298304989644468 3.3019416186706443 3.7856802566224625 3.9714266838261825 4.097981453586297 4.302110474560074 4.5760113725332126 4.601002362369115 5.0 5.121074187378629 5.241056300547205 5.722562388939624 5.924519323999818 6.425031100024117 6.539188872810889 6.999999999999996 6.999999999999999 7.000000000000006 7.529840563638092 7.675130870566645 7.777418649252202 8.0 8.0 8.163429936141277 8.27118757969553 8.825873478390506 8.837210275744987 9.49462108153922 9.978401317640397 10.71579725573553 11.462818130780478 12.208999372156216 12.382422050887488 12.993332731724337 
3 7 0 0.6180532852534075 1.4116146519050625 1.512459396088173 1.8877681602674539 2.276854185054798 3.068875642025417 3.298304989644468 3.3019416186706443 3.7856802566224625 3.9714266838261825 4.097981453586297 4.302110474560074 4.5760113725332126 4.601002362369115 5.0 5.121074187378629 5.241056300547205 5.722562388939624 5.924519323999818 6.425031100024117 6.539188872810889 6.999999999999996 6.999999999999999 7.000000000000006 7.529840563638092 7.675130870566645 7.777418649252202 8.0 8.0 8.163429936141277 8.27118757969553 8.825873478390506 8.837210275744987 9.49462108153922 9.978401317640397 10.71579725573553 11.462818130780478 12.208999372156216 12.382422050887488 12.993332731724337 
3 6 0 0.6387324521913026 1.6285061228186917 1.6947225921817393 2.0732653520492126 2.244917477335656 2.474739649032301 2.632557109399283 3.4299508496212816 3.6794908201499554 3.921338776492182 4.004578948060403 4.500711910734002 4.8190981184284265 4.8828946134416835 4.996452776246848 5.113649138444481 5.339166432923464 5.375521655898709 5.56746792900877 5.592897562711342 5.948036489331097 6.0521400784234505 6.453876856935262 6.723268470179334 6.884941739813534 7.274354354144563 7.589173921720044 7.729474372418011 7.7465744555939535 8.034948459297937 8.086976225251403 8.431586490461822 8.588445453523132 8.628771672978022 8.749303233981607 8.755110847117322 8.994637722878148 9.251121778891608 9.33658771779265 9.506210369057634 9.856351165097347 9.869763133921179 10.127977510514496 11.340463202388618 12.702903885858657 13.09951760831199 13.22197910357526 13.265500572769392 13.354736844699898 13.431781729131787 13.551984311367308 13.55486219615097 13.652411636783603 13.715195971007237 13.722487960271499 13.827169218224801 13.905292541375983 14.17729515665682 14.308313707599337 14.416451888305938 14.438832979336334 14.51075711621622 14.652735627988795 14.673136044444448 14.937341323670157 15.001299342372912 15.018888969099093 15.63752090413369 15.650847351765943 15.999999999999988 16.000000000000004 16.000000000000007 
3 5 0 0.6387324521913026 1.6285061228186917 1.6947225921817393 2.0732653520492126 2.244917477335656 2.474739649032301 2.632557109399283 3.4299508496212816 3.6794908201499554 3.921338776492182 4.004578948060403 4.500711910734002 4.8190981184284265 4.8828946134416835 4.996452776246848 5.113649138444481 5.339166432923464 5.375521655898709 5.56746792900877 5.592897562711342 5.948036489331097 6.0521400784234505 6.453876856935262 6.723268470179334 6.884941739813534 7.274354354144563 7.589173921720044 7.729474372418011 7.7465744555939535 8.034948459297937 8.086976225251403 8.431586490461822 8.588445453523132 8.628771672978022 8.749303233981607 8.755110847117322 8.994637722878148 9.251121778891608 9.33658771779265 9.506210369057634 9.856351165097347 9.869763133921179 10.127977510514496 11.340463202388618 12.702903885858657 13.09951760831199 13.22197910357526 13.265500572769392 13.354736844699898 13.431781729131787 13.551984311367308 13.55486219615097 13.652411636783603 13.715195971007237 13.722487960271499 13.827169218224801 13.905292541375983 14.17729515665682 14.308313707599337 14.416451888305938 14.438832979336334 14.51075711621622 14.652735627988795 14.673136044444448 14.937341323670157 15.001299342372912 15.018888969099093 15.63752090413369 15.650847351765943 15.999999999999988 16.000000000000004 16.000000000000007 
3 4 0 1.5067854876836861 2.470979284951767 3.9785423489599183 3.9927081214406908 4.45769609784452 4.907031016358759 5.045700011045148 5.160091801610409 5.523535451135124 5.87511458023543 6.131243260696418 6.796395256148056 7.370926969086632 8.15599287835779 8.606479887754611 9.363328237932686 9.562691344431926 9.734478951984922 10.000000000000004 10.331001215967868 10.761557181831892 11.027565191124296 11.307570579046194 12.000000000000007 12.081960221309547 12.145908412047243 12.160173145220414 12.40857129328903 12.670205507358215 12.780192584637309 12.869497285419344 12.999999999999991 13.000000000000005 13.431336905100562 13.63635253439517 13.748386955594452 13.999999999999988 13.999999999999995 14.000000000000007 14.000000000000007 
4 4 0 5.875114580235423 9.363328237932686 10.0 10.761557181831892 
3 3 0 1.5067854876836861 2.470979284951767 3.9785423489599183 3.9927081214406908 4.45769609784452 4.907031016358759 5.045700011045148 5.160091801610409 5.523535451135124 5.87511458023543 6.131243260696418 6.796395256148056 7.370926969086632 8.15599287835779 8.606479887754611 9.363328237932686 9.562691344431926 9.734478951984922 10.000000000000004 10.331001215967868 10.761557181831892 11.027565191124296 11.307570579046194 12.000000000000007 12.081960221309547 12.145908412047243 12.160173145220414 12.40857129328903 12.670205507358215 12.780192584637309 12.869497285419344 12.999999999999991 13.000000000000005 13.431336905100562 13.63635253439517 13.748386955594452 13.999999999999988 13.999999999999995 14.000000000000007 14.000000000000007 
4 3 0 5.875114580235423 9.363328237932686 10.0 10.761557181831892 
2 10 0 3.0 
2 9 0 3.0 
2 8 0 0.6180532852534101 1.4116146519050579 1.8877681602674588 2.0000000000000107 3.0683699801220428 3.0688756420254175 3.2983049896444667 3.78568025662246 3.7856802566224643 3.9714266838261794 3.9999999999999947 3.9999999999999982 4.000000000000004 4.302110474560075 4.576011372533212 4.9999999999999964 5.000000000000002 5.000000000000004 5.121074187378632 5.722562388939624 5.924519323999812 5.999999999999996 6.000000000000012 6.539188872810883 6.539188872810892 6.999999999999992 6.999999999999995 6.999999999999997 6.999999999999998 6.999999999999998 7.0 7.000000000000003 7.0000000000000036 7.529840563638092 7.675130870566647 7.675130870566649 7.676809908539234 7.777418649252201 7.999999999999996 8.271187579695532 8.837210275744987 9.254820111338717 9.494621081539226 9.978401317640385 12.208999372156217 
2 7 0 0.6180532852534101 1.4116146519050579 1.8877681602674588 2.0000000000000107 3.0683699801220428 3.0688756420254175 3.2983049896444667 3.78568025662246 3.7856802566224643 3.9714266838261794 3.9999999999999947 3.9999999999999982 4.000000000000004 4.302110474560075 4.576011372533212 4.9999999999999964 5.000000000000002 5.000000000000004 5.121074187378632 5.722562388939624 5.924519323999812 5.999999999999996 6.000000000000012 6.539188872810883 6.539188872810892 6.999999999999992 6.999999999999995 6.999999999999997 6.999999999999998 6.999999999999998 7.0 7.000000000000003 7.0000000000000036 7.529840563638092 7.675130870566647 7.675130870566649 7.676809908539234 7.777418649252201 7.999999999999996 8.271187579695532 8.837210275744987 9.254820111338717 9.494621081539226 9.978401317640385 12.208999372156217 
2 6 0 0.20453366012914306 0.6387324521913152 1.306618016660186 1.4380080169295948 1.6285061228186903 1.6947225921817475 1.7941625616247383 2.1038368341357994 2.2449174773356524 2.2453310301086358 2.474739649032304 2.5890798202632603 2.6325571093992886 2.7354029694018327 3.012303175603847 3.2844182402974136 3.4299508496212767 3.4499737494239224 3.5808550829287498 3.6794908201499434 3.921338776492189 3.922268326446566 4.004578948060401 4.028733739935159 4.199260045116733 4.344283420858346 4.376013548449722 4.4228914416102505 4.6412117540416435 4.785240637663744 4.819098118428424 4.827593315218651 4.951650973505376 4.996452776246851 5.078699759120394 5.11364913844448 5.207011147013941 5.31270787981592 5.339166432923472 5.436852469257404 5.533794712812392 5.567467929008772 5.592897562711347 5.630629003564592 5.690474025885627 5.765321635365559 5.948036489331089 6.052140078423456 6.113587748068166 6.215885082609165 6.292819670763862 6.453876856935266 6.4919871615666915 6.5664630778997894 6.72326847017933 6.7263139010373125 6.772421112285347 6.837703109861306 6.884941739813538 6.927774240227541 7.066944624202452 7.2743543541445685 7.358799702506055 7.5249002979762425 7.589173921720057 7.651689046139619 7.7465744555939535 7.858363067460803 7.959687795394658 8.034948459297937 8.080555491023917 8.086976225251403 8.12404272350759 8.19909165509036 8.36864184259423 8.431586490461823 8.588445453523146 8.590333647635857 8.628771672978027 8.749303233981596 8.822761518828276 8.994637722878139 9.028375081746386 9.336587717792645 9.376553668023789 9.506210369057644 9.603945092528209 9.845890859971492 9.856351165097363 9.962299987194616 9.994745598431868 10.012244796723571 10.127977510514498 10.337206681686181 10.485885253776512 10.778528834857124 10.951293583146967 11.340463202388614 11.469669785292496 11.623276730212014 11.751918878524586 11.896190048620893 11.956029635110665 11.992939623625736 12.023435173025426 12.169665187726835 12.195161269005611 12.313291169868755 12.35618347205475 12.378275406386697 12.490478685712867 12.702903885858658 12.711225489476913 12.75867965397231 12.807563732249436 12.870087771659826 12.905894012663486 12.999999999999995 13.051575243717574 13.099517608311995 13.22197910357526 13.26550057276939 13.273002180909563 13.31109872839739 13.323996027199971 13.336343356736583 13.431781729131789 13.540885269979192 13.551984311367306 13.652411636783604 13.666236519915293 13.722487960271486 13.8271692182248 13.905292541375971 14.177295156656822 14.308313707599343 14.416451888305932 14.438832979336327 14.51075711621622 14.6527356279888 14.673136044444451 15.001299342372901 15.018888969099091 15.63752090413369 15.65084735176595 
2 5 0 0.20453366012914306 0.6387324521913152 1.306618016660186 1.4380080169295948 1.6285061228186903 1.6947225921817475 1.7941625616247383 2.1038368341357994 2.2449174773356524 2.2453310301086358 2.474739649032304 2.5890798202632603 2.6325571093992886 2.7354029694018327 3.012303175603847 3.2844182402974136 3.4299508496212767 3.4499737494239224 3.5808550829287498 3.6794908201499434 3.921338776492189 3.922268326446566 4.004578948060401 4.028733739935159 4.199260045116733 4.344283420858346 4.376013548449722 4.4228914416102505 4.6412117540416435 4.785240637663744 4.819098118428424 4.827593315218651 4.951650973505376 4.996452776246851 5.078699759120394 5.11364913844448 5.207011147013941 5.31270787981592 5.339166432923472 5.436852469257404 5.533794712812392 5.567467929008772 5.592897562711347 5.630629003564592 5.690474025885627 5.765321635365559 5.948036489331089 6.052140078423456 6.113587748068166 6.215885082609165 6.292819670763862 6.453876856935266 6.4919871615666915 6.5664630778997894 6.72326847017933 6.7263139010373125 6.772421112285347 6.837703109861306 6.884941739813538 6.927774240227541 7.066944624202452 7.2743543541445685 7.358799702506055 7.5249002979762425 7.589173921720057 7.651689046139619 7.7465744555939535 7.858363067460803 7.959687795394658 8.034948459297937 8.080555491023917 8.086976225251403 8.12404272350759 8.19909165509036 8.36864184259423 8.431586490461823 8.588445453523146 8.590333647635857 8.628771672978027 8.749303233981596 8.822761518828276 8.994637722878139 9.028375081746386 9.336587717792645 9.376553668023789 9.506210369057644 9.603945092528209 9.845890859971492 9.856351165097363 9.962299987194616 9.994745598431868 10.012244796723571 10.127977510514498 10.337206681686181 10.485885253776512 10.778528834857124 10.951293583146967 11.340463202388614 11.469669785292496 11.623276730212014 11.751918878524586 11.896190048620893 11.956029635110665 11.992939623625736 12.023435173025426 12.169665187726835 12.195161269005611 12.313291169868755 12.35618347205475 12.378275406386697 12.490478685712867 12.702903885858658 12.711225489476913 12.75867965397231 12.807563732249436 12.870087771659826 12.905894012663486 12.999999999999995 13.051575243717574 13.099517608311995 13.22197910357526 13.26550057276939 13.273002180909563 13.31109872839739 13.323996027199971 13.336343356736583 13.431781729131789 13.540885269979192 13.551984311367306 13.652411636783604 13.666236519915293 13.722487960271486 13.8271692182248 13.905292541375971 14.177295156656822 14.308313707599343 14.416451888305932 14.438832979336327 14.51075711621622 14.6527356279888 14.673136044444451 15.001299342372901 15.018888969099091 15.63752090413369 15.65084735176595 
2 4 0 0.4745713200636936 1.1645146769967252 1.430572510067503 1.5067854876836835 1.5160964888238742 1.7771374153392832 2.220005084774122 2.3407000716643873 2.470979284951768 2.666501704622534 2.7021535731456514 2.970209675209325 3.2225153063449827 3.369513029459043 3.4829496154177355 3.5253663776110624 3.8371909291037274 3.9233818139391468 3.978542348959925 3.992708121440693 4.269711686426589 4.328229144078908 4.457696097844528 4.507461448737957 4.619035059462037 4.7168279228196495 4.825384452587558 4.883644562886452 4.907031016358761 4.934639838842801 5.045700011045143 5.160091801610397 5.186920533129272 5.262020123507815 5.441819308646154 5.523535451135127 5.659178285940299 5.8206927748464725 5.855503888839641 5.956970945954944 6.08165627490531 6.13124326069642 6.1981057320373765 6.346164722229907 6.402052470645589 6.504841168047814 6.622881669905681 6.703119997716614 6.796395256148048 6.827527314822106 6.908156732843453 7.100554997259248 7.225861399870075 7.3709269690866375 7.396726303240251 7.658632640777847 7.8798851756931425 7.969727925667757 8.05669009103554 8.155992878357779 8.242681048858111 8.251217857171666 8.534011522058066 8.606479887754606 8.610163235612688 8.677684168525715 8.859749643242802 8.939160936788555 9.20156940340283 9.25839321402828 9.395436013874612 9.503245331048042 9.562691344431927 9.67395484581025 9.701085447931412 9.734478951984915 9.859680073955145 9.989319889144483 10.029348816869062 10.301834641546188 10.33100121596786 10.491568881077018 10.564540393678259 10.68137296813964 10.804421588147669 10.991026420073498 11.01448007115515 11.027565191124285 11.307570579046185 11.471715227718365 11.845333766845753 11.881157984733859 11.963972779541976 11.999999999999998 12.081960221309554 12.145908412047248 12.160173145220408 12.408571293289013 12.670205507358215 12.756616179056726 12.774545778337522 12.780192584637307 12.816048523211931 12.863033170037133 12.86949728541934 12.97668790243918 13.000000000000004 13.000000000000009 13.053422355214408 13.102588784406574 13.30073289733979 13.328624730218968 13.364746872808755 13.383660190693528 13.402458574144188 13.431336905100585 13.46449664824169 13.491636868098242 13.56840520712225 13.636352534395167 13.748386955594459 13.812171003967737 13.999999999999988 13.999999999999991 14.000000000000004 14.00000000000001 14.022545226116263 14.049917663608907 14.082474352063041 14.099209439683008 14.10615701402236 14.113507788827338 14.72260449908795 14.740827152075118 14.785942812454596 14.92773096890067 15.121336456070582 15.222315985181192 15.584142567574078 15.692618621725094 15.704227382355139 15.71395162983609 15.720279286565578 15.725652515744171 15.892552595804215 
2 3 0 0.4745713200636936 1.1645146769967252 1.430572510067503 1.5067854876836835 1.5160964888238742 1.7771374153392832 2.220005084774122 2.3407000716643873 2.470979284951768 2.666501704622534 2.7021535731456514 2.970209675209325 3.2225153063449827 3.369513029459043 3.4829496154177355 3.5253663776110624 3.8371909291037274 3.9233818139391468 3.978542348959925 3.992708121440693 4.269711686426589 4.328229144078908 4.457696097844528 4.507461448737957 4.619035059462037 4.7168279228196495 4.825384452587558 4.883644562886452 4.907031016358761 4.934639838842801 5.045700011045143 5.160091801610397 5.186920533129272 5.262020123507815 5.441819308646154 5.523535451135127 5.659178285940299 5.8206927748464725 5.855503888839641 5.956970945954944 6.08165627490531 6.13124326069642 6.1981057320373765 6.346164722229907 6.402052470645589 6.504841168047814 6.622881669905681 6.703119997716614 6.796395256148048 6.827527314822106 6.908156732843453 7.100554997259248 7.225861399870075 7.3709269690866375 7.396726303240251 7.658632640777847 7.8798851756931425 7.969727925667757 8.05669009103554 8.155992878357779 8.242681048858111 8.251217857171666 8.534011522058066 8.606479887754606 8.610163235612688 8.677684168525715 8.859749643242802 8.939160936788555 9.20156940340283 9.25839321402828 9.395436013874612 9.503245331048042 9.562691344431927 9.67395484581025 9.701085447931412 9.734478951984915 9.859680073955145 9.989319889144483 10.029348816869062 10.301834641546188 10.33100121596786 10.491568881077018 10.564540393678259 10.68137296813964 10.804421588147669 10.991026420073498 11.01448007115515 11.027565191124285 11.307570579046185 11.471715227718365 11.845333766845753 11.881157984733859 11.963972779541976 11.999999999999998 12.081960221309554 12.145908412047248 12.160173145220408 12.408571293289013 12.670205507358215 12.756616179056726 12.774545778337522 12.780192584637307 12.816048523211931 12.863033170037133 12.86949728541934 12.97668790243918 13.000000000000004 13.000000000000009 13.053422355214408 13.102588784406574 13.30073289733979 13.328624730218968 13.364746872808755 13.383660190693528 13.402458574144188 13.431336905100585 13.46449664824169 13.491636868098242 13.56840520712225 13.636352534395167 13.748386955594459 13.812171003967737 13.999999999999988 13.999999999999991 14.000000000000004 14.00000000000001 14.022545226116263 14.049917663608907 14.082474352063041 14.099209439683008 14.10615701402236 14.113507788827338 14.72260449908795 14.740827152075118 14.785942812454596 14.92773096890067 15.121336456070582 15.222315985181192 15.584142567574078 15.692618621725094 15.704227382355139 15.71395162983609 15.720279286565578 15.725652515744171 15.892552595804215 
2 2 0 1.3782880820618515 2.0601572599920166 2.401133082242364 2.8070555602938296 4.259181688334525 4.476904409368327 4.50099786568476 4.737505831950729 4.9681503948801815 5.088476559968358 5.184785949796518 5.297398848220498 5.803409840108714 5.931279502191605 6.02078604413529 6.367093408515834 6.50883429881364 6.514916052624581 6.738330733777059 7.078447796721239 7.566888627594632 7.694308037584895 7.7208417357313435 8.083098060251533 8.441290910412468 8.87147071766647 9.120041393511343 9.429088219885742 9.717289762864413 9.994536529799399 10.024402541325314 10.220266969895913 10.489948845770021 10.72761215691599 10.85771656346235 10.999999999999991 10.999999999999995 11.000000000000002 11.000000000000002 11.19308670832091 11.56898374499474 11.58294644194852 11.765000196013288 11.891967753170437 11.916080873198348 
3 2 0 4.476904409368329 6.514916052624578 7.56688862759463 8.44129091041246 
2 1 0 1.3782880820618515 2.0601572599920166 2.401133082242364 2.8070555602938296 4.259181688334525 4.476904409368327 4.50099786568476 4.737505831950729 4.9681503948801815 5.088476559968358 5.184785949796518 5.297398848220498 5.803409840108714 5.931279502191605 6.02078604413529 6.367093408515834 6.50883429881364 6.514916052624581 6.738330733777059 7.078447796721239 7.566888627594632 7.694308037584895 7.7208417357313435 8.083098060251533 8.441290910412468 8.87147071766647 9.120041393511343 9.429088219885742 9.717289762864413 9.994536529799399 10.024402541325314 10.220266969895913 10.489948845770021 10.72761215691599 10.85771656346235 10.999999999999991 10.999999999999995 11.000000000000002 11.000000000000002 11.19308670832091 11.56898374499474 11.58294644194852 11.765000196013288 11.891967753170437 11.916080873198348 
3 1 0 4.476904409368329 6.514916052624578 7.56688862759463 8.44129091041246 
1 8 0 1.999999999999998 3.0683699801220397 3.785680256622466 3.9999999999999982 3.9999999999999987 3.999999999999999 3.999999999999999 4.000000000000004 4.999999999999999 5.0 5.999999999999998 5.999999999999998 5.999999999999999 6.0 6.000000000000002 6.539188872810889 6.999999999999996 6.9999999999999964 7.0 7.0 7.0 7.0 7.0000000000000036 7.675130870566644 7.676809908539236 9.25482011133872 
1 7 0 1.999999999999998 3.0683699801220397 3.785680256622466 3.9999999999999982 3.9999999999999987 3.999999999999999 3.999999999999999 4.000000000000004 4.999999999999999 5.0 5.999999999999998 5.999999999999998 5.999999999999999 6.0 6.000000000000002 6.539188872810889 6.999999999999996 6.9999999999999964 7.0 7.0 7.0 7.0 7.0000000000000036 7.675130870566644 7.676809908539236 9.25482011133872 
1 6 0 0.20453366012915097 1.3066180166601815 1.4380080169295761 1.6222968342686024 1.7941625616247414 2.103836834135796 2.139034857494048 2.245331030108634 2.469176234408229 2.5890798202632364 2.735402969401833 3.0123031756038414 3.030189370727876 3.2844182402974136 3.4499737494239255 3.489158867912194 3.5808550829287586 3.899122029187292 3.922268326446566 4.020040087094196 4.02873373993517 4.199260045116739 4.222680285658942 4.3035764632726625 4.344283420858352 4.376013548449728 4.422891441610244 4.453172470306046 4.5380080604534285 4.641211754041649 4.677338242181605 4.785240637663743 4.789854535330848 4.822680407968268 4.827593315218649 4.951650973505378 5.070460979576906 5.078699759120398 5.104854048024 5.202157923696955 5.2070111470139375 5.312707879815922 5.396446419145213 5.436852469257407 5.520429933424915 5.533794712812397 5.630629003564591 5.690474025885628 5.694403132481674 5.7653216353655665 5.776497865843852 6.058084733252573 6.11358774806817 6.21588508260917 6.230654179255571 6.274931719998546 6.292819670763867 6.308782363187518 6.491987161566691 6.566463077899791 6.726313901037309 6.740912003804289 6.767840536799384 6.772421112285345 6.837703109861306 6.927774240227544 7.066944624202448 7.119615802439641 7.196318279606548 7.249859106496329 7.358799702506048 7.519322792743627 7.52490029797624 7.6516890461396185 7.651691267935489 7.858363067460796 7.913057411835705 7.9596877953946485 8.068711358583815 8.080555491023917 8.12404272350759 8.142705266101869 8.199091655090365 8.368641842594219 8.59033364763586 8.82276151882827 9.000000000000009 9.024102520483254 9.028375081746393 9.127680174538527 9.135743407699804 9.300819923598267 9.376553668023806 9.562007536378312 9.603945092528205 9.663551134023349 9.845890859971487 9.849788416744659 9.907363325349891 9.962299987194621 9.98749355182332 9.994745598431868 10.012244796723563 10.325348550334018 10.337206681686178 10.485885253776498 10.652044800613877 10.667446348065834 10.778528834857125 10.81083091210592 10.896095993444655 10.951293583146967 11.000000000000004 11.126752167488387 11.320145177300748 11.416110799115373 11.469669785292504 11.623276730212021 11.655264085308222 11.730273796171147 11.751918878524574 11.772217881467457 11.888261212185151 11.896190048620888 11.956029635110678 11.973344000541065 11.99293962362573 12.023435173025433 12.169665187726832 12.195161269005611 12.31329116986876 12.356183472054763 12.378275406386692 12.490478685712882 12.711225489476915 12.72324841472008 12.758679653972298 12.807563732249426 12.87008777165984 12.905894012663504 12.999999999999998 13.051575243717572 13.273002180909572 13.311098728397388 13.323996027199966 13.33634335673658 13.540885269979203 13.666236519915282 
1 5 0 0.20453366012915097 1.3066180166601815 1.4380080169295761 1.6222968342686024 1.7941625616247414 2.103836834135796 2.139034857494048 2.245331030108634 2.469176234408229 2.5890798202632364 2.735402969401833 3.0123031756038414 3.030189370727876 3.2844182402974136 3.4499737494239255 3.489158867912194 3.5808550829287586 3.899122029187292 3.922268326446566 4.020040087094196 4.02873373993517 4.199260045116739 4.222680285658942 4.3035764632726625 4.344283420858352 4.376013548449728 4.422891441610244 4.453172470306046 4.5380080604534285 4.641211754041649 4.677338242181605 4.785240637663743 4.789854535330848 4.822680407968268 4.827593315218649 4.951650973505378 5.070460979576906 5.078699759120398 5.104854048024 5.202157923696955 5.2070111470139375 5.312707879815922 5.396446419145213 5.436852469257407 5.520429933424915 5.533794712812397 5.630629003564591 5.690474025885628 5.694403132481674 5.7653216353655665 5.776497865843852 6.058084733252573 6.11358774806817 6.21588508260917 6.230654179255571 6.274931719998546 6.292819670763867 6.308782363187518 6.491987161566691 6.566463077899791 6.726313901037309 6.740912003804289 6.767840536799384 6.772421112285345 6.837703109861306 6.927774240227544 7.066944624202448 7.119615802439641 7.196318279606548 7.249859106496329 7.358799702506048 7.519322792743627 7.52490029797624 7.6516890461396185 7.651691267935489 7.858363067460796 7.913057411835705 7.9596877953946485 8.068711358583815 8.080555491023917 8.12404272350759 8.142705266101869 8.199091655090365 8.368641842594219 8.59033364763586 8.82276151882827 9.000000000000009 9.024102520483254 9.028375081746393 9.127680174538527 9.135743407699804 9.300819923598267 9.376553668023806 9.562007536378312 9.603945092528205 9.663551134023349 9.845890859971487 9.849788416744659 9.907363325349891 9.962299987194621 9.98749355182332 9.994745598431868 10.012244796723563 10.325348550334018 10.337206681686178 10.485885253776498 10.652044800613877 10.667446348065834 10.778528834857125 10.81083091210592 10.896095993444655 10.951293583146967 11.000000000000004 11.126752167488387 11.320145177300748 11.416110799115373 11.469669785292504 11.623276730212021 11.655264085308222 11.730273796171147 11.751918878524574 11.772217881467457 11.888261212185151 11.896190048620888 11.956029635110678 11.973344000541065 11.99293962362573 12.023435173025433 12.169665187726832 12.195161269005611 12.31329116986876 12.356183472054763 12.378275406386692 12.490478685712882 12.711225489476915 12.72324841472008 12.758679653972298 12.807563732249426 12.87008777165984 12.905894012663504 12.999999999999998 13.051575243717572 13.273002180909572 13.311098728397388 13.323996027199966 13.33634335673658 13.540885269979203 13.666236519915282 
1 4 0 0.12220474598840525 0.4745713200636964 0.6039006623753603 1.1254547934798196 1.1645146769967598 1.4305725100675224 1.5160964888238537 1.6454420598779922 1.7771374153392725 1.8075272991850582 1.9478371292480994 2.1039592294843343 2.2200050847741353 2.3407000716643833 2.3980497934994394 2.48704141410543 2.49772327247656 2.666501704622519 2.7021535731456496 2.7073161370871457 2.807858074936835 2.9702096752093405 3.000748329111784 3.1887265817468413 3.222515306344985 3.369513029459037 3.372491774748099 3.470323866871646 3.482949615417736 3.5253663776110704 3.5691274976413125 3.7052949279977576 3.7413447585797477 3.8371909291037203 3.856308180724567 3.923381813939138 4.036112533090962 4.055304006565983 4.235599944234864 4.2697116864265885 4.300479864620056 4.328229144078906 4.391137161120535 4.441419377179044 4.507461448737952 4.559434669876731 4.615656013676715 4.619035059462034 4.68040301971015 4.716827922819652 4.72094965553778 4.825384452587552 4.829850448598561 4.883644562886431 4.8847808216884845 4.934639838842793 5.003531024999358 5.163986021379224 5.186920533129265 5.234067250626291 5.262020123507819 5.324130408956855 5.441819308646144 5.455524941714685 5.58689015256572 5.618266983901012 5.659178285940302 5.683229083172925 5.789439825117102 5.820692774846486 5.851817612108797 5.855503888839642 5.906540163883101 5.956970945954947 5.9616254818563466 6.081656274905303 6.098701387701812 6.131516220697704 6.198105732037367 6.306436831405337 6.3461647222299025 6.346299978844386 6.402052470645576 6.494212949853833 6.504841168047811 6.622881669905676 6.639968655250832 6.703119997716612 6.715249385044978 6.765504346506063 6.827527314822091 6.8276913893307425 6.877056695932637 6.908156732843446 7.1005549972592386 7.104328233104536 7.1992165199105385 7.225861399870078 7.396726303240249 7.51061399529497 7.5613838466810535 7.596654574655891 7.658632640777849 7.723182134203441 7.879885175693129 7.966961886282398 7.9697279256677485 8.056690091035534 8.07028198529323 8.158541385144455 8.22813863592087 8.232504139053376 8.24268104885811 8.251217857171664 8.280450587397434 8.471494112383127 8.534011522058062 8.562993508197188 8.61016323561269 8.677684168525719 8.710559281539057 8.83256647494237 8.859749643242806 8.909154472467643 8.939160936788545 9.201569403402823 9.229574303392958 9.258393214028283 9.337136460103078 9.395436013874601 9.41637177065481 9.483101962684811 9.49952993160206 9.503245331048037 9.60519900097825 9.673954845810245 9.701085447931408 9.754145358250712 9.85388035290687 9.859680073955133 9.860480784394312 9.96085102413201 9.989319889144479 10.017229529160954 10.029348816869058 10.101200452846363 10.122786632165996 10.21853577263768 10.299187823794135 10.301834641546192 10.355585535726108 10.491568881077013 10.519307257007773 10.53794304968631 10.564540393678268 10.681372968139641 10.750081514323163 10.783409092053185 10.804421588147672 10.814549358595215 10.84625820976344 10.891828211399309 10.935340610128373 10.973262130315513 10.9910264200735 11.014480071155157 11.109080263011313 11.247313322729754 11.461034902224966 11.471715227718368 11.845333766845743 11.857755385565452 11.88115798473386 11.963972779541963 12.289683766670553 12.53504090982564 12.63291529293892 12.756616179056731 12.771744847169888 12.77454577833752 12.816048523211927 12.863033170037143 12.901363503496707 12.912808321280721 12.938652148137397 12.976687902439183 12.991632596090234 13.053422355214408 13.085030969973898 13.10258878440658 13.140185859848083 13.187051269108172 13.236343630343878 13.282850210145666 13.300732897339806 13.328624730218968 13.364746872808755 13.38366019069353 13.400508050924728 13.402458574144188 13.464496648241688 13.491636868098245 13.561833435542836 13.568405207122241 13.599123881839196 13.684889695836063 13.725910493425314 13.81217100396773 13.8186258845221 13.901593581018329 14.01873533537299 14.022545226116248 14.049917663608916 14.072831895213694 14.082474352063032 14.099209439683003 14.10615701402235 14.111776955138069 14.113507788827341 14.161263601060751 14.257702555373367 14.304446057062032 14.485331006143666 14.647012235090836 14.722604499087952 14.740827152075125 14.757334436942347 14.785942812454577 14.897395693270756 14.927730968900658 15.121336456070592 15.222315985181208 15.24985489001644 15.357048206783563 15.428998173770676 15.584142567574048 15.692618621725122 15.704227382355143 15.713951629836071 15.720279286565573 15.725652515744171 15.892552595804176 16.0 16.0 
1 3 0 0.12220474598840525 0.4745713200636964 0.6039006623753603 1.1254547934798196 1.1645146769967598 1.4305725100675224 1.5160964888238537 1.6454420598779922 1.7771374153392725 1.8075272991850582 1.9478371292480994 2.1039592294843343 2.2200050847741353 2.3407000716643833 2.3980497934994394 2.48704141410543 2.49772327247656 2.666501704622519 2.7021535731456496 2.7073161370871457 2.807858074936835 2.9702096752093405 3.000748329111784 3.1887265817468413 3.222515306344985 3.369513029459037 3.372491774748099 3.470323866871646 3.482949615417736 3.5253663776110704 3.5691274976413125 3.7052949279977576 3.7413447585797477 3.8371909291037203 3.856308180724567 3.923381813939138 4.036112533090962 4.055304006565983 4.235599944234864 4.2697116864265885 4.300479864620056 4.328229144078906 4.391137161120535 4.441419377179044 4.507461448737952 4.559434669876731 4.615656013676715 4.619035059462034 4.68040301971015 4.716827922819652 4.72094965553778 4.825384452587552 4.829850448598561 4.883644562886431 4.8847808216884845 4.934639838842793 5.003531024999358 5.163986021379224 5.186920533129265 5.234067250626291 5.262020123507819 5.324130408956855 5.441819308646144 5.455524941714685 5.58689015256572 5.618266983901012 5.659178285940302 5.683229083172925 5.789439825117102 5.820692774846486 5.851817612108797 5.855503888839642 5.906540163883101 5.956970945954947 5.9616254818563466 6.081656274905303 6.098701387701812 6.131516220697704 6.198105732037367 6.306436831405337 6.3461647222299025 6.346299978844386 6.402052470645576 6.494212949853833 6.504841168047811 6.622881669905676 6.639968655250832 6.703119997716612 6.715249385044978 6.765504346506063 6.827527314822091 6.8276913893307425 6.877056695932637 6.908156732843446 7.1005549972592386 7.104328233104536 7.1992165199105385 7.225861399870078 7.396726303240249 7.51061399529497 7.5613838466810535 7.596654574655891 7.658632640777849 7.723182134203441 7.879885175693129 7.966961886282398 7.9697279256677485 8.056690091035534 8.07028198529323 8.158541385144455 8.22813863592087 8.232504139053376 8.24268104885811 8.251217857171664 8.280450587397434 8.471494112383127 8.534011522058062 8.562993508197188 8.61016323561269 8.677684168525719 8.710559281539057 8.83256647494237 8.859749643242806 8.909154472467643 8.939160936788545 9.201569403402823 9.229574303392958 9.258393214028283 9.337136460103078 9.395436013874601 9.41637177065481 9.483101962684811 9.49952993160206 9.503245331048037 9.60519900097825 9.673954845810245 9.701085447931408 9.754145358250712 9.85388035290687 9.859680073955133 9.860480784394312 9.96085102413201 9.989319889144479 10.017229529160954 10.029348816869058 10.101200452846363 10.122786632165996 10.21853577263768 10.299187823794135 10.301834641546192 10.355585535726108 10.491568881077013 10.519307257007773 10.53794304968631 10.564540393678268 10.681372968139641 10.750081514323163 10.783409092053185 10.804421588147672 10.814549358595215 10.84625820976344 10.891828211399309 10.935340610128373 10.973262130315513 10.9910264200735 11.014480071155157 11.109080263011313 11.247313322729754 11.461034902224966 11.471715227718368 11.845333766845743 11.857755385565452 11.88115798473386 11.963972779541963 12.289683766670553 12.53504090982564 12.63291529293892 12.756616179056731 12.771744847169888 12.77454577833752 12.816048523211927 12.863033170037143 12.901363503496707 12.912808321280721 12.938652148137397 12.976687902439183 12.991632596090234 13.053422355214408 13.085030969973898 13.10258878440658 13.140185859848083 13.187051269108172 13.236343630343878 13.282850210145666 13.300732897339806 13.328624730218968 13.364746872808755 13.38366019069353 13.400508050924728 13.402458574144188 13.464496648241688 13.491636868098245 13.561833435542836 13.568405207122241 13.599123881839196 13.684889695836063 13.725910493425314 13.81217100396773 13.8186258845221 13.901593581018329 14.01873533537299 14.022545226116248 14.049917663608916 14.072831895213694 14.082474352063032 14.099209439683003 14.10615701402235 14.111776955138069 14.113507788827341 14.161263601060751 14.257702555373367 14.304446057062032 14.485331006143666 14.647012235090836 14.722604499087952 14.740827152075125 14.757334436942347 14.785942812454577 14.897395693270756 14.927730968900658 15.121336456070592 15.222315985181208 15.24985489001644 15.357048206783563 15.428998173770676 15.584142567574048 15.692618621725122 15.704227382355143 15.713951629836071 15.720279286565573 15.725652515744171 15.892552595804176 16.0 16.0 
1 2 0 0.21253025734804978 0.7975149084080136 1.0157673731153491 1.3259595888307059 1.3782880820618597 1.6653310952811986 1.844093802708482 1.871344584340267 2.0601572599920104 2.2076830548439075 2.4011330822423553 2.453492671074274 2.599978590604978 2.6355173390243434 2.7810965860422585 2.8070555602938314 2.847799307141277 3.1203898823783853 3.334086729761769 3.446891595603606 3.5958346541305413 3.758968756720646 3.822401892437199 3.973169152535933 4.104232207205613 4.1480880395918005 4.2591816883345395 4.280225863593082 4.33751283473751 4.500997865684759 4.5555816644909815 4.737505831950736 4.754572942705573 4.807891610755338 4.968150394880181 4.975036799822804 5.027879015508707 5.088476559968359 5.115377315118144 5.184785949796524 5.20688818522852 5.289705411378769 5.297398848220499 5.307242679291588 5.396504334915304 5.525094688466535 5.617499800056759 5.701935155837703 5.803409840108719 5.894619828133969 5.931279502191606 6.0011634789810575 6.020786044135304 6.071368208708602 6.104479829578368 6.261157612954387 6.311754510450487 6.3670934085158315 6.428821191290527 6.508834298813639 6.5436060881702485 6.681721492189807 6.738330733777064 6.760301490281593 6.869631118146521 6.955657950039975 7.056167123047687 7.07844779672123 7.261936037448294 7.301823261920993 7.626806715619901 7.694308037584898 7.720841735731349 7.870475520995405 8.040118256669334 8.083098060251531 8.111654963732587 8.27233648816281 8.279421766835506 8.53798083069848 8.635436911825666 8.6972611026889 8.871470717666469 8.962955780558953 8.991003311800432 9.091254892063702 9.120041393511336 9.201429378557325 9.244354529044955 9.339430363435278 9.36506585360567 9.416750763269318 9.429088219885738 9.51051356918394 9.697559193498648 9.71728976286442 9.905963275017847 9.994536529799403 10.024402541325307 10.093680380221352 10.215164191101035 10.22026696989592 10.426385391379394 10.48994884577003 10.531070617541303 10.707838340288736 10.727612156915981 10.857716563462356 10.99999999999999 10.999999999999995 11.0 11.000000000000016 11.19308670832091 11.280760369520074 11.364616925218888 11.452515862445374 11.568983744994734 11.572075048025457 11.582946441948511 11.765000196013295 11.8124711553527 11.840591530322456 11.891967753170439 11.904229889284993 11.916080873198359 11.926494136428591 12.054005165225671 12.110603681473057 12.162286182271494 12.323123158767773 12.366814658722015 12.420800166123838 12.633021145397269 12.690991826635035 12.700091487234381 12.748234713536325 12.786247936419821 13.047703687295005 13.067225597660487 13.17181203016326 13.201084527024179 13.27591837682369 13.328412160964229 13.391329458722828 13.436904966676535 13.692390225552618 13.739799684481023 13.76020226605604 
1 1 0 0.21253025734804978 0.7975149084080136 1.0157673731153491 1.3259595888307059 1.3782880820618597 1.6653310952811986 1.844093802708482 1.871344584340267 2.0601572599920104 2.2076830548439075 2.4011330822423553 2.453492671074274 2.599978590604978 2.6355173390243434 2.7810965860422585 2.8070555602938314 2.847799307141277 3.1203898823783853 3.334086729761769 3.446891595603606 3.5958346541305413 3.758968756720646 3.822401892437199 3.973169152535933 4.104232207205613 4.1480880395918005 4.2591816883345395 4.280225863593082 4.33751283473751 4.500997865684759 4.5555816644909815 4.737505831950736 4.754572942705573 4.807891610755338 4.968150394880181 4.975036799822804 5.027879015508707 5.088476559968359 5.115377315118144 5.184785949796524 5.20688818522852 5.289705411378769 5.297398848220499 5.307242679291588 5.396504334915304 5.525094688466535 5.617499800056759 5.701935155837703 5.803409840108719 5.894619828133969 5.931279502191606 6.0011634789810575 6.020786044135304 6.071368208708602 6.104479829578368 6.261157612954387 6.311754510450487 6.3670934085158315 6.428821191290527 6.508834298813639 6.5436060881702485 6.681721492189807 6.738330733777064 6.760301490281593 6.869631118146521 6.955657950039975 7.056167123047687 7.07844779672123 7.261936037448294 7.301823261920993 7.626806715619901 7.694308037584898 7.720841735731349 7.870475520995405 8.040118256669334 8.083098060251531 8.111654963732587 8.27233648816281 8.279421766835506 8.53798083069848 8.635436911825666 8.6972611026889 8.871470717666469 8.962955780558953 8.991003311800432 9.091254892063702 9.120041393511336 9.201429378557325 9.244354529044955 9.339430363435278 9.36506585360567 9.416750763269318 9.429088219885738 9.51051356918394 9.697559193498648 9.71728976286442 9.905963275017847 9.994536529799403 10.024402541325307 10.093680380221352 10.215164191101035 10.22026696989592 10.426385391379394 10.48994884577003 10.531070617541303 10.707838340288736 10.727612156915981 10.857716563462356 10.99999999999999 10.999999999999995 11.0 11.000000000000016 11.19308670832091 11.280760369520074 11.364616925218888 11.452515862445374 11.568983744994734 11.572075048025457 11.582946441948511 11.765000196013295 11.8124711553527 11.840591530322456 11.891967753170439 11.904229889284993 11.916080873198359 11.926494136428591 12.054005165225671 12.110603681473057 12.162286182271494 12.323123158767773 12.366814658722015 12.420800166123838 12.633021145397269 12.690991826635035 12.700091487234381 12.748234713536325 12.786247936419821 13.047703687295005 13.067225597660487 13.17181203016326 13.201084527024179 13.27591837682369 13.328412160964229 13.391329458722828 13.436904966676535 13.692390225552618 13.739799684481023 13.76020226605604 
1 0 0 0.9731955403811519 1.9040169884769447 2.305661681128285 2.759659466474883 3.15973913045312 3.409117561343137 3.8360759218236393 4.387968087360606 4.7177867345878655 4.999999999999999 5.0 5.022071450922658 5.238364588461624 5.7074209871237 6.410006192350482 6.6279965012934134 6.691116299474905 6.7852402710049295 7.674645272480228 8.083196515399925 8.26917361534641 8.728413170706174 8.770017797575665 8.948967141008543 9.280160115116484 9.30998896970522 
2 0 0 5.0 
1 -1 0 0.9731955403811519 1.9040169884769447 2.305661681128285 2.759659466474883 3.15973913045312 3.409117561343137 3.8360759218236393 4.387968087360606 4.7177867345878655 4.999999999999999 5.0 5.022071450922658 5.238364588461624 5.7074209871237 6.410006192350482 6.6279965012934134 6.691116299474905 6.7852402710049295 7.674645272480228 8.083196515399925 8.26917361534641 8.728413170706174 8.770017797575665 8.948967141008543 9.280160115116484 9.30998896970522 
2 -1 0 5.0 
0 8 0 3.9999999999999987 3.9999999999999996 6.0 6.0 6.0 6.000000000000002 6.9999999999999964 7.0 
0 7 0 3.9999999999999987 3.9999999999999996 6.0 6.0 6.0 6.000000000000002 6.9999999999999964 7.0 
0 6 0 1.6222968342686097 2.1390348574940607 2.46917623440823 3.030189370727867 3.4891588679121894 3.8718289887876196 3.899122029187287 4.020040087094186 4.222680285658948 4.303576463272669 4.453172470306051 4.538008060453433 4.677338242181608 4.701907124951921 4.789854535330849 4.822680407968269 5.070460979576898 5.1048540480239994 5.2021579236969515 5.277539231839971 5.39644641914521 5.471039633960466 5.5204299334249205 5.694403132481674 5.735222384694564 5.776497865843848 6.058084733252578 6.230654179255571 6.274931719998546 6.300901513852727 6.308782363187513 6.740912003804288 6.767840536799379 6.999999999999998 7.099230436409666 7.119615802439632 7.180586396314463 7.1963182796065475 7.249859106496328 7.519322792743633 7.6444275415283895 7.6516912679354885 7.913057411835704 8.068711358583819 8.142705266101876 9.0 9.000000000000004 9.000000000000004 9.000000000000005 9.024102520483261 9.127680174538524 9.1357434076998 9.20210484853975 9.300819923598258 9.562007536378312 9.663551134023349 9.744856288950391 9.849788416744666 9.90736332534989 9.98749355182332 10.325348550334018 10.444038184800927 10.65204480061389 10.652816234627336 10.667446348065841 10.67350119074182 10.810830912105919 10.89609599344465 11.0 11.126752167488386 11.320145177300741 11.416110799115385 11.655264085308222 11.730273796171149 11.772217881467471 11.888261212185148 11.973344000541056 12.723248414720079 
0 5 0 1.6222968342686097 2.1390348574940607 2.46917623440823 3.030189370727867 3.4891588679121894 3.8718289887876196 3.899122029187287 4.020040087094186 4.222680285658948 4.303576463272669 4.453172470306051 4.538008060453433 4.677338242181608 4.701907124951921 4.789854535330849 4.822680407968269 5.070460979576898 5.1048540480239994 5.2021579236969515 5.277539231839971 5.39644641914521 5.471039633960466 5.5204299334249205 5.694403132481674 5.735222384694564 5.776497865843848 6.058084733252578 6.230654179255571 6.274931719998546 6.300901513852727 6.308782363187513 6.740912003804288 6.767840536799379 6.999999999999998 7.099230436409666 7.119615802439632 7.180586396314463 7.1963182796065475 7.249859106496328 7.519322792743633 7.6444275415283895 7.6516912679354885 7.913057411835704 8.068711358583819 8.142705266101876 9.0 9.000000000000004 9.000000000000004 9.000000000000005 9.024102520483261 9.127680174538524 9.1357434076998 9.20210484853975 9.300819923598258 9.562007536378312 9.663551134023349 9.744856288950391 9.849788416744666 9.90736332534989 9.98749355182332 10.325348550334018 10.444038184800927 10.65204480061389 10.652816234627336 10.667446348065841 10.67350119074182 10.810830912105919 10.89609599344465 11.0 11.126752167488386 11.320145177300741 11.416110799115385 11.655264085308222 11.730273796171149 11.772217881467471 11.888261212185148 11.973344000541056 12.723248414720079 
0 4 0 0.12220474598841413 0.6039006623753345 1.1254547934798556 1.6454420598779897 1.8075272991850835 1.9478371292480652 2.1039592294843676 2.2198337755939517 2.3980497934994496 2.4870414141054455 2.4977232724765246 2.7073161370871355 2.7234929435893376 2.8078580749368047 3.000748329111795 3.0525740910329864 3.1887265817468093 3.3724917747481515 3.402670490978225 3.4703238668716376 3.5691274976412948 3.7052949279977647 3.7413447585797526 3.7953574957102667 3.808333067597586 3.85630818072457 4.006383167527846 4.036112533090969 4.055304006565987 4.185950353206204 4.235599944234862 4.300479864620047 4.329518892398331 4.3911371611205245 4.441419377179045 4.533849832753898 4.559434669876739 4.615656013676719 4.6804030197101625 4.720949655537778 4.775433625270476 4.829850448598558 4.8847808216884845 4.9930238907686 5.003531024999358 5.1092331739556816 5.163986021379227 5.234067250626298 5.2756562963435405 5.324130408956848 5.455524941714691 5.460727686942804 5.586890152565715 5.618266983901015 5.62895962515516 5.683229083172933 5.775923155145553 5.789439825117107 5.8518176121087935 5.906540163883104 5.9205768189428865 5.961625481856346 5.963709864711658 5.9982575709216395 6.098701387701813 6.131516220697702 6.180111519490987 6.301273242277042 6.306436831405332 6.346299978844387 6.494212949853834 6.538473037830335 6.63996865525084 6.71524938504498 6.7655043465060665 6.8276913893307425 6.8314255045133985 6.877056695932625 7.1043282331045425 7.126792135470237 7.1700887269018505 7.199216519910538 7.288435380252799 7.510613995294976 7.556953765305399 7.561383846681048 7.59665457465589 7.674425464030559 7.723182134203454 7.861419738895117 7.966961886282404 7.9948764794421265 8.070281985293231 8.150946986880976 8.158541385144453 8.228138635920878 8.232504139053383 8.280450587397436 8.344245766113154 8.471494112383128 8.530234494486743 8.562993508197183 8.70184300646088 8.710559281539059 8.832566474942372 8.909154472467648 8.971042239463268 9.049277668157693 9.229574303392967 9.337136460103075 9.357133579139218 9.416371770654814 9.483101962684811 9.499529931602058 9.55160955800343 9.605199000978244 9.742376466268764 9.75414535825071 9.810433468163666 9.833868100679425 9.853880352906868 9.86048078439431 9.8723576314413 9.960594387852765 9.960851024132019 10.017229529160948 10.101200452846363 10.122786632166001 10.168462160202203 10.218535772637681 10.299187823794137 10.355585535726105 10.519307257007775 10.537943049686312 10.546217024499628 10.750081514323156 10.783409092053187 10.814549358595219 10.846258209763448 10.88383479436514 10.891828211399305 10.935340610128371 10.973262130315515 11.109080263011325 11.197668782034802 11.247313322729767 11.2508052000245 11.461034902224958 11.625338304682348 11.857755385565476 11.931262680976769 11.96432544873623 11.999999999999998 12.23041383846443 12.28968376667058 12.41244220872545 12.451627805655411 12.460685808438726 12.53504090982564 12.540869857784996 12.632915292938923 12.673555033481483 12.771744847169886 12.781631357808438 12.882635707033911 12.901363503496711 12.912808321280728 12.938652148137402 12.991632596090236 13.064874014571465 13.0850309699739 13.14018585984809 13.15374247699768 13.187051269108188 13.236343630343889 13.28285021014566 13.318786471781602 13.400508050924733 13.510788895837132 13.561833435542852 13.590327961829935 13.599123881839194 13.684889695836075 13.725910493425312 13.818625884522092 13.901593581018364 13.999999999999984 13.999999999999988 14.000000000000007 14.018735335373005 14.072831895213698 14.111776955138062 14.161263601060737 14.257702555373363 14.304446057062021 14.485331006143682 14.647012235090829 14.75733443694235 14.897395693270765 15.249854890016485 15.357048206783565 15.428998173770655 15.999999999999986 15.999999999999993 
0 3 0 0.12220474598841413 0.6039006623753345 1.1254547934798556 1.6454420598779897 1.8075272991850835 1.9478371292480652 2.1039592294843676 2.2198337755939517 2.3980497934994496 2.4870414141054455 2.4977232724765246 2.7073161370871355 2.7234929435893376 2.8078580749368047 3.000748329111795 3.0525740910329864 3.1887265817468093 3.3724917747481515 3.402670490978225 3.4703238668716376 3.5691274976412948 3.7052949279977647 3.7413447585797526 3.7953574957102667 3.808333067597586 3.85630818072457 4.006383167527846 4.036112533090969 4.055304006565987 4.185950353206204 4.235599944234862 4.300479864620047 4.329518892398331 4.3911371611205245 4.441419377179045 4.533849832753898 4.559434669876739 4.615656013676719 4.6804030197101625 4.720949655537778 4.775433625270476 4.829850448598558 4.8847808216884845 4.9930238907686 5.003531024999358 5.1092331739556816 5.163986021379227 5.234067250626298 5.2756562963435405 5.324130408956848 5.455524941714691 5.460727686942804 5.586890152565715 5.618266983901015 5.62895962515516 5.683229083172933 5.775923155145553 5.789439825117107 5.8518176121087935 5.906540163883104 5.9205768189428865 5.961625481856346 5.963709864711658 5.9982575709216395 6.098701387701813 6.131516220697702 6.180111519490987 6.301273242277042 6.306436831405332 6.346299978844387 6.494212949853834 6.538473037830335 6.63996865525084 6.71524938504498 6.7655043465060665 6.8276913893307425 6.8314255045133985 6.877056695932625 7.1043282331045425 7.126792135470237 7.1700887269018505 7.199216519910538 7.288435380252799 7.510613995294976 7.556953765305399 7.561383846681048 7.59665457465589 7.674425464030559 7.723182134203454 7.861419738895117 7.966961886282404 7.9948764794421265 8.070281985293231 8.150946986880976 8.158541385144453 8.228138635920878 8.232504139053383 8.280450587397436 8.344245766113154 8.471494112383128 8.530234494486743 8.562993508197183 8.70184300646088 8.710559281539059 8.832566474942372 8.909154472467648 8.971042239463268 9.049277668157693 9.229574303392967 9.337136460103075 9.357133579139218 9.416371770654814 9.483101962684811 9.499529931602058 9.55160955800343 9.605199000978244 9.742376466268764 9.75414535825071 9.810433468163666 9.833868100679425 9.853880352906868 9.86048078439431 9.8723576314413 9.960594387852765 9.960851024132019 10.017229529160948 10.101200452846363 10.122786632166001 10.168462160202203 10.218535772637681 10.299187823794137 10.355585535726105 10.519307257007775 10.537943049686312 10.546217024499628 10.750081514323156 10.783409092053187 10.814549358595219 10.846258209763448 10.88383479436514 10.891828211399305 10.935340610128371 10.973262130315515 11.109080263011325 11.197668782034802 11.247313322729767 11.2508052000245 11.461034902224958 11.625338304682348 11.857755385565476 11.931262680976769 11.96432544873623 11.999999999999998 12.23041383846443 12.28968376667058 12.41244220872545 12.451627805655411 12.460685808438726 12.53504090982564 12.540869857784996 12.632915292938923 12.673555033481483 12.771744847169886 12.781631357808438 12.882635707033911 12.901363503496711 12.912808321280728 12.938652148137402 12.991632596090236 13.064874014571465 13.0850309699739 13.14018585984809 13.15374247699768 13.187051269108188 13.236343630343889 13.28285021014566 13.318786471781602 13.400508050924733 13.510788895837132 13.561833435542852 13.590327961829935 13.599123881839194 13.684889695836075 13.725910493425312 13.818625884522092 13.901593581018364 13.999999999999984 13.999999999999988 14.000000000000007 14.018735335373005 14.072831895213698 14.111776955138062 14.161263601060737 14.257702555373363 14.304446057062021 14.485331006143682 14.647012235090829 14.75733443694235 14.897395693270765 15.249854890016485 15.357048206783565 15.428998173770655 15.999999999999986 15.999999999999993 
0 2 1 -4.001170003739217e-15 0.212530257348018 0.7975149084080206 0.844094210811692 1.0157673731153714 1.3259595888307056 1.4056470436165136 1.6653310952811802 1.8440938027084641 1.8713445843402734 1.9740945402382017 2.1366955052535603 2.207683054843898 2.329800173195348 2.453492671074264 2.5771549187028797 2.599978590604974 2.6355173390243487 2.7411521097570795 2.7810965860422368 2.8477993071412864 3.0423353412150753 3.1203898823783933 3.2241920658965912 3.317942108162457 3.3340867297617702 3.4468915956035993 3.5300067057309636 3.5624681622231167 3.5958346541305404 3.609017193721961 3.756151506038947 3.7589687567206553 3.8224018924371936 3.973169152535943 3.9813876879885446 4.104232207205606 4.132836222954778 4.14808803959179 4.2802258635930786 4.312983036049185 4.3375128347375105 4.35906869051301 4.486076806487811 4.55558166449097 4.731600337747659 4.754572942705569 4.807891610755338 4.838536225517768 4.901766148983133 4.975036799822806 5.027879015508713 5.10095538415575 5.115377315118145 5.131160831334046 5.206888185228518 5.209099349025012 5.289705411378768 5.3072426792915905 5.312169532314079 5.396504334915305 5.500255496987006 5.52509468846653 5.567834847734738 5.617499800056753 5.640032904667109 5.701935155837704 5.722768211843534 5.784177159653153 5.894619828133963 5.919280992643749 5.956619613799328 6.001163478981053 6.071368208708599 6.104479829578371 6.261157612954378 6.291940967734153 6.309334455552699 6.3117545104504895 6.398358423591008 6.428821191290524 6.543606088170246 6.566416845946061 6.609702173335487 6.681721492189812 6.760301490281593 6.782983503190325 6.869631118146519 6.95565795003998 6.962957482392836 7.056167123047689 7.1588824741356145 7.199100418923842 7.261936037448291 7.301823261920998 7.392408032523185 7.553737942380749 7.626806715619904 7.861594665658437 7.870475520995397 7.987579059052967 8.040118256669333 8.041169832111542 8.111654963732581 8.146798945037698 8.191292796152643 8.206987650142334 8.272336488162823 8.279421766835501 8.362474741157012 8.44419958606092 8.511749497518435 8.537980830698482 8.593755743343502 8.635436911825664 8.697261102688895 8.76982931360266 8.869763851346269 8.96295578055895 8.991003311800435 9.013838898733852 9.0912548920637 9.20142937855733 9.244354529044957 9.285443589029434 9.33943036343527 9.364620104069557 9.365065853605678 9.403954672902751 9.41675076326931 9.510513569183942 9.544003206953533 9.697559193498648 9.779488930412025 9.866087076724364 9.895942112256536 9.905963275017843 10.045238764762463 10.093680380221334 10.181212843214126 10.21516419110103 10.297669386361077 10.418914592253538 10.426385391379394 10.450760998388347 10.5310706175413 10.559930283582233 10.589598836143706 10.70783834028874 10.931173799294658 10.997526888567073 11.22740148038371 11.280760369520046 11.364616925218876 11.452515862445384 11.509850296981737 11.572075048025452 11.812471155352682 11.840591530322456 11.904229889284979 11.926494136428591 12.054005165225666 12.110603681473044 12.129716634097882 12.162286182271506 12.323123158767764 12.366814658722014 12.420800166123836 12.518083242062692 12.618683864004849 12.633021145397278 12.690991826635019 12.70009148723439 12.748234713536322 12.784639338756463 12.786247936419828 12.817303438889583 12.940451789262829 12.9867770742777 13.047703687295005 13.05926889334493 13.067225597660478 13.135772712144483 13.171812030163267 13.201084527024166 13.27591837682369 13.277507557439096 13.328412160964227 13.391329458722819 13.436904966676547 13.445581478419417 13.680546476421021 13.692390225552622 13.73979968448102 13.760202266056044 13.8523086107603 14.625196356200084 14.627034717616343 14.649440571229734 14.772930036898686 14.927157594142102 15.050237204964576 15.423660662869938 15.462665519328391 
0 1 1 -4.001170003739217e-15 0.212530257348018 0.7975149084080206 0.844094210811692 1.0157673731153714 1.3259595888307056 1.4056470436165136 1.6653310952811802 1.8440938027084641 1.8713445843402734 1.9740945402382017 2.1366955052535603 2.207683054843898 2.329800173195348 2.453492671074264 2.5771549187028797 2.599978590604974 2.6355173390243487 2.7411521097570795 2.7810965860422368 2.8477993071412864 3.0423353412150753 3.1203898823783933 3.2241920658965912 3.317942108162457 3.3340867297617702 3.4468915956035993 3.5300067057309636 3.5624681622231167 3.5958346541305404 3.609017193721961 3.756151506038947 3.7589687567206553 3.8224018924371936 3.973169152535943 3.9813876879885446 4.104232207205606 4.132836222954778 4.14808803959179 4.2802258635930786 4.312983036049185 4.3375128347375105 4.35906869051301 4.486076806487811 4.55558166449097 4.731600337747659 4.754572942705569 4.807891610755338 4.838536225517768 4.901766148983133 4.975036799822806 5.027879015508713 5.10095538415575 5.115377315118145 5.131160831334046 5.206888185228518 5.209099349025012 5.289705411378768 5.3072426792915905 5.312169532314079 5.396504334915305 5.500255496987006 5.52509468846653 5.567834847734738 5.617499800056753 5.640032904667109 5.701935155837704 5.722768211843534 5.784177159653153 5.894619828133963 5.919280992643749 5.956619613799328 6.001163478981053 6.071368208708599 6.104479829578371 6.261157612954378 6.291940967734153 6.309334455552699 6.3117545104504895 6.398358423591008 6.428821191290524 6.543606088170246 6.566416845946061 6.609702173335487 6.681721492189812 6.760301490281593 6.782983503190325 6.869631118146519 6.95565795003998 6.962957482392836 7.056167123047689 7.1588824741356145 7.199100418923842 7.261936037448291 7.301823261920998 7.392408032523185 7.553737942380749 7.626806715619904 7.861594665658437 7.870475520995397 7.987579059052967 8.040118256669333 8.041169832111542 8.111654963732581 8.146798945037698 8.191292796152643 8.206987650142334 8.272336488162823 8.279421766835501 8.362474741157012 8.44419958606092 8.511749497518435 8.537980830698482 8.593755743343502 8.635436911825664 8.697261102688895 8.76982931360266 8.869763851346269 8.96295578055895 8.991003311800435 9.013838898733852 9.0912548920637 9.20142937855733 9.244354529044957 9.285443589029434 9.33943036343527 9.364620104069557 9.365065853605678 9.403954672902751 9.41675076326931 9.510513569183942 9.544003206953533 9.697559193498648 9.779488930412025 9.866087076724364 9.895942112256536 9.905963275017843 10.045238764762463 10.093680380221334 10.181212843214126 10.21516419110103 10.297669386361077 10.418914592253538 10.426385391379394 10.450760998388347 10.5310706175413 10.559930283582233 10.589598836143706 10.70783834028874 10.931173799294658 10.997526888567073 11.22740148038371 11.280760369520046 11.364616925218876 11.452515862445384 11.509850296981737 11.572075048025452 11.812471155352682 11.840591530322456 11.904229889284979 11.926494136428591 12.054005165225666 12.110603681473044 12.129716634097882 12.162286182271506 12.323123158767764 12.366814658722014 12.420800166123836 12.518083242062692 12.618683864004849 12.633021145397278 12.690991826635019 12.70009148723439 12.748234713536322 12.784639338756463 12.786247936419828 12.817303438889583 12.940451789262829 12.9867770742777 13.047703687295005 13.05926889334493 13.067225597660478 13.135772712144483 13.171812030163267 13.201084527024166 13.27591837682369 13.277507557439096 13.328412160964227 13.391329458722819 13.436904966676547 13.445581478419417 13.680546476421021 13.692390225552622 13.73979968448102 13.760202266056044 13.8523086107603 14.625196356200084 14.627034717616343 14.649440571229734 14.772930036898686 14.927157594142102 15.050237204964576 15.423660662869938 15.462665519328391 
0 0 1 -2.6197577093767244e-15 0.6633306336050364 0.9615241396036369 0.9731955403811493 1.5069776242695145 1.9040169884769462 1.9196247444615304 2.21145713295027 2.2460955432183978 2.305661681128284 2.5213384047798852 2.759333719264672 2.7596594664748846 3.1366989658296545 3.159739130453117 3.2605872966587217 3.3138784134301438 3.4091175613431335 3.535290322376847 3.749422307363473 3.8360759218236438 4.034898584265707 4.35828134985672 4.387968087360602 4.421598979458684 4.647650534288882 4.717786734587865 4.855170269801432 4.943273642242101 5.0 5.022071450922652 5.134190556760074 5.222268178879312 5.238364588461626 5.434046252447584 5.5541911660096694 5.578624719793807 5.707420987123696 5.765820802749539 5.973671133106705 6.227239564736183 6.392459368473779 6.410006192350484 6.457967048156722 6.6279965012934134 6.630832047637958 6.691116299474903 6.700557259183554 6.785240271004927 6.81610541564164 6.837260186663609 6.958163645339818 7.206454025169821 7.4768385299867495 7.674645272480225 7.8012733157563785 7.9036562551551865 8.083196515399925 8.269173615346414 8.385664780093233 8.610107769513444 8.72841317070619 8.770017797575672 8.948967141008538 9.280160115116486 9.309988969705225 9.479125549678592 9.599050956176155 9.743735944371531 9.945238617756306 10.14002680694566 10.40126734351805 10.59709630382923 10.604733744065094 10.844514779800539 11.233029158430352 11.560793788993124 11.737562377455264 
0 -1 1 -2.6197577093767244e-15 0.6633306336050364 0.9615241396036369 0.9731955403811493 1.5069776242695145 1.9040169884769462 1.9196247444615304 2.21145713295027 2.2460955432183978 2.305661681128284 2.5213384047798852 2.759333719264672 2.7596594664748846 3.1366989658296545 3.159739130453117 3.2605872966587217 3.3138784134301438 3.4091175613431335 3.535290322376847 3.749422307363473 3.8360759218236438 4.034898584265707 4.35828134985672 4.387968087360602 4.421598979458684 4.647650534288882 4.717786734587865 4.855170269801432 4.943273642242101 5.0 5.022071450922652 5.134190556760074 5.222268178879312 5.238364588461626 5.434046252447584 5.5541911660096694 5.578624719793807 5.707420987123696 5.765820802749539 5.973671133106705 6.227239564736183 6.392459368473779 6.410006192350484 6.457967048156722 6.6279965012934134 6.630832047637958 6.691116299474903 6.700557259183554 6.785240271004927 6.81610541564164 6.837260186663609 6.958163645339818 7.206454025169821 7.4768385299867495 7.674645272480225 7.8012733157563785 7.9036562551551865 8.083196515399925 8.269173615346414 8.385664780093233 8.610107769513444 8.72841317070619 8.770017797575672 8.948967141008538 9.280160115116486 9.309988969705225 9.479125549678592 9.599050956176155 9.743735944371531 9.945238617756306 10.14002680694566 10.40126734351805 10.59709630382923 10.604733744065094 10.844514779800539 11.233029158430352 11.560793788993124 11.737562377455264 
-1 8 0 6.0 
-1 7 0 6.0 
-1 6 0 3.8718289887876187 4.701907124951914 5.277539231839967 5.471039633960463 5.735222384694564 6.300901513852728 6.999999999999995 6.999999999999999 7.099230436409673 7.180586396314467 7.644427541528396 8.999999999999995 8.999999999999996 9.0 9.000000000000002 9.20210484853974 9.744856288950391 10.444038184800926 10.652816234627329 10.673501190741813 
-1 5 0 3.8718289887876187 4.701907124951914 5.277539231839967 5.471039633960463 5.735222384694564 6.300901513852728 6.999999999999995 6.999999999999999 7.099230436409673 7.180586396314467 7.644427541528396 8.999999999999995 8.999999999999996 9.0 9.000000000000002 9.20210484853974 9.744856288950391 10.444038184800926 10.652816234627329 10.673501190741813 
-1 4 0 2.2198337755939734 2.7234929435893354 3.0525740910329913 3.402670490978208 3.79535749571027 3.808333067597588 4.006383167527842 4.185950353206206 4.265566085176752 4.329518892398329 4.533849832753904 4.775433625270473 4.993023890768598 5.1092331739556895 5.27565629634353 5.460727686942812 5.587017268385211 5.628959625155155 5.775923155145556 5.9205768189428865 5.963709864711651 5.998257570921638 5.999999999999997 6.180111519490986 6.3012732422770386 6.5384730378303315 6.703514185743934 6.831425504513394 7.126792135470236 7.170088726901856 7.2884353802528015 7.304616082368829 7.556953765305399 7.674425464030564 7.861419738895116 7.994876479442121 8.150946986880975 8.344245766113142 8.363805228897872 8.530234494486736 8.701843006460882 8.924813885539736 8.971042239463271 9.04927766815769 9.35713357913922 9.551609558003436 9.74237646626876 9.74647195968068 9.810433468163673 9.833868100679421 9.8723576314413 9.960594387852762 10.000000000000004 10.168462160202203 10.546217024499633 10.580444531737996 10.88383479436514 11.045010671501954 11.197668782034802 11.250805200024493 11.481762383648146 11.625338304682336 11.931262680976749 11.964325448736236 11.996977717318869 11.999999999999995 11.999999999999996 12.000000000000002 12.230413838464434 12.412442208725457 12.451627805655423 12.460685808438727 12.540869857785001 12.673555033481486 12.781631357808445 12.882635707033906 13.06487401457147 13.153742476997667 13.31878647178159 13.510788895837143 13.59032796182995 13.999999999999996 13.999999999999998 14.0 
-1 3 0 2.2198337755939734 2.7234929435893354 3.0525740910329913 3.402670490978208 3.79535749571027 3.808333067597588 4.006383167527842 4.185950353206206 4.265566085176752 4.329518892398329 4.533849832753904 4.775433625270473 4.993023890768598 5.1092331739556895 5.27565629634353 5.460727686942812 5.587017268385211 5.628959625155155 5.775923155145556 5.9205768189428865 5.963709864711651 5.998257570921638 5.999999999999997 6.180111519490986 6.3012732422770386 6.5384730378303315 6.703514185743934 6.831425504513394 7.126792135470236 7.170088726901856 7.2884353802528015 7.304616082368829 7.556953765305399 7.674425464030564 7.861419738895116 7.994876479442121 8.150946986880975 8.344245766113142 8.363805228897872 8.530234494486736 8.701843006460882 8.924813885539736 8.971042239463271 9.04927766815769 9.35713357913922 9.551609558003436 9.74237646626876 9.74647195968068 9.810433468163673 9.833868100679421 9.8723576314413 9.960594387852762 10.000000000000004 10.168462160202203 10.546217024499633 10.580444531737996 10.88383479436514 11.045010671501954 11.197668782034802 11.250805200024493 11.481762383648146 11.625338304682336 11.931262680976749 11.964325448736236 11.996977717318869 11.999999999999995 11.999999999999996 12.000000000000002 12.230413838464434 12.412442208725457 12.451627805655423 12.460685808438727 12.540869857785001 12.673555033481486 12.781631357808445 12.882635707033906 13.06487401457147 13.153742476997667 13.31878647178159 13.510788895837143 13.59032796182995 13.999999999999996 13.999999999999998 14.0 
-1 2 0 0.8440942108116705 1.4056470436165078 1.9740945402382213 2.1366955052535612 2.3298001731953244 2.3399371061168366 2.5771549187028886 2.741152109757085 3.042335341215068 3.2241920658966055 3.2624216807386963 3.317942108162448 3.5300067057309494 3.562468162223101 3.6090171937219497 3.7561515060389383 3.9813876879885624 4.132836222954776 4.256671542975378 4.312983036049181 4.359068690513018 4.486076806487818 4.567616413252368 4.633776635054218 4.731600337747657 4.838536225517769 4.901766148983136 4.999531455611633 5.10095538415575 5.131160831334046 5.209099349025014 5.266865019975885 5.312169532314076 5.500255496987017 5.5678348477347415 5.631772681040574 5.640032904667114 5.722768211843525 5.7841771596531535 5.889099982838023 5.919280992643744 5.9566196137993295 5.989946349676247 6.291940967734152 6.309334455552698 6.398358423591011 6.431925714112599 6.566416845946064 6.609702173335484 6.7829835031903265 6.868349061433473 6.962957482392836 7.158882474135612 7.184534513678376 7.199100418923847 7.392408032523187 7.553737942380751 7.581463963660975 7.818309999915561 7.861594665658439 7.987579059052969 8.040244517135882 8.04116983211154 8.1467989450377 8.19129279615264 8.206987650142334 8.316316280734092 8.362474741157012 8.444199586060922 8.511749497518439 8.593755743343497 8.769829313602655 8.869763851346272 8.882123929027076 9.013838898733848 9.285443589029445 9.364620104069559 9.403954672902762 9.54400320695354 9.644811525110521 9.779488930412022 9.866087076724359 9.895942112256538 10.04523876476246 10.06317730102326 10.180277077385483 10.18121284321413 10.29340134258259 10.297669386361072 10.418914592253541 10.450760998388338 10.557554611712112 10.559930283582224 10.589598836143706 10.923155236646732 10.931173799294648 10.997526888567078 11.095776624615773 11.227401480383717 11.388879532323793 11.509850296981725 12.0 12.129716634097877 12.416246493401273 12.518083242062694 12.618683864004849 12.784639338756477 12.791029212424686 12.817303438889581 12.940451789262841 12.986777074277706 13.059268893344939 13.1357727121445 13.277507557439092 13.445581478419408 13.496406348574421 13.568768614805908 13.68054647642101 13.784161703445388 13.818160965664369 13.852308610760284 14.017286563305813 14.625196356200059 14.627034717616366 14.649440571229725 14.772930036898735 14.927157594142088 15.050237204964523 15.423660662869988 15.462665519328405 
-1 1 0 0.8440942108116705 1.4056470436165078 1.9740945402382213 2.1366955052535612 2.3298001731953244 2.3399371061168366 2.5771549187028886 2.741152109757085 3.042335341215068 3.2241920658966055 3.2624216807386963 3.317942108162448 3.5300067057309494 3.562468162223101 3.6090171937219497 3.7561515060389383 3.9813876879885624 4.132836222954776 4.256671542975378 4.312983036049181 4.359068690513018 4.486076806487818 4.567616413252368 4.633776635054218 4.731600337747657 4.838536225517769 4.901766148983136 4.999531455611633 5.10095538415575 5.131160831334046 5.209099349025014 5.266865019975885 5.312169532314076 5.500255496987017 5.5678348477347415 5.631772681040574 5.640032904667114 5.722768211843525 5.7841771596531535 5.889099982838023 5.919280992643744 5.9566196137993295 5.989946349676247 6.291940967734152 6.309334455552698 6.398358423591011 6.431925714112599 6.566416845946064 6.609702173335484 6.7829835031903265 6.868349061433473 6.962957482392836 7.158882474135612 7.184534513678376 7.199100418923847 7.392408032523187 7.553737942380751 7.581463963660975 7.818309999915561 7.861594665658439 7.987579059052969 8.040244517135882 8.04116983211154 8.1467989450377 8.19129279615264 8.206987650142334 8.316316280734092 8.362474741157012 8.444199586060922 8.511749497518439 8.593755743343497 8.769829313602655 8.869763851346272 8.882123929027076 9.013838898733848 9.285443589029445 9.364620104069559 9.403954672902762 9.54400320695354 9.644811525110521 9.779488930412022 9.866087076724359 9.895942112256538 10.04523876476246 10.06317730102326 10.180277077385483 10.18121284321413 10.29340134258259 10.297669386361072 10.418914592253541 10.450760998388338 10.557554611712112 10.559930283582224 10.589598836143706 10.923155236646732 10.931173799294648 10.997526888567078 11.095776624615773 11.227401480383717 11.388879532323793 11.509850296981725 12.0 12.129716634097877 12.416246493401273 12.518083242062694 12.618683864004849 12.784639338756477 12.791029212424686 12.817303438889581 12.940451789262841 12.986777074277706 13.059268893344939 13.1357727121445 13.277507557439092 13.445581478419408 13.496406348574421 13.568768614805908 13.68054647642101 13.784161703445388 13.818160965664369 13.852308610760284 14.017286563305813 14.625196356200059 14.627034717616366 14.649440571229725 14.772930036898735 14.927157594142088 15.050237204964523 15.423660662869988 15.462665519328405 
-1 0 0 0.6633306336050151 0.9615241396036314 1.0310657296270458 1.506977624269506 1.9196247444615187 2.2114571329502746 2.2460955432183973 2.4477885441916376 2.5213384047798884 2.5509190194429303 2.7593337192646743 3.1366989658296602 3.260587296658724 3.2829204611062344 3.313878413430145 3.5352903223768495 3.5728772749587074 3.749422307363476 3.7682920875860133 4.034898584265707 4.067412156762703 4.358281349856724 4.367234607662509 4.42159897945868 4.647650534288887 4.7330253229699455 4.855170269801434 4.943273642242104 5.015324386238919 5.134190556760076 5.222268178879318 5.283578175435145 5.354870683635893 5.4340462524475885 5.519074954043477 5.554191166009669 5.57862471979381 5.656171943414613 5.765820802749544 5.973671133106706 5.977291324181347 6.055482643036014 6.227239564736185 6.392459368473778 6.457967048156717 6.630832047637956 6.660215705950987 6.70055725918355 6.788255012954767 6.816105415641643 6.837260186663613 6.958163645339816 7.050039413285469 7.2064540251698155 7.399785993189141 7.476838529986754 7.710298178111883 7.8012733157563785 7.903656255155188 8.087543989940102 8.385664780093245 8.610107769513435 8.631525503505332 9.338741030928064 9.479125549678605 9.599050956176153 9.743735944371535 9.801742660147367 9.945238617756301 10.140026806945658 10.401267343518041 10.597096303829238 10.604733744065115 10.844514779800548 11.207446191960816 11.233029158430373 11.560793788993129 11.737562377455262 11.910725763578077 12.152070724640936 12.759060928903118 13.141422582834323 13.181091965377368 13.496705040399183 
-1 -1 0 0.6633306336050151 0.9615241396036314 1.0310657296270458 1.506977624269506 1.9196247444615187 2.2114571329502746 2.2460955432183973 2.4477885441916376 2.5213384047798884 2.5509190194429303 2.7593337192646743 3.1366989658296602 3.260587296658724 3.2829204611062344 3.313878413430145 3.5352903223768495 3.5728772749587074 3.749422307363476 3.7682920875860133 4.034898584265707 4.067412156762703 4.358281349856724 4.367234607662509 4.42159897945868 4.647650534288887 4.7330253229699455 4.855170269801434 4.943273642242104 5.015324386238919 5.134190556760076 5.222268178879318 5.283578175435145 5.354870683635893 5.4340462524475885 5.519074954043477 5.554191166009669 5.57862471979381 5.656171943414613 5.765820802749544 5.973671133106706 5.977291324181347 6.055482643036014 6.227239564736185 6.392459368473778 6.457967048156717 6.630832047637956 6.660215705950987 6.70055725918355 6.788255012954767 6.816105415641643 6.837260186663613 6.958163645339816 7.050039413285469 7.2064540251698155 7.399785993189141 7.476838529986754 7.710298178111883 7.8012733157563785 7.903656255155188 8.087543989940102 8.385664780093245 8.610107769513435 8.631525503505332 9.338741030928064 9.479125549678605 9.599050956176153 9.743735944371535 9.801742660147367 9.945238617756301 10.140026806945658 10.401267343518041 10.597096303829238 10.604733744065115 10.844514779800548 11.207446191960816 11.233029158430373 11.560793788993129 11.737562377455262 11.910725763578077 12.152070724640936 12.759060928903118 13.141422582834323 13.181091965377368 13.496705040399183 
-1 -2 0 0.7999884964978178 0.9999999999999989 1.9999999999999998 2.163852733911725 2.438447187191166 2.5440819995970485 3.025765683627322 3.528079682301404 3.999999999999995 3.9999999999999996 3.9999999999999996 4.000000000000002 4.762672387825111 4.999999999999999 4.999999999999999 5.294963724062751 5.42473837541964 6.561552812808829 7.500703140193052 8.955153776564135 
0 -2 0 0.9999999999999993 1.999999999999999 2.4384471871911675 3.999999999999999 4.0 4.999999999999999 4.999999999999999 6.5615528128088325 
-1 -3 0 0.7999884964978178 0.9999999999999989 1.9999999999999998 2.163852733911725 2.438447187191166 2.5440819995970485 3.025765683627322 3.528079682301404 3.999999999999995 3.9999999999999996 3.9999999999999996 4.000000000000002 4.762672387825111 4.999999999999999 4.999999999999999 5.294963724062751 5.42473837541964 6.561552812808829 7.500703140193052 8.955153776564135 
0 -3 0 0.9999999999999993 1.999999999999999 2.4384471871911675 3.999999999999999 4.0 4.999999999999999 4.999999999999999 6.5615528128088325 
-2 6 0 7.0 9.0 
-2 5 0 7.0 9.0 
-2 4 0 4.265566085176762 5.587017268385213 5.999999999999991 6.703514185743938 7.304616082368834 8.363805228897876 8.92481388553974 9.746471959680687 9.999999999999998 10.000000000000004 10.580444531737989 11.045010671501952 11.481762383648155 11.996977717318865 12.0 12.0 
-2 3 0 4.265566085176762 5.587017268385213 5.999999999999991 6.703514185743938 7.304616082368834 8.363805228897876 8.92481388553974 9.746471959680687 9.999999999999998 10.000000000000004 10.580444531737989 11.045010671501952 11.481762383648155 11.996977717318865 12.0 12.0 
-2 2 0 2.33993710611684 3.262421680738697 4.25667154297538 4.5676164132523684 4.633776635054214 4.9995314556116295 5.2668650199758815 5.631772681040574 5.889099982838019 5.95496541691361 5.989946349676239 6.431925714112594 6.8683490614334755 7.184534513678376 7.581463963660973 7.818309999915558 8.04024451713588 8.316316280734092 8.88212392902707 9.065189548885769 9.644811525110518 10.063177301023254 10.180277077385485 10.293401342582587 10.411941434660132 10.557554611712106 10.923155236646735 11.095776624615777 11.388879532323795 12.000000000000005 12.416246493401253 12.567903599540475 12.79102921242469 13.496406348574425 13.568768614805904 13.784161703445372 13.818160965664362 14.017286563305811 
-2 1 0 2.33993710611684 3.262421680738697 4.25667154297538 4.5676164132523684 4.633776635054214 4.9995314556116295 5.2668650199758815 5.631772681040574 5.889099982838019 5.95496541691361 5.989946349676239 6.431925714112594 6.8683490614334755 7.184534513678376 7.581463963660973 7.818309999915558 8.04024451713588 8.316316280734092 8.88212392902707 9.065189548885769 9.644811525110518 10.063177301023254 10.180277077385485 10.293401342582587 10.411941434660132 10.557554611712106 10.923155236646735 11.095776624615777 11.388879532323795 12.000000000000005 12.416246493401253 12.567903599540475 12.79102921242469 13.496406348574425 13.568768614805904 13.784161703445372 13.818160965664362 14.017286563305811 
-2 0 0 1.0310657296270413 2.447788544191638 2.5509190194429263 3.282920461106234 3.5728772749587026 3.7682920875860146 4.067412156762706 4.311635884330098 4.367234607662502 4.733025322969941 4.923650822219355 5.015324386238917 5.28357817543515 5.354870683635887 5.519074954043475 5.656171943414609 5.977291324181347 5.979645331197371 6.055482643036011 6.6602157059509866 6.788255012954758 7.050039413285464 7.399785993189139 7.710298178111879 8.087543989940096 8.631525503505326 9.338741030928059 9.600774484811167 9.80174266014736 10.47843726973368 11.207446191960802 11.910725763578071 12.15207072464093 12.705856207708326 12.75906092890311 13.141422582834332 13.18109196537735 13.496705040399185 
-2 -1 0 1.0310657296270413 2.447788544191638 2.5509190194429263 3.282920461106234 3.5728772749587026 3.7682920875860146 4.067412156762706 4.311635884330098 4.367234607662502 4.733025322969941 4.923650822219355 5.015324386238917 5.28357817543515 5.354870683635887 5.519074954043475 5.656171943414609 5.977291324181347 5.979645331197371 6.055482643036011 6.6602157059509866 6.788255012954758 7.050039413285464 7.399785993189139 7.710298178111879 8.087543989940096 8.631525503505326 9.338741030928059 9.600774484811167 9.80174266014736 10.47843726973368 11.207446191960802 11.910725763578071 12.15207072464093 12.705856207708326 12.75906092890311 13.141422582834332 13.18109196537735 13.496705040399185 
-2 -2 0 0.7999884964978176 2.1638527339117237 2.5440819995970454 2.9999999999999982 3.02576568362732 3.3944487245360104 3.528079682301403 3.999999999999999 3.9999999999999996 4.762672387825108 5.0 5.294963724062749 5.42473837541964 7.500703140193052 8.95515377656414 10.60555127546399 
-2 -3 0 0.7999884964978176 2.1638527339117237 2.5440819995970454 2.9999999999999982 3.02576568362732 3.3944487245360104 3.528079682301403 3.999999999999999 3.9999999999999996 4.762672387825108 5.0 5.294963724062749 5.42473837541964 7.500703140193052 8.95515377656414 10.60555127546399 
-2 -4 0 2.0 2.0 
-1 -4 0 2.0 
-2 -5 0 2.0 2.0 
-1 -5 0 2.0 
-3 4 0 10.0 
-3 3 0 10.0 
-3 2 0 5.954965416913616 9.065189548885773 10.411941434660132 12.567903599540475 
-3 1 0 5.954965416913616 9.065189548885773 10.411941434660132 12.567903599540475 
-3 0 0 4.311635884330099 4.923650822219353 5.979645331197369 9.600774484811158 10.478437269733684 12.705856207708322 
-3 -1 0 4.311635884330099 4.923650822219353 5.979645331197369 9.600774484811158 10.478437269733684 12.705856207708322 
-3 -2 0 3.0 3.3944487245360104 5.0 10.60555127546399 
-3 -3 0 3.0 3.3944487245360104 5.0 10.60555127546399 
-3 -4 0 2.0 
-3 -5 0 2.0 
