2 4 0 1.518805695907984 3.3111078174659836 4.0 5.170086486626033 5.999999999999998 6.0 
3 4 0 6.0 
2 3 0 1.518805695907984 3.3111078174659836 4.0 5.170086486626033 5.999999999999998 6.0 
3 3 0 6.0 
2 2 0 2.322082454230662 2.6607417046559383 3.2119479516140665 4.543814634433736 4.7391285878558 5.075874764876463 5.417808930358804 6.276083649331975 6.513667323073333 7.247110849790169 7.394448724536011 8.161747070150392 8.672805146403169 10.282065285382423 12.117642712567628 12.397001831037887 12.643926294955708 12.723166495375725 12.99338431390611 14.605551275463982 
3 2 0 7.39444872453601 14.60555127546399 
2 1 0 2.322082454230662 2.6607417046559383 3.2119479516140665 4.543814634433736 4.7391285878558 5.075874764876463 5.417808930358804 6.276083649331975 6.513667323073333 7.247110849790169 7.394448724536011 8.161747070150392 8.672805146403169 10.282065285382423 12.117642712567628 12.397001831037887 12.643926294955708 12.723166495375725 12.99338431390611 14.605551275463982 
3 1 0 7.39444872453601 14.60555127546399 
2 0 0 3.089545257561998 4.057462395554309 5.113971415205417 5.742979816865032 6.240340503040966 6.541002762389161 9.064717941799264 10.203724004549308 10.782660604523779 10.999999999999996 11.061266325781109 11.875538129502171 13.110937291458345 13.153792441269385 13.539426797483502 13.862576718923497 14.000000000000007 14.111002560901346 15.44905503319142 16.0 
3 0 0 14.0 
2 -1 0 3.089545257561998 4.057462395554309 5.113971415205417 5.742979816865032 6.240340503040966 6.541002762389161 9.064717941799264 10.203724004549308 10.782660604523779 10.999999999999996 11.061266325781109 11.875538129502171 13.110937291458345 13.153792441269385 13.539426797483502 13.862576718923497 14.000000000000007 14.111002560901346 15.44905503319142 16.0 
3 -1 0 14.0 
1 4 0 1.5188056959079839 1.518805695907984 3.311107817465981 3.3111078174659836 4.0 4.0 4.0 5.170086486626033 5.170086486626033 5.999999999999998 
1 3 0 1.5188056959079839 1.518805695907984 3.311107817465981 3.3111078174659836 4.0 4.0 4.0 5.170086486626033 5.170086486626033 5.999999999999998 
1 2 0 0.6702184439124755 1.7573231424024687 1.9351120011499552 2.180463010956864 2.2776463063572936 2.322082454230661 2.66074170465594 2.739636135868848 3.1041608176386206 3.1577451044360196 3.211947951614074 3.496256036933862 3.9104574761380233 4.349638574649924 4.459395108421996 4.532627092138688 4.543814634433735 4.559295024394689 4.739128587855802 4.804490707946053 4.893010714302975 5.075874764876464 5.292419718511273 5.417808930358806 5.560674860082106 5.9426515382728065 5.999999999999999 6.073893334527151 6.115626341251418 6.276083649331979 6.303175066992037 6.513667323073335 6.515755885168824 6.723089098756153 6.8759758820411525 7.199418218912863 7.247110849790166 7.699874602256469 7.754379503516507 8.161747070150398 8.269302685765105 8.483326274331612 8.672805146403165 8.937298499553064 8.99122726722614 9.1489640137532 10.218646332338114 10.282065285382417 10.415781980173989 10.726156585428383 10.9763386848306 11.421719012396647 11.52682891626567 12.117642712567635 12.397001831037876 12.643926294955715 12.723166495375732 12.993384313906104 
1 1 0 0.6702184439124755 1.7573231424024687 1.9351120011499552 2.180463010956864 2.2776463063572936 2.322082454230661 2.66074170465594 2.739636135868848 3.1041608176386206 3.1577451044360196 3.211947951614074 3.496256036933862 3.9104574761380233 4.349638574649924 4.459395108421996 4.532627092138688 4.543814634433735 4.559295024394689 4.739128587855802 4.804490707946053 4.893010714302975 5.075874764876464 5.292419718511273 5.417808930358806 5.560674860082106 5.9426515382728065 5.999999999999999 6.073893334527151 6.115626341251418 6.276083649331979 6.303175066992037 6.513667323073335 6.515755885168824 6.723089098756153 6.8759758820411525 7.199418218912863 7.247110849790166 7.699874602256469 7.754379503516507 8.161747070150398 8.269302685765105 8.483326274331612 8.672805146403165 8.937298499553064 8.99122726722614 9.1489640137532 10.218646332338114 10.282065285382417 10.415781980173989 10.726156585428383 10.9763386848306 11.421719012396647 11.52682891626567 12.117642712567635 12.397001831037876 12.643926294955715 12.723166495375732 12.993384313906104 
1 0 0 1.176773164395291 1.7015482198558292 1.9309345214383886 2.309399708709134 2.6168514293463327 2.7062282227259624 2.9573172147167632 3.0895452575619986 3.178361941305798 3.441379494798267 3.523771031978058 3.704735727295885 3.827674652333195 4.057462395554312 4.131773202132377 4.166323062244076 4.299697584425936 4.4886019037909755 4.554669085159093 4.899356612095736 4.95136153490396 5.113971415205423 5.246490670996847 5.336946956073166 5.505776917691831 5.742979816865036 5.894348270665115 6.003457867956017 6.029234771341705 6.089929310907773 6.240340503040963 6.307621785122848 6.380690010799622 6.490363508336725 6.541002762389162 6.619511144220336 6.941360136614655 7.441500637973347 7.476840176173657 7.564622220287448 7.792522467101351 7.938933720859953 8.059985145970485 8.115697316880626 8.265659713463958 8.324276656725417 8.699553055423252 8.73730738345795 9.064717941799275 9.189055221172122 9.318183445111469 9.438321413236771 9.479615853416272 9.506277897713366 9.56019228569307 9.831392834133649 9.997831652910861 10.2037240045493 10.301636078287624 10.394282337643443 10.603416233153247 10.782660604523771 10.919944458616435 11.000000000000002 11.024984873421635 11.06126632578111 11.526740836709786 11.875538129502171 12.413746005480665 12.748408852734682 12.837628131712597 12.905724748458681 13.015825210773802 13.110937291458347 13.153792441269395 13.15962665063429 13.477007184264618 13.539426797483507 13.557805633681754 13.709413390833372 13.822062467778473 13.862576718923492 14.052439153229829 14.10423400128102 14.11100256090135 14.245882302898561 14.605007045200347 14.616834569378373 14.739708779630924 14.747115379341276 14.877479671022382 14.885927041899398 15.067581738473217 15.449055033191422 15.489278461376836 15.999999999999998 
1 -1 0 1.176773164395291 1.7015482198558292 1.9309345214383886 2.309399708709134 2.6168514293463327 2.7062282227259624 2.9573172147167632 3.0895452575619986 3.178361941305798 3.441379494798267 3.523771031978058 3.704735727295885 3.827674652333195 4.057462395554312 4.131773202132377 4.166323062244076 4.299697584425936 4.4886019037909755 4.554669085159093 4.899356612095736 4.95136153490396 5.113971415205423 5.246490670996847 5.336946956073166 5.505776917691831 5.742979816865036 5.894348270665115 6.003457867956017 6.029234771341705 6.089929310907773 6.240340503040963 6.307621785122848 6.380690010799622 6.490363508336725 6.541002762389162 6.619511144220336 6.941360136614655 7.441500637973347 7.476840176173657 7.564622220287448 7.792522467101351 7.938933720859953 8.059985145970485 8.115697316880626 8.265659713463958 8.324276656725417 8.699553055423252 8.73730738345795 9.064717941799275 9.189055221172122 9.318183445111469 9.438321413236771 9.479615853416272 9.506277897713366 9.56019228569307 9.831392834133649 9.997831652910861 10.2037240045493 10.301636078287624 10.394282337643443 10.603416233153247 10.782660604523771 10.919944458616435 11.000000000000002 11.024984873421635 11.06126632578111 11.526740836709786 11.875538129502171 12.413746005480665 12.748408852734682 12.837628131712597 12.905724748458681 13.015825210773802 13.110937291458347 13.153792441269395 13.15962665063429 13.477007184264618 13.539426797483507 13.557805633681754 13.709413390833372 13.822062467778473 13.862576718923492 14.052439153229829 14.10423400128102 14.11100256090135 14.245882302898561 14.605007045200347 14.616834569378373 14.739708779630924 14.747115379341276 14.877479671022382 14.885927041899398 15.067581738473217 15.449055033191422 15.489278461376836 15.999999999999998 
1 -2 0 2.28710058250655 2.664073431327648 2.8183255928424074 3.4022064578945046 3.718366864521857 3.8785946128053927 4.152859537020783 4.335996219089869 4.551276776324576 5.018304686001454 5.195081123904799 5.304674507586379 5.395089752153323 5.852353555270373 5.935451553640798 6.23561537530699 6.237538284858902 6.633963726633753 7.140943770417532 7.610015123043349 8.312659937898763 8.551493177434274 8.777953215384045 8.86171920998943 9.131406573244414 9.280085131567333 9.715518890359592 9.877933820728902 9.970291361617075 10.253002869480323 10.321396781062651 10.512832861813804 10.796315891474427 10.999999999999995 11.000000000000009 11.389881616009012 11.78160262681175 11.844444395319432 11.999333435150737 12.000000000000005 12.024677900736126 12.144087495893654 12.237416555568528 12.391475351434053 12.4124396425368 12.469546643148535 12.533068602973556 12.751307527401794 12.770313379803124 12.916411088287317 12.999999999999995 12.999999999999998 13.30787812114025 13.40242217534377 13.55128836318142 13.586497729532622 13.755466094521191 14.000000000000002 
2 -2 0 5.1950811239047985 10.25300286948032 11.0 11.0 11.781602626811765 12.770313379803127 
1 -3 0 2.28710058250655 2.664073431327648 2.8183255928424074 3.4022064578945046 3.718366864521857 3.8785946128053927 4.152859537020783 4.335996219089869 4.551276776324576 5.018304686001454 5.195081123904799 5.304674507586379 5.395089752153323 5.852353555270373 5.935451553640798 6.23561537530699 6.237538284858902 6.633963726633753 7.140943770417532 7.610015123043349 8.312659937898763 8.551493177434274 8.777953215384045 8.86171920998943 9.131406573244414 9.280085131567333 9.715518890359592 9.877933820728902 9.970291361617075 10.253002869480323 10.321396781062651 10.512832861813804 10.796315891474427 10.999999999999995 11.000000000000009 11.389881616009012 11.78160262681175 11.844444395319432 11.999333435150737 12.000000000000005 12.024677900736126 12.144087495893654 12.237416555568528 12.391475351434053 12.4124396425368 12.469546643148535 12.533068602973556 12.751307527401794 12.770313379803124 12.916411088287317 12.999999999999995 12.999999999999998 13.30787812114025 13.40242217534377 13.55128836318142 13.586497729532622 13.755466094521191 14.000000000000002 
2 -3 0 5.1950811239047985 10.25300286948032 11.0 11.0 11.781602626811765 12.770313379803127 
0 4 0 1.5188056959079839 3.311107817465981 4.0 4.0 4.0 5.170086486626033 
0 3 0 1.5188056959079839 3.311107817465981 4.0 4.0 4.0 5.170086486626033 
0 2 1 -8.869530780499144e-15 0.6702184439124725 1.6214046768473145 1.7573231424024773 1.9057944850106423 1.9351120011499598 2.1804630109568666 2.277646306357294 2.516288673588654 2.7396361358688415 2.9154178212276562 3.10416081763862 3.1577451044360227 3.1889067244583447 3.436227752278149 3.496256036933862 3.682305518717762 3.9104574761380224 4.349638574649924 4.459395108421992 4.481825758557528 4.5326270921386875 4.559295024394688 4.7048955109882025 4.80449070794605 4.843160552200702 4.893010714302972 4.979323514233464 5.148099083888553 5.292419718511271 5.560674860082104 5.942651538272806 5.999999999999998 6.0 6.019274300811052 6.047231629012282 6.07389333452715 6.115626341251416 6.293046768681187 6.303175066992037 6.306690446427989 6.515755885168817 6.670423861932099 6.7230890987561525 6.87597588204115 7.101508628754414 7.1339094788188655 7.199418218912857 7.4365925393103165 7.69987460225647 7.754379503516506 8.037788262712434 8.104939892432622 8.269302685765103 8.287109092196802 8.483326274331604 8.59054044620723 8.869828418747023 8.937298499553062 8.991227267226147 9.148964013753202 9.677466161958714 10.218646332338105 10.415781980173982 10.726156585428381 10.976338684830598 11.421719012396638 11.526828916265682 
0 1 1 -8.869530780499144e-15 0.6702184439124725 1.6214046768473145 1.7573231424024773 1.9057944850106423 1.9351120011499598 2.1804630109568666 2.277646306357294 2.516288673588654 2.7396361358688415 2.9154178212276562 3.10416081763862 3.1577451044360227 3.1889067244583447 3.436227752278149 3.496256036933862 3.682305518717762 3.9104574761380224 4.349638574649924 4.459395108421992 4.481825758557528 4.5326270921386875 4.559295024394688 4.7048955109882025 4.80449070794605 4.843160552200702 4.893010714302972 4.979323514233464 5.148099083888553 5.292419718511271 5.560674860082104 5.942651538272806 5.999999999999998 6.0 6.019274300811052 6.047231629012282 6.07389333452715 6.115626341251416 6.293046768681187 6.303175066992037 6.306690446427989 6.515755885168817 6.670423861932099 6.7230890987561525 6.87597588204115 7.101508628754414 7.1339094788188655 7.199418218912857 7.4365925393103165 7.69987460225647 7.754379503516506 8.037788262712434 8.104939892432622 8.269302685765103 8.287109092196802 8.483326274331604 8.59054044620723 8.869828418747023 8.937298499553062 8.991227267226147 9.148964013753202 9.677466161958714 10.218646332338105 10.415781980173982 10.726156585428381 10.976338684830598 11.421719012396638 11.526828916265682 
0 0 1 -2.0705578116357238e-14 0.1991130361730254 0.8364044497234813 1.176773164395294 1.2924662426676237 1.6442728858397686 1.7015482198558454 1.7652206638606462 1.9309345214383742 1.9753140147803272 2.010097505698181 2.088476433727289 2.2734285471155777 2.3093997087091434 2.466993400386231 2.5185358015801484 2.616851429346343 2.7062282227259735 2.7405606207687296 2.93642396488636 2.957317214716768 3.116601140161404 3.1783619413057926 3.2877373643879593 3.4156269366301957 3.4413794947982725 3.5237710319780615 3.5907325695462147 3.702776045729932 3.7047357272958785 3.8276746523331946 3.8447756567094302 3.877968539372691 4.02551825391236 4.131773202132379 4.158390262695621 4.166323062244075 4.299697584425931 4.325218706971765 4.4128786760860805 4.488601903790972 4.529307496204693 4.55466908515909 4.595938770139218 4.657407816279474 4.790859757673458 4.855378708932082 4.899356612095741 4.951361534903952 4.970448735745311 5.017607035750827 5.059896024423872 5.24649067099685 5.315782211354347 5.336946956073174 5.357995577575756 5.4632804313616505 5.505776917691826 5.644225856644451 5.722906614056537 5.76822039557416 5.842863366887794 5.894348270665111 5.984233224990232 6.0034578679560155 6.024664280270542 6.029234771341712 6.089929310907772 6.175153753544987 6.2303796721547995 6.297413960684379 6.3076217851228416 6.3806900107996185 6.490363508336727 6.518574123882803 6.619511144220336 6.644089976724654 6.729536513827505 6.808091390228893 6.885263584931843 6.941360136614655 6.989790720736825 7.142215820365858 7.343234775970024 7.441500637973348 7.4693054959539555 7.476840176173665 7.564622220287444 7.5827214096509135 7.752481860983973 7.792522467101351 7.79805395297169 7.890250168985127 7.938933720859951 8.01398598101443 8.05998514597048 8.076219338315722 8.115697316880627 8.190578407019535 8.265659713463961 8.29257427299035 8.324276656725415 8.340511333615657 8.529999897994589 8.61227219925712 8.699553055423255 8.737307383457951 8.824949328633368 9.001715207808422 9.087763633793886 9.189055221172127 9.219846329129897 9.318183445111469 9.370227024245976 9.427087832493534 9.43832141323678 9.479615853416282 9.506277897713371 9.559293049524486 9.56019228569308 9.664688798892678 9.771920032976052 9.831392834133641 9.99783165291085 10.03431637193343 10.23636549761773 10.247973869218693 10.301636078287618 10.388468027402245 10.394282337643443 10.502822729317268 10.603416233153249 10.662206989170967 10.919944458616428 11.006845445507151 11.024984873421632 11.253300886262618 11.329385376683561 11.489593879982081 11.526740836709791 11.70003556180031 11.752110994871805 11.917295983636954 12.00467402447601 12.063289409524803 12.161723123291083 12.203288644630426 12.238418095484366 12.379673216712177 12.41374600548066 12.436895498836877 12.550899089355884 12.600547960787981 12.665337046357505 12.745073009458773 12.748408852734691 12.75814926672777 12.837628131712588 12.865815876826492 12.90572474845867 12.95042809827054 13.015825210773798 13.039970165026926 13.056469460951726 13.097860493371726 13.159626650634294 13.247853696496687 13.360948194969865 13.424144556514397 13.477007184264627 13.497466172542591 13.557805633681724 13.709413390833364 13.783615413401236 13.822062467778471 14.052439153229837 14.104234001281 14.24588230289856 14.605007045200365 14.616834569378371 14.739708779630925 14.747115379341286 14.877479671022407 14.885927041899416 15.06758173847319 15.489278461376827 
0 -1 1 -2.0705578116357238e-14 0.1991130361730254 0.8364044497234813 1.176773164395294 1.2924662426676237 1.6442728858397686 1.7015482198558454 1.7652206638606462 1.9309345214383742 1.9753140147803272 2.010097505698181 2.088476433727289 2.2734285471155777 2.3093997087091434 2.466993400386231 2.5185358015801484 2.616851429346343 2.7062282227259735 2.7405606207687296 2.93642396488636 2.957317214716768 3.116601140161404 3.1783619413057926 3.2877373643879593 3.4156269366301957 3.4413794947982725 3.5237710319780615 3.5907325695462147 3.702776045729932 3.7047357272958785 3.8276746523331946 3.8447756567094302 3.877968539372691 4.02551825391236 4.131773202132379 4.158390262695621 4.166323062244075 4.299697584425931 4.325218706971765 4.4128786760860805 4.488601903790972 4.529307496204693 4.55466908515909 4.595938770139218 4.657407816279474 4.790859757673458 4.855378708932082 4.899356612095741 4.951361534903952 4.970448735745311 5.017607035750827 5.059896024423872 5.24649067099685 5.315782211354347 5.336946956073174 5.357995577575756 5.4632804313616505 5.505776917691826 5.644225856644451 5.722906614056537 5.76822039557416 5.842863366887794 5.894348270665111 5.984233224990232 6.0034578679560155 6.024664280270542 6.029234771341712 6.089929310907772 6.175153753544987 6.2303796721547995 6.297413960684379 6.3076217851228416 6.3806900107996185 6.490363508336727 6.518574123882803 6.619511144220336 6.644089976724654 6.729536513827505 6.808091390228893 6.885263584931843 6.941360136614655 6.989790720736825 7.142215820365858 7.343234775970024 7.441500637973348 7.4693054959539555 7.476840176173665 7.564622220287444 7.5827214096509135 7.752481860983973 7.792522467101351 7.79805395297169 7.890250168985127 7.938933720859951 8.01398598101443 8.05998514597048 8.076219338315722 8.115697316880627 8.190578407019535 8.265659713463961 8.29257427299035 8.324276656725415 8.340511333615657 8.529999897994589 8.61227219925712 8.699553055423255 8.737307383457951 8.824949328633368 9.001715207808422 9.087763633793886 9.189055221172127 9.219846329129897 9.318183445111469 9.370227024245976 9.427087832493534 9.43832141323678 9.479615853416282 9.506277897713371 9.559293049524486 9.56019228569308 9.664688798892678 9.771920032976052 9.831392834133641 9.99783165291085 10.03431637193343 10.23636549761773 10.247973869218693 10.301636078287618 10.388468027402245 10.394282337643443 10.502822729317268 10.603416233153249 10.662206989170967 10.919944458616428 11.006845445507151 11.024984873421632 11.253300886262618 11.329385376683561 11.489593879982081 11.526740836709791 11.70003556180031 11.752110994871805 11.917295983636954 12.00467402447601 12.063289409524803 12.161723123291083 12.203288644630426 12.238418095484366 12.379673216712177 12.41374600548066 12.436895498836877 12.550899089355884 12.600547960787981 12.665337046357505 12.745073009458773 12.748408852734691 12.75814926672777 12.837628131712588 12.865815876826492 12.90572474845867 12.95042809827054 13.015825210773798 13.039970165026926 13.056469460951726 13.097860493371726 13.159626650634294 13.247853696496687 13.360948194969865 13.424144556514397 13.477007184264627 13.497466172542591 13.557805633681724 13.709413390833364 13.783615413401236 13.822062467778471 14.052439153229837 14.104234001281 14.24588230289856 14.605007045200365 14.616834569378371 14.739708779630925 14.747115379341286 14.877479671022407 14.885927041899416 15.06758173847319 15.489278461376827 
0 -2 0 0.13732734758645826 0.8391302210805347 1.1881913390310532 1.4714091688067348 1.6835884210966718 1.876025939461314 2.027199139872493 2.216109372838951 2.2871005825065467 2.415373043542136 2.4950937110599765 2.5641253062415803 2.664073431327661 2.767907848837281 2.8183255928424122 2.881673241705599 2.945763696087988 3.0916162970430063 3.2673499551706326 3.3856714700077153 3.4022064578945006 3.493901846432674 3.553516361522608 3.7183668645218555 3.7394760933017017 3.7899205621482284 3.878594612805399 3.9894936111391943 4.062722667361669 4.152859537020781 4.174626162153824 4.279720315919903 4.33599621908987 4.425236768700438 4.519457224097256 4.551276776324573 4.561653987006183 4.6596743909964715 4.7492853515494575 4.8218289053637635 4.884712962468274 4.937883239468441 5.018304686001439 5.033639523839603 5.125550407386421 5.170731194271903 5.2559886972513885 5.304674507586374 5.366300908295181 5.395089752153332 5.529861276441276 5.611053224611174 5.696770401287615 5.831417034781651 5.852353555270382 5.880688047497933 5.935451553640814 5.95233051751317 5.974772751898161 6.001556198512555 6.099986309253107 6.235615375306992 6.2375382848589 6.274674148139511 6.407204867180197 6.5322763763565845 6.6339637266337474 6.65344589585434 6.7519717070536265 6.78031705454765 6.940959172580078 7.022004438893788 7.140943770417523 7.2369559236856515 7.331606290000968 7.38243023179956 7.595512635612967 7.610015123043353 7.695592854174743 7.864576009734664 7.9646922645138 8.071068881622578 8.132137080064302 8.269500691388634 8.312659937898765 8.347341439124593 8.551493177434283 8.601536742704603 8.769639318089114 8.777953215384041 8.825033717655137 8.861719209989436 8.953795967680383 9.03463187786293 9.09467501311054 9.131406573244416 9.153662665343338 9.27793592620809 9.280085131567342 9.418504400844515 9.563789653487571 9.679325686904104 9.7155188903596 9.727062429699828 9.7626708024485 9.864241527616242 9.877933820728908 9.962174348808054 9.970291361617084 10.053385136172723 10.095550994834996 10.229214647447332 10.242285246313962 10.321396781062655 10.329895167120885 10.365190271291267 10.384575080385133 10.512832861813807 10.547471846979743 10.631481707584689 10.668879880265767 10.79631589147442 10.796704118904444 10.929782238863295 11.07472922457055 11.091869152209288 11.363533098693352 11.389881616009008 11.446823251729887 11.548354647594353 11.844444395319426 11.99933343515073 11.999999999999998 12.00000000000001 12.024677900736124 12.144087495893666 12.237416555568528 12.282335379603163 12.391475351434051 12.412439642536802 12.469546643148536 12.532273683320614 12.533068602973554 12.549016811427949 12.751307527401798 12.769792124347976 12.860392683292131 12.874820200239144 12.916411088287317 12.999999999999991 12.999999999999996 13.021669571646171 13.041882336538617 13.065880048464154 13.111039963938074 13.205331415111242 13.215183464548817 13.307878121140245 13.313652787584392 13.353363846341566 13.402422175343771 13.426237127042903 13.551288363181428 13.556387945018482 13.577324657305217 13.586497729532626 13.685098767497195 13.75546609452119 13.78566480027403 13.822345184088707 14.000000000000007 14.058649261679589 14.119202174037884 14.121303135978817 14.283493044021816 14.517718603715194 14.645134583937416 14.777960763542252 14.975645544094897 15.07567053091846 15.13128262366914 15.33183966069223 15.382810207706738 15.481665360749227 15.877945493931797 15.999999999999991 
0 -3 0 0.13732734758645826 0.8391302210805347 1.1881913390310532 1.4714091688067348 1.6835884210966718 1.876025939461314 2.027199139872493 2.216109372838951 2.2871005825065467 2.415373043542136 2.4950937110599765 2.5641253062415803 2.664073431327661 2.767907848837281 2.8183255928424122 2.881673241705599 2.945763696087988 3.0916162970430063 3.2673499551706326 3.3856714700077153 3.4022064578945006 3.493901846432674 3.553516361522608 3.7183668645218555 3.7394760933017017 3.7899205621482284 3.878594612805399 3.9894936111391943 4.062722667361669 4.152859537020781 4.174626162153824 4.279720315919903 4.33599621908987 4.425236768700438 4.519457224097256 4.551276776324573 4.561653987006183 4.6596743909964715 4.7492853515494575 4.8218289053637635 4.884712962468274 4.937883239468441 5.018304686001439 5.033639523839603 5.125550407386421 5.170731194271903 5.2559886972513885 5.304674507586374 5.366300908295181 5.395089752153332 5.529861276441276 5.611053224611174 5.696770401287615 5.831417034781651 5.852353555270382 5.880688047497933 5.935451553640814 5.95233051751317 5.974772751898161 6.001556198512555 6.099986309253107 6.235615375306992 6.2375382848589 6.274674148139511 6.407204867180197 6.5322763763565845 6.6339637266337474 6.65344589585434 6.7519717070536265 6.78031705454765 6.940959172580078 7.022004438893788 7.140943770417523 7.2369559236856515 7.331606290000968 7.38243023179956 7.595512635612967 7.610015123043353 7.695592854174743 7.864576009734664 7.9646922645138 8.071068881622578 8.132137080064302 8.269500691388634 8.312659937898765 8.347341439124593 8.551493177434283 8.601536742704603 8.769639318089114 8.777953215384041 8.825033717655137 8.861719209989436 8.953795967680383 9.03463187786293 9.09467501311054 9.131406573244416 9.153662665343338 9.27793592620809 9.280085131567342 9.418504400844515 9.563789653487571 9.679325686904104 9.7155188903596 9.727062429699828 9.7626708024485 9.864241527616242 9.877933820728908 9.962174348808054 9.970291361617084 10.053385136172723 10.095550994834996 10.229214647447332 10.242285246313962 10.321396781062655 10.329895167120885 10.365190271291267 10.384575080385133 10.512832861813807 10.547471846979743 10.631481707584689 10.668879880265767 10.79631589147442 10.796704118904444 10.929782238863295 11.07472922457055 11.091869152209288 11.363533098693352 11.389881616009008 11.446823251729887 11.548354647594353 11.844444395319426 11.99933343515073 11.999999999999998 12.00000000000001 12.024677900736124 12.144087495893666 12.237416555568528 12.282335379603163 12.391475351434051 12.412439642536802 12.469546643148536 12.532273683320614 12.533068602973554 12.549016811427949 12.751307527401798 12.769792124347976 12.860392683292131 12.874820200239144 12.916411088287317 12.999999999999991 12.999999999999996 13.021669571646171 13.041882336538617 13.065880048464154 13.111039963938074 13.205331415111242 13.215183464548817 13.307878121140245 13.313652787584392 13.353363846341566 13.402422175343771 13.426237127042903 13.551288363181428 13.556387945018482 13.577324657305217 13.586497729532626 13.685098767497195 13.75546609452119 13.78566480027403 13.822345184088707 14.000000000000007 14.058649261679589 14.119202174037884 14.121303135978817 14.283493044021816 14.517718603715194 14.645134583937416 14.777960763542252 14.975645544094897 15.07567053091846 15.13128262366914 15.33183966069223 15.382810207706738 15.481665360749227 15.877945493931797 15.999999999999991 
0 -4 0 1.0776088448103214 1.769857555898135 2.331281089065903 3.111717512344563 3.14542463505493 3.4019827090204284 3.6852546727127056 3.826233799881694 3.8312081857793783 3.984956830939354 4.081492563001971 4.30424657778069 4.367313702182033 4.415757327828443 4.53266839230072 4.626890446300499 4.740738970804053 4.984577679261568 5.267058044890381 5.38620932124229 5.488880729225825 5.547181832261885 5.7879994621493 5.949136053508081 6.044820960232519 6.178350743019467 6.363994891927552 6.602067094269164 6.686575330769534 6.83055981304004 6.977461877494316 7.154963763485387 7.30914546100615 7.491188006361949 7.880192947092857 7.918881414537392 7.930470554068567 7.997732726748777 8.452238637042006 9.147520684266775 9.181339082959154 9.20191062109713 9.236311604869995 9.285380581070106 9.560014028555393 9.637029598376564 9.759179467259539 9.769993233336828 9.899753673805765 9.918610880295619 10.000000000000005 10.2108398301568 10.295789607985453 10.39133605716939 10.520543342233918 10.587843240204368 10.623450939508103 10.6649566509431 10.687072021656522 10.795390317541214 11.036128716330204 11.495928662798297 11.505533461981175 11.79160098127989 11.934618878510115 12.292241786477415 12.299732816133108 12.805628073857255 
1 -4 0 3.8312081857793747 4.415757327828441 6.044820960232515 6.977461877494312 7.930470554068562 9.181339082959155 9.23631160487 9.759179467259536 10.0 10.623450939508107 
0 -5 0 1.0776088448103214 1.769857555898135 2.331281089065903 3.111717512344563 3.14542463505493 3.4019827090204284 3.6852546727127056 3.826233799881694 3.8312081857793783 3.984956830939354 4.081492563001971 4.30424657778069 4.367313702182033 4.415757327828443 4.53266839230072 4.626890446300499 4.740738970804053 4.984577679261568 5.267058044890381 5.38620932124229 5.488880729225825 5.547181832261885 5.7879994621493 5.949136053508081 6.044820960232519 6.178350743019467 6.363994891927552 6.602067094269164 6.686575330769534 6.83055981304004 6.977461877494316 7.154963763485387 7.30914546100615 7.491188006361949 7.880192947092857 7.918881414537392 7.930470554068567 7.997732726748777 8.452238637042006 9.147520684266775 9.181339082959154 9.20191062109713 9.236311604869995 9.285380581070106 9.560014028555393 9.637029598376564 9.759179467259539 9.769993233336828 9.899753673805765 9.918610880295619 10.000000000000005 10.2108398301568 10.295789607985453 10.39133605716939 10.520543342233918 10.587843240204368 10.623450939508103 10.6649566509431 10.687072021656522 10.795390317541214 11.036128716330204 11.495928662798297 11.505533461981175 11.79160098127989 11.934618878510115 12.292241786477415 12.299732816133108 12.805628073857255 
1 -5 0 3.8312081857793747 4.415757327828441 6.044820960232515 6.977461877494312 7.930470554068562 9.181339082959155 9.23631160487 9.759179467259536 10.0 10.623450939508107 
-1 4 0 4.0 
-1 3 0 4.0 
-1 2 0 1.6214046768473211 1.9057944850106487 2.5162886735886496 2.915417821227648 3.1889067244583424 3.436227752278148 3.455942889803852 3.6823055187177602 4.481825758557523 4.704895510988206 4.8431605522007 4.889908036279115 4.979323514233461 5.148099083888557 6.000000000000009 6.019274300811051 6.0472316290122805 6.29304676868119 6.3066772645310865 6.3066904464279965 6.670423861932094 6.701450842663896 7.101508628754415 7.133909478818867 7.436592539310316 7.646020966722048 8.037788262712429 8.104939892432622 8.287109092196808 8.590540446207235 8.869828418747016 9.677466161958707 
-1 1 0 1.6214046768473211 1.9057944850106487 2.5162886735886496 2.915417821227648 3.1889067244583424 3.436227752278148 3.455942889803852 3.6823055187177602 4.481825758557523 4.704895510988206 4.8431605522007 4.889908036279115 4.979323514233461 5.148099083888557 6.000000000000009 6.019274300811051 6.0472316290122805 6.29304676868119 6.3066772645310865 6.3066904464279965 6.670423861932094 6.701450842663896 7.101508628754415 7.133909478818867 7.436592539310316 7.646020966722048 8.037788262712429 8.104939892432622 8.287109092196808 8.590540446207235 8.869828418747016 9.677466161958707 
-1 0 0 0.19911303617301002 0.8364044497235064 1.2924662426676 1.4782100093942578 1.6442728858397542 1.7652206638606178 1.975314014780316 2.010097505698174 2.0273686147399665 2.0884764337272808 2.196347542569285 2.2734285471155586 2.4669934003862357 2.5185358015801103 2.7405606207687203 2.936423964886373 3.029434810466484 3.116601140161394 3.2321676149899097 3.2877373643879455 3.4156269366302032 3.5907325695462147 3.702776045729925 3.8447756567094187 3.8499708486914854 3.8779685393726964 3.9220674523030468 4.025518253912369 4.078832473036849 4.158390262695617 4.3252187069717705 4.412878676086076 4.529307496204691 4.587346139991827 4.595938770139225 4.657407816279469 4.685031878791218 4.790859757673452 4.855378708932093 4.970448735745314 4.987028505412345 5.017607035750826 5.059896024423872 5.066940310354374 5.191304996481859 5.315782211354345 5.3579955775757515 5.463280431361655 5.4940634020886145 5.587476988711381 5.64422585664445 5.7229066140565354 5.768220395574161 5.808432478302041 5.842863366887792 5.9842332249902315 6.024664280270545 6.071667110205423 6.11578948191189 6.175153753544987 6.212917127608913 6.230379672154798 6.297413960684379 6.518574123882803 6.524620098581255 6.5454177635824555 6.644089976724655 6.729536513827504 6.742657918481882 6.8080913902288955 6.836197392744207 6.885263584931843 6.989790720736827 7.116901169153066 7.142215820365861 7.207887948704977 7.34323477597002 7.413307567418537 7.469305495953957 7.582721409650913 7.650309298575179 7.752481860983974 7.798053952971693 7.890250168985121 8.008016771858408 8.013985981014427 8.076219338315727 8.177800776214752 8.190578407019535 8.253609508893712 8.292574272990349 8.34051133361565 8.381932150023557 8.529999897994587 8.612272199257108 8.71888807090243 8.824949328633371 8.907731961664714 9.001715207808418 9.087763633793882 9.08925038871598 9.219846329129899 9.370227024245978 9.416606774584896 9.427087832493534 9.455120404335288 9.559293049524483 9.664688798892676 9.771920032976046 9.930881628175761 9.988785724471876 10.03431637193344 10.112429090717674 10.149317177546505 10.22806446134571 10.236365497617731 10.24797386921869 10.26707407704539 10.376013215993309 10.388468027402245 10.502822729317266 10.662206989170965 10.7245650334258 10.833723200112656 10.999999999999988 11.006845445507153 11.061278842944155 11.253300886262615 11.287479258886345 11.320015106269654 11.329385376683538 11.44083478230962 11.489593879982076 11.681882316683316 11.7000355618003 11.752110994871801 11.784587423927837 11.829479240926847 11.914935668731108 11.917295983636963 12.00467402447599 12.063289409524787 12.16172312329107 12.203288644630424 12.23841809548435 12.379673216712169 12.436895498836888 12.550899089355894 12.600547960787978 12.665337046357514 12.745073009458745 12.758149266727777 12.865815876826503 12.950428098270526 13.03997016502691 13.056469460951721 13.097860493371725 13.24785369649667 13.360948194969858 13.424144556514385 13.497466172542591 13.783615413401295 
-1 -1 0 0.19911303617301002 0.8364044497235064 1.2924662426676 1.4782100093942578 1.6442728858397542 1.7652206638606178 1.975314014780316 2.010097505698174 2.0273686147399665 2.0884764337272808 2.196347542569285 2.2734285471155586 2.4669934003862357 2.5185358015801103 2.7405606207687203 2.936423964886373 3.029434810466484 3.116601140161394 3.2321676149899097 3.2877373643879455 3.4156269366302032 3.5907325695462147 3.702776045729925 3.8447756567094187 3.8499708486914854 3.8779685393726964 3.9220674523030468 4.025518253912369 4.078832473036849 4.158390262695617 4.3252187069717705 4.412878676086076 4.529307496204691 4.587346139991827 4.595938770139225 4.657407816279469 4.685031878791218 4.790859757673452 4.855378708932093 4.970448735745314 4.987028505412345 5.017607035750826 5.059896024423872 5.066940310354374 5.191304996481859 5.315782211354345 5.3579955775757515 5.463280431361655 5.4940634020886145 5.587476988711381 5.64422585664445 5.7229066140565354 5.768220395574161 5.808432478302041 5.842863366887792 5.9842332249902315 6.024664280270545 6.071667110205423 6.11578948191189 6.175153753544987 6.212917127608913 6.230379672154798 6.297413960684379 6.518574123882803 6.524620098581255 6.5454177635824555 6.644089976724655 6.729536513827504 6.742657918481882 6.8080913902288955 6.836197392744207 6.885263584931843 6.989790720736827 7.116901169153066 7.142215820365861 7.207887948704977 7.34323477597002 7.413307567418537 7.469305495953957 7.582721409650913 7.650309298575179 7.752481860983974 7.798053952971693 7.890250168985121 8.008016771858408 8.013985981014427 8.076219338315727 8.177800776214752 8.190578407019535 8.253609508893712 8.292574272990349 8.34051133361565 8.381932150023557 8.529999897994587 8.612272199257108 8.71888807090243 8.824949328633371 8.907731961664714 9.001715207808418 9.087763633793882 9.08925038871598 9.219846329129899 9.370227024245978 9.416606774584896 9.427087832493534 9.455120404335288 9.559293049524483 9.664688798892676 9.771920032976046 9.930881628175761 9.988785724471876 10.03431637193344 10.112429090717674 10.149317177546505 10.22806446134571 10.236365497617731 10.24797386921869 10.26707407704539 10.376013215993309 10.388468027402245 10.502822729317266 10.662206989170965 10.7245650334258 10.833723200112656 10.999999999999988 11.006845445507153 11.061278842944155 11.253300886262615 11.287479258886345 11.320015106269654 11.329385376683538 11.44083478230962 11.489593879982076 11.681882316683316 11.7000355618003 11.752110994871801 11.784587423927837 11.829479240926847 11.914935668731108 11.917295983636963 12.00467402447599 12.063289409524787 12.16172312329107 12.203288644630424 12.23841809548435 12.379673216712169 12.436895498836888 12.550899089355894 12.600547960787978 12.665337046357514 12.745073009458745 12.758149266727777 12.865815876826503 12.950428098270526 13.03997016502691 13.056469460951721 13.097860493371725 13.24785369649667 13.360948194969858 13.424144556514385 13.497466172542591 13.783615413401295 
-1 -2 0 0.13732734758646536 0.4727730774720058 0.8391302210805325 1.1881913390310332 1.208845999423743 1.4625358934677928 1.4714091688067157 1.5869798304407847 1.6835884210967076 1.8597319138726436 1.876025939461335 2.0106990252994708 2.0271991398724767 2.216109372838958 2.32021855951588 2.4153730435420697 2.4950937110599654 2.564125306241598 2.596163763879763 2.6241656507397795 2.7037458579476263 2.7679078488372797 2.8816732417055855 2.9457636960880063 3.004721840224657 3.0916162970430126 3.111383439018233 3.2673499551706393 3.3600804205799637 3.3856714700077024 3.3979297787494462 3.493901846432675 3.5535163615225964 3.6241464161012984 3.738079560841484 3.739476093301697 3.7899205621482155 3.815481738584211 3.9296921141603915 3.9726406366035656 3.9894936111391868 4.038482246384066 4.06272266736166 4.17297529242934 4.174626162153831 4.279720315919891 4.345666031295633 4.4252367687004455 4.491866316160399 4.519457224097265 4.561653987006185 4.58969855385254 4.659674390996466 4.672356258979889 4.702036429611975 4.749285351549446 4.775682088729607 4.821828905363764 4.88471296246827 4.9378832394684435 5.007133057611962 5.032845975564915 5.033639523839607 5.037991864312445 5.125550407386421 5.131060072070993 5.170731194271898 5.215598227010851 5.2559886972513885 5.290698166681848 5.366300908295181 5.412716236468056 5.529861276441264 5.611053224611173 5.683405717466969 5.696770401287613 5.725886160767037 5.831417034781645 5.880688047497927 5.908878810335726 5.9523305175131656 5.974772751898146 6.001556198512554 6.012480604786935 6.099986309253097 6.128135243216943 6.163087664167178 6.257046779728451 6.274674148139506 6.305607704215595 6.3901935688309255 6.407204867180197 6.532276376356591 6.540547419428389 6.653445895854333 6.656999519440922 6.7519717070536265 6.780317054547649 6.784970978217249 6.862962065546341 6.940959172580077 7.02200443889379 7.028689652382001 7.119538251025858 7.177691578075097 7.236955923685659 7.3316062900009715 7.382430231799553 7.463700235292487 7.486496970544118 7.5737707332700035 7.587709636658747 7.595512635612963 7.66568062586056 7.695592854174742 7.812474489636194 7.864576009734663 7.875730381366172 7.964692264513799 8.012832787764955 8.071068881622573 8.132137080064302 8.253354459431055 8.268895017584631 8.269500691388638 8.347341439124598 8.386954323165357 8.41402950630688 8.521839798550705 8.601536742704603 8.615042020559315 8.755215593495949 8.769639318089116 8.825033717655137 8.859957134969696 8.918509734140029 8.953795967680378 8.957343678171465 9.021059811850026 9.034631877862934 9.052526284505714 9.094675013110537 9.153662665343347 9.154307842458572 9.205016212889081 9.27793592620809 9.347650369334751 9.376320800467596 9.418504400844515 9.501176010583274 9.563789653487579 9.610357628674885 9.662827268621832 9.679325686904095 9.727062429699831 9.7626708024485 9.827833810849421 9.864241527616244 9.962174348808048 9.973256352355383 10.053385136172732 10.095550994834998 10.095896546807202 10.189272611851926 10.229214647447334 10.24228524631396 10.310969730968658 10.329895167120876 10.365190271291262 10.384575080385137 10.47127194878132 10.515026941674904 10.547471846979736 10.567681312119173 10.63050020459757 10.631481707584687 10.668879880265767 10.70174130138152 10.796704118904444 10.929782238863295 10.950810596416447 11.034844524828248 11.060021633885034 11.07472922457055 11.09186915220929 11.363533098693356 11.393292591053529 11.44682325172991 11.491256227926351 11.548354647594387 11.864904750082987 12.000000000000007 12.282335379603166 12.33829961929749 12.447026280806169 12.532273683320607 12.549016811427945 12.769792124347967 12.774903921616637 12.860392683292135 12.869304577838118 12.874820200239139 12.956674594635095 13.011671830058411 13.021669571646173 13.04188233653862 13.065880048464148 13.111039963938069 13.124881228605794 13.14596093162433 13.20533141511124 13.215183464548808 13.313652787584388 13.31620510727231 13.321200245175064 13.35336384634157 13.37758595551614 13.405914627402296 13.4117465531219 13.426237127042885 13.491522900542462 13.556387945018479 13.571516199152256 13.577324657305216 13.62925897009697 13.685098767497173 13.758244090343549 13.761685280569557 13.785664800274022 13.819930299145062 13.822345184088704 13.853214045183408 14.058649261679575 14.086635044671553 14.119202174037898 14.121303135978819 14.156134149268416 14.28349304402181 14.403829576890386 14.517718603715172 14.582341132792662 14.645134583937441 14.745474867672641 14.777960763542252 14.823787398174675 14.923516865830328 14.975645544094872 15.033307314605677 15.075670530918483 15.116753317261038 15.131282623669147 15.244283316325683 15.331839660692241 15.382810207706719 15.391785477397324 15.481665360749242 15.675425592444899 15.707879215749996 15.819794979459052 15.877945493931774 15.999999999999972 16.000000000000014 
-1 -3 0 0.13732734758646536 0.4727730774720058 0.8391302210805325 1.1881913390310332 1.208845999423743 1.4625358934677928 1.4714091688067157 1.5869798304407847 1.6835884210967076 1.8597319138726436 1.876025939461335 2.0106990252994708 2.0271991398724767 2.216109372838958 2.32021855951588 2.4153730435420697 2.4950937110599654 2.564125306241598 2.596163763879763 2.6241656507397795 2.7037458579476263 2.7679078488372797 2.8816732417055855 2.9457636960880063 3.004721840224657 3.0916162970430126 3.111383439018233 3.2673499551706393 3.3600804205799637 3.3856714700077024 3.3979297787494462 3.493901846432675 3.5535163615225964 3.6241464161012984 3.738079560841484 3.739476093301697 3.7899205621482155 3.815481738584211 3.9296921141603915 3.9726406366035656 3.9894936111391868 4.038482246384066 4.06272266736166 4.17297529242934 4.174626162153831 4.279720315919891 4.345666031295633 4.4252367687004455 4.491866316160399 4.519457224097265 4.561653987006185 4.58969855385254 4.659674390996466 4.672356258979889 4.702036429611975 4.749285351549446 4.775682088729607 4.821828905363764 4.88471296246827 4.9378832394684435 5.007133057611962 5.032845975564915 5.033639523839607 5.037991864312445 5.125550407386421 5.131060072070993 5.170731194271898 5.215598227010851 5.2559886972513885 5.290698166681848 5.366300908295181 5.412716236468056 5.529861276441264 5.611053224611173 5.683405717466969 5.696770401287613 5.725886160767037 5.831417034781645 5.880688047497927 5.908878810335726 5.9523305175131656 5.974772751898146 6.001556198512554 6.012480604786935 6.099986309253097 6.128135243216943 6.163087664167178 6.257046779728451 6.274674148139506 6.305607704215595 6.3901935688309255 6.407204867180197 6.532276376356591 6.540547419428389 6.653445895854333 6.656999519440922 6.7519717070536265 6.780317054547649 6.784970978217249 6.862962065546341 6.940959172580077 7.02200443889379 7.028689652382001 7.119538251025858 7.177691578075097 7.236955923685659 7.3316062900009715 7.382430231799553 7.463700235292487 7.486496970544118 7.5737707332700035 7.587709636658747 7.595512635612963 7.66568062586056 7.695592854174742 7.812474489636194 7.864576009734663 7.875730381366172 7.964692264513799 8.012832787764955 8.071068881622573 8.132137080064302 8.253354459431055 8.268895017584631 8.269500691388638 8.347341439124598 8.386954323165357 8.41402950630688 8.521839798550705 8.601536742704603 8.615042020559315 8.755215593495949 8.769639318089116 8.825033717655137 8.859957134969696 8.918509734140029 8.953795967680378 8.957343678171465 9.021059811850026 9.034631877862934 9.052526284505714 9.094675013110537 9.153662665343347 9.154307842458572 9.205016212889081 9.27793592620809 9.347650369334751 9.376320800467596 9.418504400844515 9.501176010583274 9.563789653487579 9.610357628674885 9.662827268621832 9.679325686904095 9.727062429699831 9.7626708024485 9.827833810849421 9.864241527616244 9.962174348808048 9.973256352355383 10.053385136172732 10.095550994834998 10.095896546807202 10.189272611851926 10.229214647447334 10.24228524631396 10.310969730968658 10.329895167120876 10.365190271291262 10.384575080385137 10.47127194878132 10.515026941674904 10.547471846979736 10.567681312119173 10.63050020459757 10.631481707584687 10.668879880265767 10.70174130138152 10.796704118904444 10.929782238863295 10.950810596416447 11.034844524828248 11.060021633885034 11.07472922457055 11.09186915220929 11.363533098693356 11.393292591053529 11.44682325172991 11.491256227926351 11.548354647594387 11.864904750082987 12.000000000000007 12.282335379603166 12.33829961929749 12.447026280806169 12.532273683320607 12.549016811427945 12.769792124347967 12.774903921616637 12.860392683292135 12.869304577838118 12.874820200239139 12.956674594635095 13.011671830058411 13.021669571646173 13.04188233653862 13.065880048464148 13.111039963938069 13.124881228605794 13.14596093162433 13.20533141511124 13.215183464548808 13.313652787584388 13.31620510727231 13.321200245175064 13.35336384634157 13.37758595551614 13.405914627402296 13.4117465531219 13.426237127042885 13.491522900542462 13.556387945018479 13.571516199152256 13.577324657305216 13.62925897009697 13.685098767497173 13.758244090343549 13.761685280569557 13.785664800274022 13.819930299145062 13.822345184088704 13.853214045183408 14.058649261679575 14.086635044671553 14.119202174037898 14.121303135978819 14.156134149268416 14.28349304402181 14.403829576890386 14.517718603715172 14.582341132792662 14.645134583937441 14.745474867672641 14.777960763542252 14.823787398174675 14.923516865830328 14.975645544094872 15.033307314605677 15.075670530918483 15.116753317261038 15.131282623669147 15.244283316325683 15.331839660692241 15.382810207706719 15.391785477397324 15.481665360749242 15.675425592444899 15.707879215749996 15.819794979459052 15.877945493931774 15.999999999999972 16.000000000000014 
-1 -4 0 0.27299107260493827 0.9122714027632053 1.0776088448103116 1.2521882645285858 1.5924715397270361 1.7698575558981537 1.9358002143578488 2.2742748988042676 2.331281089065894 2.517872233178758 2.6008909279953354 2.6943405901872 2.9851464822772096 3.1117175123445673 3.1454246350549417 3.1916980535197683 3.2447926743810127 3.306222337853836 3.401982709020424 3.4538812562482972 3.4874984814573216 3.682830004692778 3.6852546727127 3.7955337468332195 3.8262337998816958 3.8311992507753825 3.911143032138327 3.9849568309393475 4.0435638058902 4.0814925630019765 4.141149379710555 4.246078722594487 4.304246577780688 4.305790492255404 4.367313702182031 4.4896063848467564 4.532668392300724 4.6034101997096615 4.626890446300506 4.734207841718154 4.74073897080405 4.8103092499513656 4.981030817453652 4.984577679261566 4.996721361092639 5.078263402763585 5.267058044890379 5.377178844766899 5.386209321242292 5.438646155600456 5.463664449741005 5.4888807292258255 5.547181832261889 5.676211788401788 5.761647913933385 5.7879994621492985 5.834184370497615 5.937892244312149 5.949136053508081 6.076549399506617 6.118419053865472 6.17835074301947 6.266169817855994 6.363994891927554 6.423793589418389 6.4630682189574005 6.60203929062057 6.602067094269164 6.678804891279311 6.686575330769538 6.818603327500617 6.830559813040036 6.87678452433542 6.95957287621676 7.091236350485247 7.154963763485388 7.309145461006147 7.394631971676117 7.439011820477693 7.491188006361947 7.5119440682110294 7.5569997723217055 7.80540554588213 7.880192947092853 7.918881414537391 7.9365919195141155 7.977991756267306 7.997732726748777 8.148850951425805 8.215231354269184 8.377400812642135 8.450355598098716 8.452238637042008 8.525024061231953 8.615164077387321 8.910192466707011 9.010554300600178 9.115703161942594 9.147520684266778 9.201910621097133 9.280975224576258 9.2853805810701 9.56001402855539 9.58745590281441 9.62134246067906 9.63702959837656 9.769993233336828 9.84442055800821 9.899753673805764 9.918610880295626 10.006510036562446 10.095275297202218 10.210839830156802 10.22326276695644 10.295789607985459 10.324245006073966 10.391336057169388 10.513777141436936 10.520543342233912 10.58784324020436 10.6649566509431 10.68707202165652 10.764828875717605 10.79539031754122 10.811345832289993 10.846860854234237 11.027111955309284 11.036128716330197 11.177870199416803 11.393153742867096 11.495928662798292 11.505533461981175 11.521397032785675 11.616195735970289 11.791600981279892 11.856001078554778 11.934618878510122 11.941918155078907 11.998280593233101 12.043319136398104 12.139740665298168 12.216811783161946 12.292241786477414 12.29973281613311 12.335146604070012 12.41710113024608 12.437822795635356 12.45723160553449 12.46044460323749 12.51326315061905 12.594472503514647 12.630111344937553 12.75017637942179 12.805628073857257 12.873222881019835 13.019932347563795 13.03738377595211 13.3038995155714 13.324860402801264 13.410564846677586 13.558324785273879 13.795242425036847 
-1 -5 0 0.27299107260493827 0.9122714027632053 1.0776088448103116 1.2521882645285858 1.5924715397270361 1.7698575558981537 1.9358002143578488 2.2742748988042676 2.331281089065894 2.517872233178758 2.6008909279953354 2.6943405901872 2.9851464822772096 3.1117175123445673 3.1454246350549417 3.1916980535197683 3.2447926743810127 3.306222337853836 3.401982709020424 3.4538812562482972 3.4874984814573216 3.682830004692778 3.6852546727127 3.7955337468332195 3.8262337998816958 3.8311992507753825 3.911143032138327 3.9849568309393475 4.0435638058902 4.0814925630019765 4.141149379710555 4.246078722594487 4.304246577780688 4.305790492255404 4.367313702182031 4.4896063848467564 4.532668392300724 4.6034101997096615 4.626890446300506 4.734207841718154 4.74073897080405 4.8103092499513656 4.981030817453652 4.984577679261566 4.996721361092639 5.078263402763585 5.267058044890379 5.377178844766899 5.386209321242292 5.438646155600456 5.463664449741005 5.4888807292258255 5.547181832261889 5.676211788401788 5.761647913933385 5.7879994621492985 5.834184370497615 5.937892244312149 5.949136053508081 6.076549399506617 6.118419053865472 6.17835074301947 6.266169817855994 6.363994891927554 6.423793589418389 6.4630682189574005 6.60203929062057 6.602067094269164 6.678804891279311 6.686575330769538 6.818603327500617 6.830559813040036 6.87678452433542 6.95957287621676 7.091236350485247 7.154963763485388 7.309145461006147 7.394631971676117 7.439011820477693 7.491188006361947 7.5119440682110294 7.5569997723217055 7.80540554588213 7.880192947092853 7.918881414537391 7.9365919195141155 7.977991756267306 7.997732726748777 8.148850951425805 8.215231354269184 8.377400812642135 8.450355598098716 8.452238637042008 8.525024061231953 8.615164077387321 8.910192466707011 9.010554300600178 9.115703161942594 9.147520684266778 9.201910621097133 9.280975224576258 9.2853805810701 9.56001402855539 9.58745590281441 9.62134246067906 9.63702959837656 9.769993233336828 9.84442055800821 9.899753673805764 9.918610880295626 10.006510036562446 10.095275297202218 10.210839830156802 10.22326276695644 10.295789607985459 10.324245006073966 10.391336057169388 10.513777141436936 10.520543342233912 10.58784324020436 10.6649566509431 10.68707202165652 10.764828875717605 10.79539031754122 10.811345832289993 10.846860854234237 11.027111955309284 11.036128716330197 11.177870199416803 11.393153742867096 11.495928662798292 11.505533461981175 11.521397032785675 11.616195735970289 11.791600981279892 11.856001078554778 11.934618878510122 11.941918155078907 11.998280593233101 12.043319136398104 12.139740665298168 12.216811783161946 12.292241786477414 12.29973281613311 12.335146604070012 12.41710113024608 12.437822795635356 12.45723160553449 12.46044460323749 12.51326315061905 12.594472503514647 12.630111344937553 12.75017637942179 12.805628073857257 12.873222881019835 13.019932347563795 13.03738377595211 13.3038995155714 13.324860402801264 13.410564846677586 13.558324785273879 13.795242425036847 
-1 -6 0 1.9541377948238763 2.591240707630177 2.7024953699276115 2.9668611092846775 3.1668453637525307 3.2463378494341164 3.518220413254747 3.554976975909514 4.254515987812887 4.699158386110635 4.812017275801553 4.982978327756339 4.999999999999998 5.000000000000003 5.390085076029271 5.405740397836029 5.596283586993132 5.999999999999999 6.167571003689564 6.206264595548595 6.782294404192814 6.797999577270574 6.804064476847475 6.886206859287178 6.912363940535778 7.556968726381424 8.217072883598437 8.218158720242473 8.414916681321792 8.751452978195406 9.880476524999194 10.562294005532186 
0 -6 0 3.1668453637525302 4.812017275801552 5.0 6.000000000000002 6.804064476847474 8.21707288359844 
-1 -7 0 1.9541377948238763 2.591240707630177 2.7024953699276115 2.9668611092846775 3.1668453637525307 3.2463378494341164 3.518220413254747 3.554976975909514 4.254515987812887 4.699158386110635 4.812017275801553 4.982978327756339 4.999999999999998 5.000000000000003 5.390085076029271 5.405740397836029 5.596283586993132 5.999999999999999 6.167571003689564 6.206264595548595 6.782294404192814 6.797999577270574 6.804064476847475 6.886206859287178 6.912363940535778 7.556968726381424 8.217072883598437 8.218158720242473 8.414916681321792 8.751452978195406 9.880476524999194 10.562294005532186 
0 -7 0 3.1668453637525302 4.812017275801552 5.0 6.000000000000002 6.804064476847474 8.21707288359844 
-2 2 0 3.455942889803854 4.889908036279119 6.306677264531084 6.701450842663898 7.646020966722047 
-2 1 0 3.455942889803854 4.889908036279119 6.306677264531084 6.701450842663898 7.646020966722047 
-2 0 0 1.4782100093942616 2.0273686147399648 2.19634754256927 3.0294348104664928 3.232167614989914 3.7017372713316505 3.84997084869148 3.922067452303047 4.078832473036859 4.5873461399918245 4.685031878791221 4.987028505412344 5.0669403103543775 5.191304996481854 5.494063402088618 5.587476988711381 5.607795069682937 5.8084324783020405 6.071667110205428 6.115789481911882 6.197133730217418 6.212917127608913 6.524620098581253 6.5454177635824555 6.742657918481881 6.8361973927442135 7.092305418166253 7.116901169153072 7.207887948704978 7.4133075674185465 7.650309298575184 8.000000000000005 8.008016771858413 8.177800776214747 8.253609508893707 8.381932150023564 8.71888807090243 8.907731961664718 9.08925038871598 9.166000335354969 9.356941241063181 9.41660677458488 9.455120404335284 9.878086934183608 9.930881628175761 9.988785724471889 10.0 10.112429090717676 10.149317177546504 10.228064461345713 10.267074077045395 10.376013215993314 10.724565033425796 10.833723200112669 11.000000000000016 11.061278842944157 11.28747925888634 11.320015106269647 11.440834782309617 11.68188231668332 11.784587423927837 11.829479240926837 11.914935668731118 
-2 -1 0 1.4782100093942616 2.0273686147399648 2.19634754256927 3.0294348104664928 3.232167614989914 3.7017372713316505 3.84997084869148 3.922067452303047 4.078832473036859 4.5873461399918245 4.685031878791221 4.987028505412344 5.0669403103543775 5.191304996481854 5.494063402088618 5.587476988711381 5.607795069682937 5.8084324783020405 6.071667110205428 6.115789481911882 6.197133730217418 6.212917127608913 6.524620098581253 6.5454177635824555 6.742657918481881 6.8361973927442135 7.092305418166253 7.116901169153072 7.207887948704978 7.4133075674185465 7.650309298575184 8.000000000000005 8.008016771858413 8.177800776214747 8.253609508893707 8.381932150023564 8.71888807090243 8.907731961664718 9.08925038871598 9.166000335354969 9.356941241063181 9.41660677458488 9.455120404335284 9.878086934183608 9.930881628175761 9.988785724471889 10.0 10.112429090717676 10.149317177546504 10.228064461345713 10.267074077045395 10.376013215993314 10.724565033425796 10.833723200112669 11.000000000000016 11.061278842944157 11.28747925888634 11.320015106269647 11.440834782309617 11.68188231668332 11.784587423927837 11.829479240926837 11.914935668731118 
-2 -2 0 0.4727730774719956 1.2088459994237577 1.4330961361896541 1.462535893467794 1.5869798304407776 1.8597319138726298 2.010699025299488 2.320218559515914 2.517898308120171 2.5961637638797477 2.6241656507397684 2.7037458579476294 3.004721840224636 3.111383439018226 3.3600804205799584 3.397929778749449 3.5577327667366565 3.6241464161013024 3.7380795608414807 3.815481738584219 3.929692114160389 3.9380415405242806 3.9726406366035745 4.0384822463840555 4.15367686325236 4.172975292429349 4.193091559882284 4.345666031295634 4.491866316160391 4.589698553852535 4.660571089458291 4.672356258979891 4.702036429611974 4.7584678820495405 4.77568208872961 4.916709384814154 5.007133057611962 5.032845975564918 5.037991864312449 5.131060072070999 5.215598227010851 5.2211032898361065 5.290698166681841 5.412716236468051 5.568375664135192 5.683405717466966 5.724866625351372 5.72588616076704 5.90887881033573 6.012480604786934 6.128135243216944 6.142011850793617 6.1630876641671835 6.2570467797284515 6.305607704215595 6.390193568830939 6.391518838226199 6.500767125960847 6.540547419428401 6.656999519440919 6.784970978217248 6.862962065546348 7.028689652382007 7.100546589222238 7.11953825102587 7.177691578075097 7.254045956021116 7.416286179206918 7.463700235292487 7.486496970544116 7.573770733269998 7.587709636658751 7.66568062586056 7.812474489636192 7.875730381366163 8.012832787764959 8.113015017671422 8.25335445943106 8.268895017584624 8.307781146623494 8.386954323165353 8.414029506306882 8.521839798550701 8.61504202055931 8.755215593495958 8.830706393556715 8.859957134969699 8.909458691113052 8.91850973414003 8.957343678171464 8.959822653942101 9.021059811850025 9.052526284505726 9.093074026370118 9.154307842458564 9.205016212889081 9.347650369334758 9.376320800467589 9.501176010583274 9.610357628674885 9.662827268621834 9.758079927500185 9.827833810849429 9.886921902947915 9.973256352355378 10.075526489851676 10.095896546807204 10.189272611851921 10.263187634404119 10.31096973096866 10.471271948781325 10.515026941674897 10.542289738636967 10.567681312119179 10.630500204597555 10.70174130138151 10.95081059641643 10.999999999999993 11.034844524828232 11.060021633885025 11.111430763619603 11.393292591053518 11.491256227926339 11.507490211213183 11.850215285537468 11.864904750082998 12.212895445072704 12.32548448895492 12.338299619297493 12.373728187220035 12.447026280806174 12.596003547330858 12.761444923066325 12.774903921616643 12.777920237609921 12.869304577838108 12.956674594635105 12.999999999999995 13.000000000000005 13.011671830058416 13.124881228605798 13.14596093162433 13.260820004846684 13.272578112153248 13.316205107272328 13.321200245175064 13.377585955516139 13.405914627402312 13.411746553121908 13.491522900542465 13.535573052157902 13.571516199152262 13.629258970096982 13.7254941948727 13.744341663442306 13.755908610503381 13.758244090343538 13.761685280569566 13.819930299145051 13.8532140451834 14.0 14.0 14.086635044671555 14.156134149268427 14.403829576890363 14.582341132792667 14.745474867672643 14.823787398174666 14.923516865830324 15.033307314605688 15.116753317261042 15.244283316325685 15.391785477397335 15.675425592444897 15.707879215750012 15.819794979459044 16.000000000000025 
-2 -3 0 0.4727730774719956 1.2088459994237577 1.4330961361896541 1.462535893467794 1.5869798304407776 1.8597319138726298 2.010699025299488 2.320218559515914 2.517898308120171 2.5961637638797477 2.6241656507397684 2.7037458579476294 3.004721840224636 3.111383439018226 3.3600804205799584 3.397929778749449 3.5577327667366565 3.6241464161013024 3.7380795608414807 3.815481738584219 3.929692114160389 3.9380415405242806 3.9726406366035745 4.0384822463840555 4.15367686325236 4.172975292429349 4.193091559882284 4.345666031295634 4.491866316160391 4.589698553852535 4.660571089458291 4.672356258979891 4.702036429611974 4.7584678820495405 4.77568208872961 4.916709384814154 5.007133057611962 5.032845975564918 5.037991864312449 5.131060072070999 5.215598227010851 5.2211032898361065 5.290698166681841 5.412716236468051 5.568375664135192 5.683405717466966 5.724866625351372 5.72588616076704 5.90887881033573 6.012480604786934 6.128135243216944 6.142011850793617 6.1630876641671835 6.2570467797284515 6.305607704215595 6.390193568830939 6.391518838226199 6.500767125960847 6.540547419428401 6.656999519440919 6.784970978217248 6.862962065546348 7.028689652382007 7.100546589222238 7.11953825102587 7.177691578075097 7.254045956021116 7.416286179206918 7.463700235292487 7.486496970544116 7.573770733269998 7.587709636658751 7.66568062586056 7.812474489636192 7.875730381366163 8.012832787764959 8.113015017671422 8.25335445943106 8.268895017584624 8.307781146623494 8.386954323165353 8.414029506306882 8.521839798550701 8.61504202055931 8.755215593495958 8.830706393556715 8.859957134969699 8.909458691113052 8.91850973414003 8.957343678171464 8.959822653942101 9.021059811850025 9.052526284505726 9.093074026370118 9.154307842458564 9.205016212889081 9.347650369334758 9.376320800467589 9.501176010583274 9.610357628674885 9.662827268621834 9.758079927500185 9.827833810849429 9.886921902947915 9.973256352355378 10.075526489851676 10.095896546807204 10.189272611851921 10.263187634404119 10.31096973096866 10.471271948781325 10.515026941674897 10.542289738636967 10.567681312119179 10.630500204597555 10.70174130138151 10.95081059641643 10.999999999999993 11.034844524828232 11.060021633885025 11.111430763619603 11.393292591053518 11.491256227926339 11.507490211213183 11.850215285537468 11.864904750082998 12.212895445072704 12.32548448895492 12.338299619297493 12.373728187220035 12.447026280806174 12.596003547330858 12.761444923066325 12.774903921616643 12.777920237609921 12.869304577838108 12.956674594635105 12.999999999999995 13.000000000000005 13.011671830058416 13.124881228605798 13.14596093162433 13.260820004846684 13.272578112153248 13.316205107272328 13.321200245175064 13.377585955516139 13.405914627402312 13.411746553121908 13.491522900542465 13.535573052157902 13.571516199152262 13.629258970096982 13.7254941948727 13.744341663442306 13.755908610503381 13.758244090343538 13.761685280569566 13.819930299145051 13.8532140451834 14.0 14.0 14.086635044671555 14.156134149268427 14.403829576890363 14.582341132792667 14.745474867672643 14.823787398174666 14.923516865830324 15.033307314605688 15.116753317261042 15.244283316325685 15.391785477397335 15.675425592444897 15.707879215750012 15.819794979459044 16.000000000000025 
-2 -4 0 0.2729910726049343 0.4899033379971204 0.9122714027631842 1.2521882645285825 1.427970813651167 1.59247153972705 1.9358002143578221 2.146224512217781 2.274274898804317 2.3772337152621783 2.460866097433786 2.51787223317876 2.600890927995343 2.6943405901872124 2.860661407506686 2.985146482277213 3.1890550690691963 3.191698053519758 3.2447926743810274 3.306222337853837 3.426802321333868 3.4538812562482892 3.487498481457319 3.6828300046927844 3.768719274481861 3.794755080691086 3.7955337468332115 3.831199250775377 3.9111430321383134 3.994591482451987 4.043563805890199 4.0968268242661345 4.141149379710562 4.2460787225944925 4.305790492255401 4.365249430263546 4.427161045258114 4.489606384846754 4.603410199709668 4.632375547479735 4.724647989390739 4.734207841718157 4.810309249951363 4.962165697888011 4.981030817453661 4.996721361092641 5.078263402763592 5.202761905422055 5.321198365501899 5.377178844766893 5.438646155600457 5.463664449741005 5.6664328645292255 5.676211788401788 5.761647913933389 5.791791928254315 5.821943147851839 5.834184370497617 5.9048145339662845 5.937892244312148 6.076549399506616 6.118419053865473 6.266169817855993 6.3089814348906526 6.423793589418386 6.463068218957407 6.5175754878209196 6.585080436792405 6.602039290620571 6.6396922802263685 6.67880489127931 6.692478423942414 6.818603327500618 6.866794361904005 6.876784524335415 6.959572876216758 7.091236350485248 7.303184504216405 7.394631971676114 7.438200074052844 7.439011820477694 7.511944068211032 7.556999772321704 7.58219152334008 7.73496587379092 7.805405545882128 7.93659191951412 7.977991756267308 8.128758833906504 8.148850951425805 8.187777417245885 8.215231354269184 8.233879973589211 8.377400812642138 8.450355598098712 8.488786651448736 8.515260275112848 8.525024061231955 8.61516407738732 8.757098961381129 8.906793511012589 8.910192466707015 9.010554300600175 9.068962977402249 9.115703161942587 9.140551546671148 9.280975224576254 9.503602932528763 9.587455902814417 9.621342460679065 9.656290848172015 9.838085193295413 9.844420558008208 9.931316913725464 10.006510036562437 10.095275297202225 10.159939915913542 10.223262766956442 10.324245006073962 10.416416266555565 10.513777141436927 10.741896110370222 10.764828875717603 10.811345832289998 10.846860854234246 10.899325494578715 10.940662898571182 11.027111955309278 11.169684944036906 11.177870199416796 11.393153742867081 11.521397032785686 11.61619573597028 11.856001078554774 11.941918155078902 11.998280593233103 12.043319136398098 12.13974066529817 12.209698528776489 12.216811783161948 12.335146604069998 12.417101130246067 12.43782279563536 12.457231605534487 12.460444603237491 12.513263150619052 12.537894124838338 12.594472503514647 12.630111344937546 12.697018286149856 12.750176379421797 12.873222881019856 12.955769426775998 13.019932347563792 13.025466124496562 13.037383775952105 13.184393719515493 13.254113349665003 13.303899515571423 13.324860402801283 13.335631697548328 13.398798681685317 13.41056484667758 13.520204545534297 13.558324785273875 13.795242425036857 13.82710772903723 13.884866938299691 14.36658091725621 14.628405785581993 14.643298499266251 14.728096533714805 14.83288267812406 14.846531095609231 15.06685501813566 15.119973358305847 15.728024503019663 
-2 -5 0 0.2729910726049343 0.4899033379971204 0.9122714027631842 1.2521882645285825 1.427970813651167 1.59247153972705 1.9358002143578221 2.146224512217781 2.274274898804317 2.3772337152621783 2.460866097433786 2.51787223317876 2.600890927995343 2.6943405901872124 2.860661407506686 2.985146482277213 3.1890550690691963 3.191698053519758 3.2447926743810274 3.306222337853837 3.426802321333868 3.4538812562482892 3.487498481457319 3.6828300046927844 3.768719274481861 3.794755080691086 3.7955337468332115 3.831199250775377 3.9111430321383134 3.994591482451987 4.043563805890199 4.0968268242661345 4.141149379710562 4.2460787225944925 4.305790492255401 4.365249430263546 4.427161045258114 4.489606384846754 4.603410199709668 4.632375547479735 4.724647989390739 4.734207841718157 4.810309249951363 4.962165697888011 4.981030817453661 4.996721361092641 5.078263402763592 5.202761905422055 5.321198365501899 5.377178844766893 5.438646155600457 5.463664449741005 5.6664328645292255 5.676211788401788 5.761647913933389 5.791791928254315 5.821943147851839 5.834184370497617 5.9048145339662845 5.937892244312148 6.076549399506616 6.118419053865473 6.266169817855993 6.3089814348906526 6.423793589418386 6.463068218957407 6.5175754878209196 6.585080436792405 6.602039290620571 6.6396922802263685 6.67880489127931 6.692478423942414 6.818603327500618 6.866794361904005 6.876784524335415 6.959572876216758 7.091236350485248 7.303184504216405 7.394631971676114 7.438200074052844 7.439011820477694 7.511944068211032 7.556999772321704 7.58219152334008 7.73496587379092 7.805405545882128 7.93659191951412 7.977991756267308 8.128758833906504 8.148850951425805 8.187777417245885 8.215231354269184 8.233879973589211 8.377400812642138 8.450355598098712 8.488786651448736 8.515260275112848 8.525024061231955 8.61516407738732 8.757098961381129 8.906793511012589 8.910192466707015 9.010554300600175 9.068962977402249 9.115703161942587 9.140551546671148 9.280975224576254 9.503602932528763 9.587455902814417 9.621342460679065 9.656290848172015 9.838085193295413 9.844420558008208 9.931316913725464 10.006510036562437 10.095275297202225 10.159939915913542 10.223262766956442 10.324245006073962 10.416416266555565 10.513777141436927 10.741896110370222 10.764828875717603 10.811345832289998 10.846860854234246 10.899325494578715 10.940662898571182 11.027111955309278 11.169684944036906 11.177870199416796 11.393153742867081 11.521397032785686 11.61619573597028 11.856001078554774 11.941918155078902 11.998280593233103 12.043319136398098 12.13974066529817 12.209698528776489 12.216811783161948 12.335146604069998 12.417101130246067 12.43782279563536 12.457231605534487 12.460444603237491 12.513263150619052 12.537894124838338 12.594472503514647 12.630111344937546 12.697018286149856 12.750176379421797 12.873222881019856 12.955769426775998 13.019932347563792 13.025466124496562 13.037383775952105 13.184393719515493 13.254113349665003 13.303899515571423 13.324860402801283 13.335631697548328 13.398798681685317 13.41056484667758 13.520204545534297 13.558324785273875 13.795242425036857 13.82710772903723 13.884866938299691 14.36658091725621 14.628405785581993 14.643298499266251 14.728096533714805 14.83288267812406 14.846531095609231 15.06685501813566 15.119973358305847 15.728024503019663 
-2 -6 0 0.39645558244649765 1.6188716322364551 1.9541377948238727 1.96266740704903 2.279053085789227 2.4807038851279066 2.5912407076301855 2.625713548461524 2.702495369927618 2.966861109284672 3.2463378494341146 3.323667056702982 3.518220413254751 3.5549769759095153 3.705731385202818 4.059258075616329 4.254515987812886 4.3386817429022715 4.480984485441083 4.624116577842485 4.699158386110633 4.912083565333391 4.9770160351353905 4.982978327756334 5.000000000000002 5.390085076029271 5.4057403978360306 5.410323350782614 5.459688425345495 5.596283586993132 5.672288288231433 5.7273330468588055 5.833198617354854 5.874154100402599 6.167571003689562 6.206264595548593 6.522542341766842 6.760326653684709 6.782294404192809 6.797999577270574 6.86273681710839 6.886206859287175 6.912363940535775 7.13162260667819 7.248609990282441 7.447293042506071 7.55696872638142 7.6472085968309615 7.961033393303383 8.218158720242473 8.414916681321799 8.720825790922888 8.7514529781954 8.959721739722763 9.19950278310537 9.666788281314036 9.880476524999212 10.121012325904426 10.548471914631849 10.56229400553218 10.644830171614473 10.769210912419272 12.026272743940712 
-2 -7 0 0.39645558244649765 1.6188716322364551 1.9541377948238727 1.96266740704903 2.279053085789227 2.4807038851279066 2.5912407076301855 2.625713548461524 2.702495369927618 2.966861109284672 3.2463378494341146 3.323667056702982 3.518220413254751 3.5549769759095153 3.705731385202818 4.059258075616329 4.254515987812886 4.3386817429022715 4.480984485441083 4.624116577842485 4.699158386110633 4.912083565333391 4.9770160351353905 4.982978327756334 5.000000000000002 5.390085076029271 5.4057403978360306 5.410323350782614 5.459688425345495 5.596283586993132 5.672288288231433 5.7273330468588055 5.833198617354854 5.874154100402599 6.167571003689562 6.206264595548593 6.522542341766842 6.760326653684709 6.782294404192809 6.797999577270574 6.86273681710839 6.886206859287175 6.912363940535775 7.13162260667819 7.248609990282441 7.447293042506071 7.55696872638142 7.6472085968309615 7.961033393303383 8.218158720242473 8.414916681321799 8.720825790922888 8.7514529781954 8.959721739722763 9.19950278310537 9.666788281314036 9.880476524999212 10.121012325904426 10.548471914631849 10.56229400553218 10.644830171614473 10.769210912419272 12.026272743940712 
-2 -8 0 2.0 4.0 4.0 4.0 5.0 
-1 -8 0 4.0 
-2 -9 0 2.0 4.0 4.0 4.0 5.0 
-1 -9 0 4.0 
-3 0 0 3.701737271331649 5.607795069682931 6.197133730217419 7.0923054181662515 8.0 9.166000335354969 9.356941241063176 9.878086934183601 9.999999999999998 
-3 -1 0 3.701737271331649 5.607795069682931 6.197133730217419 7.0923054181662515 8.0 9.166000335354969 9.356941241063176 9.878086934183601 9.999999999999998 
-3 -2 0 1.4330961361896564 2.5178983081201594 3.5577327667366756 3.938041540524282 4.1536768632523575 4.193091559882277 4.660571089458294 4.758467882049546 4.801476792601762 4.916709384814145 5.2211032898361065 5.568375664135187 5.724866625351376 6.14201185079361 6.391518838226197 6.500767125960839 7.100546589222224 7.2540459560211135 7.416286179206914 8.113015017671426 8.3077811466235 8.83070639355671 8.909458691113054 8.959822653942107 9.093074026370124 9.53692278702953 9.758079927500185 9.88692190294792 10.075526489851676 10.26318763440412 10.542289738636965 11.0 11.0 11.000000000000005 11.111430763619605 11.50749021121318 11.661600420368703 11.850215285537475 12.0 12.212895445072702 12.325484488954913 12.373728187220035 12.596003547330847 12.761444923066316 12.777920237609917 12.99999999999998 13.000000000000004 13.260820004846684 13.272578112153248 13.535573052157904 13.7254941948727 13.744341663442304 13.755908610503386 13.999999999999998 14.000000000000007 
-3 -3 0 1.4330961361896564 2.5178983081201594 3.5577327667366756 3.938041540524282 4.1536768632523575 4.193091559882277 4.660571089458294 4.758467882049546 4.801476792601762 4.916709384814145 5.2211032898361065 5.568375664135187 5.724866625351376 6.14201185079361 6.391518838226197 6.500767125960839 7.100546589222224 7.2540459560211135 7.416286179206914 8.113015017671426 8.3077811466235 8.83070639355671 8.909458691113054 8.959822653942107 9.093074026370124 9.53692278702953 9.758079927500185 9.88692190294792 10.075526489851676 10.26318763440412 10.542289738636965 11.0 11.0 11.000000000000005 11.111430763619605 11.50749021121318 11.661600420368703 11.850215285537475 12.0 12.212895445072702 12.325484488954913 12.373728187220035 12.596003547330847 12.761444923066316 12.777920237609917 12.99999999999998 13.000000000000004 13.260820004846684 13.272578112153248 13.535573052157904 13.7254941948727 13.744341663442304 13.755908610503386 13.999999999999998 14.000000000000007 
-3 -4 0 0.4899033379971538 1.4279708136511697 2.1462245122177994 2.3024628898003265 2.3772337152621796 2.460866097433799 2.860661407506659 3.1890550690691954 3.426802321333865 3.7112771991315703 3.768719274481856 3.794755080691091 3.994591482451975 4.09682682426614 4.365249430263535 4.427161045258117 4.6323755474797395 4.724647989390747 4.7320148172192615 4.962165697888012 5.202761905422056 5.3211983655019015 5.666432864529218 5.791791928254313 5.821943147851837 5.839926665200565 5.904814533966278 6.308981434890653 6.517575487820923 6.585080436792406 6.639692280226369 6.692478423942411 6.729987617061716 6.866794361904006 6.986496077137736 7.303184504216402 7.43820007405284 7.568919179486263 7.582191523340081 7.734965873790925 8.128758833906504 8.187777417245888 8.233879973589215 8.488786651448738 8.515260275112853 8.757098961381127 8.906793511012587 9.068962977402245 9.140551546671153 9.34603392584986 9.503602932528763 9.656290848172015 9.838085193295411 9.931316913725459 10.15993991591354 10.23969164540244 10.302544989424952 10.416416266555565 10.741896110370218 10.899325494578717 10.94066289857118 11.169684944036918 11.181580871538216 11.888103634542764 12.209698528776489 12.537894124838344 12.697018286149856 12.95576942677601 13.025466124496559 13.184393719515507 13.25044645831057 13.254113349665007 13.273855404758509 13.335631697548314 13.389089683914678 13.398798681685314 13.520204545534316 13.696937370561917 13.827107729037284 13.884866938299663 14.155696294734335 14.366580917256194 14.62840578558199 14.643298499266239 14.728096533714746 14.832882678124083 14.846531095609237 15.066855018135652 15.1199733583058 15.404935275924313 15.728024503019682 15.99999999999997 
-3 -5 0 0.4899033379971538 1.4279708136511697 2.1462245122177994 2.3024628898003265 2.3772337152621796 2.460866097433799 2.860661407506659 3.1890550690691954 3.426802321333865 3.7112771991315703 3.768719274481856 3.794755080691091 3.994591482451975 4.09682682426614 4.365249430263535 4.427161045258117 4.6323755474797395 4.724647989390747 4.7320148172192615 4.962165697888012 5.202761905422056 5.3211983655019015 5.666432864529218 5.791791928254313 5.821943147851837 5.839926665200565 5.904814533966278 6.308981434890653 6.517575487820923 6.585080436792406 6.639692280226369 6.692478423942411 6.729987617061716 6.866794361904006 6.986496077137736 7.303184504216402 7.43820007405284 7.568919179486263 7.582191523340081 7.734965873790925 8.128758833906504 8.187777417245888 8.233879973589215 8.488786651448738 8.515260275112853 8.757098961381127 8.906793511012587 9.068962977402245 9.140551546671153 9.34603392584986 9.503602932528763 9.656290848172015 9.838085193295411 9.931316913725459 10.15993991591354 10.23969164540244 10.302544989424952 10.416416266555565 10.741896110370218 10.899325494578717 10.94066289857118 11.169684944036918 11.181580871538216 11.888103634542764 12.209698528776489 12.537894124838344 12.697018286149856 12.95576942677601 13.025466124496559 13.184393719515507 13.25044645831057 13.254113349665007 13.273855404758509 13.335631697548314 13.389089683914678 13.398798681685314 13.520204545534316 13.696937370561917 13.827107729037284 13.884866938299663 14.155696294734335 14.366580917256194 14.62840578558199 14.643298499266239 14.728096533714746 14.832882678124083 14.846531095609237 15.066855018135652 15.1199733583058 15.404935275924313 15.728024503019682 15.99999999999997 
-3 -6 0 0.3964555824464981 1.1156676528284697 1.618871632236452 1.9626674070490284 2.2790530857892217 2.2851465038980003 2.480703885127902 2.6257135484615177 3.3236670567029836 3.4398272371207663 3.7057313852028217 3.8360691386727375 4.0592580756163334 4.338681742902272 4.480984485441087 4.624116577842486 4.821910347395909 4.912083565333388 4.97701603513539 5.410323350782616 5.459688425345497 5.539934963450674 5.672288288231435 5.72733304685881 5.772924697459677 5.833198617354852 5.859628243994633 5.874154100402601 6.522542341766847 6.630559232043677 6.760326653684706 6.8220148197092785 6.862736817108393 7.13162260667819 7.24860999028244 7.447293042506072 7.5714019738221054 7.647208596830955 7.961033393303378 8.326070569748312 8.720825790922895 8.959721739722767 9.199502783105372 9.666788281314043 9.908525111053464 10.121012325904426 10.548471914631861 10.644830171614482 10.769210912419258 11.77157595359838 11.89251754089316 12.026272743940723 12.330143569450051 12.907947391497974 13.168135053362736 
-3 -7 0 0.3964555824464981 1.1156676528284697 1.618871632236452 1.9626674070490284 2.2790530857892217 2.2851465038980003 2.480703885127902 2.6257135484615177 3.3236670567029836 3.4398272371207663 3.7057313852028217 3.8360691386727375 4.0592580756163334 4.338681742902272 4.480984485441087 4.624116577842486 4.821910347395909 4.912083565333388 4.97701603513539 5.410323350782616 5.459688425345497 5.539934963450674 5.672288288231435 5.72733304685881 5.772924697459677 5.833198617354852 5.859628243994633 5.874154100402601 6.522542341766847 6.630559232043677 6.760326653684706 6.8220148197092785 6.862736817108393 7.13162260667819 7.24860999028244 7.447293042506072 7.5714019738221054 7.647208596830955 7.961033393303378 8.326070569748312 8.720825790922895 8.959721739722767 9.199502783105372 9.666788281314043 9.908525111053464 10.121012325904426 10.548471914631861 10.644830171614482 10.769210912419258 11.77157595359838 11.89251754089316 12.026272743940723 12.330143569450051 12.907947391497974 13.168135053362736 
-3 -8 0 0.7639320225002099 2.0000000000000004 3.0000000000000004 3.9999999999999982 4.0 4.000000000000001 5.000000000000001 5.0000000000000036 5.236067977499788 
-3 -9 0 0.7639320225002099 2.0000000000000004 3.0000000000000004 3.9999999999999982 4.0 4.000000000000001 5.000000000000001 5.0000000000000036 5.236067977499788 
-4 -2 0 4.801476792601765 9.536922787029527 10.999999999999996 11.0 11.661600420368698 11.999999999999996 
-4 -3 0 4.801476792601765 9.536922787029527 10.999999999999996 11.0 11.661600420368698 11.999999999999996 
-4 -4 0 2.302462889800331 3.711277199131569 4.732014817219257 5.839926665200571 6.729987617061715 6.98649607713773 7.568919179486266 9.346033925849861 10.239691645402441 10.30254498942495 11.18158087153821 11.888103634542768 13.250446458310567 13.273855404758512 13.389089683914676 13.69693737056193 14.0 14.155696294734351 15.404935275924322 16.000000000000004 
-4 -5 0 2.302462889800331 3.711277199131569 4.732014817219257 5.839926665200571 6.729987617061715 6.98649607713773 7.568919179486266 9.346033925849861 10.239691645402441 10.30254498942495 11.18158087153821 11.888103634542768 13.250446458310567 13.273855404758512 13.389089683914676 13.69693737056193 14.0 14.155696294734351 15.404935275924322 16.000000000000004 
-4 -6 0 1.1156676528284672 2.28514650389799 3.4398272371207628 3.8360691386727335 4.821910347395907 5.539934963450671 5.772924697459674 5.859628243994631 6.6305592320436775 6.822014819709278 7.394448724536015 7.571401973822102 8.32607056974832 9.908525111053464 11.77157595359838 11.892517540893158 12.330143569450035 12.907947391497963 13.168135053362741 14.605551275463986 
-4 -7 0 1.1156676528284672 2.28514650389799 3.4398272371207628 3.8360691386727335 4.821910347395907 5.539934963450671 5.772924697459674 5.859628243994631 6.6305592320436775 6.822014819709278 7.394448724536015 7.571401973822102 8.32607056974832 9.908525111053464 11.77157595359838 11.892517540893158 12.330143569450035 12.907947391497963 13.168135053362741 14.605551275463986 
-4 -8 0 0.7639320225002079 2.9999999999999982 3.999999999999998 4.999999999999997 5.236067977499788 5.999999999999997 
-4 -9 0 0.7639320225002079 2.9999999999999982 3.999999999999998 4.999999999999997 5.236067977499788 5.999999999999997 
-5 -4 0 14.0 
-5 -5 0 14.0 
-5 -6 0 7.39444872453601 14.60555127546399 
-5 -7 0 7.39444872453601 14.60555127546399 
-5 -8 0 6.0 
-5 -9 0 6.0 
