5 15 1 0.0 2.0 
6 15 0 2.0 
5 14 1 0.0 2.0 
6 14 0 2.0 
5 13 0 0.4668970652671836 0.5013314273207318 1.47147930789112 2.4958385094959814 2.5358983848622434 4.0 4.000000000000002 4.279056198259043 4.831776051005843 6.723773864924244 7.229847575835849 9.464101615137759 
6 13 0 2.535898384862245 4.000000000000001 9.464101615137753 
5 12 0 0.4668970652671836 0.5013314273207318 1.47147930789112 2.4958385094959814 2.5358983848622434 4.0 4.000000000000002 4.279056198259043 4.831776051005843 6.723773864924244 7.229847575835849 9.464101615137759 
6 12 0 2.535898384862245 4.000000000000001 9.464101615137753 
5 11 0 0.7326120907444994 1.6653768006743404 2.041490869080962 2.1543937004773777 3.1229015940406164 3.349862309677487 4.000000000000001 5.241410579751532 5.499724853219848 5.798654158261637 6.316155749192577 6.747713302542375 7.244237259381924 7.999999999999999 9.341296326254835 9.649534791449328 10.000000000000002 10.848882408144028 10.84894745388793 11.396805753218697 
6 11 0 4.0 8.0 10.0 
5 10 0 0.7326120907444994 1.6653768006743404 2.041490869080962 2.1543937004773777 3.1229015940406164 3.349862309677487 4.000000000000001 5.241410579751532 5.499724853219848 5.798654158261637 6.316155749192577 6.747713302542375 7.244237259381924 7.999999999999999 9.341296326254835 9.649534791449328 10.000000000000002 10.848882408144028 10.84894745388793 11.396805753218697 
6 10 0 4.0 8.0 10.0 
5 9 0 2.0600916188492895 2.4466454407914515 3.9999999999999982 4.000000000000001 5.401971844132994 6.434427746288645 8.000000000000004 8.856284147450026 9.295098567625523 9.505480634862067 10.0 10.000000000000002 
6 9 0 8.0 
5 8 0 2.0600916188492895 2.4466454407914515 3.9999999999999982 4.000000000000001 5.401971844132994 6.434427746288645 8.000000000000004 8.856284147450026 9.295098567625523 9.505480634862067 10.0 10.000000000000002 
6 8 0 8.0 
4 13 0 0.4668970652671835 0.5013314273207313 1.4714793078911215 2.495838509495981 2.999999999999999 3.0000000000000004 3.9999999999999973 4.279056198259038 4.831776051005848 6.723773864924242 7.229847575835848 
4 12 0 0.4668970652671835 0.5013314273207313 1.4714793078911215 2.495838509495981 2.999999999999999 3.0000000000000004 3.9999999999999973 4.279056198259038 4.831776051005848 6.723773864924242 7.229847575835848 
4 11 1 2.8280684712549654e-15 0.7326120907444965 0.8152676289579455 1.6653768006743412 1.8828238229486425 2.0414908690809614 2.1543937004773754 2.801476792601762 2.8014767926017634 3.122901594040616 3.349862309677488 3.6277186767309866 3.9999999999999973 4.000000000000002 4.5409331686799765 4.631826683754035 5.241410579751538 5.499724853219845 5.79865415826164 6.316155749192575 6.747713302542378 7.000000000000002 7.244237259381925 7.536922787029532 7.536922787029532 8.485349493297326 8.643799202362084 8.999999999999996 9.341296326254833 9.372281323269013 9.649534791449332 9.661600420368687 9.661600420368698 10.000000000000002 10.848882408144034 10.848947453887932 11.39680575321869 
4 10 1 2.8280684712549654e-15 0.7326120907444965 0.8152676289579455 1.6653768006743412 1.8828238229486425 2.0414908690809614 2.1543937004773754 2.801476792601762 2.8014767926017634 3.122901594040616 3.349862309677488 3.6277186767309866 3.9999999999999973 4.000000000000002 4.5409331686799765 4.631826683754035 5.241410579751538 5.499724853219845 5.79865415826164 6.316155749192575 6.747713302542378 7.000000000000002 7.244237259381925 7.536922787029532 7.536922787029532 8.485349493297326 8.643799202362084 8.999999999999996 9.341296326254833 9.372281323269013 9.649534791449332 9.661600420368687 9.661600420368698 10.000000000000002 10.848882408144034 10.848947453887932 11.39680575321869 
4 9 0 1.0055196475017316 1.0244282432496734 2.060091618849292 2.30663399009714 2.446645440791449 2.6574442067482518 2.897150870159732 2.89862311817331 3.4825987730164774 3.9999999999999987 4.000000000000001 4.2847706280994355 5.087752736633573 5.088460022200303 5.2708372461649295 5.401971844132994 6.099845106743491 6.432350935959875 6.434427746288638 6.903608268181317 6.94440131983638 7.246395205072677 8.85628414745003 9.295098567625526 9.505480634862069 9.81910104580436 9.819104941961779 10.0 10.000000000000002 10.176035505389764 10.281520318721507 10.552686561796342 10.570984498980778 10.651144022346969 11.248598192383646 11.250004594776534 11.999999999999988 
4 8 0 1.0055196475017316 1.0244282432496734 2.060091618849292 2.30663399009714 2.446645440791449 2.6574442067482518 2.897150870159732 2.89862311817331 3.4825987730164774 3.9999999999999987 4.000000000000001 4.2847706280994355 5.087752736633573 5.088460022200303 5.2708372461649295 5.401971844132994 6.099845106743491 6.432350935959875 6.434427746288638 6.903608268181317 6.94440131983638 7.246395205072677 8.85628414745003 9.295098567625526 9.505480634862069 9.81910104580436 9.819104941961779 10.0 10.000000000000002 10.176035505389764 10.281520318721507 10.552686561796342 10.570984498980778 10.651144022346969 11.248598192383646 11.250004594776534 11.999999999999988 
4 7 0 2.8751145802354254 2.875114580235427 3.9999999999999982 4.000000000000001 6.0 6.0 6.000000000000002 6.36332823793268 6.3633282379326825 7.76155718183189 7.761557181831892 
5 7 0 4.0 6.0 
4 6 0 2.8751145802354254 2.875114580235427 3.9999999999999982 4.000000000000001 6.0 6.0 6.000000000000002 6.36332823793268 6.3633282379326825 7.76155718183189 7.761557181831892 
5 6 0 4.0 6.0 
3 13 0 3.0 3.0 
3 12 0 3.0 3.0 
3 11 1 2.8546642978475754e-15 0.8152676289579461 1.8828238229486423 2.8014767926017634 2.8014767926017683 3.6277186767309866 3.9999999999999964 3.9999999999999964 3.9999999999999987 4.0 4.000000000000002 4.000000000000003 4.540933168679974 4.631826683754033 6.9999999999999964 7.0 7.0000000000000036 7.536922787029534 7.536922787029535 8.485349493297326 8.64379920236208 9.0 9.372281323269018 9.6616004203687 9.661600420368705 10.000000000000002 
3 10 1 2.8546642978475754e-15 0.8152676289579461 1.8828238229486423 2.8014767926017634 2.8014767926017683 3.6277186767309866 3.9999999999999964 3.9999999999999964 3.9999999999999987 4.0 4.000000000000002 4.000000000000003 4.540933168679974 4.631826683754033 6.9999999999999964 7.0 7.0000000000000036 7.536922787029534 7.536922787029535 8.485349493297326 8.64379920236208 9.0 9.372281323269018 9.6616004203687 9.661600420368705 10.000000000000002 
3 9 0 1.005519647501731 1.0244282432496763 1.059889284967587 1.0598892849675927 1.8506918455519914 1.8506918455519985 2.306633990097138 2.657444206748251 2.8971508701597384 2.898623118173317 3.0803093199230984 3.0803093199230998 3.482598773016471 4.284770628099435 4.612912335645727 4.612912335645729 5.087752736633574 5.088460022200304 5.250055749449232 5.250055749449239 5.270837246164929 6.099845106743489 6.43235093595987 6.539788339882153 6.539788339882156 6.903608268181323 6.944401319836388 7.246395205072675 9.583190755308719 9.583190755308724 9.819101045804365 9.819104941961784 10.176035505389766 10.281520318721505 10.552686561796342 10.570984498980785 10.651144022346973 10.961549461724767 10.961549461724767 11.061612907546715 11.061612907546722 11.248598192383646 11.250004594776533 11.999999999999995 12.000000000000002 12.000000000000002 12.000000000000005 12.000000000000012 
3 8 0 1.005519647501731 1.0244282432496763 1.059889284967587 1.0598892849675927 1.8506918455519914 1.8506918455519985 2.306633990097138 2.657444206748251 2.8971508701597384 2.898623118173317 3.0803093199230984 3.0803093199230998 3.482598773016471 4.284770628099435 4.612912335645727 4.612912335645729 5.087752736633574 5.088460022200304 5.250055749449232 5.250055749449239 5.270837246164929 6.099845106743489 6.43235093595987 6.539788339882153 6.539788339882156 6.903608268181323 6.944401319836388 7.246395205072675 9.583190755308719 9.583190755308724 9.819101045804365 9.819104941961784 10.176035505389766 10.281520318721505 10.552686561796342 10.570984498980785 10.651144022346973 10.961549461724767 10.961549461724767 11.061612907546715 11.061612907546722 11.248598192383646 11.250004594776533 11.999999999999995 12.000000000000002 12.000000000000002 12.000000000000005 12.000000000000012 
3 7 0 0.5535339031406868 1.6959177779131718 2.438722231018463 2.8751145802354197 2.875114580235426 2.885779505176075 2.892416980323822 3.9999999999999982 4.023078625040778 4.226026302638049 5.999999999999997 5.999999999999998 6.0 6.363328237932683 6.363328237932689 6.381030431382463 6.386946907875214 7.066308511700726 7.707652003164186 7.761557181831889 7.761557181831891 7.898084785145747 8.192309773791742 8.440382128616953 9.602391898047834 9.609418235024076 
3 6 0 0.5535339031406868 1.6959177779131718 2.438722231018463 2.8751145802354197 2.875114580235426 2.885779505176075 2.892416980323822 3.9999999999999982 4.023078625040778 4.226026302638049 5.999999999999997 5.999999999999998 6.0 6.363328237932683 6.363328237932689 6.381030431382463 6.386946907875214 7.066308511700726 7.707652003164186 7.761557181831889 7.761557181831891 7.898084785145747 8.192309773791742 8.440382128616953 9.602391898047834 9.609418235024076 
2 11 0 3.9999999999999982 3.9999999999999982 4.0 4.0 6.999999999999998 6.999999999999998 
2 10 0 3.9999999999999982 3.9999999999999982 4.0 4.0 6.999999999999998 6.999999999999998 
2 9 0 1.0598892849675856 1.059889284967592 1.850691845551999 1.8506918455519996 3.0803093199230958 3.080309319923103 4.612912335645727 4.6129123356457296 5.250055749449237 5.250055749449241 6.0 6.5397883398821515 6.539788339882157 8.999999999999995 8.999999999999998 9.0 9.000000000000005 9.583190755308719 9.583190755308722 10.961549461724767 10.96154946172477 11.061612907546714 11.06161290754672 11.99999999999999 12.0 12.000000000000005 12.000000000000005 
2 8 0 1.0598892849675856 1.059889284967592 1.850691845551999 1.8506918455519996 3.0803093199230958 3.080309319923103 4.612912335645727 4.6129123356457296 5.250055749449237 5.250055749449241 6.0 6.5397883398821515 6.539788339882157 8.999999999999995 8.999999999999998 9.0 9.000000000000005 9.583190755308719 9.583190755308722 10.961549461724767 10.96154946172477 11.061612907546714 11.06161290754672 11.99999999999999 12.0 12.000000000000005 12.000000000000005 
2 7 1 -5.329070518200751e-15 0.5535339031407019 1.6959177779131733 2.438722231018468 2.8857795051760733 2.8924169803238198 4.023078625040775 4.1458980337503135 4.1458980337503135 4.145898033750315 4.145898033750317 4.226026302638054 6.000000000000002 6.381030431382464 6.386946907875213 7.066308511700737 7.707652003164183 7.898084785145746 8.192309773791743 8.44038212861695 9.602391898047829 9.609418235024075 10.85410196624968 10.854101966249681 10.854101966249683 10.854101966249692 11.999999999999988 
2 6 1 -5.329070518200751e-15 0.5535339031407019 1.6959177779131733 2.438722231018468 2.8857795051760733 2.8924169803238198 4.023078625040775 4.1458980337503135 4.1458980337503135 4.145898033750315 4.145898033750317 4.226026302638054 6.000000000000002 6.381030431382464 6.386946907875213 7.066308511700737 7.707652003164183 7.898084785145746 8.192309773791743 8.44038212861695 9.602391898047829 9.609418235024075 10.85410196624968 10.854101966249681 10.854101966249683 10.854101966249692 11.999999999999988 
2 5 0 3.0 3.0 3.0 3.0 3.0 3.0 
3 5 0 3.0 3.0 
2 4 0 3.0 3.0 3.0 3.0 3.0 3.0 
3 4 0 3.0 3.0 
1 9 0 5.999999999999999 6.000000000000001 8.999999999999996 9.0 9.0 9.000000000000002 
1 8 0 5.999999999999999 6.000000000000001 8.999999999999996 9.0 9.0 9.000000000000002 
1 7 0 1.7573593128807115 4.145898033750311 4.145898033750313 4.1458980337503135 4.145898033750317 5.999999999999999 10.242640687119287 10.85410196624968 10.854101966249683 10.854101966249685 10.8541019662497 12.0 
1 6 0 1.7573593128807115 4.145898033750311 4.145898033750313 4.1458980337503135 4.145898033750317 5.999999999999999 10.242640687119287 10.85410196624968 10.854101966249683 10.854101966249685 10.8541019662497 12.0 
1 5 0 2.999999999999999 3.0 3.0 3.0 3.000000000000001 9.0 
1 4 0 2.999999999999999 3.0 3.0 3.0 3.000000000000001 9.0 
0 9 0 6.0 
0 8 0 6.0 
0 7 0 1.7573593128807148 6.000000000000001 10.242640687119284 
0 6 0 1.7573593128807148 6.000000000000001 10.242640687119284 
0 5 1 -1.1102230246251565e-16 3.0 9.0 
0 4 1 -1.1102230246251565e-16 3.0 9.0 
