2 4 0 3.198062264195161 3.753020396282533 4.5549581320873695 5.445041867912627 6.246979603717465 6.801937735804835 6.999999999999998 
3 4 0 7.0 
2 3 0 3.198062264195161 3.753020396282533 4.5549581320873695 5.445041867912627 6.246979603717465 6.801937735804835 6.999999999999998 
3 3 0 7.0 
2 2 0 2.866343191901276 4.709186335987619 5.350535126617632 5.807085229357159 6.140273758995585 6.983576299601726 7.790277767022323 11.864283304494068 11.998738463251165 12.445654069108976 12.565176981465275 12.731289523816795 12.747579948380391 14.0 
3 2 0 14.0 
2 1 0 2.866343191901276 4.709186335987619 5.350535126617632 5.807085229357159 6.140273758995585 6.983576299601726 7.790277767022323 11.864283304494068 11.998738463251165 12.445654069108976 12.565176981465275 12.731289523816795 12.747579948380391 14.0 
3 1 0 14.0 
1 4 0 0.4116255601455529 1.5188056959079839 2.282088437472108 2.6060429033992927 3.198062264195162 3.3111078174659805 3.7530203962825315 4.258902641908609 4.451862657064572 4.554958132087369 5.170086486626032 5.445041867912629 5.989477800009861 6.2469796037174685 6.801937735804843 
1 3 0 0.4116255601455529 1.5188056959079839 2.282088437472108 2.6060429033992927 3.198062264195162 3.3111078174659805 3.7530203962825315 4.258902641908609 4.451862657064572 4.554958132087369 5.170086486626032 5.445041867912629 5.989477800009861 6.2469796037174685 6.801937735804843 
1 2 0 0.7643425260485793 0.788228643728668 1.2692169938485605 1.7013593477065734 1.9058014930029246 2.1525584111102805 2.515756014417533 2.8589809609954515 2.86634319190127 3.234422423638523 3.4794809723477167 3.925303147757308 3.9534322198437124 4.00818785964219 4.299316786969517 4.588358929463769 4.70918633598762 4.85658013889926 5.0261181160144695 5.207077142664032 5.350535126617635 5.68703792806414 5.80708522935716 5.8502666105555905 5.988777101074788 6.140273758995585 6.449423315083517 6.9835762996017285 6.999404954021158 7.790277767022327 8.237817549572018 8.451058239569704 9.01622515470313 9.127750468332259 9.4892614378207 10.135022021830178 10.34611796408365 10.620176138517756 10.693554133219228 10.74150883132428 10.916418873069526 10.966318365883135 11.172089810875418 11.253430165929016 11.323818808371758 11.864283304494066 11.998738463251177 12.44565406910898 12.565176981465267 12.731289523816791 12.747579948380391 
1 1 0 0.7643425260485793 0.788228643728668 1.2692169938485605 1.7013593477065734 1.9058014930029246 2.1525584111102805 2.515756014417533 2.8589809609954515 2.86634319190127 3.234422423638523 3.4794809723477167 3.925303147757308 3.9534322198437124 4.00818785964219 4.299316786969517 4.588358929463769 4.70918633598762 4.85658013889926 5.0261181160144695 5.207077142664032 5.350535126617635 5.68703792806414 5.80708522935716 5.8502666105555905 5.988777101074788 6.140273758995585 6.449423315083517 6.9835762996017285 6.999404954021158 7.790277767022327 8.237817549572018 8.451058239569704 9.01622515470313 9.127750468332259 9.4892614378207 10.135022021830178 10.34611796408365 10.620176138517756 10.693554133219228 10.74150883132428 10.916418873069526 10.966318365883135 11.172089810875418 11.253430165929016 11.323818808371758 11.864283304494066 11.998738463251177 12.44565406910898 12.565176981465267 12.731289523816791 12.747579948380391 
1 0 0 1.105797385755039 1.3322816682043912 1.6753272758251585 1.926738158314633 2.5443955106646885 2.7694491326205224 3.209795517200457 3.636366712458902 3.88922137596741 3.981505967932071 4.118289066155415 4.258342613226051 4.592768785390147 4.846486355587464 5.17947885449643 5.289072502280582 5.765292475043489 6.164048329193604 6.553864910208948 6.872178228843697 7.230281348627911 7.477698910089712 7.871680839322289 8.315053422582753 8.42477109024774 8.714436144581809 8.782647467178494 8.91711495344962 9.033061855864048 9.71411422044042 10.999999999999998 11.000000000000002 11.000000000000002 11.000000000000016 11.161284397418228 11.2754995974729 11.418559219362493 11.51838342033418 11.577562526582335 11.68413398214861 11.74165738677394 11.850140257192512 11.970925187678274 12.0 12.213460549334972 12.949809739573492 13.040016553228018 13.247549651024487 13.498117986533323 13.737605538502676 13.923732929085649 
2 0 0 4.25834261322606 10.999999999999996 11.0 11.0 11.000000000000002 11.741657386773943 12.0 
1 -1 0 1.105797385755039 1.3322816682043912 1.6753272758251585 1.926738158314633 2.5443955106646885 2.7694491326205224 3.209795517200457 3.636366712458902 3.88922137596741 3.981505967932071 4.118289066155415 4.258342613226051 4.592768785390147 4.846486355587464 5.17947885449643 5.289072502280582 5.765292475043489 6.164048329193604 6.553864910208948 6.872178228843697 7.230281348627911 7.477698910089712 7.871680839322289 8.315053422582753 8.42477109024774 8.714436144581809 8.782647467178494 8.91711495344962 9.033061855864048 9.71411422044042 10.999999999999998 11.000000000000002 11.000000000000002 11.000000000000016 11.161284397418228 11.2754995974729 11.418559219362493 11.51838342033418 11.577562526582335 11.68413398214861 11.74165738677394 11.850140257192512 11.970925187678274 12.0 12.213460549334972 12.949809739573492 13.040016553228018 13.247549651024487 13.498117986533323 13.737605538502676 13.923732929085649 
2 -1 0 4.25834261322606 10.999999999999996 11.0 11.0 11.000000000000002 11.741657386773943 12.0 
0 4 0 0.4116255601455532 1.5188056959079845 2.2820884374721087 2.6060429033992936 3.311107817465981 3.999999999999999 4.258902641908608 4.451862657064572 5.170086486626033 5.989477800009862 
0 3 0 0.4116255601455532 1.5188056959079845 2.2820884374721087 2.6060429033992936 3.311107817465981 3.999999999999999 4.258902641908608 4.451862657064572 5.170086486626033 5.989477800009862 
0 2 1 -1.4210854715202004e-14 0.7406765212662045 0.7643425260485787 0.7882286437286599 1.2692169938485562 1.3072438048080848 1.7013593477065774 1.905801493002923 2.152558411110278 2.3376421889305115 2.515756014417529 2.7804084136259726 2.8589809609954524 3.0566811450314066 3.193894949479909 3.234422423638516 3.4794809723477176 3.7332179719636147 3.8137963141773836 3.925303147757308 3.953432219843707 4.008187859642191 4.079491846550851 4.299316786969518 4.588358929463773 4.701804610257148 4.8565801388992575 5.0261181160144695 5.027364882322039 5.207077142664028 5.2334591786722 5.6156677403243265 5.687037928064139 5.8502666105555905 5.988777101074782 6.325044148064904 6.449423315083515 6.822172836022698 6.9994049540211565 7.316006729828218 7.4925497034125845 7.722332278893004 7.934503455382199 8.166439121306933 8.237817549572013 8.370396850955931 8.451058239569699 8.789459957212534 8.894567618899671 9.016225154703125 9.127750468332266 9.400790928139678 9.470917921409571 9.489261437820694 9.673468883062396 10.135022021830183 10.346117964083646 10.620176138517762 10.693554133219227 10.741508831324285 10.916418873069532 10.966318365883133 11.172089810875432 11.25343016592901 11.323818808371765 
0 1 1 -1.4210854715202004e-14 0.7406765212662045 0.7643425260485787 0.7882286437286599 1.2692169938485562 1.3072438048080848 1.7013593477065774 1.905801493002923 2.152558411110278 2.3376421889305115 2.515756014417529 2.7804084136259726 2.8589809609954524 3.0566811450314066 3.193894949479909 3.234422423638516 3.4794809723477176 3.7332179719636147 3.8137963141773836 3.925303147757308 3.953432219843707 4.008187859642191 4.079491846550851 4.299316786969518 4.588358929463773 4.701804610257148 4.8565801388992575 5.0261181160144695 5.027364882322039 5.207077142664028 5.2334591786722 5.6156677403243265 5.687037928064139 5.8502666105555905 5.988777101074782 6.325044148064904 6.449423315083515 6.822172836022698 6.9994049540211565 7.316006729828218 7.4925497034125845 7.722332278893004 7.934503455382199 8.166439121306933 8.237817549572013 8.370396850955931 8.451058239569699 8.789459957212534 8.894567618899671 9.016225154703125 9.127750468332266 9.400790928139678 9.470917921409571 9.489261437820694 9.673468883062396 10.135022021830183 10.346117964083646 10.620176138517762 10.693554133219227 10.741508831324285 10.916418873069532 10.966318365883133 11.172089810875432 11.25343016592901 11.323818808371765 
0 0 1 -1.2434497875819157e-14 0.5886387022435242 0.7292676677841053 0.9554885754483364 1.1057973857550336 1.2291284176033643 1.332281668204402 1.4494114885686111 1.6753272758251492 1.8768892802475223 1.8938086553527445 1.9267381583146301 2.2416432306871688 2.5443955106646987 2.5615850067599255 2.769449132620526 2.8233669852155114 2.9382709959415374 3.10788705729146 3.18952511637516 3.2097955172004564 3.3605059863872673 3.5329778762978465 3.6363667124589063 3.64442994581307 3.889221375967409 3.8978221121033805 3.9815059679320646 3.9863022955554976 4.057694838607203 4.118289066155413 4.3547083306249 4.592768785390143 4.594812982797421 4.6689432688876025 4.846486355587462 5.077999493791391 5.179478854496428 5.248148468662996 5.289072502280583 5.470727587655078 5.765292475043487 5.801898922080998 6.021866308444515 6.164048329193602 6.442824417694783 6.49765864596719 6.543084848865602 6.5538649102089535 6.872178228843693 7.067702680940507 7.138187160036198 7.1554757098681305 7.230281348627912 7.3282440291532485 7.3944304333181154 7.477698910089712 7.623236720256499 7.87168083932229 7.965193705216443 8.090591568888893 8.30643289480652 8.315053422582755 8.379041738895005 8.424771090247738 8.517268202876643 8.714436144581809 8.782647467178494 8.861164005551995 8.917114953449616 8.917576134175011 9.005927804793293 9.033061855864046 9.636533995238239 9.714114220440427 10.819720786698097 11.161284397418227 11.177587183661299 11.260297069287615 11.275499597472901 11.32423856251326 11.356318466598502 11.418559219362491 11.51838342033418 11.522190172250466 11.577562526582346 11.584886003356324 11.684133982148614 11.70648761917687 11.80569387570871 11.850140257192512 11.970925187678262 12.098282541699225 12.213460549334973 12.537480979572871 12.580909157361024 12.74275258520227 12.912869800792006 12.949809739573505 13.011915658757 13.040016553228014 13.247549651024483 13.255033322881191 13.319386882923038 13.4012822674817 13.498117986533341 13.575204585015586 13.737605538502661 13.833138185292562 13.923732929085636 
0 -1 1 -1.2434497875819157e-14 0.5886387022435242 0.7292676677841053 0.9554885754483364 1.1057973857550336 1.2291284176033643 1.332281668204402 1.4494114885686111 1.6753272758251492 1.8768892802475223 1.8938086553527445 1.9267381583146301 2.2416432306871688 2.5443955106646987 2.5615850067599255 2.769449132620526 2.8233669852155114 2.9382709959415374 3.10788705729146 3.18952511637516 3.2097955172004564 3.3605059863872673 3.5329778762978465 3.6363667124589063 3.64442994581307 3.889221375967409 3.8978221121033805 3.9815059679320646 3.9863022955554976 4.057694838607203 4.118289066155413 4.3547083306249 4.592768785390143 4.594812982797421 4.6689432688876025 4.846486355587462 5.077999493791391 5.179478854496428 5.248148468662996 5.289072502280583 5.470727587655078 5.765292475043487 5.801898922080998 6.021866308444515 6.164048329193602 6.442824417694783 6.49765864596719 6.543084848865602 6.5538649102089535 6.872178228843693 7.067702680940507 7.138187160036198 7.1554757098681305 7.230281348627912 7.3282440291532485 7.3944304333181154 7.477698910089712 7.623236720256499 7.87168083932229 7.965193705216443 8.090591568888893 8.30643289480652 8.315053422582755 8.379041738895005 8.424771090247738 8.517268202876643 8.714436144581809 8.782647467178494 8.861164005551995 8.917114953449616 8.917576134175011 9.005927804793293 9.033061855864046 9.636533995238239 9.714114220440427 10.819720786698097 11.161284397418227 11.177587183661299 11.260297069287615 11.275499597472901 11.32423856251326 11.356318466598502 11.418559219362491 11.51838342033418 11.522190172250466 11.577562526582346 11.584886003356324 11.684133982148614 11.70648761917687 11.80569387570871 11.850140257192512 11.970925187678262 12.098282541699225 12.213460549334973 12.537480979572871 12.580909157361024 12.74275258520227 12.912869800792006 12.949809739573505 13.011915658757 13.040016553228014 13.247549651024483 13.255033322881191 13.319386882923038 13.4012822674817 13.498117986533341 13.575204585015586 13.737605538502661 13.833138185292562 13.923732929085636 
0 -2 0 0.3624769261271472 0.8159818751080496 1.2165280837367973 1.3736780400762307 1.5233621137750153 1.7304718603255522 1.9721653797410124 2.331665055328963 2.4779790713016325 2.6416406187622674 2.9356577949243 3.1985171600557183 3.487163382773434 3.5151976966425975 3.559564973344959 3.9717981624986374 4.135034250200095 4.171925905540024 4.24638365944536 4.466510758828014 4.588532832596768 4.685165884296234 4.7883765370698805 5.036048295775709 5.140304385002099 5.234397879546549 5.289893177224518 5.809204879728213 6.001035077957164 6.2127097952268056 6.649128148900037 6.679495157949396 6.689674050483791 6.919869900312603 7.404736049601659 7.577557836912468 7.842085469534482 8.223570949447781 8.532343117814158 8.684751683515314 8.744796719842238 8.907292123133338 8.999999999999998 9.0 9.035480725400987 9.124640726317692 9.230917287914142 9.47067467708748 9.705864014750063 9.816355782724182 9.824291138874074 10.098136939066032 10.309725319955731 10.433945590929044 10.57364038551276 10.725180120982017 10.809312974621703 10.850135827155185 10.893175045809933 11.06540265512841 11.189786292683495 11.286821873832482 11.391303350873558 11.6358470052867 11.754689544687272 
1 -2 0 1.5233621137750113 3.55956497334496 4.246383659445359 4.588532832596768 5.140304385002094 6.68967405048379 7.404736049601667 8.223570949447785 8.684751683515312 8.74479671984224 8.907292123133333 8.999999999999993 9.000000000000004 9.470674677087484 9.816355782724182 
0 -3 0 0.3624769261271472 0.8159818751080496 1.2165280837367973 1.3736780400762307 1.5233621137750153 1.7304718603255522 1.9721653797410124 2.331665055328963 2.4779790713016325 2.6416406187622674 2.9356577949243 3.1985171600557183 3.487163382773434 3.5151976966425975 3.559564973344959 3.9717981624986374 4.135034250200095 4.171925905540024 4.24638365944536 4.466510758828014 4.588532832596768 4.685165884296234 4.7883765370698805 5.036048295775709 5.140304385002099 5.234397879546549 5.289893177224518 5.809204879728213 6.001035077957164 6.2127097952268056 6.649128148900037 6.679495157949396 6.689674050483791 6.919869900312603 7.404736049601659 7.577557836912468 7.842085469534482 8.223570949447781 8.532343117814158 8.684751683515314 8.744796719842238 8.907292123133338 8.999999999999998 9.0 9.035480725400987 9.124640726317692 9.230917287914142 9.47067467708748 9.705864014750063 9.816355782724182 9.824291138874074 10.098136939066032 10.309725319955731 10.433945590929044 10.57364038551276 10.725180120982017 10.809312974621703 10.850135827155185 10.893175045809933 11.06540265512841 11.189786292683495 11.286821873832482 11.391303350873558 11.6358470052867 11.754689544687272 
1 -3 0 1.5233621137750113 3.55956497334496 4.246383659445359 4.588532832596768 5.140304385002094 6.68967405048379 7.404736049601667 8.223570949447785 8.684751683515312 8.74479671984224 8.907292123133333 8.999999999999993 9.000000000000004 9.470674677087484 9.816355782724182 
-1 4 0 4.0 
-1 3 0 4.0 
-1 2 0 0.7406765212662001 1.3072438048080834 2.3376421889305066 2.780408413625973 3.0566811450314084 3.193894949479911 3.7332179719636147 3.813796314177384 4.079491846550848 4.701804610257148 5.000000000000001 5.027364882322031 5.233459178672199 5.6156677403243265 5.999999999999993 6.325044148064902 6.8221728360226965 7.000000000000006 7.316006729828219 7.492549703412583 7.722332278893005 7.934503455382199 8.166439121306931 8.370396850955936 8.789459957212536 8.894567618899675 9.400790928139687 9.470917921409573 9.673468883062393 
-1 1 0 0.7406765212662001 1.3072438048080834 2.3376421889305066 2.780408413625973 3.0566811450314084 3.193894949479911 3.7332179719636147 3.813796314177384 4.079491846550848 4.701804610257148 5.000000000000001 5.027364882322031 5.233459178672199 5.6156677403243265 5.999999999999993 6.325044148064902 6.8221728360226965 7.000000000000006 7.316006729828219 7.492549703412583 7.722332278893005 7.934503455382199 8.166439121306931 8.370396850955936 8.789459957212536 8.894567618899675 9.400790928139687 9.470917921409573 9.673468883062393 
-1 0 0 0.588638702243541 0.7292676677840944 0.9554885754483255 1.2291284176033639 1.4494114885685916 1.872627994608518 1.8768892802475192 1.893808655352743 2.241643230687185 2.561585006759914 2.7093732102610963 2.8233669852155128 2.938270995941545 3.107887057291464 3.1895251163751674 3.3605059863872646 3.4898679271019675 3.5329778762978497 3.6444299458130693 3.692647078835506 3.787155344718938 3.897822112103375 3.9273282509470393 3.9863022955554963 4.057694838607207 4.3547083306249 4.5948129827974125 4.668943268887598 5.07799949379139 5.171494071679648 5.248148468662991 5.470727587655079 5.520545124560553 5.801898922080995 6.021866308444511 6.260131522511068 6.316005704317344 6.442824417694781 6.497658645967186 6.543084848865601 7.067702680940502 7.114962617732276 7.138187160036196 7.155475709868131 7.32824402915325 7.394430433318117 7.477385101047835 7.623236720256498 7.965193705216444 8.090591568888888 8.306432894806516 8.379041738895006 8.517268202876641 8.861164005551986 8.917576134175011 9.005927804793297 9.206567046635707 9.57291098397728 9.590430684966941 9.63653399523824 9.891261248764845 10.334623732172568 10.447489502904157 10.819720786698085 10.841834377319335 10.999999999999998 10.999999999999998 11.099203904463952 11.177587183661293 11.260297069287619 11.32423856251327 11.337260757171471 11.356318466598498 11.52219017225047 11.584886003356315 11.688175883139024 11.706487619176883 11.785985591606043 11.805693875708707 11.864732338556859 12.000000000000004 12.098282541699216 12.53748097957288 12.580909157361026 12.742752585202268 12.912869800792006 13.011915658756996 13.255033322881188 13.319386882923032 13.4012822674817 13.57520458501557 13.833138185292519 
-1 -1 0 0.588638702243541 0.7292676677840944 0.9554885754483255 1.2291284176033639 1.4494114885685916 1.872627994608518 1.8768892802475192 1.893808655352743 2.241643230687185 2.561585006759914 2.7093732102610963 2.8233669852155128 2.938270995941545 3.107887057291464 3.1895251163751674 3.3605059863872646 3.4898679271019675 3.5329778762978497 3.6444299458130693 3.692647078835506 3.787155344718938 3.897822112103375 3.9273282509470393 3.9863022955554963 4.057694838607207 4.3547083306249 4.5948129827974125 4.668943268887598 5.07799949379139 5.171494071679648 5.248148468662991 5.470727587655079 5.520545124560553 5.801898922080995 6.021866308444511 6.260131522511068 6.316005704317344 6.442824417694781 6.497658645967186 6.543084848865601 7.067702680940502 7.114962617732276 7.138187160036196 7.155475709868131 7.32824402915325 7.394430433318117 7.477385101047835 7.623236720256498 7.965193705216444 8.090591568888888 8.306432894806516 8.379041738895006 8.517268202876641 8.861164005551986 8.917576134175011 9.005927804793297 9.206567046635707 9.57291098397728 9.590430684966941 9.63653399523824 9.891261248764845 10.334623732172568 10.447489502904157 10.819720786698085 10.841834377319335 10.999999999999998 10.999999999999998 11.099203904463952 11.177587183661293 11.260297069287619 11.32423856251327 11.337260757171471 11.356318466598498 11.52219017225047 11.584886003356315 11.688175883139024 11.706487619176883 11.785985591606043 11.805693875708707 11.864732338556859 12.000000000000004 12.098282541699216 12.53748097957288 12.580909157361026 12.742752585202268 12.912869800792006 13.011915658756996 13.255033322881188 13.319386882923032 13.4012822674817 13.57520458501557 13.833138185292519 
-1 -2 0 0.36247692612714383 0.8159818751080563 1.1735420338029223 1.2165280837368075 1.373678040076219 1.730471860325565 1.736578318606538 1.972165379741005 2.0841449623353987 2.3316650553289495 2.477979071301633 2.6416406187622634 2.6924372025755 2.931234521861291 2.9356577949243 3.1985171600557196 3.2512302408739004 3.364591488856112 3.487163382773438 3.5151976966426006 3.530579078860694 3.714161616489817 3.9717981624986374 4.1350342502000945 4.138483755478836 4.171925905540027 4.322393153044471 4.378654889050685 4.466510758828012 4.685165884296236 4.788376537069878 4.889242206273646 5.036048295775705 5.1899868362545165 5.234397879546549 5.289893177224517 5.355228844965733 5.809204879728222 5.917608168479829 6.00103507795717 6.212709795226803 6.352965635311466 6.648374439598441 6.649128148900038 6.679495157949398 6.84149262468297 6.919869900312609 7.060624007217136 7.287325745383245 7.459931447482783 7.57755783691247 7.616889373381793 7.84208546953448 7.865911743838801 8.480863129131937 8.532343117814156 8.64897122361513 9.035480725400994 9.05690465938321 9.12464072631769 9.230917287914142 9.705864014750063 9.824291138874075 10.098136939066034 10.309725319955735 10.433945590929042 10.573640385512766 10.725180120982019 10.80931297462172 10.850135827155183 10.893175045809949 10.900725808822763 11.065402655128407 11.189786292683488 11.243736194905834 11.286821873832487 11.391303350873557 11.404430977678587 11.635847005286694 11.719155125210342 11.754689544687288 11.997006046805769 12.156203977559363 12.384072467077933 12.57014278703742 12.604425096071648 12.620909417734378 12.721067517996119 12.744958827366423 13.079464202180771 13.212262387703488 13.651087819012334 
-1 -3 0 0.36247692612714383 0.8159818751080563 1.1735420338029223 1.2165280837368075 1.373678040076219 1.730471860325565 1.736578318606538 1.972165379741005 2.0841449623353987 2.3316650553289495 2.477979071301633 2.6416406187622634 2.6924372025755 2.931234521861291 2.9356577949243 3.1985171600557196 3.2512302408739004 3.364591488856112 3.487163382773438 3.5151976966426006 3.530579078860694 3.714161616489817 3.9717981624986374 4.1350342502000945 4.138483755478836 4.171925905540027 4.322393153044471 4.378654889050685 4.466510758828012 4.685165884296236 4.788376537069878 4.889242206273646 5.036048295775705 5.1899868362545165 5.234397879546549 5.289893177224517 5.355228844965733 5.809204879728222 5.917608168479829 6.00103507795717 6.212709795226803 6.352965635311466 6.648374439598441 6.649128148900038 6.679495157949398 6.84149262468297 6.919869900312609 7.060624007217136 7.287325745383245 7.459931447482783 7.57755783691247 7.616889373381793 7.84208546953448 7.865911743838801 8.480863129131937 8.532343117814156 8.64897122361513 9.035480725400994 9.05690465938321 9.12464072631769 9.230917287914142 9.705864014750063 9.824291138874075 10.098136939066034 10.309725319955735 10.433945590929042 10.573640385512766 10.725180120982019 10.80931297462172 10.850135827155183 10.893175045809949 10.900725808822763 11.065402655128407 11.189786292683488 11.243736194905834 11.286821873832487 11.391303350873557 11.404430977678587 11.635847005286694 11.719155125210342 11.754689544687288 11.997006046805769 12.156203977559363 12.384072467077933 12.57014278703742 12.604425096071648 12.620909417734378 12.721067517996119 12.744958827366423 13.079464202180771 13.212262387703488 13.651087819012334 
-1 -4 0 1.108598312284418 1.2119989844661696 1.909206839963882 2.219100960115618 2.5257374220865034 2.9341228390741834 3.0941309101214247 3.325394530927578 3.607446968570979 3.8896094978834577 3.9759915326658786 4.00309920283422 4.347463630901935 4.488190468215186 4.812398826515347 4.882258283278919 5.449787433337873 5.590509149975994 5.8163910311680995 6.0411288513291295 6.526262012138076 6.625598248522594 6.665955747575765 7.155287564360676 7.215152846089168 7.236946219746509 8.073616468173277 8.81284980045914 9.455765417217997 
0 -4 0 1.2119989844661616 2.2191009601156213 2.9341228390741865 3.6074469685709794 3.975991532665879 4.88225828327892 5.4497874333378755 5.816391031168099 6.665955747575768 7.236946219746508 
-1 -5 0 1.108598312284418 1.2119989844661696 1.909206839963882 2.219100960115618 2.5257374220865034 2.9341228390741834 3.0941309101214247 3.325394530927578 3.607446968570979 3.8896094978834577 3.9759915326658786 4.00309920283422 4.347463630901935 4.488190468215186 4.812398826515347 4.882258283278919 5.449787433337873 5.590509149975994 5.8163910311680995 6.0411288513291295 6.526262012138076 6.625598248522594 6.665955747575765 7.155287564360676 7.215152846089168 7.236946219746509 8.073616468173277 8.81284980045914 9.455765417217997 
0 -5 0 1.2119989844661616 2.2191009601156213 2.9341228390741865 3.6074469685709794 3.975991532665879 4.88225828327892 5.4497874333378755 5.816391031168099 6.665955747575768 7.236946219746508 
-2 2 0 4.999999999999999 6.0 7.0 
-2 1 0 4.999999999999999 6.0 7.0 
-2 0 0 1.8726279946085091 2.7093732102610897 3.48986792710197 3.692647078835501 3.7871553447189408 3.927328250947047 5.171494071679651 5.520545124560557 6.260131522511069 6.31600570431734 7.000000000000004 7.11496261773227 7.477385101047832 8.000000000000004 8.99999999999999 9.206567046635714 9.572910983977279 9.59043068496693 9.891261248764852 10.334623732172574 10.447489502904157 10.841834377319335 10.999999999999996 11.0 11.099203904463954 11.337260757171478 11.688175883139017 11.785985591606039 11.864732338556866 12.000000000000005 
-2 -1 0 1.8726279946085091 2.7093732102610897 3.48986792710197 3.692647078835501 3.7871553447189408 3.927328250947047 5.171494071679651 5.520545124560557 6.260131522511069 6.31600570431734 7.000000000000004 7.11496261773227 7.477385101047832 8.000000000000004 8.99999999999999 9.206567046635714 9.572910983977279 9.59043068496693 9.891261248764852 10.334623732172574 10.447489502904157 10.841834377319335 10.999999999999996 11.0 11.099203904463954 11.337260757171478 11.688175883139017 11.785985591606039 11.864732338556866 12.000000000000005 
-2 -2 0 1.1735420338029263 1.736578318606531 2.084144962335392 2.692437202575512 2.886957672445765 2.9312345218612914 3.251230240873899 3.3645914888561195 3.530579078860693 3.714161616489824 4.134897665056394 4.138483755478834 4.322393153044472 4.378654889050677 4.889242206273649 4.983122985582085 5.1899868362545165 5.35522884496574 5.917608168479824 6.352965635311463 6.648374439598437 6.841492624682971 7.060624007217144 7.287325745383246 7.459931447482782 7.49645239739502 7.616889373381793 7.865911743838805 8.209798814855104 8.289964187152398 8.480863129131933 8.64897122361513 9.056904659383203 10.900725808822763 11.243736194905841 11.404430977678576 11.452588268542014 11.567668243050393 11.719155125210337 11.997006046805792 12.156203977559368 12.38407246707793 12.570142787037422 12.60442509607165 12.620909417734378 12.721067517996115 12.744958827366432 12.97854976592082 13.079464202180775 13.212262387703472 13.651087819012334 13.999999999999993 13.999999999999996 14.0 
-2 -3 0 1.1735420338029263 1.736578318606531 2.084144962335392 2.692437202575512 2.886957672445765 2.9312345218612914 3.251230240873899 3.3645914888561195 3.530579078860693 3.714161616489824 4.134897665056394 4.138483755478834 4.322393153044472 4.378654889050677 4.889242206273649 4.983122985582085 5.1899868362545165 5.35522884496574 5.917608168479824 6.352965635311463 6.648374439598437 6.841492624682971 7.060624007217144 7.287325745383246 7.459931447482782 7.49645239739502 7.616889373381793 7.865911743838805 8.209798814855104 8.289964187152398 8.480863129131933 8.64897122361513 9.056904659383203 10.900725808822763 11.243736194905841 11.404430977678576 11.452588268542014 11.567668243050393 11.719155125210337 11.997006046805792 12.156203977559368 12.38407246707793 12.570142787037422 12.60442509607165 12.620909417734378 12.721067517996115 12.744958827366432 12.97854976592082 13.079464202180775 13.212262387703472 13.651087819012334 13.999999999999993 13.999999999999996 14.0 
-2 -4 0 1.1085983122844223 1.9092068399638824 2.472062763541674 2.525737422086512 3.0164304999888434 3.094130910121424 3.3253945309275785 3.8896094978834537 3.9906357400276433 4.003099202834217 4.29981981170991 4.3474636309019346 4.488190468215185 4.538988537864698 4.812398826515345 5.590509149975992 6.0411288513291295 6.526262012138075 6.62559824852259 7.155287564360669 7.192499760979141 7.215152846089162 7.2242163312202194 7.793753068098081 8.07361646817327 8.812849800459142 9.455765417218007 9.731361053208904 10.655839074187082 11.08439335917379 
-2 -5 0 1.1085983122844223 1.9092068399638824 2.472062763541674 2.525737422086512 3.0164304999888434 3.094130910121424 3.3253945309275785 3.8896094978834537 3.9906357400276433 4.003099202834217 4.29981981170991 4.3474636309019346 4.488190468215185 4.538988537864698 4.812398826515345 5.590509149975992 6.0411288513291295 6.526262012138075 6.62559824852259 7.155287564360669 7.192499760979141 7.215152846089162 7.2242163312202194 7.793753068098081 8.07361646817327 8.812849800459142 9.455765417218007 9.731361053208904 10.655839074187082 11.08439335917379 
-2 -6 0 3.0 3.0 3.0 
-1 -6 0 3.0 
-2 -7 0 3.0 3.0 3.0 
-1 -7 0 3.0 
-3 0 0 7.0 8.0 9.0 
-3 -1 0 7.0 8.0 9.0 
-3 -2 0 2.8869576724457655 4.134897665056399 4.983122985582082 7.4964523973950214 8.209798814855118 8.289964187152389 10.000000000000005 11.452588268542012 11.567668243050386 12.978549765920816 14.0 14.0 14.000000000000004 
-3 -3 0 2.8869576724457655 4.134897665056399 4.983122985582082 7.4964523973950214 8.209798814855118 8.289964187152389 10.000000000000005 11.452588268542012 11.567668243050386 12.978549765920816 14.0 14.0 14.000000000000004 
-3 -4 0 2.472062763541668 3.016430499988842 3.9906357400276495 4.299819811709911 4.468871125850727 4.538988537864705 7.192499760979143 7.224216331220221 7.79375306809808 9.731361053208898 10.655839074187083 11.084393359173783 12.531128874149278 
-3 -5 0 2.472062763541668 3.016430499988842 3.9906357400276495 4.299819811709911 4.468871125850727 4.538988537864705 7.192499760979143 7.224216331220221 7.79375306809808 9.731361053208898 10.655839074187083 11.084393359173783 12.531128874149278 
-3 -6 0 3.0 3.0 3.0 
-3 -7 0 3.0 3.0 3.0 
-4 -2 0 10.0 
-4 -3 0 10.0 
-4 -4 0 4.468871125850725 12.531128874149275 
-4 -5 0 4.468871125850725 12.531128874149275 
-4 -6 0 3.0 
-4 -7 0 3.0 
