1 1 0 0.9999999999999999 3.0 4.0 4.0 
2 1 0 4.0 
1 0 0 0.9999999999999999 3.0 4.0 4.0 
2 0 0 4.0 
1 -1 0 1.4508956218901863 2.2755610896047327 3.29904761306368 3.4125409377935036 4.727769493187399 5.1361085805268605 5.394448724536013 5.737913626858548 7.000000000000003 7.528683776694409 9.371534577878204 10.263821276636039 10.629510421908217 11.166612983958245 12.605551275463975 
2 -1 0 5.39444872453601 12.60555127546399 
1 -2 0 1.4508956218901863 2.2755610896047327 3.29904761306368 3.4125409377935036 4.727769493187399 5.1361085805268605 5.394448724536013 5.737913626858548 7.000000000000003 7.528683776694409 9.371534577878204 10.263821276636039 10.629510421908217 11.166612983958245 12.605551275463975 
2 -2 0 5.39444872453601 12.60555127546399 
1 -3 0 2.142722694686543 3.739098238170481 4.692944235453602 5.0455696987125735 6.211972665282374 7.878992662014496 8.804247741478 9.077875183362858 11.0 11.624836114865643 11.700948908440044 11.914065911464633 13.166725946068766 14.000000000000004 14.000000000000007 
2 -3 0 11.0 
1 -4 0 2.142722694686543 3.739098238170481 4.692944235453602 5.0455696987125735 6.211972665282374 7.878992662014496 8.804247741478 9.077875183362858 11.0 11.624836114865643 11.700948908440044 11.914065911464633 13.166725946068766 14.000000000000004 14.000000000000007 
2 -4 0 11.0 
0 1 0 0.9999999999999999 3.0 3.0 4.0 
0 0 0 0.9999999999999999 3.0 3.0 4.0 
0 -1 1 -6.306302593843405e-15 1.3121220103415816 1.4508956218901805 1.9284417590853433 2.2755610896047274 2.7292032729046802 2.8299135133739672 3.2960009919723188 3.299047613063678 3.412540937793503 3.916820840820888 4.346486829224058 4.477168094414693 4.688892182534018 4.727769493187402 5.13610858052686 5.278868714086411 5.737913626858549 5.999999999999999 6.405676168246975 6.481194304092015 6.633466244772269 6.999999999999999 7.000000000000001 7.528683776694409 8.575214910528096 8.758285212946571 9.053182035507463 9.371534577878203 10.263821276636035 10.289062915148655 10.62951042190822 11.166612983958252 
0 -2 1 -6.306302593843405e-15 1.3121220103415816 1.4508956218901805 1.9284417590853433 2.2755610896047274 2.7292032729046802 2.8299135133739672 3.2960009919723188 3.299047613063678 3.412540937793503 3.916820840820888 4.346486829224058 4.477168094414693 4.688892182534018 4.727769493187402 5.13610858052686 5.278868714086411 5.737913626858549 5.999999999999999 6.405676168246975 6.481194304092015 6.633466244772269 6.999999999999999 7.000000000000001 7.528683776694409 8.575214910528096 8.758285212946571 9.053182035507463 9.371534577878203 10.263821276636035 10.289062915148655 10.62951042190822 11.166612983958252 
0 -3 1 -6.476823878654845e-15 1.2759383792756307 1.5167161632890467 2.095361707148511 2.142722694686539 2.269981249608659 2.539967186386257 3.045456836803165 3.4647808158986892 3.5633422845989426 3.7390982381704836 3.8129665176887433 3.936615307344155 4.476494433905391 4.650921647789812 4.692944235453601 4.77897841504727 4.858123142917945 5.045569698712578 5.383635011991709 5.517695809648676 5.9564678007777525 6.2119726652823735 6.45911267327272 6.938694972879966 7.022443810850481 7.234953269254803 7.6355790071856 7.878992662014486 8.06458093126877 8.605885459331201 8.661112105840523 8.804247741477992 9.068115451041827 9.077875183362861 9.102371703866696 9.45079727486965 10.97085379722545 11.414681692840471 11.580649082992712 11.624836114865643 11.700948908440049 11.8127495771045 11.830704068194509 11.914065911464627 11.931157464309601 12.252099771919731 12.39173711386881 12.59313764926708 12.62552923834704 12.81792656022073 12.963439786138112 13.065466742325157 13.166725946068768 13.653930357750426 13.708847727713026 14.000000000000002 14.000000000000004 
0 -4 1 -6.476823878654845e-15 1.2759383792756307 1.5167161632890467 2.095361707148511 2.142722694686539 2.269981249608659 2.539967186386257 3.045456836803165 3.4647808158986892 3.5633422845989426 3.7390982381704836 3.8129665176887433 3.936615307344155 4.476494433905391 4.650921647789812 4.692944235453601 4.77897841504727 4.858123142917945 5.045569698712578 5.383635011991709 5.517695809648676 5.9564678007777525 6.2119726652823735 6.45911267327272 6.938694972879966 7.022443810850481 7.234953269254803 7.6355790071856 7.878992662014486 8.06458093126877 8.605885459331201 8.661112105840523 8.804247741477992 9.068115451041827 9.077875183362861 9.102371703866696 9.45079727486965 10.97085379722545 11.414681692840471 11.580649082992712 11.624836114865643 11.700948908440049 11.8127495771045 11.830704068194509 11.914065911464627 11.931157464309601 12.252099771919731 12.39173711386881 12.59313764926708 12.62552923834704 12.81792656022073 12.963439786138112 13.065466742325157 13.166725946068768 13.653930357750426 13.708847727713026 14.000000000000002 14.000000000000004 
0 -5 0 0.9507009176520336 2.2248929401632904 2.7732840662880403 3.149717555516847 3.8637222490757153 4.226511540378534 4.298437881283577 4.875114580235422 5.047112632238818 5.370914408743358 5.98579907336898 6.64602489689794 7.061486193618946 7.556212674848728 8.16751377855779 8.36332823793268 8.539284683078026 8.914978826645184 8.999999999999998 9.761557181831893 9.852038656424273 10.000000000000004 10.069929173273236 10.625528108403072 10.70156211871642 10.805998704089188 11.245051465142524 11.339316736597237 11.583980718998227 11.999999999999995 12.0 12.000000000000002 12.000000000000005 
1 -5 0 4.875114580235426 8.363328237932684 9.0 9.76155718183189 
0 -6 0 0.9507009176520336 2.2248929401632904 2.7732840662880403 3.149717555516847 3.8637222490757153 4.226511540378534 4.298437881283577 4.875114580235422 5.047112632238818 5.370914408743358 5.98579907336898 6.64602489689794 7.061486193618946 7.556212674848728 8.16751377855779 8.36332823793268 8.539284683078026 8.914978826645184 8.999999999999998 9.761557181831893 9.852038656424273 10.000000000000004 10.069929173273236 10.625528108403072 10.70156211871642 10.805998704089188 11.245051465142524 11.339316736597237 11.583980718998227 11.999999999999995 12.0 12.000000000000002 12.000000000000005 
1 -6 0 4.875114580235426 8.363328237932684 9.0 9.76155718183189 
-1 1 0 3.0 
-1 0 0 3.0 
-1 -1 0 1.3121220103415827 1.9284417590853433 2.7225728425145443 2.729203272904682 2.829913513373966 2.8299135133739677 3.2960009919723237 3.916820840820887 4.000000000000002 4.346486829224055 4.4771680944146945 4.613490899729595 4.688892182534018 4.68889218253402 5.2788687140864115 6.0 6.000000000000001 6.0000000000000036 6.38650910027041 6.40567616824698 6.481194304092016 6.481194304092017 6.633466244772272 7.000000000000002 8.27742715748546 8.575214910528098 8.75828521294657 9.05318203550746 10.289062915148655 
-1 -2 0 1.3121220103415827 1.9284417590853433 2.7225728425145443 2.729203272904682 2.829913513373966 2.8299135133739677 3.2960009919723237 3.916820840820887 4.000000000000002 4.346486829224055 4.4771680944146945 4.613490899729595 4.688892182534018 4.68889218253402 5.2788687140864115 6.0 6.000000000000001 6.0000000000000036 6.38650910027041 6.40567616824698 6.481194304092016 6.481194304092017 6.633466244772272 7.000000000000002 8.27742715748546 8.575214910528098 8.75828521294657 9.05318203550746 10.289062915148655 
-1 -3 0 0.8573408665651882 1.0288960897676782 1.2759383792756345 1.5167161632890407 2.0594702082891336 2.09536170714851 2.2045902107018356 2.2699812496086595 2.4415080409383907 2.5399671863862463 2.8636630707498703 3.0454568368031714 3.0573488214454976 3.3557459178673965 3.4647808158986897 3.5633422845989426 3.5798438287427206 3.8092398509934084 3.8129665176887415 3.9366153073441565 3.9473050951716933 3.958104350535423 4.216426521090733 4.304042559308702 4.476494433905385 4.650921647789813 4.717753431451374 4.771696630771261 4.778978415047272 4.858123142917943 4.892757140684436 5.060257239975477 5.383635011991706 5.445171541068215 5.517695809648676 5.676729498066689 5.95282741448411 5.9564678007777525 6.446442193848779 6.459112673272717 6.638128170429322 6.7441512633730625 6.938694972879967 7.02244381085048 7.067931819938774 7.218044619424294 7.234953269254798 7.319944196743053 7.635579007185594 7.643242192867893 8.064580931268765 8.315601218820854 8.590741592615123 8.605885459331203 8.661112105840528 8.952069581879257 9.006817871017267 9.068115451041828 9.10237170386669 9.226971567452775 9.450797274869647 9.7475160885569 10.258787284716803 10.455878703404087 10.50284674155566 10.775625131221332 10.794882501802759 10.970853797225459 10.980446569422455 11.039782700437675 11.166589294888588 11.30051463282574 11.375388806759785 11.40900558427628 11.414681692840464 11.552080472676309 11.580649082992714 11.672288429687729 11.737861035977225 11.812749577104508 11.830704068194512 11.859701404710991 11.931157464309607 12.252099771919738 12.391737113868809 12.593137649267083 12.625529238347038 12.81792656022073 12.963439786138123 13.065466742325157 13.653930357750436 13.708847727713033 
-1 -4 0 0.8573408665651882 1.0288960897676782 1.2759383792756345 1.5167161632890407 2.0594702082891336 2.09536170714851 2.2045902107018356 2.2699812496086595 2.4415080409383907 2.5399671863862463 2.8636630707498703 3.0454568368031714 3.0573488214454976 3.3557459178673965 3.4647808158986897 3.5633422845989426 3.5798438287427206 3.8092398509934084 3.8129665176887415 3.9366153073441565 3.9473050951716933 3.958104350535423 4.216426521090733 4.304042559308702 4.476494433905385 4.650921647789813 4.717753431451374 4.771696630771261 4.778978415047272 4.858123142917943 4.892757140684436 5.060257239975477 5.383635011991706 5.445171541068215 5.517695809648676 5.676729498066689 5.95282741448411 5.9564678007777525 6.446442193848779 6.459112673272717 6.638128170429322 6.7441512633730625 6.938694972879967 7.02244381085048 7.067931819938774 7.218044619424294 7.234953269254798 7.319944196743053 7.635579007185594 7.643242192867893 8.064580931268765 8.315601218820854 8.590741592615123 8.605885459331203 8.661112105840528 8.952069581879257 9.006817871017267 9.068115451041828 9.10237170386669 9.226971567452775 9.450797274869647 9.7475160885569 10.258787284716803 10.455878703404087 10.50284674155566 10.775625131221332 10.794882501802759 10.970853797225459 10.980446569422455 11.039782700437675 11.166589294888588 11.30051463282574 11.375388806759785 11.40900558427628 11.414681692840464 11.552080472676309 11.580649082992714 11.672288429687729 11.737861035977225 11.812749577104508 11.830704068194512 11.859701404710991 11.931157464309607 12.252099771919738 12.391737113868809 12.593137649267083 12.625529238347038 12.81792656022073 12.963439786138123 13.065466742325157 13.653930357750436 13.708847727713033 
-1 -5 0 0.9507009176520362 1.1247055915970459 1.229210685504865 1.5756173369323734 1.9624974011657834 2.223982253777797 2.22489294016329 2.417129914338641 2.6237815262625017 2.77328406628804 2.9554115814806114 3.1464740438177654 3.1497175555168524 3.3112818565434954 3.412379305876897 3.638043185985936 3.73707583892716 3.863722249075716 3.875944873471773 4.03552251476655 4.22651154037853 4.298437881283575 4.369210587624443 4.5188572676756715 4.858565615160748 4.981601552604789 5.047112632238818 5.137765639572775 5.192184868128912 5.370914408743359 5.573623723572951 5.705137147567871 5.819720241350366 5.985799073368979 6.336256947767952 6.646024896897939 6.860410381773883 7.061486193618944 7.107598117819617 7.121198742050377 7.245982526747146 7.503892066745084 7.556212674848733 7.679984861779054 7.771376963765436 8.134261204122591 8.167513778557792 8.317918158352278 8.381276494469258 8.539284683078035 8.683227692085985 8.914978826645179 8.97152713648987 8.992932400092274 9.0361690330097 9.563511167663945 9.814799000258468 9.852038656424272 9.868095185482831 9.999999999999996 9.999999999999996 10.069929173273236 10.62552810840307 10.701562118716424 10.805998704089182 10.991182487263893 11.092930532670472 11.12741848702541 11.24505146514252 11.268333379191562 11.33931673659724 11.492024191256176 11.583980718998228 11.63008273342403 11.655679092200547 11.885748054065322 11.999999999999996 12.000000000000005 12.000000000000005 12.00000000000001 12.097185292387621 12.134240074817113 12.140553445848854 12.58970734080969 12.888624058425938 12.960685467430801 12.983831914083487 13.348736010007766 13.66709394385698 13.678074582388435 13.719849215880387 13.831877062781974 
-1 -6 0 0.9507009176520362 1.1247055915970459 1.229210685504865 1.5756173369323734 1.9624974011657834 2.223982253777797 2.22489294016329 2.417129914338641 2.6237815262625017 2.77328406628804 2.9554115814806114 3.1464740438177654 3.1497175555168524 3.3112818565434954 3.412379305876897 3.638043185985936 3.73707583892716 3.863722249075716 3.875944873471773 4.03552251476655 4.22651154037853 4.298437881283575 4.369210587624443 4.5188572676756715 4.858565615160748 4.981601552604789 5.047112632238818 5.137765639572775 5.192184868128912 5.370914408743359 5.573623723572951 5.705137147567871 5.819720241350366 5.985799073368979 6.336256947767952 6.646024896897939 6.860410381773883 7.061486193618944 7.107598117819617 7.121198742050377 7.245982526747146 7.503892066745084 7.556212674848733 7.679984861779054 7.771376963765436 8.134261204122591 8.167513778557792 8.317918158352278 8.381276494469258 8.539284683078035 8.683227692085985 8.914978826645179 8.97152713648987 8.992932400092274 9.0361690330097 9.563511167663945 9.814799000258468 9.852038656424272 9.868095185482831 9.999999999999996 9.999999999999996 10.069929173273236 10.62552810840307 10.701562118716424 10.805998704089182 10.991182487263893 11.092930532670472 11.12741848702541 11.24505146514252 11.268333379191562 11.33931673659724 11.492024191256176 11.583980718998228 11.63008273342403 11.655679092200547 11.885748054065322 11.999999999999996 12.000000000000005 12.000000000000005 12.00000000000001 12.097185292387621 12.134240074817113 12.140553445848854 12.58970734080969 12.888624058425938 12.960685467430801 12.983831914083487 13.348736010007766 13.66709394385698 13.678074582388435 13.719849215880387 13.831877062781974 
-1 -7 0 1.5299278928156388 1.9197010723030419 2.410331907892013 3.1335416302194914 3.4769044093683292 3.6354396738467325 4.268407981352435 4.299263239219805 4.5343601701110225 5.146557128384426 5.353180500767423 5.422391794296105 5.514916052624577 5.876938697351579 6.355102653094924 6.566888627594628 6.66342502857943 7.070308059159983 7.441290910412462 8.217237561564149 8.32362971189814 8.546086750870517 8.764622436246675 9.262869769146294 9.648022552620525 9.730507641577 9.88814614668267 10.0 10.000000000000002 
0 -7 0 3.47690440936833 5.514916052624578 6.566888627594628 7.4412909104124605 
-1 -8 0 1.5299278928156388 1.9197010723030419 2.410331907892013 3.1335416302194914 3.4769044093683292 3.6354396738467325 4.268407981352435 4.299263239219805 4.5343601701110225 5.146557128384426 5.353180500767423 5.422391794296105 5.514916052624577 5.876938697351579 6.355102653094924 6.566888627594628 6.66342502857943 7.070308059159983 7.441290910412462 8.217237561564149 8.32362971189814 8.546086750870517 8.764622436246675 9.262869769146294 9.648022552620525 9.730507641577 9.88814614668267 10.0 10.000000000000002 
0 -8 0 3.47690440936833 5.514916052624578 6.566888627594628 7.4412909104124605 
-2 -1 0 2.7225728425145403 2.829913513373966 3.999999999999999 4.0 4.613490899729595 4.688892182534019 6.0 6.0 6.000000000000001 6.386509100270406 6.481194304092015 8.277427157485455 
-2 -2 0 2.7225728425145403 2.829913513373966 3.999999999999999 4.0 4.613490899729595 4.688892182534019 6.0 6.0 6.000000000000001 6.386509100270406 6.481194304092015 8.277427157485455 
-2 -3 0 0.857340866565198 1.0288960897676778 2.059470208289131 2.114655640390949 2.204590210701833 2.4415080409383862 2.4762620513664757 2.8636630707498747 3.057348821445497 3.3557459178674005 3.5798438287427228 3.6360871129578807 3.7382870425600285 3.809239850993412 3.9473050951716933 3.958104350535422 4.074983154963417 4.216426521090737 4.304042559308697 4.377627469419378 4.717753431451376 4.77169663077127 4.892757140684438 4.965519682257582 5.060257239975475 5.390658813450886 5.445171541068219 5.5041276085078845 5.6767294980666865 5.759478756187227 5.95282741448411 6.446442193848779 6.638128170429325 6.744151263373064 6.929293695010569 7.067931819938776 7.2180446194242975 7.319944196743056 7.6432421928679 8.034078209579121 8.28726593669078 8.31560121882086 8.554067185985462 8.590741592615123 8.60268209157073 8.755867040715279 8.95206958187926 9.006817871017267 9.226971567452779 9.329888604914045 9.71711370804627 9.7475160885569 9.792543538275961 9.972350201311174 10.244865036363416 10.258787284716808 10.455878703404094 10.502846741555652 10.742297419475506 10.77562513122133 10.794882501802748 10.980446569422451 11.03978270043767 11.166589294888599 11.300514632825742 11.375388806759798 11.409005584276288 11.552080472676304 11.672288429687725 11.737861035977216 11.859701404710993 
-2 -4 0 0.857340866565198 1.0288960897676778 2.059470208289131 2.114655640390949 2.204590210701833 2.4415080409383862 2.4762620513664757 2.8636630707498747 3.057348821445497 3.3557459178674005 3.5798438287427228 3.6360871129578807 3.7382870425600285 3.809239850993412 3.9473050951716933 3.958104350535422 4.074983154963417 4.216426521090737 4.304042559308697 4.377627469419378 4.717753431451376 4.77169663077127 4.892757140684438 4.965519682257582 5.060257239975475 5.390658813450886 5.445171541068219 5.5041276085078845 5.6767294980666865 5.759478756187227 5.95282741448411 6.446442193848779 6.638128170429325 6.744151263373064 6.929293695010569 7.067931819938776 7.2180446194242975 7.319944196743056 7.6432421928679 8.034078209579121 8.28726593669078 8.31560121882086 8.554067185985462 8.590741592615123 8.60268209157073 8.755867040715279 8.95206958187926 9.006817871017267 9.226971567452779 9.329888604914045 9.71711370804627 9.7475160885569 9.792543538275961 9.972350201311174 10.244865036363416 10.258787284716808 10.455878703404094 10.502846741555652 10.742297419475506 10.77562513122133 10.794882501802748 10.980446569422451 11.03978270043767 11.166589294888599 11.300514632825742 11.375388806759798 11.409005584276288 11.552080472676304 11.672288429687725 11.737861035977216 11.859701404710993 
-2 -5 1 3.668963399252236e-15 0.6553786751306755 1.1247055915970465 1.2292106855048708 1.5658205240145362 1.5756173369323818 1.8282149891930732 1.9624974011657839 2.1051045369694044 2.1249911789961047 2.223982253777799 2.4171299143386467 2.44709142405555 2.623781526262501 2.888815178963634 2.9554115814806172 3.075631798596605 3.1464740438177667 3.311281856543501 3.3515025742643094 3.412379305876891 3.4291603694990576 3.638043185985934 3.6622062448137624 3.737075838927157 3.828189260231606 3.8759448734717736 4.035522514766552 4.061931577869334 4.267888247708431 4.369210587624448 4.453044665043402 4.518857267675671 4.701089892355147 4.829513890355862 4.858565615160749 4.947986945409276 4.98160155260479 5.137765639572779 5.192184868128911 5.307192878210943 5.57362372357297 5.602668301668448 5.609259195494118 5.7051371475678705 5.819720241350367 6.2275282783373855 6.308192283135632 6.336256947767945 6.462532162575074 6.860410381773883 6.908421332314927 7.1075981178196335 7.121198742050376 7.201816445831807 7.245982526747143 7.459923683804718 7.5038920667450855 7.679984861779055 7.767095854683372 7.771376963765436 8.134261204122598 8.317918158352283 8.381276494469262 8.383567642147058 8.581777690701422 8.683227692085978 8.770434580690537 8.915539609761987 8.971527136489865 8.992932400092265 9.036169033009704 9.125473909953397 9.136898535810193 9.342823151814441 9.563511167663949 9.657590018402416 9.698720323216714 9.81479900025848 9.827047789883101 9.868095185482833 9.999999999999995 9.999999999999996 10.987148274593002 10.991182487263897 11.013270725085645 11.09293053267048 11.1274184870254 11.268333379191567 11.30518992769071 11.433674407712477 11.49202419125617 11.507451043023119 11.630082733424027 11.655679092200549 11.77920510945822 11.88574805406532 12.048690777319967 12.093133497931682 12.097185292387625 12.134240074817113 12.140553445848855 12.14967025107587 12.26366988243893 12.33426354484272 12.589707340809692 12.836175370626794 12.88862405842594 12.960685467430805 12.983831914083488 13.31377511796765 13.348736010007768 13.416616428325808 13.667093943856978 13.678074582388438 13.719849215880382 13.83187706278198 13.999999999999984 
-2 -6 1 3.668963399252236e-15 0.6553786751306755 1.1247055915970465 1.2292106855048708 1.5658205240145362 1.5756173369323818 1.8282149891930732 1.9624974011657839 2.1051045369694044 2.1249911789961047 2.223982253777799 2.4171299143386467 2.44709142405555 2.623781526262501 2.888815178963634 2.9554115814806172 3.075631798596605 3.1464740438177667 3.311281856543501 3.3515025742643094 3.412379305876891 3.4291603694990576 3.638043185985934 3.6622062448137624 3.737075838927157 3.828189260231606 3.8759448734717736 4.035522514766552 4.061931577869334 4.267888247708431 4.369210587624448 4.453044665043402 4.518857267675671 4.701089892355147 4.829513890355862 4.858565615160749 4.947986945409276 4.98160155260479 5.137765639572779 5.192184868128911 5.307192878210943 5.57362372357297 5.602668301668448 5.609259195494118 5.7051371475678705 5.819720241350367 6.2275282783373855 6.308192283135632 6.336256947767945 6.462532162575074 6.860410381773883 6.908421332314927 7.1075981178196335 7.121198742050376 7.201816445831807 7.245982526747143 7.459923683804718 7.5038920667450855 7.679984861779055 7.767095854683372 7.771376963765436 8.134261204122598 8.317918158352283 8.381276494469262 8.383567642147058 8.581777690701422 8.683227692085978 8.770434580690537 8.915539609761987 8.971527136489865 8.992932400092265 9.036169033009704 9.125473909953397 9.136898535810193 9.342823151814441 9.563511167663949 9.657590018402416 9.698720323216714 9.81479900025848 9.827047789883101 9.868095185482833 9.999999999999995 9.999999999999996 10.987148274593002 10.991182487263897 11.013270725085645 11.09293053267048 11.1274184870254 11.268333379191567 11.30518992769071 11.433674407712477 11.49202419125617 11.507451043023119 11.630082733424027 11.655679092200549 11.77920510945822 11.88574805406532 12.048690777319967 12.093133497931682 12.097185292387625 12.134240074817113 12.140553445848855 12.14967025107587 12.26366988243893 12.33426354484272 12.589707340809692 12.836175370626794 12.88862405842594 12.960685467430805 12.983831914083488 13.31377511796765 13.348736010007768 13.416616428325808 13.667093943856978 13.678074582388438 13.719849215880382 13.83187706278198 13.999999999999984 
-2 -7 0 0.41242513760906224 0.5780089710048937 1.0685933951266098 1.4620595948242914 1.5299278928156395 1.8924071392059436 1.9197010723030505 2.0108354413488287 2.150958173040252 2.4103319078920094 2.447511663292352 2.844202431589559 3.120831669913473 3.1335416302194905 3.37710894154402 3.3804227055606852 3.635439673846734 3.6969682615097517 3.8249724805310974 4.022737351461098 4.2684079813524365 4.2992632392198065 4.302120911779877 4.340061553948547 4.522082212498769 4.534360170111024 4.791715009801422 5.067845838644566 5.146557128384421 5.150007911248169 5.35318050076741 5.422391794296105 5.601780149203563 5.842771825628802 5.876938697351581 5.9714505934389575 6.355102653094924 6.404702426907797 6.663425028579428 6.804475650827203 6.994155689622508 7.070308059159982 7.2926386039292925 7.857805997766308 7.92029142564118 8.036849191419167 8.217237561564144 8.32362971189814 8.39471505783982 8.546086750870511 8.764622436246675 9.075472271122539 9.262869769146297 9.507319020683855 9.648022552620525 9.730507641577 9.740438044928844 9.88814614668266 9.999999999999998 10.000000000000002 10.097324739737871 10.345881077627437 10.636819571394733 10.951875424812215 11.122242809638024 11.253665955755839 11.292586801391227 11.32131282739265 11.556626272042413 11.74054224732787 11.772379528436662 
-2 -8 0 0.41242513760906224 0.5780089710048937 1.0685933951266098 1.4620595948242914 1.5299278928156395 1.8924071392059436 1.9197010723030505 2.0108354413488287 2.150958173040252 2.4103319078920094 2.447511663292352 2.844202431589559 3.120831669913473 3.1335416302194905 3.37710894154402 3.3804227055606852 3.635439673846734 3.6969682615097517 3.8249724805310974 4.022737351461098 4.2684079813524365 4.2992632392198065 4.302120911779877 4.340061553948547 4.522082212498769 4.534360170111024 4.791715009801422 5.067845838644566 5.146557128384421 5.150007911248169 5.35318050076741 5.422391794296105 5.601780149203563 5.842771825628802 5.876938697351581 5.9714505934389575 6.355102653094924 6.404702426907797 6.663425028579428 6.804475650827203 6.994155689622508 7.070308059159982 7.2926386039292925 7.857805997766308 7.92029142564118 8.036849191419167 8.217237561564144 8.32362971189814 8.39471505783982 8.546086750870511 8.764622436246675 9.075472271122539 9.262869769146297 9.507319020683855 9.648022552620525 9.730507641577 9.740438044928844 9.88814614668266 9.999999999999998 10.000000000000002 10.097324739737871 10.345881077627437 10.636819571394733 10.951875424812215 11.122242809638024 11.253665955755839 11.292586801391227 11.32131282739265 11.556626272042413 11.74054224732787 11.772379528436662 
-2 -9 0 0.9705063631035084 1.6147254105025013 2.6315357913240724 2.971978186407263 3.5989090277839035 4.0 4.000000000000003 4.486823948270257 5.305143728301961 5.649782602579703 6.905934324240798 7.864660617486031 
-1 -9 0 4.0 
-2 -10 0 0.9705063631035084 1.6147254105025013 2.6315357913240724 2.971978186407263 3.5989090277839035 4.0 4.000000000000003 4.486823948270257 5.305143728301961 5.649782602579703 6.905934324240798 7.864660617486031 
-1 -10 0 4.0 
-3 -1 0 4.0 6.0 
-3 -2 0 4.0 6.0 
-3 -3 0 2.1146556403909487 2.4762620513664877 3.6360871129578842 3.7382870425600374 4.074983154963407 4.377627469419382 4.96551968225758 5.267949192431122 5.390658813450889 5.504127608507881 5.75947875618723 6.929293695010568 7.9999999999999964 8.034078209579123 8.287265936690778 8.554067185985462 8.602682091570726 8.732050807568875 8.755867040715277 9.329888604914048 9.717113708046266 9.792543538275957 9.972350201311173 10.24486503636341 10.74229741947551 
-3 -4 0 2.1146556403909487 2.4762620513664877 3.6360871129578842 3.7382870425600374 4.074983154963407 4.377627469419382 4.96551968225758 5.267949192431122 5.390658813450889 5.504127608507881 5.75947875618723 6.929293695010568 7.9999999999999964 8.034078209579123 8.287265936690778 8.554067185985462 8.602682091570726 8.732050807568875 8.755867040715277 9.329888604914048 9.717113708046266 9.792543538275957 9.972350201311173 10.24486503636341 10.74229741947551 
-3 -5 0 0.6553786751306793 1.565820524014533 1.8282149891930735 2.1051045369694044 2.1249911789961047 2.447091424055551 2.8888151789636423 2.9461129486360274 3.0756317985966017 3.351502574264309 3.4291603694990505 3.662206244813759 3.8281892602316057 3.983990209682335 4.0619315778693315 4.26788824770843 4.423614687112307 4.453044665043395 4.701089892355147 4.829513890355854 4.947986945409273 5.160348077892887 5.307192878210937 5.602668301668437 5.609259195494111 6.227528278337387 6.264956627092034 6.3081922831356305 6.46253216257507 6.908421332314933 7.201816445831805 7.459923683804713 7.637549373247862 7.767095854683371 7.999999999999984 7.999999999999998 8.383567642147057 8.581777690701422 8.770434580690535 8.91553960976199 9.125473909953392 9.136898535810193 9.206611801100046 9.342823151814438 9.65759001840242 9.6987203232167 9.827047789883098 9.999999999999991 10.640128748558062 10.954958800523604 10.987148274593006 11.01327072508565 11.090785614602547 11.305189927690714 11.433674407712479 11.507451043023117 11.690943111552285 11.779205109458218 11.999999999999998 12.000000000000012 12.048690777319967 12.093133497931678 12.149670251075866 12.263669882438933 12.334263544842724 12.8361753706268 13.313775117967648 13.416616428325801 14.000000000000007 
-3 -6 0 0.6553786751306793 1.565820524014533 1.8282149891930735 2.1051045369694044 2.1249911789961047 2.447091424055551 2.8888151789636423 2.9461129486360274 3.0756317985966017 3.351502574264309 3.4291603694990505 3.662206244813759 3.8281892602316057 3.983990209682335 4.0619315778693315 4.26788824770843 4.423614687112307 4.453044665043395 4.701089892355147 4.829513890355854 4.947986945409273 5.160348077892887 5.307192878210937 5.602668301668437 5.609259195494111 6.227528278337387 6.264956627092034 6.3081922831356305 6.46253216257507 6.908421332314933 7.201816445831805 7.459923683804713 7.637549373247862 7.767095854683371 7.999999999999984 7.999999999999998 8.383567642147057 8.581777690701422 8.770434580690535 8.91553960976199 9.125473909953392 9.136898535810193 9.206611801100046 9.342823151814438 9.65759001840242 9.6987203232167 9.827047789883098 9.999999999999991 10.640128748558062 10.954958800523604 10.987148274593006 11.01327072508565 11.090785614602547 11.305189927690714 11.433674407712479 11.507451043023117 11.690943111552285 11.779205109458218 11.999999999999998 12.000000000000012 12.048690777319967 12.093133497931678 12.149670251075866 12.263669882438933 12.334263544842724 12.8361753706268 13.313775117967648 13.416616428325801 14.000000000000007 
-3 -7 0 0.4124251376090589 0.5780089710048943 1.0685933951266244 1.4620595948242852 1.5156648957882901 1.8924071392059427 2.01083544134883 2.1509581730402556 2.4475116632923495 2.571331531777032 2.8442024315895558 3.120831669913482 3.1680400311061603 3.377108941544019 3.3804227055606866 3.502640247070845 3.696968261509753 3.824972480531098 3.8385592541570177 3.918337702294191 4.022737351461097 4.302120911779872 4.340061553948548 4.5220822124987725 4.702895157174519 4.791715009801421 4.845518864946248 5.067845838644565 5.150007911248166 5.601780149203571 5.842771825628805 5.923101530266536 5.971450593438958 6.404702426907796 6.692286899482898 6.804475650827199 6.841470166924312 6.994155689622507 7.179892693977541 7.29263860392929 7.428450155164526 7.857805997766307 7.920291425641182 8.03684919141917 8.394715057839825 8.485621121239625 8.883217923680224 9.044825413787773 9.075472271122544 9.385139061809975 9.507319020683846 9.740438044928839 10.097324739737878 10.345881077627432 10.636819571394728 10.744361374649687 10.951875424812211 11.010511430499632 11.122242809638024 11.253665955755833 11.292586801391224 11.321312827392637 11.556626272042411 11.67617451474274 11.740542247327854 11.772379528436655 12.715352227976144 12.732910352405659 13.193697449078421 
-3 -8 0 0.4124251376090589 0.5780089710048943 1.0685933951266244 1.4620595948242852 1.5156648957882901 1.8924071392059427 2.01083544134883 2.1509581730402556 2.4475116632923495 2.571331531777032 2.8442024315895558 3.120831669913482 3.1680400311061603 3.377108941544019 3.3804227055606866 3.502640247070845 3.696968261509753 3.824972480531098 3.8385592541570177 3.918337702294191 4.022737351461097 4.302120911779872 4.340061553948548 4.5220822124987725 4.702895157174519 4.791715009801421 4.845518864946248 5.067845838644565 5.150007911248166 5.601780149203571 5.842771825628805 5.923101530266536 5.971450593438958 6.404702426907796 6.692286899482898 6.804475650827199 6.841470166924312 6.994155689622507 7.179892693977541 7.29263860392929 7.428450155164526 7.857805997766307 7.920291425641182 8.03684919141917 8.394715057839825 8.485621121239625 8.883217923680224 9.044825413787773 9.075472271122544 9.385139061809975 9.507319020683846 9.740438044928839 10.097324739737878 10.345881077627432 10.636819571394728 10.744361374649687 10.951875424812211 11.010511430499632 11.122242809638024 11.253665955755833 11.292586801391224 11.321312827392637 11.556626272042411 11.67617451474274 11.740542247327854 11.772379528436655 12.715352227976144 12.732910352405659 13.193697449078421 
-3 -9 1 -3.5518434583263155e-15 0.9705063631035097 1.0160275908185707 1.6147254105025026 1.9416847727822342 2.532780905517773 2.631535791324074 2.971978186407263 3.000000000000001 3.500659023544272 3.5989090277839018 3.7264425639680856 3.9999999999999987 4.486823948270258 4.999999999999999 5.000000000000001 5.3051437283019585 5.639477484369981 5.649782602579701 5.838006290304772 6.905934324240801 7.753157792133391 7.864660617486034 9.243699134533687 9.808064442027229 
-3 -10 1 -3.5518434583263155e-15 0.9705063631035097 1.0160275908185707 1.6147254105025026 1.9416847727822342 2.532780905517773 2.631535791324074 2.971978186407263 3.000000000000001 3.500659023544272 3.5989090277839018 3.7264425639680856 3.9999999999999987 4.486823948270258 4.999999999999999 5.000000000000001 5.3051437283019585 5.639477484369981 5.649782602579701 5.838006290304772 6.905934324240801 7.753157792133391 7.864660617486034 9.243699134533687 9.808064442027229 
-4 -3 0 5.26794919243112 7.999999999999997 8.732050807568877 
-4 -4 0 5.26794919243112 7.999999999999997 8.732050807568877 
-4 -5 0 2.946112948636023 3.9839902096823328 4.423614687112299 5.160348077892883 6.264956627092032 7.637549373247858 7.999999999999997 8.0 9.206611801100046 10.0 10.640128748558055 10.9549588005236 11.090785614602552 11.690943111552281 12.0 12.000000000000002 
-4 -6 0 2.946112948636023 3.9839902096823328 4.423614687112299 5.160348077892883 6.264956627092032 7.637549373247858 7.999999999999997 8.0 9.206611801100046 10.0 10.640128748558055 10.9549588005236 11.090785614602552 11.690943111552281 12.0 12.000000000000002 
-4 -7 0 1.5156648957882843 2.5713315317770262 3.168040031106161 3.5026402470708446 3.838559254157019 3.918337702294192 4.702895157174517 4.845518864946251 5.298437881283577 5.923101530266534 6.692286899482902 6.841470166924309 7.179892693977544 7.4284501551645326 8.485621121239632 8.883217923680217 9.044825413787777 9.38513906180997 9.999999999999996 10.74436137464969 11.010511430499635 11.676174514742728 11.701562118716424 12.715352227976144 12.732910352405668 13.193697449078421 
-4 -8 0 1.5156648957882843 2.5713315317770262 3.168040031106161 3.5026402470708446 3.838559254157019 3.918337702294192 4.702895157174517 4.845518864946251 5.298437881283577 5.923101530266534 6.692286899482902 6.841470166924309 7.179892693977544 7.4284501551645326 8.485621121239632 8.883217923680217 9.044825413787777 9.38513906180997 9.999999999999996 10.74436137464969 11.010511430499635 11.676174514742728 11.701562118716424 12.715352227976144 12.732910352405668 13.193697449078421 
-4 -9 0 1.01602759081857 1.9416847727822284 2.5327809055177712 3.000000000000001 3.5006590235442747 3.725082782364627 3.7264425639680883 4.999999999999995 5.0 5.0 5.639477484369982 5.838006290304774 7.7531577921333845 9.243699134533694 9.80806444202723 11.274917217635366 
-4 -10 0 1.01602759081857 1.9416847727822284 2.5327809055177712 3.000000000000001 3.5006590235442747 3.725082782364627 3.7264425639680883 4.999999999999995 5.0 5.0 5.639477484369982 5.838006290304774 7.7531577921333845 9.243699134533694 9.80806444202723 11.274917217635366 
-4 -11 0 1.0 3.0 3.0 
-3 -11 0 1.0 3.0 
-4 -12 0 1.0 3.0 3.0 
-3 -12 0 1.0 3.0 
-5 -5 0 10.0 
-5 -6 0 10.0 
-5 -7 0 5.298437881283576 10.0 11.701562118716424 
-5 -8 0 5.298437881283576 10.0 11.701562118716424 
-5 -9 0 3.725082782364625 5.0 11.274917217635377 
-5 -10 0 3.725082782364625 5.0 11.274917217635377 
-5 -11 0 3.0 
-5 -12 0 3.0 
