2 4 0 1.3186693563950231 3.3579263675185023 3.999999999999999 5.000000000000001 5.999999999999999 6.323404276086476 7.000000000000001 
3 4 0 7.0 
2 3 0 1.3186693563950231 3.3579263675185023 3.999999999999999 5.000000000000001 5.999999999999999 6.323404276086476 7.000000000000001 
3 3 0 7.0 
2 2 0 2.3010706778810155 3.0109541318645627 4.689977194086983 4.891061961522554 6.09245685488418 6.791496124359479 7.499115001900843 11.770862023091686 12.050387624594247 12.260343223965043 12.512519163984006 12.736687083989358 13.39306893387603 13.999999999999998 
3 2 0 14.0 
2 1 0 2.3010706778810155 3.0109541318645627 4.689977194086983 4.891061961522554 6.09245685488418 6.791496124359479 7.499115001900843 11.770862023091686 12.050387624594247 12.260343223965043 12.512519163984006 12.736687083989358 13.39306893387603 13.999999999999998 
3 1 0 14.0 
1 4 0 1.3186693563950236 1.9999999999999996 2.0000000000000027 3.357926367518499 3.9999999999999964 3.9999999999999987 3.9999999999999987 4.000000000000001 5.0 5.000000000000002 5.999999999999998 5.999999999999999 6.323404276086478 
1 3 0 1.3186693563950236 1.9999999999999996 2.0000000000000027 3.357926367518499 3.9999999999999964 3.9999999999999987 3.9999999999999987 4.000000000000001 5.0 5.000000000000002 5.999999999999998 5.999999999999999 6.323404276086478 
1 2 0 0.6518524955028325 1.9816475961299014 2.301070677881011 2.404936500095948 2.5349009512724594 2.601177711465122 2.783611281813555 2.947001880761621 3.010954131864563 3.48105619493949 3.9114480734475148 4.0 4.302589927703322 4.689977194086984 4.791576770985297 4.842374542759956 4.880479681567695 4.891061961522557 5.3566240252622705 5.561668748225874 5.983549266590261 6.069786001949459 6.092456854884181 6.791496124359483 6.973804322220609 6.999999999999993 7.4991150019008375 7.635099547243438 8.479380134060868 8.765942382719139 9.555021291510121 9.710055882338406 9.802894428287704 10.184909803171628 10.336176974163827 10.605161015518336 10.76225510561531 11.162187099068785 11.255021566859828 11.297586495533086 11.388222301216315 11.770862023091695 12.050387624594253 12.260343223965043 12.512519163984008 12.736687083989363 13.393068933876034 
1 1 0 0.6518524955028325 1.9816475961299014 2.301070677881011 2.404936500095948 2.5349009512724594 2.601177711465122 2.783611281813555 2.947001880761621 3.010954131864563 3.48105619493949 3.9114480734475148 4.0 4.302589927703322 4.689977194086984 4.791576770985297 4.842374542759956 4.880479681567695 4.891061961522557 5.3566240252622705 5.561668748225874 5.983549266590261 6.069786001949459 6.092456854884181 6.791496124359483 6.973804322220609 6.999999999999993 7.4991150019008375 7.635099547243438 8.479380134060868 8.765942382719139 9.555021291510121 9.710055882338406 9.802894428287704 10.184909803171628 10.336176974163827 10.605161015518336 10.76225510561531 11.162187099068785 11.255021566859828 11.297586495533086 11.388222301216315 11.770862023091695 12.050387624594253 12.260343223965043 12.512519163984008 12.736687083989363 13.393068933876034 
1 0 0 1.0326155866823163 2.091329110579378 2.6983660244672047 2.835233893488689 3.0670293976304737 3.141837088889601 3.5588606887153467 3.6659631907958468 3.8117217950606985 4.218337516061951 4.612660751891671 4.9235075283036975 5.282832333483743 5.534981598568666 5.723649832902849 5.892421448006254 6.180825309177655 7.156545296468406 7.4124119350419875 7.815836197039689 8.154970800262577 8.310071606873613 8.534581669558342 8.736446649252482 9.02227963797618 9.2741324068252 9.833402493951992 10.000000000000004 10.519198061588028 11.000000000000004 11.362081246140594 11.405868216354868 11.443487794905735 11.53663110220882 11.647808842871434 11.762429185308367 12.000000000000002 12.08174291968395 12.1425733978423 12.57214560535125 12.950397556394725 13.211587488864952 13.414310002039867 13.678163880473445 13.748722912015197 13.999999999999996 14.000000000000007 
2 0 0 3.5588606887153453 9.274132406825196 10.000000000000002 10.519198061588027 10.999999999999998 11.64780884287143 11.999999999999998 
1 -1 0 1.0326155866823163 2.091329110579378 2.6983660244672047 2.835233893488689 3.0670293976304737 3.141837088889601 3.5588606887153467 3.6659631907958468 3.8117217950606985 4.218337516061951 4.612660751891671 4.9235075283036975 5.282832333483743 5.534981598568666 5.723649832902849 5.892421448006254 6.180825309177655 7.156545296468406 7.4124119350419875 7.815836197039689 8.154970800262577 8.310071606873613 8.534581669558342 8.736446649252482 9.02227963797618 9.2741324068252 9.833402493951992 10.000000000000004 10.519198061588028 11.000000000000004 11.362081246140594 11.405868216354868 11.443487794905735 11.53663110220882 11.647808842871434 11.762429185308367 12.000000000000002 12.08174291968395 12.1425733978423 12.57214560535125 12.950397556394725 13.211587488864952 13.414310002039867 13.678163880473445 13.748722912015197 13.999999999999996 14.000000000000007 
2 -1 0 3.5588606887153453 9.274132406825196 10.000000000000002 10.519198061588027 10.999999999999998 11.64780884287143 11.999999999999998 
0 4 0 1.9999999999999998 2.0 3.9999999999999982 4.0 4.0 4.0 4.000000000000001 5.0 6.000000000000001 
0 3 0 1.9999999999999998 2.0 3.9999999999999982 4.0 4.0 4.0 4.000000000000001 5.0 6.000000000000001 
0 2 1 -1.792742151022008e-15 0.6518524955028351 1.9816475961299105 1.9909621477102486 2.4049365000959466 2.4315718007342455 2.5349009512724576 2.589906908127781 2.6011777114651227 2.7740447489695894 2.7836112818135508 2.94700188076162 3.15210190536453 3.4810561949394896 3.7774927441819073 3.911448073447514 3.9999999999999956 3.999999999999998 4.000000000000002 4.302589927703323 4.423853390302888 4.791576770985293 4.84237454275996 4.848576373731537 4.8804796815676905 5.291785479467561 5.3079681480406 5.356624025262271 5.39217922255306 5.561668748225877 5.854968587130549 5.98354926659026 6.000000000000003 6.069786001949455 6.973804322220609 6.9999999999999964 6.999999999999998 7.000000000000002 7.608320717684344 7.63509954724344 8.039719677895828 8.479380134060866 8.765942382719139 8.774632638720162 8.935325597635627 9.231584952099656 9.428897844399144 9.555021291510121 9.687923258344355 9.710055882338413 9.802894428287702 9.883837447654379 9.95525067914053 10.184909803171632 10.336176974163823 10.605161015518334 10.619095730111487 10.762255105615306 11.162187099068795 11.255021566859838 11.297586495533096 11.388222301216304 
0 1 1 -1.792742151022008e-15 0.6518524955028351 1.9816475961299105 1.9909621477102486 2.4049365000959466 2.4315718007342455 2.5349009512724576 2.589906908127781 2.6011777114651227 2.7740447489695894 2.7836112818135508 2.94700188076162 3.15210190536453 3.4810561949394896 3.7774927441819073 3.911448073447514 3.9999999999999956 3.999999999999998 4.000000000000002 4.302589927703323 4.423853390302888 4.791576770985293 4.84237454275996 4.848576373731537 4.8804796815676905 5.291785479467561 5.3079681480406 5.356624025262271 5.39217922255306 5.561668748225877 5.854968587130549 5.98354926659026 6.000000000000003 6.069786001949455 6.973804322220609 6.9999999999999964 6.999999999999998 7.000000000000002 7.608320717684344 7.63509954724344 8.039719677895828 8.479380134060866 8.765942382719139 8.774632638720162 8.935325597635627 9.231584952099656 9.428897844399144 9.555021291510121 9.687923258344355 9.710055882338413 9.802894428287702 9.883837447654379 9.95525067914053 10.184909803171632 10.336176974163823 10.605161015518334 10.619095730111487 10.762255105615306 11.162187099068795 11.255021566859838 11.297586495533096 11.388222301216304 
0 0 1 -3.000034845112437e-15 0.28182274875314584 0.9904773549379097 1.032615586682319 1.3593222540891106 1.9514493749656974 2.010188678846643 2.091329110579377 2.2202542209059852 2.4125801437051932 2.6983660244672065 2.8352338934886894 2.861893168331885 2.8781209505148664 3.0670293976304834 3.141837088889605 3.2313924762270756 3.3703883445110048 3.600891423146791 3.665963190795844 3.6950312710034856 3.734477074895223 3.756387874532414 3.8117217950607016 4.007367481988003 4.040094141348769 4.218337516061948 4.29754346686369 4.381451441074783 4.612660751891668 4.622190126623639 4.75499022903714 4.923507528303692 4.958060115537801 5.069903380639126 5.138147589939 5.282832333483739 5.484028353184385 5.49914668427235 5.534981598568665 5.72364983290285 5.8924214480062505 6.170012949733597 6.180825309177662 6.6610412870013604 7.0060071720585695 7.088208578759326 7.156545296468406 7.193952862530413 7.363860020881114 7.412411935041989 7.7665427831380205 7.812908056308515 7.81583619703968 8.080145918777978 8.154970800262575 8.203093264611674 8.310071606873617 8.534581669558342 8.700942143093831 8.736446649252487 8.824711183019225 8.954587865538965 9.022279637976176 9.13137686680881 9.205147575107182 9.31701857413589 9.414783132185947 9.472449483784036 9.785883771527207 9.833402493951995 11.005363860601044 11.105049968125106 11.309285730565641 11.33834353084032 11.36208124614059 11.405868216354868 11.443487794905726 11.53367724290806 11.536631102208812 11.67310084783261 11.762429185308369 11.89148984296844 11.999999999999998 12.062415180561862 12.081742919683954 12.104532026549938 12.142573397842302 12.170587989459483 12.455747390545591 12.542011541300496 12.572145605351253 12.67335627387701 12.698485994634556 12.735177830374454 12.950397556394734 13.21158748886495 13.219253164720907 13.353093532967874 13.368754192289911 13.414310002039858 13.67816388047345 13.748722912015198 13.999999999999995 13.999999999999995 14.000000000000002 
0 -1 1 -3.000034845112437e-15 0.28182274875314584 0.9904773549379097 1.032615586682319 1.3593222540891106 1.9514493749656974 2.010188678846643 2.091329110579377 2.2202542209059852 2.4125801437051932 2.6983660244672065 2.8352338934886894 2.861893168331885 2.8781209505148664 3.0670293976304834 3.141837088889605 3.2313924762270756 3.3703883445110048 3.600891423146791 3.665963190795844 3.6950312710034856 3.734477074895223 3.756387874532414 3.8117217950607016 4.007367481988003 4.040094141348769 4.218337516061948 4.29754346686369 4.381451441074783 4.612660751891668 4.622190126623639 4.75499022903714 4.923507528303692 4.958060115537801 5.069903380639126 5.138147589939 5.282832333483739 5.484028353184385 5.49914668427235 5.534981598568665 5.72364983290285 5.8924214480062505 6.170012949733597 6.180825309177662 6.6610412870013604 7.0060071720585695 7.088208578759326 7.156545296468406 7.193952862530413 7.363860020881114 7.412411935041989 7.7665427831380205 7.812908056308515 7.81583619703968 8.080145918777978 8.154970800262575 8.203093264611674 8.310071606873617 8.534581669558342 8.700942143093831 8.736446649252487 8.824711183019225 8.954587865538965 9.022279637976176 9.13137686680881 9.205147575107182 9.31701857413589 9.414783132185947 9.472449483784036 9.785883771527207 9.833402493951995 11.005363860601044 11.105049968125106 11.309285730565641 11.33834353084032 11.36208124614059 11.405868216354868 11.443487794905726 11.53367724290806 11.536631102208812 11.67310084783261 11.762429185308369 11.89148984296844 11.999999999999998 12.062415180561862 12.081742919683954 12.104532026549938 12.142573397842302 12.170587989459483 12.455747390545591 12.542011541300496 12.572145605351253 12.67335627387701 12.698485994634556 12.735177830374454 12.950397556394734 13.21158748886495 13.219253164720907 13.353093532967874 13.368754192289911 13.414310002039858 13.67816388047345 13.748722912015198 13.999999999999995 13.999999999999995 14.000000000000002 
0 -2 0 0.1705956166471337 0.943726592644605 1.674623910721565 1.826326020575976 2.036652662506696 2.0738216185163076 2.471515455979321 2.6078629936117252 2.7917389702935007 3.1740687122573688 3.3581435198242904 3.4980853797576397 3.609370627078317 4.0555892687174975 4.443511744950632 4.462156473976171 4.627718676730991 4.628576020442509 4.730087037619749 5.135056059404141 5.224267880569695 5.457665949031373 5.612418065908437 5.930675179649635 6.054454071522691 6.3744241923865115 6.530379369061642 6.566324061204997 6.807346749572027 7.172940084722321 7.263901866298608 7.271466094599204 7.43180022280267 7.6297686901710575 7.975083869142365 8.220683074595238 8.375610154639219 8.64579739492451 8.744657165609354 8.899603016783598 8.999999999999998 9.000000000000002 9.00000000000001 9.169615812046002 9.370050338357597 9.479407987927996 9.689474363347593 9.75122849051389 10.229197056737659 10.372281323269018 10.379836635455687 10.657167632339068 10.877049955648225 11.28913828815266 11.310775474169848 11.369313895642714 11.395844974648073 11.528233366493792 11.622889889798962 11.999999999999998 12.0 12.000000000000012 
1 -2 0 2.036652662506694 4.4435117449506265 4.730087037619744 5.224267880569689 6.054454071522693 7.263901866298606 8.220683074595227 8.375610154639217 8.899603016783596 9.0 9.0 9.0 9.751228490513892 
0 -3 0 0.1705956166471337 0.943726592644605 1.674623910721565 1.826326020575976 2.036652662506696 2.0738216185163076 2.471515455979321 2.6078629936117252 2.7917389702935007 3.1740687122573688 3.3581435198242904 3.4980853797576397 3.609370627078317 4.0555892687174975 4.443511744950632 4.462156473976171 4.627718676730991 4.628576020442509 4.730087037619749 5.135056059404141 5.224267880569695 5.457665949031373 5.612418065908437 5.930675179649635 6.054454071522691 6.3744241923865115 6.530379369061642 6.566324061204997 6.807346749572027 7.172940084722321 7.263901866298608 7.271466094599204 7.43180022280267 7.6297686901710575 7.975083869142365 8.220683074595238 8.375610154639219 8.64579739492451 8.744657165609354 8.899603016783598 8.999999999999998 9.000000000000002 9.00000000000001 9.169615812046002 9.370050338357597 9.479407987927996 9.689474363347593 9.75122849051389 10.229197056737659 10.372281323269018 10.379836635455687 10.657167632339068 10.877049955648225 11.28913828815266 11.310775474169848 11.369313895642714 11.395844974648073 11.528233366493792 11.622889889798962 11.999999999999998 12.0 12.000000000000012 
1 -3 0 2.036652662506694 4.4435117449506265 4.730087037619744 5.224267880569689 6.054454071522693 7.263901866298606 8.220683074595227 8.375610154639217 8.899603016783596 9.0 9.0 9.0 9.751228490513892 
-1 4 0 4.0 4.0 
-1 3 0 4.0 4.0 
-1 2 0 1.9909621477102484 2.4315718007342424 2.5899069081277823 2.7740447489695916 3.1521019053645345 3.777492744181908 3.9999999999999947 3.9999999999999982 4.000000000000003 4.423853390302888 4.848576373731535 5.267949192431123 5.267949192431123 5.291785479467562 5.3079681480406 5.392179222553063 5.85496858713055 5.999999999999999 6.0 6.000000000000001 6.9999999999999964 7.0 7.000000000000005 7.608320717684341 8.03971967789584 8.732050807568875 8.732050807568882 8.774632638720155 8.935325597635627 9.231584952099656 9.42889784439914 9.687923258344359 9.883837447654377 9.955250679140525 10.61909573011149 
-1 1 0 1.9909621477102484 2.4315718007342424 2.5899069081277823 2.7740447489695916 3.1521019053645345 3.777492744181908 3.9999999999999947 3.9999999999999982 4.000000000000003 4.423853390302888 4.848576373731535 5.267949192431123 5.267949192431123 5.291785479467562 5.3079681480406 5.392179222553063 5.85496858713055 5.999999999999999 6.0 6.000000000000001 6.9999999999999964 7.0 7.000000000000005 7.608320717684341 8.03971967789584 8.732050807568875 8.732050807568882 8.774632638720155 8.935325597635627 9.231584952099656 9.42889784439914 9.687923258344359 9.883837447654377 9.955250679140525 10.61909573011149 
-1 0 0 0.28182274875313995 0.9904773549379009 1.3593222540891081 1.7929500219771208 1.951449374965687 2.0101886788466397 2.220254220905984 2.4125801437051875 2.615881550538939 2.8618931683318856 2.878120950514866 3.1300763588497404 3.2313924762270756 3.2807496970245658 3.370388344511002 3.6008914231467855 3.6099799366158627 3.6913181113509936 3.6950312710034576 3.7344770748952136 3.7400827517946102 3.756387874532417 4.007367481987997 4.040094141348768 4.072542337435167 4.297543466863714 4.381451441074783 4.472034512601822 4.542044014364438 4.622190126623641 4.754990229037144 4.921667926618222 4.958060115537808 4.97205661912017 5.069903380639128 5.138147589939007 5.360997298700294 5.4840283531843825 5.499146684272349 6.1700129497335965 6.2856301100111365 6.538968126585082 6.661041287001361 6.76533802793738 6.856435462920327 7.006007172058569 7.088208578759321 7.193952862530414 7.286961694077375 7.359678665109569 7.363860020881099 7.766542783138015 7.81290805630851 7.8795182606341045 8.009013780810498 8.080145918777987 8.20309326461167 8.70094214309383 8.824711183019216 8.95458786553896 9.131376866808798 9.205147575107182 9.213403857631002 9.283107550114975 9.317018574135885 9.414783132185947 9.472449483784034 9.752431652188294 9.785883771527208 10.603798098829204 10.661617056224282 10.80997028862999 10.891630248424015 11.005363860601037 11.09076324005235 11.102655108813329 11.105049968125103 11.200144446048949 11.309285730565636 11.33834353084032 11.409600676996543 11.481821026353664 11.533677242908057 11.644501187031635 11.670630297584347 11.673100847832607 11.891489842968445 11.999999999999991 11.999999999999998 12.000000000000002 12.000000000000009 12.062415180561867 12.10453202654994 12.17058798945948 12.455747390545593 12.542011541300502 12.673356273877012 12.698485994634561 12.735177830374454 13.219253164720914 13.353093532967879 13.368754192289906 13.999999999999986 
-1 -1 0 0.28182274875313995 0.9904773549379009 1.3593222540891081 1.7929500219771208 1.951449374965687 2.0101886788466397 2.220254220905984 2.4125801437051875 2.615881550538939 2.8618931683318856 2.878120950514866 3.1300763588497404 3.2313924762270756 3.2807496970245658 3.370388344511002 3.6008914231467855 3.6099799366158627 3.6913181113509936 3.6950312710034576 3.7344770748952136 3.7400827517946102 3.756387874532417 4.007367481987997 4.040094141348768 4.072542337435167 4.297543466863714 4.381451441074783 4.472034512601822 4.542044014364438 4.622190126623641 4.754990229037144 4.921667926618222 4.958060115537808 4.97205661912017 5.069903380639128 5.138147589939007 5.360997298700294 5.4840283531843825 5.499146684272349 6.1700129497335965 6.2856301100111365 6.538968126585082 6.661041287001361 6.76533802793738 6.856435462920327 7.006007172058569 7.088208578759321 7.193952862530414 7.286961694077375 7.359678665109569 7.363860020881099 7.766542783138015 7.81290805630851 7.8795182606341045 8.009013780810498 8.080145918777987 8.20309326461167 8.70094214309383 8.824711183019216 8.95458786553896 9.131376866808798 9.205147575107182 9.213403857631002 9.283107550114975 9.317018574135885 9.414783132185947 9.472449483784034 9.752431652188294 9.785883771527208 10.603798098829204 10.661617056224282 10.80997028862999 10.891630248424015 11.005363860601037 11.09076324005235 11.102655108813329 11.105049968125103 11.200144446048949 11.309285730565636 11.33834353084032 11.409600676996543 11.481821026353664 11.533677242908057 11.644501187031635 11.670630297584347 11.673100847832607 11.891489842968445 11.999999999999991 11.999999999999998 12.000000000000002 12.000000000000009 12.062415180561867 12.10453202654994 12.17058798945948 12.455747390545593 12.542011541300502 12.673356273877012 12.698485994634561 12.735177830374454 13.219253164720914 13.353093532967879 13.368754192289906 13.999999999999986 
-1 -2 0 0.1705956166471312 0.3988670980389579 0.9437265926446055 1.674623910721562 1.6869809780436062 1.723714620865993 1.8263260205759755 1.9160774218786312 2.073821618516311 2.235819620030216 2.4715154559793193 2.5455155593376246 2.607862993611721 2.738561496967139 2.7917389702934936 2.944089584091387 3.081461502869791 3.174068712257367 3.3553234718265146 3.35814351982428 3.4347361883789733 3.4980853797576406 3.60937062707831 4.007095917356487 4.0427827544703785 4.055589268717491 4.403960048887641 4.413533212874827 4.462156473976172 4.516049635632071 4.627718676730991 4.628576020442498 4.7893819228012156 4.856945039667215 5.135056059404137 5.210338798731692 5.457665949031375 5.612418065908436 5.6267470748820205 5.930675179649636 6.086288262214816 6.3744241923865115 6.53037936906164 6.566324061204997 6.765746792548494 6.8073467495720275 6.9040695501194485 7.04912087865697 7.137037648848744 7.172940084722319 7.271466094599208 7.3450400174324155 7.431800222802667 7.4854906117243445 7.629768690171058 7.630350152129647 7.81980212320701 7.975083869142367 8.161846131249595 8.305653143306818 8.591673981219776 8.645797394924505 8.744657165609354 8.746928743237332 8.997110088983275 9.070354763568563 9.169615812046 9.192101051675222 9.301472334812498 9.3700503383576 9.479407987928 9.6894743633476 9.84870660749633 9.99999999999998 10.229197056737664 10.37228132326902 10.379836635455682 10.65716763233907 10.87704995564823 10.920885515960116 10.974314145738067 11.095038421629903 11.190415963545592 11.289138288152662 11.310775474169843 11.34156865912195 11.369313895642716 11.395844974648076 11.528233366493792 11.622889889798966 11.678665864407135 11.711026835876924 12.0 12.000000000000004 12.000000000000004 12.14209673292629 12.720435484919289 12.76150700122632 12.772758881975024 13.175382158025851 13.195492534971812 13.218999827020442 13.734637142591561 
-1 -3 0 0.1705956166471312 0.3988670980389579 0.9437265926446055 1.674623910721562 1.6869809780436062 1.723714620865993 1.8263260205759755 1.9160774218786312 2.073821618516311 2.235819620030216 2.4715154559793193 2.5455155593376246 2.607862993611721 2.738561496967139 2.7917389702934936 2.944089584091387 3.081461502869791 3.174068712257367 3.3553234718265146 3.35814351982428 3.4347361883789733 3.4980853797576406 3.60937062707831 4.007095917356487 4.0427827544703785 4.055589268717491 4.403960048887641 4.413533212874827 4.462156473976172 4.516049635632071 4.627718676730991 4.628576020442498 4.7893819228012156 4.856945039667215 5.135056059404137 5.210338798731692 5.457665949031375 5.612418065908436 5.6267470748820205 5.930675179649636 6.086288262214816 6.3744241923865115 6.53037936906164 6.566324061204997 6.765746792548494 6.8073467495720275 6.9040695501194485 7.04912087865697 7.137037648848744 7.172940084722319 7.271466094599208 7.3450400174324155 7.431800222802667 7.4854906117243445 7.629768690171058 7.630350152129647 7.81980212320701 7.975083869142367 8.161846131249595 8.305653143306818 8.591673981219776 8.645797394924505 8.744657165609354 8.746928743237332 8.997110088983275 9.070354763568563 9.169615812046 9.192101051675222 9.301472334812498 9.3700503383576 9.479407987928 9.6894743633476 9.84870660749633 9.99999999999998 10.229197056737664 10.37228132326902 10.379836635455682 10.65716763233907 10.87704995564823 10.920885515960116 10.974314145738067 11.095038421629903 11.190415963545592 11.289138288152662 11.310775474169843 11.34156865912195 11.369313895642716 11.395844974648076 11.528233366493792 11.622889889798966 11.678665864407135 11.711026835876924 12.0 12.000000000000004 12.000000000000004 12.14209673292629 12.720435484919289 12.76150700122632 12.772758881975024 13.175382158025851 13.195492534971812 13.218999827020442 13.734637142591561 
-1 -4 0 0.28603526779069355 0.9818586049485085 1.5691095116203901 1.778103736626607 2.376119748955194 2.606019070330466 2.75527613348508 2.9867030725926034 3.600785162109244 3.7264243613956087 3.7421714308634275 3.876492787606951 4.999999999999997 5.0 5.000000000000003 5.110090861612785 5.245068545967029 5.515197900141625 5.528256165101507 5.681597220171919 5.697936182367604 5.711364103883491 5.938181579600101 6.000000000000001 6.530256463902952 6.60032063488856 6.819119523661198 7.201948434770557 8.185183096354779 8.289487491888199 9.360396115599976 9.420729341118784 9.879767450644136 9.999999999999995 9.999999999999998 
0 -4 0 1.7781037366266113 2.6060190703304627 3.8764927876069506 5.110090861612783 5.52825616510151 5.681597220171921 5.999999999999995 6.600320634888563 6.8191195236611994 
-1 -5 0 0.28603526779069355 0.9818586049485085 1.5691095116203901 1.778103736626607 2.376119748955194 2.606019070330466 2.75527613348508 2.9867030725926034 3.600785162109244 3.7264243613956087 3.7421714308634275 3.876492787606951 4.999999999999997 5.0 5.000000000000003 5.110090861612785 5.245068545967029 5.515197900141625 5.528256165101507 5.681597220171919 5.697936182367604 5.711364103883491 5.938181579600101 6.000000000000001 6.530256463902952 6.60032063488856 6.819119523661198 7.201948434770557 8.185183096354779 8.289487491888199 9.360396115599976 9.420729341118784 9.879767450644136 9.999999999999995 9.999999999999998 
0 -5 0 1.7781037366266113 2.6060190703304627 3.8764927876069506 5.110090861612783 5.52825616510151 5.681597220171921 5.999999999999995 6.600320634888563 6.8191195236611994 
-2 2 0 3.9999999999999996 5.2679491924311215 5.267949192431122 5.999999999999997 6.0 6.000000000000001 7.0 8.732050807568875 8.732050807568877 
-2 1 0 3.9999999999999996 5.2679491924311215 5.267949192431122 5.999999999999997 6.0 6.000000000000001 7.0 8.732050807568875 8.732050807568877 
-2 0 0 1.7929500219771197 2.6158815505389397 3.13007635884974 3.1715728752538106 3.280749697024572 3.6099799366158676 3.691318111350995 3.7400827517946005 4.072542337435162 4.47203451260182 4.542044014364432 4.897224950903361 4.921667926618225 4.97205661912017 5.267949192431132 5.3609972987002905 6.285630110011139 6.538968126585085 6.765338027937379 6.853634510967094 6.856435462920324 7.286961694077377 7.359678665109574 7.8795182606341205 8.009013780810497 8.73205080756889 8.828427124746188 9.213403857631011 9.283107550114977 9.752431652188292 10.0 10.000000000000002 10.000000000000005 10.249140538129549 10.603798098829206 10.661617056224294 10.80997028862999 10.891630248424011 11.090763240052357 11.102655108813329 11.200144446048949 11.409600676996536 11.48182102635366 11.644501187031633 11.67063029758434 11.999999999999998 12.000000000000002 12.000000000000004 
-2 -1 0 1.7929500219771197 2.6158815505389397 3.13007635884974 3.1715728752538106 3.280749697024572 3.6099799366158676 3.691318111350995 3.7400827517946005 4.072542337435162 4.47203451260182 4.542044014364432 4.897224950903361 4.921667926618225 4.97205661912017 5.267949192431132 5.3609972987002905 6.285630110011139 6.538968126585085 6.765338027937379 6.853634510967094 6.856435462920324 7.286961694077377 7.359678665109574 7.8795182606341205 8.009013780810497 8.73205080756889 8.828427124746188 9.213403857631011 9.283107550114977 9.752431652188292 10.0 10.000000000000002 10.000000000000005 10.249140538129549 10.603798098829206 10.661617056224294 10.80997028862999 10.891630248424011 11.090763240052357 11.102655108813329 11.200144446048949 11.409600676996536 11.48182102635366 11.644501187031633 11.67063029758434 11.999999999999998 12.000000000000002 12.000000000000004 
-2 -2 0 0.39886709803896037 1.6869809780436062 1.7237146208659924 1.7277626673617026 1.9160774218786336 2.1881927925016753 2.235819620030213 2.5455155593376366 2.7385614969671437 2.9440895840913934 3.0814615028697863 3.355323471826516 3.434736188378982 3.5745594764165047 3.888033099851341 4.000000000000005 4.007095917356497 4.04278275447038 4.403960048887642 4.413533212874819 4.516049635632063 4.61376075390715 4.789381922801218 4.856945039667218 5.210338798731693 5.298437881283577 5.298437881283584 5.579311940638411 5.6267470748820205 6.0862882622148105 6.279246735338103 6.378287732446659 6.765746792548492 6.904069550119459 7.049120878656968 7.13703764884875 7.345040017432408 7.485490611724337 7.6303501521296475 7.819802123207018 8.161846131249593 8.305653143306818 8.591673981219788 8.627434135182293 8.746928743237333 8.784517764447571 8.997110088983282 9.070354763568565 9.096542038576883 9.19210105167521 9.301472334812502 9.848706607496334 9.999999999999996 10.0 10.000000000000002 10.000000000000004 10.000000000000005 10.920885515960116 10.974314145738067 11.012370975717346 11.095038421629907 11.19041596354559 11.341568659121947 11.678665864407133 11.701562118716417 11.701562118716424 11.71102683587692 11.751774278056113 12.142096732926298 12.23557058286898 12.262635026689267 12.720435484919301 12.761507001226326 12.772758881975014 13.175382158025842 13.19549253497181 13.218999827020447 13.734637142591556 
-2 -3 0 0.39886709803896037 1.6869809780436062 1.7237146208659924 1.7277626673617026 1.9160774218786336 2.1881927925016753 2.235819620030213 2.5455155593376366 2.7385614969671437 2.9440895840913934 3.0814615028697863 3.355323471826516 3.434736188378982 3.5745594764165047 3.888033099851341 4.000000000000005 4.007095917356497 4.04278275447038 4.403960048887642 4.413533212874819 4.516049635632063 4.61376075390715 4.789381922801218 4.856945039667218 5.210338798731693 5.298437881283577 5.298437881283584 5.579311940638411 5.6267470748820205 6.0862882622148105 6.279246735338103 6.378287732446659 6.765746792548492 6.904069550119459 7.049120878656968 7.13703764884875 7.345040017432408 7.485490611724337 7.6303501521296475 7.819802123207018 8.161846131249593 8.305653143306818 8.591673981219788 8.627434135182293 8.746928743237333 8.784517764447571 8.997110088983282 9.070354763568565 9.096542038576883 9.19210105167521 9.301472334812502 9.848706607496334 9.999999999999996 10.0 10.000000000000002 10.000000000000004 10.000000000000005 10.920885515960116 10.974314145738067 11.012370975717346 11.095038421629907 11.19041596354559 11.341568659121947 11.678665864407133 11.701562118716417 11.701562118716424 11.71102683587692 11.751774278056113 12.142096732926298 12.23557058286898 12.262635026689267 12.720435484919301 12.761507001226326 12.772758881975014 13.175382158025842 13.19549253497181 13.218999827020447 13.734637142591556 
-2 -4 0 0.28603526779070143 0.5608601907379551 0.9818586049485098 1.5691095116203808 1.7705260868342234 2.2224478788984765 2.3761197489552037 2.592029377124289 2.755276133485082 2.9867030725926025 3.600785162109243 3.7250827823646238 3.7250827823646273 3.72642436139561 3.742171430863428 3.77597839243367 4.157056442513 4.199631374235024 4.999999999999993 4.9999999999999964 4.999999999999999 5.0 5.000000000000001 5.000000000000001 5.245068545967029 5.515197900141625 5.621681200354381 5.697936182367603 5.71136410388349 5.9381815796001005 6.530256463902948 6.87814309473048 7.201948434770558 7.878954205800586 8.185183096354775 8.282210121783384 8.2894874918882 9.360396115599977 9.420729341118792 9.879767450644126 9.999999999999995 10.0 10.245550471369475 11.274917217635378 11.274917217635378 11.306236609635828 11.751089885277837 11.757604668271384 
-2 -5 0 0.28603526779070143 0.5608601907379551 0.9818586049485098 1.5691095116203808 1.7705260868342234 2.2224478788984765 2.3761197489552037 2.592029377124289 2.755276133485082 2.9867030725926025 3.600785162109243 3.7250827823646238 3.7250827823646273 3.72642436139561 3.742171430863428 3.77597839243367 4.157056442513 4.199631374235024 4.999999999999993 4.9999999999999964 4.999999999999999 5.0 5.000000000000001 5.000000000000001 5.245068545967029 5.515197900141625 5.621681200354381 5.697936182367603 5.71136410388349 5.9381815796001005 6.530256463902948 6.87814309473048 7.201948434770558 7.878954205800586 8.185183096354775 8.282210121783384 8.2894874918882 9.360396115599977 9.420729341118792 9.879767450644126 9.999999999999995 10.0 10.245550471369475 11.274917217635378 11.274917217635378 11.306236609635828 11.751089885277837 11.757604668271384 
-2 -6 0 0.4103357165539472 2.999999999999997 2.999999999999999 3.0 3.0 3.0000000000000004 3.0000000000000018 3.7125899009849794 7.877074382461076 
-1 -6 0 3.0 3.0 
-2 -7 0 0.4103357165539472 2.999999999999997 2.999999999999999 3.0 3.0 3.0000000000000004 3.0000000000000018 3.7125899009849794 7.877074382461076 
-1 -7 0 3.0 3.0 
-3 2 0 6.0 
-3 1 0 6.0 
-3 0 0 3.17157287525381 4.897224950903356 5.267949192431123 6.853634510967091 7.999999999999999 8.732050807568877 8.828427124746188 9.999999999999996 10.0 10.0 10.249140538129547 
-3 -1 0 3.17157287525381 4.897224950903356 5.267949192431123 6.853634510967091 7.999999999999999 8.732050807568877 8.828427124746188 9.999999999999996 10.0 10.0 10.249140538129547 
-3 -2 0 1.727762667361707 2.1881927925016793 3.574559476416502 3.888033099851343 3.9999999999999982 4.000000000000003 4.613760753907155 5.298437881283574 5.298437881283581 5.579311940638414 6.279246735338104 6.378287732446659 8.0 8.000000000000002 8.627434135182288 8.784517764447582 9.096542038576876 9.999999999999993 9.999999999999998 10.0 10.000000000000005 11.000000000000002 11.012370975717344 11.701562118716422 11.70156211871643 11.751774278056116 12.23557058286898 12.262635026689269 
-3 -3 0 1.727762667361707 2.1881927925016793 3.574559476416502 3.888033099851343 3.9999999999999982 4.000000000000003 4.613760753907155 5.298437881283574 5.298437881283581 5.579311940638414 6.279246735338104 6.378287732446659 8.0 8.000000000000002 8.627434135182288 8.784517764447582 9.096542038576876 9.999999999999993 9.999999999999998 10.0 10.000000000000005 11.000000000000002 11.012370975717344 11.701562118716422 11.70156211871643 11.751774278056116 12.23557058286898 12.262635026689269 
-3 -4 0 0.5608601907379603 1.7705260868342128 2.222447878898479 2.2279981273412344 2.592029377124285 3.7250827823646273 3.7250827823646286 3.775978392433667 3.9999999999999973 4.000000000000002 4.157056442513003 4.199631374235018 5.0 5.000000000000002 5.000000000000006 5.62168120035438 6.878143094730473 7.878954205800594 8.282210121783386 8.999999999999996 9.000000000000004 10.245550471369478 10.772001872658768 11.274917217635368 11.274917217635382 11.306236609635809 11.751089885277855 11.757604668271382 
-3 -5 0 0.5608601907379603 1.7705260868342128 2.222447878898479 2.2279981273412344 2.592029377124285 3.7250827823646273 3.7250827823646286 3.775978392433667 3.9999999999999973 4.000000000000002 4.157056442513003 4.199631374235018 5.0 5.000000000000002 5.000000000000006 5.62168120035438 6.878143094730473 7.878954205800594 8.282210121783386 8.999999999999996 9.000000000000004 10.245550471369478 10.772001872658768 11.274917217635368 11.274917217635382 11.306236609635809 11.751089885277855 11.757604668271382 
-3 -6 0 0.4103357165539452 1.227998127341232 2.999999999999996 2.999999999999997 2.999999999999999 2.9999999999999996 3.0000000000000004 3.0000000000000018 3.7125899009849768 7.877074382461071 9.772001872658764 
-3 -7 0 0.4103357165539452 1.227998127341232 2.999999999999996 2.999999999999997 2.999999999999999 2.9999999999999996 3.0000000000000004 3.0000000000000018 3.7125899009849768 7.877074382461071 9.772001872658764 
-4 0 0 8.0 
-4 -1 0 8.0 
-4 -2 0 3.9999999999999987 7.999999999999997 8.0 10.999999999999998 
-4 -3 0 3.9999999999999987 7.999999999999997 8.0 10.999999999999998 
-4 -4 0 2.227998127341234 3.9999999999999973 4.0000000000000036 9.0 9.000000000000002 10.772001872658764 
-4 -5 0 2.227998127341234 3.9999999999999973 4.0000000000000036 9.0 9.000000000000002 10.772001872658764 
-4 -6 0 1.2279981273412344 2.9999999999999982 3.0 9.772001872658766 
-4 -7 0 1.2279981273412344 2.9999999999999982 3.0 9.772001872658766 
-4 -8 0 1.0 
-3 -8 0 1.0 
-4 -9 0 1.0 
-3 -9 0 1.0 
