1 1 0 0.48586307066470896 2.428006731683798 3.999999999999999 3.9999999999999996 5.086130197651497 6.0 
2 1 0 6.0 
1 0 0 0.48586307066470896 2.428006731683798 3.999999999999999 3.9999999999999996 5.086130197651497 6.0 
2 0 0 6.0 
1 -1 0 1.2118308535442504 2.3641357745029854 3.0616725055581253 4.752388585045241 4.999999999999999 5.632204012263379 10.151614914717708 10.42987112987255 10.651914274723648 10.9799731922964 11.764394757475683 11.999999999999998 
2 -1 0 12.0 
1 -2 0 1.2118308535442504 2.3641357745029854 3.0616725055581253 4.752388585045241 4.999999999999999 5.632204012263379 10.151614914717708 10.42987112987255 10.651914274723648 10.9799731922964 11.764394757475683 11.999999999999998 
2 -2 0 12.0 
0 1 0 0.48586307066470996 2.428006731683797 3.999999999999999 3.9999999999999996 4.0 4.0 4.000000000000004 5.086130197651495 
0 0 0 0.48586307066470996 2.428006731683797 3.999999999999999 3.9999999999999996 4.0 4.0 4.000000000000004 5.086130197651495 
0 -1 1 2.267181046536228e-16 1.2118308535442495 1.7939231537111275 2.0010381471330225 2.3641357745029863 2.560994579758188 3.061672505558127 3.6857941161006904 4.042994709512273 4.467768729953152 4.752388585045243 4.777296736627033 4.809870696929354 4.999999999999997 5.000000000000001 5.6322040122633865 6.435717549265734 6.509427796133078 7.2360936519279715 8.13905892830432 8.37225452676364 8.777648902968389 9.009626007000769 9.187510371825143 9.419647110716266 9.773334285369843 10.151614914717706 10.429871129872549 10.651914274723662 10.979973192296402 11.764394757475682 
0 -2 1 2.267181046536228e-16 1.2118308535442495 1.7939231537111275 2.0010381471330225 2.3641357745029863 2.560994579758188 3.061672505558127 3.6857941161006904 4.042994709512273 4.467768729953152 4.752388585045243 4.777296736627033 4.809870696929354 4.999999999999997 5.000000000000001 5.6322040122633865 6.435717549265734 6.509427796133078 7.2360936519279715 8.13905892830432 8.37225452676364 8.777648902968389 9.009626007000769 9.187510371825143 9.419647110716266 9.773334285369843 10.151614914717706 10.429871129872549 10.651914274723662 10.979973192296402 11.764394757475682 
0 -3 1 -3.7434360252497635e-15 1.474186200591324 2.4654474599649157 2.5063459482864077 2.75794497143113 3.241582623328266 3.6330901548782912 3.8045111239782696 4.620796095027395 4.834507209089768 5.654112963606456 6.220006867745148 6.933014154943094 6.995946333992783 7.0790190945296905 7.211652985243888 7.360633158805742 8.312824126529842 8.999999999999998 9.000000000000004 9.590295718559345 9.800197072310016 9.820196766378015 9.890892878832508 10.425709059527389 10.844886490765656 11.431834536564104 11.43389569017861 11.656470314911967 11.999999999999996 12.000000000000007 
1 -3 0 2.506345948286407 7.360633158805742 8.312824126529833 8.999999999999996 8.999999999999998 9.820196766378007 
0 -4 1 -3.7434360252497635e-15 1.474186200591324 2.4654474599649157 2.5063459482864077 2.75794497143113 3.241582623328266 3.6330901548782912 3.8045111239782696 4.620796095027395 4.834507209089768 5.654112963606456 6.220006867745148 6.933014154943094 6.995946333992783 7.0790190945296905 7.211652985243888 7.360633158805742 8.312824126529842 8.999999999999998 9.000000000000004 9.590295718559345 9.800197072310016 9.820196766378015 9.890892878832508 10.425709059527389 10.844886490765656 11.431834536564104 11.43389569017861 11.656470314911967 11.999999999999996 12.000000000000007 
1 -4 0 2.506345948286407 7.360633158805742 8.312824126529833 8.999999999999996 8.999999999999998 9.820196766378007 
-1 1 0 4.0 4.0 4.0 4.0 
-1 0 0 4.0 4.0 4.0 4.0 
-1 -1 0 1.7939231537111349 2.00103814713302 2.1537492012955735 2.560994579758194 3.3749781286906035 3.5857864376269037 3.585786437626906 3.685794116100693 4.042994709512274 4.467768729953154 4.55898416809238 4.777296736627038 4.794912296467473 4.809870696929359 5.0 6.4142135623730905 6.414213562373096 6.435717549265731 6.507596043466188 6.509427796133076 6.999999999999998 7.20487027585775 7.236093651927975 7.768940070109094 8.139058928304316 8.372254526763639 8.635969816020943 8.777648902968387 9.009626007000769 9.187510371825145 9.419647110716259 9.77333428536984 
-1 -2 0 1.7939231537111349 2.00103814713302 2.1537492012955735 2.560994579758194 3.3749781286906035 3.5857864376269037 3.585786437626906 3.685794116100693 4.042994709512274 4.467768729953154 4.55898416809238 4.777296736627038 4.794912296467473 4.809870696929359 5.0 6.4142135623730905 6.414213562373096 6.435717549265731 6.507596043466188 6.509427796133076 6.999999999999998 7.20487027585775 7.236093651927975 7.768940070109094 8.139058928304316 8.372254526763639 8.635969816020943 8.777648902968387 9.009626007000769 9.187510371825145 9.419647110716259 9.77333428536984 
-1 -3 0 0.5615027444755601 1.1293708956416122 1.4741862005913111 1.8372588137614188 2.465447459964914 2.515490715457248 2.7579449714311366 2.9244206285443712 3.064233406783239 3.241582623328266 3.2838033659654497 3.6330901548782952 3.651742649273817 3.8045111239782727 3.9335889377322335 4.243490782689542 4.474191358211161 4.620796095027397 4.816605871780926 4.834507209089767 5.334031060581107 5.5962227504476365 5.654112963606455 5.931982144523649 6.220006867745142 6.570934855214282 6.780613212448018 6.9330141549431 6.952786309626249 6.995946333992786 7.0790190945296905 7.150043064477162 7.211652985243891 7.384196037089288 7.443232391803891 7.81728102048348 9.328152262373466 9.590295718559346 9.800197072310022 9.858612712712041 9.869210882786902 9.890892878832508 10.041045161260746 10.377372186293881 10.425709059527383 10.494127120361805 10.645945546765882 10.844886490765651 10.959289016170278 11.02922209426365 11.43183453656411 11.433895690178625 11.656470314911969 11.999999999999995 12.0 12.000000000000004 
-1 -4 0 0.5615027444755601 1.1293708956416122 1.4741862005913111 1.8372588137614188 2.465447459964914 2.515490715457248 2.7579449714311366 2.9244206285443712 3.064233406783239 3.241582623328266 3.2838033659654497 3.6330901548782952 3.651742649273817 3.8045111239782727 3.9335889377322335 4.243490782689542 4.474191358211161 4.620796095027397 4.816605871780926 4.834507209089767 5.334031060581107 5.5962227504476365 5.654112963606455 5.931982144523649 6.220006867745142 6.570934855214282 6.780613212448018 6.9330141549431 6.952786309626249 6.995946333992786 7.0790190945296905 7.150043064477162 7.211652985243891 7.384196037089288 7.443232391803891 7.81728102048348 9.328152262373466 9.590295718559346 9.800197072310022 9.858612712712041 9.869210882786902 9.890892878832508 10.041045161260746 10.377372186293881 10.425709059527383 10.494127120361805 10.645945546765882 10.844886490765651 10.959289016170278 11.02922209426365 11.43183453656411 11.433895690178625 11.656470314911969 11.999999999999995 12.0 12.000000000000004 
-1 -5 0 0.9930919756507509 1.4844743930636162 1.8459146295325477 2.471518797338118 2.919035339951734 2.9373230823171337 3.6107830059739903 3.67249028855811 3.7218298344601304 4.073148994857086 4.316926447920039 4.528033485521236 4.558427371040623 5.119528811327005 5.390810216062656 5.4777754472246265 6.126043685921217 6.173317172223243 6.270592862092488 6.6925594575778184 7.000000000000002 7.359040322582829 8.0 8.349274693596154 8.412616251909386 8.7766758201368 9.335643535422324 9.428228967953382 9.453603302783378 9.747071496724677 9.754220310276924 10.0 
0 -5 0 1.8459146295325473 3.6724902885581088 4.5584273710406205 5.390810216062651 6.173317172223242 7.000000000000002 7.3590403225828265 8.0 
-1 -6 0 0.9930919756507509 1.4844743930636162 1.8459146295325477 2.471518797338118 2.919035339951734 2.9373230823171337 3.6107830059739903 3.67249028855811 3.7218298344601304 4.073148994857086 4.316926447920039 4.528033485521236 4.558427371040623 5.119528811327005 5.390810216062656 5.4777754472246265 6.126043685921217 6.173317172223243 6.270592862092488 6.6925594575778184 7.000000000000002 7.359040322582829 8.0 8.349274693596154 8.412616251909386 8.7766758201368 9.335643535422324 9.428228967953382 9.453603302783378 9.747071496724677 9.754220310276924 10.0 
0 -6 0 1.8459146295325473 3.6724902885581088 4.5584273710406205 5.390810216062651 6.173317172223242 7.000000000000002 7.3590403225828265 8.0 
-2 1 0 4.0 
-2 0 0 4.0 
-2 -1 0 2.1537492012955726 3.374978128690602 3.585786437626901 3.585786437626905 3.5857864376269055 4.558984168092378 4.7949122964674675 6.414213562373094 6.414213562373096 6.414213562373098 6.507596043466195 6.999999999999998 6.999999999999999 7.204870275857748 7.7689400701091 8.63596981602094 
-2 -2 0 2.1537492012955726 3.374978128690602 3.585786437626901 3.585786437626905 3.5857864376269055 4.558984168092378 4.7949122964674675 6.414213562373094 6.414213562373096 6.414213562373098 6.507596043466195 6.999999999999998 6.999999999999999 7.204870275857748 7.7689400701091 8.63596981602094 
-2 -3 0 0.5615027444755597 1.129370895641604 1.8372588137614199 2.035622240556877 2.5154907154572452 2.536867818725417 2.924420628544372 3.06423340678324 3.2838033659654515 3.4069681260952827 3.651742649273818 3.933588937732229 4.10510905072459 4.24349078268954 4.474191358211157 4.7805593404952464 4.816605871780922 5.334031060581106 5.522198358902558 5.596222750447635 5.93198214452365 6.324096751068674 6.57093485521428 6.780613212448024 6.952786309626242 7.0369399584749175 7.150043064477161 7.384196037089291 7.4340948548023 7.44323239180389 7.817281020483479 8.999999999999991 9.059208329722127 9.328152262373468 9.452056419087466 9.483649581070365 9.822629170274167 9.858612712712038 9.869210882786902 10.041045161260763 10.37737218629388 10.494127120361803 10.645945546765892 10.959289016170267 11.029222094263654 12.000000000000004 
-2 -4 0 0.5615027444755597 1.129370895641604 1.8372588137614199 2.035622240556877 2.5154907154572452 2.536867818725417 2.924420628544372 3.06423340678324 3.2838033659654515 3.4069681260952827 3.651742649273818 3.933588937732229 4.10510905072459 4.24349078268954 4.474191358211157 4.7805593404952464 4.816605871780922 5.334031060581106 5.522198358902558 5.596222750447635 5.93198214452365 6.324096751068674 6.57093485521428 6.780613212448024 6.952786309626242 7.0369399584749175 7.150043064477161 7.384196037089291 7.4340948548023 7.44323239180389 7.817281020483479 8.999999999999991 9.059208329722127 9.328152262373468 9.452056419087466 9.483649581070365 9.822629170274167 9.858612712712038 9.869210882786902 10.041045161260763 10.37737218629388 10.494127120361803 10.645945546765892 10.959289016170267 11.029222094263654 12.000000000000004 
-2 -5 1 1.0710972280187554e-15 0.9929815098169488 0.9930919756507474 1.324862409749769 1.48447439306361 1.8692725829506525 2.2484257388616524 2.471518797338115 2.8533144599788796 2.91903533995173 2.9373230823171284 3.4540419270747966 3.6107830059739903 3.7218298344601277 3.7799658492475925 4.0731489948570845 4.3169264479200375 4.4544794358545925 4.528033485521237 4.7652778176247645 5.11435525574205 5.119528811327004 5.477775447224622 5.605865016723574 6.094813868092354 6.126043685921219 6.261813986355481 6.2705928620924825 6.692559457577816 6.867895442580664 7.238643280323806 7.555728341935285 8.349274693596152 8.412616251909387 8.776675820136804 9.335643535422319 9.428228967953382 9.444559372212613 9.453603302783382 9.74707149672468 9.754220310276917 9.863093853462333 9.969602299735675 9.999999999999998 11.117342538046756 11.123665013629742 
-2 -6 1 1.0710972280187554e-15 0.9929815098169488 0.9930919756507474 1.324862409749769 1.48447439306361 1.8692725829506525 2.2484257388616524 2.471518797338115 2.8533144599788796 2.91903533995173 2.9373230823171284 3.4540419270747966 3.6107830059739903 3.7218298344601277 3.7799658492475925 4.0731489948570845 4.3169264479200375 4.4544794358545925 4.528033485521237 4.7652778176247645 5.11435525574205 5.119528811327004 5.477775447224622 5.605865016723574 6.094813868092354 6.126043685921219 6.261813986355481 6.2705928620924825 6.692559457577816 6.867895442580664 7.238643280323806 7.555728341935285 8.349274693596152 8.412616251909387 8.776675820136804 9.335643535422319 9.428228967953382 9.444559372212613 9.453603302783382 9.74707149672468 9.754220310276917 9.863093853462333 9.969602299735675 9.999999999999998 11.117342538046756 11.123665013629742 
-2 -7 0 0.3090542351281195 0.7206792034499572 1.1893533035301957 2.008703672538448 2.3819660112501047 2.9898936907140135 3.223634909511706 3.3819660112501038 3.9303668654647166 4.348650245637139 4.618033988749894 4.807120367643318 5.618033988749894 6.622548835224584 7.329876090564034 7.520118580593762 
-1 -7 0 2.3819660112501047 3.3819660112501055 4.618033988749896 5.618033988749896 
-2 -8 0 0.3090542351281195 0.7206792034499572 1.1893533035301957 2.008703672538448 2.3819660112501047 2.9898936907140135 3.223634909511706 3.3819660112501038 3.9303668654647166 4.348650245637139 4.618033988749894 4.807120367643318 5.618033988749894 6.622548835224584 7.329876090564034 7.520118580593762 
-1 -8 0 2.3819660112501047 3.3819660112501055 4.618033988749896 5.618033988749896 
-3 -1 0 3.5857864376269024 6.414213562373097 6.999999999999997 
-3 -2 0 3.5857864376269024 6.414213562373097 6.999999999999997 
-3 -3 0 2.035622240556875 2.5368678187254137 3.4069681260952835 4.105109050724591 4.7805593404952464 5.522198358902554 6.324096751068679 7.036939958474922 7.434094854802295 8.999999999999998 9.000000000000002 9.059208329722134 9.452056419087466 9.483649581070367 9.82262917027417 
-3 -4 0 2.035622240556875 2.5368678187254137 3.4069681260952835 4.105109050724591 4.7805593404952464 5.522198358902554 6.324096751068679 7.036939958474922 7.434094854802295 8.999999999999998 9.000000000000002 9.059208329722134 9.452056419087466 9.483649581070367 9.82262917027417 
-3 -5 0 0.9929815098169488 1.3248624097497619 1.8692725829506516 2.2484257388616524 2.85331445997888 3.454041927074799 3.7799658492475947 4.454479435854593 4.765277817624766 5.114355255742049 5.550510257216823 5.60586501672358 6.09481386809236 6.261813986355488 6.86789544258067 7.238643280323807 7.5557283419352865 8.0 9.444559372212618 9.863093853462335 9.96960229973568 10.449489742783177 11.117342538046756 11.123665013629754 
-3 -6 0 0.9929815098169488 1.3248624097497619 1.8692725829506516 2.2484257388616524 2.85331445997888 3.454041927074799 3.7799658492475947 4.454479435854593 4.765277817624766 5.114355255742049 5.550510257216823 5.60586501672358 6.09481386809236 6.261813986355488 6.86789544258067 7.238643280323807 7.5557283419352865 8.0 9.444559372212618 9.863093853462335 9.96960229973568 10.449489742783177 11.117342538046756 11.123665013629754 
-3 -7 0 0.30905423512812125 0.7206792034499593 1.189353303530195 2.008703672538448 2.9898936907140152 3.22363490951171 3.93036686546472 3.9999999999999996 4.348650245637141 4.807120367643324 5.267949192431126 6.622548835224587 7.32987609056403 7.520118580593761 8.732050807568884 
-3 -8 0 0.30905423512812125 0.7206792034499593 1.189353303530195 2.008703672538448 2.9898936907140152 3.22363490951171 3.93036686546472 3.9999999999999996 4.348650245637141 4.807120367643324 5.267949192431126 6.622548835224587 7.32987609056403 7.520118580593761 8.732050807568884 
-3 -9 1 -3.924811864397526e-17 2.0 3.0 
-2 -9 0 2.0 
-3 -10 1 -3.924811864397526e-17 2.0 3.0 
-2 -10 0 2.0 
-4 -3 0 9.0 
-4 -4 0 9.0 
-4 -5 0 5.55051025721682 7.999999999999999 10.449489742783175 
-4 -6 0 5.55051025721682 7.999999999999999 10.449489742783175 
-4 -7 0 4.0 5.26794919243112 8.732050807568877 
-4 -8 0 4.0 5.26794919243112 8.732050807568877 
-4 -9 0 3.0 
-4 -10 0 3.0 
