2 6 0 2.0 2.0 
3 6 0 2.0 
2 5 0 2.0 2.0 
3 5 0 2.0 
2 4 0 1.467485783887227 2.8768943743823385 2.881854693013777 3.45989720170667 5.9999999999999964 6.200434743736257 6.6485822899440326 8.144845996890634 9.196899290821403 11.123105625617653 
3 4 0 2.87689437438234 11.123105625617661 
2 3 0 1.467485783887227 2.8768943743823385 2.881854693013777 3.45989720170667 5.9999999999999964 6.200434743736257 6.6485822899440326 8.144845996890634 9.196899290821403 11.123105625617653 
3 3 0 2.87689437438234 11.123105625617661 
2 2 0 1.973103279847243 3.368862340707749 5.611286678348738 6.308844094276744 7.999999999999998 9.9003074921014 10.83759611471814 11.999999999999996 11.999999999999998 12.0 
3 2 0 8.0 
2 1 0 1.973103279847243 3.368862340707749 5.611286678348738 6.308844094276744 7.999999999999998 9.9003074921014 10.83759611471814 11.999999999999996 11.999999999999998 12.0 
3 1 0 8.0 
1 6 0 2.0 
1 5 0 2.0 
1 4 0 0.7879554137748309 1.4674857838872244 2.411796071774695 2.585786437626906 2.88185469301378 3.459897201706671 3.470578717128965 4.0 4.568324364009178 5.414213562373097 5.999999999999998 6.0 6.187654758730959 6.200434743736259 6.648582289944036 7.573690674581364 8.14484599689063 9.196899290821401 
1 3 0 0.7879554137748309 1.4674857838872244 2.411796071774695 2.585786437626906 2.88185469301378 3.459897201706671 3.470578717128965 4.0 4.568324364009178 5.414213562373097 5.999999999999998 6.0 6.187654758730959 6.200434743736259 6.648582289944036 7.573690674581364 8.14484599689063 9.196899290821401 
1 2 0 0.6265932795832668 1.0951225623306378 1.9731032798472443 2.1560643602621212 2.575630444802213 2.9386253530864113 3.1943597504481374 3.3688623407077434 3.3817922222281496 3.92815157171619 4.689314630883519 4.907150180945341 5.4537328190007655 5.61128667834875 5.710620953517289 6.068987446398739 6.308844094276751 6.61596708610369 6.901211936411439 9.51080586864916 9.900307492101401 10.09911534796943 10.278792098284555 10.361273681131266 10.627635222266658 10.747772234265716 10.837596114718142 10.873049660307197 10.946055844381128 11.458292821892208 11.853882623134753 11.999999999999993 12.0 12.0 
1 1 0 0.6265932795832668 1.0951225623306378 1.9731032798472443 2.1560643602621212 2.575630444802213 2.9386253530864113 3.1943597504481374 3.3688623407077434 3.3817922222281496 3.92815157171619 4.689314630883519 4.907150180945341 5.4537328190007655 5.61128667834875 5.710620953517289 6.068987446398739 6.308844094276751 6.61596708610369 6.901211936411439 9.51080586864916 9.900307492101401 10.09911534796943 10.278792098284555 10.361273681131266 10.627635222266658 10.747772234265716 10.837596114718142 10.873049660307197 10.946055844381128 11.458292821892208 11.853882623134753 11.999999999999993 12.0 12.0 
1 0 0 1.140361330344054 2.3841712996643114 2.9202030347635533 3.233564516147293 4.326911362263152 4.999999999999995 5.148013589419544 6.999999999999998 7.207743290408877 7.315550020059599 8.2828238633088 8.735893192888447 8.98575386039517 8.999999999999996 9.0 9.483611620543908 9.83539901979328 10.000000000000004 
2 0 0 4.999999999999999 7.0 
1 -1 0 1.140361330344054 2.3841712996643114 2.9202030347635533 3.233564516147293 4.326911362263152 4.999999999999995 5.148013589419544 6.999999999999998 7.207743290408877 7.315550020059599 8.2828238633088 8.735893192888447 8.98575386039517 8.999999999999996 9.0 9.483611620543908 9.83539901979328 10.000000000000004 
2 -1 0 4.999999999999999 7.0 
0 4 0 0.787955413774833 2.411796071774694 2.5857864376269046 2.585786437626905 3.4705787171289653 3.9999999999999987 4.0 4.5683243640091815 5.414213562373096 5.4142135623730985 6.000000000000001 6.187654758730964 7.57369067458137 
0 3 0 0.787955413774833 2.411796071774694 2.5857864376269046 2.585786437626905 3.4705787171289653 3.9999999999999987 4.0 4.5683243640091815 5.414213562373096 5.4142135623730985 6.000000000000001 6.187654758730964 7.57369067458137 
0 2 1 5.541790421479636e-15 0.6265932795832682 1.0079066715746046 1.0951225623306422 1.9051038338463906 2.1560643602621195 2.159454644469286 2.5756304448022154 2.9382705849733575 2.938625353086409 3.054282721883852 3.1943597504481325 3.381792222228152 3.559328437287662 3.9281515717161923 3.952313029112143 4.20088529308396 4.68931463088352 4.813938896535719 4.907150180945346 5.453732819000763 5.710620953517286 5.868820378117729 6.068987446398738 6.61596708610369 6.901211936411438 7.67932151559341 8.062251029116602 8.477930724423743 8.994686265267305 8.999999999999986 9.000000000000005 9.285135295182256 9.431711239595638 9.51080586864916 9.765281299460133 9.843378140476196 10.099115347969425 10.278792098284558 10.361273681131257 10.627635222266662 10.74777223426572 10.873049660307197 10.94605584438113 11.458292821892218 11.853882623134762 
0 1 1 5.541790421479636e-15 0.6265932795832682 1.0079066715746046 1.0951225623306422 1.9051038338463906 2.1560643602621195 2.159454644469286 2.5756304448022154 2.9382705849733575 2.938625353086409 3.054282721883852 3.1943597504481325 3.381792222228152 3.559328437287662 3.9281515717161923 3.952313029112143 4.20088529308396 4.68931463088352 4.813938896535719 4.907150180945346 5.453732819000763 5.710620953517286 5.868820378117729 6.068987446398738 6.61596708610369 6.901211936411438 7.67932151559341 8.062251029116602 8.477930724423743 8.994686265267305 8.999999999999986 9.000000000000005 9.285135295182256 9.431711239595638 9.51080586864916 9.765281299460133 9.843378140476196 10.099115347969425 10.278792098284558 10.361273681131257 10.627635222266662 10.74777223426572 10.873049660307197 10.94605584438113 11.458292821892218 11.853882623134762 
0 0 1 -4.1129437822620155e-15 0.3995514691361778 1.0460560966043757 1.1403613303440543 1.3736934413317932 2.042977014168289 2.241656598178793 2.325758580620687 2.384171299664311 2.9202030347635497 3.1199286229754515 3.233564516147295 3.3149096171063714 3.470446651509557 3.6620309965583866 4.296288245132635 4.3269113622631465 4.910556897353106 5.1480135894195485 5.240148251742595 5.557858098912789 6.076482636840482 6.543085916124314 6.659832843912847 6.897046700797765 7.207743290408876 7.315550020059596 7.487943485966348 8.282823863308801 8.73589319288845 8.985753860395176 8.999999999999993 8.999999999999995 9.429366797260066 9.483611620543906 9.5789467504384 9.835399019793282 9.87843465991293 9.999999999999998 10.389858148298462 10.6451337397275 10.930995500251784 11.0377944003311 11.290661336531562 11.368607491106232 11.78394901116915 
0 -1 1 -4.1129437822620155e-15 0.3995514691361778 1.0460560966043757 1.1403613303440543 1.3736934413317932 2.042977014168289 2.241656598178793 2.325758580620687 2.384171299664311 2.9202030347635497 3.1199286229754515 3.233564516147295 3.3149096171063714 3.470446651509557 3.6620309965583866 4.296288245132635 4.3269113622631465 4.910556897353106 5.1480135894195485 5.240148251742595 5.557858098912789 6.076482636840482 6.543085916124314 6.659832843912847 6.897046700797765 7.207743290408876 7.315550020059596 7.487943485966348 8.282823863308801 8.73589319288845 8.985753860395176 8.999999999999993 8.999999999999995 9.429366797260066 9.483611620543906 9.5789467504384 9.835399019793282 9.87843465991293 9.999999999999998 10.389858148298462 10.6451337397275 10.930995500251784 11.0377944003311 11.290661336531562 11.368607491106232 11.78394901116915 
0 -2 0 0.26338005381768415 1.378753188822471 2.234106034121817 2.817734190307218 3.5282384799007085 3.9999999999999987 4.281927160461582 4.623938524986518 5.216337398106815 5.955033744507638 6.470525864454009 6.843423100999806 7.386602259513734 
1 -2 0 4.0 
0 -3 0 0.26338005381768415 1.378753188822471 2.234106034121817 2.817734190307218 3.5282384799007085 3.9999999999999987 4.281927160461582 4.623938524986518 5.216337398106815 5.955033744507638 6.470525864454009 6.843423100999806 7.386602259513734 
1 -3 0 4.0 
-1 4 0 2.585786437626904 4.0 5.414213562373094 
-1 3 0 2.585786437626904 4.0 5.414213562373094 
-1 2 0 1.0079066715746003 1.9051038338463875 2.159454644469285 2.938270584973359 3.0542827218838524 3.438447187191168 3.559328437287661 3.952313029112144 4.200885293083962 4.813938896535715 5.868820378117729 7.000000000000001 7.561552812808831 7.679321515593415 7.999999999999997 8.062251029116599 8.477930724423752 8.994686265267303 8.999999999999991 9.000000000000002 9.285135295182252 9.431711239595638 9.765281299460135 9.84337814047619 
-1 1 0 1.0079066715746003 1.9051038338463875 2.159454644469285 2.938270584973359 3.0542827218838524 3.438447187191168 3.559328437287661 3.952313029112144 4.200885293083962 4.813938896535715 5.868820378117729 7.000000000000001 7.561552812808831 7.679321515593415 7.999999999999997 8.062251029116599 8.477930724423752 8.994686265267303 8.999999999999991 9.000000000000002 9.285135295182252 9.431711239595638 9.765281299460135 9.84337814047619 
-1 0 0 0.3995514691361801 1.0460560966043793 1.3736934413317972 1.4994643351027324 2.042977014168291 2.2416565981788006 2.3257585806206893 2.4383299512207284 3.1199286229754537 3.2433799770070344 3.314909617106376 3.4704466515095556 3.662030996558387 4.136354204005032 4.2962882451326365 4.910556897353106 5.240148251742596 5.485079200358833 5.557858098912798 6.076482636840485 6.543085916124316 6.6598328439128505 6.897046700797768 7.000000000000005 7.090225104347278 7.487943485966354 7.8443939527664055 9.429366797260064 9.578946750438401 9.653314342519101 9.878434659912932 9.911844905387658 10.368735577653714 10.389858148298472 10.6451337397275 10.930995500251784 11.0377944003311 11.290661336531574 11.3288784496315 11.36860749110624 11.783949011169154 11.999999999999986 
-1 -1 0 0.3995514691361801 1.0460560966043793 1.3736934413317972 1.4994643351027324 2.042977014168291 2.2416565981788006 2.3257585806206893 2.4383299512207284 3.1199286229754537 3.2433799770070344 3.314909617106376 3.4704466515095556 3.662030996558387 4.136354204005032 4.2962882451326365 4.910556897353106 5.240148251742596 5.485079200358833 5.557858098912798 6.076482636840485 6.543085916124316 6.6598328439128505 6.897046700797768 7.000000000000005 7.090225104347278 7.487943485966354 7.8443939527664055 9.429366797260064 9.578946750438401 9.653314342519101 9.878434659912932 9.911844905387658 10.368735577653714 10.389858148298472 10.6451337397275 10.930995500251784 11.0377944003311 11.290661336531574 11.3288784496315 11.36860749110624 11.783949011169154 11.999999999999986 
-1 -2 0 0.26338005381768054 0.975081952274561 1.2909977212232029 1.3787531888224653 1.9773166313188069 2.2341060341218166 2.8177341903072195 3.3828272052924726 3.5282384799007116 3.66396062478993 3.8134774119939303 4.281927160461581 4.623938524986517 4.8222700433556955 5.216337398106815 5.9550337445076424 6.390435357317173 6.4705258644540065 6.843423100999809 7.386602259513727 7.8560835981010095 8.988457625043326 9.375055487955233 9.464036341334674 
-1 -3 0 0.26338005381768054 0.975081952274561 1.2909977212232029 1.3787531888224653 1.9773166313188069 2.2341060341218166 2.8177341903072195 3.3828272052924726 3.5282384799007116 3.66396062478993 3.8134774119939303 4.281927160461581 4.623938524986517 4.8222700433556955 5.216337398106815 5.9550337445076424 6.390435357317173 6.4705258644540065 6.843423100999809 7.386602259513727 7.8560835981010095 8.988457625043326 9.375055487955233 9.464036341334674 
-2 2 0 3.438447187191172 7.0 7.561552812808827 7.999999999999999 
-2 1 0 3.438447187191172 7.0 7.561552812808827 7.999999999999999 
-2 0 0 1.4994643351027297 2.438329951220722 3.2433799770070304 4.136354204005031 5.485079200358832 6.999999999999998 7.090225104347276 7.8443939527664055 9.653314342519103 9.911844905387658 10.000000000000005 10.368735577653707 11.328878449631498 12.000000000000005 
-2 -1 0 1.4994643351027297 2.438329951220722 3.2433799770070304 4.136354204005031 5.485079200358832 6.999999999999998 7.090225104347276 7.8443939527664055 9.653314342519103 9.911844905387658 10.000000000000005 10.368735577653707 11.328878449631498 12.000000000000005 
-2 -2 0 0.9750819522745597 1.2909977212232013 1.9773166313188044 3.3828272052924717 3.663960624789931 3.8134774119939303 4.822270043355698 5.171572875253813 6.3904353573171795 7.856083598101003 8.98845762504333 9.375055487955224 9.464036341334674 10.828427124746183 
-2 -3 0 0.9750819522745597 1.2909977212232013 1.9773166313188044 3.3828272052924717 3.663960624789931 3.8134774119939303 4.822270043355698 5.171572875253813 6.3904353573171795 7.856083598101003 8.98845762504333 9.375055487955224 9.464036341334674 10.828427124746183 
-2 -4 0 0.5857864376269059 1.9999999999999991 3.4142135623730954 4.0 
-1 -4 0 0.5857864376269042 2.0 3.414213562373095 
-2 -5 0 0.5857864376269059 1.9999999999999991 3.4142135623730954 4.0 
-1 -5 0 0.5857864376269042 2.0 3.414213562373095 
-3 0 0 10.0 
-3 -1 0 10.0 
-3 -2 0 5.171572875253809 10.82842712474619 
-3 -3 0 5.171572875253809 10.82842712474619 
-3 -4 0 4.0 
-3 -5 0 4.0 
