1 3 0 0.9999999999999997 1.4384471871911682 2.0 5.561552812808831 
2 3 0 1.0 1.4384471871911695 5.561552812808829 
1 2 0 0.9999999999999997 1.4384471871911682 2.0 5.561552812808831 
2 2 0 1.0 1.4384471871911695 5.561552812808829 
1 1 1 -1.982598310923689e-15 2.0000000000000004 2.7639320225002106 3.267949192431124 6.732050807568878 7.236067977499792 7.999999999999997 8.0 
2 1 0 1.999999999999998 3.2679491924311233 6.732050807568877 
1 0 1 -1.982598310923689e-15 2.0000000000000004 2.7639320225002106 3.267949192431124 6.732050807568878 7.236067977499792 7.999999999999997 8.0 
2 0 0 1.999999999999998 3.2679491924311233 6.732050807568877 
1 -1 0 4.0 4.0 4.0 6.0 
2 -1 0 4.0 
1 -2 0 4.0 4.0 4.0 6.0 
2 -2 0 4.0 
0 3 0 2.0 
0 2 0 2.0 
0 1 1 -8.495808223596413e-16 2.763932022500211 4.0 4.0 5.999999999999998 7.236067977499791 8.0 8.0 
0 0 1 -8.495808223596413e-16 2.763932022500211 4.0 4.0 5.999999999999998 7.236067977499791 8.0 8.0 
0 -1 1 -1.6196489678946269e-15 2.763932022500212 3.9999999999999973 3.999999999999998 6.0000000000000036 7.236067977499791 8.0 8.0 
0 -2 1 -1.6196489678946269e-15 2.763932022500212 3.9999999999999973 3.999999999999998 6.0000000000000036 7.236067977499791 8.0 8.0 
-1 1 0 4.0 4.0 4.0 6.0 
-1 0 0 4.0 4.0 4.0 6.0 
-1 -1 1 -6.503284711469043e-16 2.0000000000000027 2.7639320225002106 3.267949192431122 6.732050807568875 7.236067977499789 7.999999999999999 8.000000000000004 
-1 -2 1 -6.503284711469043e-16 2.0000000000000027 2.7639320225002106 3.267949192431122 6.732050807568875 7.236067977499789 7.999999999999999 8.000000000000004 
-1 -3 0 0.9999999999999997 1.4384471871911682 2.0 5.561552812808831 
0 -3 0 2.0 
-1 -4 0 0.9999999999999997 1.4384471871911682 2.0 5.561552812808831 
0 -4 0 2.0 
-2 1 0 4.0 
-2 0 0 4.0 
-2 -1 0 1.999999999999998 3.2679491924311233 6.732050807568877 
-2 -2 0 1.999999999999998 3.2679491924311233 6.732050807568877 
-2 -3 0 1.0 1.4384471871911695 5.561552812808829 
-2 -4 0 1.0 1.4384471871911695 5.561552812808829 
