4 10 0 1.5857864376269044 3.0000000000000013 4.414213562373097 5.0 5.000000000000002 
5 10 0 5.0 
4 9 0 1.5857864376269044 3.0000000000000013 4.414213562373097 5.0 5.000000000000002 
5 9 0 5.0 
4 8 0 2.270483037712249 2.797713768727732 3.453799811824876 3.6513614985840617 4.8008779351915445 5.262212364430596 5.741303517258022 6.068717946529223 6.594875162046671 6.944843490024421 8.208818634382997 8.447777388638112 11.03258415539398 12.053225474146936 12.464474714107345 12.808894633793157 12.992911629254735 14.405124837953323 
5 8 0 6.594875162046673 14.405124837953327 
4 7 0 2.270483037712249 2.797713768727732 3.453799811824876 3.6513614985840617 4.8008779351915445 5.262212364430596 5.741303517258022 6.068717946529223 6.594875162046671 6.944843490024421 8.208818634382997 8.447777388638112 11.03258415539398 12.053225474146936 12.464474714107345 12.808894633793157 12.992911629254735 14.405124837953323 
5 7 0 6.594875162046673 14.405124837953327 
4 6 0 2.9412991923368965 4.285441653487035 4.7941542692996375 5.700018196639902 5.897044555307887 8.569808522349422 9.686716340784471 10.576569937754655 10.999999999999996 11.067238589572174 12.94388818124896 12.999999999999998 13.183125590315663 13.545219178513426 13.596082624634002 15.21339316775584 15.999999999999996 16.0 
5 6 0 13.0 
4 5 0 2.9412991923368965 4.285441653487035 4.7941542692996375 5.700018196639902 5.897044555307887 8.569808522349422 9.686716340784471 10.576569937754655 10.999999999999996 11.067238589572174 12.94388818124896 12.999999999999998 13.183125590315663 13.545219178513426 13.596082624634002 15.21339316775584 15.999999999999996 16.0 
5 5 0 13.0 
3 10 0 1.5857864376269037 1.5857864376269049 2.9999999999999987 2.9999999999999996 4.414213562373094 4.414213562373096 4.999999999999999 
3 9 0 1.5857864376269037 1.5857864376269049 2.9999999999999987 2.9999999999999996 4.414213562373094 4.414213562373096 4.999999999999999 
3 8 0 0.7231748655086477 1.553848030767815 1.8947364613180018 2.0525397154513225 2.2704830377122547 2.355412581799029 2.681511245899749 2.7977137687277276 3.12359933595636 3.453799811824874 3.6513614985840595 3.739567626059949 3.9907611135378973 4.036769978824726 4.227419552469781 4.721228326211459 4.800877935191542 4.813048982338894 5.206543312914235 5.262212364430592 5.433613234599274 5.498886601205989 5.741303517258021 5.888918019384769 6.010428299227821 6.068717946529224 6.141590124553808 6.368311121626449 6.398364717987006 6.944843490024427 7.0 7.585955926781381 7.716697727676426 7.973223264249494 8.208818634383004 8.25179484789465 8.447777388638114 9.266483844402721 9.644683490142292 10.188893082586132 10.452473017203198 10.708480715680244 10.880969106484779 11.032584155393987 11.470071729255686 12.053225474146931 12.464474714107356 12.808894633793164 12.992911629254747 
3 7 0 0.7231748655086477 1.553848030767815 1.8947364613180018 2.0525397154513225 2.2704830377122547 2.355412581799029 2.681511245899749 2.7977137687277276 3.12359933595636 3.453799811824874 3.6513614985840595 3.739567626059949 3.9907611135378973 4.036769978824726 4.227419552469781 4.721228326211459 4.800877935191542 4.813048982338894 5.206543312914235 5.262212364430592 5.433613234599274 5.498886601205989 5.741303517258021 5.888918019384769 6.010428299227821 6.068717946529224 6.141590124553808 6.368311121626449 6.398364717987006 6.944843490024427 7.0 7.585955926781381 7.716697727676426 7.973223264249494 8.208818634383004 8.25179484789465 8.447777388638114 9.266483844402721 9.644683490142292 10.188893082586132 10.452473017203198 10.708480715680244 10.880969106484779 11.032584155393987 11.470071729255686 12.053225474146931 12.464474714107356 12.808894633793164 12.992911629254747 
3 6 0 0.9872694772652816 1.6379863734422282 1.977242043073185 1.9975835650771503 2.4734870289710176 2.669793069792804 2.941299192336902 3.1432797309912957 3.3015979781823828 3.410046334565786 3.6896560442919144 3.7603769646931484 4.007318024808801 4.238159955995451 4.285441653487034 4.357968011920213 4.4246742206587975 4.69142085033723 4.794154269299637 4.8308482506837125 4.994479223770369 5.24150498791933 5.440746154028746 5.700018196639903 5.725616750721971 5.897044555307886 6.1469743885826755 6.331580069447891 6.391557895186073 6.704707060884586 6.897721952693392 7.036050574442629 7.1092793974003134 7.301271438052909 7.418930119647014 7.692374158889296 7.822851996370681 8.048977961703187 8.410732015549844 8.56980852234943 8.72673039843274 8.989324451643341 9.146560441583455 9.467541181563266 9.561385531916281 9.686716340784473 9.925353902731208 10.135025102615293 10.256109730021123 10.490452550142605 10.576569937754659 10.70098976666005 10.892037461939529 11.000000000000004 11.067238589572181 11.412949356557533 12.439215639840986 12.478005141424338 12.695724991706069 12.94388818124897 13.025028748369166 13.14196124294007 13.183125590315672 13.428979193826805 13.529884772537471 13.545219178513435 13.596082624634017 13.598198732626411 14.000911296152351 14.102895387923157 14.424138607971225 14.45998448874405 14.517539110531253 14.536660750410011 14.579189184656034 14.671567511118731 14.734739327861048 14.789521948546474 15.097549935523634 15.213393167755843 15.252744960270283 15.477035081172776 16.000000000000004 16.00000000000001 
3 5 0 0.9872694772652816 1.6379863734422282 1.977242043073185 1.9975835650771503 2.4734870289710176 2.669793069792804 2.941299192336902 3.1432797309912957 3.3015979781823828 3.410046334565786 3.6896560442919144 3.7603769646931484 4.007318024808801 4.238159955995451 4.285441653487034 4.357968011920213 4.4246742206587975 4.69142085033723 4.794154269299637 4.8308482506837125 4.994479223770369 5.24150498791933 5.440746154028746 5.700018196639903 5.725616750721971 5.897044555307886 6.1469743885826755 6.331580069447891 6.391557895186073 6.704707060884586 6.897721952693392 7.036050574442629 7.1092793974003134 7.301271438052909 7.418930119647014 7.692374158889296 7.822851996370681 8.048977961703187 8.410732015549844 8.56980852234943 8.72673039843274 8.989324451643341 9.146560441583455 9.467541181563266 9.561385531916281 9.686716340784473 9.925353902731208 10.135025102615293 10.256109730021123 10.490452550142605 10.576569937754659 10.70098976666005 10.892037461939529 11.000000000000004 11.067238589572181 11.412949356557533 12.439215639840986 12.478005141424338 12.695724991706069 12.94388818124897 13.025028748369166 13.14196124294007 13.183125590315672 13.428979193826805 13.529884772537471 13.545219178513435 13.596082624634017 13.598198732626411 14.000911296152351 14.102895387923157 14.424138607971225 14.45998448874405 14.517539110531253 14.536660750410011 14.579189184656034 14.671567511118731 14.734739327861048 14.789521948546474 15.097549935523634 15.213393167755843 15.252744960270283 15.477035081172776 16.000000000000004 16.00000000000001 
3 4 0 1.8586008574113349 2.2568744607572286 3.3510465301499783 3.590337085529005 4.023269661619117 4.175926404252164 4.336427091960419 4.696422338189417 5.046016212688048 5.093501063507056 5.585976689845129 5.69410247066657 5.721232691726008 5.884512913447206 6.176885027105245 7.188248491857597 7.750817975933339 8.476201256586108 8.625049345441253 8.892393897509397 9.027079015747175 9.327569145277943 9.907468845776778 9.999999999999998 10.067267056192573 10.460553114675097 10.520230518135426 10.99999999999998 11.125235340544487 11.785667011198003 11.83946519147503 11.88517485419868 11.990512092365156 12.020929427553503 12.13899908616127 12.352221488130917 12.553224430383759 12.6521498296281 12.836741782423234 12.999999999999996 13.000000000000002 13.006994468151227 13.3578882514817 13.41049938102143 13.59057673679089 13.719710466505923 13.99999999999999 13.999999999999993 14.00000000000001 
4 4 0 5.69410247066657 9.999999999999998 10.520230518135428 11.0 11.785667011197994 
3 3 0 1.8586008574113349 2.2568744607572286 3.3510465301499783 3.590337085529005 4.023269661619117 4.175926404252164 4.336427091960419 4.696422338189417 5.046016212688048 5.093501063507056 5.585976689845129 5.69410247066657 5.721232691726008 5.884512913447206 6.176885027105245 7.188248491857597 7.750817975933339 8.476201256586108 8.625049345441253 8.892393897509397 9.027079015747175 9.327569145277943 9.907468845776778 9.999999999999998 10.067267056192573 10.460553114675097 10.520230518135426 10.99999999999998 11.125235340544487 11.785667011198003 11.83946519147503 11.88517485419868 11.990512092365156 12.020929427553503 12.13899908616127 12.352221488130917 12.553224430383759 12.6521498296281 12.836741782423234 12.999999999999996 13.000000000000002 13.006994468151227 13.3578882514817 13.41049938102143 13.59057673679089 13.719710466505923 13.99999999999999 13.999999999999993 14.00000000000001 
4 3 0 5.69410247066657 9.999999999999998 10.520230518135428 11.0 11.785667011197994 
2 10 0 1.5857864376269049 3.0 4.414213562373095 
2 9 0 1.5857864376269049 3.0 4.414213562373095 
2 8 0 0.7231748655086437 1.2108055670678939 1.5538480307678149 1.7606815057314413 1.8947364613180033 2.0525397154513203 2.3554125817990283 2.437190654698197 2.6815112458997494 2.8147224287829316 3.1235993359563565 3.700486420598346 3.7395676260599475 3.9104169328557963 3.990761113537899 4.0367699788247275 4.227419552469784 4.2729687241266765 4.721228326211458 4.7640836038892695 4.813048982338898 5.000000000000001 5.000000000000005 5.206543312914239 5.218549496446705 5.433613234599274 5.489852547488317 5.4988866012059905 5.788502337873325 5.888918019384777 6.01042829922782 6.141590124553812 6.14304150658858 6.170399931232108 6.368311121626449 6.398364717987004 6.999999999999993 7.000000000000002 7.0000000000000036 7.392326979254061 7.585955926781378 7.65848661427564 7.716697727676416 7.973223264249492 8.23887983955734 8.251794847894644 8.661437094372316 9.266483844402726 9.367167815161062 9.644683490142286 10.188893082586134 10.452473017203198 10.708480715680246 10.880969106484777 11.470071729255682 
2 7 0 0.7231748655086437 1.2108055670678939 1.5538480307678149 1.7606815057314413 1.8947364613180033 2.0525397154513203 2.3554125817990283 2.437190654698197 2.6815112458997494 2.8147224287829316 3.1235993359563565 3.700486420598346 3.7395676260599475 3.9104169328557963 3.990761113537899 4.0367699788247275 4.227419552469784 4.2729687241266765 4.721228326211458 4.7640836038892695 4.813048982338898 5.000000000000001 5.000000000000005 5.206543312914239 5.218549496446705 5.433613234599274 5.489852547488317 5.4988866012059905 5.788502337873325 5.888918019384777 6.01042829922782 6.141590124553812 6.14304150658858 6.170399931232108 6.368311121626449 6.398364717987004 6.999999999999993 7.000000000000002 7.0000000000000036 7.392326979254061 7.585955926781378 7.65848661427564 7.716697727676416 7.973223264249492 8.23887983955734 8.251794847894644 8.661437094372316 9.266483844402726 9.367167815161062 9.644683490142286 10.188893082586134 10.452473017203198 10.708480715680246 10.880969106484777 11.470071729255682 
2 6 0 0.49252215329457383 0.9652650537929539 0.9872694772652936 1.3627022256044832 1.6379863734422337 1.6527039940377253 1.7763946583279082 1.8257142853632644 1.929559125851091 1.9772420430731887 1.997583565077165 2.2242860921978482 2.367026845553309 2.473487028971018 2.570379591939556 2.6697930697927754 2.8019267943869806 2.8152198690274757 3.0342116203947294 3.1432797309913023 3.1915196240412342 3.3015979781823717 3.317109709242678 3.400816284847687 3.4100463345657737 3.6010672314075127 3.6896560442919224 3.7014265155137513 3.760376964693151 3.918879884322969 4.0073180248087965 4.024583419642689 4.169097850551686 4.238159955995453 4.276313639740052 4.357968011920213 4.424674220658796 4.440363923915436 4.53153003063169 4.659503781598865 4.691420850337233 4.768741145941631 4.830848250683715 4.9009668809932805 4.994479223770378 5.0313428678301 5.13335405341153 5.241504987919334 5.248925823355535 5.337417998776709 5.358197083712404 5.43468485428368 5.440746154028751 5.663535837840773 5.725616750721966 5.793344684553103 5.894515707126313 6.094830436061364 6.146974388582675 6.193450478988257 6.289237328196078 6.331580069447886 6.391557895186067 6.454725827143739 6.503118751201301 6.61895662995122 6.704707060884584 6.787725217857325 6.89772195269339 7.0248013571991645 7.036050574442627 7.109279397400319 7.18526622122794 7.301271438052906 7.350756790729944 7.4189301196470145 7.46904537113873 7.541355825822231 7.633188477826076 7.692374158889298 7.757450869384037 7.82285199637068 7.9077281723706125 7.996163796580889 8.048977961703182 8.121527994435446 8.317255962652476 8.337562882062935 8.410732015549836 8.726730398432737 8.772943986810574 8.878360671323005 8.971654234784879 8.989324451643341 9.146560441583445 9.337370751668647 9.416240809800081 9.467541181563243 9.475194722120996 9.48761214315609 9.561385531916276 9.619483170230403 9.875043197924475 9.925353902731203 9.96638521728875 10.120702587254451 10.135025102615286 10.256109730021118 10.490452550142583 10.498892091363217 10.579450529342742 10.70098976666003 10.892037461939518 11.016806394881561 11.412949356557544 11.434978850939666 11.553178426659134 11.69292076616229 11.89789336164889 11.939383410844215 12.012490350265344 12.332234034675672 12.39048605757939 12.422268185405118 12.439215639841 12.478005141424346 12.47984312633192 12.53400685824264 12.624643808930811 12.629199040266833 12.692494344883348 12.695724991706063 12.800041559623299 12.866858520876567 12.953896551417968 13.00421949511798 13.025028748369168 13.100790416507019 13.141961242940054 13.146265819476037 13.240014419395708 13.304259817968797 13.383761829182605 13.42897919382681 13.484207184195766 13.507121724415237 13.52988477253748 13.588997099415666 13.598198732626408 13.768104897739136 14.000911296152365 14.10289538792316 14.424138607971221 14.459984488744034 14.517539110531235 14.536660750410002 14.579189184656045 14.671567511118717 14.734739327861066 14.789521948546474 15.097549935523656 15.2527449602703 15.477035081172769 
2 5 0 0.49252215329457383 0.9652650537929539 0.9872694772652936 1.3627022256044832 1.6379863734422337 1.6527039940377253 1.7763946583279082 1.8257142853632644 1.929559125851091 1.9772420430731887 1.997583565077165 2.2242860921978482 2.367026845553309 2.473487028971018 2.570379591939556 2.6697930697927754 2.8019267943869806 2.8152198690274757 3.0342116203947294 3.1432797309913023 3.1915196240412342 3.3015979781823717 3.317109709242678 3.400816284847687 3.4100463345657737 3.6010672314075127 3.6896560442919224 3.7014265155137513 3.760376964693151 3.918879884322969 4.0073180248087965 4.024583419642689 4.169097850551686 4.238159955995453 4.276313639740052 4.357968011920213 4.424674220658796 4.440363923915436 4.53153003063169 4.659503781598865 4.691420850337233 4.768741145941631 4.830848250683715 4.9009668809932805 4.994479223770378 5.0313428678301 5.13335405341153 5.241504987919334 5.248925823355535 5.337417998776709 5.358197083712404 5.43468485428368 5.440746154028751 5.663535837840773 5.725616750721966 5.793344684553103 5.894515707126313 6.094830436061364 6.146974388582675 6.193450478988257 6.289237328196078 6.331580069447886 6.391557895186067 6.454725827143739 6.503118751201301 6.61895662995122 6.704707060884584 6.787725217857325 6.89772195269339 7.0248013571991645 7.036050574442627 7.109279397400319 7.18526622122794 7.301271438052906 7.350756790729944 7.4189301196470145 7.46904537113873 7.541355825822231 7.633188477826076 7.692374158889298 7.757450869384037 7.82285199637068 7.9077281723706125 7.996163796580889 8.048977961703182 8.121527994435446 8.317255962652476 8.337562882062935 8.410732015549836 8.726730398432737 8.772943986810574 8.878360671323005 8.971654234784879 8.989324451643341 9.146560441583445 9.337370751668647 9.416240809800081 9.467541181563243 9.475194722120996 9.48761214315609 9.561385531916276 9.619483170230403 9.875043197924475 9.925353902731203 9.96638521728875 10.120702587254451 10.135025102615286 10.256109730021118 10.490452550142583 10.498892091363217 10.579450529342742 10.70098976666003 10.892037461939518 11.016806394881561 11.412949356557544 11.434978850939666 11.553178426659134 11.69292076616229 11.89789336164889 11.939383410844215 12.012490350265344 12.332234034675672 12.39048605757939 12.422268185405118 12.439215639841 12.478005141424346 12.47984312633192 12.53400685824264 12.624643808930811 12.629199040266833 12.692494344883348 12.695724991706063 12.800041559623299 12.866858520876567 12.953896551417968 13.00421949511798 13.025028748369168 13.100790416507019 13.141961242940054 13.146265819476037 13.240014419395708 13.304259817968797 13.383761829182605 13.42897919382681 13.484207184195766 13.507121724415237 13.52988477253748 13.588997099415666 13.598198732626408 13.768104897739136 14.000911296152365 14.10289538792316 14.424138607971221 14.459984488744034 14.517539110531235 14.536660750410002 14.579189184656045 14.671567511118717 14.734739327861066 14.789521948546474 15.097549935523656 15.2527449602703 15.477035081172769 
2 4 0 0.6006574921583128 1.2270516896397041 1.3173892884247669 1.7318400747054288 1.8051423200143057 1.8586008574113324 1.9869458078127722 2.0962960723410538 2.256874460757241 2.2768672626738096 2.4300397293817677 2.701327063222188 2.748489506492466 2.864785201750584 2.8829266063855146 3.095859535156746 3.249107632321812 3.35104653014997 3.4042109779361778 3.4801242597369697 3.5511665194313093 3.590337085529008 3.590964832688346 3.813537178976453 3.9176025388823374 4.023269661619121 4.122128042248384 4.175926404252155 4.286229957064792 4.336427091960424 4.403157119173012 4.432635284205871 4.496399280538046 4.670717431138755 4.69642233818941 4.77327531370386 4.7892137704414495 4.836429405999665 4.899960804465024 5.046016212688063 5.04885714362962 5.093501063507061 5.177377016888348 5.204031113386881 5.224554201036395 5.492704624390654 5.580975202841975 5.585976689845131 5.696164277674105 5.721232691726005 5.788524074726144 5.884512913447208 5.885050776214855 6.074164363019739 6.176885027105237 6.340161516229365 6.390758575302511 6.769099180380464 6.818419995013559 6.90167306347536 7.151572387720231 7.188248491857599 7.268504992941572 7.4927366819807775 7.715915299236061 7.750817975933336 7.883325014834242 8.062312587879678 8.284749321253539 8.36042503063285 8.47620125658612 8.542698844144088 8.625049345441251 8.712066482966305 8.773059950833579 8.89239389750939 8.892773378457743 9.024281111470877 9.027079015747177 9.069755501911908 9.143138396166487 9.327569145277941 9.502691009824344 9.541427623581686 9.583948071144514 9.751004088587745 9.791947068721777 9.907468845776785 9.950359791517393 10.036310781778687 10.067267056192572 10.190134856232582 10.264470692839945 10.367615483927134 10.433400096901968 10.4605531146751 10.503994258429495 10.61763822195794 10.645795655933185 10.647575178037863 10.796423079787397 10.895024054823837 10.937260086827846 10.94196756345675 11.125235340544487 11.411511030903606 11.703480786329202 11.82641394538155 11.839465191475039 11.870774900560937 11.885174854198677 11.990512092365167 12.0209294275535 12.138999086161277 12.304521633266786 12.352221488130912 12.371272759946445 12.553224430383757 12.588954028214419 12.652149829628112 12.73914201296067 12.77254472501675 12.83674178242323 12.930810731173935 12.959121362283511 12.982017064317398 12.999999999999991 13.000000000000009 13.006994468151227 13.02552603101352 13.107822135002717 13.17377640713006 13.227948664215022 13.273518857272071 13.317539738846714 13.357888251481702 13.390093830822066 13.410499381021424 13.441964005305925 13.49119675922194 13.582675361822062 13.590576736790888 13.616733909690886 13.719710466505925 13.798249853415472 13.858232223995575 13.999999999999991 13.999999999999998 14.000000000000002 14.006893333234295 14.469853374498397 14.639904688350176 14.692474583666804 14.854389296732524 14.887685699695913 14.927053591969369 15.242913651380157 15.328109372607999 15.392837825223015 15.717104361708962 15.73845832459967 15.836171349730437 15.849012018429178 
2 3 0 0.6006574921583128 1.2270516896397041 1.3173892884247669 1.7318400747054288 1.8051423200143057 1.8586008574113324 1.9869458078127722 2.0962960723410538 2.256874460757241 2.2768672626738096 2.4300397293817677 2.701327063222188 2.748489506492466 2.864785201750584 2.8829266063855146 3.095859535156746 3.249107632321812 3.35104653014997 3.4042109779361778 3.4801242597369697 3.5511665194313093 3.590337085529008 3.590964832688346 3.813537178976453 3.9176025388823374 4.023269661619121 4.122128042248384 4.175926404252155 4.286229957064792 4.336427091960424 4.403157119173012 4.432635284205871 4.496399280538046 4.670717431138755 4.69642233818941 4.77327531370386 4.7892137704414495 4.836429405999665 4.899960804465024 5.046016212688063 5.04885714362962 5.093501063507061 5.177377016888348 5.204031113386881 5.224554201036395 5.492704624390654 5.580975202841975 5.585976689845131 5.696164277674105 5.721232691726005 5.788524074726144 5.884512913447208 5.885050776214855 6.074164363019739 6.176885027105237 6.340161516229365 6.390758575302511 6.769099180380464 6.818419995013559 6.90167306347536 7.151572387720231 7.188248491857599 7.268504992941572 7.4927366819807775 7.715915299236061 7.750817975933336 7.883325014834242 8.062312587879678 8.284749321253539 8.36042503063285 8.47620125658612 8.542698844144088 8.625049345441251 8.712066482966305 8.773059950833579 8.89239389750939 8.892773378457743 9.024281111470877 9.027079015747177 9.069755501911908 9.143138396166487 9.327569145277941 9.502691009824344 9.541427623581686 9.583948071144514 9.751004088587745 9.791947068721777 9.907468845776785 9.950359791517393 10.036310781778687 10.067267056192572 10.190134856232582 10.264470692839945 10.367615483927134 10.433400096901968 10.4605531146751 10.503994258429495 10.61763822195794 10.645795655933185 10.647575178037863 10.796423079787397 10.895024054823837 10.937260086827846 10.94196756345675 11.125235340544487 11.411511030903606 11.703480786329202 11.82641394538155 11.839465191475039 11.870774900560937 11.885174854198677 11.990512092365167 12.0209294275535 12.138999086161277 12.304521633266786 12.352221488130912 12.371272759946445 12.553224430383757 12.588954028214419 12.652149829628112 12.73914201296067 12.77254472501675 12.83674178242323 12.930810731173935 12.959121362283511 12.982017064317398 12.999999999999991 13.000000000000009 13.006994468151227 13.02552603101352 13.107822135002717 13.17377640713006 13.227948664215022 13.273518857272071 13.317539738846714 13.357888251481702 13.390093830822066 13.410499381021424 13.441964005305925 13.49119675922194 13.582675361822062 13.590576736790888 13.616733909690886 13.719710466505925 13.798249853415472 13.858232223995575 13.999999999999991 13.999999999999998 14.000000000000002 14.006893333234295 14.469853374498397 14.639904688350176 14.692474583666804 14.854389296732524 14.887685699695913 14.927053591969369 15.242913651380157 15.328109372607999 15.392837825223015 15.717104361708962 15.73845832459967 15.836171349730437 15.849012018429178 
2 2 0 1.3034093777157547 2.02696758491687 2.5290385758535505 2.7289047296826316 3.2489976702080283 3.553216974390639 3.7938407970238615 3.8752717420486915 4.08484824398759 4.377571824909927 4.424226527348065 4.662936138728253 4.74658196041215 4.867689110502987 4.924521180647976 5.106114413299085 5.165630877870204 5.326978734015705 5.707926353796254 5.738423731443553 5.908207423983852 6.136598054779094 6.187283725110223 6.321011363171858 6.989117654332167 7.060053744261089 7.362091532601147 7.480030627937212 7.617121844764529 7.92841427315173 9.0 9.11633471273629 9.154410937916712 9.201126809270104 9.388489747541714 9.616510641463556 9.664513434329049 9.773387411650646 9.922993630794698 9.999148522773215 10.415450324603663 10.530680985657721 10.588154139029568 10.740713044489645 10.912260330927676 11.162144428191349 11.25220475599244 11.37877810796056 11.453006229914669 11.507923123445378 11.68649211216561 11.750582870875093 11.766997178607273 11.834669726768757 11.999999999999996 
3 2 0 4.424226527348065 4.746581960412147 6.187283725110226 7.480030627937214 9.000000000000002 9.38848974754171 9.773387411650644 
2 1 0 1.3034093777157547 2.02696758491687 2.5290385758535505 2.7289047296826316 3.2489976702080283 3.553216974390639 3.7938407970238615 3.8752717420486915 4.08484824398759 4.377571824909927 4.424226527348065 4.662936138728253 4.74658196041215 4.867689110502987 4.924521180647976 5.106114413299085 5.165630877870204 5.326978734015705 5.707926353796254 5.738423731443553 5.908207423983852 6.136598054779094 6.187283725110223 6.321011363171858 6.989117654332167 7.060053744261089 7.362091532601147 7.480030627937212 7.617121844764529 7.92841427315173 9.0 9.11633471273629 9.154410937916712 9.201126809270104 9.388489747541714 9.616510641463556 9.664513434329049 9.773387411650646 9.922993630794698 9.999148522773215 10.415450324603663 10.530680985657721 10.588154139029568 10.740713044489645 10.912260330927676 11.162144428191349 11.25220475599244 11.37877810796056 11.453006229914669 11.507923123445378 11.68649211216561 11.750582870875093 11.766997178607273 11.834669726768757 11.999999999999996 
3 1 0 4.424226527348065 4.746581960412147 6.187283725110226 7.480030627937214 9.000000000000002 9.38848974754171 9.773387411650644 
1 8 0 1.2108055670678948 1.7606815057314407 2.4371906546981976 2.81472242878293 2.9999999999999996 3.700486420598346 3.910416932855799 4.27296872412667 4.764083603889268 5.0 5.0 5.0000000000000036 5.000000000000007 5.218549496446701 5.489852547488315 5.788502337873321 6.143041506588579 6.170399931232108 6.999999999999993 7.0000000000000036 7.000000000000005 7.392326979254061 7.658486614275638 8.238879839557335 8.661437094372312 9.367167815161059 
1 7 0 1.2108055670678948 1.7606815057314407 2.4371906546981976 2.81472242878293 2.9999999999999996 3.700486420598346 3.910416932855799 4.27296872412667 4.764083603889268 5.0 5.0 5.0000000000000036 5.000000000000007 5.218549496446701 5.489852547488315 5.788502337873321 6.143041506588579 6.170399931232108 6.999999999999993 7.0000000000000036 7.000000000000005 7.392326979254061 7.658486614275638 8.238879839557335 8.661437094372312 9.367167815161059 
1 6 0 0.49252215329457266 0.9423600774060858 0.9652650537929887 1.362702225604482 1.5330416122482735 1.6527039940377235 1.7763946583279329 1.825714285363263 1.9295591258510725 2.1095189386234736 2.224286092197844 2.360168748445664 2.367026845553317 2.511420506259586 2.570379591939572 2.8019267943869806 2.8152198690274726 2.8830629667830108 3.0342116203947405 3.1915196240412396 3.317109709242679 3.3376873431092187 3.4008162848476964 3.4817285876120483 3.601067231407515 3.701426515513752 3.9188798843229584 4.024583419642694 4.04064075264203 4.169097850551681 4.268687702665631 4.276313639740045 4.4289460588379 4.4403639239154336 4.531530030631691 4.532113745274302 4.6595037815988585 4.768741145941638 4.867284979910434 4.900966880993275 5.031342867830101 5.122343848079602 5.1333540534115345 5.1484632606881995 5.248925823355529 5.337417998776704 5.358197083712396 5.407263707839595 5.434684854283681 5.526939580675733 5.6635358378407705 5.793344684553104 5.851349315036092 5.894515707126311 5.990118982109097 6.083492668940669 6.094830436061363 6.193450478988257 6.267949192431121 6.289237328196077 6.345423280587246 6.45472582714374 6.5031187512013 6.618956629951222 6.666469746986163 6.78772521785733 6.842920397028183 7.024801357199169 7.180220951732801 7.185266221227946 7.350756790729943 7.469045371138733 7.541355825822237 7.633188477826071 7.640764949513426 7.75745086938404 7.8214879676937175 7.907728172370613 7.978733236551297 7.996163796580886 8.121527994435445 8.163823954911878 8.317255962652474 8.33756288206294 8.687742748351791 8.772943986810569 8.878360671323009 8.97165423478489 8.999999999999993 8.999999999999995 9.16808588340818 9.337370751668644 9.41624080980009 9.436009964031797 9.47519472212099 9.48761214315609 9.61948317023041 9.727222036624047 9.732050807568873 9.854942339978377 9.875043197924478 9.96638521728876 10.061281614815352 10.12070258725445 10.197808588021116 10.206953186302387 10.246568180659912 10.49889209136322 10.543066991390184 10.579450529342738 10.750670157316524 10.792516062090883 10.913457473219285 10.989066821128864 11.016806394881554 11.24500816741221 11.434978850939665 11.456921005530669 11.482076634212953 11.551795078080003 11.553178426659127 11.622329199234064 11.69292076616229 11.8978933616489 11.939383410844222 12.000000000000005 12.01249035026534 12.332234034675663 12.39048605757938 12.422268185405105 12.479843126331907 12.534006858242641 12.624643808930815 12.629199040266837 12.692494344883341 12.800041559623283 12.866858520876596 12.953896551417964 13.004219495117974 13.100790416507008 13.146265819476026 13.240014419395704 13.304259817968788 13.383761829182566 13.484207184195753 13.507121724415232 13.588997099415684 13.768104897739136 
1 5 0 0.49252215329457266 0.9423600774060858 0.9652650537929887 1.362702225604482 1.5330416122482735 1.6527039940377235 1.7763946583279329 1.825714285363263 1.9295591258510725 2.1095189386234736 2.224286092197844 2.360168748445664 2.367026845553317 2.511420506259586 2.570379591939572 2.8019267943869806 2.8152198690274726 2.8830629667830108 3.0342116203947405 3.1915196240412396 3.317109709242679 3.3376873431092187 3.4008162848476964 3.4817285876120483 3.601067231407515 3.701426515513752 3.9188798843229584 4.024583419642694 4.04064075264203 4.169097850551681 4.268687702665631 4.276313639740045 4.4289460588379 4.4403639239154336 4.531530030631691 4.532113745274302 4.6595037815988585 4.768741145941638 4.867284979910434 4.900966880993275 5.031342867830101 5.122343848079602 5.1333540534115345 5.1484632606881995 5.248925823355529 5.337417998776704 5.358197083712396 5.407263707839595 5.434684854283681 5.526939580675733 5.6635358378407705 5.793344684553104 5.851349315036092 5.894515707126311 5.990118982109097 6.083492668940669 6.094830436061363 6.193450478988257 6.267949192431121 6.289237328196077 6.345423280587246 6.45472582714374 6.5031187512013 6.618956629951222 6.666469746986163 6.78772521785733 6.842920397028183 7.024801357199169 7.180220951732801 7.185266221227946 7.350756790729943 7.469045371138733 7.541355825822237 7.633188477826071 7.640764949513426 7.75745086938404 7.8214879676937175 7.907728172370613 7.978733236551297 7.996163796580886 8.121527994435445 8.163823954911878 8.317255962652474 8.33756288206294 8.687742748351791 8.772943986810569 8.878360671323009 8.97165423478489 8.999999999999993 8.999999999999995 9.16808588340818 9.337370751668644 9.41624080980009 9.436009964031797 9.47519472212099 9.48761214315609 9.61948317023041 9.727222036624047 9.732050807568873 9.854942339978377 9.875043197924478 9.96638521728876 10.061281614815352 10.12070258725445 10.197808588021116 10.206953186302387 10.246568180659912 10.49889209136322 10.543066991390184 10.579450529342738 10.750670157316524 10.792516062090883 10.913457473219285 10.989066821128864 11.016806394881554 11.24500816741221 11.434978850939665 11.456921005530669 11.482076634212953 11.551795078080003 11.553178426659127 11.622329199234064 11.69292076616229 11.8978933616489 11.939383410844222 12.000000000000005 12.01249035026534 12.332234034675663 12.39048605757938 12.422268185405105 12.479843126331907 12.534006858242641 12.624643808930815 12.629199040266837 12.692494344883341 12.800041559623283 12.866858520876596 12.953896551417964 13.004219495117974 13.100790416507008 13.146265819476026 13.240014419395704 13.304259817968788 13.383761829182566 13.484207184195753 13.507121724415232 13.588997099415684 13.768104897739136 
1 4 0 0.19081507451058854 0.6006574921583159 0.8470424955560851 1.1239194027858217 1.2270516896397095 1.2782150566172878 1.3173892884247569 1.4434424439220934 1.607175678077572 1.6906614482638724 1.7318400747054326 1.8051423200142993 1.9455260231109999 1.986945807812794 2.0321675172030362 2.096296072341057 2.1992881925209384 2.276867262673822 2.4039289735289873 2.430039729381766 2.5013441031739703 2.6172283642515826 2.701327063222205 2.7484895064924935 2.8647852017506037 2.882926606385527 2.9528459754369334 3.0571424196383887 3.095859535156741 3.184243177796194 3.2491076323218113 3.2549389752772586 3.3579802538955783 3.404210977936187 3.4801242597369932 3.5401200567728757 3.551166519431311 3.5909648326883405 3.6562410911303496 3.8095805555525057 3.8135371789764494 3.917602538882339 3.9260726726953976 4.103618208780214 4.122128042248386 4.166420623741067 4.245906041091513 4.2862299570648 4.288096763252676 4.4031571191730094 4.432635284205875 4.454073302807082 4.496399280538051 4.634445775188497 4.670717431138763 4.702957436104413 4.77058038505289 4.773275313703874 4.789213770441458 4.836429405999675 4.880458570715391 4.899960804465027 4.981453747932763 5.029059237731004 5.048857143629615 5.088286660446843 5.177377016888352 5.204031113386888 5.224554201036397 5.303744712727686 5.409353456272764 5.436929474304151 5.492704624390659 5.537543658087064 5.580975202841978 5.680141810349444 5.696164277674105 5.788524074726144 5.885050776214859 5.913288472131926 5.921371117733729 6.0533562649395956 6.0741643630197535 6.140956349033567 6.210485333668641 6.284493164741713 6.340161516229369 6.367568635598586 6.390758575302515 6.451943850415975 6.566819627004498 6.70731864619069 6.760104295031654 6.769099180380466 6.818419995013567 6.890639034729796 6.901673063475354 7.1515723877202335 7.19905546329192 7.236347564972332 7.268504992941561 7.3202096501016545 7.423872395377205 7.492736681980782 7.558440999082766 7.7159152992360545 7.78934987652048 7.883325014834241 7.919219403357051 8.00300685993756 8.062312587879678 8.152916937697974 8.28474932125355 8.334882158162078 8.357283255064731 8.360425030632852 8.48607414121955 8.542698844144086 8.685925165608053 8.712066482966312 8.765833846444293 8.77305995083358 8.842126927849009 8.89277337845775 8.944045039224202 9.02428111147088 9.069755501911914 9.106707750887436 9.143138396166483 9.272554310357531 9.350151031518356 9.502691009824352 9.54142762358169 9.583948071144519 9.589509493282094 9.605487265943722 9.699174146553904 9.751004088587745 9.791947068721779 9.858440361528709 9.950359791517402 9.962950761308129 10.036310781778695 10.090635092705277 10.140805627323603 10.190134856232584 10.223729157394631 10.264470692839947 10.367615483927136 10.423856298456242 10.433400096901975 10.503994258429493 10.505097703875117 10.545222583441765 10.617638221957941 10.645795655933188 10.647575178037863 10.741168967719497 10.75202078759776 10.7964230797874 10.895024054823834 10.90367940667528 10.937260086827843 10.941241809748949 10.94196756345675 11.098758024619887 11.411511030903611 11.466549851855472 11.658584626055672 11.703480786329221 11.826413945381546 11.846687976531868 11.863554639971248 11.870774900560933 12.30452163326679 12.371272759946436 12.392041656726139 12.507599569490507 12.588954028214413 12.589433222656602 12.619131655721505 12.730225433132427 12.73914201296068 12.772544725016749 12.921229345679443 12.930810731173937 12.943215847861772 12.959121362283515 12.982017064317397 13.02465553873344 13.025526031013525 13.095981860053323 13.10782213500272 13.173776407130054 13.212458599079024 13.227948664215015 13.237103567252229 13.273518857272066 13.317539738846715 13.374294345279736 13.39009383082206 13.398755587683278 13.417490095301396 13.441964005305929 13.491196759221936 13.53083555255474 13.569804875820623 13.582675361822046 13.591009847462836 13.61673390969088 13.655236772704487 13.67311281424075 13.743957298524883 13.798249853415484 13.85823222399559 13.983457031904091 14.00689333323431 14.059770025120317 14.140371147566418 14.469853374498417 14.63694413521148 14.639904688350176 14.692474583666806 14.706604044186026 14.756668497490908 14.772246139116962 14.854389296732528 14.887685699695924 14.927053591969388 14.974910619494445 15.01791368591282 15.125982700902592 15.242913651380118 15.328109372607983 15.390362211823282 15.392837825223006 15.64976419534946 15.70302872265997 15.717104361708945 15.738458324599673 15.76543421716437 15.822477173350562 15.836171349730426 15.849012018429157 
1 3 0 0.19081507451058854 0.6006574921583159 0.8470424955560851 1.1239194027858217 1.2270516896397095 1.2782150566172878 1.3173892884247569 1.4434424439220934 1.607175678077572 1.6906614482638724 1.7318400747054326 1.8051423200142993 1.9455260231109999 1.986945807812794 2.0321675172030362 2.096296072341057 2.1992881925209384 2.276867262673822 2.4039289735289873 2.430039729381766 2.5013441031739703 2.6172283642515826 2.701327063222205 2.7484895064924935 2.8647852017506037 2.882926606385527 2.9528459754369334 3.0571424196383887 3.095859535156741 3.184243177796194 3.2491076323218113 3.2549389752772586 3.3579802538955783 3.404210977936187 3.4801242597369932 3.5401200567728757 3.551166519431311 3.5909648326883405 3.6562410911303496 3.8095805555525057 3.8135371789764494 3.917602538882339 3.9260726726953976 4.103618208780214 4.122128042248386 4.166420623741067 4.245906041091513 4.2862299570648 4.288096763252676 4.4031571191730094 4.432635284205875 4.454073302807082 4.496399280538051 4.634445775188497 4.670717431138763 4.702957436104413 4.77058038505289 4.773275313703874 4.789213770441458 4.836429405999675 4.880458570715391 4.899960804465027 4.981453747932763 5.029059237731004 5.048857143629615 5.088286660446843 5.177377016888352 5.204031113386888 5.224554201036397 5.303744712727686 5.409353456272764 5.436929474304151 5.492704624390659 5.537543658087064 5.580975202841978 5.680141810349444 5.696164277674105 5.788524074726144 5.885050776214859 5.913288472131926 5.921371117733729 6.0533562649395956 6.0741643630197535 6.140956349033567 6.210485333668641 6.284493164741713 6.340161516229369 6.367568635598586 6.390758575302515 6.451943850415975 6.566819627004498 6.70731864619069 6.760104295031654 6.769099180380466 6.818419995013567 6.890639034729796 6.901673063475354 7.1515723877202335 7.19905546329192 7.236347564972332 7.268504992941561 7.3202096501016545 7.423872395377205 7.492736681980782 7.558440999082766 7.7159152992360545 7.78934987652048 7.883325014834241 7.919219403357051 8.00300685993756 8.062312587879678 8.152916937697974 8.28474932125355 8.334882158162078 8.357283255064731 8.360425030632852 8.48607414121955 8.542698844144086 8.685925165608053 8.712066482966312 8.765833846444293 8.77305995083358 8.842126927849009 8.89277337845775 8.944045039224202 9.02428111147088 9.069755501911914 9.106707750887436 9.143138396166483 9.272554310357531 9.350151031518356 9.502691009824352 9.54142762358169 9.583948071144519 9.589509493282094 9.605487265943722 9.699174146553904 9.751004088587745 9.791947068721779 9.858440361528709 9.950359791517402 9.962950761308129 10.036310781778695 10.090635092705277 10.140805627323603 10.190134856232584 10.223729157394631 10.264470692839947 10.367615483927136 10.423856298456242 10.433400096901975 10.503994258429493 10.505097703875117 10.545222583441765 10.617638221957941 10.645795655933188 10.647575178037863 10.741168967719497 10.75202078759776 10.7964230797874 10.895024054823834 10.90367940667528 10.937260086827843 10.941241809748949 10.94196756345675 11.098758024619887 11.411511030903611 11.466549851855472 11.658584626055672 11.703480786329221 11.826413945381546 11.846687976531868 11.863554639971248 11.870774900560933 12.30452163326679 12.371272759946436 12.392041656726139 12.507599569490507 12.588954028214413 12.589433222656602 12.619131655721505 12.730225433132427 12.73914201296068 12.772544725016749 12.921229345679443 12.930810731173937 12.943215847861772 12.959121362283515 12.982017064317397 13.02465553873344 13.025526031013525 13.095981860053323 13.10782213500272 13.173776407130054 13.212458599079024 13.227948664215015 13.237103567252229 13.273518857272066 13.317539738846715 13.374294345279736 13.39009383082206 13.398755587683278 13.417490095301396 13.441964005305929 13.491196759221936 13.53083555255474 13.569804875820623 13.582675361822046 13.591009847462836 13.61673390969088 13.655236772704487 13.67311281424075 13.743957298524883 13.798249853415484 13.85823222399559 13.983457031904091 14.00689333323431 14.059770025120317 14.140371147566418 14.469853374498417 14.63694413521148 14.639904688350176 14.692474583666806 14.706604044186026 14.756668497490908 14.772246139116962 14.854389296732528 14.887685699695924 14.927053591969388 14.974910619494445 15.01791368591282 15.125982700902592 15.242913651380118 15.328109372607983 15.390362211823282 15.392837825223006 15.64976419534946 15.70302872265997 15.717104361708945 15.738458324599673 15.76543421716437 15.822477173350562 15.836171349730426 15.849012018429157 
1 2 0 0.37980062826082595 0.8948228774814706 0.9941290504326523 1.2868054686354948 1.3034093777157543 1.3726070672521642 1.5614036353365541 1.6505599679349419 2.0269675849168562 2.045724927810074 2.1316283121091617 2.365115029843696 2.392601032058673 2.529038575853547 2.728904729682623 2.7853930782435006 2.9435529966444993 3.174713239629561 3.248997670208037 3.384816909586153 3.3971675649632913 3.513531189063842 3.5532169743906463 3.689106185224107 3.7864578242293474 3.7938407970238703 3.875271742048687 3.9349423702033075 4.084848243987588 4.130149277885078 4.168426372191147 4.27926115973989 4.377571824909926 4.4643147012011095 4.490410443746158 4.6352806334400105 4.662936138728249 4.6880335143010425 4.83719847434839 4.867689110502987 4.8880223699285965 4.924521180647972 4.985670588051433 5.106114413299086 5.165630877870211 5.1947934825772055 5.274687275905552 5.326978734015703 5.32877606852968 5.424653624351599 5.452869632726232 5.481300811677746 5.593689207282574 5.651249759212128 5.7079263537962515 5.736462377635407 5.7384237314435484 5.813323073364923 5.908207423983857 5.92296458872097 6.118954385852784 6.136598054779097 6.260194567571194 6.321011363171855 6.3709440641536155 6.396736530898986 6.6808081161064985 6.740121026095739 6.86482251526373 6.989117654332173 7.060053744261083 7.179957801833669 7.318291964369818 7.362091532601145 7.3969337695439235 7.428355506805242 7.49929801140983 7.617121844764522 7.749822683163654 7.812943054486362 7.914582086876266 7.928414273151736 8.147192801426446 8.197040773058832 8.446051680683327 8.659679500490913 8.904837197438097 9.030297338245267 9.116334712736291 9.154410937916714 9.201126809270104 9.47213439563036 9.616510641463556 9.66451343432905 9.727685157890344 9.778403507097348 9.797612635033216 9.896252358993936 9.922993630794707 9.999148522773217 10.177172942705269 10.28124031243521 10.415450324603665 10.530680985657723 10.588154139029568 10.72470449977952 10.740713044489649 10.912260330927678 10.95266965833579 11.16214442819134 11.252204755992436 11.373724178457694 11.378778107960553 11.453006229914667 11.473717867716656 11.507923123445376 11.565433164825048 11.686492112165618 11.700067768910168 11.750582870875077 11.766997178607275 11.82821344076025 11.834669726768764 11.88734316201686 12.000000000000002 12.040878850625978 12.185409012993537 12.200221929156973 12.239526278694436 12.367488838176987 12.413560099270777 12.424077493312597 12.594074166784125 12.678412947975858 12.741675400993852 12.80094784875142 12.946361093971937 12.96323329018091 13.0552602881425 13.091786941031748 13.146904750546355 13.211719337056714 13.277756742688494 13.365126030171474 13.469407764972832 13.545462810067272 13.634254466335515 13.725796399975785 
1 1 0 0.37980062826082595 0.8948228774814706 0.9941290504326523 1.2868054686354948 1.3034093777157543 1.3726070672521642 1.5614036353365541 1.6505599679349419 2.0269675849168562 2.045724927810074 2.1316283121091617 2.365115029843696 2.392601032058673 2.529038575853547 2.728904729682623 2.7853930782435006 2.9435529966444993 3.174713239629561 3.248997670208037 3.384816909586153 3.3971675649632913 3.513531189063842 3.5532169743906463 3.689106185224107 3.7864578242293474 3.7938407970238703 3.875271742048687 3.9349423702033075 4.084848243987588 4.130149277885078 4.168426372191147 4.27926115973989 4.377571824909926 4.4643147012011095 4.490410443746158 4.6352806334400105 4.662936138728249 4.6880335143010425 4.83719847434839 4.867689110502987 4.8880223699285965 4.924521180647972 4.985670588051433 5.106114413299086 5.165630877870211 5.1947934825772055 5.274687275905552 5.326978734015703 5.32877606852968 5.424653624351599 5.452869632726232 5.481300811677746 5.593689207282574 5.651249759212128 5.7079263537962515 5.736462377635407 5.7384237314435484 5.813323073364923 5.908207423983857 5.92296458872097 6.118954385852784 6.136598054779097 6.260194567571194 6.321011363171855 6.3709440641536155 6.396736530898986 6.6808081161064985 6.740121026095739 6.86482251526373 6.989117654332173 7.060053744261083 7.179957801833669 7.318291964369818 7.362091532601145 7.3969337695439235 7.428355506805242 7.49929801140983 7.617121844764522 7.749822683163654 7.812943054486362 7.914582086876266 7.928414273151736 8.147192801426446 8.197040773058832 8.446051680683327 8.659679500490913 8.904837197438097 9.030297338245267 9.116334712736291 9.154410937916714 9.201126809270104 9.47213439563036 9.616510641463556 9.66451343432905 9.727685157890344 9.778403507097348 9.797612635033216 9.896252358993936 9.922993630794707 9.999148522773217 10.177172942705269 10.28124031243521 10.415450324603665 10.530680985657723 10.588154139029568 10.72470449977952 10.740713044489649 10.912260330927678 10.95266965833579 11.16214442819134 11.252204755992436 11.373724178457694 11.378778107960553 11.453006229914667 11.473717867716656 11.507923123445376 11.565433164825048 11.686492112165618 11.700067768910168 11.750582870875077 11.766997178607275 11.82821344076025 11.834669726768764 11.88734316201686 12.000000000000002 12.040878850625978 12.185409012993537 12.200221929156973 12.239526278694436 12.367488838176987 12.413560099270777 12.424077493312597 12.594074166784125 12.678412947975858 12.741675400993852 12.80094784875142 12.946361093971937 12.96323329018091 13.0552602881425 13.091786941031748 13.146904750546355 13.211719337056714 13.277756742688494 13.365126030171474 13.469407764972832 13.545462810067272 13.634254466335515 13.725796399975785 
1 0 0 1.0189381231231591 1.714175677476136 2.165919599834959 2.709285212430406 3.4853159077956697 3.5857864376269037 3.585786437626909 3.9117824961684966 4.2151828138499 4.63247723107907 4.952319433000195 4.999999999999999 5.000000000000003 5.2570967978353105 5.628868838355082 5.725028077433729 6.086198152725765 6.414213562373094 6.414213562373097 7.000000000000002 7.283910221889424 7.570547495042004 7.985190501081716 8.806664547142883 9.05185902695292 9.799239846783182 
2 0 0 3.585786437626905 5.0 6.414213562373095 
1 -1 0 1.0189381231231591 1.714175677476136 2.165919599834959 2.709285212430406 3.4853159077956697 3.5857864376269037 3.585786437626909 3.9117824961684966 4.2151828138499 4.63247723107907 4.952319433000195 4.999999999999999 5.000000000000003 5.2570967978353105 5.628868838355082 5.725028077433729 6.086198152725765 6.414213562373094 6.414213562373097 7.000000000000002 7.283910221889424 7.570547495042004 7.985190501081716 8.806664547142883 9.05185902695292 9.799239846783182 
2 -1 0 3.585786437626905 5.0 6.414213562373095 
0 8 0 2.9999999999999982 5.0 5.0 6.999999999999999 
0 7 0 2.9999999999999982 5.0 5.0 6.999999999999999 
0 6 0 0.9423600774060977 1.5330416122482529 2.109518938623465 2.3601687484456693 2.511420506259584 2.883062966783013 3.3376873431092045 3.481728587612046 4.040640752642035 4.267949192431124 4.2686877026656385 4.4289460588379015 4.532113745274302 4.8672849799104405 5.122343848079605 5.148463260688202 5.407263707839595 5.526939580675738 5.8513493150360905 5.9901189821091 6.083492668940663 6.267949192431122 6.267949192431126 6.345423280587251 6.666469746986162 6.84292039702818 7.000000000000002 7.000000000000004 7.180220951732801 7.640764949513431 7.732050807568875 7.821487967693721 7.978733236551299 8.16382395491188 8.687742748351791 8.999999999999996 9.0 9.000000000000004 9.000000000000012 9.168085883408175 9.436009964031795 9.727222036624054 9.732050807568875 9.732050807568882 9.85494233997838 10.061281614815346 10.197808588021118 10.206953186302389 10.246568180659914 10.543066991390196 10.750670157316527 10.792516062090892 10.913457473219284 10.989066821128862 11.245008167412205 11.456921005530672 11.482076634212959 11.551795078080005 11.622329199234068 11.999999999999975 
0 5 0 0.9423600774060977 1.5330416122482529 2.109518938623465 2.3601687484456693 2.511420506259584 2.883062966783013 3.3376873431092045 3.481728587612046 4.040640752642035 4.267949192431124 4.2686877026656385 4.4289460588379015 4.532113745274302 4.8672849799104405 5.122343848079605 5.148463260688202 5.407263707839595 5.526939580675738 5.8513493150360905 5.9901189821091 6.083492668940663 6.267949192431122 6.267949192431126 6.345423280587251 6.666469746986162 6.84292039702818 7.000000000000002 7.000000000000004 7.180220951732801 7.640764949513431 7.732050807568875 7.821487967693721 7.978733236551299 8.16382395491188 8.687742748351791 8.999999999999996 9.0 9.000000000000004 9.000000000000012 9.168085883408175 9.436009964031795 9.727222036624054 9.732050807568875 9.732050807568882 9.85494233997838 10.061281614815346 10.197808588021118 10.206953186302389 10.246568180659914 10.543066991390196 10.750670157316527 10.792516062090892 10.913457473219284 10.989066821128862 11.245008167412205 11.456921005530672 11.482076634212959 11.551795078080005 11.622329199234068 11.999999999999975 
0 4 0 0.1908150745105894 0.8470424955560507 1.123919402785886 1.2782150566172739 1.4434424439220979 1.6071756780775315 1.6906614482638767 1.8642220454366263 1.945526023111002 2.032167517203016 2.19928819252094 2.394497682084829 2.4039289735289904 2.501344103173972 2.6172283642515812 2.9528459754369396 3.0571424196384003 3.1842431777962164 3.236355570768115 3.2549389752772617 3.357980253895584 3.54012005677289 3.5906955614019638 3.6562410911303447 3.765248559038002 3.8095805555525106 3.9260726726954003 4.103618208780209 4.1664206237410575 4.24590604109151 4.288096763252679 4.454073302807083 4.634445775188502 4.702957436104416 4.7705803850528845 4.780435336191902 4.813965620405566 4.8804585707153905 4.981453747932764 5.029059237730994 5.03846935247583 5.088286660446838 5.253647376193026 5.303744712727682 5.3422294638302725 5.409353456272757 5.436929474304144 5.53754365808706 5.617075806124359 5.680141810349446 5.9132884721319225 5.921371117733733 6.0533562649395956 6.1409563490335675 6.141413697287216 6.21048533366864 6.2844931647417175 6.367568635598581 6.451943850415972 6.551707375840554 6.566819627004494 6.707318646190687 6.760104295031651 6.890639034729795 6.937476674494987 7.087136426834065 7.165292444993355 7.199055463291917 7.2363475649723386 7.320209650101655 7.339257204097793 7.423872395377213 7.558440999082763 7.715277977421187 7.759293335229041 7.789349876520477 7.919219403357054 7.953210752273426 8.003006859937562 8.152916937697972 8.237113464672534 8.33488215816208 8.357283255064731 8.486074141219552 8.652193161891876 8.668230775054171 8.685925165608051 8.765833846444293 8.842126927849007 8.944045039224198 9.106707750887443 9.272554310357526 9.350151031518356 9.589509493282097 9.591515566891733 9.605487265943717 9.692404763986751 9.699174146553897 9.858440361528718 9.962950761308123 9.988810001247453 10.090635092705279 10.140805627323601 10.223729157394626 10.42385629845625 10.50509770387512 10.545222583441761 10.74116896771951 10.752020787597765 10.903679406675284 10.941241809748949 10.999999999999991 11.09875802461989 11.206497069292011 11.303443695746592 11.466549851855481 11.590704386398986 11.658584626055674 11.846687976531882 11.863554639971248 12.047009940721084 12.099388632365818 12.392041656726143 12.395548843733744 12.450121220483313 12.50759956949052 12.510691719714819 12.589433222656595 12.619131655721503 12.627606694363227 12.73022543313244 12.746390000904926 12.859303139951248 12.921229345679452 12.94321584786177 12.99011818345926 13.000000000000005 13.024655538733443 13.095981860053325 13.212458599079017 13.237103567252237 13.322368235139876 13.374294345279738 13.398755587683283 13.417490095301392 13.434087617519074 13.530835552554732 13.569804875820624 13.580818055187933 13.591009847462837 13.655236772704482 13.658726568851453 13.673112814240755 13.74395729852492 13.983457031904084 13.999999999999996 14.000000000000004 14.000000000000007 14.059770025120297 14.140371147566443 14.636944135211484 14.706604044186019 14.75666849749091 14.772246139116973 14.974910619494448 15.01791368591281 15.125982700902593 15.390362211823282 15.649764195349467 15.703028722659969 15.76543421716437 15.822477173350569 
0 3 0 0.1908150745105894 0.8470424955560507 1.123919402785886 1.2782150566172739 1.4434424439220979 1.6071756780775315 1.6906614482638767 1.8642220454366263 1.945526023111002 2.032167517203016 2.19928819252094 2.394497682084829 2.4039289735289904 2.501344103173972 2.6172283642515812 2.9528459754369396 3.0571424196384003 3.1842431777962164 3.236355570768115 3.2549389752772617 3.357980253895584 3.54012005677289 3.5906955614019638 3.6562410911303447 3.765248559038002 3.8095805555525106 3.9260726726954003 4.103618208780209 4.1664206237410575 4.24590604109151 4.288096763252679 4.454073302807083 4.634445775188502 4.702957436104416 4.7705803850528845 4.780435336191902 4.813965620405566 4.8804585707153905 4.981453747932764 5.029059237730994 5.03846935247583 5.088286660446838 5.253647376193026 5.303744712727682 5.3422294638302725 5.409353456272757 5.436929474304144 5.53754365808706 5.617075806124359 5.680141810349446 5.9132884721319225 5.921371117733733 6.0533562649395956 6.1409563490335675 6.141413697287216 6.21048533366864 6.2844931647417175 6.367568635598581 6.451943850415972 6.551707375840554 6.566819627004494 6.707318646190687 6.760104295031651 6.890639034729795 6.937476674494987 7.087136426834065 7.165292444993355 7.199055463291917 7.2363475649723386 7.320209650101655 7.339257204097793 7.423872395377213 7.558440999082763 7.715277977421187 7.759293335229041 7.789349876520477 7.919219403357054 7.953210752273426 8.003006859937562 8.152916937697972 8.237113464672534 8.33488215816208 8.357283255064731 8.486074141219552 8.652193161891876 8.668230775054171 8.685925165608051 8.765833846444293 8.842126927849007 8.944045039224198 9.106707750887443 9.272554310357526 9.350151031518356 9.589509493282097 9.591515566891733 9.605487265943717 9.692404763986751 9.699174146553897 9.858440361528718 9.962950761308123 9.988810001247453 10.090635092705279 10.140805627323601 10.223729157394626 10.42385629845625 10.50509770387512 10.545222583441761 10.74116896771951 10.752020787597765 10.903679406675284 10.941241809748949 10.999999999999991 11.09875802461989 11.206497069292011 11.303443695746592 11.466549851855481 11.590704386398986 11.658584626055674 11.846687976531882 11.863554639971248 12.047009940721084 12.099388632365818 12.392041656726143 12.395548843733744 12.450121220483313 12.50759956949052 12.510691719714819 12.589433222656595 12.619131655721503 12.627606694363227 12.73022543313244 12.746390000904926 12.859303139951248 12.921229345679452 12.94321584786177 12.99011818345926 13.000000000000005 13.024655538733443 13.095981860053325 13.212458599079017 13.237103567252237 13.322368235139876 13.374294345279738 13.398755587683283 13.417490095301392 13.434087617519074 13.530835552554732 13.569804875820624 13.580818055187933 13.591009847462837 13.655236772704482 13.658726568851453 13.673112814240755 13.74395729852492 13.983457031904084 13.999999999999996 14.000000000000004 14.000000000000007 14.059770025120297 14.140371147566443 14.636944135211484 14.706604044186019 14.75666849749091 14.772246139116973 14.974910619494448 15.01791368591281 15.125982700902593 15.390362211823282 15.649764195349467 15.703028722659969 15.76543421716437 15.822477173350569 
0 2 1 -2.48689977939657e-14 0.3798006282608295 0.8948228774814926 0.994129050432641 1.2556735634873797 1.2868054686354842 1.3726070672521593 1.5614036353365444 1.6505599679349432 1.703816066244017 2.0019873071098693 2.0457249278100504 2.1316283121091675 2.1466154844802006 2.365115029843683 2.392601032058672 2.5295850975219394 2.5734388948615345 2.7632391157526417 2.7853930782435268 2.9435529966444953 3.111714564826789 3.174713239629566 3.2401392077340443 3.384816909586153 3.3971675649632864 3.5135311890638397 3.689106185224104 3.7864578242293465 3.835028180790698 3.9349423702033035 4.005278269080606 4.13014927788508 4.168426372191155 4.2078961826374375 4.279261159739888 4.319479912846172 4.394631476807893 4.4643147012011095 4.490410443746167 4.521736832861506 4.63528063344 4.68295692197132 4.68803351430104 4.837198474348395 4.888022369928602 4.9856705880514385 5.0212152993791825 5.1947934825772055 5.2746872759055545 5.285867693971068 5.328776068529677 5.424653624351599 5.440785447198882 5.452869632726226 5.481300811677745 5.514534057455152 5.5936892072825755 5.651249759212126 5.736462377635403 5.779305359747066 5.813323073364919 5.922964588720967 5.9742079308893405 6.095173400432989 6.118954385852784 6.260194567571192 6.31860439690503 6.370944064153614 6.39673653089898 6.4548147693822004 6.543474953019362 6.680808116106498 6.740121026095734 6.769503655665208 6.802575343203445 6.8648225152637306 7.007444596529142 7.1799578018336625 7.267084148016583 7.318291964369813 7.396933769543923 7.428355506805236 7.4992980114098255 7.730633606879019 7.7498226831636545 7.812943054486362 7.81490661802555 7.882953080362095 7.914411020191576 7.914582086876262 8.010298474959097 8.147192801426446 8.197040773058832 8.250970779866638 8.429873217457391 8.446051680683327 8.574896160568198 8.659679500490906 8.669728218359595 8.75515153350246 8.879663381708866 8.904837197438086 8.997056116566954 9.030297338245262 9.472134395630354 9.482072285256214 9.56783980013858 9.727685157890336 9.778403507097343 9.797612635033223 9.803151923435626 9.896252358993923 10.151355693930293 10.177172942705264 10.226346440006893 10.281240312435207 10.677693869733071 10.724704499779508 10.909009476294154 10.952669658335799 11.238196506092322 11.37372417845769 11.473717867716651 11.565433164825048 11.700067768910158 11.828213440760242 11.887343162016876 12.040878850625973 12.185409012993532 12.200221929156958 12.239526278694436 12.367488838176994 12.413560099270773 12.42407749331259 12.50173210930024 12.594074166784134 12.59666366621383 12.678412947975877 12.741675400993865 12.77694743274836 12.800947848751422 12.922641892218323 12.946361093971932 12.963233290180918 13.001841409428197 13.055260288142495 13.076678807876581 13.091786941031748 13.146904750546339 13.211719337056698 13.277756742688494 13.32340102123441 13.36512603017147 13.436700845937963 13.469407764972836 13.48673898925732 13.54546281006729 13.63425446633552 13.725796399975783 13.901328426687796 14.159479105990695 14.403890332502732 14.439407573699809 14.51910149404599 14.549341504520816 14.596260923341653 14.638799305374077 14.86538288799091 14.969267193139595 15.098819928592286 15.201558815755211 
0 1 1 -2.48689977939657e-14 0.3798006282608295 0.8948228774814926 0.994129050432641 1.2556735634873797 1.2868054686354842 1.3726070672521593 1.5614036353365444 1.6505599679349432 1.703816066244017 2.0019873071098693 2.0457249278100504 2.1316283121091675 2.1466154844802006 2.365115029843683 2.392601032058672 2.5295850975219394 2.5734388948615345 2.7632391157526417 2.7853930782435268 2.9435529966444953 3.111714564826789 3.174713239629566 3.2401392077340443 3.384816909586153 3.3971675649632864 3.5135311890638397 3.689106185224104 3.7864578242293465 3.835028180790698 3.9349423702033035 4.005278269080606 4.13014927788508 4.168426372191155 4.2078961826374375 4.279261159739888 4.319479912846172 4.394631476807893 4.4643147012011095 4.490410443746167 4.521736832861506 4.63528063344 4.68295692197132 4.68803351430104 4.837198474348395 4.888022369928602 4.9856705880514385 5.0212152993791825 5.1947934825772055 5.2746872759055545 5.285867693971068 5.328776068529677 5.424653624351599 5.440785447198882 5.452869632726226 5.481300811677745 5.514534057455152 5.5936892072825755 5.651249759212126 5.736462377635403 5.779305359747066 5.813323073364919 5.922964588720967 5.9742079308893405 6.095173400432989 6.118954385852784 6.260194567571192 6.31860439690503 6.370944064153614 6.39673653089898 6.4548147693822004 6.543474953019362 6.680808116106498 6.740121026095734 6.769503655665208 6.802575343203445 6.8648225152637306 7.007444596529142 7.1799578018336625 7.267084148016583 7.318291964369813 7.396933769543923 7.428355506805236 7.4992980114098255 7.730633606879019 7.7498226831636545 7.812943054486362 7.81490661802555 7.882953080362095 7.914411020191576 7.914582086876262 8.010298474959097 8.147192801426446 8.197040773058832 8.250970779866638 8.429873217457391 8.446051680683327 8.574896160568198 8.659679500490906 8.669728218359595 8.75515153350246 8.879663381708866 8.904837197438086 8.997056116566954 9.030297338245262 9.472134395630354 9.482072285256214 9.56783980013858 9.727685157890336 9.778403507097343 9.797612635033223 9.803151923435626 9.896252358993923 10.151355693930293 10.177172942705264 10.226346440006893 10.281240312435207 10.677693869733071 10.724704499779508 10.909009476294154 10.952669658335799 11.238196506092322 11.37372417845769 11.473717867716651 11.565433164825048 11.700067768910158 11.828213440760242 11.887343162016876 12.040878850625973 12.185409012993532 12.200221929156958 12.239526278694436 12.367488838176994 12.413560099270773 12.42407749331259 12.50173210930024 12.594074166784134 12.59666366621383 12.678412947975877 12.741675400993865 12.77694743274836 12.800947848751422 12.922641892218323 12.946361093971932 12.963233290180918 13.001841409428197 13.055260288142495 13.076678807876581 13.091786941031748 13.146904750546339 13.211719337056698 13.277756742688494 13.32340102123441 13.36512603017147 13.436700845937963 13.469407764972836 13.48673898925732 13.54546281006729 13.63425446633552 13.725796399975783 13.901328426687796 14.159479105990695 14.403890332502732 14.439407573699809 14.51910149404599 14.549341504520816 14.596260923341653 14.638799305374077 14.86538288799091 14.969267193139595 15.098819928592286 15.201558815755211 
0 0 1 -3.9968028886505635e-15 0.9656307300223967 1.018938123123167 1.4314345185871507 1.5643926137242967 1.714175677476134 2.0053388283031373 2.165919599834962 2.199382371527942 2.7092852124304083 2.81177466272278 3.2002706121551836 3.314156313557738 3.4853159077956724 3.585786437626905 3.589933759538633 3.7427869295792426 3.911782496168498 4.206319550169171 4.215182813849902 4.2709126438829585 4.62887795063545 4.632477231079074 4.817614525167048 4.952319433000195 5.000000000000002 5.020827894314167 5.257096797835315 5.2598752215790165 5.391750561438142 5.628868838355083 5.657700957937834 5.725028077433726 6.051534527921418 6.086198152725766 6.1965646997878565 6.414213562373094 6.509699937667471 6.730610430361927 6.87491009039794 7.0 7.0000000000000036 7.283910221889421 7.561851328240007 7.570547495042001 7.744645749839576 7.98519050108172 8.070594994677752 8.223845669941117 8.80666454714288 8.817867706393058 9.051859026952924 9.404774048296641 9.698494457791652 9.79923984678318 9.937588843045441 10.203766313824284 10.466764917722271 11.00791447458164 11.419591164667718 
0 -1 1 -3.9968028886505635e-15 0.9656307300223967 1.018938123123167 1.4314345185871507 1.5643926137242967 1.714175677476134 2.0053388283031373 2.165919599834962 2.199382371527942 2.7092852124304083 2.81177466272278 3.2002706121551836 3.314156313557738 3.4853159077956724 3.585786437626905 3.589933759538633 3.7427869295792426 3.911782496168498 4.206319550169171 4.215182813849902 4.2709126438829585 4.62887795063545 4.632477231079074 4.817614525167048 4.952319433000195 5.000000000000002 5.020827894314167 5.257096797835315 5.2598752215790165 5.391750561438142 5.628868838355083 5.657700957937834 5.725028077433726 6.051534527921418 6.086198152725766 6.1965646997878565 6.414213562373094 6.509699937667471 6.730610430361927 6.87491009039794 7.0 7.0000000000000036 7.283910221889421 7.561851328240007 7.570547495042001 7.744645749839576 7.98519050108172 8.070594994677752 8.223845669941117 8.80666454714288 8.817867706393058 9.051859026952924 9.404774048296641 9.698494457791652 9.79923984678318 9.937588843045441 10.203766313824284 10.466764917722271 11.00791447458164 11.419591164667718 
-1 6 0 4.267949192431123 6.267949192431128 7.0 7.000000000000004 7.732050807568879 8.999999999999996 8.999999999999998 9.732050807568879 
-1 5 0 4.267949192431123 6.267949192431128 7.0 7.000000000000004 7.732050807568879 8.999999999999996 8.999999999999998 9.732050807568879 
-1 4 0 1.8642220454366272 2.394497682084832 3.236355570768127 3.5906955614019656 3.7652485590379956 4.780435336191906 4.813965620405563 5.0384693524758335 5.253647376193021 5.3422294638302805 5.617075806124357 6.14141369728722 6.551707375840555 6.937476674494986 7.087136426834067 7.165292444993355 7.339257204097797 7.715277977421192 7.75929333522905 7.9532107522734306 8.237113464672545 8.26794919243112 8.652193161891866 8.668230775054177 8.999999999999996 9.591515566891736 9.692404763986753 9.988810001247467 11.000000000000002 11.000000000000005 11.00000000000002 11.206497069292 11.303443695746598 11.590704386398984 11.73205080756888 12.047009940721084 12.099388632365827 12.39554884373374 12.450121220483313 12.510691719714814 12.627606694363232 12.746390000904931 12.859303139951253 12.990118183459256 12.999999999999998 13.322368235139878 13.434087617519078 13.58081805518792 13.658726568851447 13.999999999999979 14.000000000000004 14.000000000000007 
-1 3 0 1.8642220454366272 2.394497682084832 3.236355570768127 3.5906955614019656 3.7652485590379956 4.780435336191906 4.813965620405563 5.0384693524758335 5.253647376193021 5.3422294638302805 5.617075806124357 6.14141369728722 6.551707375840555 6.937476674494986 7.087136426834067 7.165292444993355 7.339257204097797 7.715277977421192 7.75929333522905 7.9532107522734306 8.237113464672545 8.26794919243112 8.652193161891866 8.668230775054177 8.999999999999996 9.591515566891736 9.692404763986753 9.988810001247467 11.000000000000002 11.000000000000005 11.00000000000002 11.206497069292 11.303443695746598 11.590704386398984 11.73205080756888 12.047009940721084 12.099388632365827 12.39554884373374 12.450121220483313 12.510691719714814 12.627606694363232 12.746390000904931 12.859303139951253 12.990118183459256 12.999999999999998 13.322368235139878 13.434087617519078 13.58081805518792 13.658726568851447 13.999999999999979 14.000000000000004 14.000000000000007 
-1 2 0 1.255673563487384 1.7038160662439852 2.001987307109908 2.1466154844802032 2.5295850975219274 2.5734388948615368 2.763239115752632 3.1117145648267988 3.240139207734054 3.608934923150656 3.835028180790705 4.005278269080596 4.207896182637439 4.319479912846171 4.394631476807896 4.521736832861505 4.682956921971318 4.847195902518336 5.021215299379188 5.28586769397107 5.440785447198884 5.514534057455153 5.779305359747066 5.974207930889341 6.09517340043299 6.318604396905028 6.391988806630194 6.454814769382193 6.543474953019361 6.565996653782307 6.769503655665204 6.80257534320345 7.007444596529143 7.267084148016585 7.73063360687902 7.79240417488277 7.8149066180255495 7.882953080362098 7.914411020191578 8.010298474959093 8.25097077986664 8.415740424081468 8.429873217457384 8.574896160568194 8.669728218359586 8.755151533502465 8.879663381708866 8.997056116566958 9.1301795088579 9.48207228525621 9.567839800138579 9.803151923435628 9.984170216258612 10.151355693930299 10.219545566820454 10.226346440006898 10.591708584307488 10.677693869733055 10.909009476294159 11.238196506092322 12.501732109300235 12.596663666213825 12.776947432748367 12.922641892218323 13.001841409428183 13.07667880787657 13.127423337439303 13.323401021234401 13.436700845937954 13.486738989257319 13.58696663565957 13.640181227098422 13.851144363226451 13.901328426687781 14.159479105990696 14.4038903325027 14.439407573699812 14.519101494046007 14.549341504520807 14.596260923341648 14.638799305374086 14.865382887990922 14.969267193139597 15.098819928592281 15.20155881575521 15.24641967528606 15.999999999999996 16.000000000000018 
-1 1 0 1.255673563487384 1.7038160662439852 2.001987307109908 2.1466154844802032 2.5295850975219274 2.5734388948615368 2.763239115752632 3.1117145648267988 3.240139207734054 3.608934923150656 3.835028180790705 4.005278269080596 4.207896182637439 4.319479912846171 4.394631476807896 4.521736832861505 4.682956921971318 4.847195902518336 5.021215299379188 5.28586769397107 5.440785447198884 5.514534057455153 5.779305359747066 5.974207930889341 6.09517340043299 6.318604396905028 6.391988806630194 6.454814769382193 6.543474953019361 6.565996653782307 6.769503655665204 6.80257534320345 7.007444596529143 7.267084148016585 7.73063360687902 7.79240417488277 7.8149066180255495 7.882953080362098 7.914411020191578 8.010298474959093 8.25097077986664 8.415740424081468 8.429873217457384 8.574896160568194 8.669728218359586 8.755151533502465 8.879663381708866 8.997056116566958 9.1301795088579 9.48207228525621 9.567839800138579 9.803151923435628 9.984170216258612 10.151355693930299 10.219545566820454 10.226346440006898 10.591708584307488 10.677693869733055 10.909009476294159 11.238196506092322 12.501732109300235 12.596663666213825 12.776947432748367 12.922641892218323 13.001841409428183 13.07667880787657 13.127423337439303 13.323401021234401 13.436700845937954 13.486738989257319 13.58696663565957 13.640181227098422 13.851144363226451 13.901328426687781 14.159479105990696 14.4038903325027 14.439407573699812 14.519101494046007 14.549341504520807 14.596260923341648 14.638799305374086 14.865382887990922 14.969267193139597 15.098819928592281 15.20155881575521 15.24641967528606 15.999999999999996 16.000000000000018 
-1 0 0 0.9656307300223935 1.4314345185871518 1.564392613724294 2.0053388283031386 2.199382371527943 2.81177466272278 3.0398275001154444 3.2002706121551823 3.314156313557736 3.3789403349813 3.589933759538633 3.7427869295792413 3.968576594041151 4.142611939418319 4.206319550169168 4.270912643882958 4.628877950635448 4.817614525167047 5.020827894314166 5.259875221579011 5.391750561438141 5.657700957937832 5.845334263769174 6.051534527921412 6.1965646997878565 6.4894968643750675 6.5096999376674685 6.609566476147036 6.664335163839535 6.730610430361925 6.874910090397942 6.999999999999996 7.1548349437470105 7.561851328240012 7.744645749839581 8.070594994677752 8.22384566994112 8.226444458158038 8.817867706393061 8.84804902532462 9.404774048296638 9.698494457791655 9.937588843045434 10.203766313824284 10.466764917722267 10.779444760061464 11.007914474581654 11.244412459686673 11.419591164667725 11.652769898234787 12.264425512516976 12.690929805583428 
-1 -1 0 0.9656307300223935 1.4314345185871518 1.564392613724294 2.0053388283031386 2.199382371527943 2.81177466272278 3.0398275001154444 3.2002706121551823 3.314156313557736 3.3789403349813 3.589933759538633 3.7427869295792413 3.968576594041151 4.142611939418319 4.206319550169168 4.270912643882958 4.628877950635448 4.817614525167047 5.020827894314166 5.259875221579011 5.391750561438141 5.657700957937832 5.845334263769174 6.051534527921412 6.1965646997878565 6.4894968643750675 6.5096999376674685 6.609566476147036 6.664335163839535 6.730610430361925 6.874910090397942 6.999999999999996 7.1548349437470105 7.561851328240012 7.744645749839581 8.070594994677752 8.22384566994112 8.226444458158038 8.817867706393061 8.84804902532462 9.404774048296638 9.698494457791655 9.937588843045434 10.203766313824284 10.466764917722267 10.779444760061464 11.007914474581654 11.244412459686673 11.419591164667725 11.652769898234787 12.264425512516976 12.690929805583428 
-1 -2 0 0.9999999999999992 2.999999999999999 3.0 3.0 3.0 4.999999999999999 5.0 5.0 
0 -2 0 0.9999999999999992 2.999999999999999 3.0 4.999999999999999 
-1 -3 0 0.9999999999999992 2.999999999999999 3.0 3.0 3.0 4.999999999999999 5.0 5.0 
0 -3 0 0.9999999999999992 2.999999999999999 3.0 4.999999999999999 
-2 4 0 8.267949192431116 8.999999999999998 10.999999999999996 11.0 11.732050807568877 
-2 3 0 8.267949192431116 8.999999999999998 10.999999999999996 11.0 11.732050807568877 
-2 2 0 3.6089349231506573 4.847195902518333 6.391988806630194 6.565996653782297 7.792404174882771 8.41574042408147 9.1301795088579 9.984170216258612 10.219545566820443 10.591708584307485 13.000000000000005 13.127423337439303 13.58696663565957 13.640181227098411 13.85114436322645 15.246419675286072 15.999999999999995 15.999999999999998 
-2 1 0 3.6089349231506573 4.847195902518333 6.391988806630194 6.565996653782297 7.792404174882771 8.41574042408147 9.1301795088579 9.984170216258612 10.219545566820443 10.591708584307485 13.000000000000005 13.127423337439303 13.58696663565957 13.640181227098411 13.85114436322645 15.246419675286072 15.999999999999995 15.999999999999998 
-2 0 0 3.039827500115445 3.378940334981301 3.968576594041147 4.142611939418315 5.845334263769174 6.489496864375066 6.609566476147033 6.664335163839531 7.154834943747007 7.458618734850891 8.226444458158033 8.848049025324618 10.77944476006146 11.24441245968667 11.652769898234776 12.264425512516977 12.690929805583433 13.541381265149102 
-2 -1 0 3.039827500115445 3.378940334981301 3.968576594041147 4.142611939418315 5.845334263769174 6.489496864375066 6.609566476147033 6.664335163839531 7.154834943747007 7.458618734850891 8.226444458158033 8.848049025324618 10.77944476006146 11.24441245968667 11.652769898234776 12.264425512516977 12.690929805583433 13.541381265149102 
-2 -2 0 3.0 3.0 5.0 5.0 5.0 
-2 -3 0 3.0 3.0 5.0 5.0 5.0 
-3 2 0 13.0 
-3 1 0 13.0 
-3 0 0 7.458618734850892 13.54138126514911 
-3 -1 0 7.458618734850892 13.54138126514911 
-3 -2 0 5.0 
-3 -3 0 5.0 
