4 12 0 0.585786437626905 1.9999999999999996 3.414213562373095 3.999999999999999 
5 12 0 4.0 
4 11 0 0.585786437626905 1.9999999999999996 3.414213562373095 3.999999999999999 
5 11 0 4.0 
4 10 0 1.1137337011214263 1.5941676466522599 2.214620508061303 3.0238616105502554 3.6610882162170264 4.013362171879794 4.835340268569912 5.171572875253809 6.488489393222245 7.677056840693499 8.627979280112486 9.297109450704149 9.453190912215652 10.828427124746193 
5 10 0 5.171572875253809 10.82842712474619 
4 9 0 1.1137337011214263 1.5941676466522599 2.214620508061303 3.0238616105502554 3.6610882162170264 4.013362171879794 4.835340268569912 5.171572875253809 6.488489393222245 7.677056840693499 8.627979280112486 9.297109450704149 9.453190912215652 10.828427124746193 
5 9 0 5.171572875253809 10.82842712474619 
4 8 0 1.7618058526223188 2.6048439005848523 3.1799497496142615 4.309869858264356 5.313044662062766 6.636707613766549 7.068453687764502 7.836662078352531 9.657237282903754 9.944768706473809 9.999999999999998 10.36534597326044 11.32131063432983 12.0 
5 8 0 10.0 
4 7 0 1.7618058526223188 2.6048439005848523 3.1799497496142615 4.309869858264356 5.313044662062766 6.636707613766549 7.068453687764502 7.836662078352531 9.657237282903754 9.944768706473809 9.999999999999998 10.36534597326044 11.32131063432983 12.0 
5 7 0 10.0 
3 12 0 0.585786437626905 1.9999999999999998 3.414213562373095 
3 11 0 0.585786437626905 1.9999999999999998 3.414213562373095 
3 10 1 8.614339732752199e-16 0.849788969088955 1.1137337011214246 1.3789943838794125 1.594167646652259 2.214620508061301 2.8907654439108406 3.0238616105502576 3.3196438016435765 3.6610882162170286 3.7908536813531404 4.000000000000002 4.013362171879793 4.835340268569909 5.1809044949752865 5.480383192734598 6.488489393222245 6.7417237838503645 6.962817490123451 7.40412475844038 7.6770568406935 8.627979280112482 9.297109450704143 9.453190912215652 
3 9 1 8.614339732752199e-16 0.849788969088955 1.1137337011214246 1.3789943838794125 1.594167646652259 2.214620508061301 2.8907654439108406 3.0238616105502576 3.3196438016435765 3.6610882162170286 3.7908536813531404 4.000000000000002 4.013362171879793 4.835340268569909 5.1809044949752865 5.480383192734598 6.488489393222245 6.7417237838503645 6.962817490123451 7.40412475844038 7.6770568406935 8.627979280112482 9.297109450704143 9.453190912215652 
3 8 0 0.3667838583069298 0.8869301060885424 1.0488301544405134 1.7550903748824127 1.7618058526223201 2.056054166194502 2.195796980164422 2.4035147637928294 2.604843900584861 2.90536448619919 3.1799497496142655 3.2246014718103293 3.655949873033992 4.309869858264356 4.3595879332850815 4.50146404562913 5.020379258922245 5.313044662062765 5.348972159219409 5.910476525784966 6.286023925485027 6.634598612186649 6.636707613766548 6.917870122294833 7.0684536877645 7.492021680483772 7.83666207835253 9.417346732113579 9.547942163032051 9.65723728290376 9.877078494142385 9.944768706473802 10.365345973260439 10.429476356867433 10.686928966530074 11.029441568717525 11.108589300584118 11.321310634329835 11.36070422997082 11.782607356334086 11.789574333503136 12.0 
3 7 0 0.3667838583069298 0.8869301060885424 1.0488301544405134 1.7550903748824127 1.7618058526223201 2.056054166194502 2.195796980164422 2.4035147637928294 2.604843900584861 2.90536448619919 3.1799497496142655 3.2246014718103293 3.655949873033992 4.309869858264356 4.3595879332850815 4.50146404562913 5.020379258922245 5.313044662062765 5.348972159219409 5.910476525784966 6.286023925485027 6.634598612186649 6.636707613766548 6.917870122294833 7.0684536877645 7.492021680483772 7.83666207835253 9.417346732113579 9.547942163032051 9.65723728290376 9.877078494142385 9.944768706473802 10.365345973260439 10.429476356867433 10.686928966530074 11.029441568717525 11.108589300584118 11.321310634329835 11.36070422997082 11.782607356334086 11.789574333503136 12.0 
3 6 0 0.9777273104187338 1.8111048905216787 2.00561825226339 2.5756202250676266 3.1144196500929295 3.438447187191168 3.484799960285427 3.70213482307353 4.57656618739532 4.875008705927805 5.920630749867513 7.000000000000003 7.223976050820179 7.495607595509063 7.561552812808835 7.939315643038001 8.000000000000002 8.264836633354733 8.786397146155018 8.998305357731551 9.276962593412101 9.428019964337002 9.758406696969024 9.784541563759417 
4 6 0 3.43844718719117 7.0 7.56155281280883 8.0 
3 5 0 0.9777273104187338 1.8111048905216787 2.00561825226339 2.5756202250676266 3.1144196500929295 3.438447187191168 3.484799960285427 3.70213482307353 4.57656618739532 4.875008705927805 5.920630749867513 7.000000000000003 7.223976050820179 7.495607595509063 7.561552812808835 7.939315643038001 8.000000000000002 8.264836633354733 8.786397146155018 8.998305357731551 9.276962593412101 9.428019964337002 9.758406696969024 9.784541563759417 
4 5 0 3.43844718719117 7.0 7.56155281280883 8.0 
2 10 0 0.8497889690889573 1.3789943838794145 2.8907654439108397 3.3196438016435774 3.7908536813531346 3.9999999999999956 3.999999999999999 5.180904494975283 5.480383192734597 6.741723783850362 6.962817490123443 7.404124758440379 
2 9 0 0.8497889690889573 1.3789943838794145 2.8907654439108397 3.3196438016435774 3.7908536813531346 3.9999999999999956 3.999999999999999 5.180904494975283 5.480383192734597 6.741723783850362 6.962817490123443 7.404124758440379 
2 8 0 0.36678385830693294 0.8869301060885371 1.0488301544405032 1.5662869320518555 1.7550903748824078 2.056054166194498 2.1957969801644217 2.4035147637928307 2.748642374246453 2.90536448619919 3.2246014718103293 3.458618734850891 3.6559498730339866 4.240485446502789 4.359587933285085 4.501464045629131 4.571173613933387 5.020379258922252 5.34897215921941 5.910476525784965 6.286023925485033 6.469623323766234 6.634598612186655 6.917870122294836 7.430785844177834 7.492021680483776 8.09211658680089 8.999999999999998 9.0 9.000000000000004 9.043275173972656 9.417346732113575 9.541381265149107 9.547942163032054 9.837610704547924 9.877078494142381 10.000000000000004 10.429476356867422 10.686928966530077 11.029441568717536 11.108589300584127 11.360704229970828 11.782607356334092 11.789574333503134 
2 7 0 0.36678385830693294 0.8869301060885371 1.0488301544405032 1.5662869320518555 1.7550903748824078 2.056054166194498 2.1957969801644217 2.4035147637928307 2.748642374246453 2.90536448619919 3.2246014718103293 3.458618734850891 3.6559498730339866 4.240485446502789 4.359587933285085 4.501464045629131 4.571173613933387 5.020379258922252 5.34897215921941 5.910476525784965 6.286023925485033 6.469623323766234 6.634598612186655 6.917870122294836 7.430785844177834 7.492021680483776 8.09211658680089 8.999999999999998 9.0 9.000000000000004 9.043275173972656 9.417346732113575 9.541381265149107 9.547942163032054 9.837610704547924 9.877078494142381 10.000000000000004 10.429476356867422 10.686928966530077 11.029441568717536 11.108589300584127 11.360704229970828 11.782607356334092 11.789574333503134 
2 6 1 1.705987170418312e-15 0.977727310418729 1.5898982507774995 1.811104890521677 2.005618252263392 2.049571229071294 2.2789925181266835 2.5756202250676283 2.794402376128883 3.114419650092929 3.4132743421974414 3.484799960285429 3.7021348230735303 3.962381517157589 4.473755355001044 4.576566187395318 4.814164409493494 4.875008705927806 5.494574776058948 5.616253713054268 5.920630749867515 6.015386976106884 6.6924808867847725 6.8476286561344 7.2239760508201725 7.495607595509058 7.939315643037994 8.264836633354733 8.786397146155009 8.998305357731542 9.276962593412101 9.428019964337 9.559420799587649 9.75840669696902 9.784541563759415 10.149178079571342 10.37847687436106 10.498757346645865 10.65633175834821 10.826354114575977 10.95642198273933 11.308126971101924 11.624167066975444 11.999999999999998 
2 5 1 1.705987170418312e-15 0.977727310418729 1.5898982507774995 1.811104890521677 2.005618252263392 2.049571229071294 2.2789925181266835 2.5756202250676283 2.794402376128883 3.114419650092929 3.4132743421974414 3.484799960285429 3.7021348230735303 3.962381517157589 4.473755355001044 4.576566187395318 4.814164409493494 4.875008705927806 5.494574776058948 5.616253713054268 5.920630749867515 6.015386976106884 6.6924808867847725 6.8476286561344 7.2239760508201725 7.495607595509058 7.939315643037994 8.264836633354733 8.786397146155009 8.998305357731542 9.276962593412101 9.428019964337 9.559420799587649 9.75840669696902 9.784541563759415 10.149178079571342 10.37847687436106 10.498757346645865 10.65633175834821 10.826354114575977 10.95642198273933 11.308126971101924 11.624167066975444 11.999999999999998 
2 4 0 1.5706024174779358 2.5857864376269046 2.5857864376269064 3.419260513235324 3.999999999999999 3.9999999999999996 4.000000000000001 5.414213562373095 5.414213562373097 5.727240691214088 6.000000000000002 7.282896378072653 
3 4 0 2.585786437626905 3.9999999999999987 5.414213562373095 
2 3 0 1.5706024174779358 2.5857864376269046 2.5857864376269064 3.419260513235324 3.999999999999999 3.9999999999999996 4.000000000000001 5.414213562373095 5.414213562373097 5.727240691214088 6.000000000000002 7.282896378072653 
3 3 0 2.585786437626905 3.9999999999999987 5.414213562373095 
1 10 0 4.0 
1 9 0 4.0 
1 8 0 1.5662869320518487 2.748642374246452 3.45861873485089 3.585786437626907 4.240485446502787 4.5711736139333885 6.4142135623731 6.469623323766235 7.0 7.430785844177832 8.09211658680089 9.0 9.000000000000002 9.000000000000004 9.04327517397265 9.541381265149099 9.837610704547924 10.0 
1 7 0 1.5662869320518487 2.748642374246452 3.45861873485089 3.585786437626907 4.240485446502787 4.5711736139333885 6.4142135623731 6.469623323766235 7.0 7.430785844177832 8.09211658680089 9.0 9.000000000000002 9.000000000000004 9.04327517397265 9.541381265149099 9.837610704547924 10.0 
1 6 0 0.6189628236506032 1.5898982507775026 2.0495712290712937 2.249155549050058 2.278992518126682 2.7944023761288825 3.413274342197444 3.8558589288586345 3.9623815171575947 4.4605394730064045 4.473755355001049 4.814164409493493 5.494574776058952 5.6162537130542685 5.85434259951448 6.0153869761068846 6.692480886784772 6.805037418166636 6.847628656134399 9.559420799587654 9.861820031231835 10.149178079571342 10.30543996028311 10.37847687436106 10.498757346645863 10.65633175834821 10.82635411457598 10.956421982739329 10.988843216238255 11.308126971101926 11.624167066975453 11.999999999999995 12.0 12.000000000000005 
1 5 0 0.6189628236506032 1.5898982507775026 2.0495712290712937 2.249155549050058 2.278992518126682 2.7944023761288825 3.413274342197444 3.8558589288586345 3.9623815171575947 4.4605394730064045 4.473755355001049 4.814164409493493 5.494574776058952 5.6162537130542685 5.85434259951448 6.0153869761068846 6.692480886784772 6.805037418166636 6.847628656134399 9.559420799587654 9.861820031231835 10.149178079571342 10.30543996028311 10.37847687436106 10.498757346645863 10.65633175834821 10.82635411457598 10.956421982739329 10.988843216238255 11.308126971101926 11.624167066975453 11.999999999999995 12.0 12.000000000000005 
1 4 0 0.9308222313597002 1.570602417477934 2.4706453114472784 2.5857864376269024 2.950161673810254 3.419260513235326 3.843039479156829 3.999999999999998 4.0 5.414213562373095 5.72724069121409 5.999999999999999 6.0 6.3974835831952745 7.282896378072653 7.958035785096534 9.000000000000005 9.44981193593414 
1 3 0 0.9308222313597002 1.570602417477934 2.4706453114472784 2.5857864376269024 2.950161673810254 3.419260513235326 3.843039479156829 3.999999999999998 4.0 5.414213562373095 5.72724069121409 5.999999999999999 6.0 6.3974835831952745 7.282896378072653 7.958035785096534 9.000000000000005 9.44981193593414 
0 8 0 3.585786437626905 6.414213562373095 7.0 
0 7 0 3.585786437626905 6.414213562373095 7.0 
0 6 0 0.6189628236506043 2.2491555490500557 3.8558589288586322 4.460539473006399 5.854342599514476 6.805037418166628 8.999999999999993 9.861820031231833 10.305439960283108 10.988843216238255 11.99999999999999 11.999999999999996 
0 5 0 0.6189628236506043 2.2491555490500557 3.8558589288586322 4.460539473006399 5.854342599514476 6.805037418166628 8.999999999999993 9.861820031231833 10.305439960283108 10.988843216238255 11.99999999999999 11.999999999999996 
0 4 1 3.3306690738754696e-16 0.9308222313597032 2.470645311447271 2.9501616738102494 3.84303947915683 4.1458980337503135 6.0 6.397483583195268 7.958035785096525 9.0 9.449811935934141 10.854101966249686 
0 3 1 3.3306690738754696e-16 0.9308222313597032 2.470645311447271 2.9501616738102494 3.84303947915683 4.1458980337503135 6.0 6.397483583195268 7.958035785096525 9.0 9.449811935934141 10.854101966249686 
0 2 1 -4.440892098500626e-16 1.9999999999999998 3.0 
1 2 0 2.0 
0 1 1 -4.440892098500626e-16 1.9999999999999998 3.0 
1 1 0 2.0 
-1 6 0 9.0 
-1 5 0 9.0 
-1 4 0 4.145898033750315 10.854101966249685 
-1 3 0 4.145898033750315 10.854101966249685 
-1 2 0 3.0 
-1 1 0 3.0 
