0 0 1 -3.924811864397526e-17 2.0 3.0 
1 0 0 3.0 
0 -1 1 -3.924811864397526e-17 2.0 3.0 
1 -1 0 3.0 
0 -2 1 2.617459281288901e-15 0.9308222313597053 2.470645311447275 2.9501616738102485 3.84303947915683 4.145898033750315 5.999999999999998 6.397483583195272 7.958035785096524 8.999999999999993 9.449811935934136 10.854101966249685 
1 -2 0 4.145898033750315 10.854101966249685 
0 -3 1 2.617459281288901e-15 0.9308222313597053 2.470645311447275 2.9501616738102485 3.84303947915683 4.145898033750315 5.999999999999998 6.397483583195272 7.958035785096524 8.999999999999993 9.449811935934136 10.854101966249685 
1 -3 0 4.145898033750315 10.854101966249685 
0 -4 0 0.618962823650602 2.2491555490500557 3.855858928858634 4.460539473006401 5.854342599514474 6.805037418166627 9.0 9.861820031231833 10.305439960283106 10.988843216238251 11.999999999999993 11.999999999999995 
1 -4 0 9.0 
0 -5 0 0.618962823650602 2.2491555490500557 3.855858928858634 4.460539473006401 5.854342599514474 6.805037418166627 9.0 9.861820031231833 10.305439960283106 10.988843216238251 11.999999999999993 11.999999999999995 
1 -5 0 9.0 
-1 0 0 2.0 
-1 -1 0 2.0 
-1 -2 0 0.9308222313597067 1.5706024174779367 2.4706453114472753 2.585786437626903 2.9501616738102525 3.419260513235325 3.8430394791568294 3.9999999999999982 4.000000000000001 5.414213562373092 5.727240691214089 6.000000000000001 6.000000000000002 6.397483583195272 7.282896378072648 7.958035785096529 8.999999999999995 9.449811935934138 
-1 -3 0 0.9308222313597067 1.5706024174779367 2.4706453114472753 2.585786437626903 2.9501616738102525 3.419260513235325 3.8430394791568294 3.9999999999999982 4.000000000000001 5.414213562373092 5.727240691214089 6.000000000000001 6.000000000000002 6.397483583195272 7.282896378072648 7.958035785096529 8.999999999999995 9.449811935934138 
-1 -4 0 0.6189628236506046 1.589898250777498 2.049571229071291 2.2491555490500503 2.278992518126679 2.7944023761288816 3.413274342197444 3.855858928858634 3.9623815171575942 4.4605394730063965 4.473755355001048 4.814164409493491 5.494574776058949 5.6162537130542685 5.854342599514478 6.015386976106881 6.692480886784772 6.805037418166634 6.847628656134403 9.559420799587656 9.861820031231836 10.149178079571344 10.305439960283106 10.378476874361054 10.498757346645862 10.656331758348204 10.826354114575985 10.956421982739322 10.988843216238255 11.308126971101926 11.624167066975442 11.999999999999993 12.000000000000002 12.000000000000004 
-1 -5 0 0.6189628236506046 1.589898250777498 2.049571229071291 2.2491555490500503 2.278992518126679 2.7944023761288816 3.413274342197444 3.855858928858634 3.9623815171575942 4.4605394730063965 4.473755355001048 4.814164409493491 5.494574776058949 5.6162537130542685 5.854342599514478 6.015386976106881 6.692480886784772 6.805037418166634 6.847628656134403 9.559420799587656 9.861820031231836 10.149178079571344 10.305439960283106 10.378476874361054 10.498757346645862 10.656331758348204 10.826354114575985 10.956421982739322 10.988843216238255 11.308126971101926 11.624167066975442 11.999999999999993 12.000000000000002 12.000000000000004 
-1 -6 0 1.5662869320518493 2.7486423742464514 3.458618734850885 3.5857864376269024 4.240485446502785 4.571173613933385 6.414213562373097 6.4696233237662355 7.0 7.430785844177831 8.09211658680089 8.999999999999996 8.999999999999998 9.000000000000004 9.043275173972654 9.541381265149115 9.837610704547917 9.999999999999993 
0 -6 0 3.5857864376269024 6.414213562373097 6.999999999999997 
-1 -7 0 1.5662869320518493 2.7486423742464514 3.458618734850885 3.5857864376269024 4.240485446502785 4.571173613933385 6.414213562373097 6.4696233237662355 7.0 7.430785844177831 8.09211658680089 8.999999999999996 8.999999999999998 9.000000000000004 9.043275173972654 9.541381265149115 9.837610704547917 9.999999999999993 
0 -7 0 3.5857864376269024 6.414213562373097 6.999999999999997 
-2 -2 0 1.5706024174779358 2.585786437626904 2.585786437626906 3.4192605132353258 3.9999999999999982 4.0 4.0 5.414213562373094 5.414213562373096 5.727240691214087 6.0 7.282896378072647 
-2 -3 0 1.5706024174779358 2.585786437626904 2.585786437626906 3.4192605132353258 3.9999999999999982 4.0 4.0 5.414213562373094 5.414213562373096 5.727240691214087 6.0 7.282896378072647 
-2 -4 1 -1.137634850256541e-15 0.9777273104187303 1.5898982507774988 1.8111048905216804 2.005618252263387 2.0495712290712955 2.2789925181266826 2.5756202250676257 2.7944023761288816 3.1144196500929313 3.4132743421974423 3.484799960285427 3.702134823073527 3.962381517157592 4.473755355001047 4.57656618739532 4.814164409493495 4.875008705927803 5.494574776058947 5.61625371305427 5.920630749867514 6.015386976106885 6.692480886784773 6.847628656134399 7.223976050820178 7.495607595509059 7.939315643038001 8.264836633354728 8.786397146155013 8.998305357731546 9.276962593412101 9.428019964337002 9.55942079958766 9.758406696969015 9.784541563759412 10.14917807957134 10.378476874361057 10.498757346645869 10.656331758348202 10.82635411457598 10.956421982739332 11.308126971101935 11.624167066975442 11.999999999999996 
-2 -5 1 -1.137634850256541e-15 0.9777273104187303 1.5898982507774988 1.8111048905216804 2.005618252263387 2.0495712290712955 2.2789925181266826 2.5756202250676257 2.7944023761288816 3.1144196500929313 3.4132743421974423 3.484799960285427 3.702134823073527 3.962381517157592 4.473755355001047 4.57656618739532 4.814164409493495 4.875008705927803 5.494574776058947 5.61625371305427 5.920630749867514 6.015386976106885 6.692480886784773 6.847628656134399 7.223976050820178 7.495607595509059 7.939315643038001 8.264836633354728 8.786397146155013 8.998305357731546 9.276962593412101 9.428019964337002 9.55942079958766 9.758406696969015 9.784541563759412 10.14917807957134 10.378476874361057 10.498757346645869 10.656331758348202 10.82635411457598 10.956421982739332 11.308126971101935 11.624167066975442 11.999999999999996 
-2 -6 0 0.36678385830692845 0.886930106088539 1.048830154440519 1.5662869320518558 1.7550903748824103 2.056054166194502 2.1957969801644186 2.4035147637928276 2.74864237424645 2.9053644861991863 3.224601471810331 3.458618734850888 3.6559498730339874 4.240485446502788 4.359587933285085 4.501464045629132 4.571173613933391 5.020379258922246 5.348972159219408 5.9104765257849605 6.286023925485035 6.469623323766232 6.634598612186653 6.91787012229483 7.43078584417783 7.492021680483777 8.092116586800886 9.0 9.000000000000002 9.000000000000007 9.043275173972647 9.41734673211358 9.54138126514911 9.547942163032054 9.83761070454792 9.877078494142383 10.0 10.42947635686743 10.686928966530074 11.02944156871753 11.108589300584125 11.360704229970825 11.782607356334085 11.789574333503134 
-2 -7 0 0.36678385830692845 0.886930106088539 1.048830154440519 1.5662869320518558 1.7550903748824103 2.056054166194502 2.1957969801644186 2.4035147637928276 2.74864237424645 2.9053644861991863 3.224601471810331 3.458618734850888 3.6559498730339874 4.240485446502788 4.359587933285085 4.501464045629132 4.571173613933391 5.020379258922246 5.348972159219408 5.9104765257849605 6.286023925485035 6.469623323766232 6.634598612186653 6.91787012229483 7.43078584417783 7.492021680483777 8.092116586800886 9.0 9.000000000000002 9.000000000000007 9.043275173972647 9.41734673211358 9.54138126514911 9.547942163032054 9.83761070454792 9.877078494142383 10.0 10.42947635686743 10.686928966530074 11.02944156871753 11.108589300584125 11.360704229970825 11.782607356334085 11.789574333503134 
-2 -8 0 0.8497889690889558 1.3789943838794099 2.8907654439108392 3.3196438016435783 3.7908536813531373 3.9999999999999987 4.0 5.180904494975286 5.480383192734597 6.741723783850361 6.962817490123445 7.404124758440381 
-1 -8 0 4.0 
-2 -9 0 0.8497889690889558 1.3789943838794099 2.8907654439108392 3.3196438016435783 3.7908536813531373 3.9999999999999987 4.0 5.180904494975286 5.480383192734597 6.741723783850361 6.962817490123445 7.404124758440381 
-1 -9 0 4.0 
-3 -2 0 2.585786437626904 4.0 5.414213562373094 
-3 -3 0 2.585786437626904 4.0 5.414213562373094 
-3 -4 0 0.9777273104187321 1.8111048905216782 2.0056182522633885 2.575620225067626 3.1144196500929304 3.4384471871911693 3.4847999602854274 3.70213482307353 4.576566187395322 4.8750087059278036 5.920630749867519 6.999999999999999 7.223976050820176 7.495607595509058 7.561552812808829 7.939315643037999 8.000000000000002 8.26483663335473 8.786397146155016 8.998305357731546 9.276962593412097 9.428019964337006 9.758406696969018 9.784541563759413 
-3 -5 0 0.9777273104187321 1.8111048905216782 2.0056182522633885 2.575620225067626 3.1144196500929304 3.4384471871911693 3.4847999602854274 3.70213482307353 4.576566187395322 4.8750087059278036 5.920630749867519 6.999999999999999 7.223976050820176 7.495607595509058 7.561552812808829 7.939315643037999 8.000000000000002 8.26483663335473 8.786397146155016 8.998305357731546 9.276962593412097 9.428019964337006 9.758406696969018 9.784541563759413 
-3 -6 0 0.3667838583069338 0.8869301060885433 1.048830154440516 1.7550903748824143 1.7618058526223195 2.0560541661945027 2.1957969801644213 2.403514763792828 2.6048439005848607 2.9053644861991854 3.179949749614266 3.2246014718103297 3.6559498730339928 4.309869858264357 4.359587933285082 4.501464045629133 5.020379258922249 5.313044662062767 5.348972159219406 5.9104765257849685 6.286023925485034 6.634598612186652 6.63670761376655 6.9178701222948344 7.068453687764505 7.492021680483776 7.836662078352532 9.417346732113577 9.547942163032054 9.657237282903756 9.87707849414238 9.944768706473807 10.365345973260434 10.429476356867434 10.686928966530079 11.029441568717528 11.108589300584123 11.321310634329832 11.360704229970821 11.78260735633408 11.789574333503134 12.0 
-3 -7 0 0.3667838583069338 0.8869301060885433 1.048830154440516 1.7550903748824143 1.7618058526223195 2.0560541661945027 2.1957969801644213 2.403514763792828 2.6048439005848607 2.9053644861991854 3.179949749614266 3.2246014718103297 3.6559498730339928 4.309869858264357 4.359587933285082 4.501464045629133 5.020379258922249 5.313044662062767 5.348972159219406 5.9104765257849685 6.286023925485034 6.634598612186652 6.63670761376655 6.9178701222948344 7.068453687764505 7.492021680483776 7.836662078352532 9.417346732113577 9.547942163032054 9.657237282903756 9.87707849414238 9.944768706473807 10.365345973260434 10.429476356867434 10.686928966530079 11.029441568717528 11.108589300584123 11.321310634329832 11.360704229970821 11.78260735633408 11.789574333503134 12.0 
-3 -8 1 6.426409112906986e-15 0.8497889690889585 1.1137337011214252 1.3789943838794154 1.5941676466522623 2.214620508061306 2.890765443910841 3.023861610550256 3.3196438016435783 3.661088216217026 3.7908536813531355 3.9999999999999973 4.013362171879795 4.8353402685699125 5.180904494975283 5.480383192734598 6.488489393222249 6.741723783850364 6.96281749012345 7.4041247584403855 7.6770568406935045 8.627979280112482 9.297109450704154 9.453190912215646 
-3 -9 1 6.426409112906986e-15 0.8497889690889585 1.1137337011214252 1.3789943838794154 1.5941676466522623 2.214620508061306 2.890765443910841 3.023861610550256 3.3196438016435783 3.661088216217026 3.7908536813531355 3.9999999999999973 4.013362171879795 4.8353402685699125 5.180904494975283 5.480383192734598 6.488489393222249 6.741723783850364 6.96281749012345 7.4041247584403855 7.6770568406935045 8.627979280112482 9.297109450704154 9.453190912215646 
-4 -4 0 3.438447187191172 7.0 7.561552812808827 7.999999999999999 
-4 -5 0 3.438447187191172 7.0 7.561552812808827 7.999999999999999 
-4 -6 0 1.7618058526223224 2.6048439005848607 3.179949749614264 4.3098698582643555 5.313044662062772 6.636707613766549 7.0684536877644994 7.836662078352533 9.65723728290376 9.944768706473807 10.000000000000007 10.365345973260437 11.321310634329834 12.0 
-4 -7 0 1.7618058526223224 2.6048439005848607 3.179949749614264 4.3098698582643555 5.313044662062772 6.636707613766549 7.0684536877644994 7.836662078352533 9.65723728290376 9.944768706473807 10.000000000000007 10.365345973260437 11.321310634329834 12.0 
-4 -8 0 1.1137337011214257 1.5941676466522607 2.2146205080613046 3.0238616105502585 3.661088216217028 4.013362171879791 4.8353402685699125 5.171572875253813 6.488489393222246 7.677056840693503 8.627979280112482 9.297109450704143 9.453190912215646 10.828427124746188 
-4 -9 0 1.1137337011214257 1.5941676466522607 2.2146205080613046 3.0238616105502585 3.661088216217028 4.013362171879791 4.8353402685699125 5.171572875253813 6.488489393222246 7.677056840693503 8.627979280112482 9.297109450704143 9.453190912215646 10.828427124746188 
-4 -10 0 0.5857864376269059 1.9999999999999991 3.4142135623730954 4.0 
-3 -10 0 0.5857864376269042 2.0 3.414213562373095 
-4 -11 0 0.5857864376269059 1.9999999999999991 3.4142135623730954 4.0 
-3 -11 0 0.5857864376269042 2.0 3.414213562373095 
-5 -6 0 10.0 
-5 -7 0 10.0 
-5 -8 0 5.171572875253809 10.82842712474619 
-5 -9 0 5.171572875253809 10.82842712474619 
-5 -10 0 4.0 
-5 -11 0 4.0 
