2 6 0 3.0 3.0 3.0 
3 6 0 3.0 
2 5 0 3.0 3.0 3.0 
3 5 0 3.0 
2 4 0 1.9590500873648937 2.580232143220072 3.2918455966504325 3.616450707383412 3.8104659796649183 3.847145495757852 4.560723850201566 5.253535941649832 5.442393102229367 5.601792569863072 5.750650736471181 6.273240752610825 8.345609283914808 8.952037982439217 10.127084320106542 10.587741450472011 
3 4 0 3.8104659796649183 5.60179256986307 10.587741450472011 
2 3 0 1.9590500873648937 2.580232143220072 3.2918455966504325 3.616450707383412 3.8104659796649183 3.847145495757852 4.560723850201566 5.253535941649832 5.442393102229367 5.601792569863072 5.750650736471181 6.273240752610825 8.345609283914808 8.952037982439217 10.127084320106542 10.587741450472011 
3 3 0 3.8104659796649183 5.60179256986307 10.587741450472011 
2 2 0 2.4630230334828638 3.3458363637834476 3.532979179448076 3.7461098174587795 4.359594934590092 5.023916667104621 5.450778598641729 5.548157525269038 5.79852766178076 6.084972235642916 6.977792018059314 7.326635226507634 7.627245129629464 8.222608049280197 8.758500250763547 9.066093934717006 9.168433586503525 9.297453643566561 9.454904091223531 11.205701559581339 11.420485678414419 11.519808312687283 11.746568246995723 12.042661864634747 12.73517984273591 13.076032547497528 
3 2 0 5.798527661780757 9.454904091223526 11.746568246995714 
2 1 0 2.4630230334828638 3.3458363637834476 3.532979179448076 3.7461098174587795 4.359594934590092 5.023916667104621 5.450778598641729 5.548157525269038 5.79852766178076 6.084972235642916 6.977792018059314 7.326635226507634 7.627245129629464 8.222608049280197 8.758500250763547 9.066093934717006 9.168433586503525 9.297453643566561 9.454904091223531 11.205701559581339 11.420485678414419 11.519808312687283 11.746568246995723 12.042661864634747 12.73517984273591 13.076032547497528 
3 1 0 5.798527661780757 9.454904091223526 11.746568246995714 
2 0 0 3.985089858270073 4.695467678573909 5.0190221528955945 6.050195104016923 7.373644777774414 7.9999999999999964 8.383632320484043 8.775908920151004 9.317854733189671 9.999999999999998 10.487945014228243 10.823448175938003 11.304937727126994 11.782853537351128 12.000000000000007 12.000000000000007 
3 0 0 10.0 
2 -1 0 3.985089858270073 4.695467678573909 5.0190221528955945 6.050195104016923 7.373644777774414 7.9999999999999964 8.383632320484043 8.775908920151004 9.317854733189671 9.999999999999998 10.487945014228243 10.823448175938003 11.304937727126994 11.782853537351128 12.000000000000007 12.000000000000007 
3 -1 0 10.0 
1 6 0 3.0 3.0 3.0 
1 5 0 3.0 3.0 3.0 
1 4 0 0.9612490254266155 1.9590500873648964 2.0312855045491176 2.4765715339821535 2.580232143220072 2.7246447011920023 3.1420441002700117 3.2918455966504307 3.5970456706401754 3.616450707383412 3.847145495757854 4.353453729054213 4.560723850201566 4.756992885043862 5.000000000000002 5.253535941649831 5.253904756095274 5.4423931022293655 5.651595247821543 5.656802704793258 5.750650736471182 6.057969569528144 6.27324075261082 6.990474803410728 7.788553285091996 8.345609283914802 8.55741248310092 8.952037982439231 10.12708432010654 
1 3 0 0.9612490254266155 1.9590500873648964 2.0312855045491176 2.4765715339821535 2.580232143220072 2.7246447011920023 3.1420441002700117 3.2918455966504307 3.5970456706401754 3.616450707383412 3.847145495757854 4.353453729054213 4.560723850201566 4.756992885043862 5.000000000000002 5.253535941649831 5.253904756095274 5.4423931022293655 5.651595247821543 5.656802704793258 5.750650736471182 6.057969569528144 6.27324075261082 6.990474803410728 7.788553285091996 8.345609283914802 8.55741248310092 8.952037982439231 10.12708432010654 
1 2 0 0.8282263732628719 1.333268529787873 2.2193576835767233 2.2960335089766364 2.3588259489371453 2.463023033482873 2.5540366226720423 2.689967599162653 2.795584649099733 3.2104918679337295 3.2635479651701833 3.3458363637834436 3.480682298068251 3.532979179448069 3.6969576931504387 3.746109817458781 3.7594338070405344 3.931276735900361 4.190473420056362 4.359594934590095 4.459151614713496 4.678814643647849 5.023916667104621 5.091116483296304 5.216228132582009 5.292256160261712 5.353973625436098 5.450778598641729 5.548157525269033 5.624630303542071 5.860316790380938 6.045268248824455 6.084972235642916 6.236894478534546 6.466413335651579 6.582834163341714 6.643893302210541 6.785724315711517 6.917780969892744 6.977792018059309 7.326635226507631 7.329886511246436 7.453562268517009 7.627245129629458 7.6456596755703705 7.77376024882818 8.107859843461727 8.17573598030998 8.222608049280199 8.594100694611516 8.634706416552923 8.758500250763552 8.948549548930322 9.066093934717003 9.125130654849077 9.168433586503527 9.284385603808337 9.297453643566561 9.887921023357377 10.095353324810619 10.311144665696702 10.6503670909949 10.708678519086053 10.938916512327058 11.010362385850886 11.205701559581346 11.326074145716449 11.420485678414419 11.44420220731316 11.47515636597209 11.519808312687285 11.537761042980701 11.677263998385003 12.042661864634763 12.73517984273591 13.07603254749753 
1 1 0 0.8282263732628719 1.333268529787873 2.2193576835767233 2.2960335089766364 2.3588259489371453 2.463023033482873 2.5540366226720423 2.689967599162653 2.795584649099733 3.2104918679337295 3.2635479651701833 3.3458363637834436 3.480682298068251 3.532979179448069 3.6969576931504387 3.746109817458781 3.7594338070405344 3.931276735900361 4.190473420056362 4.359594934590095 4.459151614713496 4.678814643647849 5.023916667104621 5.091116483296304 5.216228132582009 5.292256160261712 5.353973625436098 5.450778598641729 5.548157525269033 5.624630303542071 5.860316790380938 6.045268248824455 6.084972235642916 6.236894478534546 6.466413335651579 6.582834163341714 6.643893302210541 6.785724315711517 6.917780969892744 6.977792018059309 7.326635226507631 7.329886511246436 7.453562268517009 7.627245129629458 7.6456596755703705 7.77376024882818 8.107859843461727 8.17573598030998 8.222608049280199 8.594100694611516 8.634706416552923 8.758500250763552 8.948549548930322 9.066093934717003 9.125130654849077 9.168433586503527 9.284385603808337 9.297453643566561 9.887921023357377 10.095353324810619 10.311144665696702 10.6503670909949 10.708678519086053 10.938916512327058 11.010362385850886 11.205701559581346 11.326074145716449 11.420485678414419 11.44420220731316 11.47515636597209 11.519808312687285 11.537761042980701 11.677263998385003 12.042661864634763 12.73517984273591 13.07603254749753 
1 0 0 1.242017012480293 2.076359539505555 2.496559089428615 2.7179814914777816 2.941677101602936 3.0054247283907083 3.145193447106052 3.482934694341268 3.6131347273965555 3.8691838766968183 3.9027205332868937 3.9850898582700633 4.311200023503061 4.372563201461203 4.420320504812599 4.583295231678697 4.695467678573907 4.773170622637085 5.019022152895594 5.025795050812671 5.1655009175945334 5.264462945196278 5.592262588488647 5.760414144398781 6.050195104016927 6.0521947776793965 6.300255357025025 6.42289357854969 6.505453243663475 6.635228960881839 6.959219088683209 7.21756521173442 7.373644777774415 7.502503151333389 7.734071895609335 7.884818246712149 7.999999999999999 8.141097172466836 8.383632320484045 8.476641971673057 8.65597054181888 8.704318515093714 8.775908920151004 8.797226818749246 9.05262776018436 9.133264730688005 9.16896170665352 9.230320670454715 9.317854733189671 9.382702515901743 9.507072910479602 9.59942270495818 9.830759745016854 10.0 10.000000000000002 10.487945014228243 10.823448175937997 10.967239650132221 11.236514753704613 11.304937727126994 11.410513090999494 11.602375006207815 11.782650619467018 11.78285353735113 11.843074512941904 11.976721196204561 11.999999999999998 12.000000000000004 12.020857365454457 12.143537842613979 12.222643520520322 12.315109545839045 12.98319281285887 13.392274142894648 13.44653319185343 14.000000000000025 
1 -1 0 1.242017012480293 2.076359539505555 2.496559089428615 2.7179814914777816 2.941677101602936 3.0054247283907083 3.145193447106052 3.482934694341268 3.6131347273965555 3.8691838766968183 3.9027205332868937 3.9850898582700633 4.311200023503061 4.372563201461203 4.420320504812599 4.583295231678697 4.695467678573907 4.773170622637085 5.019022152895594 5.025795050812671 5.1655009175945334 5.264462945196278 5.592262588488647 5.760414144398781 6.050195104016927 6.0521947776793965 6.300255357025025 6.42289357854969 6.505453243663475 6.635228960881839 6.959219088683209 7.21756521173442 7.373644777774415 7.502503151333389 7.734071895609335 7.884818246712149 7.999999999999999 8.141097172466836 8.383632320484045 8.476641971673057 8.65597054181888 8.704318515093714 8.775908920151004 8.797226818749246 9.05262776018436 9.133264730688005 9.16896170665352 9.230320670454715 9.317854733189671 9.382702515901743 9.507072910479602 9.59942270495818 9.830759745016854 10.0 10.000000000000002 10.487945014228243 10.823448175937997 10.967239650132221 11.236514753704613 11.304937727126994 11.410513090999494 11.602375006207815 11.782650619467018 11.78285353735113 11.843074512941904 11.976721196204561 11.999999999999998 12.000000000000004 12.020857365454457 12.143537842613979 12.222643520520322 12.315109545839045 12.98319281285887 13.392274142894648 13.44653319185343 14.000000000000025 
1 -2 0 2.736323221372014 3.3940957918740957 3.724442952919776 4.140580906401303 4.588248842532311 4.88429614673061 5.042470144142223 5.482925712610852 5.806883046859749 5.999999999999998 6.436865835012632 7.0 7.042150679687178 7.300776175524105 7.363547664601357 7.999999999999992 8.196177127996663 8.76149795022335 9.0 9.000000000000002 9.201585710431443 9.323128723339098 9.586430937381264 9.999999999999996 10.014365828561747 10.20260054100019 10.422445916617269 10.65736471869868 10.690795425482069 
2 -2 0 7.0 8.0 9.0 
1 -3 0 2.736323221372014 3.3940957918740957 3.724442952919776 4.140580906401303 4.588248842532311 4.88429614673061 5.042470144142223 5.482925712610852 5.806883046859749 5.999999999999998 6.436865835012632 7.0 7.042150679687178 7.300776175524105 7.363547664601357 7.999999999999992 8.196177127996663 8.76149795022335 9.0 9.000000000000002 9.201585710431443 9.323128723339098 9.586430937381264 9.999999999999996 10.014365828561747 10.20260054100019 10.422445916617269 10.65736471869868 10.690795425482069 
2 -3 0 7.0 8.0 9.0 
0 6 0 3.0 
0 5 0 3.0 
0 4 0 0.9612490254266105 2.0312855045491136 2.4765715339821535 2.4769044093683283 2.724644701192003 3.1420441002700104 3.597045670640175 4.35345372905421 4.514916052624579 4.75699288504386 5.0 5.0 5.253904756095271 5.566888627594629 5.651595247821542 5.656802704793257 6.057969569528139 6.441290910412459 6.990474803410726 7.788553285091991 8.557412483100922 
0 3 0 0.9612490254266105 2.0312855045491136 2.4765715339821535 2.4769044093683283 2.724644701192003 3.1420441002700104 3.597045670640175 4.35345372905421 4.514916052624579 4.75699288504386 5.0 5.0 5.253904756095271 5.566888627594629 5.651595247821542 5.656802704793257 6.057969569528139 6.441290910412459 6.990474803410726 7.788553285091991 8.557412483100922 
0 2 1 -8.881784197001252e-15 0.8282263732628661 0.9608164042262561 1.333268529787854 1.5332671965043292 2.2193576835767215 2.2323195127632203 2.2960335089766355 2.3588259489371435 2.4789309853493093 2.554036622672035 2.610722149300933 2.689967599162655 2.795584649099732 3.015570082121599 3.210491867933729 3.217394039817371 3.2635479651701855 3.4191025570923914 3.4806822980682592 3.69695769315044 3.7503288152742624 3.7594338070405353 3.9312767359003575 4.040849508885499 4.190473420056362 4.434688699099288 4.459151614713501 4.4928884113786385 4.678814643647852 4.701426699633492 5.091116483296303 5.128645061250199 5.211798967822087 5.216228132582012 5.2912555472274425 5.292256160261709 5.353973625436097 5.624630303542069 5.6444013370634165 5.860316790380938 5.872807991654295 6.045268248824455 6.1768189540383025 6.236894478534548 6.267015811246139 6.356979601341741 6.466413335651578 6.466908210286218 6.58283416334171 6.643893302210542 6.762436242553891 6.785724315711514 6.917780969892744 6.950735459113785 7.329886511246439 7.453562268517009 7.506310440802045 7.605599700842457 7.6456596755703705 7.773760248828176 7.774647050616438 8.00184418704738 8.10785984346172 8.17573598030998 8.594100694611507 8.634706416552923 8.67585306554473 8.725942946622164 8.771459893112816 8.948549548930323 9.013388963577627 9.12513065484908 9.230208327309654 9.28438560380834 9.494612144588878 9.671680399759572 9.760052698004287 9.82744497986777 9.887921023357375 10.095353324810624 10.113940898653816 10.311144665696705 10.361999506645683 10.446906551960554 10.650367090994894 10.708678519086046 10.938916512327056 11.010362385850891 11.326074145716445 11.444202207313154 11.475156365972097 11.537761042980687 11.677263998385007 
0 1 1 -8.881784197001252e-15 0.8282263732628661 0.9608164042262561 1.333268529787854 1.5332671965043292 2.2193576835767215 2.2323195127632203 2.2960335089766355 2.3588259489371435 2.4789309853493093 2.554036622672035 2.610722149300933 2.689967599162655 2.795584649099732 3.015570082121599 3.210491867933729 3.217394039817371 3.2635479651701855 3.4191025570923914 3.4806822980682592 3.69695769315044 3.7503288152742624 3.7594338070405353 3.9312767359003575 4.040849508885499 4.190473420056362 4.434688699099288 4.459151614713501 4.4928884113786385 4.678814643647852 4.701426699633492 5.091116483296303 5.128645061250199 5.211798967822087 5.216228132582012 5.2912555472274425 5.292256160261709 5.353973625436097 5.624630303542069 5.6444013370634165 5.860316790380938 5.872807991654295 6.045268248824455 6.1768189540383025 6.236894478534548 6.267015811246139 6.356979601341741 6.466413335651578 6.466908210286218 6.58283416334171 6.643893302210542 6.762436242553891 6.785724315711514 6.917780969892744 6.950735459113785 7.329886511246439 7.453562268517009 7.506310440802045 7.605599700842457 7.6456596755703705 7.773760248828176 7.774647050616438 8.00184418704738 8.10785984346172 8.17573598030998 8.594100694611507 8.634706416552923 8.67585306554473 8.725942946622164 8.771459893112816 8.948549548930323 9.013388963577627 9.12513065484908 9.230208327309654 9.28438560380834 9.494612144588878 9.671680399759572 9.760052698004287 9.82744497986777 9.887921023357375 10.095353324810624 10.113940898653816 10.311144665696705 10.361999506645683 10.446906551960554 10.650367090994894 10.708678519086046 10.938916512327056 11.010362385850891 11.326074145716445 11.444202207313154 11.475156365972097 11.537761042980687 11.677263998385007 
0 0 1 2.3092638843983306e-14 0.4486170161469829 0.9752473512591475 1.2420170124802834 1.2668800453801423 1.56054074696162 1.9259238138580776 2.01458612965931 2.076359539505549 2.0965492725710098 2.4683131033555985 2.4965590894286107 2.657094916177317 2.6890029505134145 2.7179814914777873 2.8055330793642757 2.941677101602928 3.00542472839071 3.0216447844827132 3.106407387869596 3.1451934471060436 3.350048101046303 3.401775098624275 3.4829346943412682 3.5216586301832495 3.6131347273965497 3.6346053656755335 3.743099166813307 3.799182273347399 3.869183876696816 3.887157035109942 3.902720533286888 4.210828187749715 4.311200023503064 4.372563201461199 4.375011468792647 4.420320504812593 4.555477294205643 4.583295231678695 4.61156893305025 4.690609516473123 4.773170622637089 4.825835302949606 4.879026559254841 4.903882230447954 5.02579505081267 5.165500917594533 5.201073576375521 5.264462945196277 5.282796899505892 5.592262588488645 5.643518016446448 5.753787742655694 5.760414144398783 5.85852139939981 6.010897198919079 6.052194777679396 6.104115197912671 6.202344725277137 6.300255357025022 6.3802524987439835 6.422893578549686 6.45155358230906 6.5054532436634736 6.522296945362417 6.588357727206479 6.635228960881842 6.820998205876809 6.959219088683212 7.041213696999459 7.103680316678899 7.217565211734418 7.378130451813995 7.502503151333387 7.503561342651955 7.6978234091224405 7.734071895609334 7.7887264825172 7.884818246712143 8.02851837774217 8.085845983255137 8.141097172466832 8.255772649973585 8.353163406958394 8.391810940511817 8.476641971673054 8.655970541818876 8.675610577609103 8.704318515093712 8.792718703860716 8.797226818749243 8.85592274659042 8.889340292161437 9.035108813834166 9.052627760184365 9.124286277224034 9.133264730688003 9.168961706653523 9.230320670454713 9.265117255404647 9.31373329580955 9.382702515901741 9.42042452296925 9.472313684343842 9.507072910479602 9.528783399719213 9.599422704958181 9.608277509853727 9.779977828697698 9.830759745016852 9.947113695586962 9.999999999999996 10.0 10.894565350597862 10.967239650132212 11.149661128492417 11.236514753704615 11.393562900665657 11.41051309099949 11.502534791264006 11.595692285192817 11.602375006207803 11.681124207453745 11.71769726652812 11.782650619467017 11.799593490904153 11.843074512941904 11.920847703292356 11.976721196204563 12.02085736545445 12.02938568947454 12.044148199425388 12.136603990610448 12.14353784261399 12.17399084305995 12.222643520520315 12.315109545839048 12.626745976870977 12.807723322804126 12.906627361859977 12.983192812858862 13.250543028441678 13.370453703010364 13.392274142894648 13.446533191853426 13.673227862776582 13.741675758070961 13.999999999999988 
0 -1 1 2.3092638843983306e-14 0.4486170161469829 0.9752473512591475 1.2420170124802834 1.2668800453801423 1.56054074696162 1.9259238138580776 2.01458612965931 2.076359539505549 2.0965492725710098 2.4683131033555985 2.4965590894286107 2.657094916177317 2.6890029505134145 2.7179814914777873 2.8055330793642757 2.941677101602928 3.00542472839071 3.0216447844827132 3.106407387869596 3.1451934471060436 3.350048101046303 3.401775098624275 3.4829346943412682 3.5216586301832495 3.6131347273965497 3.6346053656755335 3.743099166813307 3.799182273347399 3.869183876696816 3.887157035109942 3.902720533286888 4.210828187749715 4.311200023503064 4.372563201461199 4.375011468792647 4.420320504812593 4.555477294205643 4.583295231678695 4.61156893305025 4.690609516473123 4.773170622637089 4.825835302949606 4.879026559254841 4.903882230447954 5.02579505081267 5.165500917594533 5.201073576375521 5.264462945196277 5.282796899505892 5.592262588488645 5.643518016446448 5.753787742655694 5.760414144398783 5.85852139939981 6.010897198919079 6.052194777679396 6.104115197912671 6.202344725277137 6.300255357025022 6.3802524987439835 6.422893578549686 6.45155358230906 6.5054532436634736 6.522296945362417 6.588357727206479 6.635228960881842 6.820998205876809 6.959219088683212 7.041213696999459 7.103680316678899 7.217565211734418 7.378130451813995 7.502503151333387 7.503561342651955 7.6978234091224405 7.734071895609334 7.7887264825172 7.884818246712143 8.02851837774217 8.085845983255137 8.141097172466832 8.255772649973585 8.353163406958394 8.391810940511817 8.476641971673054 8.655970541818876 8.675610577609103 8.704318515093712 8.792718703860716 8.797226818749243 8.85592274659042 8.889340292161437 9.035108813834166 9.052627760184365 9.124286277224034 9.133264730688003 9.168961706653523 9.230320670454713 9.265117255404647 9.31373329580955 9.382702515901741 9.42042452296925 9.472313684343842 9.507072910479602 9.528783399719213 9.599422704958181 9.608277509853727 9.779977828697698 9.830759745016852 9.947113695586962 9.999999999999996 10.0 10.894565350597862 10.967239650132212 11.149661128492417 11.236514753704615 11.393562900665657 11.41051309099949 11.502534791264006 11.595692285192817 11.602375006207803 11.681124207453745 11.71769726652812 11.782650619467017 11.799593490904153 11.843074512941904 11.920847703292356 11.976721196204563 12.02085736545445 12.02938568947454 12.044148199425388 12.136603990610448 12.14353784261399 12.17399084305995 12.222643520520315 12.315109545839048 12.626745976870977 12.807723322804126 12.906627361859977 12.983192812858862 13.250543028441678 13.370453703010364 13.392274142894648 13.446533191853426 13.673227862776582 13.741675758070961 13.999999999999988 
0 -2 0 0.27467338646639483 1.2780776972430423 1.5392541654701082 1.9534150063290399 1.9799322654824851 2.293264778169322 2.455219687831118 2.7323365880322084 2.736323221372021 2.970288308306684 3.145056444322102 3.321808616423168 3.3709796365832383 3.3940957918740957 3.4309633114156575 3.61230238587493 3.724442952919779 3.8415018287749723 4.022221418165312 4.115502535114835 4.140580906401309 4.230120942100537 4.262183397722104 4.4503391737405416 4.483467939474294 4.568346580123628 4.588248842532316 4.884296146730611 5.042470144142219 5.072066389175051 5.290332430511456 5.482925712610858 5.56149651420797 5.670212311834388 5.705075866392032 5.7641294647557295 5.806883046859746 5.8856887934001945 5.932806716310199 5.999999999999993 6.000000000000002 6.186868741413669 6.436865835012639 6.532481649836819 6.9525523889910685 7.042150679687174 7.136543847107663 7.245170536950387 7.300776175524109 7.363547664601361 7.47745629145578 7.6127899406700275 7.76840401873889 7.809246282911066 8.01672990492546 8.10583586162475 8.196177127996663 8.19701805169268 8.390650285474269 8.464414871463292 8.55880800681906 8.717836316066323 8.761497950223351 9.000000000000002 9.087133125478568 9.201585710431443 9.3231287233391 9.394721133314153 9.436431483192436 9.441400384113404 9.586430937381264 9.999999999999995 10.01436582856175 10.155328361441503 10.202600541000198 10.337213134350275 10.42244591661727 10.424421620345829 10.537578493171 10.657364718698675 10.690795425482065 10.740895318854928 10.800812644044019 10.835561781292464 11.029644399409127 11.081053900746882 11.342379628692393 11.395683400496571 11.408891248561709 11.498490284674194 11.563397635123955 11.587714510743282 11.60689395665811 11.908481979401293 
0 -3 0 0.27467338646639483 1.2780776972430423 1.5392541654701082 1.9534150063290399 1.9799322654824851 2.293264778169322 2.455219687831118 2.7323365880322084 2.736323221372021 2.970288308306684 3.145056444322102 3.321808616423168 3.3709796365832383 3.3940957918740957 3.4309633114156575 3.61230238587493 3.724442952919779 3.8415018287749723 4.022221418165312 4.115502535114835 4.140580906401309 4.230120942100537 4.262183397722104 4.4503391737405416 4.483467939474294 4.568346580123628 4.588248842532316 4.884296146730611 5.042470144142219 5.072066389175051 5.290332430511456 5.482925712610858 5.56149651420797 5.670212311834388 5.705075866392032 5.7641294647557295 5.806883046859746 5.8856887934001945 5.932806716310199 5.999999999999993 6.000000000000002 6.186868741413669 6.436865835012639 6.532481649836819 6.9525523889910685 7.042150679687174 7.136543847107663 7.245170536950387 7.300776175524109 7.363547664601361 7.47745629145578 7.6127899406700275 7.76840401873889 7.809246282911066 8.01672990492546 8.10583586162475 8.196177127996663 8.19701805169268 8.390650285474269 8.464414871463292 8.55880800681906 8.717836316066323 8.761497950223351 9.000000000000002 9.087133125478568 9.201585710431443 9.3231287233391 9.394721133314153 9.436431483192436 9.441400384113404 9.586430937381264 9.999999999999995 10.01436582856175 10.155328361441503 10.202600541000198 10.337213134350275 10.42244591661727 10.424421620345829 10.537578493171 10.657364718698675 10.690795425482065 10.740895318854928 10.800812644044019 10.835561781292464 11.029644399409127 11.081053900746882 11.342379628692393 11.395683400496571 11.408891248561709 11.498490284674194 11.563397635123955 11.587714510743282 11.60689395665811 11.908481979401293 
0 -4 0 1.9715498679866434 2.587037492094319 3.2549566309129907 3.492381991856135 3.8745630807922655 3.9999999999999987 4.427319306296459 5.000000000000001 5.031028893230937 5.193287759940447 5.881361749947006 6.000000000000001 6.000000000000006 6.888429433684702 6.999999999999999 7.000000000000003 7.000000000000006 7.848508089200532 7.962661235323071 8.65175479841159 8.935159670322891 
1 -4 0 4.999999999999999 6.0 7.0 
0 -5 0 1.9715498679866434 2.587037492094319 3.2549566309129907 3.492381991856135 3.8745630807922655 3.9999999999999987 4.427319306296459 5.000000000000001 5.031028893230937 5.193287759940447 5.881361749947006 6.000000000000001 6.000000000000006 6.888429433684702 6.999999999999999 7.000000000000003 7.000000000000006 7.848508089200532 7.962661235323071 8.65175479841159 8.935159670322891 
1 -5 0 4.999999999999999 6.0 7.0 
-1 4 0 2.4769044093683297 4.514916052624579 5.0 5.566888627594628 6.4412909104124605 
-1 3 0 2.4769044093683297 4.514916052624579 5.0 5.566888627594628 6.4412909104124605 
-1 2 0 0.9608164042262531 1.533267196504318 2.2323195127632265 2.4789309853493164 2.6107221493009276 3.0155700821215947 3.217394039817367 3.4191025570924003 3.7503288152742607 3.8751145802354396 4.040849508885499 4.434688699099296 4.476904409368328 4.492888411378638 4.701426699633492 5.128645061250201 5.2117989678220855 5.291255547227435 5.644401337063414 5.872807991654295 6.1768189540383025 6.267015811246142 6.356979601341749 6.466908210286217 6.514916052624581 6.7624362425538935 6.950735459113785 7.363328237932675 7.506310440802043 7.566888627594628 7.605599700842449 7.774647050616442 8.000000000000007 8.001844187047382 8.441290910412455 8.675853065544736 8.725942946622165 8.761557181831883 8.77145989311282 9.013388963577631 9.230208327309656 9.494612144588881 9.671680399759566 9.76005269800429 9.827444979867769 10.113940898653816 10.361999506645686 10.446906551960563 
-1 1 0 0.9608164042262531 1.533267196504318 2.2323195127632265 2.4789309853493164 2.6107221493009276 3.0155700821215947 3.217394039817367 3.4191025570924003 3.7503288152742607 3.8751145802354396 4.040849508885499 4.434688699099296 4.476904409368328 4.492888411378638 4.701426699633492 5.128645061250201 5.2117989678220855 5.291255547227435 5.644401337063414 5.872807991654295 6.1768189540383025 6.267015811246142 6.356979601341749 6.466908210286217 6.514916052624581 6.7624362425538935 6.950735459113785 7.363328237932675 7.506310440802043 7.566888627594628 7.605599700842449 7.774647050616442 8.000000000000007 8.001844187047382 8.441290910412455 8.675853065544736 8.725942946622165 8.761557181831883 8.77145989311282 9.013388963577631 9.230208327309656 9.494612144588881 9.671680399759566 9.76005269800429 9.827444979867769 10.113940898653816 10.361999506645686 10.446906551960563 
-1 0 0 0.44861701614698646 0.9752473512591688 1.2668800453801392 1.560540746961612 1.6794554173285459 1.9259238138580703 2.014586129659314 2.0965492725710035 2.3709160772542393 2.468313103355605 2.6570949161773103 2.68900295051342 2.80553307936429 2.912065527951944 3.0216447844827 3.1064073878696026 3.350048101046304 3.401775098624273 3.521658630183253 3.5928767871530605 3.6346053656755295 3.7322800043668494 3.743099166813305 3.7991822733474 3.8871570351099427 3.964768668262359 4.21040562368123 4.210828187749715 4.375011468792657 4.555477294205637 4.560642890504026 4.611568933050249 4.617563264598583 4.6906095164731285 4.825835302949604 4.873867563239647 4.879026559254839 4.903882230447955 5.201073576375519 5.282796899505889 5.616973208222294 5.64351801644645 5.753787742655694 5.779173409572902 5.858521399399814 5.898292202197626 6.010897198919078 6.104115197912669 6.13404821800671 6.20234472527714 6.235733617212076 6.380252498743985 6.451553582309057 6.522296945362416 6.588357727206475 6.82099820587681 7.041213696999458 7.103680316678903 7.29126581282485 7.378130451814 7.5035613426519605 7.514593173683298 7.697823409122437 7.788726482517201 7.907358524812998 8.000000000000002 8.02851837774217 8.08584598325514 8.102430769695465 8.172903345067251 8.255772649973578 8.353163406958398 8.356234470511504 8.391810940511816 8.60161715319955 8.6756105776091 8.792718703860718 8.855922746590418 8.88934029216143 8.895870565553809 9.035108813834169 9.124286277224037 9.158977373862985 9.202146691464945 9.265117255404641 9.313733295809548 9.420424522969252 9.472313684343847 9.528783399719217 9.608277509853728 9.657259347664883 9.7799778286977 9.947113695586959 10.343805560543998 10.445149484976824 10.722550063153637 10.847021049728646 10.894565350597874 10.957335052774019 11.149661128492422 11.393562900665652 11.399339730558852 11.450697610061194 11.502534791264017 11.564226810216896 11.595692285192838 11.681124207453744 11.699840902423691 11.71769726652812 11.784639213900203 11.799593490904158 11.818513992725078 11.920847703292361 11.927160821043351 12.000000000000007 12.029385689474541 12.044148199425395 12.136603990610443 12.173990843059936 12.62674597687098 12.807723322804163 12.906627361859995 13.250543028441685 13.370453703010375 13.673227862776558 13.741675758070956 
-1 -1 0 0.44861701614698646 0.9752473512591688 1.2668800453801392 1.560540746961612 1.6794554173285459 1.9259238138580703 2.014586129659314 2.0965492725710035 2.3709160772542393 2.468313103355605 2.6570949161773103 2.68900295051342 2.80553307936429 2.912065527951944 3.0216447844827 3.1064073878696026 3.350048101046304 3.401775098624273 3.521658630183253 3.5928767871530605 3.6346053656755295 3.7322800043668494 3.743099166813305 3.7991822733474 3.8871570351099427 3.964768668262359 4.21040562368123 4.210828187749715 4.375011468792657 4.555477294205637 4.560642890504026 4.611568933050249 4.617563264598583 4.6906095164731285 4.825835302949604 4.873867563239647 4.879026559254839 4.903882230447955 5.201073576375519 5.282796899505889 5.616973208222294 5.64351801644645 5.753787742655694 5.779173409572902 5.858521399399814 5.898292202197626 6.010897198919078 6.104115197912669 6.13404821800671 6.20234472527714 6.235733617212076 6.380252498743985 6.451553582309057 6.522296945362416 6.588357727206475 6.82099820587681 7.041213696999458 7.103680316678903 7.29126581282485 7.378130451814 7.5035613426519605 7.514593173683298 7.697823409122437 7.788726482517201 7.907358524812998 8.000000000000002 8.02851837774217 8.08584598325514 8.102430769695465 8.172903345067251 8.255772649973578 8.353163406958398 8.356234470511504 8.391810940511816 8.60161715319955 8.6756105776091 8.792718703860718 8.855922746590418 8.88934029216143 8.895870565553809 9.035108813834169 9.124286277224037 9.158977373862985 9.202146691464945 9.265117255404641 9.313733295809548 9.420424522969252 9.472313684343847 9.528783399719217 9.608277509853728 9.657259347664883 9.7799778286977 9.947113695586959 10.343805560543998 10.445149484976824 10.722550063153637 10.847021049728646 10.894565350597874 10.957335052774019 11.149661128492422 11.393562900665652 11.399339730558852 11.450697610061194 11.502534791264017 11.564226810216896 11.595692285192838 11.681124207453744 11.699840902423691 11.71769726652812 11.784639213900203 11.799593490904158 11.818513992725078 11.920847703292361 11.927160821043351 12.000000000000007 12.029385689474541 12.044148199425395 12.136603990610443 12.173990843059936 12.62674597687098 12.807723322804163 12.906627361859995 13.250543028441685 13.370453703010375 13.673227862776558 13.741675758070956 
-1 -2 0 0.2746733864663753 0.9384318196327466 1.2780776972430452 1.4414934761809193 1.5392541654700942 1.7008526523924277 1.9534150063290392 1.979932265482486 2.293264778169295 2.4069042973623325 2.4552196878311063 2.5345686091102118 2.7323365880322106 2.771235380272161 2.970288308306692 2.9884108837528043 3.095074929000871 3.1450564443220936 3.317257770760042 3.321808616423169 3.3709796365832414 3.430963311415662 3.612302385874936 3.6585836606555504 3.7741382760409015 3.841501828774983 4.022221418165323 4.096893848787578 4.115502535114835 4.2301209421005295 4.257028124692937 4.262183397722112 4.294333950867671 4.430722708570922 4.450339173740544 4.48346793947429 4.565190895327081 4.568346580123628 4.714894908728027 5.042296977359278 5.072066389175049 5.2903324305114525 5.3183525898261435 5.5614965142079695 5.670212311834395 5.6928211545901295 5.705075866392034 5.762443494746312 5.764129464755728 5.868974995554072 5.885688793400191 5.932806716310199 6.000000000000002 6.058713600517334 6.1868687414136705 6.1883474179035876 6.260137489589211 6.490429448169717 6.532481649836828 6.754277290081112 6.952552388991065 7.1365438471076645 7.245170536950387 7.366431032304458 7.477456291455779 7.612789940670031 7.615432607887138 7.768404018738887 7.809246282911069 7.839889913836942 7.888612075999077 7.968048862306349 8.016729904925459 8.10583586162475 8.197018051692686 8.390650285474269 8.464414871463296 8.531981251378193 8.558808006819058 8.563544819191794 8.670192116924758 8.712312097885702 8.717836316066318 8.920151780621941 9.03359294738893 9.087133125478566 9.18151239897878 9.221773867719572 9.308546709334804 9.356696176903291 9.394721133314153 9.43643148319244 9.441400384113406 9.587285147857301 10.155328361441505 10.337213134350279 10.424421620345823 10.537578493171004 10.740895318854928 10.800812644044012 10.83556178129247 11.006167314692837 11.029644399409122 11.081053900746877 11.185052384512282 11.326248659975056 11.34237962869238 11.395683400496564 11.408891248561705 11.41136364520903 11.498490284674192 11.56339763512395 11.571831110318678 11.587714510743282 11.606893956658109 11.78762253560365 11.891185963907393 11.908481979401301 11.968624964719117 12.034615533964972 12.594065139517783 12.679781592096926 12.721314744468508 12.884222763060988 13.293395284459573 13.455693906502118 
-1 -3 0 0.2746733864663753 0.9384318196327466 1.2780776972430452 1.4414934761809193 1.5392541654700942 1.7008526523924277 1.9534150063290392 1.979932265482486 2.293264778169295 2.4069042973623325 2.4552196878311063 2.5345686091102118 2.7323365880322106 2.771235380272161 2.970288308306692 2.9884108837528043 3.095074929000871 3.1450564443220936 3.317257770760042 3.321808616423169 3.3709796365832414 3.430963311415662 3.612302385874936 3.6585836606555504 3.7741382760409015 3.841501828774983 4.022221418165323 4.096893848787578 4.115502535114835 4.2301209421005295 4.257028124692937 4.262183397722112 4.294333950867671 4.430722708570922 4.450339173740544 4.48346793947429 4.565190895327081 4.568346580123628 4.714894908728027 5.042296977359278 5.072066389175049 5.2903324305114525 5.3183525898261435 5.5614965142079695 5.670212311834395 5.6928211545901295 5.705075866392034 5.762443494746312 5.764129464755728 5.868974995554072 5.885688793400191 5.932806716310199 6.000000000000002 6.058713600517334 6.1868687414136705 6.1883474179035876 6.260137489589211 6.490429448169717 6.532481649836828 6.754277290081112 6.952552388991065 7.1365438471076645 7.245170536950387 7.366431032304458 7.477456291455779 7.612789940670031 7.615432607887138 7.768404018738887 7.809246282911069 7.839889913836942 7.888612075999077 7.968048862306349 8.016729904925459 8.10583586162475 8.197018051692686 8.390650285474269 8.464414871463296 8.531981251378193 8.558808006819058 8.563544819191794 8.670192116924758 8.712312097885702 8.717836316066318 8.920151780621941 9.03359294738893 9.087133125478566 9.18151239897878 9.221773867719572 9.308546709334804 9.356696176903291 9.394721133314153 9.43643148319244 9.441400384113406 9.587285147857301 10.155328361441505 10.337213134350279 10.424421620345823 10.537578493171004 10.740895318854928 10.800812644044012 10.83556178129247 11.006167314692837 11.029644399409122 11.081053900746877 11.185052384512282 11.326248659975056 11.34237962869238 11.395683400496564 11.408891248561705 11.41136364520903 11.498490284674192 11.56339763512395 11.571831110318678 11.587714510743282 11.606893956658109 11.78762253560365 11.891185963907393 11.908481979401301 11.968624964719117 12.034615533964972 12.594065139517783 12.679781592096926 12.721314744468508 12.884222763060988 13.293395284459573 13.455693906502118 
-1 -4 0 0.7222554197848636 1.282923786146492 1.9715498679866488 2.132817495717747 2.3346366710977895 2.587037492094319 2.7818147342366055 2.969739554614591 3.2549566309129956 3.2628146808006084 3.298432529492412 3.4923819918561434 3.874563080792262 3.8749833635714492 3.9999999999999996 4.09260983276626 4.427319306296456 4.432301338685231 4.522286942366059 4.594551547927337 5.03102889323094 5.1932877599404454 5.277802579408456 5.362871951174993 5.701833137138147 5.881361749947008 5.908300896462036 5.999999999999998 6.044828082555756 6.342708676639462 6.8884294336847 6.9999999999999964 7.0 7.00000000000001 7.086576183782614 7.307954319127849 7.848508089200533 7.902853994766214 7.962661235323073 8.313500326456388 8.651754798411588 8.662224950100512 8.738945651541334 8.935159670322895 9.516352552551865 9.65086959798938 9.761446119909142 10.118763083188426 
-1 -5 0 0.7222554197848636 1.282923786146492 1.9715498679866488 2.132817495717747 2.3346366710977895 2.587037492094319 2.7818147342366055 2.969739554614591 3.2549566309129956 3.2628146808006084 3.298432529492412 3.4923819918561434 3.874563080792262 3.8749833635714492 3.9999999999999996 4.09260983276626 4.427319306296456 4.432301338685231 4.522286942366059 4.594551547927337 5.03102889323094 5.1932877599404454 5.277802579408456 5.362871951174993 5.701833137138147 5.881361749947008 5.908300896462036 5.999999999999998 6.044828082555756 6.342708676639462 6.8884294336847 6.9999999999999964 7.0 7.00000000000001 7.086576183782614 7.307954319127849 7.848508089200533 7.902853994766214 7.962661235323073 8.313500326456388 8.651754798411588 8.662224950100512 8.738945651541334 8.935159670322895 9.516352552551865 9.65086959798938 9.761446119909142 10.118763083188426 
-1 -6 0 2.0 4.0 4.0 4.0 5.0 
0 -6 0 4.0 
-1 -7 0 2.0 4.0 4.0 4.0 5.0 
0 -7 0 4.0 
-2 2 0 3.875114580235427 4.4769044093683315 6.514916052624581 7.3633282379326825 7.566888627594629 7.999999999999999 8.441290910412462 8.761557181831897 
-2 1 0 3.875114580235427 4.4769044093683315 6.514916052624581 7.3633282379326825 7.566888627594629 7.999999999999999 8.441290910412462 8.761557181831897 
-2 0 0 1.6794554173285394 2.370916077254246 2.91206552795195 3.5928767871530574 3.732280004366838 3.9647686682623573 4.210405623681233 4.560642890504028 4.617563264598589 4.873867563239649 5.6169732082222925 5.779173409572909 5.875114580235428 5.898292202197623 6.1340482180067015 6.235733617212076 7.291265812824844 7.514593173683303 7.907358524813003 8.000000000000007 8.10243076969547 8.172903345067253 8.356234470511502 8.601617153199555 8.895870565553817 9.158977373862983 9.202146691464954 9.363328237932686 9.657259347664883 10.0 10.000000000000002 10.343805560543991 10.445149484976833 10.72255006315364 10.761557181831895 10.847021049728632 10.957335052774013 11.399339730558852 11.450697610061193 11.564226810216892 11.699840902423693 11.7846392139002 11.818513992725087 11.927160821043351 11.999999999999986 
-2 -1 0 1.6794554173285394 2.370916077254246 2.91206552795195 3.5928767871530574 3.732280004366838 3.9647686682623573 4.210405623681233 4.560642890504028 4.617563264598589 4.873867563239649 5.6169732082222925 5.779173409572909 5.875114580235428 5.898292202197623 6.1340482180067015 6.235733617212076 7.291265812824844 7.514593173683303 7.907358524813003 8.000000000000007 8.10243076969547 8.172903345067253 8.356234470511502 8.601617153199555 8.895870565553817 9.158977373862983 9.202146691464954 9.363328237932686 9.657259347664883 10.0 10.000000000000002 10.343805560543991 10.445149484976833 10.72255006315364 10.761557181831895 10.847021049728632 10.957335052774013 11.399339730558852 11.450697610061193 11.564226810216892 11.699840902423693 11.7846392139002 11.818513992725087 11.927160821043351 11.999999999999986 
-2 -2 0 0.9384318196327571 1.4414934761809368 1.7008526523924323 2.406904297362351 2.534568609110219 2.7712353802721417 2.9884108837528043 3.0950749290008717 3.268480815538785 3.3172577707600444 3.658583660655537 3.774138276040896 4.096893848787573 4.257028124692939 4.294333950867668 4.430722708570915 4.565190895327084 4.71489490872803 5.04229697735927 5.045311101955233 5.318352589826143 5.4581337274927995 5.692821154590126 5.762443494746313 5.778857003992575 5.868974995554069 6.058713600517334 6.1883474179035804 6.260137489589214 6.364092905409522 6.490429448169718 6.7542772900811165 7.366431032304458 7.585835079984871 7.615432607887135 7.839889913836943 7.888612075999078 7.96804886230634 8.485429548293158 8.531981251378186 8.56354481919179 8.670192116924754 8.712312097885704 8.920151780621937 9.033592947388929 9.181512398978786 9.221773867719568 9.300412128030052 9.308546709334811 9.356696176903295 9.46278895804996 9.587285147857312 10.000000000000002 11.006167314692833 11.185052384512293 11.32624865997506 11.41136364520903 11.538763955420688 11.571831110318683 11.787622535603637 11.8393209552398 11.891185963907404 11.968624964719123 12.034615533964965 12.067564742249662 12.312432719927802 12.594065139517781 12.679781592096921 12.721314744468494 12.884222763060993 13.293395284459537 13.455693906502129 13.492576358415073 14.000000000000014 
-2 -3 0 0.9384318196327571 1.4414934761809368 1.7008526523924323 2.406904297362351 2.534568609110219 2.7712353802721417 2.9884108837528043 3.0950749290008717 3.268480815538785 3.3172577707600444 3.658583660655537 3.774138276040896 4.096893848787573 4.257028124692939 4.294333950867668 4.430722708570915 4.565190895327084 4.71489490872803 5.04229697735927 5.045311101955233 5.318352589826143 5.4581337274927995 5.692821154590126 5.762443494746313 5.778857003992575 5.868974995554069 6.058713600517334 6.1883474179035804 6.260137489589214 6.364092905409522 6.490429448169718 6.7542772900811165 7.366431032304458 7.585835079984871 7.615432607887135 7.839889913836943 7.888612075999078 7.96804886230634 8.485429548293158 8.531981251378186 8.56354481919179 8.670192116924754 8.712312097885704 8.920151780621937 9.033592947388929 9.181512398978786 9.221773867719568 9.300412128030052 9.308546709334811 9.356696176903295 9.46278895804996 9.587285147857312 10.000000000000002 11.006167314692833 11.185052384512293 11.32624865997506 11.41136364520903 11.538763955420688 11.571831110318683 11.787622535603637 11.8393209552398 11.891185963907404 11.968624964719123 12.034615533964965 12.067564742249662 12.312432719927802 12.594065139517781 12.679781592096921 12.721314744468494 12.884222763060993 13.293395284459537 13.455693906502129 13.492576358415073 14.000000000000014 
-2 -4 0 0.7222554197848585 1.2829237861464953 2.1328174957177457 2.3346366710977837 2.4331611669439406 2.781814734236606 2.9697395546145904 3.11999347516827 3.262814680800605 3.298432529492402 3.8749833635714497 4.092609832766261 4.432301338685228 4.522286942366058 4.542593667252503 4.594551547927335 4.626976900880829 4.705092121811009 5.2778025794084575 5.3628719511749905 5.611309249287584 5.701833137138141 5.908300896462037 6.044828082555754 6.094274100481364 6.342708676639458 6.423333808937921 7.0 7.086576183782617 7.100125222667161 7.307954319127848 7.902853994766218 8.082075521117577 8.313500326456385 8.66222495010051 8.738945651541334 9.067139999564949 9.516352552551869 9.650869597989377 9.761446119909136 9.990221094108144 10.11876308318842 10.136497144758835 10.647227100574522 11.41997942644539 
-2 -5 0 0.7222554197848585 1.2829237861464953 2.1328174957177457 2.3346366710977837 2.4331611669439406 2.781814734236606 2.9697395546145904 3.11999347516827 3.262814680800605 3.298432529492402 3.8749833635714497 4.092609832766261 4.432301338685228 4.522286942366058 4.542593667252503 4.594551547927335 4.626976900880829 4.705092121811009 5.2778025794084575 5.3628719511749905 5.611309249287584 5.701833137138141 5.908300896462037 6.044828082555754 6.094274100481364 6.342708676639458 6.423333808937921 7.0 7.086576183782617 7.100125222667161 7.307954319127848 7.902853994766218 8.082075521117577 8.313500326456385 8.66222495010051 8.738945651541334 9.067139999564949 9.516352552551869 9.650869597989377 9.761446119909136 9.990221094108144 10.11876308318842 10.136497144758835 10.647227100574522 11.41997942644539 
-2 -6 0 2.0 2.0 4.0 4.0 4.0 5.0 5.0 5.0 
-2 -7 0 2.0 2.0 4.0 4.0 4.0 5.0 5.0 5.0 
-3 0 0 5.875114580235424 9.363328237932683 10.0 10.0 10.761557181831892 
-3 -1 0 5.875114580235424 9.363328237932683 10.0 10.0 10.761557181831892 
-3 -2 0 3.2684808155387897 5.045311101955233 5.458133727492801 5.778857003992579 6.364092905409514 7.585835079984871 8.485429548293162 9.30041212803005 9.462788958049956 9.999999999999998 11.53876395542069 11.839320955239797 12.000000000000005 12.067564742249669 12.31243271992781 13.492576358415066 14.0 
-3 -3 0 3.2684808155387897 5.045311101955233 5.458133727492801 5.778857003992579 6.364092905409514 7.585835079984871 8.485429548293162 9.30041212803005 9.462788958049956 9.999999999999998 11.53876395542069 11.839320955239797 12.000000000000005 12.067564742249669 12.31243271992781 13.492576358415066 14.0 
-3 -4 0 2.433161166943939 3.11999347516827 4.5425936672525 4.626976900880828 4.705092121811009 5.611309249287587 6.094274100481365 6.42333380893792 6.999999999999998 7.100125222667164 8.08207552111757 9.067139999564947 9.99022109410814 10.136497144758826 10.647227100574524 11.419979426445387 12.000000000000007 
-3 -5 0 2.433161166943939 3.11999347516827 4.5425936672525 4.626976900880828 4.705092121811009 5.611309249287587 6.094274100481365 6.42333380893792 6.999999999999998 7.100125222667164 8.08207552111757 9.067139999564947 9.99022109410814 10.136497144758826 10.647227100574524 11.419979426445387 12.000000000000007 
-3 -6 0 2.0 4.0 5.0 5.0 5.0 
-3 -7 0 2.0 4.0 5.0 5.0 5.0 
-4 -2 0 12.0 
-4 -3 0 12.0 
-4 -4 0 7.0 12.0 
-4 -5 0 7.0 12.0 
-4 -6 0 5.0 
-4 -7 0 5.0 
