1 1 0.44571941366676704 0.5423665200114448 1.9999999999999993 2.7221869820019746 2.999999999999997 2.999999999999999 5.009483673186921 7.280243411132892 
2 1 0.4457194136667674 0.5423665200114439 2.7221869820019764 5.0094836731869234 7.280243411132887 
1 0 0.44571941366676704 0.5423665200114448 1.9999999999999993 2.7221869820019746 2.999999999999997 2.999999999999999 5.009483673186921 7.280243411132892 
2 0 0.4457194136667674 0.5423665200114439 2.7221869820019764 5.0094836731869234 7.280243411132887 
1 -1 3.552914557957888e-15 1.1195706324730625 1.6032925612032194 2.2967219306723843 2.736119826579152 2.8189924068141012 3.2921089676258184 3.3611604090944036 3.361160409094409 3.860460228018429 4.202403660152067 4.689005753247512 4.967680602418316 5.189547481589487 5.189547481589496 5.622555974772767 6.020457032961416 6.180991741089228 6.751464753434373 6.791144777325982 7.363950930976047 7.363950930976051 7.91244602623382 8.817142357272928 8.844733823539098 9.085341178340054 9.085341178340055 9.319882668086334 9.651082589534244 10.274529390460485 12.043437782946171 12.183774513139127 
2 -1 1.1195706324730637 1.6032925612032194 2.7361198265791513 3.8604602280184306 4.967680602418315 6.020457032961417 6.751464753434373 7.91244602623382 8.844733823539093 12.18377451313912 
1 -2 3.552914557957888e-15 1.1195706324730625 1.6032925612032194 2.2967219306723843 2.736119826579152 2.8189924068141012 3.2921089676258184 3.3611604090944036 3.361160409094409 3.860460228018429 4.202403660152067 4.689005753247512 4.967680602418316 5.189547481589487 5.189547481589496 5.622555974772767 6.020457032961416 6.180991741089228 6.751464753434373 6.791144777325982 7.363950930976047 7.363950930976051 7.91244602623382 8.817142357272928 8.844733823539098 9.085341178340054 9.085341178340055 9.319882668086334 9.651082589534244 10.274529390460485 12.043437782946171 12.183774513139127 
2 -2 1.1195706324730637 1.6032925612032194 2.7361198265791513 3.8604602280184306 4.967680602418315 6.020457032961417 6.751464753434373 7.91244602623382 8.844733823539093 12.18377451313912 
1 -3 1.381779169102556 1.465274404376306 2.321541016638219 3.5375130426637766 3.570731749449913 4.479834727328074 4.6583454148794505 4.658345414879452 4.887322892086405 5.038609293282054 5.408954229606332 5.470024406557818 5.568497662927369 5.895792909038232 5.976707435271721 6.213116877260149 6.338998545622729 6.481667565163936 6.837189187998771 6.946393480935128 6.94639348093513 7.000000000000004 7.377949272744688 7.425084515081728 7.444037472697804 8.344367636102358 8.344367636102358 8.691279353817155 8.872858222308317 9.116860053430479 9.1168600534305 9.632264211742989 9.648775054785743 9.689816269668192 9.6898162696682 9.758756023540677 10.232665974335763 10.640968359188763 10.658655810600793 10.874766697932051 13.135783120990656 13.244217144984365 13.244217144984384 13.27089723835258 13.271638931674815 13.343921317748778 13.870014419643812 13.976128888438515 
2 -3 2.3215410166382187 3.5375130426637846 4.887322892086407 5.408954229606327 5.976707435271722 7.377949272744687 8.872858222308313 9.632264211742994 10.64096835918876 13.343921317748777 
1 -4 1.381779169102556 1.465274404376306 2.321541016638219 3.5375130426637766 3.570731749449913 4.479834727328074 4.6583454148794505 4.658345414879452 4.887322892086405 5.038609293282054 5.408954229606332 5.470024406557818 5.568497662927369 5.895792909038232 5.976707435271721 6.213116877260149 6.338998545622729 6.481667565163936 6.837189187998771 6.946393480935128 6.94639348093513 7.000000000000004 7.377949272744688 7.425084515081728 7.444037472697804 8.344367636102358 8.344367636102358 8.691279353817155 8.872858222308317 9.116860053430479 9.1168600534305 9.632264211742989 9.648775054785743 9.689816269668192 9.6898162696682 9.758756023540677 10.232665974335763 10.640968359188763 10.658655810600793 10.874766697932051 13.135783120990656 13.244217144984365 13.244217144984384 13.27089723835258 13.271638931674815 13.343921317748778 13.870014419643812 13.976128888438515 
2 -4 2.3215410166382187 3.5375130426637846 4.887322892086407 5.408954229606327 5.976707435271722 7.377949272744687 8.872858222308313 9.632264211742994 10.64096835918876 13.343921317748777 
1 -5 3.853803465819924 4.120609419683401 4.374477114786201 4.673633812562861 5.715965945467827 6.286509852273677 6.296721930672389 6.596820557624934 7.216159088789592 7.216159088789599 7.654739501916789 8.15790214995253 8.202403660152067 8.239593582249768 8.53293849222369 9.307731776185411 9.307731776185417 9.440623889078124 9.700788603398584 9.898545892926924 10.18099174108924 10.20539322949218 11.064764749726463 11.064764749726471 11.472260766792617 11.84056755286296 12.001959906979591 12.441141725223359 12.791724538684067 13.31988266808632 13.411344385298516 13.411344385298525 
2 -5 4.673633812562859 5.715965945467826 8.239593582249764 9.89854589292693 11.472260766792617 
1 -6 3.853803465819924 4.120609419683401 4.374477114786201 4.673633812562861 5.715965945467827 6.286509852273677 6.296721930672389 6.596820557624934 7.216159088789592 7.216159088789599 7.654739501916789 8.15790214995253 8.202403660152067 8.239593582249768 8.53293849222369 9.307731776185411 9.307731776185417 9.440623889078124 9.700788603398584 9.898545892926924 10.18099174108924 10.20539322949218 11.064764749726463 11.064764749726471 11.472260766792617 11.84056755286296 12.001959906979591 12.441141725223359 12.791724538684067 13.31988266808632 13.411344385298516 13.411344385298525 
2 -6 4.673633812562859 5.715965945467826 8.239593582249764 9.89854589292693 11.472260766792617 
1 -7 8.0 8.0 8.0 8.0 8.0 10.0 11.0 11.0 
2 -7 8.0 
1 -8 8.0 8.0 8.0 8.0 8.0 10.0 11.0 11.0 
2 -8 8.0 
0 1 2.0 3.0 3.0 3.0 
0 0 2.0 3.0 3.0 3.0 
0 -1 -7.304345145157609e-16 5.513154759891882e-16 5.46303093297755e-15 1.5266213232576402 2.0000000000000027 2.2700753126819877 2.2967219306723843 2.8189924068140977 2.9999999999999982 3.0000000000000036 3.2921089676258175 3.3611604090944023 3.3611604090944045 3.447757076286878 4.000000000000002 4.202403660152069 4.689005753247513 4.763932022500213 4.999999999999999 5.000000000000001 5.000000000000005 5.091823478065287 5.171461288792823 5.18954748158949 5.1895474815894955 5.585786437626908 5.62255597477277 5.900778367303793 6.1809917410892234 6.543178626338629 6.791144777325977 7.3639509309760465 7.363950930976047 8.414213562373094 8.480776831373289 8.56752769589969 8.817142357272928 9.085341178340057 9.08534117834006 9.236067977499793 9.319882668086322 9.651082589534242 10.274529390460488 12.043437782946159 
0 -2 -7.304345145157609e-16 5.513154759891882e-16 5.46303093297755e-15 1.5266213232576402 2.0000000000000027 2.2700753126819877 2.2967219306723843 2.8189924068140977 2.9999999999999982 3.0000000000000036 3.2921089676258175 3.3611604090944023 3.3611604090944045 3.447757076286878 4.000000000000002 4.202403660152069 4.689005753247513 4.763932022500213 4.999999999999999 5.000000000000001 5.000000000000005 5.091823478065287 5.171461288792823 5.18954748158949 5.1895474815894955 5.585786437626908 5.62255597477277 5.900778367303793 6.1809917410892234 6.543178626338629 6.791144777325977 7.3639509309760465 7.363950930976047 8.414213562373094 8.480776831373289 8.56752769589969 8.817142357272928 9.085341178340057 9.08534117834006 9.236067977499793 9.319882668086322 9.651082589534242 10.274529390460488 12.043437782946159 
0 -3 2.388485706195317e-16 0.2755242071283074 1.2524883246796958 1.3817791691025463 1.4652744043763164 1.5595515047074122 1.913213135526709 2.271457595468879 2.3131607170152093 2.7396686813326148 2.8092346029901787 3.4541969456883126 3.5290451058097005 3.570731749449927 3.8176436322802263 4.413479024833448 4.435561649795313 4.449563048271554 4.452775606170868 4.479834727328083 4.5248128920357855 4.560924779203116 4.658345414879458 4.658345414879459 4.869739245467979 4.906972551859179 4.906972551859184 5.038609293282054 5.1934250396089325 5.4700244065578065 5.482595447322654 5.528024437815205 5.544171666320516 5.568497662927369 5.895792909038235 6.044411234881912 6.166303762244039 6.213116877260155 6.304848368918147 6.338998545622735 6.4646478596676715 6.481667565163929 6.485863070664705 6.4858630706647125 6.526655568494479 6.736513381686713 6.790711901710102 6.837189187998778 6.884773213675988 6.908386172350617 6.946393480935127 6.946393480935129 6.999511166841324 6.999999999999994 7.080178064988437 7.199561856835019 7.252934734296368 7.425084515081727 7.444037472697807 7.900891129207384 7.918244251078702 7.954511500603934 8.175115910815068 8.236247557190056 8.344367636102358 8.34436763610236 8.428006731683782 8.428006731683794 8.600434703162666 8.691279353817157 8.800005668733208 9.116860053430502 9.116860053430504 9.428696831124554 9.648775054785737 9.689816269668196 9.689816269668201 9.758756023540693 9.780311996062565 9.802522065456639 10.146733111645473 10.232665974335761 10.658655810600782 10.874766697932053 11.086130197651483 11.0861301976515 11.254171463665795 11.25558422288622 11.270265349363632 11.512549684502467 11.552445623262722 11.769144786287027 12.015257555084293 12.093027448140818 12.313224371191703 12.3181195267043 12.40760787964667 12.547224393829135 12.54722439382914 13.13578312099064 13.223796474289326 13.223879645346255 13.244217144984365 13.244217144984367 13.270897238352596 13.271638931674822 13.297516668485192 13.545803054311682 13.545803054311683 13.870014419643805 13.97612888843852 13.999999999999988 
0 -4 2.388485706195317e-16 0.2755242071283074 1.2524883246796958 1.3817791691025463 1.4652744043763164 1.5595515047074122 1.913213135526709 2.271457595468879 2.3131607170152093 2.7396686813326148 2.8092346029901787 3.4541969456883126 3.5290451058097005 3.570731749449927 3.8176436322802263 4.413479024833448 4.435561649795313 4.449563048271554 4.452775606170868 4.479834727328083 4.5248128920357855 4.560924779203116 4.658345414879458 4.658345414879459 4.869739245467979 4.906972551859179 4.906972551859184 5.038609293282054 5.1934250396089325 5.4700244065578065 5.482595447322654 5.528024437815205 5.544171666320516 5.568497662927369 5.895792909038235 6.044411234881912 6.166303762244039 6.213116877260155 6.304848368918147 6.338998545622735 6.4646478596676715 6.481667565163929 6.485863070664705 6.4858630706647125 6.526655568494479 6.736513381686713 6.790711901710102 6.837189187998778 6.884773213675988 6.908386172350617 6.946393480935127 6.946393480935129 6.999511166841324 6.999999999999994 7.080178064988437 7.199561856835019 7.252934734296368 7.425084515081727 7.444037472697807 7.900891129207384 7.918244251078702 7.954511500603934 8.175115910815068 8.236247557190056 8.344367636102358 8.34436763610236 8.428006731683782 8.428006731683794 8.600434703162666 8.691279353817157 8.800005668733208 9.116860053430502 9.116860053430504 9.428696831124554 9.648775054785737 9.689816269668196 9.689816269668201 9.758756023540693 9.780311996062565 9.802522065456639 10.146733111645473 10.232665974335761 10.658655810600782 10.874766697932053 11.086130197651483 11.0861301976515 11.254171463665795 11.25558422288622 11.270265349363632 11.512549684502467 11.552445623262722 11.769144786287027 12.015257555084293 12.093027448140818 12.313224371191703 12.3181195267043 12.40760787964667 12.547224393829135 12.54722439382914 13.13578312099064 13.223796474289326 13.223879645346255 13.244217144984365 13.244217144984367 13.270897238352596 13.271638931674822 13.297516668485192 13.545803054311682 13.545803054311683 13.870014419643805 13.97612888843852 13.999999999999988 
0 -5 0.7774461361007275 1.3300779218499899 1.828740138853979 2.8246204970540165 2.859508475833564 2.9676958310719863 3.668392533679854 3.709603546438802 3.8538034658199227 3.8853770241274437 3.9972144656220574 4.104594623303583 4.120609419683388 4.218094356626302 4.374477114786212 4.483423474865482 4.868083597992563 5.000439808021237 5.697378358479856 5.75486664577848 5.794206496774151 6.038337687960167 6.227703669275348 6.259861971132201 6.2865098522736655 6.296721930672385 6.30461088709332 6.596820557624921 6.6767624995428685 6.780186007686242 6.829303550850702 6.890221834633099 7.071744747286362 7.105802237130174 7.216159088789593 7.2161590887895946 7.260544722813886 7.376625356013985 7.391304244273208 7.414686890836986 7.654739501916788 7.663088029118592 7.766829938636587 7.932568752172376 7.999999999999997 8.113803505922986 8.15790214995254 8.202403660152065 8.216781096159531 8.379733972849113 8.3895669900486 8.499182174913223 8.532938492223678 8.744196097171988 8.772045697116615 8.852987169497798 8.875204025579967 9.194134444465188 9.307731776185411 9.307731776185415 9.344557618450162 9.344557618450171 9.440623889078122 9.456977349526367 9.600097799557998 9.700788603398568 9.732753611164009 9.762239216805087 9.786222940692616 9.863136411206792 10.057608699248371 10.126983080184289 10.180991741089224 10.205393229492177 10.502793886839576 10.789244119040806 10.789244119040807 10.914265721885467 10.949396564634368 10.989077311979074 11.06476474972646 11.064764749726468 11.081567038244804 11.087436134952764 11.840567552862948 12.001959906979593 12.441141725223362 12.558070698490926 12.6535861297143 12.791724538684075 13.051287403763967 13.148647143387905 13.319882668086327 13.332563702566672 13.333759184962855 13.41134438529853 13.41134438529853 13.426375852078143 13.631905835959586 13.779630299159475 13.795116896260986 13.795920058347201 13.866198262509007 13.866198262509025 13.963199610292985 14.031848519639915 14.033044544281946 14.070747098277202 14.398317882910462 14.401367853796037 14.401703796246728 14.484769590285936 
0 -6 0.7774461361007275 1.3300779218499899 1.828740138853979 2.8246204970540165 2.859508475833564 2.9676958310719863 3.668392533679854 3.709603546438802 3.8538034658199227 3.8853770241274437 3.9972144656220574 4.104594623303583 4.120609419683388 4.218094356626302 4.374477114786212 4.483423474865482 4.868083597992563 5.000439808021237 5.697378358479856 5.75486664577848 5.794206496774151 6.038337687960167 6.227703669275348 6.259861971132201 6.2865098522736655 6.296721930672385 6.30461088709332 6.596820557624921 6.6767624995428685 6.780186007686242 6.829303550850702 6.890221834633099 7.071744747286362 7.105802237130174 7.216159088789593 7.2161590887895946 7.260544722813886 7.376625356013985 7.391304244273208 7.414686890836986 7.654739501916788 7.663088029118592 7.766829938636587 7.932568752172376 7.999999999999997 8.113803505922986 8.15790214995254 8.202403660152065 8.216781096159531 8.379733972849113 8.3895669900486 8.499182174913223 8.532938492223678 8.744196097171988 8.772045697116615 8.852987169497798 8.875204025579967 9.194134444465188 9.307731776185411 9.307731776185415 9.344557618450162 9.344557618450171 9.440623889078122 9.456977349526367 9.600097799557998 9.700788603398568 9.732753611164009 9.762239216805087 9.786222940692616 9.863136411206792 10.057608699248371 10.126983080184289 10.180991741089224 10.205393229492177 10.502793886839576 10.789244119040806 10.789244119040807 10.914265721885467 10.949396564634368 10.989077311979074 11.06476474972646 11.064764749726468 11.081567038244804 11.087436134952764 11.840567552862948 12.001959906979593 12.441141725223362 12.558070698490926 12.6535861297143 12.791724538684075 13.051287403763967 13.148647143387905 13.319882668086327 13.332563702566672 13.333759184962855 13.41134438529853 13.41134438529853 13.426375852078143 13.631905835959586 13.779630299159475 13.795116896260986 13.795920058347201 13.866198262509007 13.866198262509025 13.963199610292985 14.031848519639915 14.033044544281946 14.070747098277202 14.398317882910462 14.401367853796037 14.401703796246728 14.484769590285936 
0 -7 2.5164858077400343 3.2271377109783708 3.3500976461653322 4.885837172886964 5.28252704723106 5.391584522239716 5.500362087232587 6.229574601840333 6.250627464370662 6.849636946091676 7.412004081600022 7.833495437343459 7.999999999999995 7.999999999999997 7.999999999999998 7.999999999999998 7.999999999999999 7.999999999999999 8.0 8.000000000000004 8.000000000000005 8.000000000000009 8.031654215898183 8.488953076421208 8.986298012474084 9.944751157405094 10.0 10.000000000000005 10.000000000000009 10.47266805472439 10.999999999999993 11.0 11.0 11.0 11.000000000000002 11.000000000000004 11.009791412042981 11.54688295875926 11.54713015339542 11.581300854678684 11.829896516209672 11.831303062270804 12.999999999999988 12.999999999999995 
0 -8 2.5164858077400343 3.2271377109783708 3.3500976461653322 4.885837172886964 5.28252704723106 5.391584522239716 5.500362087232587 6.229574601840333 6.250627464370662 6.849636946091676 7.412004081600022 7.833495437343459 7.999999999999995 7.999999999999997 7.999999999999998 7.999999999999998 7.999999999999999 7.999999999999999 8.0 8.000000000000004 8.000000000000005 8.000000000000009 8.031654215898183 8.488953076421208 8.986298012474084 9.944751157405094 10.0 10.000000000000005 10.000000000000009 10.47266805472439 10.999999999999993 11.0 11.0 11.0 11.000000000000002 11.000000000000004 11.009791412042981 11.54688295875926 11.54713015339542 11.581300854678684 11.829896516209672 11.831303062270804 12.999999999999988 12.999999999999995 
-1 1 3.0 
-1 0 3.0 
-1 -1 1.5266213232576422 2.0 2.2700753126819864 2.9999999999999996 3.000000000000002 3.000000000000004 3.4477570762868757 3.9999999999999996 4.763932022500212 4.999999999999997 5.000000000000001 5.000000000000001 5.000000000000003 5.0000000000000036 5.000000000000004 5.000000000000008 5.091823478065282 5.171461288792818 5.585786437626904 5.585786437626907 5.900778367303794 6.543178626338628 8.414213562373089 8.414213562373092 8.480776831373278 8.567527695899686 9.236067977499786 
-1 -2 1.5266213232576422 2.0 2.2700753126819864 2.9999999999999996 3.000000000000002 3.000000000000004 3.4477570762868757 3.9999999999999996 4.763932022500212 4.999999999999997 5.000000000000001 5.000000000000001 5.000000000000003 5.0000000000000036 5.000000000000004 5.000000000000008 5.091823478065282 5.171461288792818 5.585786437626904 5.585786437626907 5.900778367303794 6.543178626338628 8.414213562373089 8.414213562373092 8.480776831373278 8.567527695899686 9.236067977499786 
-1 -3 4.331133160948519e-16 1.2742858946079159e-14 0.2755242071282886 1.2524883246796872 1.3347793274434507 1.5595515047074142 1.9132131355267064 1.9841646888585494 2.271457595468896 2.3131607170151964 2.565152493259099 2.739668681332617 2.8092346029901525 2.957694155633585 3.030794410579725 3.3319236776806864 3.4541969456883166 3.478900222921155 3.5290451058096948 3.547497073887725 3.8176436322802183 3.9999999999999964 4.054645742407607 4.37146347632951 4.413479024833442 4.414576603975825 4.435561649795313 4.449563048271559 4.452775606170863 4.524812892035788 4.560924779203117 4.795224447315939 4.837722339831623 4.8377223398316245 4.869739245467976 4.906972551859183 4.906972551859188 4.999999999999995 5.107649439194694 5.193425039608927 5.475388890126606 5.482595447322658 5.528024437815201 5.54417166632051 5.550510257216825 5.5505102572168274 5.863591559116766 5.999999999999993 5.999999999999995 6.0 6.0228289846274246 6.044411234881908 6.133363681933784 6.166303762244043 6.18330435096328 6.304848368918144 6.400801654251589 6.461912587074512 6.4646478596676715 6.4858630706647 6.485863070664709 6.526655568494472 6.71924637638292 6.736513381686715 6.74332382451795 6.790711901710107 6.816839225046309 6.884773213675989 6.908386172350614 6.944409884754668 6.99951116684133 7.0801780649884325 7.199561856835016 7.252934734296362 7.309813279351142 7.513528246413021 7.51583321078254 7.665133182281065 7.885388219073237 7.900891129207379 7.918244251078705 7.954511500603943 8.175115910815071 8.221528256132624 8.236247557190055 8.428006731683787 8.428006731683807 8.60043470316267 8.800005668733201 9.428696831124551 9.514126052184855 9.780311996062562 9.802522065456618 9.91657663918832 10.043422869474854 10.14673311164546 10.307792891688996 10.44948974278317 10.449489742783197 10.679859843731657 10.779862095200611 10.785055016276184 10.786109142713167 10.79383588165401 10.94833844844533 10.999999999999993 11.086130197651489 11.086130197651492 11.162277660168387 11.16227766016839 11.254171463665795 11.255584222886219 11.27026534936362 11.303299090513441 11.368069506005472 11.512549684502464 11.552445623262727 11.769144786287 11.922951350606077 11.999999999999998 12.015257555084276 12.093027448140836 12.313224371191696 12.318119526704281 12.407607879646656 12.54722439382912 12.547224393829124 13.223796474289324 13.223879645346269 13.297516668485196 13.545803054311675 13.545803054311692 14.000000000000009 
-1 -4 4.331133160948519e-16 1.2742858946079159e-14 0.2755242071282886 1.2524883246796872 1.3347793274434507 1.5595515047074142 1.9132131355267064 1.9841646888585494 2.271457595468896 2.3131607170151964 2.565152493259099 2.739668681332617 2.8092346029901525 2.957694155633585 3.030794410579725 3.3319236776806864 3.4541969456883166 3.478900222921155 3.5290451058096948 3.547497073887725 3.8176436322802183 3.9999999999999964 4.054645742407607 4.37146347632951 4.413479024833442 4.414576603975825 4.435561649795313 4.449563048271559 4.452775606170863 4.524812892035788 4.560924779203117 4.795224447315939 4.837722339831623 4.8377223398316245 4.869739245467976 4.906972551859183 4.906972551859188 4.999999999999995 5.107649439194694 5.193425039608927 5.475388890126606 5.482595447322658 5.528024437815201 5.54417166632051 5.550510257216825 5.5505102572168274 5.863591559116766 5.999999999999993 5.999999999999995 6.0 6.0228289846274246 6.044411234881908 6.133363681933784 6.166303762244043 6.18330435096328 6.304848368918144 6.400801654251589 6.461912587074512 6.4646478596676715 6.4858630706647 6.485863070664709 6.526655568494472 6.71924637638292 6.736513381686715 6.74332382451795 6.790711901710107 6.816839225046309 6.884773213675989 6.908386172350614 6.944409884754668 6.99951116684133 7.0801780649884325 7.199561856835016 7.252934734296362 7.309813279351142 7.513528246413021 7.51583321078254 7.665133182281065 7.885388219073237 7.900891129207379 7.918244251078705 7.954511500603943 8.175115910815071 8.221528256132624 8.236247557190055 8.428006731683787 8.428006731683807 8.60043470316267 8.800005668733201 9.428696831124551 9.514126052184855 9.780311996062562 9.802522065456618 9.91657663918832 10.043422869474854 10.14673311164546 10.307792891688996 10.44948974278317 10.449489742783197 10.679859843731657 10.779862095200611 10.785055016276184 10.786109142713167 10.79383588165401 10.94833844844533 10.999999999999993 11.086130197651489 11.086130197651492 11.162277660168387 11.16227766016839 11.254171463665795 11.255584222886219 11.27026534936362 11.303299090513441 11.368069506005472 11.512549684502464 11.552445623262727 11.769144786287 11.922951350606077 11.999999999999998 12.015257555084276 12.093027448140836 12.313224371191696 12.318119526704281 12.407607879646656 12.54722439382912 12.547224393829124 13.223796474289324 13.223879645346269 13.297516668485196 13.545803054311675 13.545803054311692 14.000000000000009 
-1 -5 -2.2703806409005128e-14 -2.0324667785835e-14 0.7774461361007285 1.2166504623754688 1.330077921849977 1.7604153822261628 1.8287401388539937 1.868078276140797 1.9613694484563828 2.0263451649081983 2.156470780597123 2.1843772227164027 2.6827898695675914 2.797410842357107 2.824620497054031 2.8595084758335596 2.967695831071991 3.2552202399632235 3.3012200238014278 3.432081031788263 3.612271781144983 3.668392533679847 3.7096035464388084 3.721912062370137 3.885377024127425 3.91078976774903 3.9431859892013392 3.9972144656220463 4.010056877867929 4.104594623303574 4.113799243914295 4.120087960957569 4.218094356626286 4.3354624740256655 4.442610660916551 4.483423474865483 4.566725756290923 4.741065622056986 4.751454544941064 4.847592593959026 4.868083597992578 4.871808882933331 5.000439808021237 5.013705628680968 5.098208985331155 5.16357793259175 5.551884232455324 5.581148228842311 5.605462630985492 5.697378358479855 5.717921922587403 5.753257390437121 5.754866645778481 5.794206496774154 5.796186299143542 6.038337687960182 6.092949047253426 6.1958306560503535 6.227703669275352 6.22946782118331 6.25986197113221 6.304610887093308 6.331917688267676 6.469832908927806 6.554525637818598 6.676762499542863 6.704042173486975 6.76781213343386 6.7801860076862335 6.814767958942503 6.82930355085071 6.8902218346331034 6.9095808081891805 7.071744747286364 7.073586396676619 7.105802237130171 7.1611853293670436 7.26054472281388 7.306647366250823 7.347125084473395 7.3584430144253234 7.376625356013985 7.391304244273211 7.39910048254639 7.414686890836987 7.588745200929283 7.663088029118585 7.766829938636584 7.7743920560338955 7.7815101428725395 7.811496455101126 7.932568752172376 7.983793180886911 7.999999999999994 8.001675880309636 8.031866204276332 8.039057993419634 8.04360221879827 8.113803505922984 8.208941423584587 8.216781096159538 8.230105528702277 8.337570271925696 8.379733972849122 8.389566990048598 8.499182174913225 8.590803816371471 8.611534097349027 8.670801150758663 8.744196097171995 8.772045697116619 8.852987169497796 8.875204025579963 8.967985088376274 9.112741055437114 9.194134444465186 9.227167446601912 9.344557618450175 9.344557618450182 9.356557694147897 9.435436366981254 9.45697734952637 9.600097799558004 9.69839004725105 9.711761372706793 9.732753611164018 9.751257434436829 9.762239216805082 9.786222940692625 9.863136411206783 9.900382584938024 10.057608699248375 10.072982072566314 10.111327120503699 10.126983080184287 10.26180232261295 10.381174880752505 10.388606893997096 10.43415224812254 10.502793886839584 10.533500232156056 10.628507106403836 10.690831429430034 10.7892441190408 10.789244119040816 10.791169592482742 10.82271511558568 10.914265721885473 10.949396564634352 10.979385306752809 10.989077311979074 11.07109931598763 11.0815670382448 11.087436134952767 11.09406215774898 11.273837672438964 11.463360580776138 11.620195642685271 12.525359346435692 12.530268429781882 12.558070698490923 12.563536690627684 12.653586129714286 12.668793654397206 12.774024453482514 12.84947379108846 12.886888608570104 13.05128740376396 13.079892070690992 13.08139793387006 13.110468118148315 13.148647143387906 13.201071851992024 13.205111067852679 13.29947195700339 13.332563702566667 13.33375918496285 13.372813173362683 13.397706460730063 13.426375852078154 13.631905835959564 13.779630299159463 13.795116896260978 13.795920058347205 13.863437639542868 13.865531298046434 13.866198262509007 13.866198262509043 13.86943356836015 13.963199610292984 14.031848519639915 14.033044544281946 14.070747098277227 14.162524293097281 14.163566877654883 14.39831788291045 14.401367853796033 14.401703796246714 14.484769590285948 14.653308185164237 14.65500321956317 15.058530022261353 15.063114197770195 15.207189961223227 15.211603206949299 15.221513428911775 15.222835388828907 15.266352843627953 15.420682164766278 15.433390971423172 15.999999999999988 15.999999999999991 15.999999999999996 16.000000000000014 
-1 -6 -2.2703806409005128e-14 -2.0324667785835e-14 0.7774461361007285 1.2166504623754688 1.330077921849977 1.7604153822261628 1.8287401388539937 1.868078276140797 1.9613694484563828 2.0263451649081983 2.156470780597123 2.1843772227164027 2.6827898695675914 2.797410842357107 2.824620497054031 2.8595084758335596 2.967695831071991 3.2552202399632235 3.3012200238014278 3.432081031788263 3.612271781144983 3.668392533679847 3.7096035464388084 3.721912062370137 3.885377024127425 3.91078976774903 3.9431859892013392 3.9972144656220463 4.010056877867929 4.104594623303574 4.113799243914295 4.120087960957569 4.218094356626286 4.3354624740256655 4.442610660916551 4.483423474865483 4.566725756290923 4.741065622056986 4.751454544941064 4.847592593959026 4.868083597992578 4.871808882933331 5.000439808021237 5.013705628680968 5.098208985331155 5.16357793259175 5.551884232455324 5.581148228842311 5.605462630985492 5.697378358479855 5.717921922587403 5.753257390437121 5.754866645778481 5.794206496774154 5.796186299143542 6.038337687960182 6.092949047253426 6.1958306560503535 6.227703669275352 6.22946782118331 6.25986197113221 6.304610887093308 6.331917688267676 6.469832908927806 6.554525637818598 6.676762499542863 6.704042173486975 6.76781213343386 6.7801860076862335 6.814767958942503 6.82930355085071 6.8902218346331034 6.9095808081891805 7.071744747286364 7.073586396676619 7.105802237130171 7.1611853293670436 7.26054472281388 7.306647366250823 7.347125084473395 7.3584430144253234 7.376625356013985 7.391304244273211 7.39910048254639 7.414686890836987 7.588745200929283 7.663088029118585 7.766829938636584 7.7743920560338955 7.7815101428725395 7.811496455101126 7.932568752172376 7.983793180886911 7.999999999999994 8.001675880309636 8.031866204276332 8.039057993419634 8.04360221879827 8.113803505922984 8.208941423584587 8.216781096159538 8.230105528702277 8.337570271925696 8.379733972849122 8.389566990048598 8.499182174913225 8.590803816371471 8.611534097349027 8.670801150758663 8.744196097171995 8.772045697116619 8.852987169497796 8.875204025579963 8.967985088376274 9.112741055437114 9.194134444465186 9.227167446601912 9.344557618450175 9.344557618450182 9.356557694147897 9.435436366981254 9.45697734952637 9.600097799558004 9.69839004725105 9.711761372706793 9.732753611164018 9.751257434436829 9.762239216805082 9.786222940692625 9.863136411206783 9.900382584938024 10.057608699248375 10.072982072566314 10.111327120503699 10.126983080184287 10.26180232261295 10.381174880752505 10.388606893997096 10.43415224812254 10.502793886839584 10.533500232156056 10.628507106403836 10.690831429430034 10.7892441190408 10.789244119040816 10.791169592482742 10.82271511558568 10.914265721885473 10.949396564634352 10.979385306752809 10.989077311979074 11.07109931598763 11.0815670382448 11.087436134952767 11.09406215774898 11.273837672438964 11.463360580776138 11.620195642685271 12.525359346435692 12.530268429781882 12.558070698490923 12.563536690627684 12.653586129714286 12.668793654397206 12.774024453482514 12.84947379108846 12.886888608570104 13.05128740376396 13.079892070690992 13.08139793387006 13.110468118148315 13.148647143387906 13.201071851992024 13.205111067852679 13.29947195700339 13.332563702566667 13.33375918496285 13.372813173362683 13.397706460730063 13.426375852078154 13.631905835959564 13.779630299159463 13.795116896260978 13.795920058347205 13.863437639542868 13.865531298046434 13.866198262509007 13.866198262509043 13.86943356836015 13.963199610292984 14.031848519639915 14.033044544281946 14.070747098277227 14.162524293097281 14.163566877654883 14.39831788291045 14.401367853796033 14.401703796246714 14.484769590285948 14.653308185164237 14.65500321956317 15.058530022261353 15.063114197770195 15.207189961223227 15.211603206949299 15.221513428911775 15.222835388828907 15.266352843627953 15.420682164766278 15.433390971423172 15.999999999999988 15.999999999999991 15.999999999999996 16.000000000000014 
-1 -7 0.7146681625201747 2.4150698319506567 2.462210574065618 2.516485807740037 2.757726061650988 3.2271377109783734 3.270083126818274 3.2969543418885277 3.35009764616534 3.383474931981807 3.614576229384955 3.6758250669236014 3.887835698487022 4.37963987333448 4.427097092357211 4.885837172886951 4.930476565137421 4.931411166386124 4.956442684748382 5.10594729322589 5.180224688672886 5.2259197003306745 5.282527047231054 5.391584522239708 5.498092513764857 5.500362087232589 5.519921921837023 5.534926518670233 5.5472239069199265 5.748261583568383 6.028996724009564 6.108271878928137 6.154823534947696 6.229574601840329 6.250627464370665 6.349884185134426 6.4912394009936 6.719658204912244 6.741803684285408 6.849636946091674 6.9497027407300545 6.98714371974044 6.995466118733057 7.120232783656834 7.280698413649908 7.3501647856052665 7.41200408160002 7.434701189160353 7.583343328547845 7.821737500624735 7.833495437343462 7.8725281499047925 7.920637601423338 7.999999999999989 7.999999999999995 7.999999999999999 7.999999999999999 8.0 8.000000000000002 8.000000000000004 8.000000000000004 8.00000000000001 8.000000000000012 8.03062869314734 8.031159811238084 8.031654215898183 8.172490697712785 8.200402467567557 8.221263692909902 8.463976300206928 8.488953076421202 8.528731369368975 8.598942432602756 8.735368866909738 8.98629801247409 8.986855252380309 9.04681979334158 9.076080541158975 9.431505483117709 9.672372716108459 9.681819189211305 9.685197403088724 9.77303909035227 9.9447511574051 10.000000000000002 10.000000000000004 10.000000000000004 10.016878788374095 10.34270564358879 10.370825128157593 10.472668054724389 10.639082082958485 10.99999999999999 10.999999999999991 11.000000000000002 11.000000000000004 11.000000000000004 11.000000000000012 11.009791412042983 11.152085955769158 11.462462193702688 11.462581988524565 11.546882958759271 11.547130153395422 11.581300854678679 11.583211497610586 11.713983571670967 11.738172815381194 11.743744177704295 11.829896516209656 11.831303062270797 12.141447671805151 12.198614331644208 12.288078405611179 12.324418484190588 12.347597952229162 12.664850706452116 12.689086962399244 12.770679040358907 12.780073737682578 12.999999999999998 13.000000000000002 13.05456568326306 13.054619049536534 13.058412802640085 13.319296525066173 13.319978917367079 13.491374149965221 13.491374183615445 13.655951478519448 13.656167653806337 13.87748785747606 13.878493282892839 
-1 -8 0.7146681625201747 2.4150698319506567 2.462210574065618 2.516485807740037 2.757726061650988 3.2271377109783734 3.270083126818274 3.2969543418885277 3.35009764616534 3.383474931981807 3.614576229384955 3.6758250669236014 3.887835698487022 4.37963987333448 4.427097092357211 4.885837172886951 4.930476565137421 4.931411166386124 4.956442684748382 5.10594729322589 5.180224688672886 5.2259197003306745 5.282527047231054 5.391584522239708 5.498092513764857 5.500362087232589 5.519921921837023 5.534926518670233 5.5472239069199265 5.748261583568383 6.028996724009564 6.108271878928137 6.154823534947696 6.229574601840329 6.250627464370665 6.349884185134426 6.4912394009936 6.719658204912244 6.741803684285408 6.849636946091674 6.9497027407300545 6.98714371974044 6.995466118733057 7.120232783656834 7.280698413649908 7.3501647856052665 7.41200408160002 7.434701189160353 7.583343328547845 7.821737500624735 7.833495437343462 7.8725281499047925 7.920637601423338 7.999999999999989 7.999999999999995 7.999999999999999 7.999999999999999 8.0 8.000000000000002 8.000000000000004 8.000000000000004 8.00000000000001 8.000000000000012 8.03062869314734 8.031159811238084 8.031654215898183 8.172490697712785 8.200402467567557 8.221263692909902 8.463976300206928 8.488953076421202 8.528731369368975 8.598942432602756 8.735368866909738 8.98629801247409 8.986855252380309 9.04681979334158 9.076080541158975 9.431505483117709 9.672372716108459 9.681819189211305 9.685197403088724 9.77303909035227 9.9447511574051 10.000000000000002 10.000000000000004 10.000000000000004 10.016878788374095 10.34270564358879 10.370825128157593 10.472668054724389 10.639082082958485 10.99999999999999 10.999999999999991 11.000000000000002 11.000000000000004 11.000000000000004 11.000000000000012 11.009791412042983 11.152085955769158 11.462462193702688 11.462581988524565 11.546882958759271 11.547130153395422 11.581300854678679 11.583211497610586 11.713983571670967 11.738172815381194 11.743744177704295 11.829896516209656 11.831303062270797 12.141447671805151 12.198614331644208 12.288078405611179 12.324418484190588 12.347597952229162 12.664850706452116 12.689086962399244 12.770679040358907 12.780073737682578 12.999999999999998 13.000000000000002 13.05456568326306 13.054619049536534 13.058412802640085 13.319296525066173 13.319978917367079 13.491374149965221 13.491374183615445 13.655951478519448 13.656167653806337 13.87748785747606 13.878493282892839 
-1 -9 2.324838116324358 4.256048550476236 5.704841723597713 5.999999999999993 5.999999999999997 5.999999999999998 5.999999999999999 5.999999999999999 6.0 6.0 6.0 6.000000000000002 6.000000000000003 6.000000000000004 6.000000000000006 6.386843682052721 7.350114422770739 8.0 8.000000000000005 8.999999999999996 8.999999999999996 9.0 9.000000000000002 9.000000000000007 9.329296780227216 9.648016724551008 11.000000000000004 
0 -9 5.999999999999998 6.0 6.0 8.999999999999998 
-1 -10 2.324838116324358 4.256048550476236 5.704841723597713 5.999999999999993 5.999999999999997 5.999999999999998 5.999999999999999 5.999999999999999 6.0 6.0 6.0 6.000000000000002 6.000000000000003 6.000000000000004 6.000000000000006 6.386843682052721 7.350114422770739 8.0 8.000000000000005 8.999999999999996 8.999999999999996 9.0 9.000000000000002 9.000000000000007 9.329296780227216 9.648016724551008 11.000000000000004 
0 -10 5.999999999999998 6.0 6.0 8.999999999999998 
-2 -1 2.9999999999999987 4.999999999999997 4.999999999999999 5.0 5.0 5.0 5.585786437626904 8.414213562373096 
-2 -2 2.9999999999999987 4.999999999999997 4.999999999999999 5.0 5.0 5.0 5.585786437626904 8.414213562373096 
-2 -3 1.3347793274434487 1.9841646888585323 2.565152493259099 2.957694155633574 2.9921580823084026 3.030794410579723 3.3319236776806864 3.4789002229211556 3.4920972286234444 3.547497073887726 4.000000000000001 4.054645742407608 4.37146347632952 4.38281873107396 4.414576603975826 4.795224447315942 4.837722339831619 4.837722339831624 5.000000000000002 5.00000000000001 5.107649439194692 5.475388890126606 5.550510257216822 5.550510257216823 5.550510257216827 5.550510257216831 5.863591559116763 5.999999999999991 5.999999999999995 5.999999999999998 5.999999999999998 5.999999999999999 6.000000000000004 6.000000000000004 6.000000000000008 6.022828984627423 6.1333636819337825 6.183304350963282 6.244359923966578 6.400801654251583 6.461912587074516 6.692003891158653 6.7192463763829195 6.743323824517945 6.816839225046311 6.944409884754677 7.30981327935114 7.316375546384719 7.513528246413023 7.515833210782535 7.665133182281072 7.885388219073243 8.22152825613262 9.000000000000009 9.26354284740998 9.51412605218486 9.564122389527872 9.916576639188344 10.043422869474869 10.052521359546397 10.307792891688994 10.449489742783163 10.449489742783175 10.449489742783179 10.449489742783188 10.679859843731661 10.779862095200619 10.785055016276194 10.786109142713181 10.793835881654019 10.948338448445332 10.999999999999993 10.999999999999998 11.162277660168375 11.162277660168384 11.303299090513459 11.368069506005483 11.922951350606057 12.000000000000002 
-2 -4 1.3347793274434487 1.9841646888585323 2.565152493259099 2.957694155633574 2.9921580823084026 3.030794410579723 3.3319236776806864 3.4789002229211556 3.4920972286234444 3.547497073887726 4.000000000000001 4.054645742407608 4.37146347632952 4.38281873107396 4.414576603975826 4.795224447315942 4.837722339831619 4.837722339831624 5.000000000000002 5.00000000000001 5.107649439194692 5.475388890126606 5.550510257216822 5.550510257216823 5.550510257216827 5.550510257216831 5.863591559116763 5.999999999999991 5.999999999999995 5.999999999999998 5.999999999999998 5.999999999999999 6.000000000000004 6.000000000000004 6.000000000000008 6.022828984627423 6.1333636819337825 6.183304350963282 6.244359923966578 6.400801654251583 6.461912587074516 6.692003891158653 6.7192463763829195 6.743323824517945 6.816839225046311 6.944409884754677 7.30981327935114 7.316375546384719 7.513528246413023 7.515833210782535 7.665133182281072 7.885388219073243 8.22152825613262 9.000000000000009 9.26354284740998 9.51412605218486 9.564122389527872 9.916576639188344 10.043422869474869 10.052521359546397 10.307792891688994 10.449489742783163 10.449489742783175 10.449489742783179 10.449489742783188 10.679859843731661 10.779862095200619 10.785055016276194 10.786109142713181 10.793835881654019 10.948338448445332 10.999999999999993 10.999999999999998 11.162277660168375 11.162277660168384 11.303299090513459 11.368069506005483 11.922951350606057 12.000000000000002 
-2 -5 -1.2902401721203162e-14 -3.552716524138634e-15 1.2166504623754395 1.4442737274474498 1.7604153822261592 1.8680782761408037 1.910434053261819 1.9613694484563744 2.0263451649082063 2.15647078059711 2.184377222716408 2.3689239198924716 2.682789869567593 2.6993247559893314 2.7974108423571087 2.977122848165664 3.1230275868479613 3.1864343391353693 3.25522023996321 3.301220023801429 3.432081031788256 3.4750621894395537 3.6114164492759917 3.6122717811449827 3.7219120623701425 3.910789767749036 3.9431859892013392 3.9999999999999996 4.000000000000001 4.010056877867922 4.030638745376006 4.10403176326878 4.113799243914294 4.120087960957561 4.184080452979123 4.2292150459071225 4.335462474025663 4.442610660916545 4.5667257562909205 4.5772412316929865 4.705343540142007 4.735422949605688 4.74106562205698 4.7514545449410654 4.847592593959021 4.871808882933326 4.936011162872267 5.0137056286809845 5.015957496281252 5.098208985331165 5.163577932591744 5.273654398315957 5.349741097555702 5.438205466088596 5.495532473484147 5.551884232455322 5.581148228842312 5.605462630985502 5.674962125090347 5.717921922587412 5.753257390437124 5.79618629914354 6.0131773900023635 6.092949047253426 6.160150953810447 6.195830656050379 6.229467821183311 6.331917688267679 6.337034738911399 6.3603863287095965 6.469832908927809 6.554525637818603 6.559189842769674 6.7040421734869655 6.733682336252732 6.767812133433857 6.814767958942498 6.909580808189186 6.931536764511236 6.936465432256021 7.043995487896627 7.073586396676622 7.161185329367047 7.306647366250824 7.347125084473393 7.358443014425327 7.399100482546385 7.588745200929282 7.614329843635673 7.726207161120541 7.774392056033898 7.781510142872536 7.81149645510111 7.928877203878412 7.967910454883026 7.983793180886905 7.999999999999989 7.999999999999996 7.999999999999997 8.000000000000007 8.00000000000002 8.00000000000002 8.001675880309637 8.005948783023461 8.031866204276332 8.03905799341963 8.043602218798268 8.08154111715859 8.208941423584589 8.230105528702275 8.337570271925701 8.470116288235372 8.590803816371468 8.611534097349038 8.614061664387506 8.670801150758656 8.83073171297441 8.838054284371006 8.967985088376285 9.112741055437114 9.162058377579383 9.2271674466019 9.29261490711086 9.3565576941479 9.435436366981246 9.438447187191157 9.438447187191167 9.698390047251042 9.711761372706787 9.75125743443681 9.900382584938036 10.000000000000004 10.072982072566315 10.111327120503706 10.127497652979933 10.261802322612956 10.330942439993645 10.381174880752507 10.388606893997105 10.434152248122535 10.44042931969722 10.533500232156067 10.580369397156819 10.62850710640382 10.64099430848608 10.68433255531818 10.690831429430027 10.791169592482749 10.822715115585673 10.979385306752803 11.07109931598764 11.09406215774897 11.188562632809443 11.273837672438953 11.463360580776143 11.620195642685282 11.6973933975906 12.04709008964307 12.104926998586954 12.213655015901724 12.245436227488133 12.273892326971701 12.337130102622138 12.468931510951052 12.525359346435694 12.530268429781879 12.563536690627686 12.585168036981 12.64120837830485 12.668793654397195 12.774024453482514 12.849473791088455 12.88688860857011 12.917700096925394 12.992121715056598 12.999999999999982 12.99999999999999 13.000000000000002 13.079892070690999 13.08139793387006 13.101241890905806 13.110468118148324 13.20107185199204 13.204401924508007 13.205111067852647 13.21285359061175 13.299471957003394 13.371155552967911 13.372813173362681 13.397706460730046 13.397772156746571 13.524937810560436 13.56155281280884 13.561552812808841 13.78515429435839 13.86202679193833 13.863437639542873 13.865531298046426 13.86854489234426 13.869433568360154 13.999999999999988 13.999999999999995 14.000000000000027 14.162524293097297 14.163566877654874 14.653308185164242 14.65500321956318 15.058530022261346 15.063114197770192 15.20718996122324 15.211603206949322 15.221513428911772 15.222835388828901 15.266352843627951 15.42068216476629 15.433390971423188 15.999999999999996 16.0 16.000000000000014 16.000000000000018 
-2 -6 -1.2902401721203162e-14 -3.552716524138634e-15 1.2166504623754395 1.4442737274474498 1.7604153822261592 1.8680782761408037 1.910434053261819 1.9613694484563744 2.0263451649082063 2.15647078059711 2.184377222716408 2.3689239198924716 2.682789869567593 2.6993247559893314 2.7974108423571087 2.977122848165664 3.1230275868479613 3.1864343391353693 3.25522023996321 3.301220023801429 3.432081031788256 3.4750621894395537 3.6114164492759917 3.6122717811449827 3.7219120623701425 3.910789767749036 3.9431859892013392 3.9999999999999996 4.000000000000001 4.010056877867922 4.030638745376006 4.10403176326878 4.113799243914294 4.120087960957561 4.184080452979123 4.2292150459071225 4.335462474025663 4.442610660916545 4.5667257562909205 4.5772412316929865 4.705343540142007 4.735422949605688 4.74106562205698 4.7514545449410654 4.847592593959021 4.871808882933326 4.936011162872267 5.0137056286809845 5.015957496281252 5.098208985331165 5.163577932591744 5.273654398315957 5.349741097555702 5.438205466088596 5.495532473484147 5.551884232455322 5.581148228842312 5.605462630985502 5.674962125090347 5.717921922587412 5.753257390437124 5.79618629914354 6.0131773900023635 6.092949047253426 6.160150953810447 6.195830656050379 6.229467821183311 6.331917688267679 6.337034738911399 6.3603863287095965 6.469832908927809 6.554525637818603 6.559189842769674 6.7040421734869655 6.733682336252732 6.767812133433857 6.814767958942498 6.909580808189186 6.931536764511236 6.936465432256021 7.043995487896627 7.073586396676622 7.161185329367047 7.306647366250824 7.347125084473393 7.358443014425327 7.399100482546385 7.588745200929282 7.614329843635673 7.726207161120541 7.774392056033898 7.781510142872536 7.81149645510111 7.928877203878412 7.967910454883026 7.983793180886905 7.999999999999989 7.999999999999996 7.999999999999997 8.000000000000007 8.00000000000002 8.00000000000002 8.001675880309637 8.005948783023461 8.031866204276332 8.03905799341963 8.043602218798268 8.08154111715859 8.208941423584589 8.230105528702275 8.337570271925701 8.470116288235372 8.590803816371468 8.611534097349038 8.614061664387506 8.670801150758656 8.83073171297441 8.838054284371006 8.967985088376285 9.112741055437114 9.162058377579383 9.2271674466019 9.29261490711086 9.3565576941479 9.435436366981246 9.438447187191157 9.438447187191167 9.698390047251042 9.711761372706787 9.75125743443681 9.900382584938036 10.000000000000004 10.072982072566315 10.111327120503706 10.127497652979933 10.261802322612956 10.330942439993645 10.381174880752507 10.388606893997105 10.434152248122535 10.44042931969722 10.533500232156067 10.580369397156819 10.62850710640382 10.64099430848608 10.68433255531818 10.690831429430027 10.791169592482749 10.822715115585673 10.979385306752803 11.07109931598764 11.09406215774897 11.188562632809443 11.273837672438953 11.463360580776143 11.620195642685282 11.6973933975906 12.04709008964307 12.104926998586954 12.213655015901724 12.245436227488133 12.273892326971701 12.337130102622138 12.468931510951052 12.525359346435694 12.530268429781879 12.563536690627686 12.585168036981 12.64120837830485 12.668793654397195 12.774024453482514 12.849473791088455 12.88688860857011 12.917700096925394 12.992121715056598 12.999999999999982 12.99999999999999 13.000000000000002 13.079892070690999 13.08139793387006 13.101241890905806 13.110468118148324 13.20107185199204 13.204401924508007 13.205111067852647 13.21285359061175 13.299471957003394 13.371155552967911 13.372813173362681 13.397706460730046 13.397772156746571 13.524937810560436 13.56155281280884 13.561552812808841 13.78515429435839 13.86202679193833 13.863437639542873 13.865531298046426 13.86854489234426 13.869433568360154 13.999999999999988 13.999999999999995 14.000000000000027 14.162524293097297 14.163566877654874 14.653308185164242 14.65500321956318 15.058530022261346 15.063114197770192 15.20718996122324 15.211603206949322 15.221513428911772 15.222835388828901 15.266352843627951 15.42068216476629 15.433390971423188 15.999999999999996 16.0 16.000000000000014 16.000000000000018 
-2 -7 -8.81919569392907e-15 2.0018847370709385e-14 0.7146681625201491 0.791662907233638 1.0754404830222448 1.4395089912635384 1.6286622129590176 2.2188004137616146 2.2299874123429504 2.385179332172546 2.4150698319506545 2.4622105740656077 2.577127761638564 2.683421300389199 2.7577260616509798 3.0014130499476392 3.042267412730977 3.2700831268182804 3.296954341888506 3.3634715534139774 3.3834749319818016 3.586542488888516 3.6060693699155255 3.614576229384954 3.6758250669235997 3.8679112783524796 3.8874333690282645 3.887835698487032 3.9505223763369686 4.154155043695022 4.21855982851061 4.286731915780577 4.379639873334485 4.415493136553788 4.427097092357198 4.930476565137417 4.93141116638612 4.949065145703539 4.95644268474838 5.009428336832037 5.062626793141253 5.100059982282621 5.105947293225895 5.171669257182511 5.180224688672896 5.225919700330669 5.290197404245597 5.306587632050162 5.355668955171991 5.498092513764854 5.519921921837024 5.534926518670236 5.547223906919927 5.560056377072051 5.74634124858696 5.748261583568383 5.926239421977304 5.949934276620024 6.000000000000004 6.028996724009567 6.108271878928135 6.154823534947699 6.333758408714487 6.349884185134421 6.390226998067303 6.491239400993604 6.5326032179747315 6.707095218425645 6.719658204912245 6.723795007062758 6.741803684285411 6.754258063279584 6.861188568238648 6.929395918838699 6.949702740730049 6.987143719740446 6.995466118733053 7.06740134740977 7.110542937080981 7.120232783656834 7.140689740988378 7.209155507266004 7.214814523962515 7.280698413649889 7.350164785605265 7.394448724535999 7.39444872453601 7.394448724536011 7.434701189160355 7.5528500693358325 7.583343328547841 7.695464371237798 7.821737500624723 7.856640137593489 7.872528149904794 7.91438122977999 7.920637601423326 7.9578231504175285 7.999999999999989 7.999999999999998 8.000000000000005 8.000000000000012 8.030628693147339 8.03115981123808 8.172490697712783 8.200402467567557 8.221263692909904 8.239395199330819 8.34033791014535 8.365195443957358 8.463976300206923 8.51452072709159 8.528731369368975 8.598942432602765 8.667544614738238 8.71002381141029 8.735368866909736 8.98685525238031 9.046819793341573 9.076080541158975 9.105484661741588 9.167913727678167 9.431505483117714 9.47493659128194 9.487074995843424 9.50143612375073 9.557666838182088 9.60072096833561 9.649549078349395 9.672372716108466 9.681819189211312 9.68519740308873 9.709510223328525 9.734487851875986 9.752647070281158 9.77303909035227 9.960524375506054 10.0 10.000744521393958 10.013313816187118 10.016878788374093 10.085604211458866 10.16760101703882 10.329472179504862 10.34270564358879 10.370825128157591 10.434198563959203 10.483800486744785 10.49067436085332 10.563526120651552 10.639082082958492 10.802084057635284 10.99999999999999 10.999999999999996 11.152085955769147 11.192357414263341 11.422075303090722 11.462462193702692 11.462581988524565 11.583211497610566 11.687416450610636 11.692674560021159 11.71398357167099 11.738172815381192 11.743744177704292 12.141447671805157 12.198614331644205 12.28807840561119 12.32441848419062 12.32776481536133 12.347597952229176 12.525315784048155 12.537830081826936 12.664850706452109 12.689086962399253 12.770679040358903 12.780073737682564 12.859167320555505 12.943783202491272 12.965623748704518 13.044054603188837 13.05456568326307 13.054619049536539 13.058412802640074 13.319296525066186 13.319978917367061 13.372027399091344 13.410037608625407 13.491374149965225 13.491374183615475 13.655951478519452 13.65616765380634 13.762570647867953 13.815375086804696 13.819702721624509 13.86663355765572 13.86788249119665 13.877487857476073 13.878493282892851 14.072981697234933 14.07405053152089 14.605551275463977 14.605551275463991 14.605551275463993 14.80587220798727 14.813948025651912 14.814223123462984 14.818770200314205 14.81969974046942 14.822655065476395 15.283550213958652 15.28489805985519 15.286844159175459 15.2899037451301 15.999999999999982 15.999999999999993 15.999999999999998 16.0 16.0 16.0 
-2 -8 -8.81919569392907e-15 2.0018847370709385e-14 0.7146681625201491 0.791662907233638 1.0754404830222448 1.4395089912635384 1.6286622129590176 2.2188004137616146 2.2299874123429504 2.385179332172546 2.4150698319506545 2.4622105740656077 2.577127761638564 2.683421300389199 2.7577260616509798 3.0014130499476392 3.042267412730977 3.2700831268182804 3.296954341888506 3.3634715534139774 3.3834749319818016 3.586542488888516 3.6060693699155255 3.614576229384954 3.6758250669235997 3.8679112783524796 3.8874333690282645 3.887835698487032 3.9505223763369686 4.154155043695022 4.21855982851061 4.286731915780577 4.379639873334485 4.415493136553788 4.427097092357198 4.930476565137417 4.93141116638612 4.949065145703539 4.95644268474838 5.009428336832037 5.062626793141253 5.100059982282621 5.105947293225895 5.171669257182511 5.180224688672896 5.225919700330669 5.290197404245597 5.306587632050162 5.355668955171991 5.498092513764854 5.519921921837024 5.534926518670236 5.547223906919927 5.560056377072051 5.74634124858696 5.748261583568383 5.926239421977304 5.949934276620024 6.000000000000004 6.028996724009567 6.108271878928135 6.154823534947699 6.333758408714487 6.349884185134421 6.390226998067303 6.491239400993604 6.5326032179747315 6.707095218425645 6.719658204912245 6.723795007062758 6.741803684285411 6.754258063279584 6.861188568238648 6.929395918838699 6.949702740730049 6.987143719740446 6.995466118733053 7.06740134740977 7.110542937080981 7.120232783656834 7.140689740988378 7.209155507266004 7.214814523962515 7.280698413649889 7.350164785605265 7.394448724535999 7.39444872453601 7.394448724536011 7.434701189160355 7.5528500693358325 7.583343328547841 7.695464371237798 7.821737500624723 7.856640137593489 7.872528149904794 7.91438122977999 7.920637601423326 7.9578231504175285 7.999999999999989 7.999999999999998 8.000000000000005 8.000000000000012 8.030628693147339 8.03115981123808 8.172490697712783 8.200402467567557 8.221263692909904 8.239395199330819 8.34033791014535 8.365195443957358 8.463976300206923 8.51452072709159 8.528731369368975 8.598942432602765 8.667544614738238 8.71002381141029 8.735368866909736 8.98685525238031 9.046819793341573 9.076080541158975 9.105484661741588 9.167913727678167 9.431505483117714 9.47493659128194 9.487074995843424 9.50143612375073 9.557666838182088 9.60072096833561 9.649549078349395 9.672372716108466 9.681819189211312 9.68519740308873 9.709510223328525 9.734487851875986 9.752647070281158 9.77303909035227 9.960524375506054 10.0 10.000744521393958 10.013313816187118 10.016878788374093 10.085604211458866 10.16760101703882 10.329472179504862 10.34270564358879 10.370825128157591 10.434198563959203 10.483800486744785 10.49067436085332 10.563526120651552 10.639082082958492 10.802084057635284 10.99999999999999 10.999999999999996 11.152085955769147 11.192357414263341 11.422075303090722 11.462462193702692 11.462581988524565 11.583211497610566 11.687416450610636 11.692674560021159 11.71398357167099 11.738172815381192 11.743744177704292 12.141447671805157 12.198614331644205 12.28807840561119 12.32441848419062 12.32776481536133 12.347597952229176 12.525315784048155 12.537830081826936 12.664850706452109 12.689086962399253 12.770679040358903 12.780073737682564 12.859167320555505 12.943783202491272 12.965623748704518 13.044054603188837 13.05456568326307 13.054619049536539 13.058412802640074 13.319296525066186 13.319978917367061 13.372027399091344 13.410037608625407 13.491374149965225 13.491374183615475 13.655951478519452 13.65616765380634 13.762570647867953 13.815375086804696 13.819702721624509 13.86663355765572 13.86788249119665 13.877487857476073 13.878493282892851 14.072981697234933 14.07405053152089 14.605551275463977 14.605551275463991 14.605551275463993 14.80587220798727 14.813948025651912 14.814223123462984 14.818770200314205 14.81969974046942 14.822655065476395 15.283550213958652 15.28489805985519 15.286844159175459 15.2899037451301 15.999999999999982 15.999999999999993 15.999999999999998 16.0 16.0 16.0 
-2 -9 2.213708482830893 2.278888003578393 2.324838116324356 2.549557372340055 2.592013039661399 2.6123902748711636 3.2803644847494784 4.006625105687516 4.049159386616438 4.153229155537756 4.256048550476233 4.7578640234606855 4.761504565635336 5.109109288799266 5.704841723597714 5.738145047487389 5.999999999999991 5.999999999999996 5.999999999999996 5.9999999999999964 5.999999999999997 5.999999999999998 5.999999999999999 5.999999999999999 6.0 6.0 6.000000000000001 6.000000000000001 6.000000000000002 6.000000000000002 6.0000000000000036 6.0000000000000036 6.000000000000004 6.000000000000007 6.000000000000007 6.000000000000007 6.022631394378732 6.2242139130302885 6.231366882854748 6.231554476258282 6.3868436820527235 6.453338358832161 7.218513678115748 7.350114422770751 7.385975749832714 7.47877757146155 7.695485154686305 7.999999999999993 8.0 8.000000000000002 8.000000000000007 8.07568146888925 8.212005314827483 8.271816367485682 8.277700464614105 8.795887420933596 8.999999999999993 8.999999999999995 8.999999999999998 9.0 9.0 9.000000000000002 9.000000000000004 9.25932492140897 9.329296780227214 9.471597879638496 9.648016724551011 9.774872929425975 9.775274489273256 10.094777905232387 10.513485386223584 11.000000000000007 11.00695365884925 11.050649159179848 11.387607904952691 11.531526929658659 11.782725080941276 11.809401791319742 11.864295516439507 
-2 -10 2.213708482830893 2.278888003578393 2.324838116324356 2.549557372340055 2.592013039661399 2.6123902748711636 3.2803644847494784 4.006625105687516 4.049159386616438 4.153229155537756 4.256048550476233 4.7578640234606855 4.761504565635336 5.109109288799266 5.704841723597714 5.738145047487389 5.999999999999991 5.999999999999996 5.999999999999996 5.9999999999999964 5.999999999999997 5.999999999999998 5.999999999999999 5.999999999999999 6.0 6.0 6.000000000000001 6.000000000000001 6.000000000000002 6.000000000000002 6.0000000000000036 6.0000000000000036 6.000000000000004 6.000000000000007 6.000000000000007 6.000000000000007 6.022631394378732 6.2242139130302885 6.231366882854748 6.231554476258282 6.3868436820527235 6.453338358832161 7.218513678115748 7.350114422770751 7.385975749832714 7.47877757146155 7.695485154686305 7.999999999999993 8.0 8.000000000000002 8.000000000000007 8.07568146888925 8.212005314827483 8.271816367485682 8.277700464614105 8.795887420933596 8.999999999999993 8.999999999999995 8.999999999999998 9.0 9.0 9.000000000000002 9.000000000000004 9.25932492140897 9.329296780227214 9.471597879638496 9.648016724551011 9.774872929425975 9.775274489273256 10.094777905232387 10.513485386223584 11.000000000000007 11.00695365884925 11.050649159179848 11.387607904952691 11.531526929658659 11.782725080941276 11.809401791319742 11.864295516439507 
-2 -11 3.9999999999999982 4.0 4.999999999999999 5.0 5.0 5.0 6.999999999999998 7.0 
-1 -11 5.0 
-2 -12 3.9999999999999982 4.0 4.999999999999999 5.0 5.0 5.0 6.999999999999998 7.0 
-1 -12 5.0 
-3 -1 5.0 
-3 -2 5.0 
-3 -3 2.9921580823083915 3.4920972286234413 4.3828187310739635 4.999999999999997 5.55051025721682 5.550510257216824 5.999999999999995 5.999999999999997 5.999999999999998 5.999999999999999 6.000000000000001 6.0000000000000036 6.0000000000000036 6.24435992396658 6.692003891158652 7.316375546384719 9.0 9.000000000000002 9.263542847409985 9.564122389527867 10.0525213595464 10.449489742783175 10.449489742783177 10.999999999999996 
-3 -4 2.9921580823083915 3.4920972286234413 4.3828187310739635 4.999999999999997 5.55051025721682 5.550510257216824 5.999999999999995 5.999999999999997 5.999999999999998 5.999999999999999 6.000000000000001 6.0000000000000036 6.0000000000000036 6.24435992396658 6.692003891158652 7.316375546384719 9.0 9.000000000000002 9.263542847409985 9.564122389527867 10.0525213595464 10.449489742783175 10.449489742783177 10.999999999999996 
-3 -5 1.4442737274474489 1.9104340532618171 2.3689239198924517 2.6993247559893483 2.977122848165676 3.123027586847963 3.1864343391353773 3.4648455057277108 3.475062189439547 3.6114164492759895 4.000000000000002 4.000000000000003 4.030638745376009 4.075209938543493 4.104031763268778 4.184080452979129 4.229215045907126 4.535898384862245 4.535898384862255 4.577241231692985 4.705343540142006 4.735422949605687 4.936011162872276 5.015957496281249 5.121992552446745 5.273654398315955 5.349741097555702 5.4382054660886 5.495532473484152 5.583385344422325 5.674962125090342 6.013177390002367 6.1601509538104535 6.3370347389114 6.3603863287095965 6.446719921436134 6.559189842769678 6.73368233625273 6.928321852923668 6.9315367645112325 6.936465432256024 7.04399548789663 7.614329843635671 7.672411362590192 7.726207161120547 7.928877203878412 7.967910454883029 7.999999999999987 7.999999999999988 7.999999999999988 7.999999999999993 7.999999999999993 7.999999999999993 7.9999999999999964 7.999999999999997 7.999999999999998 8.0 8.0 8.000000000000004 8.000000000000005 8.000000000000007 8.000000000000009 8.000000000000009 8.005948783023467 8.081541117158595 8.470116288235383 8.614061664387508 8.744872735159566 8.830731712974416 8.838054284371006 9.16205837757938 9.29261490711086 9.43844718719117 9.43844718719117 10.000000000000004 10.12749765297993 10.228295986255226 10.330942439993647 10.44042931969723 10.580369397156824 10.64099430848609 10.684332555318171 10.99999999999999 11.0 11.188562632809473 11.356965909441353 11.46410161513775 11.464101615137757 11.697393397590593 11.761261270617622 11.79914655890702 12.047090089643062 12.104926998586953 12.213655015901717 12.245436227488124 12.273892326971705 12.337130102622138 12.385548098958228 12.431022962570722 12.468931510951062 12.585168036980983 12.641208378304842 12.917700096925397 12.992121715056607 12.999999999999982 12.999999999999988 12.999999999999996 12.999999999999998 13.000000000000002 13.000000000000002 13.1012418909058 13.204401924507996 13.212853590611745 13.371155552967897 13.39777215674657 13.52493781056044 13.561552812808833 13.561552812808843 13.785154294358385 13.862026791938348 13.868544892344273 13.999999999999991 13.999999999999996 14.000000000000004 
-3 -6 1.4442737274474489 1.9104340532618171 2.3689239198924517 2.6993247559893483 2.977122848165676 3.123027586847963 3.1864343391353773 3.4648455057277108 3.475062189439547 3.6114164492759895 4.000000000000002 4.000000000000003 4.030638745376009 4.075209938543493 4.104031763268778 4.184080452979129 4.229215045907126 4.535898384862245 4.535898384862255 4.577241231692985 4.705343540142006 4.735422949605687 4.936011162872276 5.015957496281249 5.121992552446745 5.273654398315955 5.349741097555702 5.4382054660886 5.495532473484152 5.583385344422325 5.674962125090342 6.013177390002367 6.1601509538104535 6.3370347389114 6.3603863287095965 6.446719921436134 6.559189842769678 6.73368233625273 6.928321852923668 6.9315367645112325 6.936465432256024 7.04399548789663 7.614329843635671 7.672411362590192 7.726207161120547 7.928877203878412 7.967910454883029 7.999999999999987 7.999999999999988 7.999999999999988 7.999999999999993 7.999999999999993 7.999999999999993 7.9999999999999964 7.999999999999997 7.999999999999998 8.0 8.0 8.000000000000004 8.000000000000005 8.000000000000007 8.000000000000009 8.000000000000009 8.005948783023467 8.081541117158595 8.470116288235383 8.614061664387508 8.744872735159566 8.830731712974416 8.838054284371006 9.16205837757938 9.29261490711086 9.43844718719117 9.43844718719117 10.000000000000004 10.12749765297993 10.228295986255226 10.330942439993647 10.44042931969723 10.580369397156824 10.64099430848609 10.684332555318171 10.99999999999999 11.0 11.188562632809473 11.356965909441353 11.46410161513775 11.464101615137757 11.697393397590593 11.761261270617622 11.79914655890702 12.047090089643062 12.104926998586953 12.213655015901717 12.245436227488124 12.273892326971705 12.337130102622138 12.385548098958228 12.431022962570722 12.468931510951062 12.585168036980983 12.641208378304842 12.917700096925397 12.992121715056607 12.999999999999982 12.999999999999988 12.999999999999996 12.999999999999998 13.000000000000002 13.000000000000002 13.1012418909058 13.204401924507996 13.212853590611745 13.371155552967897 13.39777215674657 13.52493781056044 13.561552812808833 13.561552812808843 13.785154294358385 13.862026791938348 13.868544892344273 13.999999999999991 13.999999999999996 14.000000000000004 
-3 -7 -2.986220677596924e-14 -1.827246309326334e-15 0.7916629072336301 1.07544048302224 1.4395089912635308 1.6286622129590307 1.9512156017988678 1.9521784786733067 2.2188004137616084 2.229987412342954 2.3851793321725445 2.5645455050302797 2.5716038850070913 2.577127761638563 2.6834213003892096 2.8457259904472214 2.952645840535038 3.001413049947639 3.042267412730976 3.0656090305338326 3.3634715534139867 3.5012511890140163 3.5865424888885165 3.606069369915524 3.748116362916764 3.752641398463716 3.8679112783524805 3.8874333690282663 3.9505223763369695 4.078143731020726 4.154155043695014 4.218559828510612 4.286731915780575 4.415493136553791 4.625643096074333 4.655952102067777 4.753872442639179 4.949065145703536 4.958683756405979 5.009428336832037 5.062626793141252 5.078582495731164 5.10005998228262 5.171669257182512 5.290197404245596 5.306587632050163 5.355668955171995 5.540151728109589 5.560056377072049 5.678820904079084 5.746341248586951 5.9118146716053035 5.926239421977298 5.94993427662002 5.999999999999994 6.177804821294083 6.228177618769899 6.23354683299675 6.33375840871449 6.334738964344898 6.390226998067305 6.532603217974736 6.538466353123738 6.593776656088365 6.690964303193227 6.707095218425644 6.72379500706276 6.754258063279588 6.861188568238649 6.870582902166974 6.929395918838691 7.067401347409767 7.110542937080985 7.140689740988378 7.209155507266008 7.211189178032582 7.21481452396251 7.394448724536005 7.39444872453601 7.39444872453602 7.5528500693358405 7.68337520964459 7.683375209644602 7.683375209644613 7.695464371237797 7.7550158161268135 7.856640137593491 7.914381229779987 7.95782315041752 7.961832938745474 8.104145335678824 8.239395199330822 8.252207914242561 8.26664795216855 8.34033791014534 8.365195443957354 8.489727653231101 8.51452072709158 8.66754461473824 8.710023811410288 8.907876456799194 9.035003044628594 9.105484661741583 9.167913727678158 9.392578357676346 9.474936591281942 9.487074995843416 9.501436123750732 9.552113168921718 9.557666838182081 9.56913646254678 9.600720968335619 9.649549078349375 9.689833818833861 9.709510223328524 9.73448785187598 9.752647070281142 9.823877160845194 9.960524375506058 10.000744521393962 10.013313816187123 10.085604211458874 10.16760101703881 10.329472179504863 10.366747664411443 10.434198563959223 10.48380048674479 10.490674360853328 10.563526120651536 10.75348801287235 10.802084057635286 11.057707560643319 11.129320586264614 11.18653562367222 11.192357414263343 11.204817217225562 11.422075303090734 11.506873262443776 11.533495744735626 11.687416450610637 11.692674560021162 11.999999999999984 11.99999999999999 11.999999999999993 11.999999999999995 12.000000000000007 12.327764815361329 12.453439610105029 12.525315784048145 12.537830081826936 12.859167320555523 12.943783202491273 12.96562374870452 12.977326699835336 13.044054603188844 13.089897286349311 13.372027399091344 13.410037608625402 13.495619441015668 13.500125900939334 13.531564460303468 13.604439229304518 13.704796603922594 13.712157436365038 13.762570647867951 13.815375086804695 13.819702721624525 13.86663355765573 13.867882491196646 13.880428209611225 14.072981697234951 14.074050531520895 14.091822044914766 14.10314114997241 14.163675816365826 14.228115246885285 14.313758143835935 14.316624790355418 14.31662479035542 14.316624790355425 14.48490163399 14.509823239110542 14.549540254296081 14.605551275463974 14.605551275463982 14.605551275464006 14.805872207987258 14.813948025651918 14.814223123463009 14.81877020031419 14.819699740469405 14.822655065476406 15.283550213958637 15.284898059855186 15.286844159175468 15.289903745130093 15.99999999999998 15.999999999999996 16.0 16.0 16.000000000000007 16.000000000000036 
-3 -8 -2.986220677596924e-14 -1.827246309326334e-15 0.7916629072336301 1.07544048302224 1.4395089912635308 1.6286622129590307 1.9512156017988678 1.9521784786733067 2.2188004137616084 2.229987412342954 2.3851793321725445 2.5645455050302797 2.5716038850070913 2.577127761638563 2.6834213003892096 2.8457259904472214 2.952645840535038 3.001413049947639 3.042267412730976 3.0656090305338326 3.3634715534139867 3.5012511890140163 3.5865424888885165 3.606069369915524 3.748116362916764 3.752641398463716 3.8679112783524805 3.8874333690282663 3.9505223763369695 4.078143731020726 4.154155043695014 4.218559828510612 4.286731915780575 4.415493136553791 4.625643096074333 4.655952102067777 4.753872442639179 4.949065145703536 4.958683756405979 5.009428336832037 5.062626793141252 5.078582495731164 5.10005998228262 5.171669257182512 5.290197404245596 5.306587632050163 5.355668955171995 5.540151728109589 5.560056377072049 5.678820904079084 5.746341248586951 5.9118146716053035 5.926239421977298 5.94993427662002 5.999999999999994 6.177804821294083 6.228177618769899 6.23354683299675 6.33375840871449 6.334738964344898 6.390226998067305 6.532603217974736 6.538466353123738 6.593776656088365 6.690964303193227 6.707095218425644 6.72379500706276 6.754258063279588 6.861188568238649 6.870582902166974 6.929395918838691 7.067401347409767 7.110542937080985 7.140689740988378 7.209155507266008 7.211189178032582 7.21481452396251 7.394448724536005 7.39444872453601 7.39444872453602 7.5528500693358405 7.68337520964459 7.683375209644602 7.683375209644613 7.695464371237797 7.7550158161268135 7.856640137593491 7.914381229779987 7.95782315041752 7.961832938745474 8.104145335678824 8.239395199330822 8.252207914242561 8.26664795216855 8.34033791014534 8.365195443957354 8.489727653231101 8.51452072709158 8.66754461473824 8.710023811410288 8.907876456799194 9.035003044628594 9.105484661741583 9.167913727678158 9.392578357676346 9.474936591281942 9.487074995843416 9.501436123750732 9.552113168921718 9.557666838182081 9.56913646254678 9.600720968335619 9.649549078349375 9.689833818833861 9.709510223328524 9.73448785187598 9.752647070281142 9.823877160845194 9.960524375506058 10.000744521393962 10.013313816187123 10.085604211458874 10.16760101703881 10.329472179504863 10.366747664411443 10.434198563959223 10.48380048674479 10.490674360853328 10.563526120651536 10.75348801287235 10.802084057635286 11.057707560643319 11.129320586264614 11.18653562367222 11.192357414263343 11.204817217225562 11.422075303090734 11.506873262443776 11.533495744735626 11.687416450610637 11.692674560021162 11.999999999999984 11.99999999999999 11.999999999999993 11.999999999999995 12.000000000000007 12.327764815361329 12.453439610105029 12.525315784048145 12.537830081826936 12.859167320555523 12.943783202491273 12.96562374870452 12.977326699835336 13.044054603188844 13.089897286349311 13.372027399091344 13.410037608625402 13.495619441015668 13.500125900939334 13.531564460303468 13.604439229304518 13.704796603922594 13.712157436365038 13.762570647867951 13.815375086804695 13.819702721624525 13.86663355765573 13.867882491196646 13.880428209611225 14.072981697234951 14.074050531520895 14.091822044914766 14.10314114997241 14.163675816365826 14.228115246885285 14.313758143835935 14.316624790355418 14.31662479035542 14.316624790355425 14.48490163399 14.509823239110542 14.549540254296081 14.605551275463974 14.605551275463982 14.605551275464006 14.805872207987258 14.813948025651918 14.814223123463009 14.81877020031419 14.819699740469405 14.822655065476406 15.283550213958637 15.284898059855186 15.286844159175468 15.289903745130093 15.99999999999998 15.999999999999996 16.0 16.0 16.000000000000007 16.000000000000036 
-3 -9 8.881014816181483e-16 1.7763645332084483e-14 0.9283908364633531 1.11118079730688 1.473108367413887 2.2137084828308886 2.2788880035783974 2.363535277151714 2.5495573723400513 2.5920130396614134 2.612390274871166 2.7513487818988778 2.906448379238784 2.9999999999999964 3.221926569339982 3.2803644847494624 3.429665680946609 3.575571099101956 3.8902277713535605 3.8902277713535627 4.006625105687509 4.0267288560833565 4.049159386616434 4.153229155537747 4.166300448495026 4.59487516204667 4.594875162046671 4.612067865747641 4.727154645911237 4.757864023460686 4.761504565635335 4.999999999999998 5.052661005658635 5.109109288799273 5.1309852994322265 5.40053994513924 5.493685198010529 5.7381450474873885 5.99999999999999 5.999999999999994 5.999999999999994 5.999999999999994 5.999999999999996 5.999999999999998 5.999999999999998 5.999999999999999 6.000000000000003 6.000000000000003 6.000000000000003 6.000000000000003 6.000000000000006 6.000000000000009 6.022631394378732 6.096497299300226 6.182535714485707 6.224213913030281 6.231366882854746 6.231554476258277 6.2860149983159275 6.443190257459149 6.453338358832158 6.504036894866039 7.118269588756166 7.218513678115751 7.385975749832713 7.3871784618974825 7.478777571461548 7.5505102572168195 7.550510257216822 7.550510257216823 7.6954851546863035 7.999999999999998 8.0 8.00000000000001 8.075681468889252 8.185208625241247 8.212005314827481 8.241993200133534 8.271816367485686 8.2777004646141 8.536815436963279 8.68098450867281 8.795887420933585 8.989492901716176 8.999999999999995 8.999999999999998 9.000000000000004 9.259324921408966 9.404315298228832 9.471597879638486 9.478917091393935 9.774872929425966 9.775274489273249 10.094777905232393 10.195807010458935 10.513485386223568 11.00695365884925 11.05064915917984 11.387607904952688 11.531526929658662 11.78272508094126 11.787418467770525 11.809401791319749 11.864295516439507 11.925089042329933 12.035017918140841 12.405124837953327 12.405124837953336 12.44948974278316 12.449489742783184 12.449489742783186 13.109772228646447 13.109772228646452 13.144069929188268 13.160644528489426 13.322737973236222 13.330098005272474 13.376824727558107 13.391114165886764 13.424428900898048 13.999999999999998 13.999999999999998 14.000000000000004 14.000000000000005 
-3 -10 8.881014816181483e-16 1.7763645332084483e-14 0.9283908364633531 1.11118079730688 1.473108367413887 2.2137084828308886 2.2788880035783974 2.363535277151714 2.5495573723400513 2.5920130396614134 2.612390274871166 2.7513487818988778 2.906448379238784 2.9999999999999964 3.221926569339982 3.2803644847494624 3.429665680946609 3.575571099101956 3.8902277713535605 3.8902277713535627 4.006625105687509 4.0267288560833565 4.049159386616434 4.153229155537747 4.166300448495026 4.59487516204667 4.594875162046671 4.612067865747641 4.727154645911237 4.757864023460686 4.761504565635335 4.999999999999998 5.052661005658635 5.109109288799273 5.1309852994322265 5.40053994513924 5.493685198010529 5.7381450474873885 5.99999999999999 5.999999999999994 5.999999999999994 5.999999999999994 5.999999999999996 5.999999999999998 5.999999999999998 5.999999999999999 6.000000000000003 6.000000000000003 6.000000000000003 6.000000000000003 6.000000000000006 6.000000000000009 6.022631394378732 6.096497299300226 6.182535714485707 6.224213913030281 6.231366882854746 6.231554476258277 6.2860149983159275 6.443190257459149 6.453338358832158 6.504036894866039 7.118269588756166 7.218513678115751 7.385975749832713 7.3871784618974825 7.478777571461548 7.5505102572168195 7.550510257216822 7.550510257216823 7.6954851546863035 7.999999999999998 8.0 8.00000000000001 8.075681468889252 8.185208625241247 8.212005314827481 8.241993200133534 8.271816367485686 8.2777004646141 8.536815436963279 8.68098450867281 8.795887420933585 8.989492901716176 8.999999999999995 8.999999999999998 9.000000000000004 9.259324921408966 9.404315298228832 9.471597879638486 9.478917091393935 9.774872929425966 9.775274489273249 10.094777905232393 10.195807010458935 10.513485386223568 11.00695365884925 11.05064915917984 11.387607904952688 11.531526929658662 11.78272508094126 11.787418467770525 11.809401791319749 11.864295516439507 11.925089042329933 12.035017918140841 12.405124837953327 12.405124837953336 12.44948974278316 12.449489742783184 12.449489742783186 13.109772228646447 13.109772228646452 13.144069929188268 13.160644528489426 13.322737973236222 13.330098005272474 13.376824727558107 13.391114165886764 13.424428900898048 13.999999999999998 13.999999999999998 14.000000000000004 14.000000000000005 
-3 -11 1.50074218847219 2.053524906645398 3.8506122193872856 3.999999999999998 3.999999999999998 3.999999999999999 4.0 4.000000000000001 4.000000000000001 4.4421129123628385 4.999999999999997 4.999999999999999 5.0 5.0 5.000000000000001 5.000000000000001 5.744763567822549 6.999999999999999 6.999999999999999 7.0 7.000000000000001 7.000000000000002 7.853994128400418 9.55425007690933 
-3 -12 1.50074218847219 2.053524906645398 3.8506122193872856 3.999999999999998 3.999999999999998 3.999999999999999 4.0 4.000000000000001 4.000000000000001 4.4421129123628385 4.999999999999997 4.999999999999999 5.0 5.0 5.000000000000001 5.000000000000001 5.744763567822549 6.999999999999999 6.999999999999999 7.0 7.000000000000001 7.000000000000002 7.853994128400418 9.55425007690933 
-4 -3 5.999999999999998 6.0 8.999999999999998 
-4 -4 5.999999999999998 6.0 8.999999999999998 
-4 -5 3.4648455057277134 4.075209938543484 4.535898384862245 4.535898384862247 5.121992552446744 5.583385344422328 6.446719921436135 6.928321852923668 7.67241136259019 7.999999999999995 7.999999999999996 7.999999999999996 7.999999999999998 7.999999999999998 8.0 8.0 8.0 8.0 8.000000000000004 8.000000000000005 8.000000000000009 8.000000000000009 8.000000000000009 8.000000000000018 8.744872735159566 10.228295986255208 10.999999999999993 10.999999999999996 11.000000000000009 11.00000000000001 11.356965909441351 11.464101615137746 11.464101615137748 11.76126127061762 11.799146558907013 12.385548098958237 12.431022962570726 13.0 13.000000000000007 13.000000000000007 
-4 -6 3.4648455057277134 4.075209938543484 4.535898384862245 4.535898384862247 5.121992552446744 5.583385344422328 6.446719921436135 6.928321852923668 7.67241136259019 7.999999999999995 7.999999999999996 7.999999999999996 7.999999999999998 7.999999999999998 8.0 8.0 8.0 8.0 8.000000000000004 8.000000000000005 8.000000000000009 8.000000000000009 8.000000000000009 8.000000000000018 8.744872735159566 10.228295986255208 10.999999999999993 10.999999999999996 11.000000000000009 11.00000000000001 11.356965909441351 11.464101615137746 11.464101615137748 11.76126127061762 11.799146558907013 12.385548098958237 12.431022962570726 13.0 13.000000000000007 13.000000000000007 
-4 -7 1.9512156017988778 1.9521784786732956 2.5645455050302766 2.5716038850070846 2.7984043255951287 2.8457259904472276 2.9526458405350278 3.0656090305338313 3.501251189014015 3.748116362916764 3.7526413984637226 4.078143731020723 4.540519382366056 4.625643096074331 4.6559521020677765 4.723525742243547 4.753872442639178 4.918959859607751 4.958683756405989 5.078582495731163 5.5401517281095884 5.67882090407909 5.911814671605302 6.177804821294083 6.228177618769904 6.233546832996756 6.334738964344897 6.369272811202306 6.538466353123753 6.593776656088362 6.679188551184716 6.690964303193221 6.694102470666565 6.694102470666567 6.870410030472508 6.870582902166973 7.211189178032587 7.58984150891544 7.683375209644593 7.683375209644594 7.683375209644601 7.755015816126814 7.867869979139773 7.961832938745468 8.027956835531842 8.104145335678822 8.145200444181327 8.252207914242572 8.266647952168563 8.489727653231103 8.643185766781858 8.907876456799197 9.035003044628603 9.139788057765701 9.33103342651436 9.392578357676355 9.552113168921734 9.569136462546782 9.68983381883386 9.823877160845207 10.000000000000005 10.000000000000021 10.366747664411456 10.753488012872351 11.057707560643317 11.12932058626463 11.186535623672217 11.204817217225557 11.506873262443763 11.520230518135428 11.520230518135438 11.533495744735621 11.999999999999984 11.999999999999995 12.0 12.000000000000002 12.000000000000005 12.255929257552383 12.453439610105027 12.65970933167916 12.785667011198003 12.785667011198013 12.898768824175166 12.977326699835347 13.089897286349292 13.244198511439757 13.296237353651291 13.495619441015673 13.50012590093934 13.531564460303482 13.604439229304537 13.704796603922583 13.712157436365043 13.88042820961122 14.09182204491477 14.103141149972412 14.16367581636581 14.228115246885297 14.31375814383591 14.316624790355387 14.316624790355418 14.316624790355421 14.48490163399 14.509823239110535 14.54954025429607 
-4 -8 1.9512156017988778 1.9521784786732956 2.5645455050302766 2.5716038850070846 2.7984043255951287 2.8457259904472276 2.9526458405350278 3.0656090305338313 3.501251189014015 3.748116362916764 3.7526413984637226 4.078143731020723 4.540519382366056 4.625643096074331 4.6559521020677765 4.723525742243547 4.753872442639178 4.918959859607751 4.958683756405989 5.078582495731163 5.5401517281095884 5.67882090407909 5.911814671605302 6.177804821294083 6.228177618769904 6.233546832996756 6.334738964344897 6.369272811202306 6.538466353123753 6.593776656088362 6.679188551184716 6.690964303193221 6.694102470666565 6.694102470666567 6.870410030472508 6.870582902166973 7.211189178032587 7.58984150891544 7.683375209644593 7.683375209644594 7.683375209644601 7.755015816126814 7.867869979139773 7.961832938745468 8.027956835531842 8.104145335678822 8.145200444181327 8.252207914242572 8.266647952168563 8.489727653231103 8.643185766781858 8.907876456799197 9.035003044628603 9.139788057765701 9.33103342651436 9.392578357676355 9.552113168921734 9.569136462546782 9.68983381883386 9.823877160845207 10.000000000000005 10.000000000000021 10.366747664411456 10.753488012872351 11.057707560643317 11.12932058626463 11.186535623672217 11.204817217225557 11.506873262443763 11.520230518135428 11.520230518135438 11.533495744735621 11.999999999999984 11.999999999999995 12.0 12.000000000000002 12.000000000000005 12.255929257552383 12.453439610105027 12.65970933167916 12.785667011198003 12.785667011198013 12.898768824175166 12.977326699835347 13.089897286349292 13.244198511439757 13.296237353651291 13.495619441015673 13.50012590093934 13.531564460303482 13.604439229304537 13.704796603922583 13.712157436365043 13.88042820961122 14.09182204491477 14.103141149972412 14.16367581636581 14.228115246885297 14.31375814383591 14.316624790355387 14.316624790355418 14.316624790355421 14.48490163399 14.509823239110535 14.54954025429607 
-4 -9 1.2815844428103562e-15 0.9087030289686364 0.9283908364633549 1.111180797306868 1.4731083674138856 2.3635352771516995 2.6210438251382597 2.7513487818988684 2.9064483792387867 2.9454065617688294 3.0 3.2219265693399812 3.429665680946595 3.5755710991019476 3.684336122095819 3.8902277713535525 3.890227771353561 3.9999999999999996 4.026728856083356 4.16630044849503 4.288763482110801 4.39444872453601 4.423944879227459 4.427858203052153 4.594875162046677 4.594875162046681 4.612067865747641 4.727154645911231 4.809710467908401 5.000000000000001 5.052661005658637 5.1309852994322345 5.171572875253797 5.171572875253812 5.354248688935411 5.400539945139239 5.493685198010526 5.550510257216818 5.550510257216829 5.999999999999997 6.000000000000001 6.0000000000000036 6.096497299300225 6.1825357144857085 6.219869762908754 6.286014998315932 6.3885497102675695 6.443190257459147 6.50403689486604 6.837722339831615 6.837722339831623 7.118269588756164 7.387178461897477 7.5505102572168 7.55051025721682 7.550510257216823 7.8472245797583895 7.999999999999997 8.156153708426293 8.185208625241254 8.241993200133532 8.276606117879535 8.536815436963282 8.680984508672807 8.989492901716163 9.40431529822884 9.47891709139393 10.195807010458957 10.392958405437037 10.449489742783166 10.449489742783179 10.645751311064588 10.828427124746172 10.828427124746197 11.395481608782498 11.605551275463982 11.754952596608252 11.787418467770532 11.925089042329956 12.035017918140845 12.405124837953325 12.405124837953336 12.412859406380258 12.449489742783166 12.449489742783182 12.44948974278319 12.4929883973778 12.756475163514997 13.109772228646426 13.109772228646447 13.144069929188278 13.160644528489437 13.162277660168382 13.162277660168382 13.322737973236222 13.330098005272475 13.376824727558093 13.391114165886775 13.42442890089805 13.857371332636989 13.938742639751299 13.999999999999993 13.999999999999995 14.00000000000001 14.000000000000018 
-4 -10 1.2815844428103562e-15 0.9087030289686364 0.9283908364633549 1.111180797306868 1.4731083674138856 2.3635352771516995 2.6210438251382597 2.7513487818988684 2.9064483792387867 2.9454065617688294 3.0 3.2219265693399812 3.429665680946595 3.5755710991019476 3.684336122095819 3.8902277713535525 3.890227771353561 3.9999999999999996 4.026728856083356 4.16630044849503 4.288763482110801 4.39444872453601 4.423944879227459 4.427858203052153 4.594875162046677 4.594875162046681 4.612067865747641 4.727154645911231 4.809710467908401 5.000000000000001 5.052661005658637 5.1309852994322345 5.171572875253797 5.171572875253812 5.354248688935411 5.400539945139239 5.493685198010526 5.550510257216818 5.550510257216829 5.999999999999997 6.000000000000001 6.0000000000000036 6.096497299300225 6.1825357144857085 6.219869762908754 6.286014998315932 6.3885497102675695 6.443190257459147 6.50403689486604 6.837722339831615 6.837722339831623 7.118269588756164 7.387178461897477 7.5505102572168 7.55051025721682 7.550510257216823 7.8472245797583895 7.999999999999997 8.156153708426293 8.185208625241254 8.241993200133532 8.276606117879535 8.536815436963282 8.680984508672807 8.989492901716163 9.40431529822884 9.47891709139393 10.195807010458957 10.392958405437037 10.449489742783166 10.449489742783179 10.645751311064588 10.828427124746172 10.828427124746197 11.395481608782498 11.605551275463982 11.754952596608252 11.787418467770532 11.925089042329956 12.035017918140845 12.405124837953325 12.405124837953336 12.412859406380258 12.449489742783166 12.449489742783182 12.44948974278319 12.4929883973778 12.756475163514997 13.109772228646426 13.109772228646447 13.144069929188278 13.160644528489437 13.162277660168382 13.162277660168382 13.322737973236222 13.330098005272475 13.376824727558093 13.391114165886775 13.42442890089805 13.857371332636989 13.938742639751299 13.999999999999993 13.999999999999995 14.00000000000001 14.000000000000018 
-4 -11 -4.685469989811908e-15 6.997135236947961e-15 1.500742188472192 1.606907865845737 2.0535249066453956 2.441046657719296 2.4973512849601414 2.9079841924376084 3.5528286450456608 3.6105488830875996 3.8506122193872887 3.999999999999995 3.999999999999998 4.0 4.000000000000001 4.000000000000003 4.000000000000005 4.158777929949939 4.15877792994994 4.259087283798096 4.442112912362841 4.491642095404767 4.999999999999997 5.0 5.0000000000000036 5.744763567822551 5.78516176374407 5.785161763744075 6.999999999999999 6.999999999999999 7.000000000000001 7.85399412840041 9.554250076909321 10.107575335185203 10.503830444825503 10.881488450314798 11.05606030630599 11.056060306305994 11.27891814893301 11.86079071244262 
-4 -12 -4.685469989811908e-15 6.997135236947961e-15 1.500742188472192 1.606907865845737 2.0535249066453956 2.441046657719296 2.4973512849601414 2.9079841924376084 3.5528286450456608 3.6105488830875996 3.8506122193872887 3.999999999999995 3.999999999999998 4.0 4.000000000000001 4.000000000000003 4.000000000000005 4.158777929949939 4.15877792994994 4.259087283798096 4.442112912362841 4.491642095404767 4.999999999999997 5.0 5.0000000000000036 5.744763567822551 5.78516176374407 5.785161763744075 6.999999999999999 6.999999999999999 7.000000000000001 7.85399412840041 9.554250076909321 10.107575335185203 10.503830444825503 10.881488450314798 11.05606030630599 11.056060306305994 11.27891814893301 11.86079071244262 
-4 -13 3.0 3.0 3.0 
-3 -13 3.0 
-4 -14 3.0 3.0 3.0 
-3 -14 3.0 
-5 -5 8.0 8.0 8.0 8.0 8.0 8.0 11.0 11.0 
-5 -6 8.0 8.0 8.0 8.0 8.0 8.0 11.0 11.0 
-5 -7 2.7984043255951256 4.540519382366062 4.585786437626906 4.723525742243549 4.918959859607751 6.3692728112023085 6.679188551184723 6.694102470666572 6.694102470666573 6.8704100304725015 7.344557618450172 7.414213562373097 7.589841508915444 7.8678699791397735 8.027956835531848 8.145200444181325 8.643185766781853 8.789244119040813 9.13978805776569 9.331033426514358 10.0 10.000000000000004 11.52023051813543 11.520230518135433 11.866198262509018 12.255929257552394 12.659709331679144 12.785667011197999 12.785667011198 12.898768824175168 13.24419851143975 13.29623735365128 
-5 -8 2.7984043255951256 4.540519382366062 4.585786437626906 4.723525742243549 4.918959859607751 6.3692728112023085 6.679188551184723 6.694102470666572 6.694102470666573 6.8704100304725015 7.344557618450172 7.414213562373097 7.589841508915444 7.8678699791397735 8.027956835531848 8.145200444181325 8.643185766781853 8.789244119040813 9.13978805776569 9.331033426514358 10.0 10.000000000000004 11.52023051813543 11.520230518135433 11.866198262509018 12.255929257552394 12.659709331679144 12.785667011197999 12.785667011198 12.898768824175168 13.24419851143975 13.29623735365128 
-5 -9 0.9087030289686517 2.621043825138258 2.7479666461211623 2.9454065617688396 3.664896917434686 3.6843361220958157 4.000000000000003 4.288763482110803 4.394448724536011 4.423944879227463 4.427858203052158 4.809710467908398 4.900234167753716 5.171572875253809 5.171572875253812 5.354248688935412 5.421909748890227 5.550510257216822 5.550510257216823 6.219869762908758 6.388549710267565 6.703974219142207 6.83772233983162 6.837722339831622 6.929934161278039 7.8472245797583895 8.156153708426299 8.276606117879524 8.29705743022679 10.209219114532875 10.39295840543704 10.449489742783177 10.449489742783182 10.515295448391464 10.645751311064588 10.828427124746188 10.828427124746193 11.395481608782493 11.605551275463995 11.754952596608245 12.41285940638025 12.492988397377795 12.609512146228838 12.756475163514997 13.162277660168371 13.162277660168375 13.857371332636996 13.938742639751297 
-5 -10 0.9087030289686517 2.621043825138258 2.7479666461211623 2.9454065617688396 3.664896917434686 3.6843361220958157 4.000000000000003 4.288763482110803 4.394448724536011 4.423944879227463 4.427858203052158 4.809710467908398 4.900234167753716 5.171572875253809 5.171572875253812 5.354248688935412 5.421909748890227 5.550510257216822 5.550510257216823 6.219869762908758 6.388549710267565 6.703974219142207 6.83772233983162 6.837722339831622 6.929934161278039 7.8472245797583895 8.156153708426299 8.276606117879524 8.29705743022679 10.209219114532875 10.39295840543704 10.449489742783177 10.449489742783182 10.515295448391464 10.645751311064588 10.828427124746188 10.828427124746193 11.395481608782493 11.605551275463995 11.754952596608245 12.41285940638025 12.492988397377795 12.609512146228838 12.756475163514997 13.162277660168371 13.162277660168375 13.857371332636996 13.938742639751297 
-5 -11 -5.91107024439097e-15 1.5786804788594913 1.6069078658457332 1.8362724790666447 2.4410466577193004 2.497351284960138 2.9079841924376066 3.5160194065448285 3.552828645045659 3.610548883087597 3.796143787838572 3.9999999999999982 4.000000000000002 4.158777929949936 4.158777929949938 4.259087283798093 4.367086142301596 4.462165402216928 4.491642095404768 5.785161763744071 5.785161763744075 6.5171676798357785 8.90541833087785 9.599955762052694 10.107575335185206 10.503830444825496 10.88148845031478 11.056060306305994 11.056060306305994 11.278918148932998 11.421090530405605 11.860790712442618 
-5 -12 -5.91107024439097e-15 1.5786804788594913 1.6069078658457332 1.8362724790666447 2.4410466577193004 2.497351284960138 2.9079841924376066 3.5160194065448285 3.552828645045659 3.610548883087597 3.796143787838572 3.9999999999999982 4.000000000000002 4.158777929949936 4.158777929949938 4.259087283798093 4.367086142301596 4.462165402216928 4.491642095404768 5.785161763744071 5.785161763744075 6.5171676798357785 8.90541833087785 9.599955762052694 10.107575335185206 10.503830444825496 10.88148845031478 11.056060306305994 11.056060306305994 11.278918148932998 11.421090530405605 11.860790712442618 
-5 -13 1.1512546546331188e-15 0.38196601125010554 1.6440322833206147 2.6180339887498945 2.865675512845962 3.0 3.0000000000000027 8.490292203833427 
-5 -14 1.1512546546331188e-15 0.38196601125010554 1.6440322833206147 2.6180339887498945 2.865675512845962 3.0 3.0000000000000027 8.490292203833427 
-6 -5 8.0 
-6 -6 8.0 
-6 -7 4.585786437626904 7.344557618450168 7.414213562373095 8.78924411904081 11.866198262509027 
-6 -8 4.585786437626904 7.344557618450168 7.414213562373095 8.78924411904081 11.866198262509027 
-6 -9 2.7479666461211583 3.6648969174346844 4.9002341677537125 5.421909748890224 6.70397421914221 6.929934161278038 8.29705743022679 10.209219114532875 10.515295448391466 12.609512146228834 
-6 -10 2.7479666461211583 3.6648969174346844 4.9002341677537125 5.421909748890224 6.70397421914221 6.929934161278038 8.29705743022679 10.209219114532875 10.515295448391466 12.609512146228834 
-6 -11 1.578680478859496 1.836272479066646 3.5160194065448285 3.796143787838572 4.367086142301593 4.46216540221693 6.5171676798357785 8.905418330877854 9.5999557620527 11.421090530405605 
-6 -12 1.578680478859496 1.836272479066646 3.5160194065448285 3.796143787838572 4.367086142301593 4.46216540221693 6.5171676798357785 8.905418330877854 9.5999557620527 11.421090530405605 
-6 -13 0.3819660112501044 1.6440322833206122 2.618033988749893 2.8656755128459612 8.49029220383342 
-6 -14 0.3819660112501044 1.6440322833206122 2.618033988749893 2.8656755128459612 8.49029220383342 
