-1 -5 2.202856439817719e-15 2.000000000000001 2.000000000000001 2.999999999999999 3.0000000000000018 4.585786437626905 7.4142135623730985 
0 -5 -4.440892098500626e-16 2.0000000000000004 4.585786437626904 7.414213562373097 
-1 -6 2.202856439817719e-15 2.000000000000001 2.000000000000001 2.999999999999999 3.0000000000000018 4.585786437626905 7.4142135623730985 
0 -6 -4.440892098500626e-16 2.0000000000000004 4.585786437626904 7.414213562373097 
-1 -7 0.9283372233021284 2.341957504830947 3.0000000000000004 3.419903132467058 3.7618606372980032 3.999999999999996 3.9999999999999987 4.153229784596094 5.084888051600289 5.381966011250102 5.438447187191168 6.585786437626896 6.585786437626897 7.618033988749895 9.414213562373089 9.414213562373101 9.561552812808829 10.238139362701991 10.580096867532943 11.658042495169049 11.833544940501476 
0 -7 0.9283372233021333 4.153229784596097 5.084888051600292 5.381966011250105 7.618033988749893 11.833544940501481 
-1 -8 0.9283372233021284 2.341957504830947 3.0000000000000004 3.419903132467058 3.7618606372980032 3.999999999999996 3.9999999999999987 4.153229784596094 5.084888051600289 5.381966011250102 5.438447187191168 6.585786437626896 6.585786437626897 7.618033988749895 9.414213562373089 9.414213562373101 9.561552812808829 10.238139362701991 10.580096867532943 11.658042495169049 11.833544940501476 
0 -8 0.9283372233021333 4.153229784596097 5.084888051600292 5.381966011250105 7.618033988749893 11.833544940501481 
-1 -9 3.227998127341235 3.381966011250105 3.9779822315348823 5.517976186008977 5.618033988749893 6.000000000000002 6.627718676730985 6.627718676730989 6.627718676730991 7.0 7.999999999999998 8.000000000000004 8.000000000000009 8.381966011250107 10.61803398874989 11.248229752543967 11.772001872658768 12.25581182991218 12.372281323269014 12.372281323269018 12.372281323269018 
0 -9 3.381966011250106 5.618033988749897 8.381966011250107 10.618033988749895 
-1 -10 3.227998127341235 3.381966011250105 3.9779822315348823 5.517976186008977 5.618033988749893 6.000000000000002 6.627718676730985 6.627718676730989 6.627718676730991 7.0 7.999999999999998 8.000000000000004 8.000000000000009 8.381966011250107 10.61803398874989 11.248229752543967 11.772001872658768 12.25581182991218 12.372281323269014 12.372281323269018 12.372281323269018 
0 -10 3.381966011250106 5.618033988749897 8.381966011250107 10.618033988749895 
-1 -11 6.999999999999997 7.0 7.0 7.0 9.0 9.999999999999998 10.000000000000002 
0 -11 7.0 
-1 -12 6.999999999999997 7.0 7.0 7.0 9.0 9.999999999999998 10.000000000000002 
0 -12 7.0 
-2 -5 2.0 3.0 3.0 3.0 
-2 -6 2.0 3.0 3.0 3.0 
-2 -7 -4.8382905485632846e-15 1.885673665716875e-15 1.473984178907352 2.3419575048309467 2.3860657520992454 2.999999999999998 3.000000000000003 3.4199031324670504 3.6277186767309844 3.7618606372980037 3.9999999999999942 3.9999999999999982 3.999999999999999 3.999999999999999 4.000000000000002 4.43844718719117 4.84587220276421 4.999999999999998 5.0 5.438447187191169 5.803113220528267 6.585786437626905 6.585786437626907 8.561552812808829 8.680143618328442 8.81082102737248 9.372281323269009 9.414213562373092 9.414213562373094 9.56155281280883 10.238139362702004 10.580096867532935 11.658042495169056 
-2 -8 -4.8382905485632846e-15 1.885673665716875e-15 1.473984178907352 2.3419575048309467 2.3860657520992454 2.999999999999998 3.000000000000003 3.4199031324670504 3.6277186767309844 3.7618606372980037 3.9999999999999942 3.9999999999999982 3.999999999999999 3.999999999999999 4.000000000000002 4.43844718719117 4.84587220276421 4.999999999999998 5.0 5.438447187191169 5.803113220528267 6.585786437626905 6.585786437626907 8.561552812808829 8.680143618328442 8.81082102737248 9.372281323269009 9.414213562373092 9.414213562373094 9.56155281280883 10.238139362702004 10.580096867532935 11.658042495169056 
-2 -9 3.691537100935609e-15 0.8342461264293631 1.1236503437785497 1.1812722928377415 1.6201058751611075 1.659281692568615 2.935164023382554 3.2279981273412424 3.3450786967101545 3.4743880666402984 3.977982231534881 4.000000000000013 4.573013068937554 4.616866490787679 5.049679303552833 5.517976186008977 5.795476868286289 5.797488884348377 6.000000000000003 6.09360811073645 6.1357972049078295 6.141168648920987 6.357296544314899 6.6277186767309875 6.6277186767309875 6.627718676730989 6.766414980700117 7.000000000000002 7.438447187191173 7.438447187191175 7.681963529023268 8.0 8.0 8.000000000000009 8.48046179062271 8.563924133569568 8.814196178691489 11.106959696558974 11.248229752543976 11.561552812808829 11.561552812808833 11.688833961278018 11.696379567402074 11.711866860235318 11.772001872658773 12.255811829912178 12.37228132326901 12.372281323269013 12.372281323269016 12.967367094462785 12.971227865881 13.128214482131005 13.128877893616522 13.201861216374612 13.357868507151318 13.99999999999999 13.999999999999993 14.000000000000005 
-2 -10 3.691537100935609e-15 0.8342461264293631 1.1236503437785497 1.1812722928377415 1.6201058751611075 1.659281692568615 2.935164023382554 3.2279981273412424 3.3450786967101545 3.4743880666402984 3.977982231534881 4.000000000000013 4.573013068937554 4.616866490787679 5.049679303552833 5.517976186008977 5.795476868286289 5.797488884348377 6.000000000000003 6.09360811073645 6.1357972049078295 6.141168648920987 6.357296544314899 6.6277186767309875 6.6277186767309875 6.627718676730989 6.766414980700117 7.000000000000002 7.438447187191173 7.438447187191175 7.681963529023268 8.0 8.0 8.000000000000009 8.48046179062271 8.563924133569568 8.814196178691489 11.106959696558974 11.248229752543976 11.561552812808829 11.561552812808833 11.688833961278018 11.696379567402074 11.711866860235318 11.772001872658773 12.255811829912178 12.37228132326901 12.372281323269013 12.372281323269016 12.967367094462785 12.971227865881 13.128214482131005 13.128877893616522 13.201861216374612 13.357868507151318 13.99999999999999 13.999999999999993 14.000000000000005 
-2 -11 1.7250827823646215 2.5948751620466717 2.594875162046673 3.6435704812359546 4.6277186767309875 5.088496685924982 5.60376438514984 5.999999999999995 6.415843576418683 6.870538719197562 6.999999999999994 6.999999999999998 6.999999999999999 6.999999999999999 7.0 7.000000000000003 7.000000000000009 8.625562669474942 8.999999999999996 9.000000000000004 9.274917217635371 10.0 10.0 10.000000000000002 10.000000000000004 10.372281323269016 10.40512483795333 10.405124837953334 10.669272988288284 11.040964594877465 11.041985899432294 11.999999999999995 12.0 
-2 -12 1.7250827823646215 2.5948751620466717 2.594875162046673 3.6435704812359546 4.6277186767309875 5.088496685924982 5.60376438514984 5.999999999999995 6.415843576418683 6.870538719197562 6.999999999999994 6.999999999999998 6.999999999999999 6.999999999999999 7.0 7.000000000000003 7.000000000000009 8.625562669474942 8.999999999999996 9.000000000000004 9.274917217635371 10.0 10.0 10.000000000000002 10.000000000000004 10.372281323269016 10.40512483795333 10.405124837953334 10.669272988288284 11.040964594877465 11.041985899432294 11.999999999999995 12.0 
-3 -5 3.0 
-3 -6 3.0 
-3 -7 1.473984178907348 2.386065752099252 3.000000000000001 3.627718676730987 3.999999999999995 3.9999999999999964 3.999999999999997 4.000000000000002 4.4384471871911675 4.438447187191169 4.845872202764213 4.999999999999997 4.999999999999998 5.0 5.000000000000003 5.00000000000001 5.8031132205282665 8.561552812808827 8.56155281280883 8.68014361832844 8.810821027372478 9.372281323269014 
-3 -8 1.473984178907348 2.386065752099252 3.000000000000001 3.627718676730987 3.999999999999995 3.9999999999999964 3.999999999999997 4.000000000000002 4.4384471871911675 4.438447187191169 4.845872202764213 4.999999999999997 4.999999999999998 5.0 5.000000000000003 5.00000000000001 5.8031132205282665 8.561552812808827 8.56155281280883 8.68014361832844 8.810821027372478 9.372281323269014 
-3 -9 4.5803443893398944e-15 0.8342461264293678 1.1236503437785632 1.1812722928377362 1.6201058751611077 1.6592816925686167 1.9084691968017407 2.527864045000413 2.5589120534437493 2.7981325854813166 2.9351640233825553 2.9482869323926817 3.2363351151751485 3.3450786967101624 3.4743880666402958 3.6062589529150526 3.999999999999998 4.082210585011545 4.390937453522266 4.573013068937545 4.616866490787661 5.000000000000001 5.0496793035528365 5.6371497390593515 5.795476868286283 5.797488884348377 6.0936081107364455 6.114806324390792 6.135797204907826 6.141168648920992 6.357296544314893 6.558158351772491 6.711426901560071 6.766414980700121 6.999999999999998 6.999999999999999 7.000000000000001 7.000000000000002 7.000000000000003 7.00000000000001 7.030988065597433 7.438447187191167 7.43844718719117 7.548014432034299 7.681963529023267 8.480461790622707 8.563924133569566 8.739567660962893 8.814196178691489 10.111311540689083 10.31257608034973 10.670722284736431 10.745065983597426 10.999999999999998 11.000000000000004 11.093077991705414 11.095653847597342 11.10695969655898 11.472135954999583 11.503698635573022 11.561552812808827 11.561552812808833 11.688833961278004 11.696379567402067 11.711866860235304 11.756591308025602 11.841647977605126 11.999999999999991 12.000000000000002 12.967367094462787 12.971227865880996 13.128214482131 13.12887789361651 13.2018612163746 13.357868507151329 13.999999999999986 13.99999999999999 14.000000000000012 
-3 -10 4.5803443893398944e-15 0.8342461264293678 1.1236503437785632 1.1812722928377362 1.6201058751611077 1.6592816925686167 1.9084691968017407 2.527864045000413 2.5589120534437493 2.7981325854813166 2.9351640233825553 2.9482869323926817 3.2363351151751485 3.3450786967101624 3.4743880666402958 3.6062589529150526 3.999999999999998 4.082210585011545 4.390937453522266 4.573013068937545 4.616866490787661 5.000000000000001 5.0496793035528365 5.6371497390593515 5.795476868286283 5.797488884348377 6.0936081107364455 6.114806324390792 6.135797204907826 6.141168648920992 6.357296544314893 6.558158351772491 6.711426901560071 6.766414980700121 6.999999999999998 6.999999999999999 7.000000000000001 7.000000000000002 7.000000000000003 7.00000000000001 7.030988065597433 7.438447187191167 7.43844718719117 7.548014432034299 7.681963529023267 8.480461790622707 8.563924133569566 8.739567660962893 8.814196178691489 10.111311540689083 10.31257608034973 10.670722284736431 10.745065983597426 10.999999999999998 11.000000000000004 11.093077991705414 11.095653847597342 11.10695969655898 11.472135954999583 11.503698635573022 11.561552812808827 11.561552812808833 11.688833961278004 11.696379567402067 11.711866860235304 11.756591308025602 11.841647977605126 11.999999999999991 12.000000000000002 12.967367094462787 12.971227865880996 13.128214482131 13.12887789361651 13.2018612163746 13.357868507151329 13.999999999999986 13.99999999999999 14.000000000000012 
-3 -11 -4.7548597618633756e-15 1.7662581666596844e-15 1.0929260038766813 1.6039488639957833 1.67445856858681 1.7250827823646269 2.5948751620466726 2.5948751620466766 2.9268810084826837 3.1007104286023606 3.1368258062584684 3.215854840752915 3.6435704812359533 4.089654306778672 4.214739135170351 4.349325119784183 4.6277186767309875 4.789089012321565 5.088496685924969 5.562295582103457 5.603764385149841 5.76907288723326 5.96096527674263 5.9999999999999964 6.000000000000002 6.29843788128357 6.298437881283577 6.4158435764186805 6.654585153856704 6.827340312321992 6.870538719197561 6.999999999999995 6.999999999999998 7.000000000000002 7.000000000000005 7.123801821459552 7.229383842204995 7.834335857508353 8.305203092808263 8.330508186769569 8.341869690443131 8.424912028701733 8.492309484133475 8.579070665025018 8.625562669474947 8.999999999999996 9.108990565417686 9.274917217635377 9.999999999999996 10.000000000000002 10.372281323269009 10.40512483795332 10.405124837953327 10.669272988288292 10.831427152758843 11.040964594877469 11.041985899432296 11.507945196752631 11.78033711814656 11.82381512947336 11.999999999999995 12.0 12.292951380696191 12.29336519272797 12.701562118716422 12.701562118716424 12.935880711303913 12.942220807686331 12.948774981036633 12.949317170057771 13.4759655515807 13.478942066438826 13.99999999999999 13.999999999999991 13.999999999999996 14.0 14.0 14.000000000000014 
-3 -12 -4.7548597618633756e-15 1.7662581666596844e-15 1.0929260038766813 1.6039488639957833 1.67445856858681 1.7250827823646269 2.5948751620466726 2.5948751620466766 2.9268810084826837 3.1007104286023606 3.1368258062584684 3.215854840752915 3.6435704812359533 4.089654306778672 4.214739135170351 4.349325119784183 4.6277186767309875 4.789089012321565 5.088496685924969 5.562295582103457 5.603764385149841 5.76907288723326 5.96096527674263 5.9999999999999964 6.000000000000002 6.29843788128357 6.298437881283577 6.4158435764186805 6.654585153856704 6.827340312321992 6.870538719197561 6.999999999999995 6.999999999999998 7.000000000000002 7.000000000000005 7.123801821459552 7.229383842204995 7.834335857508353 8.305203092808263 8.330508186769569 8.341869690443131 8.424912028701733 8.492309484133475 8.579070665025018 8.625562669474947 8.999999999999996 9.108990565417686 9.274917217635377 9.999999999999996 10.000000000000002 10.372281323269009 10.40512483795332 10.405124837953327 10.669272988288292 10.831427152758843 11.040964594877469 11.041985899432296 11.507945196752631 11.78033711814656 11.82381512947336 11.999999999999995 12.0 12.292951380696191 12.29336519272797 12.701562118716422 12.701562118716424 12.935880711303913 12.942220807686331 12.948774981036633 12.949317170057771 13.4759655515807 13.478942066438826 13.99999999999999 13.999999999999991 13.999999999999996 14.0 14.0 14.000000000000014 
-3 -13 1.5959530035355713 3.8225903191007093 4.9999999999999964 4.999999999999998 4.999999999999998 4.999999999999999 5.0 5.000000000000001 5.000000000000002 5.000000000000002 5.000000000000005 5.182369578947916 6.3216371742632935 7.000000000000001 7.000000000000001 7.999999999999995 8.0 8.0 8.0 8.221677417516512 8.855772506635985 9.999999999999993 
-2 -13 4.999999999999998 5.0 5.0 7.999999999999998 
-3 -14 1.5959530035355713 3.8225903191007093 4.9999999999999964 4.999999999999998 4.999999999999998 4.999999999999999 5.0 5.000000000000001 5.000000000000002 5.000000000000002 5.000000000000005 5.182369578947916 6.3216371742632935 7.000000000000001 7.000000000000001 7.999999999999995 8.0 8.0 8.0 8.221677417516512 8.855772506635985 9.999999999999993 
-2 -14 4.999999999999998 5.0 5.0 7.999999999999998 
-4 -7 4.000000000000001 4.4384471871911675 4.9999999999999964 5.0 5.000000000000001 5.000000000000001 8.561552812808833 
-4 -8 4.000000000000001 4.4384471871911675 4.9999999999999964 5.0 5.000000000000001 5.000000000000001 8.561552812808833 
-4 -9 1.90846919680174 2.5278640450004275 2.5589120534437613 2.798132585481308 2.940155388008616 2.9482869323926892 3.2363351151751547 3.6062589529150464 3.6277186767309875 4.08221058501154 4.390937453522261 4.574601439606126 4.999999999999999 5.637149739059349 6.1148063243907975 6.457966842417142 6.558158351772486 6.711426901560082 6.999999999999992 6.999999999999994 6.999999999999994 6.999999999999996 6.999999999999997 7.0 7.000000000000001 7.000000000000002 7.000000000000002 7.000000000000003 7.0000000000000036 7.000000000000004 7.000000000000005 7.000000000000006 7.000000000000008 7.030988065597436 7.548014432034294 8.739567660962887 8.999999999999998 9.372281323269016 9.715918811475085 10.111311540689085 10.311357518493034 10.312576080349729 10.670722284736422 10.745065983597426 10.999999999999993 10.999999999999998 11.0 11.000000000000002 11.093077991705412 11.095653847597344 11.472135954999581 11.503698635573015 11.7565913080256 11.841647977605135 11.999999999999998 12.0 
-4 -10 1.90846919680174 2.5278640450004275 2.5589120534437613 2.798132585481308 2.940155388008616 2.9482869323926892 3.2363351151751547 3.6062589529150464 3.6277186767309875 4.08221058501154 4.390937453522261 4.574601439606126 4.999999999999999 5.637149739059349 6.1148063243907975 6.457966842417142 6.558158351772486 6.711426901560082 6.999999999999992 6.999999999999994 6.999999999999994 6.999999999999996 6.999999999999997 7.0 7.000000000000001 7.000000000000002 7.000000000000002 7.000000000000003 7.0000000000000036 7.000000000000004 7.000000000000005 7.000000000000006 7.000000000000008 7.030988065597436 7.548014432034294 8.739567660962887 8.999999999999998 9.372281323269016 9.715918811475085 10.111311540689085 10.311357518493034 10.312576080349729 10.670722284736422 10.745065983597426 10.999999999999993 10.999999999999998 11.0 11.000000000000002 11.093077991705412 11.095653847597344 11.472135954999581 11.503698635573015 11.7565913080256 11.841647977605135 11.999999999999998 12.0 
-4 -11 -2.6793381183397355e-15 -1.7615539801608906e-15 1.0929260038766817 1.5036496525785161 1.6039488639957795 1.6744585685868043 1.9062597083557005 2.1977409479177954 2.6280161630949443 2.825337767086571 2.908174268530469 2.9268810084826806 3.1007104286023566 3.136825806258475 3.215854840752917 3.646065431493807 3.810149666409138 4.089654306778668 4.214739135170347 4.349325119784179 4.369249162102182 4.690736272345628 4.789089012321576 4.91608927404865 5.200326869271736 5.21567949783589 5.562295582103454 5.61365976492354 5.685172505422598 5.728705077705716 5.769072887233265 5.96096527674263 5.999999999999998 6.298437881283575 6.2984378812835775 6.6277186767309795 6.627718676730989 6.654585153856706 6.73925533671205 6.827340312321991 6.914311980368032 7.123801821459548 7.228393985062639 7.229383842204998 7.2550774732352155 7.834335857508354 7.898992338287226 8.305203092808265 8.330508186769574 8.341869690443144 8.347084957139026 8.406740306155294 8.424912028701728 8.492309484133482 8.526539524982844 8.579070665025016 9.020815028950038 9.108990565417693 9.1593711430885 9.508911354806783 10.000000000000004 10.000000000000009 10.000000000000023 10.83142715275885 11.302259442390705 11.507945196752631 11.638578648898484 11.728191808736923 11.758061248184411 11.780337118146559 11.823815129473367 11.88576423083423 11.980213146639716 12.195113335332204 12.233781294246837 12.282758193735924 12.292951380696183 12.293365192727963 12.368826015503288 12.372281323269005 12.372281323269018 12.5457180082022 12.611118710780525 12.619110458604013 12.701562118716422 12.701562118716442 12.935880711303918 12.942220807686331 12.948774981036635 12.94931717005777 13.475965551580702 13.478942066438828 13.999999999999995 13.999999999999998 14.000000000000005 14.000000000000009 14.000000000000012 14.00000000000002 
-4 -12 -2.6793381183397355e-15 -1.7615539801608906e-15 1.0929260038766817 1.5036496525785161 1.6039488639957795 1.6744585685868043 1.9062597083557005 2.1977409479177954 2.6280161630949443 2.825337767086571 2.908174268530469 2.9268810084826806 3.1007104286023566 3.136825806258475 3.215854840752917 3.646065431493807 3.810149666409138 4.089654306778668 4.214739135170347 4.349325119784179 4.369249162102182 4.690736272345628 4.789089012321576 4.91608927404865 5.200326869271736 5.21567949783589 5.562295582103454 5.61365976492354 5.685172505422598 5.728705077705716 5.769072887233265 5.96096527674263 5.999999999999998 6.298437881283575 6.2984378812835775 6.6277186767309795 6.627718676730989 6.654585153856706 6.73925533671205 6.827340312321991 6.914311980368032 7.123801821459548 7.228393985062639 7.229383842204998 7.2550774732352155 7.834335857508354 7.898992338287226 8.305203092808265 8.330508186769574 8.341869690443144 8.347084957139026 8.406740306155294 8.424912028701728 8.492309484133482 8.526539524982844 8.579070665025016 9.020815028950038 9.108990565417693 9.1593711430885 9.508911354806783 10.000000000000004 10.000000000000009 10.000000000000023 10.83142715275885 11.302259442390705 11.507945196752631 11.638578648898484 11.728191808736923 11.758061248184411 11.780337118146559 11.823815129473367 11.88576423083423 11.980213146639716 12.195113335332204 12.233781294246837 12.282758193735924 12.292951380696183 12.293365192727963 12.368826015503288 12.372281323269005 12.372281323269018 12.5457180082022 12.611118710780525 12.619110458604013 12.701562118716422 12.701562118716442 12.935880711303918 12.942220807686331 12.948774981036635 12.94931717005777 13.475965551580702 13.478942066438828 13.999999999999995 13.999999999999998 14.000000000000005 14.000000000000009 14.000000000000012 14.00000000000002 
-4 -13 -6.0514387709347195e-15 0.4376040404458613 1.1762613512554976 1.5959530035355762 2.3394845391305052 2.717363104701526 2.999999999999997 3.468871125850726 3.54665152205027 3.7250827823646238 3.7250827823646255 3.8225903191007107 3.9999999999999982 4.298437881283572 4.298437881283574 4.999999999999996 5.0 5.000000000000001 5.000000000000001 5.000000000000002 5.000000000000002 5.000000000000004 5.000000000000009 5.110979543586338 5.182369578947919 5.321778858632375 5.931370220181431 6.321637174263294 6.438447187191167 6.438447187191173 6.999999999999996 6.999999999999999 7.00000000000001 7.011043302814575 7.675714978962257 7.999999999999994 7.999999999999999 8.0 8.221677417516512 8.855772506635983 9.999999999999998 10.298715176131898 10.56155281280883 10.561552812808833 10.70156211871642 10.701562118716424 11.274917217635377 11.274917217635384 11.372476439824442 11.501959790112126 11.531128874149278 11.558597132170874 12.0 12.0 12.000000000000002 12.00000000000001 
-4 -14 -6.0514387709347195e-15 0.4376040404458613 1.1762613512554976 1.5959530035355762 2.3394845391305052 2.717363104701526 2.999999999999997 3.468871125850726 3.54665152205027 3.7250827823646238 3.7250827823646255 3.8225903191007107 3.9999999999999982 4.298437881283572 4.298437881283574 4.999999999999996 5.0 5.000000000000001 5.000000000000001 5.000000000000002 5.000000000000002 5.000000000000004 5.000000000000009 5.110979543586338 5.182369578947919 5.321778858632375 5.931370220181431 6.321637174263294 6.438447187191167 6.438447187191173 6.999999999999996 6.999999999999999 7.00000000000001 7.011043302814575 7.675714978962257 7.999999999999994 7.999999999999999 8.0 8.221677417516512 8.855772506635983 9.999999999999998 10.298715176131898 10.56155281280883 10.561552812808833 10.70156211871642 10.701562118716424 11.274917217635377 11.274917217635384 11.372476439824442 11.501959790112126 11.531128874149278 11.558597132170874 12.0 12.0 12.000000000000002 12.00000000000001 
-4 -15 3.0 3.0 4.0 4.0 4.0 6.0 6.0 
-3 -15 4.0 
-4 -16 3.0 3.0 4.0 4.0 4.0 6.0 6.0 
-3 -16 4.0 
-5 -7 5.0 
-5 -8 5.0 
-5 -9 2.940155388008611 3.6277186767309875 4.574601439606121 6.457966842417147 6.99999999999999 6.9999999999999964 6.999999999999999 6.999999999999999 7.0 7.0 7.0 7.0 7.0 7.000000000000002 7.000000000000002 7.0000000000000036 7.000000000000004 7.000000000000007 9.0 9.000000000000004 9.372281323269018 9.715918811475085 10.311357518493033 11.0 11.000000000000002 
-5 -10 2.940155388008611 3.6277186767309875 4.574601439606121 6.457966842417147 6.99999999999999 6.9999999999999964 6.999999999999999 6.999999999999999 7.0 7.0 7.0 7.0 7.0 7.000000000000002 7.000000000000002 7.0000000000000036 7.000000000000004 7.000000000000007 9.0 9.000000000000004 9.372281323269018 9.715918811475085 10.311357518493033 11.0 11.000000000000002 
-5 -11 1.5036496525785132 1.9062597083556962 2.1977409479178003 2.628016163094944 2.748446190764665 2.8253377670865727 2.908174268530466 3.6460654314938052 3.8101496664091385 4.258400907422045 4.369249162102186 4.625136193814493 4.690736272345627 4.720276820587951 4.9160892740486455 5.200326869271746 5.2156794978359 5.438447187191174 5.440583978946512 5.613659764923544 5.637274414743702 5.685172505422594 5.728705077705719 5.8221588674523295 6.556621329324787 6.627718676730987 6.627718676730989 6.73925533671206 6.8873470307363345 6.914311980368029 7.046140503430725 7.196717581161125 7.228393985062653 7.255077473235219 7.592584534019107 7.898992338287232 8.000000000000004 8.069513769653236 8.270590766562298 8.347084957139026 8.406740306155289 8.526539524982848 9.020815028950032 9.159371143088498 9.508911354806784 9.561552812808825 10.000000000000004 10.000000000000004 10.000000000000005 10.533620832051033 10.819971800588895 11.000000000000004 11.063030634333956 11.302259442390707 11.320753849171535 11.390829995235277 11.638578648898482 11.728191808736925 11.758061248184413 11.885764230834228 11.980213146639713 12.195113335332202 12.233781294246834 12.282758193735923 12.368826015503293 12.372281323269014 12.372281323269018 12.545718008202199 12.61111871078052 12.619110458604013 
-5 -12 1.5036496525785132 1.9062597083556962 2.1977409479178003 2.628016163094944 2.748446190764665 2.8253377670865727 2.908174268530466 3.6460654314938052 3.8101496664091385 4.258400907422045 4.369249162102186 4.625136193814493 4.690736272345627 4.720276820587951 4.9160892740486455 5.200326869271746 5.2156794978359 5.438447187191174 5.440583978946512 5.613659764923544 5.637274414743702 5.685172505422594 5.728705077705719 5.8221588674523295 6.556621329324787 6.627718676730987 6.627718676730989 6.73925533671206 6.8873470307363345 6.914311980368029 7.046140503430725 7.196717581161125 7.228393985062653 7.255077473235219 7.592584534019107 7.898992338287232 8.000000000000004 8.069513769653236 8.270590766562298 8.347084957139026 8.406740306155289 8.526539524982848 9.020815028950032 9.159371143088498 9.508911354806784 9.561552812808825 10.000000000000004 10.000000000000004 10.000000000000005 10.533620832051033 10.819971800588895 11.000000000000004 11.063030634333956 11.302259442390707 11.320753849171535 11.390829995235277 11.638578648898482 11.728191808736925 11.758061248184413 11.885764230834228 11.980213146639713 12.195113335332202 12.233781294246834 12.282758193735923 12.368826015503293 12.372281323269014 12.372281323269018 12.545718008202199 12.61111871078052 12.619110458604013 
-5 -13 2.347382049383818e-15 0.4376040404458545 0.9023043175383857 1.176261351255504 2.3394845391305243 2.4021057270201784 2.717363104701546 2.9038161073861772 3.0000000000000004 3.4090320353079777 3.4688711258507308 3.5466515220502752 3.7250827823646238 3.7250827823646264 3.9601275330065056 3.999999999999996 3.9999999999999982 4.000000000000001 4.093268642218022 4.238049809704252 4.298437881283573 4.298437881283574 4.354248688935413 4.438447187191174 4.503177283216735 4.999999999999997 5.000000000000003 5.11097954358634 5.2679491924311215 5.321778858632376 5.401507340823524 5.520595037439178 5.627718676730987 5.931370220181439 6.43844718719117 6.438447187191171 6.796954083409656 6.999999999999999 7.011043302814578 7.081996323979916 7.3201559598849855 7.675714978962266 8.521190545704327 8.561552812808822 8.732050807568879 9.0 9.491107238381295 9.645751311064588 9.778558874056271 10.298715176131896 10.561552812808827 10.561552812808833 10.701562118716422 10.701562118716422 10.795675948055262 10.871246501415834 11.089983365575792 11.274917217635368 11.27491721763537 11.372281323269018 11.37247643982444 11.501959790112116 11.531128874149271 11.558597132170872 11.942359375795652 11.976787950080064 11.999999999999993 12.000000000000002 12.000000000000004 12.000000000000004 
-5 -14 2.347382049383818e-15 0.4376040404458545 0.9023043175383857 1.176261351255504 2.3394845391305243 2.4021057270201784 2.717363104701546 2.9038161073861772 3.0000000000000004 3.4090320353079777 3.4688711258507308 3.5466515220502752 3.7250827823646238 3.7250827823646264 3.9601275330065056 3.999999999999996 3.9999999999999982 4.000000000000001 4.093268642218022 4.238049809704252 4.298437881283573 4.298437881283574 4.354248688935413 4.438447187191174 4.503177283216735 4.999999999999997 5.000000000000003 5.11097954358634 5.2679491924311215 5.321778858632376 5.401507340823524 5.520595037439178 5.627718676730987 5.931370220181439 6.43844718719117 6.438447187191171 6.796954083409656 6.999999999999999 7.011043302814578 7.081996323979916 7.3201559598849855 7.675714978962266 8.521190545704327 8.561552812808822 8.732050807568879 9.0 9.491107238381295 9.645751311064588 9.778558874056271 10.298715176131896 10.561552812808827 10.561552812808833 10.701562118716422 10.701562118716422 10.795675948055262 10.871246501415834 11.089983365575792 11.274917217635368 11.27491721763537 11.372281323269018 11.37247643982444 11.501959790112116 11.531128874149271 11.558597132170872 11.942359375795652 11.976787950080064 11.999999999999993 12.000000000000002 12.000000000000004 12.000000000000004 
-5 -15 -5.750668772350892e-16 -6.05177678555657e-17 1.4395828497861343 2.2567206349275155 2.434906494108167 2.8672576293132095 2.999999999999995 2.9999999999999982 2.999999999999999 3.000000000000001 3.449310259239616 3.4974353459097687 3.999999999999999 3.9999999999999996 4.212184983504727 4.2721003254598005 4.76393202250021 6.0 6.000000000000001 8.394064888556656 8.823261150645703 9.107730053721369 9.236067977499783 9.391265342369227 9.854180042458093 
-5 -16 -5.750668772350892e-16 -6.05177678555657e-17 1.4395828497861343 2.2567206349275155 2.434906494108167 2.8672576293132095 2.999999999999995 2.9999999999999982 2.999999999999999 3.000000000000001 3.449310259239616 3.4974353459097687 3.999999999999999 3.9999999999999996 4.212184983504727 4.2721003254598005 4.76393202250021 6.0 6.000000000000001 8.394064888556656 8.823261150645703 9.107730053721369 9.236067977499783 9.391265342369227 9.854180042458093 
-6 -9 7.0 7.0 7.0 7.0 7.0 7.0 9.0 
-6 -10 7.0 7.0 7.0 7.0 7.0 7.0 9.0 
-6 -11 2.7484461907646565 4.258400907422044 4.381966011250104 4.625136193814501 4.72027682058795 5.43844718719117 5.440583978946508 5.637274414743709 5.822158867452326 6.139194146888298 6.556621329324786 6.618033988749893 6.887347030736331 7.046140503430731 7.196717581161122 7.592584534019106 7.745898311634949 8.000000000000002 8.069513769653238 8.270590766562295 9.561552812808829 10.114907541476757 10.533620832051026 10.819971800588892 10.999999999999988 11.063030634333948 11.320753849171533 11.390829995235276 
-6 -12 2.7484461907646565 4.258400907422044 4.381966011250104 4.625136193814501 4.72027682058795 5.43844718719117 5.440583978946508 5.637274414743709 5.822158867452326 6.139194146888298 6.556621329324786 6.618033988749893 6.887347030736331 7.046140503430731 7.196717581161122 7.592584534019106 7.745898311634949 8.000000000000002 8.069513769653238 8.270590766562295 9.561552812808829 10.114907541476757 10.533620832051026 10.819971800588892 10.999999999999988 11.063030634333948 11.320753849171533 11.390829995235276 
-6 -13 0.9023043175383857 2.402105727020169 2.6644547833391155 2.9038161073861763 3.409032035307976 3.496847533928044 3.9601275330065104 3.9999999999999996 4.000000000000003 4.093268642218026 4.238049809704253 4.354248688935411 4.438447187191171 4.503177283216735 4.591930146327357 5.243556864676963 5.2679491924311215 5.40150734082353 5.520595037439181 5.6277186767309875 5.786455816372813 5.897261904505046 6.796954083409659 7.0819963239799115 7.267008642049623 7.32015595988499 8.473139785022177 8.521190545704329 8.561552812808829 8.659986536914044 8.732050807568875 9.000000000000005 9.491107238381298 9.645751311064592 9.778558874056277 10.795675948055267 10.871246501415825 10.91935798686481 11.089983365575788 11.372281323269 11.942359375795654 11.976787950080073 
-6 -14 0.9023043175383857 2.402105727020169 2.6644547833391155 2.9038161073861763 3.409032035307976 3.496847533928044 3.9601275330065104 3.9999999999999996 4.000000000000003 4.093268642218026 4.238049809704253 4.354248688935411 4.438447187191171 4.503177283216735 4.591930146327357 5.243556864676963 5.2679491924311215 5.40150734082353 5.520595037439181 5.6277186767309875 5.786455816372813 5.897261904505046 6.796954083409659 7.0819963239799115 7.267008642049623 7.32015595988499 8.473139785022177 8.521190545704329 8.561552812808829 8.659986536914044 8.732050807568875 9.000000000000005 9.491107238381298 9.645751311064592 9.778558874056277 10.795675948055267 10.871246501415825 10.91935798686481 11.089983365575788 11.372281323269 11.942359375795654 11.976787950080073 
-6 -15 -2.7838420533302957e-15 1.439582849786129 1.5341784518204198 1.761903828272117 2.2567206349275173 2.434906494108167 2.867257629313208 3.000000000000001 3.000000000000002 3.4200196443531206 3.449310259239617 3.4974353459097687 3.678721688496641 3.9210557588076025 4.212184983504727 4.2721003254598005 4.446808324249966 4.763932022500209 5.65276680277324 7.112566158981282 7.739425510602656 8.39406488855666 8.823261150645706 9.10773005372137 9.236067977499795 9.391265342369227 9.732553831642951 9.854180042458104 
-6 -16 -2.7838420533302957e-15 1.439582849786129 1.5341784518204198 1.761903828272117 2.2567206349275173 2.434906494108167 2.867257629313208 3.000000000000001 3.000000000000002 3.4200196443531206 3.449310259239617 3.4974353459097687 3.678721688496641 3.9210557588076025 4.212184983504727 4.2721003254598005 4.446808324249966 4.763932022500209 5.65276680277324 7.112566158981282 7.739425510602656 8.39406488855666 8.823261150645706 9.10773005372137 9.236067977499795 9.391265342369227 9.732553831642951 9.854180042458104 
-6 -17 -2.738083434312932e-16 0.38196601125010465 1.4818013006736581 2.0 2.6180339887498953 2.8218059199792442 6.696392779347093 
-5 -17 2.0 
-6 -18 -2.738083434312932e-16 0.38196601125010465 1.4818013006736581 2.0 2.6180339887498953 2.8218059199792442 6.696392779347093 
-5 -18 2.0 
-7 -9 7.0 
-7 -10 7.0 
-7 -11 4.381966011250104 6.139194146888296 6.618033988749892 7.745898311634947 10.114907541476756 
-7 -12 4.381966011250104 6.139194146888296 6.618033988749892 7.745898311634947 10.114907541476756 
-7 -13 2.6644547833391137 3.4968475339280456 4.591930146327354 5.243556864676963 5.786455816372811 5.897261904505048 7.2670086420496185 8.473139785022175 8.659986536914051 10.919357986864807 
-7 -14 2.6644547833391137 3.4968475339280456 4.591930146327354 5.243556864676963 5.786455816372811 5.897261904505048 7.2670086420496185 8.473139785022175 8.659986536914051 10.919357986864807 
-7 -15 1.5341784518204218 1.761903828272116 3.4200196443531232 3.678721688496641 3.921055758807605 4.446808324249967 5.652766802773243 7.112566158981279 7.739425510602657 9.73255383164295 
-7 -16 1.5341784518204218 1.761903828272116 3.4200196443531232 3.678721688496641 3.921055758807605 4.446808324249967 5.652766802773243 7.112566158981279 7.739425510602657 9.73255383164295 
-7 -17 0.3819660112501055 1.48180130067366 2.6180339887498953 2.8218059199792442 6.696392779347095 
-7 -18 0.3819660112501055 1.48180130067366 2.6180339887498953 2.8218059199792442 6.696392779347095 
