2 4 -1.0483122950642618e-15 -4.66296164413691e-16 1.9999999999999996 1.9999999999999996 2.0000000000000004 2.627718676730985 2.9999999999999996 8.37228132326901 
3 4 2.0000000000000018 2.6277186767309866 3.0 8.372281323269014 
2 3 -1.0483122950642618e-15 -4.66296164413691e-16 1.9999999999999996 1.9999999999999996 2.0000000000000004 2.627718676730985 2.9999999999999996 8.37228132326901 
3 3 2.0000000000000018 2.6277186767309866 3.0 8.372281323269014 
2 2 3.54108615089317e-15 2.3904020879315926 3.0839705514432127 3.309983803416855 3.4007177076453363 3.7162247643600996 3.717176303006869 4.000000000000001 4.000000000000004 4.243102380733415 4.381966011250103 4.394448724536009 4.394448724536011 5.333000995019266 6.618033988749894 8.179536204484114 11.381237805363842 11.446226228073536 11.605551275463984 11.605551275463998 11.737851425743687 12.086745092851283 12.398360151827454 12.575464498099423 
3 2 3.4007177076453354 4.381966011250105 5.333000995019266 6.618033988749896 8.179536204484116 12.086745092851283 
2 1 3.54108615089317e-15 2.3904020879315926 3.0839705514432127 3.309983803416855 3.4007177076453363 3.7162247643600996 3.717176303006869 4.000000000000001 4.000000000000004 4.243102380733415 4.381966011250103 4.394448724536009 4.394448724536011 5.333000995019266 6.618033988749894 8.179536204484114 11.381237805363842 11.446226228073536 11.605551275463984 11.605551275463998 11.737851425743687 12.086745092851283 12.398360151827454 12.575464498099423 
3 1 3.4007177076453354 4.381966011250105 5.333000995019266 6.618033988749896 8.179536204484116 12.086745092851283 
2 0 2.985482254792485 3.682010571891238 4.157002918169695 4.905718084940386 5.557853830067749 5.557853830067756 5.616815328391925 5.665320130958118 6.502093454785264 7.000000000000002 7.283536941932208 7.419074399266024 8.059461752365285 8.59883511924576 9.066392314260302 9.066392314260316 12.099647729675869 13.279663295609243 13.356150066171935 13.375753855671936 13.375753855671952 13.52286633455872 13.899477574884537 13.966844042361306 
3 0 5.616815328391926 6.999999999999999 7.2835369419322165 12.099647729675866 
2 -1 2.985482254792485 3.682010571891238 4.157002918169695 4.905718084940386 5.557853830067749 5.557853830067756 5.616815328391925 5.665320130958118 6.502093454785264 7.000000000000002 7.283536941932208 7.419074399266024 8.059461752365285 8.59883511924576 9.066392314260302 9.066392314260316 12.099647729675869 13.279663295609243 13.356150066171935 13.375753855671936 13.375753855671952 13.52286633455872 13.899477574884537 13.966844042361306 
3 -1 5.616815328391926 6.999999999999999 7.2835369419322165 12.099647729675866 
2 -2 8.0 8.0 8.0 8.0 8.0 8.0 10.0 10.0 
3 -2 8.0 
2 -3 8.0 8.0 8.0 8.0 8.0 8.0 10.0 10.0 
3 -3 8.0 
1 4 2.0 2.0 
1 3 2.0 2.0 
1 2 -1.3280301858410208e-15 2.8825457082210215e-15 2.390402087931594 3.000000000000004 3.0839705514432145 3.194397167422407 3.1943971674224105 3.3099838034168534 3.716224764360104 3.71717630300687 3.9999999999999956 3.999999999999998 4.0 4.0 4.000000000000002 4.0000000000000036 4.243102380733414 4.386770156607544 4.386770156607549 4.394448724536008 4.394448724536011 4.9999999999999964 4.999999999999997 5.0 5.000000000000003 10.418832675970044 10.418832675970057 11.381237805363845 11.446226228073533 11.60555127546399 11.605551275464 11.737851425743683 12.398360151827461 12.575464498099418 
1 1 -1.3280301858410208e-15 2.8825457082210215e-15 2.390402087931594 3.000000000000004 3.0839705514432145 3.194397167422407 3.1943971674224105 3.3099838034168534 3.716224764360104 3.71717630300687 3.9999999999999956 3.999999999999998 4.0 4.0 4.000000000000002 4.0000000000000036 4.243102380733414 4.386770156607544 4.386770156607549 4.394448724536008 4.394448724536011 4.9999999999999964 4.999999999999997 5.0 5.000000000000003 10.418832675970044 10.418832675970057 11.381237805363845 11.446226228073533 11.60555127546399 11.605551275464 11.737851425743683 12.398360151827461 12.575464498099418 
1 0 -3.3227341853449715e-15 -2.5438950958767837e-15 0.7623084667373317 0.7623084667373347 2.5920043216140414 2.592004321614043 2.985482254792476 3.0089606853031996 3.0089606853032023 3.682010571891235 4.157002918169698 4.2798467455447256 4.7540533016084465 4.754053301608448 4.905718084940386 5.527864045000404 5.527864045000416 5.5278640450004195 5.527864045000423 5.557853830067741 5.557853830067747 5.665320130958111 6.50209345478526 6.594875162046666 6.594875162046674 6.594875162046679 6.594875162046683 7.317331578438546 7.317331578438554 7.419074399266021 8.059461752365284 8.598835119245765 9.066392314260304 9.066392314260307 10.464511942929528 10.464511942929535 12.585465789049934 12.585465789049938 13.279663295609238 13.35615006617194 13.375753855671931 13.375753855671944 13.522866334558733 13.89947757488453 13.96684404236131 14.405124837953315 14.40512483795332 14.40512483795333 14.40512483795333 14.472135954999567 14.472135954999573 14.472135954999578 14.472135954999587 14.720153254455294 15.19243616608725 15.192436166087251 15.322927748231708 15.322927748231715 15.999999999999988 15.999999999999993 15.999999999999995 15.999999999999998 16.0 16.0 
1 -1 -3.3227341853449715e-15 -2.5438950958767837e-15 0.7623084667373317 0.7623084667373347 2.5920043216140414 2.592004321614043 2.985482254792476 3.0089606853031996 3.0089606853032023 3.682010571891235 4.157002918169698 4.2798467455447256 4.7540533016084465 4.754053301608448 4.905718084940386 5.527864045000404 5.527864045000416 5.5278640450004195 5.527864045000423 5.557853830067741 5.557853830067747 5.665320130958111 6.50209345478526 6.594875162046666 6.594875162046674 6.594875162046679 6.594875162046683 7.317331578438546 7.317331578438554 7.419074399266021 8.059461752365284 8.598835119245765 9.066392314260304 9.066392314260307 10.464511942929528 10.464511942929535 12.585465789049934 12.585465789049938 13.279663295609238 13.35615006617194 13.375753855671931 13.375753855671944 13.522866334558733 13.89947757488453 13.96684404236131 14.405124837953315 14.40512483795332 14.40512483795333 14.40512483795333 14.472135954999567 14.472135954999573 14.472135954999578 14.472135954999587 14.720153254455294 15.19243616608725 15.192436166087251 15.322927748231708 15.322927748231715 15.999999999999988 15.999999999999993 15.999999999999995 15.999999999999998 16.0 16.0 
1 -2 2.9382893762044846 2.938289376204494 4.3472232188417195 4.347223218841724 7.355906516513842 7.355906516513849 7.99999999999999 7.999999999999993 7.999999999999993 7.999999999999996 7.999999999999997 8.0 8.0 8.0 8.000000000000002 8.000000000000002 8.000000000000009 10.0 10.0 10.000000000000004 10.000000000000004 10.79977507009041 10.799775070090423 11.000000000000004 11.999999999999993 11.999999999999996 11.999999999999998 12.000000000000004 12.558805818349521 12.558805818349532 12.999999999999993 12.999999999999998 13.000000000000004 13.000000000000004 
1 -3 2.9382893762044846 2.938289376204494 4.3472232188417195 4.347223218841724 7.355906516513842 7.355906516513849 7.99999999999999 7.999999999999993 7.999999999999993 7.999999999999996 7.999999999999997 8.0 8.0 8.0 8.000000000000002 8.000000000000002 8.000000000000009 10.0 10.0 10.000000000000004 10.000000000000004 10.79977507009041 10.799775070090423 11.000000000000004 11.999999999999993 11.999999999999996 11.999999999999998 12.000000000000004 12.558805818349521 12.558805818349532 12.999999999999993 12.999999999999998 13.000000000000004 13.000000000000004 
0 2 2.999999999999998 3.1943971674224074 3.1943971674224088 3.9999999999999973 3.9999999999999982 4.0 4.000000000000001 4.000000000000001 4.000000000000002 4.386770156607549 4.386770156607551 4.999999999999997 4.999999999999998 4.999999999999999 5.0 5.0 5.000000000000002 5.000000000000002 5.000000000000004 10.418832675970043 10.418832675970044 
0 1 2.999999999999998 3.1943971674224074 3.1943971674224088 3.9999999999999973 3.9999999999999982 4.0 4.000000000000001 4.000000000000001 4.000000000000002 4.386770156607549 4.386770156607551 4.999999999999997 4.999999999999998 4.999999999999999 5.0 5.0 5.000000000000002 5.000000000000002 5.000000000000004 10.418832675970043 10.418832675970044 
0 0 -6.656552247684526e-15 -5.722568301604806e-15 6.356704323435603e-15 1.5016848732779324e-14 0.7623084667373039 0.7623084667373308 1.7199469244213235 1.9198468799616124 1.9198468799616286 2.123194337104373 2.592004321614031 2.59200432161404 3.00401118445586 3.0040111844558726 3.008960685303195 3.008960685303206 3.141403443940972 3.7341891384211756 3.8537061512450204 4.279846745544725 4.538290818411671 4.754053301608451 4.754053301608455 4.8600142636716 5.3839202907929495 5.3839202907929735 5.5278640450004195 5.527864045000421 5.527864045000421 5.527864045000425 6.413463198218387 6.454486999426939 6.526803472077835 6.594875162046672 6.594875162046673 6.594875162046673 6.594875162046677 6.735403090471926 7.317331578438553 7.317331578438553 7.999999999999986 7.999999999999989 7.999999999999989 7.999999999999992 7.999999999999993 7.999999999999996 7.999999999999996 7.999999999999997 7.999999999999997 7.999999999999998 7.999999999999999 7.999999999999999 8.000000000000004 8.000000000000005 8.000000000000005 8.000000000000009 10.464511942929526 10.464511942929532 10.999999999999995 11.43068012978538 11.583463333571297 11.999999999999996 11.999999999999998 12.029582536601602 12.486680341594168 12.486680341594171 12.58546578904994 12.585465789049948 12.711340847942047 12.956340537860639 13.000000000000005 13.038201148902653 13.149489627925199 13.205541303195378 13.205541303195385 13.999999999999993 13.999999999999995 13.999999999999995 14.000000000000002 14.405124837953318 14.405124837953323 14.405124837953325 14.405124837953329 14.472135954999573 14.472135954999578 14.472135954999578 14.472135954999583 14.72015325445528 15.192436166087239 15.192436166087248 15.32292774823171 15.322927748231713 15.999999999999988 15.999999999999995 15.999999999999996 15.999999999999998 16.000000000000007 16.00000000000001 
0 -1 -6.656552247684526e-15 -5.722568301604806e-15 6.356704323435603e-15 1.5016848732779324e-14 0.7623084667373039 0.7623084667373308 1.7199469244213235 1.9198468799616124 1.9198468799616286 2.123194337104373 2.592004321614031 2.59200432161404 3.00401118445586 3.0040111844558726 3.008960685303195 3.008960685303206 3.141403443940972 3.7341891384211756 3.8537061512450204 4.279846745544725 4.538290818411671 4.754053301608451 4.754053301608455 4.8600142636716 5.3839202907929495 5.3839202907929735 5.5278640450004195 5.527864045000421 5.527864045000421 5.527864045000425 6.413463198218387 6.454486999426939 6.526803472077835 6.594875162046672 6.594875162046673 6.594875162046673 6.594875162046677 6.735403090471926 7.317331578438553 7.317331578438553 7.999999999999986 7.999999999999989 7.999999999999989 7.999999999999992 7.999999999999993 7.999999999999996 7.999999999999996 7.999999999999997 7.999999999999997 7.999999999999998 7.999999999999999 7.999999999999999 8.000000000000004 8.000000000000005 8.000000000000005 8.000000000000009 10.464511942929526 10.464511942929532 10.999999999999995 11.43068012978538 11.583463333571297 11.999999999999996 11.999999999999998 12.029582536601602 12.486680341594168 12.486680341594171 12.58546578904994 12.585465789049948 12.711340847942047 12.956340537860639 13.000000000000005 13.038201148902653 13.149489627925199 13.205541303195378 13.205541303195385 13.999999999999993 13.999999999999995 13.999999999999995 14.000000000000002 14.405124837953318 14.405124837953323 14.405124837953325 14.405124837953329 14.472135954999573 14.472135954999578 14.472135954999578 14.472135954999583 14.72015325445528 15.192436166087239 15.192436166087248 15.32292774823171 15.322927748231713 15.999999999999988 15.999999999999995 15.999999999999996 15.999999999999998 16.000000000000007 16.00000000000001 
0 -2 -1.0078448627965438e-14 5.267668751511103e-15 1.6913095147242114e-14 0.6820798052882447 0.6820798052882479 1.210311434904306 1.5376705325747189 1.537670532574722 2.309723287557657 2.3176724601329597 2.9382893762044873 2.938289376204492 2.9445378988194237 3.668265532132354 3.6682655321323674 3.8830602336939575 3.9696456378939815 4.34722321884172 4.347223218841725 5.139433742554893 5.287679803667269 6.223958191469157 6.223958191469162 6.334704987806835 6.594875162046669 7.089239799957065 7.355906516513831 7.355906516513845 7.394448724536007 7.394448724536007 7.394448724536012 7.39444872453602 7.576110975126172 7.5761109751261815 7.8234791518831805 7.99999999999999 7.999999999999993 7.999999999999997 8.0 8.000000000000004 8.000000000000007 8.64493687211232 9.68548434997361 9.685484349973613 9.999999999999996 10.000000000000002 10.256820141854817 10.70695607804881 10.715938616686895 10.799775070090412 10.799775070090421 10.999999999999988 11.000000000000005 11.999999999999982 11.999999999999996 11.999999999999998 12.0 12.558805818349528 12.558805818349532 12.78333692128411 12.877896016331963 12.951326299505949 12.999999999999986 12.999999999999991 13.000000000000002 13.000000000000004 13.029462440001073 13.02946244000108 13.193521428241299 14.405124837953336 14.605551275463977 14.60555127546398 14.60555127546399 14.60555127546399 14.71696634931869 14.716966349318696 14.88000182411596 14.88000182411597 15.047245374050709 15.136923637397553 15.14312479333683 15.23248538227722 15.99999999999998 15.999999999999986 15.999999999999986 15.999999999999988 15.999999999999993 15.999999999999995 15.999999999999998 15.999999999999998 15.999999999999998 16.0 16.0 16.000000000000004 16.000000000000004 16.000000000000007 16.000000000000007 16.00000000000003 
0 -3 -1.0078448627965438e-14 5.267668751511103e-15 1.6913095147242114e-14 0.6820798052882447 0.6820798052882479 1.210311434904306 1.5376705325747189 1.537670532574722 2.309723287557657 2.3176724601329597 2.9382893762044873 2.938289376204492 2.9445378988194237 3.668265532132354 3.6682655321323674 3.8830602336939575 3.9696456378939815 4.34722321884172 4.347223218841725 5.139433742554893 5.287679803667269 6.223958191469157 6.223958191469162 6.334704987806835 6.594875162046669 7.089239799957065 7.355906516513831 7.355906516513845 7.394448724536007 7.394448724536007 7.394448724536012 7.39444872453602 7.576110975126172 7.5761109751261815 7.8234791518831805 7.99999999999999 7.999999999999993 7.999999999999997 8.0 8.000000000000004 8.000000000000007 8.64493687211232 9.68548434997361 9.685484349973613 9.999999999999996 10.000000000000002 10.256820141854817 10.70695607804881 10.715938616686895 10.799775070090412 10.799775070090421 10.999999999999988 11.000000000000005 11.999999999999982 11.999999999999996 11.999999999999998 12.0 12.558805818349528 12.558805818349532 12.78333692128411 12.877896016331963 12.951326299505949 12.999999999999986 12.999999999999991 13.000000000000002 13.000000000000004 13.029462440001073 13.02946244000108 13.193521428241299 14.405124837953336 14.605551275463977 14.60555127546398 14.60555127546399 14.60555127546399 14.71696634931869 14.716966349318696 14.88000182411596 14.88000182411597 15.047245374050709 15.136923637397553 15.14312479333683 15.23248538227722 15.99999999999998 15.999999999999986 15.999999999999986 15.999999999999988 15.999999999999993 15.999999999999995 15.999999999999998 15.999999999999998 15.999999999999998 16.0 16.0 16.000000000000004 16.000000000000004 16.000000000000007 16.000000000000007 16.00000000000003 
0 -4 4.999999999999997 4.999999999999998 5.000000000000001 5.000000000000001 5.354248688935408 5.35424868893541 5.4384471871911675 5.438447187191169 5.763932022500206 5.999999999999994 5.999999999999998 6.0 6.0 6.0 6.000000000000001 9.56155281280883 9.56155281280883 10.236067977499793 10.645751311064588 10.645751311064593 11.000000000000004 
1 -4 6.0 6.0 
0 -5 4.999999999999997 4.999999999999998 5.000000000000001 5.000000000000001 5.354248688935408 5.35424868893541 5.4384471871911675 5.438447187191169 5.763932022500206 5.999999999999994 5.999999999999998 6.0 6.0 6.0 6.000000000000001 9.56155281280883 9.56155281280883 10.236067977499793 10.645751311064588 10.645751311064593 11.000000000000004 
1 -5 6.0 6.0 
-1 2 4.0 4.0 5.0 5.0 5.0 5.0 5.0 
-1 1 4.0 4.0 5.0 5.0 5.0 5.0 5.0 
-1 0 1.719946924421305 1.9198468799616126 1.919846879961613 2.123194337104374 3.0040111844558655 3.004011184455869 3.1414034439409595 3.1595315287421264 3.7341891384211743 3.8537061512450244 4.150840273633296 4.535898384862248 4.538290818411666 4.860014263671607 5.383920290792966 5.383920290792968 6.413463198218383 6.446598643447278 6.454486999426924 6.526803472077821 6.735403090471917 7.999999999999983 7.999999999999984 7.999999999999988 7.999999999999988 7.999999999999989 7.999999999999991 7.999999999999992 7.999999999999992 7.999999999999993 7.999999999999993 7.999999999999994 7.999999999999996 7.999999999999996 7.999999999999996 7.9999999999999964 7.999999999999997 7.999999999999997 7.999999999999998 7.999999999999998 7.999999999999998 7.999999999999999 8.0 8.0 8.0 8.0 8.0 8.0 8.0 8.000000000000002 8.000000000000002 8.000000000000002 8.000000000000002 8.000000000000002 8.000000000000004 8.000000000000004 8.000000000000004 8.000000000000005 8.000000000000005 8.000000000000005 8.000000000000009 8.000000000000009 8.000000000000009 8.000000000000009 8.00000000000001 11.000000000000002 11.000000000000004 11.000000000000007 11.386951306155373 11.430680129785399 11.464101615137753 11.583463333571299 11.85607824802191 11.999999999999998 11.999999999999998 12.0 12.000000000000005 12.02958253660161 12.48668034159416 12.486680341594168 12.711340847942045 12.956340537860639 13.000000000000002 13.03820114890265 13.149489627925204 13.205541303195384 13.205541303195389 13.999999999999998 13.999999999999998 14.000000000000007 14.000000000000007 
-1 -1 1.719946924421305 1.9198468799616126 1.919846879961613 2.123194337104374 3.0040111844558655 3.004011184455869 3.1414034439409595 3.1595315287421264 3.7341891384211743 3.8537061512450244 4.150840273633296 4.535898384862248 4.538290818411666 4.860014263671607 5.383920290792966 5.383920290792968 6.413463198218383 6.446598643447278 6.454486999426924 6.526803472077821 6.735403090471917 7.999999999999983 7.999999999999984 7.999999999999988 7.999999999999988 7.999999999999989 7.999999999999991 7.999999999999992 7.999999999999992 7.999999999999993 7.999999999999993 7.999999999999994 7.999999999999996 7.999999999999996 7.999999999999996 7.9999999999999964 7.999999999999997 7.999999999999997 7.999999999999998 7.999999999999998 7.999999999999998 7.999999999999999 8.0 8.0 8.0 8.0 8.0 8.0 8.0 8.000000000000002 8.000000000000002 8.000000000000002 8.000000000000002 8.000000000000002 8.000000000000004 8.000000000000004 8.000000000000004 8.000000000000005 8.000000000000005 8.000000000000005 8.000000000000009 8.000000000000009 8.000000000000009 8.000000000000009 8.00000000000001 11.000000000000002 11.000000000000004 11.000000000000007 11.386951306155373 11.430680129785399 11.464101615137753 11.583463333571299 11.85607824802191 11.999999999999998 11.999999999999998 12.0 12.000000000000005 12.02958253660161 12.48668034159416 12.486680341594168 12.711340847942045 12.956340537860639 13.000000000000002 13.03820114890265 13.149489627925204 13.205541303195384 13.205541303195389 13.999999999999998 13.999999999999998 14.000000000000007 14.000000000000007 
-1 -2 4.543848885552596e-15 9.869933659156311e-15 1.9559042008820885e-14 0.6820798052882453 0.6820798052882505 1.2103114349043151 1.5376705325747082 1.5376705325747215 1.691838196005113 1.9021573548724848 1.9276203550308402 2.309723287557663 2.317672460132967 2.7218662290287474 2.7771741393088663 2.9040749353743287 2.944537898819428 3.4497689337956983 3.6682655321323527 3.668265532132361 3.709269602809502 3.8548316537613814 3.8830602336939575 3.931128305785984 3.9696456378939726 4.025155531953506 4.226591875404088 4.430438964122197 4.518171391422818 4.691163858626042 4.7739326963189335 5.139433742554891 5.260105338051746 5.281778458733775 5.287679803667276 5.7212739370170675 5.984946878814478 6.034654226690374 6.092379600986399 6.113385633841576 6.223958191469159 6.22395819146916 6.298634246307773 6.301138957159735 6.334704987806844 6.499354543297825 6.5948751620466535 6.680566443680474 6.755206765268319 6.815110794067373 6.831495408479252 7.08923979995706 7.107814121136766 7.107814121136778 7.198412239146629 7.217198740125247 7.353960693693599 7.394448724535998 7.394448724536011 7.394448724536013 7.394448724536019 7.516309180602124 7.576110975126177 7.576110975126186 7.644515038382781 7.823479151883188 7.9674938788553495 8.02525472727061 8.181292875272481 8.286900984069383 8.328859168394125 8.610350789342908 8.64493687211232 8.655776138486907 8.825382402362873 8.922969097886343 9.122996976953422 9.144164237550019 9.285018599065976 9.440540714217574 9.59136411298554 9.64742855431361 9.685484349973612 9.68548434997362 9.94541764654755 9.954181316959643 10.0663218292395 10.256820141854815 10.35145684216103 10.405762209075807 10.706956078048812 10.715938616686893 10.801250742017132 11.000000000000002 11.091744478837025 11.09174447883704 11.13574720566686 11.642101671295617 12.650286252023475 12.783336921284102 12.849168691075086 12.87789601633196 12.951326299505961 13.029462440001067 13.02946244000107 13.054015367144846 13.19230545043292 13.193521428241302 13.22584717049374 13.240995393348292 13.277803436925925 13.34027826310561 13.434436767946329 13.550923213208241 13.654119676182637 13.671272142850325 13.673253610424968 13.677884988113025 13.765503169489234 13.771152720300698 13.79636643220489 13.800441400026182 13.800441400026191 13.907681180929698 13.966356261490239 14.010653220581847 14.014095795935612 14.181972303152785 14.212003685216363 14.303483888968094 14.334664635719609 14.375043747266032 14.392593836844238 14.405124837953343 14.410912771183996 14.436448166295941 14.518710531546649 14.52796533922422 14.548420471562686 14.559737550854498 14.605551275463984 14.605551275463984 14.605551275463993 14.605551275463993 14.716966349318694 14.716966349318696 14.880001824115954 14.88000182411596 15.047245374050712 15.136923637397558 15.143124793336828 15.232485382277222 15.99999999999996 15.999999999999977 15.99999999999998 15.999999999999984 15.99999999999999 15.999999999999991 15.999999999999993 15.999999999999995 15.999999999999998 16.0 16.0 16.0 16.000000000000007 16.00000000000001 16.00000000000001 16.000000000000014 
-1 -3 4.543848885552596e-15 9.869933659156311e-15 1.9559042008820885e-14 0.6820798052882453 0.6820798052882505 1.2103114349043151 1.5376705325747082 1.5376705325747215 1.691838196005113 1.9021573548724848 1.9276203550308402 2.309723287557663 2.317672460132967 2.7218662290287474 2.7771741393088663 2.9040749353743287 2.944537898819428 3.4497689337956983 3.6682655321323527 3.668265532132361 3.709269602809502 3.8548316537613814 3.8830602336939575 3.931128305785984 3.9696456378939726 4.025155531953506 4.226591875404088 4.430438964122197 4.518171391422818 4.691163858626042 4.7739326963189335 5.139433742554891 5.260105338051746 5.281778458733775 5.287679803667276 5.7212739370170675 5.984946878814478 6.034654226690374 6.092379600986399 6.113385633841576 6.223958191469159 6.22395819146916 6.298634246307773 6.301138957159735 6.334704987806844 6.499354543297825 6.5948751620466535 6.680566443680474 6.755206765268319 6.815110794067373 6.831495408479252 7.08923979995706 7.107814121136766 7.107814121136778 7.198412239146629 7.217198740125247 7.353960693693599 7.394448724535998 7.394448724536011 7.394448724536013 7.394448724536019 7.516309180602124 7.576110975126177 7.576110975126186 7.644515038382781 7.823479151883188 7.9674938788553495 8.02525472727061 8.181292875272481 8.286900984069383 8.328859168394125 8.610350789342908 8.64493687211232 8.655776138486907 8.825382402362873 8.922969097886343 9.122996976953422 9.144164237550019 9.285018599065976 9.440540714217574 9.59136411298554 9.64742855431361 9.685484349973612 9.68548434997362 9.94541764654755 9.954181316959643 10.0663218292395 10.256820141854815 10.35145684216103 10.405762209075807 10.706956078048812 10.715938616686893 10.801250742017132 11.000000000000002 11.091744478837025 11.09174447883704 11.13574720566686 11.642101671295617 12.650286252023475 12.783336921284102 12.849168691075086 12.87789601633196 12.951326299505961 13.029462440001067 13.02946244000107 13.054015367144846 13.19230545043292 13.193521428241302 13.22584717049374 13.240995393348292 13.277803436925925 13.34027826310561 13.434436767946329 13.550923213208241 13.654119676182637 13.671272142850325 13.673253610424968 13.677884988113025 13.765503169489234 13.771152720300698 13.79636643220489 13.800441400026182 13.800441400026191 13.907681180929698 13.966356261490239 14.010653220581847 14.014095795935612 14.181972303152785 14.212003685216363 14.303483888968094 14.334664635719609 14.375043747266032 14.392593836844238 14.405124837953343 14.410912771183996 14.436448166295941 14.518710531546649 14.52796533922422 14.548420471562686 14.559737550854498 14.605551275463984 14.605551275463984 14.605551275463993 14.605551275463993 14.716966349318694 14.716966349318696 14.880001824115954 14.88000182411596 15.047245374050712 15.136923637397558 15.143124793336828 15.232485382277222 15.99999999999996 15.999999999999977 15.99999999999998 15.999999999999984 15.99999999999999 15.999999999999991 15.999999999999993 15.999999999999995 15.999999999999998 16.0 16.0 16.0 16.000000000000007 16.00000000000001 16.00000000000001 16.000000000000014 
-1 -4 -4.997314381015765e-15 -4.440893189038472e-15 7.106739218341408e-15 0.7150654747414849 1.3999498570011022 2.0158518900923874 3.483792959682871 4.227998127341245 4.346688068540962 4.346688068540972 4.668725280327184 4.66872528032719 4.80070064431752 4.800700644317528 4.839618128020879 4.999999999999999 5.0 5.000000000000001 5.000000000000005 5.000000000000006 5.00000000000001 5.000000000000013 5.1600918016104025 5.227998127341215 5.227998127341218 5.227998127341231 5.227998127341234 5.291790683248828 5.354248688935403 5.354248688935412 5.370186728308124 5.370186728308127 5.43844718719117 5.43844718719118 5.466240541714694 5.468871125850726 5.763932022500212 5.80416054846284 5.911123089262506 5.999999999999997 6.000000000000001 6.000000000000002 6.000000000000003 6.267514639721027 6.519721200669063 6.519721200669064 6.935141308361271 7.589956546871747 8.346705501043633 9.139202171436137 9.561552812808827 9.561552812808833 10.236067977499788 10.645751311064586 10.645751311064595 11.0 11.443877859344031 11.655523489843764 12.110092071022805 12.110092071022821 12.408571293289016 12.486612175188574 12.486612175188577 12.508862080760396 12.648438135458832 12.648438135458834 12.653311931459037 12.653311931459037 12.772001872658764 12.883705438062943 12.99999999999999 12.999999999999991 12.999999999999991 12.999999999999996 13.000000000000004 13.000000000000004 13.000000000000007 13.000000000000018 13.301917792327481 13.431336905100585 13.531128874149276 13.682836584213979 13.682836584213984 13.712687180493903 13.712687180493909 13.77200187265876 13.77200187265876 13.772001872658764 13.772001872658764 13.999999999999996 14.000000000000004 
-1 -5 -4.997314381015765e-15 -4.440893189038472e-15 7.106739218341408e-15 0.7150654747414849 1.3999498570011022 2.0158518900923874 3.483792959682871 4.227998127341245 4.346688068540962 4.346688068540972 4.668725280327184 4.66872528032719 4.80070064431752 4.800700644317528 4.839618128020879 4.999999999999999 5.0 5.000000000000001 5.000000000000005 5.000000000000006 5.00000000000001 5.000000000000013 5.1600918016104025 5.227998127341215 5.227998127341218 5.227998127341231 5.227998127341234 5.291790683248828 5.354248688935403 5.354248688935412 5.370186728308124 5.370186728308127 5.43844718719117 5.43844718719118 5.466240541714694 5.468871125850726 5.763932022500212 5.80416054846284 5.911123089262506 5.999999999999997 6.000000000000001 6.000000000000002 6.000000000000003 6.267514639721027 6.519721200669063 6.519721200669064 6.935141308361271 7.589956546871747 8.346705501043633 9.139202171436137 9.561552812808827 9.561552812808833 10.236067977499788 10.645751311064586 10.645751311064595 11.0 11.443877859344031 11.655523489843764 12.110092071022805 12.110092071022821 12.408571293289016 12.486612175188574 12.486612175188577 12.508862080760396 12.648438135458832 12.648438135458834 12.653311931459037 12.653311931459037 12.772001872658764 12.883705438062943 12.99999999999999 12.999999999999991 12.999999999999991 12.999999999999996 13.000000000000004 13.000000000000004 13.000000000000007 13.000000000000018 13.301917792327481 13.431336905100585 13.531128874149276 13.682836584213979 13.682836584213984 13.712687180493903 13.712687180493909 13.77200187265876 13.77200187265876 13.772001872658764 13.772001872658764 13.999999999999996 14.000000000000004 
-2 2 5.0 
-2 1 5.0 
-2 0 3.159531528742132 4.1508402736333 4.535898384862248 6.446598643447285 7.9999999999999885 7.999999999999991 7.999999999999993 7.999999999999994 7.999999999999995 7.999999999999995 7.999999999999995 7.999999999999996 7.999999999999996 7.999999999999996 7.999999999999997 7.999999999999997 7.999999999999998 7.999999999999998 7.999999999999998 7.999999999999998 7.999999999999999 7.999999999999999 7.999999999999999 7.999999999999999 7.999999999999999 7.999999999999999 7.999999999999999 7.999999999999999 8.0 8.0 8.0 8.0 8.0 8.0 8.0 8.0 8.0 8.0 8.0 8.0 8.000000000000002 8.000000000000002 8.000000000000002 8.000000000000002 8.000000000000002 8.000000000000004 8.000000000000004 8.000000000000004 8.000000000000004 8.000000000000005 8.000000000000005 8.000000000000007 10.999999999999998 11.000000000000002 11.000000000000007 11.386951306155371 11.464101615137755 11.856078248021916 11.999999999999996 12.000000000000002 
-2 -1 3.159531528742132 4.1508402736333 4.535898384862248 6.446598643447285 7.9999999999999885 7.999999999999991 7.999999999999993 7.999999999999994 7.999999999999995 7.999999999999995 7.999999999999995 7.999999999999996 7.999999999999996 7.999999999999996 7.999999999999997 7.999999999999997 7.999999999999998 7.999999999999998 7.999999999999998 7.999999999999998 7.999999999999999 7.999999999999999 7.999999999999999 7.999999999999999 7.999999999999999 7.999999999999999 7.999999999999999 7.999999999999999 8.0 8.0 8.0 8.0 8.0 8.0 8.0 8.0 8.0 8.0 8.0 8.0 8.000000000000002 8.000000000000002 8.000000000000002 8.000000000000002 8.000000000000002 8.000000000000004 8.000000000000004 8.000000000000004 8.000000000000004 8.000000000000005 8.000000000000005 8.000000000000007 10.999999999999998 11.000000000000002 11.000000000000007 11.386951306155371 11.464101615137755 11.856078248021916 11.999999999999996 12.000000000000002 
-2 -2 1.6918381960050866 1.9021573548725041 1.9276203550308546 2.7218662290287488 2.7771741393088645 2.9040749353743287 3.4497689337957134 3.633662864375014 3.643352334508311 3.7092696028094894 3.854831653761377 3.9311283057859656 4.025155531953489 4.22659187540408 4.430438964122207 4.495562750355627 4.518171391422801 4.628998786472794 4.637538500373791 4.691163858626057 4.704464289015835 4.773932696318932 5.260105338051744 5.281778458733773 5.39065438186218 5.517855056011553 5.631493464570984 5.634653745193753 5.709062469213226 5.721273937017058 5.788416689060021 5.867345910819035 5.9635679237577826 5.98494687881447 5.992620597777645 6.030098184205172 6.0346542266903755 6.0923796009864 6.113385633841592 6.208880674294238 6.296731483441619 6.298634246307773 6.301138957159731 6.411961075150887 6.496174045942485 6.499354543297817 6.6805664436804655 6.681053163708001 6.68791319788809 6.755206765268316 6.81511079406737 6.8314954084792525 6.853071088638133 6.988858156052346 7.053587953191331 7.107814121136777 7.107814121136783 7.1688411829608905 7.198412239146614 7.203197780165171 7.2171987401252435 7.353960693693594 7.381966011250107 7.401414543318513 7.516309180602128 7.644515038382769 7.733418881428046 7.830138300648188 7.830165424079698 7.967493878855337 8.02525472727061 8.043801951275817 8.122522641088835 8.181292875272481 8.208288189596312 8.25584215946281 8.267976064223893 8.27380405562271 8.286900984069378 8.328859168394123 8.352158170727476 8.421007004565658 8.453106967990257 8.48980163314755 8.563931836054161 8.599504381107664 8.610350789342904 8.655776138486901 8.72979612522902 8.763640874878986 8.825382402362877 8.92296909788634 9.011770247183946 9.122996976953422 9.144164237550022 9.174823506296454 9.21769238324936 9.285018599065975 9.393820962272112 9.440540714217578 9.48635709398901 9.591364112985541 9.60092084164607 9.618033988749897 9.647428554313596 9.664987511313424 9.704510439407692 9.849816539056931 9.94541764654755 9.954181316959646 10.066321829239499 10.351456842161017 10.405762209075807 10.801250742017146 11.0 11.09174447883701 11.091744478837049 11.13574720566686 11.642101671295602 11.717353757869054 11.879871256468773 11.917655839255925 12.044967347956641 12.1697791966359 12.176993205666355 12.2671720437389 12.30234833007846 12.358632803632807 12.379385876557924 12.422116033640656 12.614838924303994 12.650286252023482 12.662993913900264 12.734776206260708 12.781889067061115 12.849168691075098 12.851173904767833 12.858723086331928 12.89527440216633 12.999999999999975 13.05401536714485 13.094392288406524 13.105026037433278 13.192305450432926 13.225847170493742 13.240995393348294 13.277803436925923 13.340278263105612 13.434436767946327 13.550923213208245 13.654119676182638 13.67127214285033 13.673253610424966 13.67788498811303 13.765503169489227 13.771152720300698 13.796366432204882 13.800441400026168 13.800441400026186 13.907681180929686 13.966356261490237 14.010653220581851 14.014095795935596 14.18197230315279 14.21200368521637 14.303483888968108 14.334664635719607 14.375043747266051 14.392593836844254 14.410912771184002 14.43644816629594 14.51871053154663 14.527965339224213 14.548420471562686 14.559737550854484 
-2 -3 1.6918381960050866 1.9021573548725041 1.9276203550308546 2.7218662290287488 2.7771741393088645 2.9040749353743287 3.4497689337957134 3.633662864375014 3.643352334508311 3.7092696028094894 3.854831653761377 3.9311283057859656 4.025155531953489 4.22659187540408 4.430438964122207 4.495562750355627 4.518171391422801 4.628998786472794 4.637538500373791 4.691163858626057 4.704464289015835 4.773932696318932 5.260105338051744 5.281778458733773 5.39065438186218 5.517855056011553 5.631493464570984 5.634653745193753 5.709062469213226 5.721273937017058 5.788416689060021 5.867345910819035 5.9635679237577826 5.98494687881447 5.992620597777645 6.030098184205172 6.0346542266903755 6.0923796009864 6.113385633841592 6.208880674294238 6.296731483441619 6.298634246307773 6.301138957159731 6.411961075150887 6.496174045942485 6.499354543297817 6.6805664436804655 6.681053163708001 6.68791319788809 6.755206765268316 6.81511079406737 6.8314954084792525 6.853071088638133 6.988858156052346 7.053587953191331 7.107814121136777 7.107814121136783 7.1688411829608905 7.198412239146614 7.203197780165171 7.2171987401252435 7.353960693693594 7.381966011250107 7.401414543318513 7.516309180602128 7.644515038382769 7.733418881428046 7.830138300648188 7.830165424079698 7.967493878855337 8.02525472727061 8.043801951275817 8.122522641088835 8.181292875272481 8.208288189596312 8.25584215946281 8.267976064223893 8.27380405562271 8.286900984069378 8.328859168394123 8.352158170727476 8.421007004565658 8.453106967990257 8.48980163314755 8.563931836054161 8.599504381107664 8.610350789342904 8.655776138486901 8.72979612522902 8.763640874878986 8.825382402362877 8.92296909788634 9.011770247183946 9.122996976953422 9.144164237550022 9.174823506296454 9.21769238324936 9.285018599065975 9.393820962272112 9.440540714217578 9.48635709398901 9.591364112985541 9.60092084164607 9.618033988749897 9.647428554313596 9.664987511313424 9.704510439407692 9.849816539056931 9.94541764654755 9.954181316959646 10.066321829239499 10.351456842161017 10.405762209075807 10.801250742017146 11.0 11.09174447883701 11.091744478837049 11.13574720566686 11.642101671295602 11.717353757869054 11.879871256468773 11.917655839255925 12.044967347956641 12.1697791966359 12.176993205666355 12.2671720437389 12.30234833007846 12.358632803632807 12.379385876557924 12.422116033640656 12.614838924303994 12.650286252023482 12.662993913900264 12.734776206260708 12.781889067061115 12.849168691075098 12.851173904767833 12.858723086331928 12.89527440216633 12.999999999999975 13.05401536714485 13.094392288406524 13.105026037433278 13.192305450432926 13.225847170493742 13.240995393348294 13.277803436925923 13.340278263105612 13.434436767946327 13.550923213208245 13.654119676182638 13.67127214285033 13.673253610424966 13.67788498811303 13.765503169489227 13.771152720300698 13.796366432204882 13.800441400026168 13.800441400026186 13.907681180929686 13.966356261490237 14.010653220581851 14.014095795935596 14.18197230315279 14.21200368521637 14.303483888968108 14.334664635719607 14.375043747266051 14.392593836844254 14.410912771184002 14.43644816629594 14.51871053154663 14.527965339224213 14.548420471562686 14.559737550854484 
-2 -4 5.5507339930938253e-17 7.688298202688618e-15 1.3327161790051347e-14 0.7150654747414951 1.2834443650930423 1.2852196205159059 1.3999498570011095 2.015851890092399 2.40426170640778 2.5373536459697603 3.091865375772007 3.1681825937972175 3.483792959682866 3.4890894428797385 3.5655542388196246 3.627959027149593 3.960617258718655 4.126116252373511 4.176494799543362 4.227998127341235 4.272127356645221 4.346688068540963 4.34668806854098 4.370451793100936 4.648737775111113 4.6687252803271875 4.668725280327191 4.800700644317523 4.800700644317527 4.80779281597011 4.839618128020871 4.99999999999999 4.999999999999999 5.000000000000005 5.084678021967547 5.093746901315228 5.160091801610403 5.178457533072754 5.227998127341225 5.227998127341231 5.227998127341237 5.227998127341249 5.289827685588066 5.291790683248827 5.340647505858002 5.370186728308088 5.370186728308122 5.376160364625563 5.3765293563120675 5.458948738224323 5.466240541714684 5.468871125850719 5.604380388287816 5.615032074011246 5.645542085253277 5.73758861984782 5.757535252114139 5.787603640603136 5.8041605484628365 5.858221745795665 5.872410060897122 5.893237109351386 5.911123089262485 5.972219405102015 6.124418481673343 6.178925814785361 6.267514639721024 6.282817242430654 6.3572765480543305 6.382636538779249 6.448934622247013 6.519721200669059 6.519721200669067 6.535882305128022 6.691673955836 6.697224362267975 6.857649736456323 6.935141308361276 7.039059816727394 7.227802153035656 7.329706340050407 7.399308416847957 7.53072529322088 7.5518967754182675 7.589956546871737 7.681165093875684 7.748026711143465 7.86799511276514 8.056570651803035 8.138631705534296 8.346705501043633 8.799290963420914 9.005282999012612 9.050778308997968 9.139202171436136 9.298412703176 9.448739485145913 9.514619982980006 9.556213651729834 9.682387550536365 9.707804782256328 9.780368005689388 10.30277563773199 10.327313572309945 10.342182142705349 10.472065830960714 10.503520772636719 10.613697295067661 10.633061354112062 10.635426585971278 10.71008196551675 10.807789207755947 10.818008100905415 10.82320362847425 10.923539071263816 10.9843606512313 11.010158629149386 11.443877859344031 11.491970530802055 11.535206793578931 11.655523489843754 12.110092071022803 12.110092071022816 12.275710627659912 12.408571293289015 12.446788082836564 12.470607603770386 12.486612175188569 12.48661217518857 12.488438419848935 12.508862080760387 12.581349954854552 12.648438135458829 12.64843813545883 12.653311931459037 12.653311931459044 12.734097263057532 12.747750283125972 12.772001872658763 12.815026171111601 12.835497943767658 12.883705438062945 12.891852065518098 12.965091864043982 12.999999999999988 12.999999999999998 12.999999999999998 13.000000000000002 13.000000000000002 13.000000000000005 13.000000000000009 13.000000000000014 13.066260954343376 13.10854319381016 13.196199520814707 13.21847999579732 13.301917792327483 13.315727339128703 13.32275945333399 13.380658837666289 13.405343370461678 13.431336905100581 13.526115145545324 13.531128874149282 13.543079472209195 13.682836584213984 13.682836584213986 13.712687180493898 13.7126871804939 13.772001872658748 13.772001872658766 13.77200187265877 13.772001872658771 13.999999999999998 14.000000000000005 
-2 -5 5.5507339930938253e-17 7.688298202688618e-15 1.3327161790051347e-14 0.7150654747414951 1.2834443650930423 1.2852196205159059 1.3999498570011095 2.015851890092399 2.40426170640778 2.5373536459697603 3.091865375772007 3.1681825937972175 3.483792959682866 3.4890894428797385 3.5655542388196246 3.627959027149593 3.960617258718655 4.126116252373511 4.176494799543362 4.227998127341235 4.272127356645221 4.346688068540963 4.34668806854098 4.370451793100936 4.648737775111113 4.6687252803271875 4.668725280327191 4.800700644317523 4.800700644317527 4.80779281597011 4.839618128020871 4.99999999999999 4.999999999999999 5.000000000000005 5.084678021967547 5.093746901315228 5.160091801610403 5.178457533072754 5.227998127341225 5.227998127341231 5.227998127341237 5.227998127341249 5.289827685588066 5.291790683248827 5.340647505858002 5.370186728308088 5.370186728308122 5.376160364625563 5.3765293563120675 5.458948738224323 5.466240541714684 5.468871125850719 5.604380388287816 5.615032074011246 5.645542085253277 5.73758861984782 5.757535252114139 5.787603640603136 5.8041605484628365 5.858221745795665 5.872410060897122 5.893237109351386 5.911123089262485 5.972219405102015 6.124418481673343 6.178925814785361 6.267514639721024 6.282817242430654 6.3572765480543305 6.382636538779249 6.448934622247013 6.519721200669059 6.519721200669067 6.535882305128022 6.691673955836 6.697224362267975 6.857649736456323 6.935141308361276 7.039059816727394 7.227802153035656 7.329706340050407 7.399308416847957 7.53072529322088 7.5518967754182675 7.589956546871737 7.681165093875684 7.748026711143465 7.86799511276514 8.056570651803035 8.138631705534296 8.346705501043633 8.799290963420914 9.005282999012612 9.050778308997968 9.139202171436136 9.298412703176 9.448739485145913 9.514619982980006 9.556213651729834 9.682387550536365 9.707804782256328 9.780368005689388 10.30277563773199 10.327313572309945 10.342182142705349 10.472065830960714 10.503520772636719 10.613697295067661 10.633061354112062 10.635426585971278 10.71008196551675 10.807789207755947 10.818008100905415 10.82320362847425 10.923539071263816 10.9843606512313 11.010158629149386 11.443877859344031 11.491970530802055 11.535206793578931 11.655523489843754 12.110092071022803 12.110092071022816 12.275710627659912 12.408571293289015 12.446788082836564 12.470607603770386 12.486612175188569 12.48661217518857 12.488438419848935 12.508862080760387 12.581349954854552 12.648438135458829 12.64843813545883 12.653311931459037 12.653311931459044 12.734097263057532 12.747750283125972 12.772001872658763 12.815026171111601 12.835497943767658 12.883705438062945 12.891852065518098 12.965091864043982 12.999999999999988 12.999999999999998 12.999999999999998 13.000000000000002 13.000000000000002 13.000000000000005 13.000000000000009 13.000000000000014 13.066260954343376 13.10854319381016 13.196199520814707 13.21847999579732 13.301917792327483 13.315727339128703 13.32275945333399 13.380658837666289 13.405343370461678 13.431336905100581 13.526115145545324 13.531128874149282 13.543079472209195 13.682836584213984 13.682836584213986 13.712687180493898 13.7126871804939 13.772001872658748 13.772001872658766 13.77200187265877 13.772001872658771 13.999999999999998 14.000000000000005 
-2 -6 -1.1583520226474641e-15 -3.6241053778155467e-16 4.545701261411671e-15 1.5116498308400472 1.5217148082707574 2.1623321982225683 2.610151292437936 2.651154929774073 2.9193017458922794 3.0 3.094758062189912 3.1932388716457454 3.501913377541938 3.763932022500213 3.9208811354705237 3.964851731295565 4.0 4.0 4.033799559259712 4.096856296615287 4.221677917184734 4.267073773977959 4.4912971600736284 4.548147249045907 4.758332432923962 4.999999999999994 4.999999999999999 5.000000000000003 5.091866497910276 5.181234799791651 5.269039046313917 5.4277080658866605 5.450864609282899 5.649923622800091 5.784003267101903 6.121531878802915 6.134754312067898 6.2973391157488585 8.23606797749979 9.579949433663002 9.660415238248767 9.743850645388184 9.914805654064287 9.957586985726584 10.0306159640133 10.345663594103542 10.43451553573607 10.532497398092248 10.581973088201602 10.645399947587595 10.649352812207322 10.769708609994387 10.77467091116328 10.847884580087815 10.895361780933598 10.976338085925054 11.166398409290215 11.310167041093928 11.635073686422357 11.67037300968726 
-1 -6 2.9999999999999996 3.7639320225002106 3.9999999999999982 4.0 4.999999999999998 5.0000000000000036 8.23606797749979 
-2 -7 -1.1583520226474641e-15 -3.6241053778155467e-16 4.545701261411671e-15 1.5116498308400472 1.5217148082707574 2.1623321982225683 2.610151292437936 2.651154929774073 2.9193017458922794 3.0 3.094758062189912 3.1932388716457454 3.501913377541938 3.763932022500213 3.9208811354705237 3.964851731295565 4.0 4.0 4.033799559259712 4.096856296615287 4.221677917184734 4.267073773977959 4.4912971600736284 4.548147249045907 4.758332432923962 4.999999999999994 4.999999999999999 5.000000000000003 5.091866497910276 5.181234799791651 5.269039046313917 5.4277080658866605 5.450864609282899 5.649923622800091 5.784003267101903 6.121531878802915 6.134754312067898 6.2973391157488585 8.23606797749979 9.579949433663002 9.660415238248767 9.743850645388184 9.914805654064287 9.957586985726584 10.0306159640133 10.345663594103542 10.43451553573607 10.532497398092248 10.581973088201602 10.645399947587595 10.649352812207322 10.769708609994387 10.77467091116328 10.847884580087815 10.895361780933598 10.976338085925054 11.166398409290215 11.310167041093928 11.635073686422357 11.67037300968726 
-1 -7 2.9999999999999996 3.7639320225002106 3.9999999999999982 4.0 4.999999999999998 5.0000000000000036 8.23606797749979 
-3 0 8.0 8.0 8.0 8.0 8.0 8.0 8.0 8.0 8.0 8.0 8.0 8.0 8.0 8.0 8.0 8.0 8.0 8.0 8.0 8.0 8.0 8.0 8.0 8.0 8.0 8.0 8.0 11.0 
-3 -1 8.0 8.0 8.0 8.0 8.0 8.0 8.0 8.0 8.0 8.0 8.0 8.0 8.0 8.0 8.0 8.0 8.0 8.0 8.0 8.0 8.0 8.0 8.0 8.0 8.0 8.0 8.0 11.0 
-3 -2 3.6336628643750175 3.643352334508311 4.495562750355633 4.506446083513773 4.628998786472807 4.637538500373798 4.704464289015831 5.33997086843903 5.390654381862175 5.475127734140716 5.5178550560115465 5.586285799704603 5.599788888753839 5.631493464570986 5.63465374519375 5.709062469213226 5.788416689060028 5.867345910819021 5.963567923757778 5.992620597777645 6.0300981842051655 6.076383196496382 6.208880674294229 6.284747050641497 6.296731483441627 6.411961075150889 6.424712627450972 6.469915870647463 6.496174045942483 6.68105316370801 6.687913197888099 6.853071088638135 6.893739163443703 6.988858156052345 7.000000000000006 7.053587953191329 7.153382614900297 7.168841182960891 7.203197780165168 7.381966011250099 7.401414543318518 7.510955428137075 7.715034684560774 7.71671555829835 7.733418881428051 7.830138300648179 7.830165424079698 8.0 8.043801951275825 8.122522641088828 8.208288189596313 8.226520172539987 8.255842159462793 8.267976064223884 8.273804055622707 8.278192641728783 8.352158170727474 8.421007004565663 8.453106967990257 8.456884482856227 8.489801633147541 8.522602927517077 8.530285312541968 8.563931836054161 8.585112826602757 8.599504381107655 8.66056059718244 8.72979612522902 8.76364087487898 8.925661065591163 9.011770247183934 9.158483502743712 9.174823506296452 9.217692383249357 9.222946504469235 9.39382096227213 9.401671926721583 9.486357093989016 9.600920841646072 9.618033988749882 9.664987511313425 9.7045104394077 9.849816539056931 10.99999999999999 11.146550111179542 11.156283789589397 11.333425568038182 11.477837517156887 11.648440581487186 11.717353757869054 11.74950346007385 11.765831442851525 11.879871256468777 11.917655839255918 12.044967347956641 12.169779196635893 12.176993205666362 12.267172043738906 12.302348330078472 12.358632803632814 12.379385876557933 12.422116033640647 12.614838924303994 12.66299391390026 12.734776206260715 12.781889067061124 12.851173904767847 12.858723086331944 12.89527440216635 13.000000000000009 13.094392288406517 13.105026037433284 
-3 -3 3.6336628643750175 3.643352334508311 4.495562750355633 4.506446083513773 4.628998786472807 4.637538500373798 4.704464289015831 5.33997086843903 5.390654381862175 5.475127734140716 5.5178550560115465 5.586285799704603 5.599788888753839 5.631493464570986 5.63465374519375 5.709062469213226 5.788416689060028 5.867345910819021 5.963567923757778 5.992620597777645 6.0300981842051655 6.076383196496382 6.208880674294229 6.284747050641497 6.296731483441627 6.411961075150889 6.424712627450972 6.469915870647463 6.496174045942483 6.68105316370801 6.687913197888099 6.853071088638135 6.893739163443703 6.988858156052345 7.000000000000006 7.053587953191329 7.153382614900297 7.168841182960891 7.203197780165168 7.381966011250099 7.401414543318518 7.510955428137075 7.715034684560774 7.71671555829835 7.733418881428051 7.830138300648179 7.830165424079698 8.0 8.043801951275825 8.122522641088828 8.208288189596313 8.226520172539987 8.255842159462793 8.267976064223884 8.273804055622707 8.278192641728783 8.352158170727474 8.421007004565663 8.453106967990257 8.456884482856227 8.489801633147541 8.522602927517077 8.530285312541968 8.563931836054161 8.585112826602757 8.599504381107655 8.66056059718244 8.72979612522902 8.76364087487898 8.925661065591163 9.011770247183934 9.158483502743712 9.174823506296452 9.217692383249357 9.222946504469235 9.39382096227213 9.401671926721583 9.486357093989016 9.600920841646072 9.618033988749882 9.664987511313425 9.7045104394077 9.849816539056931 10.99999999999999 11.146550111179542 11.156283789589397 11.333425568038182 11.477837517156887 11.648440581487186 11.717353757869054 11.74950346007385 11.765831442851525 11.879871256468777 11.917655839255918 12.044967347956641 12.169779196635893 12.176993205666362 12.267172043738906 12.302348330078472 12.358632803632814 12.379385876557933 12.422116033640647 12.614838924303994 12.66299391390026 12.734776206260715 12.781889067061124 12.851173904767847 12.858723086331944 12.89527440216635 13.000000000000009 13.094392288406517 13.105026037433284 
-3 -4 1.2834443650930625 1.2852196205159159 2.3654245124211166 2.404261706407781 2.5373536459697204 3.0918653757720316 3.168182593797198 3.2634996417704456 3.354922841596777 3.48908944287973 3.565554238819627 3.6279590271495787 3.723064853171035 3.9255462618909496 3.960617258718665 4.109485453338217 4.126116252373525 4.176494799543348 4.27212735664523 4.370451793100935 4.50190494457136 4.603449555004592 4.648737775111106 4.807792815970106 4.952153370488912 5.037974044336943 5.084678021967546 5.093746901315228 5.119079444801061 5.178457533072751 5.289827685588059 5.340647505857999 5.36911304041486 5.376160364625564 5.3765293563120595 5.38338089499177 5.458948738224321 5.560056595291399 5.574436470748636 5.604380388287824 5.615032074011251 5.645542085253282 5.737588619847814 5.755564701278736 5.757535252114138 5.78760364060313 5.8582217457956665 5.872410060897123 5.873065649871485 5.893237109351382 5.9418613779949405 5.972219405102016 5.9884065041653205 6.124418481673347 6.178925814785363 6.198319654939435 6.223146050131795 6.274211103180993 6.282817242430653 6.35727654805433 6.3603799398383805 6.382636538779246 6.4489346222470205 6.473770137936887 6.511824700305832 6.535882305128024 6.691673955835997 6.69722436226801 6.786622858737781 6.840868315913237 6.853313126553261 6.857649736456321 6.943880395841089 6.967375347442142 7.000000000000003 7.0390598167274 7.227802153035651 7.2632490462037955 7.3297063400504 7.399308416847952 7.530725293220868 7.551896775418266 7.569543366608823 7.604887247591778 7.681165093875693 7.748026711143461 7.772853258432509 7.83291291566428 7.867995112765133 8.05657065180303 8.107966229821962 8.13863170553429 8.387244517881465 8.535765571552782 8.567501455667998 8.739659871526904 8.79929096342091 8.868219915572789 9.005282999012609 9.050778308997968 9.07357443707906 9.135151481708892 9.156960622111107 9.188967440121521 9.298412703175995 9.379443880383855 9.394221364982856 9.44873948514592 9.51461998298 9.556213651729827 9.619068762636592 9.682387550536369 9.69751468575625 9.707804782256332 9.78036800568938 9.84344495171481 9.98890543960839 10.038597763814467 10.152239041502666 10.182311542987366 10.302775637732001 10.327313572309944 10.342182142705349 10.471029115159247 10.47206583096071 10.503520772636714 10.613697295067672 10.633061354112057 10.635426585971285 10.710081965516753 10.807789207755958 10.818008100905425 10.82320362847426 10.823962577737454 10.843932588719325 10.92353907126381 10.984360651231306 11.010158629149386 11.491970530802062 11.535206793578933 12.16993902131758 12.275710627659917 12.310529576537125 12.39152446992899 12.44678808283657 12.470607603770388 12.488438419848926 12.581349954854547 12.655359702536867 12.669192679655485 12.734097263057519 12.747750283125976 12.815026171111617 12.835497943767667 12.84377980094463 12.884443867560972 12.891852065518098 12.965091864043977 13.066260954343361 13.108543193810169 13.196199520814709 13.218479995797303 13.315727339128685 13.322759453333976 13.38065883766628 13.405343370461681 13.526115145545317 13.543079472209197 
-3 -5 1.2834443650930625 1.2852196205159159 2.3654245124211166 2.404261706407781 2.5373536459697204 3.0918653757720316 3.168182593797198 3.2634996417704456 3.354922841596777 3.48908944287973 3.565554238819627 3.6279590271495787 3.723064853171035 3.9255462618909496 3.960617258718665 4.109485453338217 4.126116252373525 4.176494799543348 4.27212735664523 4.370451793100935 4.50190494457136 4.603449555004592 4.648737775111106 4.807792815970106 4.952153370488912 5.037974044336943 5.084678021967546 5.093746901315228 5.119079444801061 5.178457533072751 5.289827685588059 5.340647505857999 5.36911304041486 5.376160364625564 5.3765293563120595 5.38338089499177 5.458948738224321 5.560056595291399 5.574436470748636 5.604380388287824 5.615032074011251 5.645542085253282 5.737588619847814 5.755564701278736 5.757535252114138 5.78760364060313 5.8582217457956665 5.872410060897123 5.873065649871485 5.893237109351382 5.9418613779949405 5.972219405102016 5.9884065041653205 6.124418481673347 6.178925814785363 6.198319654939435 6.223146050131795 6.274211103180993 6.282817242430653 6.35727654805433 6.3603799398383805 6.382636538779246 6.4489346222470205 6.473770137936887 6.511824700305832 6.535882305128024 6.691673955835997 6.69722436226801 6.786622858737781 6.840868315913237 6.853313126553261 6.857649736456321 6.943880395841089 6.967375347442142 7.000000000000003 7.0390598167274 7.227802153035651 7.2632490462037955 7.3297063400504 7.399308416847952 7.530725293220868 7.551896775418266 7.569543366608823 7.604887247591778 7.681165093875693 7.748026711143461 7.772853258432509 7.83291291566428 7.867995112765133 8.05657065180303 8.107966229821962 8.13863170553429 8.387244517881465 8.535765571552782 8.567501455667998 8.739659871526904 8.79929096342091 8.868219915572789 9.005282999012609 9.050778308997968 9.07357443707906 9.135151481708892 9.156960622111107 9.188967440121521 9.298412703175995 9.379443880383855 9.394221364982856 9.44873948514592 9.51461998298 9.556213651729827 9.619068762636592 9.682387550536369 9.69751468575625 9.707804782256332 9.78036800568938 9.84344495171481 9.98890543960839 10.038597763814467 10.152239041502666 10.182311542987366 10.302775637732001 10.327313572309944 10.342182142705349 10.471029115159247 10.47206583096071 10.503520772636714 10.613697295067672 10.633061354112057 10.635426585971285 10.710081965516753 10.807789207755958 10.818008100905425 10.82320362847426 10.823962577737454 10.843932588719325 10.92353907126381 10.984360651231306 11.010158629149386 11.491970530802062 11.535206793578933 12.16993902131758 12.275710627659917 12.310529576537125 12.39152446992899 12.44678808283657 12.470607603770388 12.488438419848926 12.581349954854547 12.655359702536867 12.669192679655485 12.734097263057519 12.747750283125976 12.815026171111617 12.835497943767667 12.84377980094463 12.884443867560972 12.891852065518098 12.965091864043977 13.066260954343361 13.108543193810169 13.196199520814709 13.218479995797303 13.315727339128685 13.322759453333976 13.38065883766628 13.405343370461681 13.526115145545317 13.543079472209197 
-3 -6 -1.0662479567670084e-14 -3.770419752456951e-15 0.9190177934896406 1.5116498308400454 1.521714808270761 1.533125380008957 2.1623321982225745 2.1652745131721636 2.3615684916495767 2.610151292437931 2.619247573381835 2.6511549297740635 2.679197086815238 2.919301745892284 3.0947580621899107 3.1932388716457494 3.210105305076248 3.480712541226126 3.501913377541942 3.529591131940274 3.6503668497035906 3.8156691027580076 3.9208811354705237 3.9648517312955622 3.9795921261479883 4.033799559259709 4.096856296615286 4.1016126975123 4.143495668558684 4.171011203367572 4.221677917184735 4.267073773977957 4.4912971600736284 4.512996075806946 4.54814724904591 4.5891984901385126 4.758332432923964 4.790867852424325 4.8785418936787455 4.971942990074472 4.97282160256732 5.000000000000001 5.09186649791028 5.140684646214132 5.181234799791654 5.181828179970679 5.269039046313916 5.427708065886655 5.429951574532308 5.450864609282899 5.601039075837685 5.649923622800093 5.732356795448125 5.778802396585243 5.784003267101906 5.87723492125417 5.9939942115769576 6.016003344458145 6.121531878802911 6.134754312067901 6.273512660012186 6.297339115748864 6.524736326282859 6.65274595666231 6.839996010440378 7.235670952223015 7.291196220837871 7.348666589745034 7.4818900306313045 7.604289813124331 7.825164960014388 7.9628200219836875 8.328452745396008 8.414847592880987 8.45446455828808 8.514800868427255 8.596783667830282 8.657554992267542 8.903010145698532 8.905330448257832 9.34358381822737 9.343602088831052 9.47463798694211 9.487851851331266 9.579949433663002 9.660415238248776 9.743850645388186 9.91480565406429 9.95758698572656 10.0306159640133 10.34566359410353 10.434515535736073 10.532497398092252 10.581973088201604 10.645399947587595 10.649352812207322 10.76970860999439 10.77467091116328 10.847884580087825 10.895361780933577 10.976338085925047 11.166398409290228 11.275899315059041 11.310167041093946 11.323127020352054 11.398905765830644 11.430249516671646 11.473943708617755 11.635073686422357 11.670373009687271 11.876845052569884 11.927567799187376 
-3 -7 -1.0662479567670084e-14 -3.770419752456951e-15 0.9190177934896406 1.5116498308400454 1.521714808270761 1.533125380008957 2.1623321982225745 2.1652745131721636 2.3615684916495767 2.610151292437931 2.619247573381835 2.6511549297740635 2.679197086815238 2.919301745892284 3.0947580621899107 3.1932388716457494 3.210105305076248 3.480712541226126 3.501913377541942 3.529591131940274 3.6503668497035906 3.8156691027580076 3.9208811354705237 3.9648517312955622 3.9795921261479883 4.033799559259709 4.096856296615286 4.1016126975123 4.143495668558684 4.171011203367572 4.221677917184735 4.267073773977957 4.4912971600736284 4.512996075806946 4.54814724904591 4.5891984901385126 4.758332432923964 4.790867852424325 4.8785418936787455 4.971942990074472 4.97282160256732 5.000000000000001 5.09186649791028 5.140684646214132 5.181234799791654 5.181828179970679 5.269039046313916 5.427708065886655 5.429951574532308 5.450864609282899 5.601039075837685 5.649923622800093 5.732356795448125 5.778802396585243 5.784003267101906 5.87723492125417 5.9939942115769576 6.016003344458145 6.121531878802911 6.134754312067901 6.273512660012186 6.297339115748864 6.524736326282859 6.65274595666231 6.839996010440378 7.235670952223015 7.291196220837871 7.348666589745034 7.4818900306313045 7.604289813124331 7.825164960014388 7.9628200219836875 8.328452745396008 8.414847592880987 8.45446455828808 8.514800868427255 8.596783667830282 8.657554992267542 8.903010145698532 8.905330448257832 9.34358381822737 9.343602088831052 9.47463798694211 9.487851851331266 9.579949433663002 9.660415238248776 9.743850645388186 9.91480565406429 9.95758698572656 10.0306159640133 10.34566359410353 10.434515535736073 10.532497398092252 10.581973088201604 10.645399947587595 10.649352812207322 10.76970860999439 10.77467091116328 10.847884580087825 10.895361780933577 10.976338085925047 11.166398409290228 11.275899315059041 11.310167041093946 11.323127020352054 11.398905765830644 11.430249516671646 11.473943708617755 11.635073686422357 11.670373009687271 11.876845052569884 11.927567799187376 
-3 -8 -1.3853961400859988e-15 1.0235388547688711e-15 2.1461789339323658e-15 0.7885386104032184 0.7940750966859936 1.6865462635764918 1.9239248338077346 2.49972676349928 2.788995421906117 2.9051654774128663 2.9999999999999973 3.0562276926149017 3.18930839932786 3.4760468011946934 3.6205050424437433 3.8654218891916323 4.179894041910787 4.557900297084985 4.947310007202175 5.124316272422327 5.635262821225173 7.290276875311143 7.667673359531771 8.066670735005813 8.08695914106811 8.365008305949244 8.498121409907084 8.986124441316836 
-2 -8 3.0 
-3 -9 -1.3853961400859988e-15 1.0235388547688711e-15 2.1461789339323658e-15 0.7885386104032184 0.7940750966859936 1.6865462635764918 1.9239248338077346 2.49972676349928 2.788995421906117 2.9051654774128663 2.9999999999999973 3.0562276926149017 3.18930839932786 3.4760468011946934 3.6205050424437433 3.8654218891916323 4.179894041910787 4.557900297084985 4.947310007202175 5.124316272422327 5.635262821225173 7.290276875311143 7.667673359531771 8.066670735005813 8.08695914106811 8.365008305949244 8.498121409907084 8.986124441316836 
-2 -9 3.0 
-4 0 8.0 8.0 8.0 8.0 8.0 8.0 8.0 8.0 
-4 -1 8.0 8.0 8.0 8.0 8.0 8.0 8.0 8.0 
-4 -2 4.506446083513785 5.339970868439025 5.475127734140719 5.586285799704609 5.599788888753836 5.779992201905818 6.076383196496382 6.2847470506415055 6.381966011250105 6.424712627450976 6.469915870647456 6.893739163443701 7.0000000000000036 7.153382614900298 7.510955428137074 7.715034684560779 7.71671555829835 7.768639173404526 8.0 8.226520172539995 8.278192641728777 8.45688448285623 8.52260292751708 8.530285312541967 8.585112826602751 8.618033988749893 8.660560597182435 8.710286643307725 8.925661065591159 9.158483502743719 9.22294650446923 9.401671926721589 10.741081981381937 11.146550111179549 11.156283789589404 11.333425568038193 11.477837517156889 11.648440581487192 11.749503460073857 11.765831442851528 
-4 -3 4.506446083513785 5.339970868439025 5.475127734140719 5.586285799704609 5.599788888753836 5.779992201905818 6.076383196496382 6.2847470506415055 6.381966011250105 6.424712627450976 6.469915870647456 6.893739163443701 7.0000000000000036 7.153382614900298 7.510955428137074 7.715034684560779 7.71671555829835 7.768639173404526 8.0 8.226520172539995 8.278192641728777 8.45688448285623 8.52260292751708 8.530285312541967 8.585112826602751 8.618033988749893 8.660560597182435 8.710286643307725 8.925661065591159 9.158483502743719 9.22294650446923 9.401671926721589 10.741081981381937 11.146550111179549 11.156283789589404 11.333425568038193 11.477837517156889 11.648440581487192 11.749503460073857 11.765831442851528 
-4 -4 2.3654245124211166 3.2634996417704363 3.3549228415967725 3.7230648531710564 3.9255462618909576 4.0121095138226925 4.109485453338218 4.399627138427625 4.501904944571359 4.603449555004584 4.952153370488913 5.037974044336945 5.119079444801053 5.369113040414863 5.383380894991775 5.444331409305439 5.560056595291398 5.57443647074864 5.755564701278735 5.873065649871486 5.920371199558071 5.941861377994938 5.9884065041653205 6.0392717865287 6.198319654939434 6.223146050131793 6.27421110318099 6.3603799398383805 6.473770137936883 6.511824700305834 6.581299146748467 6.786622858737773 6.826712467950623 6.840868315913232 6.853313126553264 6.943880395841088 6.96737534744215 6.9999999999999964 7.146003663874201 7.263249046203799 7.569543366608822 7.604887247591782 7.772853258432511 7.83291291566428 8.0 8.107966229821965 8.387244517881468 8.412291767768771 8.53576557155279 8.567501455668003 8.739659871526907 8.868219915572793 8.873072403523821 8.923528386213745 9.073574437079056 9.135151481708899 9.15696062211112 9.188967440121518 9.304340081633779 9.379443880383858 9.394221364982867 9.619068762636592 9.697514685756252 9.843444951714812 9.988905439608391 10.029170465177875 10.038597763814469 10.152239041502652 10.18231154298735 10.471029115159258 10.823962577737458 10.843932588719323 12.087870569466174 12.169939021317585 12.310529576537133 12.391524469929006 12.655359702536876 12.669192679655486 12.843779800944612 12.884443867560975 
-4 -5 2.3654245124211166 3.2634996417704363 3.3549228415967725 3.7230648531710564 3.9255462618909576 4.0121095138226925 4.109485453338218 4.399627138427625 4.501904944571359 4.603449555004584 4.952153370488913 5.037974044336945 5.119079444801053 5.369113040414863 5.383380894991775 5.444331409305439 5.560056595291398 5.57443647074864 5.755564701278735 5.873065649871486 5.920371199558071 5.941861377994938 5.9884065041653205 6.0392717865287 6.198319654939434 6.223146050131793 6.27421110318099 6.3603799398383805 6.473770137936883 6.511824700305834 6.581299146748467 6.786622858737773 6.826712467950623 6.840868315913232 6.853313126553264 6.943880395841088 6.96737534744215 6.9999999999999964 7.146003663874201 7.263249046203799 7.569543366608822 7.604887247591782 7.772853258432511 7.83291291566428 8.0 8.107966229821965 8.387244517881468 8.412291767768771 8.53576557155279 8.567501455668003 8.739659871526907 8.868219915572793 8.873072403523821 8.923528386213745 9.073574437079056 9.135151481708899 9.15696062211112 9.188967440121518 9.304340081633779 9.379443880383858 9.394221364982867 9.619068762636592 9.697514685756252 9.843444951714812 9.988905439608391 10.029170465177875 10.038597763814469 10.152239041502652 10.18231154298735 10.471029115159258 10.823962577737458 10.843932588719323 12.087870569466174 12.169939021317585 12.310529576537133 12.391524469929006 12.655359702536876 12.669192679655486 12.843779800944612 12.884443867560975 
-4 -6 0.919017793489635 1.5331253800089688 2.165274513172163 2.3615684916495714 2.4015994370901876 2.6192475733818417 2.6791970868152197 3.121962327326305 3.210105305076258 3.4807125412261293 3.5295911319402746 3.6503668497035875 3.8156691027580094 3.8808516011885796 3.979592126147991 4.098618424577313 4.101612697512302 4.14349566855868 4.171011203367564 4.3896796287653395 4.512996075806942 4.589198490138513 4.790867852424325 4.878541893678746 4.9719429900744725 4.972821602567321 4.9872972535329865 4.999999999999999 5.140684646214126 5.18182817997068 5.429951574532305 5.471681562812086 5.601039075837682 5.732356795448127 5.777345630174035 5.778802396585242 5.8772349212541695 5.9674596163075115 5.9939942115769576 6.016003344458144 6.268102675180801 6.273512660012197 6.52473632628285 6.652745956662308 6.839996010440369 7.004741445156028 7.235670952223016 7.291196220837874 7.348666589745036 7.374746814523759 7.481890030631306 7.604289813124332 7.712841471009958 7.810264871048192 7.825164960014383 7.962820021983691 8.102389980404904 8.328452745396007 8.334556397680611 8.414847592880978 8.454464558288079 8.514800868427248 8.596783667830264 8.657554992267531 8.903010145698536 8.905330448257835 9.224403558688623 9.28691409637024 9.343583818227367 9.343602088831055 9.474637986942126 9.487851851331277 11.275899315059045 11.323127020352048 11.39890576583066 11.430249516671646 11.473943708617753 11.784543208162534 11.876845052569879 11.927567799187376 
-4 -7 0.919017793489635 1.5331253800089688 2.165274513172163 2.3615684916495714 2.4015994370901876 2.6192475733818417 2.6791970868152197 3.121962327326305 3.210105305076258 3.4807125412261293 3.5295911319402746 3.6503668497035875 3.8156691027580094 3.8808516011885796 3.979592126147991 4.098618424577313 4.101612697512302 4.14349566855868 4.171011203367564 4.3896796287653395 4.512996075806942 4.589198490138513 4.790867852424325 4.878541893678746 4.9719429900744725 4.972821602567321 4.9872972535329865 4.999999999999999 5.140684646214126 5.18182817997068 5.429951574532305 5.471681562812086 5.601039075837682 5.732356795448127 5.777345630174035 5.778802396585242 5.8772349212541695 5.9674596163075115 5.9939942115769576 6.016003344458144 6.268102675180801 6.273512660012197 6.52473632628285 6.652745956662308 6.839996010440369 7.004741445156028 7.235670952223016 7.291196220837874 7.348666589745036 7.374746814523759 7.481890030631306 7.604289813124332 7.712841471009958 7.810264871048192 7.825164960014383 7.962820021983691 8.102389980404904 8.328452745396007 8.334556397680611 8.414847592880978 8.454464558288079 8.514800868427248 8.596783667830264 8.657554992267531 8.903010145698536 8.905330448257835 9.224403558688623 9.28691409637024 9.343583818227367 9.343602088831055 9.474637986942126 9.487851851331277 11.275899315059045 11.323127020352048 11.39890576583066 11.430249516671646 11.473943708617753 11.784543208162534 11.876845052569879 11.927567799187376 
-4 -8 -1.0103029524088925e-14 0.7885386104032228 0.7940750966859943 1.2232442709073508 1.6865462635764923 1.9049636815158688 1.9239248338077344 2.4997267634992806 2.615861093442867 2.788995421906114 2.905165477412866 3.0562276926149026 3.189308399327861 3.195405303700784 3.272104565270585 3.4760468011946957 3.6205050424437424 3.8654218891916314 3.9999999999999987 4.179894041910787 4.308281867922193 4.398127373680749 4.557900297084987 4.947310007202177 5.000000000000003 5.124316272422325 5.635262821225176 5.7982128708539316 6.291927945851345 6.451567142693068 6.801232210353955 7.1397820041680875 7.290276875311146 7.667673359531767 8.066670735005824 8.086959141068123 8.365008305949248 8.498121409907093 8.986124441316823 9.599289669639223 
-4 -9 -1.0103029524088925e-14 0.7885386104032228 0.7940750966859943 1.2232442709073508 1.6865462635764923 1.9049636815158688 1.9239248338077344 2.4997267634992806 2.615861093442867 2.788995421906114 2.905165477412866 3.0562276926149026 3.189308399327861 3.195405303700784 3.272104565270585 3.4760468011946957 3.6205050424437424 3.8654218891916314 3.9999999999999987 4.179894041910787 4.308281867922193 4.398127373680749 4.557900297084987 4.947310007202177 5.000000000000003 5.124316272422325 5.635262821225176 5.7982128708539316 6.291927945851345 6.451567142693068 6.801232210353955 7.1397820041680875 7.290276875311146 7.667673359531767 8.066670735005824 8.086959141068123 8.365008305949248 8.498121409907093 8.986124441316823 9.599289669639223 
-5 0 8.0 
-5 -1 8.0 
-5 -2 5.779992201905813 6.3819660112501015 7.768639173404527 8.618033988749897 8.710286643307725 10.741081981381935 
-5 -3 5.779992201905813 6.3819660112501015 7.768639173404527 8.618033988749897 8.710286643307725 10.741081981381935 
-5 -4 4.012109513822692 4.399627138427629 5.444331409305435 5.92037119955808 6.039271786528701 6.581299146748467 6.826712467950626 7.146003663874204 8.000000000000002 8.412291767768776 8.873072403523825 8.923528386213746 9.30434008163378 10.029170465177872 12.087870569466169 
-5 -5 4.012109513822692 4.399627138427629 5.444331409305435 5.92037119955808 6.039271786528701 6.581299146748467 6.826712467950626 7.146003663874204 8.000000000000002 8.412291767768776 8.873072403523825 8.923528386213746 9.30434008163378 10.029170465177872 12.087870569466169 
-5 -6 2.4015994370901916 3.12196232732631 3.8808516011885734 4.098618424577311 4.389679628765339 4.9872972535329865 5.000000000000002 5.471681562812084 5.777345630174036 5.967459616307514 6.268102675180808 7.004741445156027 7.374746814523756 7.712841471009963 7.810264871048186 8.102389980404912 8.334556397680604 9.224403558688621 9.286914096370234 11.784543208162532 
-5 -7 2.4015994370901916 3.12196232732631 3.8808516011885734 4.098618424577311 4.389679628765339 4.9872972535329865 5.000000000000002 5.471681562812084 5.777345630174036 5.967459616307514 6.268102675180808 7.004741445156027 7.374746814523756 7.712841471009963 7.810264871048186 8.102389980404912 8.334556397680604 9.224403558688621 9.286914096370234 11.784543208162532 
-5 -8 1.2232442709073437 1.90496368151587 2.615861093442864 3.195405303700784 3.2721045652705865 4.0 4.308281867922187 4.398127373680748 5.0 5.7982128708539316 6.291927945851342 6.451567142693065 6.801232210353958 7.139782004168088 9.59928966963922 
-5 -9 1.2232442709073437 1.90496368151587 2.615861093442864 3.195405303700784 3.2721045652705865 4.0 4.308281867922187 4.398127373680748 5.0 5.7982128708539316 6.291927945851342 6.451567142693065 6.801232210353958 7.139782004168088 9.59928966963922 
-5 -10 0.4112624469219698 0.9999999999999994 2.4537053164421456 2.9999999999999987 3.5462946835578535 5.588737553078028 
-4 -10 -1.6924390062090246e-16 3.236342899828146e-16 0.4112624469219707 1.0 2.453705316442146 2.9999999999999987 3.546294683557852 5.58873755307803 
-5 -11 0.4112624469219698 0.9999999999999994 2.4537053164421456 2.9999999999999987 3.5462946835578535 5.588737553078028 
-4 -11 -1.6924390062090246e-16 3.236342899828146e-16 0.4112624469219707 1.0 2.453705316442146 2.9999999999999987 3.546294683557852 5.58873755307803 
