-1 -3 3.0 3.0 6.0 
0 -3 0.0 6.0 
-1 -4 3.0 3.0 6.0 
0 -4 0.0 6.0 
-1 -5 2.9999999999999982 6.0 6.0 
0 -5 3.0 
-1 -6 2.9999999999999982 6.0 6.0 
0 -6 3.0 
-2 -3 3.0 3.0 3.0 
-2 -4 3.0 3.0 3.0 
-2 -5 -7.806255641895632e-18 1.9999999999999991 2.0 5.0 5.999999999999999 5.999999999999999 
-2 -6 -7.806255641895632e-18 1.9999999999999991 2.0 5.0 5.999999999999999 5.999999999999999 
-3 -3 3.0 
-3 -4 3.0 
-3 -5 1.9999999999999998 2.0 4.999999999999998 
-3 -6 1.9999999999999998 2.0 4.999999999999998 
-3 -7 0.999999999999999 1.0 3.999999999999999 
-2 -7 0.999999999999999 1.0 3.999999999999999 
-3 -8 0.999999999999999 1.0 3.999999999999999 
-2 -8 0.999999999999999 1.0 3.999999999999999 
