2 2 86 10
3 2 16 4
2 1 86 10
3 1 16 4
2 0 252 30
3 0 30 6
2 -1 252 30
3 -1 30 6
2 -2 186 30
3 -2 16 4
2 -3 186 30
3 -3 16 4
2 -4 20 10
3 -4 1 1
2 -5 20 10
3 -5 1 1
1 2 5 5
1 1 5 5
1 0 800 60
1 -1 800 60
1 -2 1286 110
1 -3 1286 110
1 -4 422 60
1 -5 422 60
0 2 1 1
0 1 1 1
0 0 333 59
0 -1 333 59
0 -2 3349 237
0 -3 3349 237
0 -4 3501 237
0 -5 3501 237
0 -6 485 59
1 -6 11 5
0 -7 485 59
1 -7 11 5
-1 0 78 36
-1 -1 78 36
-1 -2 2694 318
-1 -3 2694 318
-1 -4 8468 564
-1 -5 8468 564
-1 -6 5740 318
-1 -7 5740 318
-1 -8 236 36
0 -8 1 1
-1 -9 236 36
0 -9 1 1
-2 0 13 13
-2 -1 13 13
-2 -2 1308 304
-2 -3 1308 304
-2 -4 9295 847
-2 -5 9295 847
-2 -6 13449 847
-2 -7 13449 847
-2 -8 5498 304
-2 -9 5498 304
-3 0 2 2
-3 -1 2 2
-3 -2 460 220
-3 -3 460 220
-3 -4 6726 862
-3 -5 6726 862
-3 -6 15522 1288
-3 -7 15522 1288
-3 -8 12698 862
-3 -9 12698 862
-3 -10 3446 220
-2 -10 49 13
-3 -11 3446 220
-2 -11 49 13
-4 -2 144 120
-4 -3 144 120
-4 -4 3496 600
-4 -5 3496 600
-4 -6 11044 1200
-4 -7 11044 1200
-4 -8 13596 1200
-4 -9 13596 1200
-4 -10 7324 600
-4 -11 7324 600
-4 -12 1420 120
-3 -12 2 2
-4 -13 1420 120
-3 -13 2 2
-5 -2 45 45
-5 -3 45 45
-5 -4 1272 270
-5 -5 1272 270
-5 -6 4989 675
-5 -7 4989 675
-5 -8 8136 900
-5 -9 8136 900
-5 -10 6519 675
-5 -11 6519 675
-5 -12 2496 270
-5 -13 2496 270
-6 -2 10 10
-6 -3 10 10
-6 -4 282 70
-6 -5 282 70
-6 -6 1302 210
-6 -7 1302 210
-6 -8 2630 350
-6 -9 2630 350
-6 -10 2790 350
-6 -11 2790 350
-6 -12 1590 210
-6 -13 1590 210
-6 -14 442 70
-5 -14 351 45
-6 -15 442 70
-5 -15 351 45
-7 -2 1 1
-7 -3 1 1
-7 -4 28 8
-7 -5 28 8
-7 -6 148 28
-7 -7 148 28
-7 -8 356 56
-7 -9 356 56
-7 -10 470 70
-7 -11 470 70
-7 -12 356 56
-7 -13 356 56
-7 -14 148 28
-7 -15 148 28
-7 -16 28 8
-6 -16 42 10
-7 -17 28 8
-6 -17 42 10
2 2 86 10
3 2 16 4
2 1 86 10
3 1 16 4
2 0 252 30
3 0 30 6
2 -1 252 30
3 -1 30 6
2 -2 186 30
3 -2 16 4
2 -3 186 30
3 -3 16 4
2 -4 20 10
3 -4 1 1
2 -5 20 10
3 -5 1 1
1 2 5 5
1 1 5 5
1 0 800 60
1 -1 800 60
1 -2 1286 110
1 -3 1286 110
1 -4 422 60
1 -5 422 60
0 2 1 1
0 1 1 1
0 0 333 59
0 -1 333 59
0 -2 3349 237
0 -3 3349 237
0 -4 3501 237
0 -5 3501 237
0 -6 485 59
1 -6 11 5
0 -7 485 59
1 -7 11 5
-1 0 78 36
-1 -1 78 36
-1 -2 2694 318
-1 -3 2694 318
-1 -4 8468 564
-1 -5 8468 564
-1 -6 5740 318
-1 -7 5740 318
-1 -8 236 36
0 -8 1 1
-1 -9 236 36
0 -9 1 1
-2 0 13 13
-2 -1 13 13
-2 -2 1308 304
-2 -3 1308 304
-2 -4 9295 847
-2 -5 9295 847
-2 -6 13449 847
-2 -7 13449 847
-2 -8 5498 304
-2 -9 5498 304
-3 0 2 2
-3 -1 2 2
-3 -2 460 220
-3 -3 460 220
-3 -4 6726 862
-3 -5 6726 862
-3 -6 15522 1288
-3 -7 15522 1288
-3 -8 12698 862
-3 -9 12698 862
-3 -10 3446 220
-2 -10 49 13
-3 -11 3446 220
-2 -11 49 13
-4 -2 144 120
-4 -3 144 120
-4 -4 3496 600
-4 -5 3496 600
-4 -6 11044 1200
-4 -7 11044 1200
-4 -8 13596 1200
-4 -9 13596 1200
-4 -10 7324 600
-4 -11 7324 600
-4 -12 1420 120
-3 -12 2 2
-4 -13 1420 120
-3 -13 2 2
-5 -2 45 45
-5 -3 45 45
-5 -4 1272 270
-5 -5 1272 270
-5 -6 4989 675
-5 -7 4989 675
-5 -8 8136 900
-5 -9 8136 900
-5 -10 6519 675
-5 -11 6519 675
-5 -12 2496 270
-5 -13 2496 270
-6 -2 10 10
-6 -3 10 10
-6 -4 282 70
-6 -5 282 70
-6 -6 1302 210
-6 -7 1302 210
-6 -8 2630 350
-6 -9 2630 350
-6 -10 2790 350
-6 -11 2790 350
-6 -12 1590 210
-6 -13 1590 210
-6 -14 442 70
-5 -14 351 45
-6 -15 442 70
-5 -15 351 45
-7 -2 1 1
-7 -3 1 1
-7 -4 28 8
-7 -5 28 8
-7 -6 148 28
-7 -7 148 28
-7 -8 356 56
-7 -9 356 56
-7 -10 470 70
-7 -11 470 70
-7 -12 356 56
-7 -13 356 56
-7 -14 148 28
-7 -15 148 28
-7 -16 28 8
-6 -16 42 10
-7 -17 28 8
-6 -17 42 10
