5 13 50 10
6 13 25 7
5 12 50 10
6 12 25 7
5 11 416 60
6 11 111 21
5 10 416 60
6 10 111 21
5 9 1176 150
6 9 215 35
5 8 1176 150
6 8 215 35
5 7 1544 200
6 7 215 35
5 6 1544 200
6 6 215 35
5 5 986 150
6 5 111 21
5 4 986 150
6 4 111 21
5 3 264 60
6 3 25 7
5 2 264 60
6 2 25 7
5 1 12 10
6 1 1 1
5 0 12 10
6 0 1 1
4 13 1 1
4 12 1 1
4 11 455 51
4 10 455 51
4 9 2443 241
4 8 2443 241
4 7 4705 475
4 6 4705 475
4 5 3993 475
4 4 3993 475
4 3 1375 241
4 2 1375 241
4 1 99 51
4 0 99 51
3 11 41 9
3 10 41 9
3 9 2059 165
3 8 2059 165
3 7 7435 579
3 6 7435 579
3 5 9404 846
3 4 9404 846
3 3 4543 579
3 2 4543 579
3 1 565 165
3 0 565 165
3 -1 9 9
4 -1 1 1
3 -2 9 9
4 -2 1 1
2 9 300 38
2 8 300 38
2 7 5466 362
2 6 5466 362
2 5 13010 896
2 4 13010 896
2 3 10002 896
2 2 10002 896
2 1 2224 362
2 0 2224 362
2 -1 66 38
2 -2 66 38
1 9 2 2
1 8 2 2
1 7 1043 105
1 6 1043 105
1 5 8897 559
1 4 8897 559
1 3 13466 912
1 2 13466 912
1 1 5787 559
1 0 5787 559
1 -1 493 105
1 -2 493 105
0 7 39 15
0 6 39 15
0 5 2075 203
0 4 2075 203
0 3 8827 601
0 2 8827 601
0 1 8591 601
0 0 8591 601
0 -1 1851 203
0 -2 1851 203
0 -3 51 15
1 -3 2 2
0 -4 51 15
1 -4 2 2
-1 7 1 1
-1 6 1 1
-1 5 191 45
-1 4 191 45
-1 3 2377 251
-1 2 2377 251
-1 1 5412 414
-1 0 5412 414
-1 -1 3329 251
-1 -2 3329 251
-1 -3 265 45
-1 -4 265 45
-2 5 11 5
-2 4 11 5
-2 3 325 65
-2 2 325 65
-2 1 1522 170
-2 0 1522 170
-2 -1 1902 170
-2 -2 1902 170
-2 -3 699 65
-2 -4 699 65
-2 -5 5 5
-1 -5 1 1
-2 -6 5 5
-1 -6 1 1
-3 3 20 10
-3 2 20 10
-3 1 222 40
-3 0 222 40
-3 -1 454 60
-3 -2 454 60
-3 -3 322 40
-3 -4 322 40
-3 -5 70 10
-3 -6 70 10
-4 3 1 1
-4 2 1 1
-4 1 17 5
-4 0 17 5
-4 -1 46 10
-4 -2 46 10
-4 -3 46 10
-4 -4 46 10
-4 -5 17 5
-4 -6 17 5
5 13 50 10
6 13 25 7
5 12 50 10
6 12 25 7
5 11 416 60
6 11 111 21
5 10 416 60
6 10 111 21
5 9 1176 150
6 9 215 35
5 8 1176 150
6 8 215 35
5 7 1544 200
6 7 215 35
5 6 1544 200
6 6 215 35
5 5 986 150
6 5 111 21
5 4 986 150
6 4 111 21
5 3 264 60
6 3 25 7
5 2 264 60
6 2 25 7
5 1 12 10
6 1 1 1
5 0 12 10
6 0 1 1
4 13 1 1
4 12 1 1
4 11 455 51
4 10 455 51
4 9 2443 241
4 8 2443 241
4 7 4705 475
4 6 4705 475
4 5 3993 475
4 4 3993 475
4 3 1375 241
4 2 1375 241
4 1 99 51
4 0 99 51
3 11 41 9
3 10 41 9
3 9 2059 165
3 8 2059 165
3 7 7435 579
3 6 7435 579
3 5 9404 846
3 4 9404 846
3 3 4543 579
3 2 4543 579
3 1 565 165
3 0 565 165
3 -1 9 9
4 -1 1 1
3 -2 9 9
4 -2 1 1
2 9 300 38
2 8 300 38
2 7 5466 362
2 6 5466 362
2 5 13010 896
2 4 13010 896
2 3 10002 896
2 2 10002 896
2 1 2224 362
2 0 2224 362
2 -1 66 38
2 -2 66 38
1 9 2 2
1 8 2 2
1 7 1043 105
1 6 1043 105
1 5 8897 559
1 4 8897 559
1 3 13466 912
1 2 13466 912
1 1 5787 559
1 0 5787 559
1 -1 493 105
1 -2 493 105
0 7 39 15
0 6 39 15
0 5 2075 203
0 4 2075 203
0 3 8827 601
0 2 8827 601
0 1 8591 601
0 0 8591 601
0 -1 1851 203
0 -2 1851 203
0 -3 51 15
1 -3 2 2
0 -4 51 15
1 -4 2 2
-1 7 1 1
-1 6 1 1
-1 5 191 45
-1 4 191 45
-1 3 2377 251
-1 2 2377 251
-1 1 5412 414
-1 0 5412 414
-1 -1 3329 251
-1 -2 3329 251
-1 -3 265 45
-1 -4 265 45
-2 5 11 5
-2 4 11 5
-2 3 325 65
-2 2 325 65
-2 1 1522 170
-2 0 1522 170
-2 -1 1902 170
-2 -2 1902 170
-2 -3 699 65
-2 -4 699 65
-2 -5 5 5
-1 -5 1 1
-2 -6 5 5
-1 -6 1 1
-3 3 20 10
-3 2 20 10
-3 1 222 40
-3 0 222 40
-3 -1 454 60
-3 -2 454 60
-3 -3 322 40
-3 -4 322 40
-3 -5 70 10
-3 -6 70 10
-4 3 1 1
-4 2 1 1
-4 1 17 5
-4 0 17 5
-4 -1 46 10
-4 -2 46 10
-4 -3 46 10
-4 -4 46 10
-4 -5 17 5
-4 -6 17 5
