4 8 90 10
5 8 12 4
4 7 90 10
5 7 12 4
4 6 266 30
5 6 22 6
4 5 266 30
5 5 22 6
4 4 212 30
5 4 12 4
4 3 212 30
5 3 12 4
4 2 36 10
5 2 1 1
4 1 36 10
5 1 1 1
3 8 13 13
3 7 13 13
3 6 878 84
3 5 878 84
3 4 1650 142
3 3 1650 142
3 2 800 84
3 1 800 84
2 8 11 11
2 7 11 11
2 6 881 129
2 5 881 129
2 4 4323 367
2 3 4323 367
2 2 4719 367
2 1 4719 367
2 0 1317 129
3 0 79 13
2 -1 1317 129
3 -1 79 13
1 8 5 5
1 7 5 5
1 6 568 108
1 5 568 108
1 4 5438 514
1 3 5438 514
1 2 10378 822
1 1 10378 822
1 0 6790 514
1 -1 6790 514
1 -2 884 108
2 -2 51 11
1 -3 884 108
2 -3 51 11
0 8 1 1
0 7 1 1
0 6 197 49
0 5 197 49
0 4 3616 404
0 3 3616 404
0 2 12508 1010
0 1 12508 1010
0 0 13516 1010
0 -1 13516 1010
0 -2 4704 404
0 -3 4704 404
0 -4 277 49
1 -4 15 5
0 -5 277 49
1 -5 15 5
-1 6 31 11
-1 5 31 11
-1 4 1245 181
-1 3 1245 181
-1 2 7887 709
-1 1 7887 709
-1 0 14602 1078
-1 -1 14602 1078
-1 -2 9347 709
-1 -3 9347 709
-1 -4 1621 181
-1 -5 1621 181
-1 -6 35 11
0 -6 1 1
-1 -7 35 11
0 -7 1 1
-2 6 1 1
-2 5 1 1
-2 4 201 45
-2 3 201 45
-2 2 2534 292
-2 1 2534 292
-2 0 7928 658
-2 -1 7928 658
-2 -2 8944 658
-2 -3 8944 658
-2 -4 3590 292
-2 -5 3590 292
-2 -6 241 45
-2 -7 241 45
-3 4 11 5
-3 3 11 5
-3 2 378 70
-3 1 378 70
-3 0 2101 235
-3 -1 2101 235
-3 -2 3878 340
-3 -3 3878 340
-3 -4 2915 235
-3 -5 2915 235
-3 -6 776 70
-3 -7 776 70
-3 -8 5 5
-2 -8 1 1
-3 -9 5 5
-2 -9 1 1
-4 2 20 10
-4 1 20 10
-4 0 260 50
-4 -1 260 50
-4 -2 746 100
-4 -3 746 100
-4 -4 878 100
-4 -5 878 100
-4 -6 458 50
-4 -7 458 50
-4 -8 86 10
-4 -9 86 10
-5 2 1 1
-5 1 1 1
-5 0 18 6
-5 -1 18 6
-5 -2 63 15
-5 -3 63 15
-5 -4 92 20
-5 -5 92 20
-5 -6 63 15
-5 -7 63 15
-5 -8 18 6
-5 -9 18 6
4 8 90 10
5 8 12 4
4 7 90 10
5 7 12 4
4 6 266 30
5 6 22 6
4 5 266 30
5 5 22 6
4 4 212 30
5 4 12 4
4 3 212 30
5 3 12 4
4 2 36 10
5 2 1 1
4 1 36 10
5 1 1 1
3 8 13 13
3 7 13 13
3 6 878 84
3 5 878 84
3 4 1650 142
3 3 1650 142
3 2 800 84
3 1 800 84
2 8 11 11
2 7 11 11
2 6 881 129
2 5 881 129
2 4 4323 367
2 3 4323 367
2 2 4719 367
2 1 4719 367
2 0 1317 129
3 0 79 13
2 -1 1317 129
3 -1 79 13
1 8 5 5
1 7 5 5
1 6 568 108
1 5 568 108
1 4 5438 514
1 3 5438 514
1 2 10378 822
1 1 10378 822
1 0 6790 514
1 -1 6790 514
1 -2 884 108
2 -2 51 11
1 -3 884 108
2 -3 51 11
0 8 1 1
0 7 1 1
0 6 197 49
0 5 197 49
0 4 3616 404
0 3 3616 404
0 2 12508 1010
0 1 12508 1010
0 0 13516 1010
0 -1 13516 1010
0 -2 4704 404
0 -3 4704 404
0 -4 277 49
1 -4 15 5
0 -5 277 49
1 -5 15 5
-1 6 31 11
-1 5 31 11
-1 4 1245 181
-1 3 1245 181
-1 2 7887 709
-1 1 7887 709
-1 0 14602 1078
-1 -1 14602 1078
-1 -2 9347 709
-1 -3 9347 709
-1 -4 1621 181
-1 -5 1621 181
-1 -6 35 11
0 -6 1 1
-1 -7 35 11
0 -7 1 1
-2 6 1 1
-2 5 1 1
-2 4 201 45
-2 3 201 45
-2 2 2534 292
-2 1 2534 292
-2 0 7928 658
-2 -1 7928 658
-2 -2 8944 658
-2 -3 8944 658
-2 -4 3590 292
-2 -5 3590 292
-2 -6 241 45
-2 -7 241 45
-3 4 11 5
-3 3 11 5
-3 2 378 70
-3 1 378 70
-3 0 2101 235
-3 -1 2101 235
-3 -2 3878 340
-3 -3 3878 340
-3 -4 2915 235
-3 -5 2915 235
-3 -6 776 70
-3 -7 776 70
-3 -8 5 5
-2 -8 1 1
-3 -9 5 5
-2 -9 1 1
-4 2 20 10
-4 1 20 10
-4 0 260 50
-4 -1 260 50
-4 -2 746 100
-4 -3 746 100
-4 -4 878 100
-4 -5 878 100
-4 -6 458 50
-4 -7 458 50
-4 -8 86 10
-4 -9 86 10
-5 2 1 1
-5 1 1 1
-5 0 18 6
-5 -1 18 6
-5 -2 63 15
-5 -3 63 15
-5 -4 92 20
-5 -5 92 20
-5 -6 63 15
-5 -7 63 15
-5 -8 18 6
-5 -9 18 6
