-1 -3 31 9
0 -3 24 8
-1 -4 31 9
0 -4 24 8
-1 -5 323 63
0 -5 124 28
-1 -6 323 63
0 -6 124 28
-1 -7 1161 189
0 -7 296 56
-1 -8 1161 189
0 -8 296 56
-1 -9 2045 315
0 -9 390 70
-1 -10 2045 315
0 -10 390 70
-1 -11 1945 315
0 -11 296 56
-1 -12 1945 315
0 -12 296 56
-1 -13 981 189
0 -13 124 28
-1 -14 981 189
0 -14 124 28
-1 -15 223 63
0 -15 24 8
-1 -16 223 63
0 -16 24 8
-1 -17 11 9
0 -17 1 1
-1 -18 11 9
0 -18 1 1
-2 -3 1 1
-2 -4 1 1
-2 -5 235 43
-2 -6 235 43
-2 -7 1656 238
-2 -8 1656 238
-2 -9 4371 581
-2 -10 4371 581
-2 -11 5590 770
-2 -12 5590 770
-2 -13 3601 581
-2 -14 3601 581
-2 -15 1040 238
-2 -16 1040 238
-2 -17 81 43
-2 -18 81 43
-3 -5 21 7
-3 -6 21 7
-3 -7 910 126
-3 -8 910 126
-3 -9 4508 532
-3 -10 4508 532
-3 -11 8589 1015
-3 -12 8589 1015
-3 -13 7511 1015
-3 -14 7511 1015
-3 -15 2870 532
-3 -16 2870 532
-3 -17 336 126
-3 -18 336 126
-3 -19 7 7
-2 -19 1 1
-3 -20 7 7
-2 -20 1 1
-4 -7 105 21
-4 -8 105 21
-4 -9 2051 231
-4 -10 2051 231
-4 -11 7105 735
-4 -12 7105 735
-4 -13 9240 1050
-4 -14 9240 1050
-4 -15 4865 735
-4 -16 4865 735
-4 -17 805 231
-4 -18 805 231
-4 -19 21 21
-4 -20 21 21
-5 -9 245 35
-5 -10 245 35
-5 -11 2786 266
-5 -12 2786 266
-5 -13 6489 623
-5 -14 6489 623
-5 -15 5089 623
-5 -16 5089 623
-5 -17 1176 266
-5 -18 1176 266
-5 -19 35 35
-5 -20 35 35
-6 -11 315 35
-6 -12 315 35
-6 -13 2261 189
-6 -14 2261 189
-6 -15 3080 308
-6 -16 3080 308
-6 -17 1071 189
-6 -18 1071 189
-6 -19 35 35
-6 -20 35 35
-7 -13 231 21
-7 -14 231 21
-7 -15 876 78
-7 -16 876 78
-7 -17 666 78
-7 -18 666 78
-7 -19 21 21
-7 -20 21 21
-8 -15 51 9
-8 -16 51 9
-8 -17 150 18
-8 -18 150 18
-8 -19 81 9
-8 -20 81 9
-9 -15 1 1
-9 -16 1 1
-9 -17 9 3
-9 -18 9 3
-9 -19 9 3
-9 -20 9 3
-1 -3 31 9
0 -3 24 8
-1 -4 31 9
0 -4 24 8
-1 -5 323 63
0 -5 124 28
-1 -6 323 63
0 -6 124 28
-1 -7 1161 189
0 -7 296 56
-1 -8 1161 189
0 -8 296 56
-1 -9 2045 315
0 -9 390 70
-1 -10 2045 315
0 -10 390 70
-1 -11 1945 315
0 -11 296 56
-1 -12 1945 315
0 -12 296 56
-1 -13 981 189
0 -13 124 28
-1 -14 981 189
0 -14 124 28
-1 -15 223 63
0 -15 24 8
-1 -16 223 63
0 -16 24 8
-1 -17 11 9
0 -17 1 1
-1 -18 11 9
0 -18 1 1
-2 -3 1 1
-2 -4 1 1
-2 -5 235 43
-2 -6 235 43
-2 -7 1656 238
-2 -8 1656 238
-2 -9 4371 581
-2 -10 4371 581
-2 -11 5590 770
-2 -12 5590 770
-2 -13 3601 581
-2 -14 3601 581
-2 -15 1040 238
-2 -16 1040 238
-2 -17 81 43
-2 -18 81 43
-3 -5 21 7
-3 -6 21 7
-3 -7 910 126
-3 -8 910 126
-3 -9 4508 532
-3 -10 4508 532
-3 -11 8589 1015
-3 -12 8589 1015
-3 -13 7511 1015
-3 -14 7511 1015
-3 -15 2870 532
-3 -16 2870 532
-3 -17 336 126
-3 -18 336 126
-3 -19 7 7
-2 -19 1 1
-3 -20 7 7
-2 -20 1 1
-4 -7 105 21
-4 -8 105 21
-4 -9 2051 231
-4 -10 2051 231
-4 -11 7105 735
-4 -12 7105 735
-4 -13 9240 1050
-4 -14 9240 1050
-4 -15 4865 735
-4 -16 4865 735
-4 -17 805 231
-4 -18 805 231
-4 -19 21 21
-4 -20 21 21
-5 -9 245 35
-5 -10 245 35
-5 -11 2786 266
-5 -12 2786 266
-5 -13 6489 623
-5 -14 6489 623
-5 -15 5089 623
-5 -16 5089 623
-5 -17 1176 266
-5 -18 1176 266
-5 -19 35 35
-5 -20 35 35
-6 -11 315 35
-6 -12 315 35
-6 -13 2261 189
-6 -14 2261 189
-6 -15 3080 308
-6 -16 3080 308
-6 -17 1071 189
-6 -18 1071 189
-6 -19 35 35
-6 -20 35 35
-7 -13 231 21
-7 -14 231 21
-7 -15 876 78
-7 -16 876 78
-7 -17 666 78
-7 -18 666 78
-7 -19 21 21
-7 -20 21 21
-8 -15 51 9
-8 -16 51 9
-8 -17 150 18
-8 -18 150 18
-8 -19 81 9
-8 -20 81 9
-9 -15 1 1
-9 -16 1 1
-9 -17 9 3
-9 -18 9 3
-9 -19 9 3
-9 -20 9 3
