-1 -5 50 10
0 -5 27 7
-1 -6 50 10
0 -6 27 7
-1 -7 440 60
0 -7 121 21
-1 -8 440 60
0 -8 121 21
-1 -9 1270 150
0 -9 235 35
-1 -10 1270 150
0 -10 235 35
-1 -11 1680 200
0 -11 235 35
-1 -12 1680 200
0 -12 235 35
-1 -13 1070 150
0 -13 121 21
-1 -14 1070 150
0 -14 121 21
-1 -15 280 60
0 -15 27 7
-1 -16 280 60
0 -16 27 7
-1 -17 10 10
0 -17 1 1
-1 -18 10 10
0 -18 1 1
-2 -7 441 45
-2 -8 441 45
-2 -9 2445 225
-2 -10 2445 225
-2 -11 4734 450
-2 -12 4734 450
-2 -13 3942 450
-2 -14 3942 450
-2 -15 1257 225
-2 -16 1257 225
-2 -17 45 45
-2 -18 45 45
-3 -9 1834 120
-3 -10 1834 120
-3 -11 6874 480
-3 -12 6874 480
-3 -13 8450 720
-3 -14 8450 720
-3 -15 3614 480
-3 -16 3614 480
-3 -17 204 120
-3 -18 204 120
-4 -9 7 7
-4 -10 7 7
-4 -11 4502 238
-4 -12 4502 238
-4 -13 11135 679
-4 -14 11135 679
-4 -15 7695 679
-4 -16 7695 679
-4 -17 1062 238
-4 -18 1062 238
-5 -11 192 42
-5 -12 192 42
-5 -13 7020 378
-5 -14 7020 378
-5 -15 10866 672
-5 -16 10866 672
-5 -17 3750 378
-5 -18 3750 378
-5 -19 132 42
-4 -19 7 7
-5 -20 132 42
-4 -20 7 7
-6 -11 3 3
-6 -12 3 3
-6 -13 847 117
-6 -14 847 117
-6 -15 6815 441
-6 -16 6815 441
-6 -17 6979 441
-6 -18 6979 441
-6 -19 1011 117
-6 -20 1011 117
-7 -13 50 22
-7 -14 50 22
-7 -15 1466 186
-7 -16 1466 186
-7 -17 4348 328
-7 -18 4348 328
-7 -19 2846 186
-7 -20 2846 186
-7 -21 110 22
-6 -21 3 3
-7 -22 110 22
-6 -22 3 3
-8 -13 2 2
-8 -14 2 2
-8 -15 181 53
-8 -16 181 53
-8 -17 1239 149
-8 -18 1239 149
-8 -19 1691 149
-8 -20 1691 149
-8 -21 633 53
-8 -22 633 53
-9 -15 14 10
-9 -16 14 10
-9 -17 220 40
-9 -18 220 40
-9 -19 464 60
-9 -20 464 60
-9 -21 324 40
-9 -22 324 40
-9 -23 66 10
-8 -23 2 2
-9 -24 66 10
-8 -24 2 2
-10 -15 1 1
-10 -16 1 1
-10 -17 21 5
-10 -18 21 5
-10 -19 58 10
-10 -20 58 10
-10 -21 58 10
-10 -22 58 10
-10 -23 21 5
-10 -24 21 5
-1 -5 50 10
0 -5 27 7
-1 -6 50 10
0 -6 27 7
-1 -7 440 60
0 -7 121 21
-1 -8 440 60
0 -8 121 21
-1 -9 1270 150
0 -9 235 35
-1 -10 1270 150
0 -10 235 35
-1 -11 1680 200
0 -11 235 35
-1 -12 1680 200
0 -12 235 35
-1 -13 1070 150
0 -13 121 21
-1 -14 1070 150
0 -14 121 21
-1 -15 280 60
0 -15 27 7
-1 -16 280 60
0 -16 27 7
-1 -17 10 10
0 -17 1 1
-1 -18 10 10
0 -18 1 1
-2 -7 441 45
-2 -8 441 45
-2 -9 2445 225
-2 -10 2445 225
-2 -11 4734 450
-2 -12 4734 450
-2 -13 3942 450
-2 -14 3942 450
-2 -15 1257 225
-2 -16 1257 225
-2 -17 45 45
-2 -18 45 45
-3 -9 1834 120
-3 -10 1834 120
-3 -11 6874 480
-3 -12 6874 480
-3 -13 8450 720
-3 -14 8450 720
-3 -15 3614 480
-3 -16 3614 480
-3 -17 204 120
-3 -18 204 120
-4 -9 7 7
-4 -10 7 7
-4 -11 4502 238
-4 -12 4502 238
-4 -13 11135 679
-4 -14 11135 679
-4 -15 7695 679
-4 -16 7695 679
-4 -17 1062 238
-4 -18 1062 238
-5 -11 192 42
-5 -12 192 42
-5 -13 7020 378
-5 -14 7020 378
-5 -15 10866 672
-5 -16 10866 672
-5 -17 3750 378
-5 -18 3750 378
-5 -19 132 42
-4 -19 7 7
-5 -20 132 42
-4 -20 7 7
-6 -11 3 3
-6 -12 3 3
-6 -13 847 117
-6 -14 847 117
-6 -15 6815 441
-6 -16 6815 441
-6 -17 6979 441
-6 -18 6979 441
-6 -19 1011 117
-6 -20 1011 117
-7 -13 50 22
-7 -14 50 22
-7 -15 1466 186
-7 -16 1466 186
-7 -17 4348 328
-7 -18 4348 328
-7 -19 2846 186
-7 -20 2846 186
-7 -21 110 22
-6 -21 3 3
-7 -22 110 22
-6 -22 3 3
-8 -13 2 2
-8 -14 2 2
-8 -15 181 53
-8 -16 181 53
-8 -17 1239 149
-8 -18 1239 149
-8 -19 1691 149
-8 -20 1691 149
-8 -21 633 53
-8 -22 633 53
-9 -15 14 10
-9 -16 14 10
-9 -17 220 40
-9 -18 220 40
-9 -19 464 60
-9 -20 464 60
-9 -21 324 40
-9 -22 324 40
-9 -23 66 10
-8 -23 2 2
-9 -24 66 10
-8 -24 2 2
-10 -15 1 1
-10 -16 1 1
-10 -17 21 5
-10 -18 21 5
-10 -19 58 10
-10 -20 58 10
-10 -21 58 10
-10 -22 58 10
-10 -23 21 5
-10 -24 21 5
