4 12 1 1
5 12 1 1
4 11 1 1
5 11 1 1
4 10 96 16
5 10 18 6
4 9 96 16
5 9 18 6
4 8 516 66
5 8 63 15
4 7 516 66
5 7 63 15
4 6 1035 125
5 6 92 20
4 5 1035 125
5 5 92 20
4 4 955 125
5 4 63 15
4 3 955 125
5 3 63 15
4 2 396 66
5 2 18 6
4 1 396 66
5 1 18 6
4 0 56 16
5 0 1 1
4 -1 56 16
5 -1 1 1
3 10 59 13
3 9 59 13
3 8 980 110
3 7 980 110
3 6 3371 323
3 5 3371 323
3 4 4616 452
3 3 4616 452
3 2 2781 323
3 1 2781 323
3 0 652 110
3 -1 652 110
3 -2 37 13
4 -2 1 1
3 -3 37 13
4 -3 1 1
2 10 4 2
2 9 4 2
2 8 590 74
2 7 590 74
2 6 4520 400
2 5 4520 400
2 4 10122 844
2 3 10122 844
2 2 9082 844
2 1 9082 844
2 0 3236 400
2 -1 3236 400
2 -2 346 74
2 -3 346 74
1 8 74 16
1 7 74 16
1 6 2500 234
1 5 2500 234
1 4 11012 848
1 3 11012 848
1 2 15850 1260
1 1 15850 1260
1 0 8598 848
1 -1 8598 848
1 -2 1494 234
1 -3 1494 234
1 -4 48 16
2 -4 4 2
1 -5 48 16
2 -5 4 2
0 8 1 1
0 7 1 1
0 6 391 57
0 5 391 57
0 4 5666 448
0 3 5666 448
0 2 14860 1090
0 1 14860 1090
0 0 13048 1090
0 -1 13048 1090
0 -2 3682 448
0 -3 3682 448
0 -4 219 57
0 -5 219 57
-1 6 15 5
-1 5 15 5
-1 4 982 112
-1 3 982 112
-1 2 7210 526
-1 1 7210 526
-1 0 10890 838
-1 -1 10890 838
-1 -2 5402 526
-1 -3 5402 526
-1 -4 558 112
-1 -5 558 112
-1 -6 5 5
0 -6 1 1
-1 -7 5 5
0 -7 1 1
-2 4 51 11
-2 3 51 11
-2 2 1327 129
-2 1 1327 129
-2 0 4773 367
-2 -1 4773 367
-2 -2 4353 367
-2 -3 4353 367
-2 -4 867 129
-2 -5 867 129
-2 -6 11 11
-2 -7 11 11
-3 2 79 13
-3 1 79 13
-3 0 796 84
-3 -1 796 84
-3 -2 1642 142
-3 -3 1642 142
-3 -4 874 84
-3 -5 874 84
-3 -6 13 13
-3 -7 13 13
-4 0 36 10
-4 -1 36 10
-4 -2 212 30
-4 -3 212 30
-4 -4 266 30
-4 -5 266 30
-4 -6 90 10
-4 -7 90 10
-5 0 1 1
-5 -1 1 1
-5 -2 12 4
-5 -3 12 4
-5 -4 22 6
-5 -5 22 6
-5 -6 12 4
-5 -7 12 4
4 12 1 1
5 12 1 1
4 11 1 1
5 11 1 1
4 10 96 16
5 10 18 6
4 9 96 16
5 9 18 6
4 8 516 66
5 8 63 15
4 7 516 66
5 7 63 15
4 6 1035 125
5 6 92 20
4 5 1035 125
5 5 92 20
4 4 955 125
5 4 63 15
4 3 955 125
5 3 63 15
4 2 396 66
5 2 18 6
4 1 396 66
5 1 18 6
4 0 56 16
5 0 1 1
4 -1 56 16
5 -1 1 1
3 10 59 13
3 9 59 13
3 8 980 110
3 7 980 110
3 6 3371 323
3 5 3371 323
3 4 4616 452
3 3 4616 452
3 2 2781 323
3 1 2781 323
3 0 652 110
3 -1 652 110
3 -2 37 13
4 -2 1 1
3 -3 37 13
4 -3 1 1
2 10 4 2
2 9 4 2
2 8 590 74
2 7 590 74
2 6 4520 400
2 5 4520 400
2 4 10122 844
2 3 10122 844
2 2 9082 844
2 1 9082 844
2 0 3236 400
2 -1 3236 400
2 -2 346 74
2 -3 346 74
1 8 74 16
1 7 74 16
1 6 2500 234
1 5 2500 234
1 4 11012 848
1 3 11012 848
1 2 15850 1260
1 1 15850 1260
1 0 8598 848
1 -1 8598 848
1 -2 1494 234
1 -3 1494 234
1 -4 48 16
2 -4 4 2
1 -5 48 16
2 -5 4 2
0 8 1 1
0 7 1 1
0 6 391 57
0 5 391 57
0 4 5666 448
0 3 5666 448
0 2 14860 1090
0 1 14860 1090
0 0 13048 1090
0 -1 13048 1090
0 -2 3682 448
0 -3 3682 448
0 -4 219 57
0 -5 219 57
-1 6 15 5
-1 5 15 5
-1 4 982 112
-1 3 982 112
-1 2 7210 526
-1 1 7210 526
-1 0 10890 838
-1 -1 10890 838
-1 -2 5402 526
-1 -3 5402 526
-1 -4 558 112
-1 -5 558 112
-1 -6 5 5
0 -6 1 1
-1 -7 5 5
0 -7 1 1
-2 4 51 11
-2 3 51 11
-2 2 1327 129
-2 1 1327 129
-2 0 4773 367
-2 -1 4773 367
-2 -2 4353 367
-2 -3 4353 367
-2 -4 867 129
-2 -5 867 129
-2 -6 11 11
-2 -7 11 11
-3 2 79 13
-3 1 79 13
-3 0 796 84
-3 -1 796 84
-3 -2 1642 142
-3 -3 1642 142
-3 -4 874 84
-3 -5 874 84
-3 -6 13 13
-3 -7 13 13
-4 0 36 10
-4 -1 36 10
-4 -2 212 30
-4 -3 212 30
-4 -4 266 30
-4 -5 266 30
-4 -6 90 10
-4 -7 90 10
-5 0 1 1
-5 -1 1 1
-5 -2 12 4
-5 -3 12 4
-5 -4 22 6
-5 -5 22 6
-5 -6 12 4
-5 -7 12 4
