3 5 70 10
4 5 19 5
3 4 70 10
4 4 19 5
3 3 328 40
4 3 52 10
3 2 328 40
4 2 52 10
3 1 462 60
4 1 52 10
3 0 462 60
4 0 52 10
3 -1 220 40
4 -1 19 5
3 -2 220 40
4 -2 19 5
3 -3 16 10
4 -3 1 1
3 -4 16 10
4 -4 1 1
2 5 3 3
2 4 3 3
2 3 677 57
2 2 677 57
2 1 1820 156
2 0 1820 156
2 -1 1384 156
2 -2 1384 156
2 -3 241 57
2 -4 241 57
1 3 172 30
1 2 172 30
1 1 3104 210
1 0 3104 210
1 -1 4994 360
1 -2 4994 360
1 -3 2000 210
1 -4 2000 210
1 -5 118 30
2 -5 3 3
1 -6 118 30
2 -6 3 3
0 3 8 8
0 2 8 8
0 1 1405 159
0 0 1405 159
0 -1 7936 520
0 -2 7936 520
0 -3 8232 520
0 -4 8232 520
0 -5 1717 159
0 -6 1717 159
-1 3 1 1
-1 2 1 1
-1 1 312 82
-1 0 312 82
-1 -1 5006 494
-1 -2 5006 494
-1 -3 12776 826
-1 -4 12776 826
-1 -5 8588 494
-1 -6 8588 494
-1 -7 858 82
0 -7 24 8
-1 -8 858 82
0 -8 24 8
-2 1 51 31
-2 0 51 31
-2 -1 1944 334
-2 -2 1944 334
-2 -3 9595 847
-2 -4 9595 847
-2 -5 12839 847
-2 -6 12839 847
-2 -7 5392 334
-2 -8 5392 334
-2 -9 255 31
-1 -9 1 1
-2 -10 255 31
-1 -10 1 1
-3 1 8 8
-3 0 8 8
-3 -1 536 160
-3 -2 536 160
-3 -3 4576 568
-3 -4 4576 568
-3 -5 9554 832
-3 -6 9554 832
-3 -7 7522 568
-3 -8 7522 568
-3 -9 2054 160
-3 -10 2054 160
-4 1 1 1
-4 0 1 1
-4 -1 101 51
-4 -2 101 51
-4 -3 1431 241
-4 -4 1431 241
-4 -5 4149 475
-4 -6 4149 475
-4 -7 4857 475
-4 -8 4857 475
-4 -9 2493 241
-4 -10 2493 241
-4 -11 455 51
-3 -11 38 8
-4 -12 455 51
-3 -12 38 8
-5 -1 12 10
-5 -2 12 10
-5 -3 270 60
-5 -4 270 60
-5 -5 1010 150
-5 -6 1010 150
-5 -7 1580 200
-5 -8 1580 200
-5 -9 1200 150
-5 -10 1200 150
-5 -11 422 60
-5 -12 422 60
-5 -13 50 10
-4 -13 1 1
-5 -14 50 10
-4 -14 1 1
-6 -1 1 1
-6 -2 1 1
-6 -3 25 7
-6 -4 25 7
-6 -5 111 21
-6 -6 111 21
-6 -7 215 35
-6 -8 215 35
-6 -9 215 35
-6 -10 215 35
-6 -11 111 21
-6 -12 111 21
-6 -13 25 7
-6 -14 25 7
3 5 70 10
4 5 19 5
3 4 70 10
4 4 19 5
3 3 328 40
4 3 52 10
3 2 328 40
4 2 52 10
3 1 462 60
4 1 52 10
3 0 462 60
4 0 52 10
3 -1 220 40
4 -1 19 5
3 -2 220 40
4 -2 19 5
3 -3 16 10
4 -3 1 1
3 -4 16 10
4 -4 1 1
2 5 3 3
2 4 3 3
2 3 677 57
2 2 677 57
2 1 1820 156
2 0 1820 156
2 -1 1384 156
2 -2 1384 156
2 -3 241 57
2 -4 241 57
1 3 172 30
1 2 172 30
1 1 3104 210
1 0 3104 210
1 -1 4994 360
1 -2 4994 360
1 -3 2000 210
1 -4 2000 210
1 -5 118 30
2 -5 3 3
1 -6 118 30
2 -6 3 3
0 3 8 8
0 2 8 8
0 1 1405 159
0 0 1405 159
0 -1 7936 520
0 -2 7936 520
0 -3 8232 520
0 -4 8232 520
0 -5 1717 159
0 -6 1717 159
-1 3 1 1
-1 2 1 1
-1 1 312 82
-1 0 312 82
-1 -1 5006 494
-1 -2 5006 494
-1 -3 12776 826
-1 -4 12776 826
-1 -5 8588 494
-1 -6 8588 494
-1 -7 858 82
0 -7 24 8
-1 -8 858 82
0 -8 24 8
-2 1 51 31
-2 0 51 31
-2 -1 1944 334
-2 -2 1944 334
-2 -3 9595 847
-2 -4 9595 847
-2 -5 12839 847
-2 -6 12839 847
-2 -7 5392 334
-2 -8 5392 334
-2 -9 255 31
-1 -9 1 1
-2 -10 255 31
-1 -10 1 1
-3 1 8 8
-3 0 8 8
-3 -1 536 160
-3 -2 536 160
-3 -3 4576 568
-3 -4 4576 568
-3 -5 9554 832
-3 -6 9554 832
-3 -7 7522 568
-3 -8 7522 568
-3 -9 2054 160
-3 -10 2054 160
-4 1 1 1
-4 0 1 1
-4 -1 101 51
-4 -2 101 51
-4 -3 1431 241
-4 -4 1431 241
-4 -5 4149 475
-4 -6 4149 475
-4 -7 4857 475
-4 -8 4857 475
-4 -9 2493 241
-4 -10 2493 241
-4 -11 455 51
-3 -11 38 8
-4 -12 455 51
-3 -12 38 8
-5 -1 12 10
-5 -2 12 10
-5 -3 270 60
-5 -4 270 60
-5 -5 1010 150
-5 -6 1010 150
-5 -7 1580 200
-5 -8 1580 200
-5 -9 1200 150
-5 -10 1200 150
-5 -11 422 60
-5 -12 422 60
-5 -13 50 10
-4 -13 1 1
-5 -14 50 10
-4 -14 1 1
-6 -1 1 1
-6 -2 1 1
-6 -3 25 7
-6 -4 25 7
-6 -5 111 21
-6 -6 111 21
-6 -7 215 35
-6 -8 215 35
-6 -9 215 35
-6 -10 215 35
-6 -11 111 21
-6 -12 111 21
-6 -13 25 7
-6 -14 25 7
