-1 -5 50 10
0 -5 23 7
-1 -6 50 10
0 -6 23 7
-1 -7 404 60
0 -7 101 21
-1 -8 404 60
0 -8 101 21
-1 -9 1130 150
0 -9 195 35
-1 -10 1130 150
0 -10 195 35
-1 -11 1480 200
0 -11 195 35
-1 -12 1480 200
0 -12 195 35
-1 -13 950 150
0 -13 101 21
-1 -14 950 150
0 -14 101 21
-1 -15 260 60
0 -15 23 7
-1 -16 260 60
0 -16 23 7
-1 -17 14 10
0 -17 1 1
-1 -18 14 10
0 -18 1 1
-2 -5 2 2
-2 -6 2 2
-2 -7 463 57
-2 -8 463 57
-2 -9 2475 257
-2 -10 2475 257
-2 -11 4814 500
-2 -12 4814 500
-2 -13 4194 500
-2 -14 4194 500
-2 -15 1545 257
-2 -16 1545 257
-2 -17 153 57
-2 -18 153 57
-3 -7 72 16
-3 -8 72 16
-3 -9 2194 200
-3 -10 2194 200
-3 -11 7912 656
-3 -12 7912 656
-3 -13 10384 944
-3 -14 10384 944
-3 -15 5476 656
-3 -16 5476 656
-3 -17 910 200
-3 -18 910 200
-3 -19 28 16
-2 -19 2 2
-3 -20 28 16
-2 -20 2 2
-4 -7 1 1
-4 -8 1 1
-4 -9 487 63
-4 -10 487 63
-4 -11 6134 454
-4 -12 6134 454
-4 -13 14458 1054
-4 -14 14458 1054
-4 -15 11790 1054
-4 -16 11790 1054
-4 -17 3174 454
-4 -18 3174 454
-4 -19 195 63
-4 -20 195 63
-5 -9 25 7
-5 -10 25 7
-5 -11 1591 151
-5 -12 1591 151
-5 -13 10317 677
-5 -14 10317 677
-5 -15 15166 1066
-5 -16 15166 1066
-5 -17 6913 677
-5 -18 6913 677
-5 -19 777 151
-5 -20 777 151
-5 -21 7 7
-4 -21 1 1
-5 -22 7 7
-4 -22 1 1
-6 -11 128 22
-6 -12 128 22
-6 -13 2873 237
-6 -14 2873 237
-6 -15 10076 662
-6 -16 10076 662
-6 -17 9300 662
-6 -18 9300 662
-6 -19 2029 237
-6 -20 2029 237
-6 -21 60 22
-6 -22 60 22
-7 -11 1 1
-7 -12 1 1
-7 -13 305 45
-7 -14 305 45
-7 -15 2811 251
-7 -16 2811 251
-7 -17 5850 414
-7 -18 5850 414
-7 -19 3431 251
-7 -20 3431 251
-7 -21 249 45
-7 -22 249 45
-8 -13 10 4
-8 -14 10 4
-8 -15 341 61
-8 -16 341 61
-8 -17 1591 163
-8 -18 1591 163
-8 -19 1995 163
-8 -20 1995 163
-8 -21 739 61
-8 -22 739 61
-8 -23 4 4
-7 -23 1 1
-8 -24 4 4
-7 -24 1 1
-9 -15 18 10
-9 -16 18 10
-9 -17 224 40
-9 -18 224 40
-9 -19 472 60
-9 -20 472 60
-9 -21 344 40
-9 -22 344 40
-9 -23 78 10
-9 -24 78 10
-10 -15 1 1
-10 -16 1 1
-10 -17 19 5
-10 -18 19 5
-10 -19 52 10
-10 -20 52 10
-10 -21 52 10
-10 -22 52 10
-10 -23 19 5
-10 -24 19 5
-1 -5 50 10
0 -5 23 7
-1 -6 50 10
0 -6 23 7
-1 -7 404 60
0 -7 101 21
-1 -8 404 60
0 -8 101 21
-1 -9 1130 150
0 -9 195 35
-1 -10 1130 150
0 -10 195 35
-1 -11 1480 200
0 -11 195 35
-1 -12 1480 200
0 -12 195 35
-1 -13 950 150
0 -13 101 21
-1 -14 950 150
0 -14 101 21
-1 -15 260 60
0 -15 23 7
-1 -16 260 60
0 -16 23 7
-1 -17 14 10
0 -17 1 1
-1 -18 14 10
0 -18 1 1
-2 -5 2 2
-2 -6 2 2
-2 -7 463 57
-2 -8 463 57
-2 -9 2475 257
-2 -10 2475 257
-2 -11 4814 500
-2 -12 4814 500
-2 -13 4194 500
-2 -14 4194 500
-2 -15 1545 257
-2 -16 1545 257
-2 -17 153 57
-2 -18 153 57
-3 -7 72 16
-3 -8 72 16
-3 -9 2194 200
-3 -10 2194 200
-3 -11 7912 656
-3 -12 7912 656
-3 -13 10384 944
-3 -14 10384 944
-3 -15 5476 656
-3 -16 5476 656
-3 -17 910 200
-3 -18 910 200
-3 -19 28 16
-2 -19 2 2
-3 -20 28 16
-2 -20 2 2
-4 -7 1 1
-4 -8 1 1
-4 -9 487 63
-4 -10 487 63
-4 -11 6134 454
-4 -12 6134 454
-4 -13 14458 1054
-4 -14 14458 1054
-4 -15 11790 1054
-4 -16 11790 1054
-4 -17 3174 454
-4 -18 3174 454
-4 -19 195 63
-4 -20 195 63
-5 -9 25 7
-5 -10 25 7
-5 -11 1591 151
-5 -12 1591 151
-5 -13 10317 677
-5 -14 10317 677
-5 -15 15166 1066
-5 -16 15166 1066
-5 -17 6913 677
-5 -18 6913 677
-5 -19 777 151
-5 -20 777 151
-5 -21 7 7
-4 -21 1 1
-5 -22 7 7
-4 -22 1 1
-6 -11 128 22
-6 -12 128 22
-6 -13 2873 237
-6 -14 2873 237
-6 -15 10076 662
-6 -16 10076 662
-6 -17 9300 662
-6 -18 9300 662
-6 -19 2029 237
-6 -20 2029 237
-6 -21 60 22
-6 -22 60 22
-7 -11 1 1
-7 -12 1 1
-7 -13 305 45
-7 -14 305 45
-7 -15 2811 251
-7 -16 2811 251
-7 -17 5850 414
-7 -18 5850 414
-7 -19 3431 251
-7 -20 3431 251
-7 -21 249 45
-7 -22 249 45
-8 -13 10 4
-8 -14 10 4
-8 -15 341 61
-8 -16 341 61
-8 -17 1591 163
-8 -18 1591 163
-8 -19 1995 163
-8 -20 1995 163
-8 -21 739 61
-8 -22 739 61
-8 -23 4 4
-7 -23 1 1
-8 -24 4 4
-7 -24 1 1
-9 -15 18 10
-9 -16 18 10
-9 -17 224 40
-9 -18 224 40
-9 -19 472 60
-9 -20 472 60
-9 -21 344 40
-9 -22 344 40
-9 -23 78 10
-9 -24 78 10
-10 -15 1 1
-10 -16 1 1
-10 -17 19 5
-10 -18 19 5
-10 -19 52 10
-10 -20 52 10
-10 -21 52 10
-10 -22 52 10
-10 -23 19 5
-10 -24 19 5
