3 7 54 10
4 7 27 7
3 6 54 10
4 6 27 7
3 5 448 60
4 5 121 21
3 4 448 60
4 4 121 21
3 3 1262 150
4 3 235 35
3 2 1262 150
4 2 235 35
3 1 1648 200
4 1 235 35
3 0 1648 200
4 0 235 35
3 -1 1042 150
4 -1 121 21
3 -2 1042 150
4 -2 121 21
3 -3 272 60
4 -3 27 7
3 -4 272 60
4 -4 27 7
3 -5 10 10
4 -5 1 1
3 -6 10 10
4 -6 1 1
2 5 469 45
2 4 469 45
2 3 2521 225
2 2 2521 225
2 1 4806 450
2 0 4806 450
2 -1 3982 450
2 -2 3982 450
2 -3 1285 225
2 -4 1285 225
2 -5 57 45
2 -6 57 45
1 5 2 2
1 4 2 2
1 3 1960 130
1 2 1960 130
1 1 7252 502
1 0 7252 502
1 -1 8958 748
1 -2 8958 748
1 -3 3992 502
1 -4 3992 502
1 -5 330 130
1 -6 330 130
0 3 73 17
0 2 73 17
0 1 4902 278
0 0 4902 278
0 -1 12095 749
0 -2 12095 749
0 -3 8807 749
0 -4 8807 749
0 -5 1558 278
0 -6 1558 278
0 -7 17 17
1 -7 2 2
0 -8 17 17
1 -8 2 2
-1 1 470 64
-1 0 470 64
-1 -1 7734 444
-1 -2 7734 444
-1 -3 12128 760
-1 -4 12128 760
-1 -5 4732 444
-1 -6 4732 444
-1 -7 244 64
-1 -8 244 64
-2 1 6 6
-2 0 6 6
-2 -1 1321 149
-2 -2 1321 149
-2 -3 7626 502
-2 -4 7626 502
-2 -5 7686 502
-2 -6 7686 502
-2 -7 1381 149
-2 -8 1381 149
-3 -1 94 30
-3 -2 94 30
-3 -3 1844 210
-3 -4 1844 210
-3 -5 4772 360
-3 -6 4772 360
-3 -7 3008 210
-3 -8 3008 210
-3 -9 166 30
-2 -9 6 6
-3 -10 166 30
-2 -10 6 6
-4 -1 3 3
-4 -2 3 3
-4 -3 233 57
-4 -4 233 57
-4 -5 1334 156
-4 -6 1334 156
-4 -7 1754 156
-4 -8 1754 156
-4 -9 653 57
-4 -10 653 57
-5 -3 16 10
-5 -4 16 10
-5 -5 212 40
-5 -6 212 40
-5 -7 444 60
-5 -8 444 60
-5 -9 316 40
-5 -10 316 40
-5 -11 68 10
-4 -11 3 3
-5 -12 68 10
-4 -12 3 3
-6 -3 1 1
-6 -4 1 1
-6 -5 19 5
-6 -6 19 5
-6 -7 52 10
-6 -8 52 10
-6 -9 52 10
-6 -10 52 10
-6 -11 19 5
-6 -12 19 5
3 7 54 10
4 7 27 7
3 6 54 10
4 6 27 7
3 5 448 60
4 5 121 21
3 4 448 60
4 4 121 21
3 3 1262 150
4 3 235 35
3 2 1262 150
4 2 235 35
3 1 1648 200
4 1 235 35
3 0 1648 200
4 0 235 35
3 -1 1042 150
4 -1 121 21
3 -2 1042 150
4 -2 121 21
3 -3 272 60
4 -3 27 7
3 -4 272 60
4 -4 27 7
3 -5 10 10
4 -5 1 1
3 -6 10 10
4 -6 1 1
2 5 469 45
2 4 469 45
2 3 2521 225
2 2 2521 225
2 1 4806 450
2 0 4806 450
2 -1 3982 450
2 -2 3982 450
2 -3 1285 225
2 -4 1285 225
2 -5 57 45
2 -6 57 45
1 5 2 2
1 4 2 2
1 3 1960 130
1 2 1960 130
1 1 7252 502
1 0 7252 502
1 -1 8958 748
1 -2 8958 748
1 -3 3992 502
1 -4 3992 502
1 -5 330 130
1 -6 330 130
0 3 73 17
0 2 73 17
0 1 4902 278
0 0 4902 278
0 -1 12095 749
0 -2 12095 749
0 -3 8807 749
0 -4 8807 749
0 -5 1558 278
0 -6 1558 278
0 -7 17 17
1 -7 2 2
0 -8 17 17
1 -8 2 2
-1 1 470 64
-1 0 470 64
-1 -1 7734 444
-1 -2 7734 444
-1 -3 12128 760
-1 -4 12128 760
-1 -5 4732 444
-1 -6 4732 444
-1 -7 244 64
-1 -8 244 64
-2 1 6 6
-2 0 6 6
-2 -1 1321 149
-2 -2 1321 149
-2 -3 7626 502
-2 -4 7626 502
-2 -5 7686 502
-2 -6 7686 502
-2 -7 1381 149
-2 -8 1381 149
-3 -1 94 30
-3 -2 94 30
-3 -3 1844 210
-3 -4 1844 210
-3 -5 4772 360
-3 -6 4772 360
-3 -7 3008 210
-3 -8 3008 210
-3 -9 166 30
-2 -9 6 6
-3 -10 166 30
-2 -10 6 6
-4 -1 3 3
-4 -2 3 3
-4 -3 233 57
-4 -4 233 57
-4 -5 1334 156
-4 -6 1334 156
-4 -7 1754 156
-4 -8 1754 156
-4 -9 653 57
-4 -10 653 57
-5 -3 16 10
-5 -4 16 10
-5 -5 212 40
-5 -6 212 40
-5 -7 444 60
-5 -8 444 60
-5 -9 316 40
-5 -10 316 40
-5 -11 68 10
-4 -11 3 3
-5 -12 68 10
-4 -12 3 3
-6 -3 1 1
-6 -4 1 1
-6 -5 19 5
-6 -6 19 5
-6 -7 52 10
-6 -8 52 10
-6 -9 52 10
-6 -10 52 10
-6 -11 19 5
-6 -12 19 5
