4 10 60 10
5 10 22 6
4 9 60 10
5 9 22 6
4 8 386 50
5 8 79 15
4 7 386 50
5 7 79 15
4 6 812 100
5 6 116 20
4 5 812 100
5 5 116 20
4 4 720 100
5 4 79 15
4 3 720 100
5 3 79 15
4 2 248 50
5 2 22 6
4 1 248 50
5 1 22 6
4 0 14 10
5 0 1 1
4 -1 14 10
5 -1 1 1
3 10 2 2
3 9 2 2
3 8 571 55
3 7 571 55
3 6 2278 202
3 5 2278 202
3 4 3016 298
3 3 3016 298
3 2 1474 202
3 1 1474 202
3 0 169 55
3 -1 169 55
2 8 96 18
2 7 96 18
2 6 2676 192
2 5 2676 192
2 4 6726 486
2 3 6726 486
2 2 5286 486
2 1 5286 486
2 0 1182 192
2 -1 1182 192
2 -2 42 18
3 -2 2 2
2 -3 42 18
3 -3 2 2
1 8 2 2
1 7 2 2
1 6 735 83
1 5 735 83
1 4 7155 451
1 3 7155 451
1 2 11142 740
1 1 11142 740
1 0 4903 451
1 -1 4903 451
1 -2 459 83
1 -3 459 83
0 6 71 19
0 5 71 19
0 4 2597 243
0 3 2597 243
0 2 11291 719
0 1 11291 719
0 0 11291 719
0 -1 11291 719
0 -2 2597 243
0 -3 2597 243
0 -4 71 19
1 -4 2 2
0 -5 71 19
1 -5 2 2
-1 6 2 2
-1 5 2 2
-1 4 459 83
-1 3 459 83
-1 2 4903 451
-1 1 4903 451
-1 0 11142 740
-1 -1 11142 740
-1 -2 7155 451
-1 -3 7155 451
-1 -4 735 83
-1 -5 735 83
-2 4 42 18
-2 3 42 18
-2 2 1182 192
-2 1 1182 192
-2 0 5286 486
-2 -1 5286 486
-2 -2 6726 486
-2 -3 6726 486
-2 -4 2676 192
-2 -5 2676 192
-2 -6 96 18
-1 -6 2 2
-2 -7 96 18
-1 -7 2 2
-3 4 2 2
-3 3 2 2
-3 2 169 55
-3 1 169 55
-3 0 1474 202
-3 -1 1474 202
-3 -2 3016 298
-3 -3 3016 298
-3 -4 2278 202
-3 -5 2278 202
-3 -6 571 55
-3 -7 571 55
-4 2 14 10
-4 1 14 10
-4 0 248 50
-4 -1 248 50
-4 -2 720 100
-4 -3 720 100
-4 -4 812 100
-4 -5 812 100
-4 -6 386 50
-4 -7 386 50
-4 -8 60 10
-3 -8 2 2
-4 -9 60 10
-3 -9 2 2
-5 2 1 1
-5 1 1 1
-5 0 22 6
-5 -1 22 6
-5 -2 79 15
-5 -3 79 15
-5 -4 116 20
-5 -5 116 20
-5 -6 79 15
-5 -7 79 15
-5 -8 22 6
-5 -9 22 6
4 10 60 10
5 10 22 6
4 9 60 10
5 9 22 6
4 8 386 50
5 8 79 15
4 7 386 50
5 7 79 15
4 6 812 100
5 6 116 20
4 5 812 100
5 5 116 20
4 4 720 100
5 4 79 15
4 3 720 100
5 3 79 15
4 2 248 50
5 2 22 6
4 1 248 50
5 1 22 6
4 0 14 10
5 0 1 1
4 -1 14 10
5 -1 1 1
3 10 2 2
3 9 2 2
3 8 571 55
3 7 571 55
3 6 2278 202
3 5 2278 202
3 4 3016 298
3 3 3016 298
3 2 1474 202
3 1 1474 202
3 0 169 55
3 -1 169 55
2 8 96 18
2 7 96 18
2 6 2676 192
2 5 2676 192
2 4 6726 486
2 3 6726 486
2 2 5286 486
2 1 5286 486
2 0 1182 192
2 -1 1182 192
2 -2 42 18
3 -2 2 2
2 -3 42 18
3 -3 2 2
1 8 2 2
1 7 2 2
1 6 735 83
1 5 735 83
1 4 7155 451
1 3 7155 451
1 2 11142 740
1 1 11142 740
1 0 4903 451
1 -1 4903 451
1 -2 459 83
1 -3 459 83
0 6 71 19
0 5 71 19
0 4 2597 243
0 3 2597 243
0 2 11291 719
0 1 11291 719
0 0 11291 719
0 -1 11291 719
0 -2 2597 243
0 -3 2597 243
0 -4 71 19
1 -4 2 2
0 -5 71 19
1 -5 2 2
-1 6 2 2
-1 5 2 2
-1 4 459 83
-1 3 459 83
-1 2 4903 451
-1 1 4903 451
-1 0 11142 740
-1 -1 11142 740
-1 -2 7155 451
-1 -3 7155 451
-1 -4 735 83
-1 -5 735 83
-2 4 42 18
-2 3 42 18
-2 2 1182 192
-2 1 1182 192
-2 0 5286 486
-2 -1 5286 486
-2 -2 6726 486
-2 -3 6726 486
-2 -4 2676 192
-2 -5 2676 192
-2 -6 96 18
-1 -6 2 2
-2 -7 96 18
-1 -7 2 2
-3 4 2 2
-3 3 2 2
-3 2 169 55
-3 1 169 55
-3 0 1474 202
-3 -1 1474 202
-3 -2 3016 298
-3 -3 3016 298
-3 -4 2278 202
-3 -5 2278 202
-3 -6 571 55
-3 -7 571 55
-4 2 14 10
-4 1 14 10
-4 0 248 50
-4 -1 248 50
-4 -2 720 100
-4 -3 720 100
-4 -4 812 100
-4 -5 812 100
-4 -6 386 50
-4 -7 386 50
-4 -8 60 10
-3 -8 2 2
-4 -9 60 10
-3 -9 2 2
-5 2 1 1
-5 1 1 1
-5 0 22 6
-5 -1 22 6
-5 -2 79 15
-5 -3 79 15
-5 -4 116 20
-5 -5 116 20
-5 -6 79 15
-5 -7 79 15
-5 -8 22 6
-5 -9 22 6
