2 4 1 1
3 4 1 1
2 3 1 1
3 3 1 1
2 2 116 14
3 2 10 4
2 1 116 14
3 1 10 4
2 0 327 37
3 0 18 6
2 -1 327 37
3 -1 18 6
2 -2 275 37
3 -2 10 4
2 -3 275 37
3 -3 10 4
2 -4 64 14
3 -4 1 1
2 -5 64 14
3 -5 1 1
1 2 81 19
1 1 81 19
1 0 1056 102
1 -1 1056 102
1 -2 1876 166
1 -3 1876 166
1 -4 948 102
1 -5 948 102
1 -6 99 19
2 -6 1 1
1 -7 99 19
2 -7 1 1
0 2 18 10
0 1 18 10
0 0 1206 136
0 -1 1206 136
0 -2 4606 382
0 -3 4606 382
0 -4 4690 382
0 -5 4690 382
0 -6 1308 136
0 -7 1308 136
-1 2 4 2
-1 1 4 2
-1 0 526 92
-1 -1 526 92
-1 -2 5630 478
-1 -3 5630 478
-1 -4 10142 776
-1 -5 10142 776
-1 -6 6070 478
-1 -7 6070 478
-1 -8 752 92
0 -8 36 10
-1 -9 752 92
0 -9 36 10
-2 0 121 37
-2 -1 121 37
-2 -2 3141 349
-2 -3 3141 349
-2 -4 11815 913
-2 -5 11815 913
-2 -6 12505 913
-2 -7 12505 913
-2 -8 3947 349
-2 -9 3947 349
-2 -10 237 37
-1 -10 4 2
-2 -11 237 37
-1 -11 4 2
-3 0 13 9
-3 -1 13 9
-3 -2 966 154
-3 -3 966 154
-3 -4 6786 636
-3 -5 6786 636
-3 -6 13196 982
-3 -7 13196 982
-3 -8 8444 636
-3 -9 8444 636
-3 -10 1318 154
-3 -11 1318 154
-4 0 1 1
-4 -1 1 1
-4 -2 156 38
-4 -3 156 38
-4 -4 2044 264
-4 -5 2044 264
-4 -6 6847 609
-4 -7 6847 609
-4 -8 7931 609
-4 -9 7931 609
-4 -10 3160 264
-4 -11 3160 264
-4 -12 188 38
-3 -12 35 9
-4 -13 188 38
-3 -13 35 9
-5 -2 10 4
-5 -3 10 4
-5 -4 301 65
-5 -5 301 65
-5 -6 1820 224
-5 -7 1820 224
-5 -8 3424 326
-5 -9 3424 326
-5 -10 2546 224
-5 -11 2546 224
-5 -12 655 65
-5 -13 655 65
-5 -14 4 4
-4 -14 1 1
-5 -15 4 4
-4 -15 1 1
-6 -4 18 10
-6 -5 18 10
-6 -6 252 50
-6 -7 252 50
-6 -8 716 100
-6 -9 716 100
-6 -10 816 100
-6 -11 816 100
-6 -12 402 50
-6 -13 402 50
-6 -14 68 10
-6 -15 68 10
-7 -4 1 1
-7 -5 1 1
-7 -6 20 6
-7 -7 20 6
-7 -8 71 15
-7 -9 71 15
-7 -10 104 20
-7 -11 104 20
-7 -12 71 15
-7 -13 71 15
-7 -14 20 6
-7 -15 20 6
2 4 1 1
3 4 1 1
2 3 1 1
3 3 1 1
2 2 116 14
3 2 10 4
2 1 116 14
3 1 10 4
2 0 327 37
3 0 18 6
2 -1 327 37
3 -1 18 6
2 -2 275 37
3 -2 10 4
2 -3 275 37
3 -3 10 4
2 -4 64 14
3 -4 1 1
2 -5 64 14
3 -5 1 1
1 2 81 19
1 1 81 19
1 0 1056 102
1 -1 1056 102
1 -2 1876 166
1 -3 1876 166
1 -4 948 102
1 -5 948 102
1 -6 99 19
2 -6 1 1
1 -7 99 19
2 -7 1 1
0 2 18 10
0 1 18 10
0 0 1206 136
0 -1 1206 136
0 -2 4606 382
0 -3 4606 382
0 -4 4690 382
0 -5 4690 382
0 -6 1308 136
0 -7 1308 136
-1 2 4 2
-1 1 4 2
-1 0 526 92
-1 -1 526 92
-1 -2 5630 478
-1 -3 5630 478
-1 -4 10142 776
-1 -5 10142 776
-1 -6 6070 478
-1 -7 6070 478
-1 -8 752 92
0 -8 36 10
-1 -9 752 92
0 -9 36 10
-2 0 121 37
-2 -1 121 37
-2 -2 3141 349
-2 -3 3141 349
-2 -4 11815 913
-2 -5 11815 913
-2 -6 12505 913
-2 -7 12505 913
-2 -8 3947 349
-2 -9 3947 349
-2 -10 237 37
-1 -10 4 2
-2 -11 237 37
-1 -11 4 2
-3 0 13 9
-3 -1 13 9
-3 -2 966 154
-3 -3 966 154
-3 -4 6786 636
-3 -5 6786 636
-3 -6 13196 982
-3 -7 13196 982
-3 -8 8444 636
-3 -9 8444 636
-3 -10 1318 154
-3 -11 1318 154
-4 0 1 1
-4 -1 1 1
-4 -2 156 38
-4 -3 156 38
-4 -4 2044 264
-4 -5 2044 264
-4 -6 6847 609
-4 -7 6847 609
-4 -8 7931 609
-4 -9 7931 609
-4 -10 3160 264
-4 -11 3160 264
-4 -12 188 38
-3 -12 35 9
-4 -13 188 38
-3 -13 35 9
-5 -2 10 4
-5 -3 10 4
-5 -4 301 65
-5 -5 301 65
-5 -6 1820 224
-5 -7 1820 224
-5 -8 3424 326
-5 -9 3424 326
-5 -10 2546 224
-5 -11 2546 224
-5 -12 655 65
-5 -13 655 65
-5 -14 4 4
-4 -14 1 1
-5 -15 4 4
-4 -15 1 1
-6 -4 18 10
-6 -5 18 10
-6 -6 252 50
-6 -7 252 50
-6 -8 716 100
-6 -9 716 100
-6 -10 816 100
-6 -11 816 100
-6 -12 402 50
-6 -13 402 50
-6 -14 68 10
-6 -15 68 10
-7 -4 1 1
-7 -5 1 1
-7 -6 20 6
-7 -7 20 6
-7 -8 71 15
-7 -9 71 15
-7 -10 104 20
-7 -11 104 20
-7 -12 71 15
-7 -13 71 15
-7 -14 20 6
-7 -15 20 6
