5 11 13 5
6 11 1 1
5 10 13 5
6 10 1 1
5 9 163 25
6 9 7 3
5 8 163 25
6 8 7 3
5 7 310 40
6 7 7 3
5 6 310 40
6 6 7 3
5 5 175 25
6 5 1 1
5 4 175 25
6 4 1 1
4 11 18 6
4 10 18 6
4 9 555 63
4 8 555 63
4 7 1747 165
4 6 1747 165
4 5 1733 165
4 4 1733 165
4 3 547 63
5 3 25 5
4 2 547 63
5 2 25 5
3 11 1 1
3 10 1 1
3 9 460 58
3 8 460 58
3 7 3564 290
3 6 3564 290
3 5 5850 466
3 4 5850 466
3 3 3224 290
3 2 3224 290
3 1 374 58
4 1 24 6
3 0 374 58
4 0 24 6
2 9 54 16
2 8 54 16
2 7 2800 232
2 6 2800 232
2 5 9178 658
2 4 9178 658
2 3 8614 658
2 2 8614 658
2 1 2222 232
2 0 2222 232
2 -1 40 16
3 -1 1 1
2 -2 40 16
3 -2 1 1
1 9 1 1
1 8 1 1
1 7 526 82
1 6 526 82
1 5 6960 494
1 4 6960 494
1 3 11598 826
1 2 11598 826
1 1 6234 494
1 0 6234 494
1 -1 478 82
1 -2 478 82
0 7 26 14
0 6 26 14
0 5 1781 203
0 4 1781 203
0 3 8246 602
0 2 8246 602
0 1 8424 602
0 0 8424 602
0 -1 1975 203
0 -2 1975 203
0 -3 42 14
1 -3 1 1
0 -4 42 14
1 -4 1 1
-1 7 1 1
-1 6 1 1
-1 5 191 47
-1 4 191 47
-1 3 2399 257
-1 2 2399 257
-1 1 5404 422
-1 0 5404 422
-1 -1 3303 257
-1 -2 3303 257
-1 -3 265 47
-1 -4 265 47
-2 5 11 5
-2 4 11 5
-2 3 333 65
-2 2 333 65
-2 1 1518 170
-2 0 1518 170
-2 -1 1890 170
-2 -2 1890 170
-2 -3 699 65
-2 -4 699 65
-2 -5 5 5
-1 -5 1 1
-2 -6 5 5
-1 -6 1 1
-3 3 20 10
-3 2 20 10
-3 1 216 40
-3 0 216 40
-3 -1 444 60
-3 -2 444 60
-3 -3 320 40
-3 -4 320 40
-3 -5 72 10
-3 -6 72 10
-4 3 1 1
-4 2 1 1
-4 1 17 5
-4 0 17 5
-4 -1 46 10
-4 -2 46 10
-4 -3 46 10
-4 -4 46 10
-4 -5 17 5
-4 -6 17 5
5 11 13 5
6 11 1 1
5 10 13 5
6 10 1 1
5 9 163 25
6 9 7 3
5 8 163 25
6 8 7 3
5 7 310 40
6 7 7 3
5 6 310 40
6 6 7 3
5 5 175 25
6 5 1 1
5 4 175 25
6 4 1 1
4 11 18 6
4 10 18 6
4 9 555 63
4 8 555 63
4 7 1747 165
4 6 1747 165
4 5 1733 165
4 4 1733 165
4 3 547 63
5 3 25 5
4 2 547 63
5 2 25 5
3 11 1 1
3 10 1 1
3 9 460 58
3 8 460 58
3 7 3564 290
3 6 3564 290
3 5 5850 466
3 4 5850 466
3 3 3224 290
3 2 3224 290
3 1 374 58
4 1 24 6
3 0 374 58
4 0 24 6
2 9 54 16
2 8 54 16
2 7 2800 232
2 6 2800 232
2 5 9178 658
2 4 9178 658
2 3 8614 658
2 2 8614 658
2 1 2222 232
2 0 2222 232
2 -1 40 16
3 -1 1 1
2 -2 40 16
3 -2 1 1
1 9 1 1
1 8 1 1
1 7 526 82
1 6 526 82
1 5 6960 494
1 4 6960 494
1 3 11598 826
1 2 11598 826
1 1 6234 494
1 0 6234 494
1 -1 478 82
1 -2 478 82
0 7 26 14
0 6 26 14
0 5 1781 203
0 4 1781 203
0 3 8246 602
0 2 8246 602
0 1 8424 602
0 0 8424 602
0 -1 1975 203
0 -2 1975 203
0 -3 42 14
1 -3 1 1
0 -4 42 14
1 -4 1 1
-1 7 1 1
-1 6 1 1
-1 5 191 47
-1 4 191 47
-1 3 2399 257
-1 2 2399 257
-1 1 5404 422
-1 0 5404 422
-1 -1 3303 257
-1 -2 3303 257
-1 -3 265 47
-1 -4 265 47
-2 5 11 5
-2 4 11 5
-2 3 333 65
-2 2 333 65
-2 1 1518 170
-2 0 1518 170
-2 -1 1890 170
-2 -2 1890 170
-2 -3 699 65
-2 -4 699 65
-2 -5 5 5
-1 -5 1 1
-2 -6 5 5
-1 -6 1 1
-3 3 20 10
-3 2 20 10
-3 1 216 40
-3 0 216 40
-3 -1 444 60
-3 -2 444 60
-3 -3 320 40
-3 -4 320 40
-3 -5 72 10
-3 -6 72 10
-4 3 1 1
-4 2 1 1
-4 1 17 5
-4 0 17 5
-4 -1 46 10
-4 -2 46 10
-4 -3 46 10
-4 -4 46 10
-4 -5 17 5
-4 -6 17 5
