6 16 56 10
7 16 22 6
6 15 56 10
7 15 22 6
6 14 374 50
7 14 79 15
6 13 374 50
7 13 79 15
6 12 802 100
7 12 116 20
6 11 802 100
7 11 116 20
6 10 722 100
7 10 79 15
6 9 722 100
7 9 79 15
6 8 254 50
7 8 22 6
6 7 254 50
7 7 22 6
6 6 16 10
7 6 1 1
6 5 16 10
7 5 1 1
5 16 3 3
5 15 3 3
5 14 546 60
5 13 546 60
5 12 2235 213
5 11 2235 213
5 10 3048 312
5 9 3048 312
5 8 1569 213
5 7 1569 213
5 6 222 60
5 5 222 60
4 16 1 1
4 15 1 1
4 14 139 29
4 13 139 29
4 12 2718 228
4 11 2718 228
4 10 6790 546
4 9 6790 546
4 8 5522 546
4 7 5522 546
4 6 1414 228
4 5 1414 228
4 4 103 29
5 4 9 3
4 3 103 29
5 3 9 3
3 14 33 7
3 13 33 7
3 12 984 116
3 11 984 116
3 10 7476 530
3 9 7476 530
3 8 11274 842
3 7 11274 842
3 6 5042 530
3 5 5042 530
3 4 558 116
3 3 558 116
3 2 7 7
4 2 1 1
3 1 7 7
4 1 1 1
2 12 193 27
2 11 193 27
2 10 3085 277
2 9 3085 277
2 8 11583 779
2 7 11583 779
2 6 10977 779
2 5 10977 779
2 4 2347 277
2 3 2347 277
2 2 61 27
2 1 61 27
1 12 2 2
1 11 2 2
1 10 608 82
1 9 608 82
1 8 5146 448
1 7 5146 448
1 6 10938 736
1 5 10938 736
1 4 6650 448
1 3 6650 448
1 2 530 82
1 1 530 82
0 10 38 14
0 9 38 14
0 8 1134 176
0 7 1134 176
0 6 5124 458
0 5 5124 458
0 4 6468 458
0 3 6468 458
0 2 2492 176
0 1 2492 176
0 0 52 14
1 0 2 2
0 -1 52 14
1 -1 2 2
-1 10 1 1
-1 9 1 1
-1 8 136 50
-1 7 136 50
-1 6 1365 191
-1 5 1365 191
-1 4 2890 284
-1 3 2890 284
-1 2 2225 191
-1 1 2225 191
-1 0 566 50
-1 -1 566 50
-2 8 12 10
-2 7 12 10
-2 6 242 50
-2 5 242 50
-2 4 716 100
-2 3 716 100
-2 2 816 100
-2 1 816 100
-2 0 392 50
-2 -1 392 50
-2 -2 62 10
-1 -2 1 1
-2 -3 62 10
-1 -3 1 1
-3 8 1 1
-3 7 1 1
-3 6 24 6
-3 5 24 6
-3 4 87 15
-3 3 87 15
-3 2 128 20
-3 1 128 20
-3 0 87 15
-3 -1 87 15
-3 -2 24 6
-3 -3 24 6
6 16 56 10
7 16 22 6
6 15 56 10
7 15 22 6
6 14 374 50
7 14 79 15
6 13 374 50
7 13 79 15
6 12 802 100
7 12 116 20
6 11 802 100
7 11 116 20
6 10 722 100
7 10 79 15
6 9 722 100
7 9 79 15
6 8 254 50
7 8 22 6
6 7 254 50
7 7 22 6
6 6 16 10
7 6 1 1
6 5 16 10
7 5 1 1
5 16 3 3
5 15 3 3
5 14 546 60
5 13 546 60
5 12 2235 213
5 11 2235 213
5 10 3048 312
5 9 3048 312
5 8 1569 213
5 7 1569 213
5 6 222 60
5 5 222 60
4 16 1 1
4 15 1 1
4 14 139 29
4 13 139 29
4 12 2718 228
4 11 2718 228
4 10 6790 546
4 9 6790 546
4 8 5522 546
4 7 5522 546
4 6 1414 228
4 5 1414 228
4 4 103 29
5 4 9 3
4 3 103 29
5 3 9 3
3 14 33 7
3 13 33 7
3 12 984 116
3 11 984 116
3 10 7476 530
3 9 7476 530
3 8 11274 842
3 7 11274 842
3 6 5042 530
3 5 5042 530
3 4 558 116
3 3 558 116
3 2 7 7
4 2 1 1
3 1 7 7
4 1 1 1
2 12 193 27
2 11 193 27
2 10 3085 277
2 9 3085 277
2 8 11583 779
2 7 11583 779
2 6 10977 779
2 5 10977 779
2 4 2347 277
2 3 2347 277
2 2 61 27
2 1 61 27
1 12 2 2
1 11 2 2
1 10 608 82
1 9 608 82
1 8 5146 448
1 7 5146 448
1 6 10938 736
1 5 10938 736
1 4 6650 448
1 3 6650 448
1 2 530 82
1 1 530 82
0 10 38 14
0 9 38 14
0 8 1134 176
0 7 1134 176
0 6 5124 458
0 5 5124 458
0 4 6468 458
0 3 6468 458
0 2 2492 176
0 1 2492 176
0 0 52 14
1 0 2 2
0 -1 52 14
1 -1 2 2
-1 10 1 1
-1 9 1 1
-1 8 136 50
-1 7 136 50
-1 6 1365 191
-1 5 1365 191
-1 4 2890 284
-1 3 2890 284
-1 2 2225 191
-1 1 2225 191
-1 0 566 50
-1 -1 566 50
-2 8 12 10
-2 7 12 10
-2 6 242 50
-2 5 242 50
-2 4 716 100
-2 3 716 100
-2 2 816 100
-2 1 816 100
-2 0 392 50
-2 -1 392 50
-2 -2 62 10
-1 -2 1 1
-2 -3 62 10
-1 -3 1 1
-3 8 1 1
-3 7 1 1
-3 6 24 6
-3 5 24 6
-3 4 87 15
-3 3 87 15
-3 2 128 20
-3 1 128 20
-3 0 87 15
-3 -1 87 15
-3 -2 24 6
-3 -3 24 6
