-1 -7 72 10
0 -7 17 5
-1 -8 72 10
0 -8 17 5
-1 -9 340 40
0 -9 46 10
-1 -10 340 40
0 -10 46 10
-1 -11 488 60
0 -11 46 10
-1 -12 488 60
0 -12 46 10
-1 -13 244 40
0 -13 17 5
-1 -14 244 40
0 -14 17 5
-1 -15 24 10
0 -15 1 1
-1 -16 24 10
0 -16 1 1
-2 -7 7 7
-2 -8 7 7
-2 -9 737 73
-2 -10 737 73
-2 -11 2066 184
-2 -12 2066 184
-2 -13 1766 184
-2 -14 1766 184
-2 -15 461 73
-2 -16 461 73
-3 -7 4 4
-3 -8 4 4
-3 -9 394 68
-3 -10 394 68
-3 -11 3772 308
-3 -12 3772 308
-3 -13 6242 488
-3 -14 6242 488
-3 -15 3156 308
-3 -16 3156 308
-3 -17 452 68
-2 -17 31 7
-3 -18 452 68
-2 -18 31 7
-4 -7 1 1
-4 -8 1 1
-4 -9 167 37
-4 -10 167 37
-4 -11 2649 291
-4 -12 2649 291
-4 -13 10092 754
-4 -14 10092 754
-4 -15 10368 754
-4 -16 10368 754
-4 -17 2941 291
-4 -18 2941 291
-4 -19 183 37
-3 -19 12 4
-4 -20 183 37
-3 -20 12 4
-5 -9 34 10
-5 -10 34 10
-5 -11 1115 163
-5 -12 1115 163
-5 -13 7629 701
-5 -14 7629 701
-5 -15 15432 1096
-5 -16 15432 1096
-5 -17 9969 701
-5 -18 9969 701
-5 -19 1391 163
-5 -20 1391 163
-5 -21 28 10
-4 -21 1 1
-5 -22 28 10
-4 -22 1 1
-6 -9 1 1
-6 -10 1 1
-6 -11 247 55
-6 -12 247 55
-6 -13 3262 422
-6 -14 3262 422
-6 -15 11672 998
-6 -16 11672 998
-6 -17 14016 998
-6 -18 14016 998
-6 -19 5710 422
-6 -20 5710 422
-6 -21 351 55
-6 -22 351 55
-7 -11 23 11
-7 -12 23 11
-7 -13 797 175
-7 -14 797 175
-7 -15 5133 601
-7 -16 5133 601
-7 -17 9960 874
-7 -18 9960 874
-7 -19 7635 601
-7 -20 7635 601
-7 -21 2075 175
-7 -22 2075 175
-7 -23 41 11
-6 -23 1 1
-7 -24 41 11
-6 -24 1 1
-8 -11 1 1
-8 -12 1 1
-8 -13 117 51
-8 -14 117 51
-8 -15 1423 241
-8 -16 1423 241
-8 -17 4039 475
-8 -18 4039 475
-8 -19 4735 475
-8 -20 4735 475
-8 -21 2467 241
-8 -22 2467 241
-8 -23 465 51
-8 -24 465 51
-9 -13 12 10
-9 -14 12 10
-9 -15 258 60
-9 -16 258 60
-9 -17 964 150
-9 -18 964 150
-9 -19 1516 200
-9 -20 1516 200
-9 -21 1164 150
-9 -22 1164 150
-9 -23 418 60
-9 -24 418 60
-9 -25 52 10
-8 -25 1 1
-9 -26 52 10
-8 -26 1 1
-10 -13 1 1
-10 -14 1 1
-10 -15 25 7
-10 -16 25 7
-10 -17 111 21
-10 -18 111 21
-10 -19 215 35
-10 -20 215 35
-10 -21 215 35
-10 -22 215 35
-10 -23 111 21
-10 -24 111 21
-10 -25 25 7
-10 -26 25 7
-1 -7 72 10
0 -7 17 5
-1 -8 72 10
0 -8 17 5
-1 -9 340 40
0 -9 46 10
-1 -10 340 40
0 -10 46 10
-1 -11 488 60
0 -11 46 10
-1 -12 488 60
0 -12 46 10
-1 -13 244 40
0 -13 17 5
-1 -14 244 40
0 -14 17 5
-1 -15 24 10
0 -15 1 1
-1 -16 24 10
0 -16 1 1
-2 -7 7 7
-2 -8 7 7
-2 -9 737 73
-2 -10 737 73
-2 -11 2066 184
-2 -12 2066 184
-2 -13 1766 184
-2 -14 1766 184
-2 -15 461 73
-2 -16 461 73
-3 -7 4 4
-3 -8 4 4
-3 -9 394 68
-3 -10 394 68
-3 -11 3772 308
-3 -12 3772 308
-3 -13 6242 488
-3 -14 6242 488
-3 -15 3156 308
-3 -16 3156 308
-3 -17 452 68
-2 -17 31 7
-3 -18 452 68
-2 -18 31 7
-4 -7 1 1
-4 -8 1 1
-4 -9 167 37
-4 -10 167 37
-4 -11 2649 291
-4 -12 2649 291
-4 -13 10092 754
-4 -14 10092 754
-4 -15 10368 754
-4 -16 10368 754
-4 -17 2941 291
-4 -18 2941 291
-4 -19 183 37
-3 -19 12 4
-4 -20 183 37
-3 -20 12 4
-5 -9 34 10
-5 -10 34 10
-5 -11 1115 163
-5 -12 1115 163
-5 -13 7629 701
-5 -14 7629 701
-5 -15 15432 1096
-5 -16 15432 1096
-5 -17 9969 701
-5 -18 9969 701
-5 -19 1391 163
-5 -20 1391 163
-5 -21 28 10
-4 -21 1 1
-5 -22 28 10
-4 -22 1 1
-6 -9 1 1
-6 -10 1 1
-6 -11 247 55
-6 -12 247 55
-6 -13 3262 422
-6 -14 3262 422
-6 -15 11672 998
-6 -16 11672 998
-6 -17 14016 998
-6 -18 14016 998
-6 -19 5710 422
-6 -20 5710 422
-6 -21 351 55
-6 -22 351 55
-7 -11 23 11
-7 -12 23 11
-7 -13 797 175
-7 -14 797 175
-7 -15 5133 601
-7 -16 5133 601
-7 -17 9960 874
-7 -18 9960 874
-7 -19 7635 601
-7 -20 7635 601
-7 -21 2075 175
-7 -22 2075 175
-7 -23 41 11
-6 -23 1 1
-7 -24 41 11
-6 -24 1 1
-8 -11 1 1
-8 -12 1 1
-8 -13 117 51
-8 -14 117 51
-8 -15 1423 241
-8 -16 1423 241
-8 -17 4039 475
-8 -18 4039 475
-8 -19 4735 475
-8 -20 4735 475
-8 -21 2467 241
-8 -22 2467 241
-8 -23 465 51
-8 -24 465 51
-9 -13 12 10
-9 -14 12 10
-9 -15 258 60
-9 -16 258 60
-9 -17 964 150
-9 -18 964 150
-9 -19 1516 200
-9 -20 1516 200
-9 -21 1164 150
-9 -22 1164 150
-9 -23 418 60
-9 -24 418 60
-9 -25 52 10
-8 -25 1 1
-9 -26 52 10
-8 -26 1 1
-10 -13 1 1
-10 -14 1 1
-10 -15 25 7
-10 -16 25 7
-10 -17 111 21
-10 -18 111 21
-10 -19 215 35
-10 -20 215 35
-10 -21 215 35
-10 -22 215 35
-10 -23 111 21
-10 -24 111 21
-10 -25 25 7
-10 -26 25 7
