5 13 50 10
6 13 25 7
5 12 50 10
6 12 25 7
5 11 416 60
6 11 111 21
5 10 416 60
6 10 111 21
5 9 1176 150
6 9 215 35
5 8 1176 150
6 8 215 35
5 7 1544 200
6 7 215 35
5 6 1544 200
6 6 215 35
5 5 986 150
6 5 111 21
5 4 986 150
6 4 111 21
5 3 264 60
6 3 25 7
5 2 264 60
6 2 25 7
5 1 12 10
6 1 1 1
5 0 12 10
6 0 1 1
4 13 1 1
4 12 1 1
4 11 447 51
4 10 447 51
4 9 2433 241
4 8 2433 241
4 7 4727 475
4 6 4727 475
4 5 4039 475
4 4 4039 475
4 3 1401 241
4 2 1401 241
4 1 103 51
4 0 103 51
3 11 39 9
3 10 39 9
3 9 2021 165
3 8 2021 165
3 7 7379 579
3 6 7379 579
3 5 9392 846
3 4 9392 846
3 3 4545 579
3 2 4545 579
3 1 559 165
3 0 559 165
3 -1 9 9
4 -1 1 1
3 -2 9 9
4 -2 1 1
2 9 286 36
2 8 286 36
2 7 5402 354
2 6 5402 354
2 5 12796 882
2 4 12796 882
2 3 9648 882
2 2 9648 882
2 1 2012 354
2 0 2012 354
2 -1 44 36
2 -2 44 36
1 9 1 1
1 8 1 1
1 7 978 92
1 6 978 92
1 5 8740 524
1 4 8740 524
1 3 12936 866
1 2 12936 866
1 1 5150 524
1 0 5150 524
1 -1 308 92
1 -2 308 92
0 7 25 9
0 6 25 9
0 5 1907 171
0 4 1907 171
0 3 8477 543
0 2 8477 543
0 1 8041 543
0 0 8041 543
0 -1 1455 171
0 -2 1455 171
0 -3 9 9
1 -3 1 1
0 -4 9 9
1 -4 1 1
-1 5 132 32
-1 4 132 32
-1 3 2128 216
-1 2 2128 216
-1 1 5114 368
-1 0 5114 368
-1 -1 3120 216
-1 -2 3120 216
-1 -3 178 32
-1 -4 178 32
-2 5 3 3
-2 4 3 3
-2 3 251 57
-2 2 251 57
-2 1 1394 156
-2 0 1394 156
-2 -1 1830 156
-2 -2 1830 156
-2 -3 687 57
-2 -4 687 57
-3 3 16 10
-3 2 16 10
-3 1 214 40
-3 0 214 40
-3 -1 452 60
-3 -2 452 60
-3 -3 326 40
-3 -4 326 40
-3 -5 72 10
-2 -5 3 3
-3 -6 72 10
-2 -6 3 3
-4 3 1 1
-4 2 1 1
-4 1 19 5
-4 0 19 5
-4 -1 52 10
-4 -2 52 10
-4 -3 52 10
-4 -4 52 10
-4 -5 19 5
-4 -6 19 5
5 13 50 10
6 13 25 7
5 12 50 10
6 12 25 7
5 11 416 60
6 11 111 21
5 10 416 60
6 10 111 21
5 9 1176 150
6 9 215 35
5 8 1176 150
6 8 215 35
5 7 1544 200
6 7 215 35
5 6 1544 200
6 6 215 35
5 5 986 150
6 5 111 21
5 4 986 150
6 4 111 21
5 3 264 60
6 3 25 7
5 2 264 60
6 2 25 7
5 1 12 10
6 1 1 1
5 0 12 10
6 0 1 1
4 13 1 1
4 12 1 1
4 11 447 51
4 10 447 51
4 9 2433 241
4 8 2433 241
4 7 4727 475
4 6 4727 475
4 5 4039 475
4 4 4039 475
4 3 1401 241
4 2 1401 241
4 1 103 51
4 0 103 51
3 11 39 9
3 10 39 9
3 9 2021 165
3 8 2021 165
3 7 7379 579
3 6 7379 579
3 5 9392 846
3 4 9392 846
3 3 4545 579
3 2 4545 579
3 1 559 165
3 0 559 165
3 -1 9 9
4 -1 1 1
3 -2 9 9
4 -2 1 1
2 9 286 36
2 8 286 36
2 7 5402 354
2 6 5402 354
2 5 12796 882
2 4 12796 882
2 3 9648 882
2 2 9648 882
2 1 2012 354
2 0 2012 354
2 -1 44 36
2 -2 44 36
1 9 1 1
1 8 1 1
1 7 978 92
1 6 978 92
1 5 8740 524
1 4 8740 524
1 3 12936 866
1 2 12936 866
1 1 5150 524
1 0 5150 524
1 -1 308 92
1 -2 308 92
0 7 25 9
0 6 25 9
0 5 1907 171
0 4 1907 171
0 3 8477 543
0 2 8477 543
0 1 8041 543
0 0 8041 543
0 -1 1455 171
0 -2 1455 171
0 -3 9 9
1 -3 1 1
0 -4 9 9
1 -4 1 1
-1 5 132 32
-1 4 132 32
-1 3 2128 216
-1 2 2128 216
-1 1 5114 368
-1 0 5114 368
-1 -1 3120 216
-1 -2 3120 216
-1 -3 178 32
-1 -4 178 32
-2 5 3 3
-2 4 3 3
-2 3 251 57
-2 2 251 57
-2 1 1394 156
-2 0 1394 156
-2 -1 1830 156
-2 -2 1830 156
-2 -3 687 57
-2 -4 687 57
-3 3 16 10
-3 2 16 10
-3 1 214 40
-3 0 214 40
-3 -1 452 60
-3 -2 452 60
-3 -3 326 40
-3 -4 326 40
-3 -5 72 10
-2 -5 3 3
-3 -6 72 10
-2 -6 3 3
-4 3 1 1
-4 2 1 1
-4 1 19 5
-4 0 19 5
-4 -1 52 10
-4 -2 52 10
-4 -3 52 10
-4 -4 52 10
-4 -5 19 5
-4 -6 19 5
