7 19 60 10
8 19 27 7
7 18 60 10
8 18 27 7
7 17 466 60
8 17 121 21
7 16 466 60
8 16 121 21
7 15 1274 150
8 15 235 35
7 14 1274 150
8 14 235 35
7 13 1636 200
8 13 235 35
7 12 1636 200
8 12 235 35
7 11 1024 150
8 11 121 21
7 10 1024 150
8 10 121 21
7 9 266 60
8 9 27 7
7 8 266 60
8 8 27 7
7 7 10 10
8 7 1 1
7 6 10 10
8 6 1 1
6 17 517 45
6 16 517 45
6 15 2657 225
6 14 2657 225
6 13 4938 450
6 12 4938 450
6 11 4042 450
6 10 4042 450
6 9 1313 225
6 8 1313 225
6 7 69 45
6 6 69 45
5 17 4 4
5 16 4 4
5 15 2108 140
5 14 2108 140
5 13 7716 524
5 12 7716 524
5 11 9624 776
5 10 9624 776
5 9 4516 524
5 8 4516 524
5 7 508 140
5 6 508 140
4 15 118 30
4 14 118 30
4 13 5226 330
4 12 5226 330
4 11 13136 840
4 10 13136 840
4 9 10288 840
4 8 10288 840
4 7 2330 330
4 6 2330 330
4 5 70 30
5 5 4 4
4 4 70 30
5 4 4 4
3 15 2 2
3 14 2 2
3 13 722 102
3 12 722 102
3 11 8374 550
3 10 8374 550
3 9 13456 900
3 8 13456 900
3 7 5950 550
3 6 5950 550
3 5 470 102
3 4 470 102
2 13 32 12
2 12 32 12
2 11 1990 194
2 10 1990 194
2 9 8182 586
2 8 8182 586
2 7 7758 586
2 6 7758 586
2 5 1546 194
2 4 1546 194
2 3 12 12
3 3 2 2
2 2 12 12
3 2 2 2
1 11 164 28
1 10 164 28
1 9 2532 204
1 8 2532 204
1 7 4032 352
1 6 4032 352
1 5 2228 204
1 4 2228 204
1 3 76 28
1 2 76 28
0 9 269 29
0 8 269 29
0 7 1067 103
0 6 1067 103
0 5 939 103
0 4 939 103
0 3 141 29
0 2 141 29
-1 7 100 10
-1 6 100 10
-1 5 98 20
-1 4 98 20
-1 3 42 10
-1 2 42 10
-2 5 1 1
-2 4 1 1
-2 3 1 1
-2 2 1 1
7 19 60 10
8 19 27 7
7 18 60 10
8 18 27 7
7 17 466 60
8 17 121 21
7 16 466 60
8 16 121 21
7 15 1274 150
8 15 235 35
7 14 1274 150
8 14 235 35
7 13 1636 200
8 13 235 35
7 12 1636 200
8 12 235 35
7 11 1024 150
8 11 121 21
7 10 1024 150
8 10 121 21
7 9 266 60
8 9 27 7
7 8 266 60
8 8 27 7
7 7 10 10
8 7 1 1
7 6 10 10
8 6 1 1
6 17 517 45
6 16 517 45
6 15 2657 225
6 14 2657 225
6 13 4938 450
6 12 4938 450
6 11 4042 450
6 10 4042 450
6 9 1313 225
6 8 1313 225
6 7 69 45
6 6 69 45
5 17 4 4
5 16 4 4
5 15 2108 140
5 14 2108 140
5 13 7716 524
5 12 7716 524
5 11 9624 776
5 10 9624 776
5 9 4516 524
5 8 4516 524
5 7 508 140
5 6 508 140
4 15 118 30
4 14 118 30
4 13 5226 330
4 12 5226 330
4 11 13136 840
4 10 13136 840
4 9 10288 840
4 8 10288 840
4 7 2330 330
4 6 2330 330
4 5 70 30
5 5 4 4
4 4 70 30
5 4 4 4
3 15 2 2
3 14 2 2
3 13 722 102
3 12 722 102
3 11 8374 550
3 10 8374 550
3 9 13456 900
3 8 13456 900
3 7 5950 550
3 6 5950 550
3 5 470 102
3 4 470 102
2 13 32 12
2 12 32 12
2 11 1990 194
2 10 1990 194
2 9 8182 586
2 8 8182 586
2 7 7758 586
2 6 7758 586
2 5 1546 194
2 4 1546 194
2 3 12 12
3 3 2 2
2 2 12 12
3 2 2 2
1 11 164 28
1 10 164 28
1 9 2532 204
1 8 2532 204
1 7 4032 352
1 6 4032 352
1 5 2228 204
1 4 2228 204
1 3 76 28
1 2 76 28
0 9 269 29
0 8 269 29
0 7 1067 103
0 6 1067 103
0 5 939 103
0 4 939 103
0 3 141 29
0 2 141 29
-1 7 100 10
-1 6 100 10
-1 5 98 20
-1 4 98 20
-1 3 42 10
-1 2 42 10
-2 5 1 1
-2 4 1 1
-2 3 1 1
-2 2 1 1
