4 10 1 1
5 10 1 1
4 9 1 1
5 9 1 1
4 8 116 14
5 8 10 4
4 7 116 14
5 7 10 4
4 6 327 37
5 6 18 6
4 5 327 37
5 5 18 6
4 4 275 37
5 4 10 4
4 3 275 37
5 3 10 4
4 2 64 14
5 2 1 1
4 1 64 14
5 1 1 1
3 8 81 19
3 7 81 19
3 6 1084 102
3 5 1084 102
3 4 1936 166
3 3 1936 166
3 2 984 102
3 1 984 102
3 0 103 19
4 0 1 1
3 -1 103 19
4 -1 1 1
2 8 14 12
2 7 14 12
2 6 1264 144
2 5 1264 144
2 4 4858 396
2 3 4858 396
2 2 5030 396
2 1 5030 396
2 0 1484 144
2 -1 1484 144
1 8 5 5
1 7 5 5
1 6 611 111
1 5 611 111
1 4 6043 523
1 3 6043 523
1 2 10920 834
1 1 10920 834
1 0 6743 523
1 -1 6743 523
1 -2 965 111
2 -2 62 12
1 -3 965 111
2 -3 62 12
0 8 1 1
0 7 1 1
0 6 189 49
0 5 189 49
0 4 3535 391
0 3 3535 391
0 2 12630 984
0 1 12630 984
0 0 13366 984
0 -1 13366 984
0 -2 4383 391
0 -3 4383 391
0 -4 301 49
1 -4 17 5
0 -5 301 49
1 -5 17 5
-1 6 29 11
-1 5 29 11
-1 4 1151 167
-1 3 1151 167
-1 2 7259 667
-1 1 7259 667
-1 0 13694 1022
-1 -1 13694 1022
-1 -2 8735 667
-1 -3 8735 667
-1 -4 1411 167
-1 -5 1411 167
-1 -6 37 11
0 -6 1 1
-1 -7 37 11
0 -7 1 1
-2 6 1 1
-2 5 1 1
-2 4 183 39
-2 3 183 39
-2 2 2174 268
-2 1 2174 268
-2 0 7010 616
-2 -1 7010 616
-2 -2 7986 616
-2 -3 7986 616
-2 -4 3162 268
-2 -5 3162 268
-2 -6 195 39
-2 -7 195 39
-3 4 10 4
-3 3 10 4
-3 2 311 65
-3 1 311 65
-3 0 1836 224
-3 -1 1836 224
-3 -2 3418 326
-3 -3 3418 326
-3 -4 2526 224
-3 -5 2526 224
-3 -6 647 65
-3 -7 647 65
-3 -8 4 4
-2 -8 1 1
-3 -9 4 4
-2 -9 1 1
-4 2 18 10
-4 1 18 10
-4 0 250 50
-4 -1 250 50
-4 -2 710 100
-4 -3 710 100
-4 -4 810 100
-4 -5 810 100
-4 -6 400 50
-4 -7 400 50
-4 -8 68 10
-4 -9 68 10
-5 2 1 1
-5 1 1 1
-5 0 20 6
-5 -1 20 6
-5 -2 71 15
-5 -3 71 15
-5 -4 104 20
-5 -5 104 20
-5 -6 71 15
-5 -7 71 15
-5 -8 20 6
-5 -9 20 6
4 10 1 1
5 10 1 1
4 9 1 1
5 9 1 1
4 8 116 14
5 8 10 4
4 7 116 14
5 7 10 4
4 6 327 37
5 6 18 6
4 5 327 37
5 5 18 6
4 4 275 37
5 4 10 4
4 3 275 37
5 3 10 4
4 2 64 14
5 2 1 1
4 1 64 14
5 1 1 1
3 8 81 19
3 7 81 19
3 6 1084 102
3 5 1084 102
3 4 1936 166
3 3 1936 166
3 2 984 102
3 1 984 102
3 0 103 19
4 0 1 1
3 -1 103 19
4 -1 1 1
2 8 14 12
2 7 14 12
2 6 1264 144
2 5 1264 144
2 4 4858 396
2 3 4858 396
2 2 5030 396
2 1 5030 396
2 0 1484 144
2 -1 1484 144
1 8 5 5
1 7 5 5
1 6 611 111
1 5 611 111
1 4 6043 523
1 3 6043 523
1 2 10920 834
1 1 10920 834
1 0 6743 523
1 -1 6743 523
1 -2 965 111
2 -2 62 12
1 -3 965 111
2 -3 62 12
0 8 1 1
0 7 1 1
0 6 189 49
0 5 189 49
0 4 3535 391
0 3 3535 391
0 2 12630 984
0 1 12630 984
0 0 13366 984
0 -1 13366 984
0 -2 4383 391
0 -3 4383 391
0 -4 301 49
1 -4 17 5
0 -5 301 49
1 -5 17 5
-1 6 29 11
-1 5 29 11
-1 4 1151 167
-1 3 1151 167
-1 2 7259 667
-1 1 7259 667
-1 0 13694 1022
-1 -1 13694 1022
-1 -2 8735 667
-1 -3 8735 667
-1 -4 1411 167
-1 -5 1411 167
-1 -6 37 11
0 -6 1 1
-1 -7 37 11
0 -7 1 1
-2 6 1 1
-2 5 1 1
-2 4 183 39
-2 3 183 39
-2 2 2174 268
-2 1 2174 268
-2 0 7010 616
-2 -1 7010 616
-2 -2 7986 616
-2 -3 7986 616
-2 -4 3162 268
-2 -5 3162 268
-2 -6 195 39
-2 -7 195 39
-3 4 10 4
-3 3 10 4
-3 2 311 65
-3 1 311 65
-3 0 1836 224
-3 -1 1836 224
-3 -2 3418 326
-3 -3 3418 326
-3 -4 2526 224
-3 -5 2526 224
-3 -6 647 65
-3 -7 647 65
-3 -8 4 4
-2 -8 1 1
-3 -9 4 4
-2 -9 1 1
-4 2 18 10
-4 1 18 10
-4 0 250 50
-4 -1 250 50
-4 -2 710 100
-4 -3 710 100
-4 -4 810 100
-4 -5 810 100
-4 -6 400 50
-4 -7 400 50
-4 -8 68 10
-4 -9 68 10
-5 2 1 1
-5 1 1 1
-5 0 20 6
-5 -1 20 6
-5 -2 71 15
-5 -3 71 15
-5 -4 104 20
-5 -5 104 20
-5 -6 71 15
-5 -7 71 15
-5 -8 20 6
-5 -9 20 6
