-1 -5 45 9
0 -5 18 6
-1 -6 45 9
0 -6 18 6
-1 -7 291 45
0 -7 63 15
-1 -8 291 45
0 -8 63 15
-1 -9 624 90
0 -9 92 20
-1 -10 624 90
0 -10 92 20
-1 -11 576 90
0 -11 63 15
-1 -12 576 90
0 -12 63 15
-1 -13 219 45
0 -13 18 6
-1 -14 219 45
0 -14 18 6
-1 -15 21 9
0 -15 1 1
-1 -16 21 9
0 -16 1 1
-2 -5 6 6
-2 -6 6 6
-2 -7 420 66
-2 -8 420 66
-2 -9 1740 210
-2 -10 1740 210
-2 -11 2550 300
-2 -12 2550 300
-2 -13 1560 210
-2 -14 1560 210
-2 -15 366 66
-2 -16 366 66
-3 -5 4 4
-3 -6 4 4
-3 -7 222 58
-3 -8 222 58
-3 -9 2192 284
-3 -10 2192 284
-3 -11 5510 590
-3 -12 5510 590
-3 -13 5310 590
-3 -14 5310 590
-3 -15 2084 284
-3 -16 2084 284
-3 -17 322 58
-2 -17 30 6
-3 -18 322 58
-2 -18 30 6
-4 -5 1 1
-4 -6 1 1
-4 -7 94 28
-4 -8 94 28
-4 -9 1284 208
-4 -10 1284 208
-4 -11 5851 641
-4 -12 5851 641
-4 -13 8990 920
-4 -14 8990 920
-4 -15 5431 641
-4 -16 5431 641
-4 -17 1284 208
-4 -18 1284 208
-4 -19 94 28
-3 -19 12 4
-4 -20 94 28
-3 -20 12 4
-5 -7 15 5
-5 -8 15 5
-5 -9 415 75
-5 -10 415 75
-5 -11 2995 365
-5 -12 2995 365
-5 -13 7716 776
-5 -14 7716 776
-5 -15 7386 776
-5 -16 7386 776
-5 -17 2545 365
-5 -18 2545 365
-5 -19 285 75
-5 -20 285 75
-5 -21 5 5
-4 -21 1 1
-5 -22 5 5
-4 -22 1 1
-6 -9 50 10
-6 -10 50 10
-6 -11 760 100
-6 -12 760 100
-6 -13 3184 344
-6 -14 3184 344
-6 -15 5028 508
-6 -16 5028 508
-6 -17 2916 344
-6 -18 2916 344
-6 -19 440 100
-6 -20 440 100
-6 -21 10 10
-6 -22 10 10
-7 -11 70 10
-7 -12 70 10
-7 -13 576 76
-7 -14 576 76
-7 -15 1610 178
-7 -16 1610 178
-7 -17 1626 178
-7 -18 1626 178
-7 -19 532 76
-7 -20 532 76
-7 -21 10 10
-7 -22 10 10
-8 -13 29 9
-8 -14 29 9
-8 -15 214 36
-8 -16 214 36
-8 -17 396 54
-8 -18 396 54
-8 -19 266 36
-8 -20 266 36
-8 -21 55 9
-8 -22 55 9
-9 -13 1 1
-9 -14 1 1
-9 -15 15 5
-9 -16 15 5
-9 -17 40 10
-9 -18 40 10
-9 -19 40 10
-9 -20 40 10
-9 -21 15 5
-9 -22 15 5
-1 -5 45 9
0 -5 18 6
-1 -6 45 9
0 -6 18 6
-1 -7 291 45
0 -7 63 15
-1 -8 291 45
0 -8 63 15
-1 -9 624 90
0 -9 92 20
-1 -10 624 90
0 -10 92 20
-1 -11 576 90
0 -11 63 15
-1 -12 576 90
0 -12 63 15
-1 -13 219 45
0 -13 18 6
-1 -14 219 45
0 -14 18 6
-1 -15 21 9
0 -15 1 1
-1 -16 21 9
0 -16 1 1
-2 -5 6 6
-2 -6 6 6
-2 -7 420 66
-2 -8 420 66
-2 -9 1740 210
-2 -10 1740 210
-2 -11 2550 300
-2 -12 2550 300
-2 -13 1560 210
-2 -14 1560 210
-2 -15 366 66
-2 -16 366 66
-3 -5 4 4
-3 -6 4 4
-3 -7 222 58
-3 -8 222 58
-3 -9 2192 284
-3 -10 2192 284
-3 -11 5510 590
-3 -12 5510 590
-3 -13 5310 590
-3 -14 5310 590
-3 -15 2084 284
-3 -16 2084 284
-3 -17 322 58
-2 -17 30 6
-3 -18 322 58
-2 -18 30 6
-4 -5 1 1
-4 -6 1 1
-4 -7 94 28
-4 -8 94 28
-4 -9 1284 208
-4 -10 1284 208
-4 -11 5851 641
-4 -12 5851 641
-4 -13 8990 920
-4 -14 8990 920
-4 -15 5431 641
-4 -16 5431 641
-4 -17 1284 208
-4 -18 1284 208
-4 -19 94 28
-3 -19 12 4
-4 -20 94 28
-3 -20 12 4
-5 -7 15 5
-5 -8 15 5
-5 -9 415 75
-5 -10 415 75
-5 -11 2995 365
-5 -12 2995 365
-5 -13 7716 776
-5 -14 7716 776
-5 -15 7386 776
-5 -16 7386 776
-5 -17 2545 365
-5 -18 2545 365
-5 -19 285 75
-5 -20 285 75
-5 -21 5 5
-4 -21 1 1
-5 -22 5 5
-4 -22 1 1
-6 -9 50 10
-6 -10 50 10
-6 -11 760 100
-6 -12 760 100
-6 -13 3184 344
-6 -14 3184 344
-6 -15 5028 508
-6 -16 5028 508
-6 -17 2916 344
-6 -18 2916 344
-6 -19 440 100
-6 -20 440 100
-6 -21 10 10
-6 -22 10 10
-7 -11 70 10
-7 -12 70 10
-7 -13 576 76
-7 -14 576 76
-7 -15 1610 178
-7 -16 1610 178
-7 -17 1626 178
-7 -18 1626 178
-7 -19 532 76
-7 -20 532 76
-7 -21 10 10
-7 -22 10 10
-8 -13 29 9
-8 -14 29 9
-8 -15 214 36
-8 -16 214 36
-8 -17 396 54
-8 -18 396 54
-8 -19 266 36
-8 -20 266 36
-8 -21 55 9
-8 -22 55 9
-9 -13 1 1
-9 -14 1 1
-9 -15 15 5
-9 -16 15 5
-9 -17 40 10
-9 -18 40 10
-9 -19 40 10
-9 -20 40 10
-9 -21 15 5
-9 -22 15 5
