1 -1 2 2
2 -1 1 1
1 -2 2 2
2 -2 1 1
1 -3 126 16
2 -3 7 3
1 -4 126 16
2 -4 7 3
1 -5 236 28
2 -5 7 3
1 -6 236 28
2 -6 7 3
1 -7 100 16
2 -7 1 1
1 -8 100 16
2 -8 1 1
0 -1 1 1
0 -2 1 1
0 -3 198 34
0 -4 198 34
0 -5 1124 112
0 -6 1124 112
0 -7 1202 112
0 -8 1202 112
0 -9 276 34
1 -9 4 2
0 -10 276 34
1 -10 4 2
-1 -3 105 33
-1 -4 105 33
-1 -5 2223 219
-1 -6 2223 219
-1 -7 4502 372
-1 -8 4502 372
-1 -9 2799 219
-1 -10 2799 219
-1 -11 237 33
0 -11 1 1
-1 -12 237 33
0 -12 1 1
-2 -3 36 20
-2 -4 36 20
-2 -5 1810 246
-2 -6 1810 246
-2 -7 8330 682
-2 -8 8330 682
-2 -9 9468 682
-2 -10 9468 682
-2 -11 3030 246
-2 -12 3030 246
-3 -3 11 7
-3 -4 11 7
-3 -5 893 171
-3 -6 893 171
-3 -7 7445 737
-3 -8 7445 737
-3 -9 15542 1146
-3 -10 15542 1146
-3 -11 10507 737
-3 -12 10507 737
-3 -13 1785 171
-2 -13 118 20
-3 -14 1785 171
-2 -14 118 20
-4 -3 1 1
-4 -4 1 1
-4 -5 265 73
-4 -6 265 73
-4 -7 3816 494
-4 -8 3816 494
-4 -9 13036 1124
-4 -10 13036 1124
-4 -11 15520 1124
-4 -12 15520 1124
-4 -13 6594 494
-4 -14 6594 494
-4 -15 559 73
-3 -15 25 7
-4 -16 559 73
-3 -16 25 7
-5 -5 38 18
-5 -6 38 18
-5 -7 1120 210
-5 -8 1120 210
-5 -9 6154 678
-5 -10 6154 678
-5 -11 11384 972
-5 -12 11384 972
-5 -13 8674 678
-5 -14 8674 678
-5 -15 2440 210
-5 -16 2440 210
-5 -17 78 18
-4 -17 1 1
-5 -18 78 18
-4 -18 1 1
-6 -5 2 2
-6 -6 2 2
-6 -7 175 57
-6 -8 175 57
-6 -9 1661 257
-6 -10 1661 257
-6 -11 4478 500
-6 -12 4478 500
-6 -13 5190 500
-6 -14 5190 500
-6 -15 2729 257
-6 -16 2729 257
-6 -17 531 57
-6 -18 531 57
-7 -7 14 10
-7 -8 14 10
-7 -9 260 60
-7 -10 260 60
-7 -11 958 150
-7 -12 958 150
-7 -13 1512 200
-7 -14 1512 200
-7 -15 1178 150
-7 -16 1178 150
-7 -17 436 60
-7 -18 436 60
-7 -19 58 10
-6 -19 2 2
-7 -20 58 10
-6 -20 2 2
-8 -7 1 1
-8 -8 1 1
-8 -9 23 7
-8 -10 23 7
-8 -11 101 21
-8 -12 101 21
-8 -13 195 35
-8 -14 195 35
-8 -15 195 35
-8 -16 195 35
-8 -17 101 21
-8 -18 101 21
-8 -19 23 7
-8 -20 23 7
1 -1 2 2
2 -1 1 1
1 -2 2 2
2 -2 1 1
1 -3 126 16
2 -3 7 3
1 -4 126 16
2 -4 7 3
1 -5 236 28
2 -5 7 3
1 -6 236 28
2 -6 7 3
1 -7 100 16
2 -7 1 1
1 -8 100 16
2 -8 1 1
0 -1 1 1
0 -2 1 1
0 -3 198 34
0 -4 198 34
0 -5 1124 112
0 -6 1124 112
0 -7 1202 112
0 -8 1202 112
0 -9 276 34
1 -9 4 2
0 -10 276 34
1 -10 4 2
-1 -3 105 33
-1 -4 105 33
-1 -5 2223 219
-1 -6 2223 219
-1 -7 4502 372
-1 -8 4502 372
-1 -9 2799 219
-1 -10 2799 219
-1 -11 237 33
0 -11 1 1
-1 -12 237 33
0 -12 1 1
-2 -3 36 20
-2 -4 36 20
-2 -5 1810 246
-2 -6 1810 246
-2 -7 8330 682
-2 -8 8330 682
-2 -9 9468 682
-2 -10 9468 682
-2 -11 3030 246
-2 -12 3030 246
-3 -3 11 7
-3 -4 11 7
-3 -5 893 171
-3 -6 893 171
-3 -7 7445 737
-3 -8 7445 737
-3 -9 15542 1146
-3 -10 15542 1146
-3 -11 10507 737
-3 -12 10507 737
-3 -13 1785 171
-2 -13 118 20
-3 -14 1785 171
-2 -14 118 20
-4 -3 1 1
-4 -4 1 1
-4 -5 265 73
-4 -6 265 73
-4 -7 3816 494
-4 -8 3816 494
-4 -9 13036 1124
-4 -10 13036 1124
-4 -11 15520 1124
-4 -12 15520 1124
-4 -13 6594 494
-4 -14 6594 494
-4 -15 559 73
-3 -15 25 7
-4 -16 559 73
-3 -16 25 7
-5 -5 38 18
-5 -6 38 18
-5 -7 1120 210
-5 -8 1120 210
-5 -9 6154 678
-5 -10 6154 678
-5 -11 11384 972
-5 -12 11384 972
-5 -13 8674 678
-5 -14 8674 678
-5 -15 2440 210
-5 -16 2440 210
-5 -17 78 18
-4 -17 1 1
-5 -18 78 18
-4 -18 1 1
-6 -5 2 2
-6 -6 2 2
-6 -7 175 57
-6 -8 175 57
-6 -9 1661 257
-6 -10 1661 257
-6 -11 4478 500
-6 -12 4478 500
-6 -13 5190 500
-6 -14 5190 500
-6 -15 2729 257
-6 -16 2729 257
-6 -17 531 57
-6 -18 531 57
-7 -7 14 10
-7 -8 14 10
-7 -9 260 60
-7 -10 260 60
-7 -11 958 150
-7 -12 958 150
-7 -13 1512 200
-7 -14 1512 200
-7 -15 1178 150
-7 -16 1178 150
-7 -17 436 60
-7 -18 436 60
-7 -19 58 10
-6 -19 2 2
-7 -20 58 10
-6 -20 2 2
-8 -7 1 1
-8 -8 1 1
-8 -9 23 7
-8 -10 23 7
-8 -11 101 21
-8 -12 101 21
-8 -13 195 35
-8 -14 195 35
-8 -15 195 35
-8 -16 195 35
-8 -17 101 21
-8 -18 101 21
-8 -19 23 7
-8 -20 23 7
