6 16 55 9
7 16 17 5
6 15 55 9
7 15 17 5
6 14 262 36
7 14 46 10
6 13 262 36
7 13 46 10
6 12 376 54
7 12 46 10
6 11 376 54
7 11 46 10
6 10 186 36
7 10 17 5
6 9 186 36
7 9 17 5
6 8 17 9
7 8 1 1
6 7 17 9
7 7 1 1
5 16 4 4
5 15 4 4
5 14 474 52
5 13 474 52
5 12 1326 136
5 11 1326 136
5 10 1088 136
5 9 1088 136
5 8 242 52
5 7 242 52
4 16 1 1
4 15 1 1
4 14 168 34
4 13 168 34
4 12 1998 182
4 11 1998 182
4 10 3284 298
4 9 3284 298
4 8 1490 182
4 7 1490 182
4 6 148 34
5 6 10 4
4 5 148 34
5 5 10 4
3 14 34 12
3 13 34 12
3 12 1021 135
3 11 1021 135
3 10 4492 384
3 9 4492 384
3 8 4558 384
3 7 4558 384
3 6 1087 135
3 5 1087 135
3 4 34 12
4 4 1 1
3 3 34 12
4 3 1 1
2 14 2 2
2 13 2 2
2 12 283 61
2 11 283 61
2 10 2649 301
2 9 2649 301
2 8 5774 484
2 7 5774 484
2 6 3645 301
2 5 3645 301
2 4 391 61
2 3 391 61
1 12 40 16
1 11 40 16
1 10 856 148
1 9 856 148
1 8 3456 364
1 7 3456 364
1 6 4192 364
1 5 4192 364
1 4 1612 148
1 3 1612 148
1 2 60 16
2 2 2 2
1 1 60 16
2 1 2 2
0 12 2 2
0 11 2 2
0 10 148 46
0 9 148 46
0 8 1118 166
0 7 1118 166
0 6 2198 244
0 5 2198 244
0 4 1626 166
0 3 1626 166
0 2 402 46
0 1 402 46
-1 10 13 9
-1 9 13 9
-1 8 201 45
-1 7 201 45
-1 6 574 90
-1 5 574 90
-1 4 646 90
-1 3 646 90
-1 2 309 45
-1 1 309 45
-1 0 49 9
0 0 2 2
-1 -1 49 9
0 -1 2 2
-2 10 1 1
-2 9 1 1
-2 8 20 6
-2 7 20 6
-2 6 71 15
-2 5 71 15
-2 4 104 20
-2 3 104 20
-2 2 71 15
-2 1 71 15
-2 0 20 6
-2 -1 20 6
6 16 55 9
7 16 17 5
6 15 55 9
7 15 17 5
6 14 262 36
7 14 46 10
6 13 262 36
7 13 46 10
6 12 376 54
7 12 46 10
6 11 376 54
7 11 46 10
6 10 186 36
7 10 17 5
6 9 186 36
7 9 17 5
6 8 17 9
7 8 1 1
6 7 17 9
7 7 1 1
5 16 4 4
5 15 4 4
5 14 474 52
5 13 474 52
5 12 1326 136
5 11 1326 136
5 10 1088 136
5 9 1088 136
5 8 242 52
5 7 242 52
4 16 1 1
4 15 1 1
4 14 168 34
4 13 168 34
4 12 1998 182
4 11 1998 182
4 10 3284 298
4 9 3284 298
4 8 1490 182
4 7 1490 182
4 6 148 34
5 6 10 4
4 5 148 34
5 5 10 4
3 14 34 12
3 13 34 12
3 12 1021 135
3 11 1021 135
3 10 4492 384
3 9 4492 384
3 8 4558 384
3 7 4558 384
3 6 1087 135
3 5 1087 135
3 4 34 12
4 4 1 1
3 3 34 12
4 3 1 1
2 14 2 2
2 13 2 2
2 12 283 61
2 11 283 61
2 10 2649 301
2 9 2649 301
2 8 5774 484
2 7 5774 484
2 6 3645 301
2 5 3645 301
2 4 391 61
2 3 391 61
1 12 40 16
1 11 40 16
1 10 856 148
1 9 856 148
1 8 3456 364
1 7 3456 364
1 6 4192 364
1 5 4192 364
1 4 1612 148
1 3 1612 148
1 2 60 16
2 2 2 2
1 1 60 16
2 1 2 2
0 12 2 2
0 11 2 2
0 10 148 46
0 9 148 46
0 8 1118 166
0 7 1118 166
0 6 2198 244
0 5 2198 244
0 4 1626 166
0 3 1626 166
0 2 402 46
0 1 402 46
-1 10 13 9
-1 9 13 9
-1 8 201 45
-1 7 201 45
-1 6 574 90
-1 5 574 90
-1 4 646 90
-1 3 646 90
-1 2 309 45
-1 1 309 45
-1 0 49 9
0 0 2 2
-1 -1 49 9
0 -1 2 2
-2 10 1 1
-2 9 1 1
-2 8 20 6
-2 7 20 6
-2 6 71 15
-2 5 71 15
-2 4 104 20
-2 3 104 20
-2 2 71 15
-2 1 71 15
-2 0 20 6
-2 -1 20 6
