6 16 60 10
7 16 20 6
6 15 60 10
7 15 20 6
6 14 370 50
7 14 71 15
6 13 370 50
7 13 71 15
6 12 768 100
7 12 104 20
6 11 768 100
7 11 104 20
6 10 684 100
7 10 71 15
6 9 684 100
7 9 71 15
6 8 244 50
7 8 20 6
6 7 244 50
7 7 20 6
6 6 18 10
7 6 1 1
6 5 18 10
7 5 1 1
5 16 4 4
5 15 4 4
5 14 581 65
5 13 581 65
5 12 2328 224
5 11 2328 224
5 10 3196 326
5 9 3196 326
5 8 1722 224
5 7 1722 224
5 6 287 65
5 5 287 65
4 16 1 1
4 15 1 1
4 14 184 38
4 13 184 38
4 12 2960 264
4 11 2960 264
4 10 7529 609
4 9 7529 609
4 8 6565 609
4 7 6565 609
4 6 1974 264
4 5 1974 264
4 4 162 38
5 4 10 4
4 3 162 38
5 3 10 4
3 14 37 11
3 13 37 11
3 12 1330 162
3 11 1330 162
3 10 8610 652
3 9 8610 652
3 8 13468 1002
3 7 13468 1002
3 6 7036 652
3 5 7036 652
3 4 1118 162
3 3 1118 162
3 2 27 11
4 2 1 1
3 1 27 11
4 1 1 1
2 14 1 1
2 13 1 1
2 12 304 54
2 11 304 54
2 10 4327 401
2 9 4327 401
2 8 14149 999
2 7 14149 999
2 6 13871 999
2 5 13871 999
2 4 4045 401
2 3 4045 401
2 2 300 54
2 1 300 54
1 12 24 10
1 11 24 10
1 10 1132 148
1 9 1132 148
1 8 7176 614
1 7 7176 614
1 6 13586 952
1 5 13586 952
1 4 8464 614
1 3 8464 614
1 2 1210 148
1 1 1210 148
1 0 40 10
2 0 1 1
1 -1 40 10
2 -1 1 1
0 12 1 1
0 11 1 1
0 10 148 32
0 9 148 32
0 8 1904 240
0 7 1904 240
0 6 6571 567
0 5 6571 567
0 4 7695 567
0 3 7695 567
0 2 3040 240
0 1 3040 240
0 0 160 32
0 -1 160 32
-1 10 9 3
-1 9 9 3
-1 8 258 60
-1 7 258 60
-1 6 1703 213
-1 5 1703 213
-1 4 3294 312
-1 3 3294 312
-1 2 2469 213
-1 1 2469 213
-1 0 632 60
-1 -1 632 60
-1 -2 3 3
0 -2 1 1
-1 -3 3 3
0 -3 1 1
-2 8 16 10
-2 7 16 10
-2 6 254 50
-2 5 254 50
-2 4 732 100
-2 3 732 100
-2 2 832 100
-2 1 832 100
-2 0 404 50
-2 -1 404 50
-2 -2 66 10
-2 -3 66 10
-3 8 1 1
-3 7 1 1
-3 6 22 6
-3 5 22 6
-3 4 79 15
-3 3 79 15
-3 2 116 20
-3 1 116 20
-3 0 79 15
-3 -1 79 15
-3 -2 22 6
-3 -3 22 6
6 16 60 10
7 16 20 6
6 15 60 10
7 15 20 6
6 14 370 50
7 14 71 15
6 13 370 50
7 13 71 15
6 12 768 100
7 12 104 20
6 11 768 100
7 11 104 20
6 10 684 100
7 10 71 15
6 9 684 100
7 9 71 15
6 8 244 50
7 8 20 6
6 7 244 50
7 7 20 6
6 6 18 10
7 6 1 1
6 5 18 10
7 5 1 1
5 16 4 4
5 15 4 4
5 14 581 65
5 13 581 65
5 12 2328 224
5 11 2328 224
5 10 3196 326
5 9 3196 326
5 8 1722 224
5 7 1722 224
5 6 287 65
5 5 287 65
4 16 1 1
4 15 1 1
4 14 184 38
4 13 184 38
4 12 2960 264
4 11 2960 264
4 10 7529 609
4 9 7529 609
4 8 6565 609
4 7 6565 609
4 6 1974 264
4 5 1974 264
4 4 162 38
5 4 10 4
4 3 162 38
5 3 10 4
3 14 37 11
3 13 37 11
3 12 1330 162
3 11 1330 162
3 10 8610 652
3 9 8610 652
3 8 13468 1002
3 7 13468 1002
3 6 7036 652
3 5 7036 652
3 4 1118 162
3 3 1118 162
3 2 27 11
4 2 1 1
3 1 27 11
4 1 1 1
2 14 1 1
2 13 1 1
2 12 304 54
2 11 304 54
2 10 4327 401
2 9 4327 401
2 8 14149 999
2 7 14149 999
2 6 13871 999
2 5 13871 999
2 4 4045 401
2 3 4045 401
2 2 300 54
2 1 300 54
1 12 24 10
1 11 24 10
1 10 1132 148
1 9 1132 148
1 8 7176 614
1 7 7176 614
1 6 13586 952
1 5 13586 952
1 4 8464 614
1 3 8464 614
1 2 1210 148
1 1 1210 148
1 0 40 10
2 0 1 1
1 -1 40 10
2 -1 1 1
0 12 1 1
0 11 1 1
0 10 148 32
0 9 148 32
0 8 1904 240
0 7 1904 240
0 6 6571 567
0 5 6571 567
0 4 7695 567
0 3 7695 567
0 2 3040 240
0 1 3040 240
0 0 160 32
0 -1 160 32
-1 10 9 3
-1 9 9 3
-1 8 258 60
-1 7 258 60
-1 6 1703 213
-1 5 1703 213
-1 4 3294 312
-1 3 3294 312
-1 2 2469 213
-1 1 2469 213
-1 0 632 60
-1 -1 632 60
-1 -2 3 3
0 -2 1 1
-1 -3 3 3
0 -3 1 1
-2 8 16 10
-2 7 16 10
-2 6 254 50
-2 5 254 50
-2 4 732 100
-2 3 732 100
-2 2 832 100
-2 1 832 100
-2 0 404 50
-2 -1 404 50
-2 -2 66 10
-2 -3 66 10
-3 8 1 1
-3 7 1 1
-3 6 22 6
-3 5 22 6
-3 4 79 15
-3 3 79 15
-3 2 116 20
-3 1 116 20
-3 0 79 15
-3 -1 79 15
-3 -2 22 6
-3 -3 22 6
