6 16 60 10
7 16 24 6
6 15 60 10
7 15 24 6
6 14 398 50
7 14 87 15
6 13 398 50
7 13 87 15
6 12 846 100
7 12 128 20
6 11 846 100
7 11 128 20
6 10 750 100
7 10 87 15
6 9 750 100
7 9 87 15
6 8 254 50
7 8 24 6
6 7 254 50
7 7 24 6
6 6 12 10
7 6 1 1
6 5 12 10
7 5 1 1
5 16 1 1
5 15 1 1
5 14 556 50
5 13 556 50
5 12 2223 191
5 11 2223 191
5 10 2900 284
5 9 2900 284
5 8 1351 191
5 7 1351 191
5 6 120 50
5 5 120 50
4 14 49 11
4 13 49 11
4 12 2474 164
4 11 2474 164
4 10 6243 437
4 9 6243 437
4 8 4675 437
4 7 4675 437
4 6 880 164
4 5 880 164
4 4 23 11
5 4 1 1
4 3 23 11
5 3 1 1
3 14 1 1
3 13 1 1
3 12 442 60
3 11 442 60
3 10 6382 386
3 9 6382 386
3 8 9982 654
3 7 9982 654
3 6 4022 386
3 5 4022 386
3 4 292 60
3 3 292 60
2 12 36 12
2 11 36 12
2 10 1851 197
2 9 1851 197
2 8 9910 634
2 7 9910 634
2 6 10024 634
2 5 10024 634
2 4 1965 197
2 3 1965 197
2 2 36 12
3 2 1 1
2 1 36 12
3 1 1 1
1 12 1 1
1 11 1 1
1 10 283 63
1 9 283 63
1 8 3933 395
1 7 3933 395
1 6 9852 666
1 5 9852 666
1 4 6365 395
1 3 6365 395
1 2 469 63
1 1 469 63
0 10 24 12
0 9 24 12
0 8 888 168
0 7 888 168
0 6 4622 444
0 5 4622 444
0 4 6106 444
0 3 6106 444
0 2 2396 168
0 1 2396 168
0 0 48 12
1 0 1 1
0 -1 48 12
1 -1 1 1
-1 10 1 1
-1 9 1 1
-1 8 122 50
-1 7 122 50
-1 6 1329 191
-1 5 1329 191
-1 4 2826 284
-1 3 2826 284
-1 2 2149 191
-1 1 2149 191
-1 0 532 50
-1 -1 532 50
-2 8 12 10
-2 7 12 10
-2 6 246 50
-2 5 246 50
-2 4 724 100
-2 3 724 100
-2 2 816 100
-2 1 816 100
-2 0 384 50
-2 -1 384 50
-2 -2 58 10
-1 -2 1 1
-2 -3 58 10
-1 -3 1 1
-3 8 1 1
-3 7 1 1
-3 6 24 6
-3 5 24 6
-3 4 87 15
-3 3 87 15
-3 2 128 20
-3 1 128 20
-3 0 87 15
-3 -1 87 15
-3 -2 24 6
-3 -3 24 6
6 16 60 10
7 16 24 6
6 15 60 10
7 15 24 6
6 14 398 50
7 14 87 15
6 13 398 50
7 13 87 15
6 12 846 100
7 12 128 20
6 11 846 100
7 11 128 20
6 10 750 100
7 10 87 15
6 9 750 100
7 9 87 15
6 8 254 50
7 8 24 6
6 7 254 50
7 7 24 6
6 6 12 10
7 6 1 1
6 5 12 10
7 5 1 1
5 16 1 1
5 15 1 1
5 14 556 50
5 13 556 50
5 12 2223 191
5 11 2223 191
5 10 2900 284
5 9 2900 284
5 8 1351 191
5 7 1351 191
5 6 120 50
5 5 120 50
4 14 49 11
4 13 49 11
4 12 2474 164
4 11 2474 164
4 10 6243 437
4 9 6243 437
4 8 4675 437
4 7 4675 437
4 6 880 164
4 5 880 164
4 4 23 11
5 4 1 1
4 3 23 11
5 3 1 1
3 14 1 1
3 13 1 1
3 12 442 60
3 11 442 60
3 10 6382 386
3 9 6382 386
3 8 9982 654
3 7 9982 654
3 6 4022 386
3 5 4022 386
3 4 292 60
3 3 292 60
2 12 36 12
2 11 36 12
2 10 1851 197
2 9 1851 197
2 8 9910 634
2 7 9910 634
2 6 10024 634
2 5 10024 634
2 4 1965 197
2 3 1965 197
2 2 36 12
3 2 1 1
2 1 36 12
3 1 1 1
1 12 1 1
1 11 1 1
1 10 283 63
1 9 283 63
1 8 3933 395
1 7 3933 395
1 6 9852 666
1 5 9852 666
1 4 6365 395
1 3 6365 395
1 2 469 63
1 1 469 63
0 10 24 12
0 9 24 12
0 8 888 168
0 7 888 168
0 6 4622 444
0 5 4622 444
0 4 6106 444
0 3 6106 444
0 2 2396 168
0 1 2396 168
0 0 48 12
1 0 1 1
0 -1 48 12
1 -1 1 1
-1 10 1 1
-1 9 1 1
-1 8 122 50
-1 7 122 50
-1 6 1329 191
-1 5 1329 191
-1 4 2826 284
-1 3 2826 284
-1 2 2149 191
-1 1 2149 191
-1 0 532 50
-1 -1 532 50
-2 8 12 10
-2 7 12 10
-2 6 246 50
-2 5 246 50
-2 4 724 100
-2 3 724 100
-2 2 816 100
-2 1 816 100
-2 0 384 50
-2 -1 384 50
-2 -2 58 10
-1 -2 1 1
-2 -3 58 10
-1 -3 1 1
-3 8 1 1
-3 7 1 1
-3 6 24 6
-3 5 24 6
-3 4 87 15
-3 3 87 15
-3 2 128 20
-3 1 128 20
-3 0 87 15
-3 -1 87 15
-3 -2 24 6
-3 -3 24 6
