4 12 44 10
5 12 28 8
4 11 44 10
5 11 28 8
4 10 454 70
5 10 148 28
4 9 454 70
5 9 148 28
4 8 1620 210
5 8 356 56
4 7 1620 210
5 7 356 56
4 6 2830 350
5 6 470 70
4 5 2830 350
5 5 470 70
4 4 2660 350
5 4 356 56
4 3 2660 350
5 3 356 56
4 2 1314 210
5 2 148 28
4 1 1314 210
5 1 148 28
4 0 284 70
5 0 28 8
4 -1 284 70
5 -1 28 8
4 -2 10 10
5 -2 1 1
4 -3 10 10
5 -3 1 1
3 10 371 45
3 9 371 45
3 8 2596 270
3 7 2596 270
3 6 6719 675
3 5 6719 675
3 4 8336 900
3 3 8336 900
3 2 5089 675
3 1 5089 675
3 0 1292 270
3 -1 1292 270
3 -2 45 45
3 -3 45 45
2 8 1508 120
2 7 1508 120
2 6 7656 600
2 5 7656 600
2 4 14064 1200
2 3 14064 1200
2 2 11336 1200
2 1 11336 1200
2 0 3564 600
2 -1 3564 600
2 -2 144 120
2 -3 144 120
1 8 2 2
1 7 2 2
1 6 3646 220
1 5 3646 220
1 4 13240 862
1 3 13240 862
1 2 16034 1288
1 1 16034 1288
1 0 6924 862
1 -1 6924 862
1 -2 488 220
1 -3 488 220
0 6 44 14
0 5 44 14
0 4 5670 308
0 3 5670 308
0 2 13910 854
0 1 13910 854
0 0 9758 854
0 -1 9758 854
0 -2 1488 308
0 -3 1488 308
0 -4 14 14
1 -4 2 2
0 -5 14 14
1 -5 2 2
-1 4 211 41
-1 3 211 41
-1 2 5697 333
-1 1 5697 333
-1 0 8746 584
-1 -1 8746 584
-1 -2 3047 333
-1 -3 3047 333
-1 -4 125 41
-1 -5 125 41
-2 4 2 2
-2 3 2 2
-2 2 461 69
-2 1 461 69
-2 0 3444 256
-2 -1 3444 256
-2 -2 3416 256
-2 -3 3416 256
-2 -4 433 69
-2 -5 433 69
-3 2 19 7
-3 1 19 7
-3 0 436 66
-3 -1 436 66
-3 -2 1252 118
-3 -3 1252 118
-3 -4 766 66
-3 -5 766 66
-3 -6 7 7
-2 -6 2 2
-3 -7 7 7
-2 -7 2 2
-4 0 24 10
-4 -1 24 10
-4 -2 184 30
-4 -3 184 30
-4 -4 238 30
-4 -5 238 30
-4 -6 78 10
-4 -7 78 10
-5 0 1 1
-5 -1 1 1
-5 -2 14 4
-5 -3 14 4
-5 -4 26 6
-5 -5 26 6
-5 -6 14 4
-5 -7 14 4
4 12 44 10
5 12 28 8
4 11 44 10
5 11 28 8
4 10 454 70
5 10 148 28
4 9 454 70
5 9 148 28
4 8 1620 210
5 8 356 56
4 7 1620 210
5 7 356 56
4 6 2830 350
5 6 470 70
4 5 2830 350
5 5 470 70
4 4 2660 350
5 4 356 56
4 3 2660 350
5 3 356 56
4 2 1314 210
5 2 148 28
4 1 1314 210
5 1 148 28
4 0 284 70
5 0 28 8
4 -1 284 70
5 -1 28 8
4 -2 10 10
5 -2 1 1
4 -3 10 10
5 -3 1 1
3 10 371 45
3 9 371 45
3 8 2596 270
3 7 2596 270
3 6 6719 675
3 5 6719 675
3 4 8336 900
3 3 8336 900
3 2 5089 675
3 1 5089 675
3 0 1292 270
3 -1 1292 270
3 -2 45 45
3 -3 45 45
2 8 1508 120
2 7 1508 120
2 6 7656 600
2 5 7656 600
2 4 14064 1200
2 3 14064 1200
2 2 11336 1200
2 1 11336 1200
2 0 3564 600
2 -1 3564 600
2 -2 144 120
2 -3 144 120
1 8 2 2
1 7 2 2
1 6 3646 220
1 5 3646 220
1 4 13240 862
1 3 13240 862
1 2 16034 1288
1 1 16034 1288
1 0 6924 862
1 -1 6924 862
1 -2 488 220
1 -3 488 220
0 6 44 14
0 5 44 14
0 4 5670 308
0 3 5670 308
0 2 13910 854
0 1 13910 854
0 0 9758 854
0 -1 9758 854
0 -2 1488 308
0 -3 1488 308
0 -4 14 14
1 -4 2 2
0 -5 14 14
1 -5 2 2
-1 4 211 41
-1 3 211 41
-1 2 5697 333
-1 1 5697 333
-1 0 8746 584
-1 -1 8746 584
-1 -2 3047 333
-1 -3 3047 333
-1 -4 125 41
-1 -5 125 41
-2 4 2 2
-2 3 2 2
-2 2 461 69
-2 1 461 69
-2 0 3444 256
-2 -1 3444 256
-2 -2 3416 256
-2 -3 3416 256
-2 -4 433 69
-2 -5 433 69
-3 2 19 7
-3 1 19 7
-3 0 436 66
-3 -1 436 66
-3 -2 1252 118
-3 -3 1252 118
-3 -4 766 66
-3 -5 766 66
-3 -6 7 7
-2 -6 2 2
-3 -7 7 7
-2 -7 2 2
-4 0 24 10
-4 -1 24 10
-4 -2 184 30
-4 -3 184 30
-4 -4 238 30
-4 -5 238 30
-4 -6 78 10
-4 -7 78 10
-5 0 1 1
-5 -1 1 1
-5 -2 14 4
-5 -3 14 4
-5 -4 26 6
-5 -5 26 6
-5 -6 14 4
-5 -7 14 4
