9 27 1 1
10 27 1 1
9 26 1 1
10 26 1 1
9 25 85 17
10 25 21 7
9 24 85 17
10 24 21 7
9 23 564 82
10 23 91 21
9 22 564 82
10 22 91 21
9 21 1473 191
10 21 175 35
9 20 1473 191
10 20 175 35
9 19 1918 250
10 19 175 35
9 18 1918 250
10 18 175 35
9 17 1303 191
10 17 91 21
9 16 1303 191
10 16 91 21
9 15 428 82
10 15 21 7
9 14 428 82
10 14 21 7
9 13 51 17
10 13 1 1
9 12 51 17
10 12 1 1
8 25 39 11
8 24 39 11
8 23 837 111
8 22 837 111
8 21 3729 401
8 20 3729 401
8 19 7007 725
8 18 7007 725
8 17 6453 725
8 16 6453 725
8 15 2871 401
8 14 2871 401
8 13 515 111
8 12 515 111
8 11 21 11
9 11 1 1
8 10 21 11
9 10 1 1
7 25 1 1
7 24 1 1
7 23 343 57
7 22 343 57
7 21 3734 392
7 20 3734 392
7 19 11567 1071
7 18 11567 1071
7 17 15334 1470
7 16 15334 1470
7 15 9357 1071
7 14 9357 1071
7 13 2362 392
7 12 2362 392
7 11 165 57
7 10 165 57
6 23 21 7
6 22 21 7
6 21 1389 167
6 20 1389 167
6 19 9166 822
6 18 9166 822
6 17 19436 1680
6 16 19436 1680
6 15 17014 1680
6 14 17014 1680
6 13 5992 822
6 12 5992 822
6 11 623 167
6 10 623 167
6 9 7 7
7 9 1 1
6 8 7 7
7 8 1 1
5 21 105 21
5 20 105 21
5 19 3111 297
5 18 3111 297
5 17 13033 1059
5 16 13033 1059
5 15 17976 1566
5 14 17976 1566
5 13 9153 1059
5 12 9153 1059
5 11 1345 297
5 10 1345 297
5 9 21 21
5 8 21 21
4 19 245 35
4 18 245 35
4 17 4136 330
4 16 4136 330
4 15 10553 835
4 14 10553 835
4 13 8489 835
4 12 8489 835
4 11 1862 330
4 10 1862 330
4 9 35 35
4 8 35 35
3 17 316 36
3 16 316 36
3 15 3204 228
3 14 3204 228
3 13 4408 384
3 12 4408 384
3 11 1708 228
3 10 1708 228
3 9 36 36
3 8 36 36
2 15 240 24
2 14 240 24
2 13 1149 93
2 12 1149 93
2 11 933 93
2 10 933 93
2 9 24 24
2 8 24 24
1 13 58 10
1 12 58 10
1 11 178 20
1 10 178 20
1 9 100 10
1 8 100 10
0 13 1 1
0 12 1 1
0 11 7 3
0 10 7 3
0 9 7 3
0 8 7 3
9 27 1 1
10 27 1 1
9 26 1 1
10 26 1 1
9 25 85 17
10 25 21 7
9 24 85 17
10 24 21 7
9 23 564 82
10 23 91 21
9 22 564 82
10 22 91 21
9 21 1473 191
10 21 175 35
9 20 1473 191
10 20 175 35
9 19 1918 250
10 19 175 35
9 18 1918 250
10 18 175 35
9 17 1303 191
10 17 91 21
9 16 1303 191
10 16 91 21
9 15 428 82
10 15 21 7
9 14 428 82
10 14 21 7
9 13 51 17
10 13 1 1
9 12 51 17
10 12 1 1
8 25 39 11
8 24 39 11
8 23 837 111
8 22 837 111
8 21 3729 401
8 20 3729 401
8 19 7007 725
8 18 7007 725
8 17 6453 725
8 16 6453 725
8 15 2871 401
8 14 2871 401
8 13 515 111
8 12 515 111
8 11 21 11
9 11 1 1
8 10 21 11
9 10 1 1
7 25 1 1
7 24 1 1
7 23 343 57
7 22 343 57
7 21 3734 392
7 20 3734 392
7 19 11567 1071
7 18 11567 1071
7 17 15334 1470
7 16 15334 1470
7 15 9357 1071
7 14 9357 1071
7 13 2362 392
7 12 2362 392
7 11 165 57
7 10 165 57
6 23 21 7
6 22 21 7
6 21 1389 167
6 20 1389 167
6 19 9166 822
6 18 9166 822
6 17 19436 1680
6 16 19436 1680
6 15 17014 1680
6 14 17014 1680
6 13 5992 822
6 12 5992 822
6 11 623 167
6 10 623 167
6 9 7 7
7 9 1 1
6 8 7 7
7 8 1 1
5 21 105 21
5 20 105 21
5 19 3111 297
5 18 3111 297
5 17 13033 1059
5 16 13033 1059
5 15 17976 1566
5 14 17976 1566
5 13 9153 1059
5 12 9153 1059
5 11 1345 297
5 10 1345 297
5 9 21 21
5 8 21 21
4 19 245 35
4 18 245 35
4 17 4136 330
4 16 4136 330
4 15 10553 835
4 14 10553 835
4 13 8489 835
4 12 8489 835
4 11 1862 330
4 10 1862 330
4 9 35 35
4 8 35 35
3 17 316 36
3 16 316 36
3 15 3204 228
3 14 3204 228
3 13 4408 384
3 12 4408 384
3 11 1708 228
3 10 1708 228
3 9 36 36
3 8 36 36
2 15 240 24
2 14 240 24
2 13 1149 93
2 12 1149 93
2 11 933 93
2 10 933 93
2 9 24 24
2 8 24 24
1 13 58 10
1 12 58 10
1 11 178 20
1 10 178 20
1 9 100 10
1 8 100 10
0 13 1 1
0 12 1 1
0 11 7 3
0 10 7 3
0 9 7 3
0 8 7 3
