1 1 46 10
2 1 23 7
1 0 46 10
2 0 23 7
1 -1 384 60
2 -1 101 21
1 -2 384 60
2 -2 101 21
1 -3 1090 150
2 -3 195 35
1 -4 1090 150
2 -4 195 35
1 -5 1440 200
2 -5 195 35
1 -6 1440 200
2 -6 195 35
1 -7 930 150
2 -7 101 21
1 -8 930 150
2 -8 101 21
1 -9 256 60
2 -9 23 7
1 -10 256 60
2 -10 23 7
1 -11 14 10
2 -11 1 1
1 -12 14 10
2 -12 1 1
0 1 2 2
0 0 2 2
0 -1 431 57
0 -2 431 57
0 -3 2335 257
0 -4 2335 257
0 -5 4574 500
0 -6 4574 500
0 -7 3994 500
0 -8 3994 500
0 -9 1465 257
0 -10 1465 257
0 -11 141 57
0 -12 141 57
-1 -1 70 16
-1 -2 70 16
-1 -3 2076 200
-1 -4 2076 200
-1 -5 7456 656
-1 -6 7456 656
-1 -7 9728 944
-1 -8 9728 944
-1 -9 5062 656
-1 -10 5062 656
-1 -11 804 200
-1 -12 804 200
-1 -13 20 16
0 -13 2 2
-1 -14 20 16
0 -14 2 2
-2 -1 1 1
-2 -2 1 1
-2 -3 475 63
-2 -4 475 63
-2 -5 5834 454
-2 -6 5834 454
-2 -7 13676 1054
-2 -8 13676 1054
-2 -9 11048 1054
-2 -10 11048 1054
-2 -11 2882 454
-2 -12 2882 454
-2 -13 151 63
-2 -14 151 63
-3 -3 25 7
-3 -4 25 7
-3 -5 1551 153
-3 -6 1551 153
-3 -7 9941 683
-3 -8 9941 683
-3 -9 14530 1074
-3 -10 14530 1074
-3 -11 6557 683
-3 -12 6557 683
-3 -13 717 153
-3 -14 717 153
-3 -15 7 7
-2 -15 1 1
-3 -16 7 7
-2 -16 1 1
-4 -5 129 23
-4 -6 129 23
-4 -7 2867 243
-4 -8 2867 243
-4 -9 9919 673
-4 -10 9919 673
-4 -11 9049 673
-4 -12 9049 673
-4 -13 1929 243
-4 -14 1929 243
-4 -15 61 23
-4 -16 61 23
-5 -5 1 1
-5 -6 1 1
-5 -7 318 46
-5 -8 318 46
-5 -9 2850 254
-5 -10 2850 254
-5 -11 5844 418
-5 -12 5844 418
-5 -13 3382 254
-5 -14 3382 254
-5 -15 230 46
-5 -16 230 46
-6 -7 10 4
-6 -8 10 4
-6 -9 349 61
-6 -10 349 61
-6 -11 1609 163
-6 -12 1609 163
-6 -13 2011 163
-6 -14 2011 163
-6 -15 745 61
-6 -16 745 61
-6 -17 4 4
-5 -17 1 1
-6 -18 4 4
-5 -18 1 1
-7 -9 18 10
-7 -10 18 10
-7 -11 224 40
-7 -12 224 40
-7 -13 474 60
-7 -14 474 60
-7 -15 348 40
-7 -16 348 40
-7 -17 80 10
-7 -18 80 10
-8 -9 1 1
-8 -10 1 1
-8 -11 19 5
-8 -12 19 5
-8 -13 52 10
-8 -14 52 10
-8 -15 52 10
-8 -16 52 10
-8 -17 19 5
-8 -18 19 5
1 1 46 10
2 1 23 7
1 0 46 10
2 0 23 7
1 -1 384 60
2 -1 101 21
1 -2 384 60
2 -2 101 21
1 -3 1090 150
2 -3 195 35
1 -4 1090 150
2 -4 195 35
1 -5 1440 200
2 -5 195 35
1 -6 1440 200
2 -6 195 35
1 -7 930 150
2 -7 101 21
1 -8 930 150
2 -8 101 21
1 -9 256 60
2 -9 23 7
1 -10 256 60
2 -10 23 7
1 -11 14 10
2 -11 1 1
1 -12 14 10
2 -12 1 1
0 1 2 2
0 0 2 2
0 -1 431 57
0 -2 431 57
0 -3 2335 257
0 -4 2335 257
0 -5 4574 500
0 -6 4574 500
0 -7 3994 500
0 -8 3994 500
0 -9 1465 257
0 -10 1465 257
0 -11 141 57
0 -12 141 57
-1 -1 70 16
-1 -2 70 16
-1 -3 2076 200
-1 -4 2076 200
-1 -5 7456 656
-1 -6 7456 656
-1 -7 9728 944
-1 -8 9728 944
-1 -9 5062 656
-1 -10 5062 656
-1 -11 804 200
-1 -12 804 200
-1 -13 20 16
0 -13 2 2
-1 -14 20 16
0 -14 2 2
-2 -1 1 1
-2 -2 1 1
-2 -3 475 63
-2 -4 475 63
-2 -5 5834 454
-2 -6 5834 454
-2 -7 13676 1054
-2 -8 13676 1054
-2 -9 11048 1054
-2 -10 11048 1054
-2 -11 2882 454
-2 -12 2882 454
-2 -13 151 63
-2 -14 151 63
-3 -3 25 7
-3 -4 25 7
-3 -5 1551 153
-3 -6 1551 153
-3 -7 9941 683
-3 -8 9941 683
-3 -9 14530 1074
-3 -10 14530 1074
-3 -11 6557 683
-3 -12 6557 683
-3 -13 717 153
-3 -14 717 153
-3 -15 7 7
-2 -15 1 1
-3 -16 7 7
-2 -16 1 1
-4 -5 129 23
-4 -6 129 23
-4 -7 2867 243
-4 -8 2867 243
-4 -9 9919 673
-4 -10 9919 673
-4 -11 9049 673
-4 -12 9049 673
-4 -13 1929 243
-4 -14 1929 243
-4 -15 61 23
-4 -16 61 23
-5 -5 1 1
-5 -6 1 1
-5 -7 318 46
-5 -8 318 46
-5 -9 2850 254
-5 -10 2850 254
-5 -11 5844 418
-5 -12 5844 418
-5 -13 3382 254
-5 -14 3382 254
-5 -15 230 46
-5 -16 230 46
-6 -7 10 4
-6 -8 10 4
-6 -9 349 61
-6 -10 349 61
-6 -11 1609 163
-6 -12 1609 163
-6 -13 2011 163
-6 -14 2011 163
-6 -15 745 61
-6 -16 745 61
-6 -17 4 4
-5 -17 1 1
-6 -18 4 4
-5 -18 1 1
-7 -9 18 10
-7 -10 18 10
-7 -11 224 40
-7 -12 224 40
-7 -13 474 60
-7 -14 474 60
-7 -15 348 40
-7 -16 348 40
-7 -17 80 10
-7 -18 80 10
-8 -9 1 1
-8 -10 1 1
-8 -11 19 5
-8 -12 19 5
-8 -13 52 10
-8 -14 52 10
-8 -15 52 10
-8 -16 52 10
-8 -17 19 5
-8 -18 19 5
