2 4 60 10
3 4 26 6
2 3 60 10
3 3 26 6
2 2 400 50
3 2 95 15
2 1 400 50
3 1 95 15
2 0 850 100
3 0 140 20
2 -1 850 100
3 -1 140 20
2 -2 750 100
3 -2 95 15
2 -3 750 100
3 -3 95 15
2 -4 250 50
3 -4 26 6
2 -5 250 50
3 -5 26 6
2 -6 10 10
3 -6 1 1
2 -7 10 10
3 -7 1 1
1 2 539 45
1 1 539 45
1 0 2146 180
1 -1 2146 180
1 -2 2750 270
1 -3 2750 270
1 -4 1218 180
1 -5 1218 180
1 -6 75 45
1 -7 75 45
0 2 5 5
0 1 5 5
0 0 2286 140
0 -1 2286 140
0 -2 5839 395
0 -3 5839 395
0 -4 4199 395
0 -5 4199 395
0 -6 646 140
0 -7 646 140
-1 0 196 42
-1 -1 196 42
-1 -2 5768 336
-1 -3 5768 336
-1 -4 9186 588
-1 -5 9186 588
-1 -6 3480 336
-1 -7 3480 336
-1 -8 202 42
0 -8 5 5
-1 -9 202 42
0 -9 5 5
-2 0 8 8
-2 -1 8 8
-2 -2 1297 169
-2 -3 1297 169
-2 -4 8996 582
-2 -5 8996 582
-2 -6 9386 582
-2 -7 9386 582
-2 -8 1711 169
-2 -9 1711 169
-3 0 1 1
-3 -1 1 1
-3 -2 192 56
-3 -3 192 56
-3 -4 3372 374
-3 -5 3372 374
-3 -6 9206 638
-3 -7 9206 638
-3 -8 6124 374
-3 -9 6124 374
-3 -10 418 56
-2 -10 32 8
-3 -11 418 56
-2 -11 32 8
-4 -2 23 11
-4 -3 23 11
-4 -4 786 164
-4 -5 786 164
-4 -6 4375 437
-4 -7 4375 437
-4 -8 5891 437
-4 -9 5891 437
-4 -10 2324 164
-4 -11 2324 164
-4 -12 45 11
-3 -12 1 1
-4 -13 45 11
-3 -13 1 1
-5 -2 1 1
-5 -3 1 1
-5 -4 116 50
-5 -5 116 50
-5 -6 1319 191
-5 -7 1319 191
-5 -8 2804 284
-5 -9 2804 284
-5 -10 2111 191
-5 -11 2111 191
-5 -12 512 50
-5 -13 512 50
-6 -4 12 10
-6 -5 12 10
-6 -6 250 50
-6 -7 250 50
-6 -8 734 100
-6 -9 734 100
-6 -10 822 100
-6 -11 822 100
-6 -12 382 50
-6 -13 382 50
-6 -14 56 10
-5 -14 1 1
-6 -15 56 10
-5 -15 1 1
-7 -4 1 1
-7 -5 1 1
-7 -6 24 6
-7 -7 24 6
-7 -8 87 15
-7 -9 87 15
-7 -10 128 20
-7 -11 128 20
-7 -12 87 15
-7 -13 87 15
-7 -14 24 6
-7 -15 24 6
2 4 60 10
3 4 26 6
2 3 60 10
3 3 26 6
2 2 400 50
3 2 95 15
2 1 400 50
3 1 95 15
2 0 850 100
3 0 140 20
2 -1 850 100
3 -1 140 20
2 -2 750 100
3 -2 95 15
2 -3 750 100
3 -3 95 15
2 -4 250 50
3 -4 26 6
2 -5 250 50
3 -5 26 6
2 -6 10 10
3 -6 1 1
2 -7 10 10
3 -7 1 1
1 2 539 45
1 1 539 45
1 0 2146 180
1 -1 2146 180
1 -2 2750 270
1 -3 2750 270
1 -4 1218 180
1 -5 1218 180
1 -6 75 45
1 -7 75 45
0 2 5 5
0 1 5 5
0 0 2286 140
0 -1 2286 140
0 -2 5839 395
0 -3 5839 395
0 -4 4199 395
0 -5 4199 395
0 -6 646 140
0 -7 646 140
-1 0 196 42
-1 -1 196 42
-1 -2 5768 336
-1 -3 5768 336
-1 -4 9186 588
-1 -5 9186 588
-1 -6 3480 336
-1 -7 3480 336
-1 -8 202 42
0 -8 5 5
-1 -9 202 42
0 -9 5 5
-2 0 8 8
-2 -1 8 8
-2 -2 1297 169
-2 -3 1297 169
-2 -4 8996 582
-2 -5 8996 582
-2 -6 9386 582
-2 -7 9386 582
-2 -8 1711 169
-2 -9 1711 169
-3 0 1 1
-3 -1 1 1
-3 -2 192 56
-3 -3 192 56
-3 -4 3372 374
-3 -5 3372 374
-3 -6 9206 638
-3 -7 9206 638
-3 -8 6124 374
-3 -9 6124 374
-3 -10 418 56
-2 -10 32 8
-3 -11 418 56
-2 -11 32 8
-4 -2 23 11
-4 -3 23 11
-4 -4 786 164
-4 -5 786 164
-4 -6 4375 437
-4 -7 4375 437
-4 -8 5891 437
-4 -9 5891 437
-4 -10 2324 164
-4 -11 2324 164
-4 -12 45 11
-3 -12 1 1
-4 -13 45 11
-3 -13 1 1
-5 -2 1 1
-5 -3 1 1
-5 -4 116 50
-5 -5 116 50
-5 -6 1319 191
-5 -7 1319 191
-5 -8 2804 284
-5 -9 2804 284
-5 -10 2111 191
-5 -11 2111 191
-5 -12 512 50
-5 -13 512 50
-6 -4 12 10
-6 -5 12 10
-6 -6 250 50
-6 -7 250 50
-6 -8 734 100
-6 -9 734 100
-6 -10 822 100
-6 -11 822 100
-6 -12 382 50
-6 -13 382 50
-6 -14 56 10
-5 -14 1 1
-6 -15 56 10
-5 -15 1 1
-7 -4 1 1
-7 -5 1 1
-7 -6 24 6
-7 -7 24 6
-7 -8 87 15
-7 -9 87 15
-7 -10 128 20
-7 -11 128 20
-7 -12 87 15
-7 -13 87 15
-7 -14 24 6
-7 -15 24 6
