2 8 0 1.0 1.0 
3 8 0 1.0 1.0 
2 7 0 1.0 1.0 
3 7 0 1.0 1.0 
2 6 1 1.2087121525220808 5.7912878474779195 
3 6 0 1.2087121525220799 5.7912878474779195 
2 5 1 1.20871215252208 5.79128784747792 
3 5 0 1.2087121525220799 5.79128784747792 
2 4 1 1.0252962520126463 7.697261093961579 
3 4 0 2.6086176193690993 7.16424793846021 
2 3 1 1.025296252012643 7.697261093961577 
3 3 0 2.608617619369099 7.164247938460212 
2 2 0 0.6972243622680048 6.999999999999999 
3 2 0 5.0 5.0 
2 1 0 0.6972243622680059 7.0 
3 1 0 5.0 5.0 
1 6 0 2.267949192431123 5.732050807568878 
1 5 0 2.2679491924311233 5.732050807568878 
1 4 0 0.9753892800977558 7.697261093961575 
1 3 0 0.9753892800977567 7.697261093961578 
1 2 0 0.6972243622680053 7.679620483128625 
1 1 0 0.6972243622680063 7.679620483128623 
1 0 0 3.0 5.0 
2 0 0 3.0 3.0 
1 -1 0 3.0 5.0 
2 -1 0 3.0 3.0 
0 6 0 3.0 3.0 
0 5 0 3.0 3.0 
0 4 0 0.9753892800977567 6.999999999999999 
0 3 0 0.9753892800977572 6.999999999999997 
0 2 1 1.2382675082698322 7.679620483128622 
0 1 1 1.2382675082698305 7.6796204831286214 
0 0 1 1.2812903096080854 6.402678829521187 
0 -1 1 1.2812903096080852 6.4026788295211885 
-1 4 0 5.0 5.0 
-1 3 0 5.0 5.0 
-1 2 0 2.20871215252208 6.79128784747792 
-1 1 0 2.2087121525220796 6.7912878474779195 
-1 0 0 1.281290309608085 6.402678829521189 
-1 -1 0 1.281290309608086 6.4026788295211885 
-1 -2 0 1.0 1.0 
0 -2 0 1.0 1.0 
-1 -3 0 1.0 1.0 
0 -3 0 1.0 1.0 
