1 -1 0 2.9021332097771606 8.0 
2 -1 0 8.0 8.0 
1 -2 0 2.902133209777161 8.000000000000002 
2 -2 0 8.0 8.0 
1 -3 0 3.2316952303928588 16.000000000000004 
2 -3 0 16.0 16.0 
1 -4 0 3.231695230392851 16.00000000000001 
2 -4 0 16.0 16.0 
0 -1 1 1.9034927855817174 7.797743327695608 
0 -2 1 1.903492785581721 7.797743327695605 
0 -3 1 0.9854325721050335 14.81872034484633 
0 -4 1 0.9854325721050315 14.818720222960893 
0 -5 0 0.614165941722219 15.932205466794517 
1 -5 0 5.110382490735087 14.000000000000004 
0 -6 0 0.6141659417222219 15.93220536889738 
1 -6 0 5.110382490735085 14.000000000000002 
-1 -1 0 1.9034927855817174 7.000000000000002 
-1 -2 0 1.9034927855817207 7.000000000000001 
-1 -3 0 0.9854325721050322 13.379900185824003 
-1 -4 0 0.9854325721050572 13.379900185879839 
-1 -5 0 0.6141659417337205 15.999999835737547 
-1 -6 0 0.6141659417632475 15.999999999030663 
-1 -7 0 1.4098475008091098 13.848046886123038 
0 -7 0 2.1667668057608798 12.804407320038925 
-1 -8 0 1.4098475016633412 13.84804703698932 
0 -8 0 2.166766805760875 12.804407320038926 
-2 -1 0 3.5857864376269046 7.0 
-2 -2 0 3.5857864376269046 7.0 
-2 -3 0 1.1754481723118242 12.347889403629377 
-2 -4 0 1.1754481723037409 12.347889426900679 
-2 -5 1 0.7631455141656567 15.999999989569513 
-2 -6 1 0.7631455141656563 15.999999999987885 
-2 -7 0 0.29141245551734973 15.606955767673202 
-2 -8 0 0.29141245535258414 15.606956564149886 
-2 -9 0 0.7506405687841036 12.438980937149553 
-1 -9 0 2.279061512040722 10.624135518450917 
-2 -10 0 0.7506405687946146 12.438980934981563 
-1 -10 0 2.2790615120407183 10.624135517134546 
-3 -1 0 3.585786437626904 6.414213562373095 
-3 -2 0 3.585786437626905 6.414213562373096 
-3 -3 0 1.842537706684155 11.420701492412475 
-3 -4 0 1.8425377066764796 11.420701498920518 
-3 -5 0 0.7631455142309136 13.800882070715849 
-3 -6 0 0.7631455141973016 13.800881946967628 
-3 -7 0 0.29141245534849836 15.999999572679297 
-3 -8 0 0.2914124553483093 15.999999992506195 
-3 -9 1 0.750640568784066 13.402146721407046 
-3 -10 1 0.7506405688306751 13.402146721097923 
-3 -11 0 0.5544613300458394 9.46684876574921 
-2 -11 0 1.8590478317030263 7.918469447978808 
-3 -12 0 0.5544613291687732 9.466848766878147 
-2 -12 0 1.8590478317030268 7.918469447978811 
-4 -3 0 4.290724640563075 9.761557181831892 
-4 -4 0 4.290724640563079 9.761557181831892 
-4 -5 0 2.4779617219039585 12.804950732872832 
-4 -6 0 2.477961723785787 12.804950730944364 
-4 -7 0 1.3279001910633264 15.999999999999327 
-4 -8 0 1.3279001904027723 15.999999999989912 
-4 -9 0 0.8289414307843358 14.832427506833353 
-4 -10 0 0.8289414307843436 14.832546025659337 
-4 -11 0 0.5544613291683073 11.041334778786371 
-4 -12 0 0.5544613291683116 11.041334660335055 
-4 -13 0 1.585786437626905 5.000000000000001 
-3 -13 0 1.585786437626905 4.414213562373094 
-4 -14 0 1.5857864376269053 5.0 
-3 -14 0 1.5857864376269049 4.414213562373095 
-5 -5 0 5.694102470666568 11.785667011198003 
-5 -6 0 5.694102470666569 11.785667011198 
-5 -7 0 3.7846743655579704 13.913356045550453 
-5 -8 0 3.7846743655579678 13.913356046021983 
-5 -9 0 2.4617343055798293 14.832546025535926 
-5 -10 0 2.4617343090503367 14.832532421630823 
-5 -11 0 1.8748487920146866 12.449489742783179 
-5 -12 0 1.874848792014784 12.449489742783145 
-5 -13 0 1.5857864376269049 5.000000000000001 
-5 -14 0 1.5857864376269049 5.0 
-6 -7 0 13.0 13.0 
-6 -8 0 13.0 13.0 
-6 -9 0 7.683375209644598 14.3166247903554 
-6 -10 0 7.683375209644598 14.316624790355398 
-6 -11 0 6.0 12.449489742783179 
-6 -12 0 6.0 12.449489742783179 
-6 -13 0 5.0 5.0 
-6 -14 0 5.0 5.0 
