2 2 0 3.0000000000000004 7.0 
3 2 0 7.0 7.0 
2 1 0 2.9999999999999996 7.0 
3 1 0 7.0 7.0 
2 0 0 3.2436878471438426 16.531128874149267 
3 0 0 8.468871125850725 16.531128874149275 
2 -1 0 3.2436878471438075 16.531128874149267 
3 -1 0 8.468871125850725 16.531128874149275 
2 -2 0 4.355917443287491 17.999999999946038 
3 -2 0 16.0 16.0 
2 -3 0 4.355917443287497 17.999999999905853 
3 -3 0 16.0 16.0 
1 2 0 2.9999999999999996 7.000000000000001 
1 1 0 3.0 7.000000000000001 
1 0 0 1.4870557470284629 15.012463965425251 
1 -1 0 1.4870557440198944 15.012463967188767 
1 -2 0 1.8530909131014908 17.99999996557308 
1 -3 0 1.8530909131308366 17.99999996776475 
1 -4 0 2.9753651974106954 15.999999877803806 
2 -4 0 6.975795856273784 15.000000000000002 
1 -5 0 2.9753651974107647 15.999998979896251 
2 -5 0 6.975795856273788 15.0 
0 2 0 2.9999999999999996 7.000000000000002 
0 1 0 3.0 7.000000000000002 
0 0 1 1.367408809191777 13.897430319382078 
0 -1 1 1.3674088091918442 13.8974303007103 
0 -2 1 0.42393748154123867 17.13007546781055 
0 -3 1 0.4239374815412382 17.130075447274116 
0 -4 0 0.3142672559157246 17.73953795323981 
0 -5 0 0.31426725591572136 17.739538054729366 
0 -6 0 1.167908104131227 14.827597572153506 
1 -6 0 4.676157108034311 13.81942276748283 
0 -7 0 1.1679081021007027 14.827597713353034 
1 -7 0 4.676157108034314 13.819422767482834 
-1 2 0 3.0 7.0 
-1 1 0 2.9999999999999996 7.0 
-1 0 0 1.367408809872835 13.020902309358268 
-1 -1 0 1.3674088137003142 13.02090261335543 
-1 -2 0 0.42393748154125843 15.429925241727698 
-1 -3 0 0.42393748154125377 15.429926110589578 
-1 -4 0 0.3142672559157858 17.999999997914934 
-1 -5 0 0.3142672559174251 17.99999988630637 
-1 -6 0 0.4753557753551626 15.703704635694956 
-1 -7 0 0.47535577535861645 15.703705766403779 
-1 -8 0 1.3377778192040406 13.544550004286073 
0 -8 0 3.420199717894659 11.999999997895232 
-1 -9 0 1.3377778192640972 13.54827693718428 
0 -9 0 3.4201997178946635 11.999999992425716 
-2 2 0 5.999999999999999 6.0 
-2 1 0 6.0 6.0 
-2 0 0 2.953758288543789 11.24627427327833 
-2 -1 0 2.9537582886966924 11.246274271467806 
-2 -2 0 1.1370469758340647 14.62822167440313 
-2 -3 0 1.1370469758357817 14.628221517862606 
-2 -4 1 0.6000253483819042 17.99999998853625 
-2 -5 1 0.6000253483819019 17.999999998953033 
-2 -6 1 0.4016392777656389 17.326102087340878 
-2 -7 1 0.4016392777656407 17.32611468486692 
-2 -8 0 0.2932868551245684 14.267604274116685 
-2 -9 0 0.2932868551247679 14.26760376999333 
-2 -10 0 1.2895036422800632 11.509053944032328 
-1 -10 0 2.9166348583273733 10.203186629388775 
-2 -11 0 1.2895036422800663 11.509053944032111 
-1 -11 0 2.916634858327369 10.203186629388776 
-3 2 0 6.0 6.0 
-3 1 0 6.0 6.0 
-3 0 0 3.905935564707564 10.11113660531272 
-3 -1 0 3.905935564707565 10.111136605312716 
-3 -2 0 2.285168075191981 13.999999999863313 
-3 -3 0 2.2851680791029794 13.99999999958109 
-3 -4 0 1.0712177933013254 15.868211984447353 
-3 -5 0 1.0712177932437437 15.876350820398953 
-3 -6 0 0.4016392777658644 17.32609201603801 
-3 -7 0 0.40163927776591446 17.326094540524732 
-3 -8 0 0.29328685512453817 15.423996587307874 
-3 -9 0 0.29328685519338316 15.423996598439716 
-3 -10 0 0.47700489231377685 11.854502882630463 
-3 -11 0 0.47700489231220505 11.85450331093782 
-3 -12 0 1.4798101544490352 9.099286990282952 
-2 -12 0 3.2603226902583535 7.334200531542927 
-3 -13 0 1.4798101544490352 9.099286990282952 
-2 -13 0 3.260322690258354 7.334200531542928 
-4 0 0 7.0 9.0 
-4 -1 0 7.0 9.0 
-4 -2 0 4.726238361923817 12.23658257288415 
-4 -3 0 4.726238361924378 12.23658256536332 
-4 -4 0 2.9063986270550175 14.99999999993072 
-4 -5 0 2.9063986270576976 14.999998914807758 
-4 -6 0 1.465933423528557 16.293447289926075 
-4 -7 0 1.46593342386798 16.293446437410836 
-4 -8 0 0.5793275731604017 15.423995374199798 
-4 -9 0 0.5793275731640777 15.423996289527295 
-4 -10 0 0.4770048923121987 13.144103076689204 
-4 -11 0 0.4770048923121948 13.144103076706731 
-4 -12 0 1.3980218014628247 9.14780921758852 
-4 -13 0 1.3980218005633682 9.14780921758852 
-4 -14 0 3.0 3.0 
-3 -14 0 3.0 3.0 
-4 -15 0 3.0 3.0000000000000004 
-3 -15 0 3.0 3.0 
-5 -2 0 9.0 11.0 
-5 -3 0 8.999999999999998 10.999999999999998 
-5 -4 0 6.221191148444501 13.267028725493754 
-5 -5 0 6.221191148444504 13.267028714766555 
-5 -6 0 4.511150462053496 15.045689169587801 
-5 -7 0 4.511150462053581 15.045689205074485 
-5 -8 0 3.0632804906533044 15.182957216258956 
-5 -9 0 3.0632804899765587 15.182957216169731 
-5 -10 0 2.0361431651878226 13.144103076691852 
-5 -11 0 2.0361431651878137 13.144101563819591 
-5 -12 0 1.3980218005633673 9.467932364866082 
-5 -13 0 1.398021800563367 9.467932364866078 
-5 -14 0 3.0 3.0 
-5 -15 0 2.9999999999999996 3.0 
-6 -4 0 12.0 12.0 
-6 -5 0 12.0 12.0 
-6 -6 0 9.194873308247237 14.03967310151623 
-6 -7 0 9.194873308247237 14.039673101516234 
-6 -8 0 6.851932163082985 14.53236410401054 
-6 -9 0 6.851932163082985 14.532364104010535 
-6 -10 0 5.438447187191171 12.885764563795915 
-6 -11 0 5.438447187191168 12.885764563795915 
-6 -12 0 4.0 9.467932364866078 
-6 -13 0 3.9999999999999996 9.467932364866078 
-6 -14 0 3.0 3.0 
-6 -15 0 3.0 3.0 
