3 9 0 3.0 3.0 
4 9 0 3.0 3.0 
3 8 0 3.0 3.0 
4 8 0 3.0 3.0 
3 7 0 1.2970762765601274 9.971960768397095 
4 7 0 3.604573965274112 9.971960768397098 
3 6 0 1.2970762765601251 9.971960768397096 
4 6 0 3.604573965274112 9.9719607683971 
3 5 0 1.7715238831873603 11.292059435163768 
4 5 0 4.807417596432748 10.192582403567252 
3 4 0 1.7715238831875024 11.292059427990914 
4 4 0 4.807417596432749 10.19258240356725 
3 3 0 2.7493833629588775 10.999999999999996 
4 3 0 9.0 9.0 
3 2 0 2.7493833629588726 10.999999999999995 
4 2 0 9.0 9.0 
2 9 0 3.0 3.0 
2 8 0 3.0 3.0 
2 7 0 1.2970762765606993 9.193030641999961 
2 6 0 1.297076276561862 9.193030641999961 
2 5 0 0.6532839737033013 11.292059426081975 
2 4 0 0.6532839737034829 11.292059394548529 
2 3 0 0.9251532450248213 11.740924021319715 
2 2 0 0.9251532450248219 11.740924021315262 
2 1 0 1.8103252647994308 9.999999998379021 
3 1 0 4.999999999999999 8.0 
2 0 0 1.8103252647994015 9.999999999928761 
3 0 0 5.0 8.0 
1 9 0 3.0 3.0 
1 8 0 3.0 3.0 
1 7 0 1.4259702406522343 8.430248058769934 
1 6 0 1.4259702406522352 8.430248058769937 
1 5 0 0.6532839737070488 10.501216781946388 
1 4 0 0.6532839737033725 10.501216754011887 
1 3 0 0.2730715140167018 11.740924002011093 
1 2 0 0.2730715139491338 11.74092401860199 
1 1 0 0.380333511089999 10.585762641556217 
1 0 0 0.3803335110899983 10.585762567987462 
1 -1 0 1.3947122528558464 7.686359629448129 
2 -1 0 3.5857864376269046 6.414213562373096 
1 -2 0 1.3947122528558478 7.6863596294481304 
2 -2 0 3.5857864376269046 6.414213562373095 
0 7 0 2.4769044093683292 6.4412909104124605 
0 6 0 2.47690440936833 6.441290910412461 
0 5 0 0.9490072864325045 9.701246399254075 
0 4 0 0.9490072864328748 9.701246232557677 
0 3 0 0.27307151391337775 11.476936235403912 
0 2 0 0.27307151391338164 11.476936048018498 
0 1 1 0.3803335110899962 11.312648759979036 
0 0 1 0.38033351108999663 11.312648759934852 
0 -1 1 1.03777872822719 8.549942494136754 
0 -2 1 1.0377787282271893 8.549942543122434 
0 -3 0 0.9999999999999999 4.0 
1 -3 0 3.0 3.0 
0 -4 0 1.0000000000000002 4.0 
1 -4 0 3.0 3.0 
-1 5 0 3.875114580235424 8.761557181831892 
-1 4 0 3.8751145802354254 8.761557181831893 
-1 3 0 2.3385709026642507 10.730831188489809 
-1 2 0 2.3385709026642516 10.730831188489802 
-1 1 0 1.4921315444971857 11.312648739223166 
-1 0 0 1.492131544653805 11.312648759994774 
-1 -1 0 1.0377787282271906 9.323404276086478 
-1 -2 0 1.0377787282271906 9.323404276086476 
-1 -3 0 0.9999999999999999 4.0 
-1 -4 0 0.9999999999999997 4.0 
-2 3 0 10.0 10.0 
-2 2 0 10.0 10.0 
-2 1 0 5.750859461870451 11.10277504909664 
-2 0 0 5.750859461870451 11.102775049096639 
-2 -1 0 4.318669356395023 9.323404276086476 
-2 -2 0 4.318669356395022 9.32340427608648 
-2 -3 0 4.0 4.0 
-2 -4 0 4.0 4.0 
