5 13 0 3.0 3.0 
6 13 0 3.0 3.0 
5 12 0 3.0 3.0 
6 12 0 3.0 3.0 
5 11 0 1.359367436284545 12.828864774980927 
6 11 0 3.7593206980037364 12.82886477498093 
5 10 0 1.359367436284545 12.82886477498093 
6 10 0 3.7593206980037364 12.828864774980929 
5 9 0 1.8517902138795657 15.17396591092975 
6 9 0 5.594875162046673 13.405124837953327 
5 8 0 1.851790213862826 15.173966254905153 
6 8 0 5.594875162046674 13.405124837953327 
5 7 0 3.546082700698451 14.000000000000005 
6 7 0 11.0 11.0 
5 6 0 3.546082700698445 14.000000000000002 
6 6 0 11.0 11.0 
4 13 0 3.0 3.0 
4 12 0 3.0 3.0 
4 11 0 1.3593674363203552 12.07168219612579 
4 10 0 1.3593674363108785 12.071682196125794 
4 9 0 0.8065584128710878 15.17396636207061 
4 8 0 0.8065584129088084 15.173966363649585 
4 7 0 1.0467380537309816 15.999999985042699 
4 6 0 1.0467380537309634 15.999999941994082 
4 5 0 2.64405914919874 12.999999541627504 
5 5 0 6.999999999999999 10.0 
4 4 0 2.644059149199304 12.999999539017123 
5 4 0 7.0 10.0 
3 13 0 3.0 3.0 
3 12 0 3.0 3.0 
3 11 0 1.4411320611288283 11.335806811452619 
3 10 0 1.4411320611288283 11.33580681145262 
3 9 0 0.806558414475263 14.416407441208781 
3 8 0 0.8065584128701722 14.416407446039909 
3 7 0 0.5748541872696253 15.999999941104354 
3 6 0 0.5748541875150541 15.99999991254531 
3 5 0 0.6932705361531802 14.99999963813155 
3 4 0 0.6932705361528091 14.999999960553003 
3 3 0 2.311961770288762 10.999999997028114 
4 3 0 5.585786437626905 8.414213562373096 
3 2 0 2.3119617702881294 10.999999942955286 
4 2 0 5.585786437626905 8.414213562373094 
2 11 0 2.71137218488207 9.288627815117929 
2 10 0 2.7113721848820695 9.288627815117929 
2 9 0 1.1653553746504004 13.672916513235414 
2 8 0 1.1653553746120051 13.672916524299099 
2 7 0 0.5748541871817677 15.461473472594571 
2 6 0 0.5748541874478317 15.461473489297829 
2 5 0 0.31448213177918016 15.588107073808004 
2 4 0 0.3144821317603688 15.588107061075057 
2 3 0 0.4794185714870206 12.91219412722425 
2 2 0 0.47941857154139866 12.912194127013104 
2 1 0 2.318489423297128 8.843076291418862 
3 1 0 5.0 5.0 
2 0 0 2.3184894232971285 8.843076291418859 
3 0 0 5.0 5.0 
1 11 0 3.9999999999999996 5.999999999999999 
1 10 0 4.0 6.000000000000001 
1 9 0 2.171677269796998 11.999999855479167 
1 8 0 2.17167726979699 11.999999999999975 
1 7 0 0.7859642627938352 14.71963694623447 
1 6 0 0.7859642639421935 14.719637056857067 
1 5 0 0.314482131720886 15.588107082749 
1 4 0 0.3144821317212181 15.588106702496958 
1 3 0 0.16889854871545215 14.40612953400492 
1 2 0 0.16889854866987802 14.406129528800582 
1 1 0 0.2510684900052239 10.402417418629085 
1 0 0 0.2510684900052286 10.402417418499331 
0 9 0 3.176094347759934 9.000000000000002 
0 8 0 3.176094347759937 9.000000000000002 
0 7 0 1.5996014212716863 13.999999811576583 
0 6 0 1.5996014212716887 13.999999997708409 
0 5 0 0.627109642161223 15.409053617137833 
0 4 0 0.6271096420300045 15.409052811043791 
0 3 0 0.16889854866991216 15.209718327869371 
0 2 0 0.16889854866999968 15.209718326039074 
0 1 1 0.2510684900052244 12.058760998374785 
0 0 1 0.25106849000522646 12.058760998376304 
0 -1 1 1.43844718719117 5.561552812808832 
1 -1 0 1.9999999999999996 4.0 
0 -2 1 1.4384471871911706 5.561552812808831 
1 -2 0 2.0 3.9999999999999996 
-1 7 0 4.94393969369401 11.84122207005006 
-1 6 0 4.943939693694013 11.841222070050062 
-1 5 0 3.413496184533843 14.691782591588314 
-1 4 0 3.4134961845362697 14.691782591609888 
-1 3 0 2.6430338295811038 15.209718328193897 
-1 2 0 2.6430338299736307 15.209718328079132 
-1 1 0 1.725156822850436 13.198523207397205 
-1 0 0 1.7251568238879742 13.198523207388648 
-1 -1 0 1.43844718719117 6.0 
-1 -2 0 1.4384471871911704 6.0 
-2 5 0 14.0 14.0 
-2 4 0 14.0 14.0 
-2 3 0 7.8334549039513774 15.073184903712875 
-2 2 0 7.833454903951379 15.073184903712878 
-2 1 0 6.338399579631296 13.198523207398232 
-2 0 0 6.338399579631294 13.198523207398235 
-2 -1 0 6.0 6.0 
-2 -2 0 6.0 6.0 
