6 18 0 2.0 4.0 
7 18 0 4.0 4.0 
6 17 0 2.0000000000000004 4.0 
7 17 0 4.0 4.0 
6 16 0 1.7639320225002089 8.302775637731996 
7 16 0 4.381966011250104 8.302775637731994 
6 15 0 1.7639320225002104 8.302775637731994 
7 15 0 4.381966011250103 8.302775637731997 
6 14 0 2.145898034265311 11.498954898619507 
7 14 0 5.2038530609990525 11.498954900958445 
6 13 0 2.1458980338111906 11.498954897614992 
7 13 0 5.203853060999059 11.498954900958443 
6 12 0 2.649915210149697 14.498954867653522 
7 12 0 6.396877832826813 14.49895490095845 
6 11 0 2.649915261598643 14.498954871990769 
7 11 0 6.396877832826815 14.498954900958452 
6 10 0 3.471802253430295 16.062308318402785 
7 10 0 7.885092458523246 15.685939982139883 
6 9 0 3.4718022534340074 16.062308386672655 
7 9 0 7.885092458523244 15.685939982139883 
6 8 0 4.664827025266491 15.654123318609916 
7 8 0 10.0 14.860805853111707 
6 7 0 4.664827025275035 15.654123318529653 
7 7 0 9.999999999999998 14.860805853111705 
6 6 0 6.153041650954367 13.860805797744534 
7 6 0 13.0 13.0 
6 5 0 6.153041650954375 13.8608058478302 
7 5 0 13.0 13.0 
5 18 0 1.9999999999999993 4.0 
5 17 0 2.0 4.0 
5 16 0 0.9999999999999997 8.302775637731997 
5 15 0 1.0000000000000036 8.30277563773199 
5 14 0 0.7639320225002159 11.498954742973481 
5 13 0 0.7639320231583145 11.498954799431793 
5 12 0 0.7639320229658593 14.498954900303758 
5 11 0 0.7639320227423487 14.498954899536008 
5 10 0 1.267949195282839 16.06230833445434 
5 9 0 1.2679491943090608 16.062307866742117 
5 8 0 1.7830737865694053 16.8126505717437 
5 7 0 1.7830737865856825 16.81265076498888 
5 6 0 2.8346324034191412 14.590490808544727 
5 5 0 2.8346324034433494 14.590490764073412 
5 4 0 4.3703369707786885 12.592856660678198 
6 4 0 8.267949192431121 11.732050807568877 
5 3 0 4.370336984075516 12.592856660673839 
6 3 0 8.267949192431121 11.732050807568877 
4 18 0 1.9999999999999996 4.0 
4 17 0 2.0 4.0 
4 16 0 1.0000000000000022 8.30277563773199 
4 15 0 1.0000000000000004 8.302775637731987 
4 14 1 0.7639320225002129 11.4989548996554 
4 13 1 0.763932022500207 11.49895483480802 
4 12 3 0.7639320225002101 14.222474259094032 
4 11 3 0.7639320225002089 14.222474249910425 
4 10 3 0.5151245941377649 16.062308328333614 
4 9 3 0.5151245941377687 16.06230835170268 
4 8 1 0.515124594137767 17.74165738673314 
4 7 1 0.5151245941377682 17.74165738667002 
4 6 0 0.515124594525831 15.55159496234436 
4 5 0 0.5151245941381754 15.55159500642451 
4 4 0 1.5666832144013296 13.322541635786456 
4 3 0 1.5666832130298671 13.32254161038507 
4 2 0 3.102387777602689 10.414213562373094 
5 2 0 6.267949192431122 9.732050807568875 
4 1 0 3.102387777602692 10.414213562373098 
5 1 0 6.267949192431122 9.732050807568875 
3 16 0 2.2679491924311237 7.732050807568877 
3 15 0 2.267949192431122 7.732050807568875 
3 14 0 1.0000000000010836 11.222474262620889 
3 13 0 1.0000000000009164 11.222474262798967 
3 12 1 0.7639320225002116 13.784027058525385 
3 11 1 0.7639320225002115 13.784026896971266 
3 10 2 0.8511110285829686 15.824070688520973 
3 9 2 0.851111028587451 15.824070872135703 
3 8 1 0.5151245941377671 17.741657361935147 
3 7 1 0.5151245941377657 17.74165737563544 
3 6 0 0.5151245942278816 17.99999992702988 
3 5 0 0.5151245941485816 17.999999999954785 
3 4 0 1.448524554499854 14.28364580248091 
3 3 0 1.4485245546694379 14.283644099729734 
3 2 0 2.9025218012107517 10.59049082820695 
3 1 0 2.902521775611164 10.590490828055271 
3 0 0 4.999999999999999 7.000000000000001 
4 0 0 5.000000000000001 7.0 
3 -1 0 4.999999999999999 7.000000000000001 
4 -1 0 4.999999999999999 7.0 
2 14 0 2.778292473175888 10.54924145608734 
2 13 0 2.7782924731758882 10.549241456087904 
2 12 0 1.7782924751512386 13.222473600747351 
2 11 0 1.7782924731760243 13.222474026074998 
2 10 0 0.8511110285830192 15.385622655506124 
2 9 0 0.8511110296453487 15.385623132927973 
2 8 1 0.7639320225002139 17.741657186181207 
2 7 1 0.7639320225002096 17.741657363879092 
2 6 2 0.8511110285829596 17.99999995602829 
2 5 2 0.8511110285829628 17.99999971377884 
2 4 1 1.4485245544906802 16.732049888824985 
2 3 1 1.4485245544906875 16.732050807517098 
2 2 0 2.36721438419982 11.55159500806202 
2 1 0 2.36721438609993 11.551594417656815 
2 0 0 4.999999999999999 7.0 
2 -1 0 4.999999999999999 7.000000000000001 
1 12 0 3.792596624257834 12.54924145590453 
1 11 0 3.7925966242578313 12.549241456087659 
1 10 0 2.792596624413928 14.824069812402984 
1 9 0 2.7925966242697937 14.82407075750751 
1 8 0 1.000000000000056 17.303210198751106 
1 7 0 1.0000000000001625 17.303210196800727 
1 6 0 0.7639320225004601 17.999999949165733 
1 5 0 0.7639320225002867 17.999999924527025 
1 4 0 0.7639320225002109 17.414213561413206 
1 3 0 0.7639320225014954 17.414213562026017 
1 2 0 1.2679491933972704 13.999999999714976 
1 1 0 1.2679491924311261 13.999999999646528 
1 0 0 4.999999999999998 7.000000000000001 
1 -1 0 4.999999999999998 7.000000000000002 
0 10 0 3.76393202250021 14.000000000000007 
0 9 0 3.7639320225002115 14.000000000000004 
0 8 0 1.0000000001684337 16.741657380336022 
0 7 0 1.0000000000152538 16.741657383705125 
0 6 1 0.7639320225002092 17.99999996541105 
0 5 1 0.7639320225002073 17.999999999978684 
0 4 3 0.7639320225002086 17.41421356235958 
0 3 3 0.7639320225002083 17.41421356234996 
0 2 3 1.267949192431117 13.999999999767308 
0 1 3 1.2679491924311255 13.999999999257764 
0 0 1 1.9999999999999987 8.0 
0 -1 1 2.000000000000003 8.000000000000002 
-1 8 0 7.763932022500207 15.000000000000002 
-1 7 0 7.763932022500211 15.000000000000002 
-1 6 0 5.00000000000001 17.561552808819737 
-1 5 0 5.0000000000000036 17.561552811139105 
-1 4 0 2.585786437628436 17.414213533966308 
-1 3 0 2.585786437627238 17.414213555222194 
-1 2 0 1.99999999999999 13.999999999999954 
-1 1 0 2.0000000000000018 13.999999999999986 
-1 0 0 1.9999999999999993 8.000000000000002 
-1 -1 0 1.9999999999999993 8.0 
-2 6 0 17.0 17.0 
-2 5 0 17.0 17.0 
-2 4 0 11.0 17.4142135623731 
-2 3 0 11.000000000000002 17.414213562373096 
-2 2 0 8.585786437626906 14.0 
-2 1 0 8.585786437626904 14.0 
-2 0 0 8.0 8.0 
-2 -1 0 8.0 8.0 
