2 8 1 1.9999999999999998 1.9999999999999998 
3 8 0 2.0 2.0 
2 7 1 2.0 2.0 
3 7 0 2.0 2.0 
2 6 2 0.763932022500209 6.903211925911554 
3 6 0 2.290724640563077 6.903211925911553 
2 5 2 0.7639320225002104 6.903211925911553 
3 5 0 2.2907246405630777 6.903211925911554 
2 4 1 0.5164915919197521 9.484435250537112 
3 4 0 4.23844281816811 9.124885419764572 
2 3 1 0.5164915919197524 9.484435250537107 
3 3 0 4.238442818168109 9.124885419764574 
2 2 0 0.6719687105043898 9.0 
3 2 0 7.0 7.0 
2 1 0 0.6719687105043916 9.0 
3 1 0 7.0 7.0 
1 6 0 0.7639320225002114 6.732050807568878 
1 5 0 0.7639320225002099 6.732050807568876 
1 4 0 0.5164915919199473 9.484435250328751 
1 3 0 0.5164915919325688 9.484435250368971 
1 2 0 0.6719687105045331 9.684159163933277 
1 1 0 0.6719687105044999 9.684159197450583 
1 0 0 3.0 7.000000000000001 
2 0 0 2.9999999999999996 5.0 
1 -1 0 3.000000000000001 7.0 
2 -1 0 2.9999999999999996 5.0 
0 6 0 2.0 4.0 
0 5 0 2.0 3.999999999999999 
0 4 1 1.7508594618704507 8.828427124746186 
0 3 1 1.7508594618704536 8.828427124746192 
0 2 2 1.864450077211451 10.0 
0 1 2 1.8644500772114483 9.999999196028721 
0 0 1 0.6719687105043923 7.701562118716428 
0 -1 1 0.6719687105043897 7.701562118716423 
-1 4 0 3.2679491924311233 6.732050807568878 
-1 3 0 3.267949192431123 6.732050807568876 
-1 2 0 1.011685510501839 10.000000000000002 
-1 1 0 1.011685510501836 10.0 
-1 0 0 0.6719687105043914 9.0 
-1 -1 0 0.6719687105043888 9.000000000000002 
-1 -2 0 1.0 3.0 
0 -2 0 0.9999999999999999 3.0 
-1 -3 0 1.0000000000000002 3.0 
0 -3 0 1.0 3.0 
-2 2 0 8.0 8.0 
-2 1 0 8.0 8.0 
-2 0 0 3.9999999999999996 9.0 
-2 -1 0 3.999999999999999 9.0 
-2 -2 0 3.0 3.0 
-2 -3 0 3.0 3.0 
