2 6 0 0.9999999999999996 3.0 
3 6 0 3.0 3.0 
2 5 0 1.0000000000000004 3.0 
3 5 0 3.0 3.0 
2 4 0 0.9677376685823276 10.0838723594356 
3 4 0 3.7029294556367245 10.083872359435606 
2 3 0 0.9677376685823278 10.08387235943561 
3 3 0 3.7029294556367245 10.083872359435606 
2 2 0 1.2174244248331039 13.085643782378808 
3 2 0 5.999999999999999 12.0 
2 1 0 1.2174244248325559 13.085643749176732 
3 1 0 6.0 12.0 
2 0 0 2.4574798792028663 12.000000000000009 
3 0 0 10.0 10.0 
2 -1 0 2.457479879202869 12.0 
3 -1 0 10.0 10.0 
1 6 0 1.0000000000000002 3.0 
1 5 0 0.9999999999999996 3.0 
1 4 0 0.43169461755959254 9.71925191273353 
1 3 0 0.43169461755949845 9.719251912733533 
1 2 0 0.4281684947326971 13.085643782420242 
1 1 0 0.42816849472493074 13.08564362022767 
1 0 0 0.5655040896050282 13.999999999152028 
1 -1 0 0.5655040896050283 13.999999999708347 
1 -2 0 1.8555118240372062 10.828427124746192 
2 -2 0 5.999999999999999 8.0 
1 -3 0 1.8555118240372046 10.828427124746192 
2 -3 0 6.000000000000001 8.0 
0 4 0 0.4316946175594668 7.843404487333673 
0 3 0 0.43169461755946864 7.8434044873336735 
0 2 1 0.42816849472493107 11.766113141348637 
0 1 1 0.4281684947249287 11.766113296122576 
0 0 2 0.7478630660508157 13.99999987853357 
0 -1 2 0.7478630660508161 13.999999950675807 
0 -2 1 1.0481418162775915 11.999999816188408 
0 -3 1 1.0481418162775922 11.999999754053864 
0 -4 0 2.0000000000000013 8.82842712474619 
1 -4 0 4.0 6.0 
0 -5 0 2.0000000000000004 8.82842712474619 
1 -5 0 3.9999999999999996 6.0 
-1 4 0 3.0000000000000004 5.0 
-1 3 0 3.0 5.0 
-1 2 0 0.873009625760322 9.999999982672438 
-1 1 0 0.8730096257231068 9.999999758337935 
-1 0 0 0.4222407320074795 13.732050039991442 
-1 -1 0 0.4222407320074836 13.73205007055014 
-1 -2 0 0.4006900427449729 13.40485631379558 
-1 -3 0 0.4006900427509239 13.40485631545942 
-1 -4 0 0.5133956761335645 10.244003852460134 
-1 -5 0 0.5133956761334673 10.244003857011695 
-2 2 0 2.4633703787941967 7.999999999999998 
-2 1 0 2.4633703787941967 8.0 
-2 0 0 0.4222407320088814 11.99999999940363 
-2 -1 0 0.4222407320216292 11.999999998701938 
-2 -2 1 0.40069004274489767 13.999999660748461 
-2 -3 1 0.40069004274489783 13.999999995392395 
-2 -4 2 0.5133956761334653 11.385871348052337 
-2 -5 2 0.5133956761334664 11.385871348057456 
-2 -6 1 2.0 5.0 
-1 -6 0 2.0 4.0 
-2 -7 1 2.0 5.0 
-1 -7 0 2.0000000000000004 4.0 
-3 0 0 4.76393202250021 10.0 
-3 -1 0 4.763932022500212 10.0 
-3 -2 0 2.7888081437195136 14.000000000000002 
-3 -3 0 2.788808143719512 13.999999999999998 
-3 -4 0 1.7738654964658847 12.701562118716426 
-3 -5 0 1.773865496465882 12.701562118716422 
-3 -6 0 1.9999999999999993 5.0 
-3 -7 0 2.0000000000000004 5.0 
-4 -2 0 12.0 12.0 
-4 -3 0 12.0 12.0 
-4 -4 0 6.298437881283576 12.701562118716424 
-4 -5 0 6.298437881283576 12.701562118716424 
-4 -6 0 5.0 5.0 
-4 -7 0 5.0 5.0 
