0 0 0 1.0 1.0 
1 0 0 1.0 1.0 
0 -1 0 1.0 1.0 
1 -1 0 1.0 1.0 
0 -2 1 1.1682695102816172 9.027680832953417 
1 -2 0 1.1682695102816172 9.027680832953418 
0 -3 1 1.168269510281617 9.027680832953415 
1 -3 0 1.1682695102816172 9.027680832953418 
0 -4 1 1.0927568397569833 13.373661682406935 
1 -4 0 2.4023737237659093 13.373661682406937 
0 -5 1 1.0927568397569798 13.373661682406935 
1 -5 0 2.4023737237659097 13.373661682406937 
0 -6 0 0.7626321189218964 14.424012294889163 
1 -6 0 5.102156828651325 12.761662589069882 
0 -7 0 0.7626321189219022 14.424012294889163 
1 -7 0 5.102156828651325 12.761662589069887 
0 -8 0 3.1504544210784187 12.000000000000004 
1 -8 0 9.0 9.0 
0 -9 0 3.1504544210784178 12.000000000000007 
1 -9 0 9.0 9.0 
-1 -2 0 2.2679491924311224 9.0 
-1 -3 0 2.2679491924311233 9.000000000000002 
-1 -4 0 0.9061961113411873 13.336647690612715 
-1 -5 0 0.9061961137627327 13.336647602411023 
-1 -6 0 0.7626321189221513 15.749956966688234 
-1 -7 0 0.7626321189296718 15.749956080533089 
-1 -8 0 2.5644511608828577 13.999999999982734 
-1 -9 0 2.5644511608824256 13.999999999720346 
-1 -10 0 6.267949192431123 10.000000000000002 
0 -10 0 7.0 7.0 
-1 -11 0 6.2679491924311215 10.000000000000002 
0 -11 0 7.0 7.0 
-2 -2 0 2.9999999999999996 4.0 
-2 -3 0 2.9999999999999996 4.0 
-2 -4 0 0.906196111375616 12.999999998120295 
-2 -5 0 0.9061961113431081 12.999999997053886 
-2 -6 1 0.32570028095821163 15.749956469818741 
-2 -7 1 0.3257002809582141 15.749956976602233 
-2 -8 0 0.5232794256220413 15.999999990098695 
-2 -9 0 0.5232794257312318 15.999999982102814 
-2 -10 0 1.5019286456773708 12.732050795507755 
-2 -11 0 1.5019286397378286 12.7320507762004 
-3 -2 0 4.0 4.0 
-3 -3 0 4.0 4.0 
-3 -4 0 1.321003276977464 10.372281323252727 
-3 -5 0 1.3210032769774644 10.372281323268451 
-3 -6 0 0.32570028104148036 14.999999999167853 
-3 -7 0 0.32570028095883086 14.999999998929045 
-3 -8 0 0.523279425659246 15.999999379812268 
-3 -9 0 0.5232794256677723 15.999999959979602 
-3 -10 1 0.4521197125313078 14.809308535945314 
-3 -11 1 0.4521197125313111 14.809308534033486 
-3 -12 0 1.1735495362831894 10.732050807568879 
-2 -12 0 5.0 7.999999999999999 
-3 -13 0 1.1735495362831896 10.73205080756888 
-2 -13 0 5.0 7.999999999999999 
-4 -4 0 3.5857864376269055 9.561552812808827 
-4 -5 0 3.5857864376269055 9.56155281280883 
-4 -6 0 1.7012848903463367 12.765516670792211 
-4 -7 0 1.7012848903463356 12.76551668680472 
-4 -8 0 0.7211948217553902 15.69295706701787 
-4 -9 0 0.7211948217553488 15.692954338381057 
-4 -10 1 0.45211971253130806 15.411222371769268 
-4 -11 1 0.4521197125313107 15.411222468826985 
-4 -12 0 0.33792394039022733 12.241053809835513 
-4 -13 0 0.3379239403197757 12.241053853390236 
-4 -14 0 2.0000000000000004 6.7320508075688785 
-3 -14 0 4.0 4.0 
-4 -15 0 2.000000000000001 6.732050807568878 
-3 -15 0 4.0 4.0 
-5 -4 0 6.0 6.0 
-5 -5 0 6.0 6.0 
-5 -6 0 3.275541720924842 11.000000000000002 
-5 -7 0 3.275541720924836 11.0 
-5 -8 0 1.5609029359862505 14.999999916198085 
-5 -9 0 1.5609029359859872 14.99999950357708 
-5 -10 0 0.6505193686262766 15.411222433191295 
-5 -11 0 0.6505193687181858 15.411221722878985 
-5 -12 0 0.3379239401785265 14.148925165840767 
-5 -13 0 0.3379239401785252 14.148925166484803 
-5 -14 1 1.4712692945938248 9.433541287867982 
-5 -15 1 1.4712692945938226 9.433541287867984 
-6 -6 0 8.0 8.0 
-6 -7 0 8.0 8.0 
-6 -8 0 4.511806995225171 13.0 
-6 -9 0 4.511806995225169 13.000000000000002 
-6 -10 0 2.4552120142234024 14.380524230180159 
-6 -11 0 2.455212014563656 14.380524227273607 
-6 -12 0 1.5501029884334458 14.148924631044121 
-6 -13 0 1.5501029896801832 14.148925166937738 
-6 -14 0 1.4712692945938237 10.903038596313374 
-6 -15 0 1.471269294593823 10.903038596313369 
-6 -16 0 2.0 2.0 
-5 -16 0 2.0 2.0 
-6 -17 0 2.0 2.0 
-5 -17 0 2.0 2.0 
-7 -8 0 10.0 10.0 
-7 -9 0 10.0 10.0 
-7 -10 0 5.876091605536127 12.874294830707322 
-7 -11 0 5.876091605536125 12.874294830707324 
-7 -12 0 4.262360202608363 12.631192410675688 
-7 -13 0 4.262360202608361 12.631192410675686 
-7 -14 0 2.6822892985706206 10.903038596313372 
-7 -15 0 2.6822892985706206 10.903038596313372 
-7 -16 0 2.0 2.0 
-7 -17 0 2.0 2.0 
