3 5 0 6.0 6.0 
4 5 0 6.0 6.0 
3 4 0 5.999999999999999 6.0 
4 4 0 6.0 6.0 
3 3 0 3.968520404728676 14.527288691099674 
4 3 0 7.661631726383331 14.527288691125335 
3 2 0 3.9685204047286775 14.527288691093577 
4 2 0 7.66163172638333 14.527288691125332 
3 1 0 5.0683289365274184 18.507641493236797 
4 1 0 10.742102986970565 17.057087256556326 
3 0 0 5.068328937319524 18.50764149321353 
4 0 0 10.742102986970568 17.057087256556326 
3 -1 0 7.07363995299717 17.99999999988808 
4 -1 0 16.0 16.0 
3 -2 0 7.0736399529971665 17.999999999416293 
4 -2 0 16.0 16.0 
2 5 0 6.0 6.0 
2 4 0 6.0 6.0 
2 3 0 1.9989312105069035 14.008402551951857 
2 2 0 1.9989312104810348 14.008402552253276 
2 1 0 1.8450383528768888 18.507641374011417 
2 0 0 1.8450383528785823 18.507641493200683 
2 -1 0 2.783346485583321 19.99999999655085 
2 -2 0 2.7833464855838206 19.999999995303213 
2 -3 0 4.835687591801913 16.99999996719184 
3 -3 0 10.999999999999998 15.000000000000002 
2 -4 0 4.835687561607149 16.999999957618115 
3 -4 0 11.0 15.000000000000002 
1 5 0 5.999999999999999 6.000000000000001 
1 4 0 6.0 6.000000000000001 
1 3 0 1.9989312104374406 13.863593418623523 
1 2 0 1.9989312104420751 13.863593418328978 
1 1 0 0.6245096237877696 17.041118707220438 
1 0 0 0.6245096236884944 17.04111810566701 
1 -1 0 0.901010383301998 19.99999956945608 
1 -2 0 0.9010103833682942 19.999999630362964 
1 -3 0 1.3791433190753561 17.999999709926726 
1 -4 0 1.3791433190622462 17.999999894886855 
1 -5 0 3.1527105797926476 15.001543244141994 
2 -5 0 8.0 14.000000000000002 
1 -6 0 3.1527105798577506 15.001542197266213 
2 -6 0 8.000000000000002 14.0 
0 5 0 6.0 6.0 
0 4 0 6.0 6.0 
0 3 0 1.9994274609660916 12.05025045602681 
0 2 0 1.99942746096575 12.050250376442989 
0 1 1 0.6245096236690039 15.933994031725327 
0 0 1 0.6245096236690005 15.933994442992695 
0 -1 2 0.9010103833019751 19.385170273710827 
0 -2 2 0.90101038331643 19.38517027720126 
0 -3 1 0.3667665582296731 19.726603415386077 
0 -4 1 0.3667665582296722 19.726603131241877 
0 -5 0 0.6448917542041995 16.738315310505968 
0 -6 0 0.644891754034598 16.738315142412578 
0 -7 0 2.580609949525318 13.805657245696187 
1 -7 0 6.186393497351674 12.999999999999996 
0 -8 0 2.5806099495253485 13.805657253803696 
1 -8 0 6.186393497351666 13.000000000000002 
-1 5 0 6.0 6.0 
-1 4 0 6.0 6.0 
-1 3 0 3.889813193877166 11.728870961491774 
-1 2 0 3.889813188944756 11.728870963841644 
-1 1 0 2.274104333306002 15.058730818909973 
-1 0 0 2.274104333306285 15.058731145942186 
-1 -1 0 0.718124475513435 17.748934393562664 
-1 -2 0 0.7181244761691005 17.748934321269882 
-1 -3 0 0.36676655855344903 19.999999323499743 
-1 -4 0 0.3667665583454898 19.999999923767753 
-1 -5 0 0.6448917542606925 17.659610746640052 
-1 -6 0 0.6448917540274928 17.6596086347761 
-1 -7 0 1.1220359935281656 14.756259508261019 
-1 -8 0 1.122035993529577 14.75625972043579 
-1 -9 0 2.7491026428576393 11.623379843080436 
0 -9 0 5.18639349735167 10.618033988749895 
-1 -10 0 2.749102637318376 11.623379843219222 
0 -10 0 5.186393497351671 10.618033988749898 
-2 5 0 6.0 6.0 
-2 4 0 6.0 6.0 
-2 3 0 4.139164159962485 10.219172653329323 
-2 2 0 4.139164159962483 10.219172653329322 
-2 1 0 2.4966827825623037 13.752173109346458 
-2 0 0 2.4966827807868857 13.752173505658336 
-2 -1 0 1.0583541867672936 16.9999999778524 
-2 -2 0 1.0583541874866098 16.999999983401015 
-2 -3 1 0.5655190234195971 19.999999959017693 
-2 -4 1 0.5655190234195997 19.999999865118603 
-2 -5 2 0.740704467095708 19.12823077180543 
-2 -6 2 0.7407044670957013 19.132139478278706 
-2 -7 1 0.4346043265708862 16.06257318536026 
-2 -8 1 0.43460432657088915 16.062572682018967 
-2 -9 0 0.800149530675214 12.734974645071455 
-2 -10 0 0.8001495306751835 12.736402311150126 
-2 -11 0 2.3388417963623445 8.484742471002184 
-1 -11 0 4.381966011250106 7.618033988749893 
-2 -12 0 2.3388417963623436 8.484742471080413 
-1 -12 0 4.381966011250105 7.618033988749894 
-3 3 0 7.0 9.0 
-3 2 0 7.0 9.0 
-3 1 0 5.033757296537512 12.804228450502233 
-3 0 0 5.0337572965322614 12.80422880993899 
-3 -1 0 3.4108872875845235 15.696550244891274 
-3 -2 0 3.4108872918280992 15.69655026147232 
-3 -3 0 1.8958411684136556 17.99999971761732 
-3 -4 0 1.8958411691121115 17.999999738056136 
-3 -5 0 0.740704467151905 19.12822404909246 
-3 -6 0 0.7407044671176118 19.132142500207216 
-3 -7 0 0.4346043265939223 17.251982612494633 
-3 -8 0 0.43460432657497255 17.2519826248833 
-3 -9 0 0.8001495310039016 13.71628392745211 
-3 -10 0 0.800149531772427 13.716284400265568 
-3 -11 0 2.3388417963623525 9.875240698323974 
-3 -12 0 2.3388417963623453 9.875240694500908 
-3 -13 0 4.0 4.0 
-2 -13 0 4.0 4.0 
-3 -14 0 3.9999999999999996 4.0 
-2 -14 0 4.0 4.0 
-4 1 0 8.0 12.0 
-4 0 0 8.0 12.0 
-4 -1 0 5.912904526206286 14.018048822883522 
-4 -2 0 5.9129044861245905 14.018048378425705 
-4 -3 0 4.205936994733529 16.999999995256243 
-4 -4 0 4.205936938415246 16.999999998158977 
-4 -5 0 2.673522975084914 18.262760545351796 
-4 -6 0 2.673522975087507 18.262760583459286 
-4 -7 0 1.6673627951970245 17.251982421368044 
-4 -8 0 1.6673627997169254 17.25198239722103 
-4 -9 0 1.0066260828206552 14.955041531260564 
-4 -10 0 1.0066260828111453 14.955041531271846 
-4 -11 0 2.2674792136993704 10.161573856919656 
-4 -12 0 2.267479213699371 10.161573872311935 
-4 -13 0 4.0 4.000000000000001 
-4 -14 0 4.0 4.0 
-5 -1 0 11.0 13.0 
-5 -2 0 10.999999999999998 13.0 
-5 -3 0 7.468973720407723 15.128272592992152 
-5 -4 0 7.468973720407728 15.128272703210964 
-5 -5 0 5.389468336169496 16.623925666354907 
-5 -6 0 5.389468303060371 16.623925582900917 
-5 -7 0 3.7423765722217657 17.00062652488126 
-5 -8 0 3.74237657222037 17.000626813923855 
-5 -9 0 2.7454142310944936 14.955041531298237 
-5 -10 0 2.7454142310945437 14.955041531277868 
-5 -11 0 2.267479213743144 10.696392779343217 
-5 -12 0 2.2674792136995747 10.696392779339167 
-5 -13 0 4.0 4.0 
-5 -14 0 4.0 4.0 
-6 -3 0 14.0 14.0 
-6 -4 0 14.0 14.0 
-6 -5 0 10.585786437626904 15.675130870566644 
-6 -6 0 10.585786437626908 15.675130870566646 
-6 -7 0 7.735553014157119 16.254946467824894 
-6 -8 0 7.7355530141571265 16.25494646782489 
-6 -9 0 6.176880671947357 14.656649521449708 
-6 -10 0 6.176880671947357 14.656649521449713 
-6 -11 0 4.697224362268005 10.696392779347097 
-6 -12 0 4.697224362268006 10.6963927793471 
-6 -13 0 4.0 4.0 
-6 -14 0 4.0 4.0 
