5 15 0 1.0000000000000004 4.0 
6 15 0 4.0 4.0 
5 14 0 1.0000000000000002 4.0 
6 14 0 4.0 4.0 
5 13 0 1.2012038971917682 9.72170218202106 
6 13 0 4.4558444504856 9.721702182022119 
5 12 0 1.201203897191768 9.721702182019746 
6 12 0 4.455844450485597 9.721702182022124 
5 11 0 1.7125118299012982 13.200738648032681 
6 11 0 5.563968719919171 13.200738650853136 
5 10 0 1.7125118345894157 13.200738638738123 
6 10 0 5.563968719919172 13.200738650853136 
5 9 0 2.501321280455772 15.39052415604289 
6 9 0 7.210178760878944 14.952506174819966 
5 8 0 2.501321283898339 15.39052426573421 
6 8 0 7.21017876087894 14.95250617481997 
5 7 0 3.6565081823099264 15.397946710071983 
6 7 0 9.308011792720091 14.6387558739137 
5 6 0 3.6565081823026353 15.3979467126718 
6 6 0 9.308011792720093 14.638755873913693 
5 5 0 5.3152237363450885 13.799033307668537 
6 5 0 13.0 13.0 
5 4 0 5.315223736345154 13.799033307644612 
6 4 0 13.0 13.0 
4 15 0 1.0 3.9999999999999996 
4 14 0 0.9999999999999999 4.0 
4 13 1 1.1951590453093262 9.543804199068948 
4 12 1 1.1951590455291845 9.54380419900293 
4 11 1 0.5972355396744191 13.061020407887993 
4 10 1 0.5972355396744123 13.061020348155962 
4 9 0 0.31225023740753105 15.390523703978303 
4 8 0 0.3122502373207295 15.390524261163073 
4 7 0 0.9946841854432079 16.380617782843075 
4 6 0 0.994684185503178 16.380617815870018 
4 5 0 2.144132831956102 14.583497423007394 
4 4 0 2.1441328319560444 14.58349743144378 
4 3 0 3.689580745961734 12.615063270303313 
5 3 0 7.585786437626906 11.0 
4 2 0 3.689580745970971 12.615063270303523 
5 2 0 7.585786437626905 10.999999999999998 
3 15 0 3.0 3.0 
3 14 0 3.0 3.0 
3 13 0 1.1951590453014604 8.421485598982546 
3 12 0 1.1951590453022602 8.421485617268848 
3 11 1 0.597235539674419 12.891381078340684 
3 10 1 0.5972355396744188 12.89138104894481 
3 9 0 0.3122502373622837 15.322226298770198 
3 8 0 0.31225023739630564 15.322226293711122 
3 7 0 0.7975002954942274 17.097377999082145 
3 6 0 0.7975002956169621 17.097378490205024 
3 5 0 1.5720865035438227 15.499813337848774 
3 4 0 1.572086503524909 15.499811977152971 
3 3 0 2.822104379485975 13.531475286354175 
3 2 0 2.822104376012453 13.531474782450486 
3 1 0 4.196096824979876 10.725535508266681 
4 1 0 5.585786437626907 9.0 
3 0 0 4.196096824979875 10.725535508266674 
4 0 0 5.585786437626905 8.999999999999998 
2 13 0 3.3819660112501038 6.618033988749895 
2 12 0 3.3819660112501055 6.618033988749896 
2 11 0 1.5822068022705635 11.82388673028966 
2 10 0 1.58220680306511 11.82388666013437 
2 9 0 0.4145282820717618 14.521796158691963 
2 8 0 0.41452828221326826 14.521796161106407 
2 7 1 0.7975002954936448 17.097378491027335 
2 6 1 0.7975002954936431 17.09708899168092 
2 5 0 0.5091127651652877 17.999999999019597 
2 4 0 0.5091127650555912 17.99999958741477 
2 3 0 2.278404219087423 14.32111661677656 
2 2 0 2.27840421908263 14.321116542706644 
2 1 0 3.8207617787513333 12.167022366695289 
2 0 0 3.820761778643683 12.1670223664843 
2 -1 0 6.0 6.0 
3 -1 0 6.0 6.0 
2 -2 0 5.999999999999999 6.000000000000001 
3 -2 0 6.0 6.0 
1 11 0 4.186393497351669 9.6180339887499 
1 10 0 4.186393497351669 9.618033988749893 
1 9 0 2.0031768493165 13.731277113112213 
1 8 0 2.0031768356771646 13.731276818980623 
1 7 0 1.187355477609827 15.813363691505327 
1 6 0 1.1873554774581487 15.813362798611813 
1 5 0 0.5091127650555317 17.999999895002063 
1 4 0 0.5091127650556393 17.999999687471643 
1 3 0 1.8619436352099092 15.755028939941957 
1 2 0 1.8619436339961528 15.755028948870114 
1 1 0 3.5015398876907113 12.392616310897036 
1 0 0 3.501539907370894 12.392617261790662 
1 -1 0 6.0 6.0 
1 -2 0 5.999999999999999 6.0 
0 9 0 5.186393497351669 12.000000000000007 
0 8 0 5.186393497351668 11.999999999999998 
0 7 0 1.870220485340158 14.999999839376935 
0 6 0 1.8702204853401565 14.999999919859299 
0 5 1 1.5433207734622336 17.78312689233563 
0 4 1 1.5433207734622383 17.783075487344178 
0 3 1 1.0815982720417976 17.79223775585448 
0 2 1 1.0815982720417943 17.792238518753656 
0 1 0 0.4586974184479235 13.520673838444292 
0 0 0 0.45869741844779455 13.520674008431087 
0 -1 0 6.0 6.0 
0 -2 0 6.0 6.0 
-1 7 0 7.000000000000003 13.000000000000002 
-1 6 0 6.999999999999999 13.000000000000002 
-1 5 0 2.3837072043056913 15.999999328041428 
-1 4 0 2.383707204389761 15.999998489829153 
-1 3 0 1.0815982720418238 17.99999998699107 
-1 2 0 1.0815982720417965 17.999999978444215 
-1 1 0 0.4586974184477876 14.020745950789122 
-1 0 0 0.45869741844800055 14.0558505143991 
-1 -1 0 6.0 6.000000000000001 
-1 -2 0 5.999999999999999 6.000000000000001 
-2 5 0 10.000000000000002 14.0 
-2 4 0 10.0 14.0 
-2 3 0 5.515802135960306 18.00000000000001 
-2 2 0 5.515802135960307 17.999999999999993 
-2 1 0 3.971726720501462 15.162277660168378 
-2 0 0 3.9717267205014593 15.162277660168378 
-2 -1 0 6.0 6.0 
-2 -2 0 5.999999999999999 6.000000000000001 
-3 3 0 15.0 15.0 
-3 2 0 15.0 15.0 
-3 1 0 8.837722339831624 15.16227766016838 
-3 0 0 8.83772233983162 15.16227766016838 
-3 -1 0 6.0 6.0 
-3 -2 0 6.0 6.0 
