5 15 0 3.0 3.0 
6 15 0 3.0 3.0 
5 14 0 3.0 3.0 
6 14 0 3.0 3.0 
5 13 0 1.5569491554709847 11.274917217635375 
6 13 0 3.725082782364625 11.274917217635377 
5 12 0 1.556949155470985 11.274917217635377 
6 12 0 3.7250827823646255 11.274917217635377 
5 11 0 2.54342620226258 13.175388225123243 
6 11 0 5.298437881283576 11.701562118716424 
5 10 0 2.5434262011348885 13.175388200742258 
6 10 0 5.298437881283576 11.701562118716424 
5 9 0 4.0282001605568745 11.999999999999998 
6 9 0 10.0 10.0 
5 8 0 4.028200160556877 12.000000000000004 
6 8 0 10.0 10.0 
4 15 0 3.0 3.0 
4 14 0 3.0 3.0 
4 13 1 0.9621784328899042 9.366228430275768 
4 12 1 0.962178432889904 9.366228430275765 
4 11 1 0.5702155196870464 13.175388225275164 
4 10 1 0.5702155196870451 13.175388225281043 
4 9 0 0.44819698409723224 13.999999999989551 
4 8 0 0.4481969840972322 13.999999999993928 
4 7 0 2.2783532115361558 10.698571136235103 
5 7 0 6.0 9.0 
4 6 0 2.2783532115381013 10.698571165193242 
5 6 0 5.999999999999999 9.0 
3 15 0 3.0 3.0 
3 14 0 3.0 3.0 
3 13 0 0.9621784328899028 7.5215924491857065 
3 12 0 0.9621784328899041 7.521592449185707 
3 11 1 0.5702155196870508 11.605265933445033 
3 10 1 0.5702155196870466 11.605265829325765 
3 9 0 0.4481969840972316 13.999999999829543 
3 8 0 0.44819698413842246 13.999999819183735 
3 7 0 0.4408059084279947 11.578905295613845 
3 6 0 0.44080590842799805 11.578908085194117 
3 5 0 1.9685745262667234 8.267136903896622 
4 5 0 4.585786437626905 7.414213562373096 
3 4 0 1.9685745262667227 8.26713690389662 
4 4 0 4.585786437626907 7.414213562373095 
2 13 0 3.3819660112501047 6.618033988749895 
2 12 0 3.3819660112501047 6.618033988749895 
2 11 0 1.235291937677819 9.919368079616758 
2 10 0 1.2352919376786424 9.919368123499657 
2 9 0 0.5038712257326615 13.999999903654327 
2 8 0 0.5038712257326534 13.99999957792491 
2 7 1 0.44080590842799566 13.999999999968074 
2 6 1 0.4408059084279966 13.999999882580536 
2 5 0 1.3786043793889282 10.209454923314278 
2 4 0 1.3786043847229295 10.209454923314322 
2 3 0 4.0 4.0 
3 3 0 4.0 4.0 
2 2 0 4.0 4.0 
3 2 0 4.0 4.0 
1 11 0 4.186393497351668 9.0 
1 10 0 4.186393497351669 9.0 
1 9 0 2.239927091806751 11.999999628217472 
1 8 0 2.239927091023218 11.99999999727685 
1 7 0 1.2748111736698395 13.999999999861576 
1 6 0 1.2748111736705257 13.999999998861359 
1 5 0 1.3786043781290902 11.41132454297182 
1 4 0 1.3786043769425673 11.411324522029313 
1 3 0 3.9999999999999996 4.0 
1 2 0 4.0 4.0 
0 9 0 3.9999999999999996 10.000000000000002 
0 8 0 4.0 10.0 
0 7 0 1.274811173669832 13.999999999999998 
0 6 0 1.2748111736698313 13.999999999999998 
0 5 1 2.0262418548396464 12.701562118716424 
0 4 1 2.026241854839646 12.70156211871642 
0 3 1 4.0 5.0 
0 2 1 4.0 5.0 
-1 7 0 12.0 12.0 
-1 6 0 12.0 12.0 
-1 5 0 6.2984378812835775 12.701562118716424 
-1 4 0 6.298437881283576 12.701562118716424 
-1 3 0 5.0 5.0 
-1 2 0 5.0 5.0 
