3 9 0 2.0 2.0 
4 9 0 2.0 2.0 
3 8 0 2.0 2.0 
4 8 0 2.0 2.0 
3 7 0 1.5857864376269044 8.372281323269016 
4 7 0 2.6277186767309857 8.372281323269014 
3 6 0 1.5857864376269044 8.372281323269013 
4 6 0 2.6277186767309852 8.372281323269014 
3 5 0 1.756362340499961 11.266819495887296 
4 5 0 4.627718676730985 10.372281323269014 
3 4 0 1.7563623404999638 11.2668194958873 
4 4 0 4.627718676730984 10.372281323269014 
3 3 0 3.0904840338440476 10.000000000000004 
4 3 0 8.0 8.0 
3 2 0 3.0904840338440476 10.000000000000004 
4 2 0 8.0 8.0 
2 9 0 2.0 2.0 
2 8 0 2.0 2.0 
2 7 0 1.5857864376269046 7.917285993093534 
2 6 0 1.5857864376269037 7.917285993093533 
2 5 0 1.056507637116475 11.266819339470292 
2 4 0 1.0565076371164657 11.266819495859346 
2 3 0 1.1354292344507475 11.999999999000655 
2 2 0 1.1354292344549701 11.999999614303658 
2 1 0 1.9999999999999971 8.000000000000002 
3 1 0 6.0 6.0 
2 0 0 2.000000000000002 8.000000000000002 
3 0 0 5.999999999999999 6.0 
1 7 0 1.5857864376269046 7.0 
1 6 0 1.5857864376269046 6.999999999999999 
1 5 0 1.0565076371164603 9.888235819040576 
1 4 0 1.0565076371889777 9.88823600842422 
1 3 0 0.38779228479076044 11.999999999949804 
1 2 0 0.38779228479090233 11.99999999999569 
1 1 0 0.8833911688149568 9.570850181060768 
1 0 0 0.8833911679975837 9.570853247499995 
1 -1 0 1.9999999999999996 5.0 
2 -1 0 4.0 4.0 
1 -2 0 2.0000000000000004 5.000000000000001 
2 -2 0 4.0 4.0 
0 5 0 1.171572875253813 8.597735188118879 
0 4 0 1.1715728752538097 8.597735188118875 
0 3 0 0.38779228479069433 11.693546520709443 
0 2 0 0.38779228503509 11.693546628890775 
0 1 1 0.8833911679801212 10.924974173360539 
0 0 1 0.8833911679801244 10.924971947137431 
0 -1 1 1.9999999999999991 6.000000000000001 
0 -2 1 1.9999999999999998 6.000000000000001 
-1 3 0 3.627718676730986 10.0 
-1 2 0 3.6277186767309857 10.0 
-1 1 0 2.5551109916950123 12.0 
-1 0 0 2.5551109916950154 12.000000000000002 
-1 -1 0 3.0 6.0 
-1 -2 0 2.9999999999999996 6.0 
-2 1 0 12.0 12.0 
-2 0 0 12.0 12.0 
-2 -1 0 6.0 6.0 
-2 -2 0 6.0 6.0 
