2 6 0 2.0 2.0 
3 6 0 2.0 2.0 
2 5 0 2.0 2.0 
3 5 0 2.0 2.0 
2 4 0 0.7005689032978225 9.464101615137755 
3 4 0 2.535898384862245 9.464101615137753 
2 3 0 0.7005689032978218 9.464101615137753 
3 3 0 2.5358983848622447 9.464101615137755 
2 2 0 0.9969794906299726 11.418054766335105 
3 2 0 4.0 10.0 
2 1 0 0.9969794906299723 11.418054766335107 
3 1 0 3.9999999999999982 10.0 
2 0 0 2.679248998573892 9.999999999999998 
3 0 0 8.0 8.0 
2 -1 0 2.6792489985738936 9.999999999999996 
3 -1 0 8.0 8.0 
1 6 0 2.0 2.0 
1 5 0 2.0 2.0 
1 4 0 0.700568903297821 7.612207719360518 
1 3 0 0.7005689032978203 7.612207719360519 
1 2 0 0.3827352412463219 11.418054732096701 
1 1 0 0.3827352412463153 11.41805460609964 
1 0 0 0.5015052980980165 11.999999751008604 
1 -1 0 0.5015052982572635 11.999999999998277 
1 -2 0 1.987896908528675 8.999999999999998 
2 -2 0 5.0 7.0 
1 -3 0 1.9878969085286753 9.0 
2 -3 0 5.000000000000001 7.0 
0 4 0 1.5857864376269049 5.999999999999998 
0 3 0 1.5857864376269055 5.999999999999999 
0 2 0 0.3827352412463136 10.581423213683948 
0 1 0 0.38273524139872894 10.581423261760587 
0 0 1 0.5015052979617302 11.999999977147384 
0 -1 1 0.5015052979617284 11.999999999993307 
0 -2 1 0.9035726296307709 10.809222792574129 
0 -3 1 0.903572629630771 10.809222808079209 
0 -4 0 2.0 6.813606502648332 
1 -4 0 4.0 4.0 
0 -5 0 2.0 6.813606502648331 
1 -5 0 4.0 4.0 
-1 4 0 4.0 4.0 
-1 3 0 4.0 4.0 
-1 2 0 1.6515206416709804 9.0 
-1 1 0 1.6515206416709798 9.000000000000004 
-1 0 0 0.6572825025852831 11.707219561054089 
-1 -1 0 0.6572825025852799 11.707219722992972 
-1 -2 0 0.33397381833125783 11.35325820680421 
-1 -3 0 0.333973818331113 11.353258206804199 
-1 -4 0 0.4417078870192594 7.750188811513746 
-1 -5 0 0.44170788701925784 7.75018881151375 
-2 2 0 3.585786437626904 7.000000000000001 
-2 1 0 3.585786437626906 7.000000000000001 
-2 0 0 1.220312129876598 11.000000000000002 
-2 -1 0 1.2203121298766002 10.999999999999996 
-2 -2 0 0.3339738183311149 11.35325820346712 
-2 -3 0 0.33397381833111134 11.353258205673097 
-2 -4 1 0.4417078870192568 8.145102691200421 
-2 -5 1 0.4417078870192589 8.145102691200426 
-2 -6 1 2.0 3.0000000000000004 
-1 -6 0 2.0 2.0 
-2 -7 1 1.9999999999999998 3.0 
-1 -7 0 2.0 2.0 
-3 0 0 9.0 9.0 
-3 -1 0 9.0 9.0 
-3 -2 0 5.560688328316124 11.100431985810378 
-3 -3 0 5.560688328316124 11.100431985810381 
-3 -4 0 3.330920911717712 8.145102691200425 
-3 -5 0 3.330920911717711 8.145102691200421 
-3 -6 0 3.0 3.0 
-3 -7 0 3.0 3.0 
