1 3 0 0.9999999999999997 5.0 
2 3 0 5.0 5.0 
1 2 0 0.9999999999999994 5.0 
2 2 0 5.0 5.0 
1 1 0 1.2713944028033106 9.999999999999998 
2 1 0 10.0 10.0 
1 0 0 1.2713944028033082 10.0 
2 0 0 10.0 10.0 
0 3 0 1.0000000000000004 5.0 
0 2 0 1.0000000000000002 5.0 
0 1 1 1.2713944028033077 9.538688622110765 
0 0 1 1.2713944028033104 9.53868861122767 
0 -1 1 1.4448286675367006 9.717122609046596 
1 -1 0 2.5721211276292575 8.803542495682594 
0 -2 1 1.4448286675367004 9.716233576914057 
1 -2 0 2.572121127629257 8.803542495682596 
-1 3 0 4.0 4.0 
-1 2 0 4.0 4.0 
-1 1 0 1.930998989339415 9.0 
-1 0 0 1.930998989339414 8.999999999999998 
-1 -1 0 0.6196432749800315 9.717091572176583 
-1 -2 0 0.6196432750505643 9.71703682023273 
-1 -3 0 0.9285051039690058 8.463512036298846 
0 -3 0 1.2142023807401991 7.0 
-1 -4 0 0.9285051039688783 8.463512036298827 
0 -4 0 1.214202380740198 7.000000000000002 
-2 3 0 4.0 4.0 
-2 2 0 4.0 4.0 
-2 1 0 1.9811812668289241 7.060125288959806 
-2 0 0 1.9811812668289261 7.060125288959803 
-2 -1 0 0.6196432749800324 8.907199005432338 
-2 -2 0 0.6196432749800259 8.9071990056351 
-2 -3 1 0.9285051039686285 8.46351203629808 
-2 -4 1 0.928505103968631 8.46351203629862 
-2 -5 1 1.4544267051966462 5.840536194094951 
-1 -5 0 1.5188056959079848 5.170086486626034 
-2 -6 1 1.4544267051966466 5.840536194094953 
-1 -6 0 1.5188056959079852 5.170086486626035 
-3 1 0 6.0 6.0 
-3 0 0 6.0 6.0 
-3 -1 0 4.172909084714798 7.9562952014676105 
-3 -2 0 4.1729090847147985 7.956295201467611 
-3 -3 0 2.620860174583603 7.860973676962696 
-3 -4 0 2.6208601745836044 7.860973676962695 
-3 -5 0 1.4544267051966462 5.840536194094954 
-3 -6 0 1.4544267051966464 5.840536194094954 
-3 -7 0 1.0 1.0 
-2 -7 0 1.0 1.0 
-3 -8 0 1.0 1.0 
-2 -8 0 1.0 1.0 
