3 11 0 0.9999999999999999 3.0 
4 11 0 3.0 3.0 
3 10 0 0.9999999999999999 3.000000000000001 
4 10 0 3.0 3.0 
3 9 0 1.0000000000000009 7.5615528128088325 
4 9 0 3.43844718719117 7.561552812808832 
3 8 0 0.9999999999999999 7.56155281280883 
4 8 0 3.4384471871911693 7.56155281280883 
3 7 0 1.0000000003201683 10.975766375181859 
4 7 0 4.024233624818077 10.975766375181925 
3 6 0 1.0000000003237601 10.97576637518164 
4 6 0 4.024233624818075 10.975766375181923 
3 5 0 1.4384471883565697 11.41421302976695 
4 5 0 6.438447187191171 10.56155281280883 
3 4 0 1.4384471873318119 11.414213562373098 
4 4 0 6.438447187191171 10.561552812808829 
3 3 0 2.438447187191169 11.000000000000004 
4 3 0 9.0 9.0 
3 2 0 2.43844718719117 11.000000000000002 
4 2 0 9.0 9.0 
2 11 0 1.0000000000000002 3.0 
2 10 0 1.0000000000000002 3.0 
2 9 0 0.5857864376269049 7.561552812808829 
2 8 0 0.5857864376269082 7.56155281280883 
2 7 0 0.5857864376280922 10.975766371466865 
2 6 0 0.5857864376278246 10.975766373184314 
2 5 0 0.5857864376319784 11.561552752584731 
2 4 0 0.5857864376424361 11.561552811555234 
2 3 0 0.7639320225002113 11.56155281278142 
2 2 0 0.7639320225002247 11.561552812333243 
2 1 0 1.7639320225002117 9.000000000000002 
3 1 0 5.0 7.000000000000001 
2 0 0 1.7639320225002089 9.0 
3 0 0 5.0 7.0 
1 9 0 0.5857864376269041 6.0 
1 8 0 0.5857864376269047 5.999999999999998 
1 7 1 0.5857864376269054 10.293603618290819 
1 6 1 0.5857864376269072 10.293603617177531 
1 5 3 0.7639320225002096 11.561552807178863 
1 4 3 0.5857864376269047 11.561552811680386 
1 3 3 0.7639320225002085 11.999999999977524 
1 2 3 0.7639320225002071 11.999999999913168 
1 1 1 0.763932022500212 8.999999999552374 
1 0 1 0.7639320225002125 8.999999998193276 
1 -1 0 1.0000000000000007 6.0 
2 -1 0 3.0 5.0 
1 -2 0 1.0 6.0 
2 -2 0 3.0 5.0 
0 7 0 1.8537356300580272 8.732050807568879 
0 6 0 1.8537356300580259 8.732050807568875 
0 5 0 1.2679491924311266 11.561552812808797 
0 4 0 1.2679491924311288 11.561552808659837 
0 3 0 0.763932022963663 11.999999745521302 
0 2 0 0.7639320225004043 12.000000000000002 
0 1 0 0.7639320225029904 8.999999999999776 
0 0 0 0.7639320225362705 8.99999999998607 
0 -1 0 1.0000000000000002 6.000000000000002 
0 -2 0 1.0 6.000000000000002 
-1 5 0 6.5857864376269015 10.732050807568879 
-1 4 0 6.585786437626905 10.73205080756888 
-1 3 0 3.585786437626907 12.000000000000004 
-1 2 0 3.585786437626906 12.000000000000002 
-1 1 0 2.999999999999998 9.000000000000005 
-1 0 0 2.9999999999999996 9.0 
-1 -1 0 3.000000000000001 6.000000000000001 
-1 -2 0 3.0 6.000000000000001 
-2 3 0 12.0 12.0 
-2 2 0 12.0 12.0 
-2 1 0 9.0 9.0 
-2 0 0 9.0 9.0 
-2 -1 0 6.0 6.0 
-2 -2 0 6.0 6.0 
