2 6 0 3.0 3.0 
3 6 0 3.0 3.0 
2 5 0 3.0 3.0 
3 5 0 3.0 3.0 
2 4 0 1.3656469807675877 9.353855785430827 
3 4 0 4.122596254299962 9.353855785430829 
2 3 0 1.3656469807675884 9.353855785430833 
3 3 0 4.122596254299964 9.353855785430829 
2 2 0 2.2298119315999125 12.747512626138807 
3 2 0 5.847495075871404 12.391339628558814 
2 1 0 2.229811931599914 12.747512626189337 
3 1 0 5.847495075871402 12.391339628558812 
2 0 0 3.61791405166659 13.99359254331782 
3 0 0 8.115262185253838 12.953723716349558 
2 -1 0 3.617914054233936 13.993592541380306 
3 -1 0 8.115262185253838 12.953723716349554 
2 -2 0 5.4791599478016835 12.243041263941544 
3 -2 0 11.0 11.0 
2 -3 0 5.479159947801684 12.243041263941542 
3 -3 0 11.0 11.0 
1 6 0 3.0 3.0 
1 5 0 3.0 3.0 
1 4 0 1.3656469807748357 9.058317545686025 
1 3 0 1.3656469808445166 9.058317545686034 
1 2 0 0.6682712576830917 12.747512624636476 
1 1 0 0.668271257684149 12.747512596561796 
1 0 0 0.9848505051374514 15.16323125118335 
1 -1 0 0.9848505055231492 15.163231251658463 
1 -2 0 2.573777770747931 13.999999999620295 
1 -3 0 2.5737777711002794 13.99999999937504 
1 -4 0 4.168946741255817 10.961001477540107 
2 -4 0 8.0 10.000000000000002 
1 -5 0 4.168946740350393 10.961001253639315 
2 -5 0 7.999999999999999 10.0 
0 6 0 3.0 3.0 
0 5 0 3.0 3.0 
0 4 0 1.3955005704588268 7.903340100743239 
0 3 0 1.3955005704588241 7.9033401007432404 
0 2 1 0.6682712576830585 12.169006394229125 
0 1 1 0.6682712576830591 12.16900639421624 
0 0 1 0.21120338764485502 15.163231251650446 
0 -1 1 0.21120338764485422 15.163231251437841 
0 -2 0 0.1114419147139282 15.999999997732559 
0 -3 0 0.11144191470345512 15.999999998217005 
0 -4 0 1.7960245437091273 12.999999999996566 
0 -5 0 1.7960245437116267 12.999999999993785 
0 -6 0 3.2470053437943687 8.996597964165082 
1 -6 0 6.0 8.0 
0 -7 0 3.2470053437943704 8.99659796416508 
1 -7 0 6.0 8.0 
-1 4 0 3.43844718719117 7.561552812808829 
-1 3 0 3.43844718719117 7.561552812808831 
-1 2 0 1.8111685996093385 10.780720290718076 
-1 1 0 1.8111685996094968 10.780720289471509 
-1 0 0 0.21120338764608038 13.701361550564782 
-1 -1 0 0.21120338765578792 13.701364095428435 
-1 -2 0 0.11144191470375063 15.999999995637253 
-1 -3 0 0.1114419147011955 15.999999974244764 
-1 -4 0 0.34830173735281744 13.93726603699285 
-1 -5 0 0.348301737350631 13.937266143055773 
-1 -6 0 1.7902581232812351 10.999999972423634 
-1 -7 0 1.7902581232816948 10.999999909421156 
-1 -8 0 5.0 5.0 
0 -8 0 5.0 5.0 
-1 -9 0 5.0 5.0 
0 -9 0 5.0 5.0 
-2 2 0 5.20871215252208 9.791287847477921 
-2 1 0 5.2087121525220805 9.79128784747792 
-2 0 0 2.4341793978847526 12.792362429530465 
-2 -1 0 2.434179398018393 12.792362495881946 
-2 -2 0 0.38863100781744664 15.999999997578186 
-2 -3 0 0.3886310077121339 15.999999999790345 
-2 -4 0 0.34830173735022435 15.441785404171863 
-2 -5 0 0.3483017373501895 15.441785402153519 
-2 -6 0 0.3297187288768673 12.42871889918592 
-2 -7 0 0.3297187288412469 12.4287188982195 
-2 -8 0 2.679115500552513 8.67282370100095 
-2 -9 0 2.679115500552512 8.67282370100095 
-3 2 0 6.0 6.0 
-3 1 0 6.0 6.0 
-3 0 0 2.845073205266021 11.791287847477918 
-3 -1 0 2.845073205266021 11.791287847477918 
-3 -2 0 1.410140297941675 13.940202357415702 
-3 -3 0 1.4101402996795638 13.940202505464086 
-3 -4 0 0.49807510614582046 15.441785395141526 
-3 -5 0 0.49807510614918554 15.441785150518504 
-3 -6 0 0.32971872883579756 13.242606250989219 
-3 -7 0 0.3297187288357103 13.242606251012225 
-3 -8 0 0.8273044943918179 10.082066771540056 
-3 -9 0 0.8273044943918202 10.082066771540052 
-4 0 0 8.0 8.0 
-4 -1 0 8.0 8.0 
-4 -2 0 4.036183082291547 12.999999999999998 
-4 -3 0 4.036183082291545 12.999999999999998 
-4 -4 0 2.2143703750642936 14.150075315271218 
-4 -5 0 2.2143703785714104 14.15007531525782 
-4 -6 0 0.9545448558736751 13.242606251281162 
-4 -7 0 0.9545448558736772 13.242606251274413 
-4 -8 0 0.8273044943918177 10.171777942687465 
-4 -9 0 0.8273044943918183 10.171777942687463 
-4 -10 0 2.0 2.0 
-3 -10 0 2.0 2.0 
-4 -11 0 2.0 2.0 
-3 -11 0 2.0 2.0 
-5 -2 0 10.0 10.0 
-5 -3 0 10.0 10.0 
-5 -4 0 6.1737539861717945 12.923483036954512 
-5 -5 0 6.1737539861717945 12.923483036954512 
-5 -6 0 4.16498540348429 13.08604818908997 
-5 -7 0 4.164985403484291 13.08604818908997 
-5 -8 0 2.872488225749917 10.171777942687463 
-5 -9 0 2.8724882257499162 10.171777942687463 
-5 -10 0 2.0 2.0 
-5 -11 0 2.0 2.0 
