2 6 0 2.0 2.0 
3 6 0 2.0 2.0 
2 5 0 2.0 2.0 
3 5 0 2.0 2.0 
2 4 0 1.3127602938531702 11.848674068513727 
3 4 0 2.488501377914598 11.848674068513727 
2 3 0 1.3127602938531708 11.848674068513725 
3 3 0 2.488501377914598 11.848674068513729 
2 2 0 1.7540919334425535 13.338282911255568 
3 2 0 3.7573593128807152 12.242640687119284 
2 1 0 1.7540919334426048 13.338282768198308 
3 1 0 3.757359312880715 12.242640687119287 
2 0 0 2.8909291960764 13.000000000000004 
3 0 0 9.0 9.0 
2 -1 0 2.890929196076394 13.0 
3 -1 0 9.0 9.0 
1 6 0 2.0 2.0 
1 5 0 2.0 2.0 
1 4 0 0.7751681091499151 9.788241323611944 
1 3 0 0.7751681091499191 9.788241323611942 
1 2 0 0.587482039743336 13.338282895764495 
1 1 0 0.5874820397419368 13.338282850298471 
1 0 0 0.9679090956279717 13.71072293941389 
1 -1 0 0.9679090956276286 13.710722937471203 
1 -2 0 2.0979690284070713 10.999999999999998 
2 -2 0 6.000000000000001 8.0 
1 -3 0 2.0979690284070776 11.0 
2 -3 0 6.000000000000001 8.0 
0 4 0 0.775168109149916 7.91552826820158 
0 3 0 0.7751681091499157 7.915528268201583 
0 2 1 0.5874820397419169 12.555247620172686 
0 1 1 0.5874820397419193 12.555247618871787 
0 0 1 0.3304403592380049 13.881921339755054 
0 -1 1 0.3304403592380017 13.881921427765876 
0 -2 0 0.2336629545391371 12.788972642543884 
0 -3 0 0.23366295453927163 12.788972650345164 
0 -4 0 1.263380053817685 8.386602259513735 
1 -4 0 5.0 5.0 
0 -5 0 1.2633800538176858 8.38660225951373 
1 -5 0 5.0 5.0 
-1 4 0 2.585786437626905 5.414213562373095 
-1 3 0 2.5857864376269055 5.414213562373095 
-1 2 0 0.938122963767923 10.581205580942187 
-1 1 0 0.9381229638034259 10.581205587194578 
-1 0 0 0.33044035925316945 13.881921548446014 
-1 -1 0 0.33044035924648335 13.881921545874524 
-1 -2 0 0.2336629546072817 13.500426273471465 
-1 -3 0 0.23366295470855714 13.500426158283476 
-1 -4 0 0.488364707780501 10.495152480795571 
-1 -5 0 0.4883647074472347 10.4951524807957 
-2 2 0 3.4242265273480643 8.77338741165064 
-2 1 0 3.424226527348062 8.773387411650646 
-2 0 0 1.4707090686614337 12.794968095868992 
-2 -1 0 1.4707090686614328 12.794967860797643 
-2 -2 0 0.8339164945765457 13.999999998619495 
-2 -3 0 0.8339164943769862 13.999999992645947 
-2 -4 0 0.4883647074472346 11.88513745721687 
-2 -5 0 0.48836470780028085 11.885137045301368 
-2 -6 0 1.585786437626905 5.0 
-1 -6 0 1.5857864376269044 4.414213562373095 
-2 -7 0 1.5857864376269042 5.0 
-1 -7 0 1.5857864376269049 4.414213562373094 
-3 0 0 4.69410247066657 10.785667011198 
-3 -1 0 4.69410247066657 10.785667011198003 
-3 -2 0 2.7368915487642935 14.0 
-3 -3 0 2.7368915487642904 14.000000000000002 
-3 -4 0 2.173967214908523 12.701562118716422 
-3 -5 0 2.173967214908525 12.701562118716422 
-3 -6 0 1.5857864376269044 5.0 
-3 -7 0 1.585786437626905 5.000000000000001 
-4 -2 0 12.0 12.0 
-4 -3 0 12.0 12.0 
-4 -4 0 6.298437881283577 12.701562118716424 
-4 -5 0 6.298437881283577 12.701562118716424 
-4 -6 0 5.0 5.0 
-4 -7 0 5.0 5.0 
