1 3 0 1.0 1.0 
2 3 0 1.0 1.0 
1 2 0 1.0 1.0 
2 2 0 1.0 1.0 
1 1 0 0.4614436970617174 8.119026675525923 
2 1 0 2.3126004382638277 8.119026675525918 
1 0 0 0.46144369706171817 8.11902667552592 
2 0 0 2.312600438263827 8.119026675525918 
1 -1 0 0.6674870272520911 11.632017081732418 
2 -1 0 4.312600438263827 10.11902667552592 
1 -2 0 0.6674870272520985 11.632017081732418 
2 -2 0 4.312600438263827 10.11902667552592 
1 -3 0 2.5019880769400107 9.000000000000002 
2 -3 0 7.0 7.0 
1 -4 0 2.5019880769400125 9.0 
2 -4 0 7.0 7.0 
0 1 0 0.46144369706171734 7.15733553421126 
0 0 0 0.4614436970617172 7.157335534211262 
0 -1 1 0.6674870272520961 11.632017081732412 
0 -2 1 0.6674870272520929 11.632017081732414 
0 -3 1 1.2004935089736102 11.999999999838728 
0 -4 1 1.200493508973607 11.999999999845103 
0 -5 0 2.9999999999999996 7.000000000000001 
1 -5 0 5.0 5.0 
0 -6 0 3.0 6.999999999999999 
1 -6 0 5.0 5.0 
-1 1 0 3.0 3.0 
-1 0 0 3.0 3.0 
-1 -1 0 1.0367304600216014 9.852786754331698 
-1 -2 0 1.0367304600216012 9.8527867543317 
-1 -3 0 0.3517700907587266 11.999999995324915 
-1 -4 0 0.3517700907587564 11.999999998220117 
-1 -5 0 1.0087671535529124 10.0 
-1 -6 0 1.0087671535529181 10.0 
-2 -1 0 2.875114580235424 7.761557181831892 
-2 -2 0 2.8751145802354263 7.761557181831892 
-2 -3 0 0.3517700908825515 11.999999998608487 
-2 -4 0 0.3517700911066612 11.999999999627779 
-2 -5 1 0.7673677657737316 11.328554080084523 
-2 -6 1 0.7673677657737303 11.328554080084238 
-2 -7 0 0.21497461340992435 7.3797435320862395 
-1 -7 0 3.0 3.0 
-2 -8 0 0.2149746134099248 7.379743532086241 
-1 -8 0 3.0 3.0 
-3 -1 0 4.0 6.0 
-3 -2 0 3.9999999999999996 6.000000000000001 
-3 -3 0 2.1163093433173747 9.999999999999998 
-3 -4 0 2.1163093433173743 9.999999999999998 
-3 -5 0 0.7673677657737266 11.328554080084722 
-3 -6 0 0.7673677657737334 11.32855408008472 
-3 -7 0 0.21497461340992333 8.64575131106459 
-3 -8 0 0.21497461340992485 8.64575131106459 
-4 -3 0 8.0 8.0 
-4 -4 0 8.0 8.0 
-4 -5 0 4.726927136932332 10.132637493579843 
-4 -6 0 4.726927136932333 10.13263749357984 
-4 -7 0 3.3542486889354093 8.645751311064592 
-4 -8 0 3.3542486889354093 8.64575131106459 
-4 -9 0 2.0 2.0 
-3 -9 1 1.9999999999999998 1.9999999999999998 
-4 -10 0 2.0 2.0 
-3 -10 1 1.9999999999999998 1.9999999999999998 
