1 3 0 3.0 3.0 
2 3 0 3.0 3.0 
1 2 0 3.0 3.0 
2 2 0 3.0 3.0 
1 1 0 1.8603262143665378 10.067240085257007 
2 1 0 3.5300100468727416 10.067240085257003 
1 0 0 1.8603262143665371 10.067240085257001 
2 0 0 3.5300100468727407 10.067240085257003 
1 -1 0 2.344430914558989 13.568445175511291 
2 -1 0 5.518533392308468 12.786885263241956 
1 -2 0 2.3444309145589863 13.568445175514444 
2 -2 0 5.518533392308468 12.786885263241958 
1 -3 0 3.161698505639015 14.386639946126937 
2 -3 0 7.4278429140852955 12.944408850359146 
1 -4 0 3.1616985053228523 14.386639946261347 
2 -4 0 7.4278429140852955 12.944408850359148 
1 -5 0 5.2710057461819275 12.999999999999998 
2 -5 0 11.0 11.0 
1 -6 0 5.27100574618193 13.0 
2 -6 0 11.0 11.0 
0 3 0 3.0 3.0 
0 2 0 3.0 3.0 
0 1 1 1.592084067631374 9.131317868715637 
0 0 1 1.5920840676313737 9.131317868683267 
0 -1 1 0.6305559587381614 13.5684451736523 
0 -2 1 0.6305559587381636 13.568445173948232 
0 -3 0 0.3533605462143155 15.221688743263176 
0 -4 0 0.35336054621420154 15.221688777124243 
0 -5 0 1.136389699336131 14.999999458007945 
0 -6 0 1.136389700968286 14.99999955774105 
0 -7 0 3.3161469644725767 11.201005553985668 
1 -7 0 8.0 10.000000000000002 
0 -8 0 3.316146964472575 11.201005553984315 
1 -8 0 7.999999999999999 10.000000000000002 
-1 3 0 3.0 3.0 
-1 2 0 3.0 3.0 
-1 1 0 1.5920840676313726 8.198471069917499 
-1 0 0 1.592084067631371 8.198471069917497 
-1 -1 0 0.6305559591432017 12.22965296381351 
-1 -2 0 0.6305559587381879 12.229652964522206 
-1 -3 0 0.35336054621954766 15.221688294999218 
-1 -4 0 0.3533605462368565 15.221688630353269 
-1 -5 0 0.9148019164876142 15.692117888078808 
-1 -6 0 0.9148019162451483 15.692117896641944 
-1 -7 0 1.5946127292766967 12.999999853504162 
-1 -8 0 1.5946127292767127 12.999999782246158 
-1 -9 0 2.9596981479230906 9.351002642223996 
0 -9 0 6.0 7.999999999999999 
-1 -10 0 2.959698147923092 9.351002642224 
0 -10 0 6.0 8.0 
-2 1 0 3.518805695907985 7.170086486626034 
-2 0 0 3.5188056959079845 7.170086486626036 
-2 -1 0 1.0295253742846049 10.915927270579553 
-2 -2 0 1.0295253741279438 10.915927343950854 
-2 -3 1 0.8854273106878549 14.80454877590074 
-2 -4 1 0.8854273106878571 14.804548777007309 
-2 -5 1 0.8704718073254178 15.999999977696996 
-2 -6 1 0.8704718065786415 15.999999896994488 
-2 -7 0 0.3406742947570884 14.667789919385404 
-2 -8 0 0.34067429462713056 14.667790010764064 
-2 -9 0 1.3769839647582949 11.295788571094134 
-2 -10 0 1.3769839647629036 11.295788572150542 
-2 -11 0 5.0 5.000000000000001 
-1 -11 0 5.0 5.0 
-2 -12 0 5.0 5.0 
-1 -12 0 5.0 5.0 
-3 -1 0 3.214202380740199 9.170086486626035 
-3 -2 0 3.2142023807401974 9.170086486626033 
-3 -3 0 1.5601656302147635 12.658451400071415 
-3 -4 0 1.560165630215294 12.658451706167899 
-3 -5 0 0.8704718065755352 15.999999991052128 
-3 -6 0 0.8704718065740787 15.999999997705082 
-3 -7 0 0.34067429475063193 15.31840439628707 
-3 -8 0 0.3406742946814312 15.318404426573938 
-3 -9 0 1.017670775146564 12.485917198930517 
-3 -10 0 1.017670775151367 12.485917198985591 
-3 -11 0 1.9999999999999998 5.999999999999998 
-3 -12 0 2.0 5.999999999999999 
-4 -3 0 4.572121127629257 11.000000000000002 
-4 -4 0 4.572121127629257 11.0 
-4 -5 0 2.3454434759178397 14.789776470959433 
-4 -6 0 2.3454434759178358 14.789776470923357 
-4 -7 0 1.159335817205581 15.999999996044092 
-4 -8 0 1.1593358172054882 15.999999980625796 
-4 -9 0 1.0176707751460432 13.35206629709736 
-4 -10 0 1.0176707751460623 13.352066295478942 
-4 -11 0 1.9999999999999996 6.0 
-4 -12 0 2.0000000000000004 6.000000000000001 
-5 -5 0 6.5721211276292575 12.803542495682596 
-5 -6 0 6.5721211276292575 12.803542495682596 
-5 -7 0 3.7606127907388545 16.0 
-5 -8 0 3.760612790738851 16.000000000000004 
-5 -9 0 2.4093364309278615 13.828427124746192 
-5 -10 0 2.4093364309278633 13.828427124746188 
-5 -11 0 2.0 6.0 
-5 -12 0 2.0 6.0 
-6 -7 0 14.0 14.0 
-6 -8 0 14.0 14.0 
-6 -9 0 8.171572875253808 13.82842712474619 
-6 -10 0 8.17157287525381 13.82842712474619 
-6 -11 0 6.0 6.0 
-6 -12 0 6.0 6.0 
