3 9 0 1.0 4.0 
4 9 0 4.0 4.0 
3 8 0 1.0000000000000004 4.0 
4 8 0 4.0 4.0 
3 7 0 1.0000000004159713 9.866198259498415 
4 7 0 4.0 9.866198262509023 
3 6 0 1.0000000000049496 9.86619826250726 
4 6 0 4.0 9.866198262509023 
3 5 0 1.2301912637284076 13.866198131341003 
4 5 0 5.344557618450169 13.866198262509027 
3 4 0 1.2301912637289012 13.866198262507895 
4 4 0 5.344557618450171 13.866198262509021 
3 3 0 2.164317926754393 16.84313830166563 
4 3 0 7.344557618450168 16.086130197651496 
3 2 0 2.1643179229186904 16.843138301694882 
4 2 0 7.344557618450173 16.086130197651496 
3 1 0 3.5064802520008196 16.086130163348102 
4 1 0 9.485863070664708 15.0 
3 0 0 3.506480251999801 16.08613011114047 
4 0 0 9.485863070664708 15.0 
3 -1 0 5.506480251999765 14.99999999999995 
4 -1 0 13.0 13.0 
3 -2 0 5.5064802520881875 14.99999999999903 
4 -2 0 13.0 13.0 
2 9 0 1.0000000000000004 4.0 
2 8 0 0.9999999999999999 4.0 
2 7 1 1.0000000000000027 9.551323522308554 
2 6 1 1.0000000000000007 9.551323522208557 
2 5 2 0.4893654545365484 13.866198262482195 
2 4 2 1.2301912637280445 13.866198262388291 
2 3 1 0.3836133735138736 16.843138270446442 
2 2 1 0.38361337351387526 16.84313827116798 
2 1 0 0.38361337373871773 17.999999921012673 
2 0 0 0.38361337353221275 17.99999999985287 
2 -1 0 1.7085228357595161 15.999999935960714 
2 -2 0 1.7085228357230158 15.999999992350267 
2 -3 0 3.585786438506634 12.999999530794161 
3 -3 0 7.585786437626903 11.0 
2 -4 0 3.5857864535543795 12.999999856960478 
3 -4 0 7.585786437626904 11.0 
1 9 0 3.0 3.0 
1 8 0 3.0 3.0 
1 7 0 1.3947016881095897 8.444580551480406 
1 6 0 1.3947016881309464 8.444580553480096 
1 5 0 0.48936545462921127 13.551323507165149 
1 4 0 0.4893654547330802 13.551323130877368 
1 3 0 0.38361337351481883 16.84313828642456 
1 2 0 0.3836133735161914 16.843138300918618 
1 1 0 0.3836133736249645 17.999999996803417 
1 0 0 0.3836133735144099 17.999999977134042 
1 -1 0 0.7313063954347306 17.99999999987229 
1 -2 0 0.731306395477429 17.99999999975691 
1 -3 0 2.065962815734677 14.638054975655246 
1 -4 0 2.065962815734504 14.638054554319329 
1 -5 0 4.000000000000002 10.999999999999998 
2 -5 0 5.585786437626905 9.000000000000004 
1 -6 0 3.999999999999999 10.99999999999931 
2 -6 0 5.585786437626904 9.0 
0 7 0 2.9999999999999996 7.170086486626033 
0 6 0 3.000000000000001 7.170086486626034 
0 5 0 1.0000000000032436 12.444580450639275 
0 4 0 1.000000000001811 12.444580534630802 
0 3 2 0.987903564375737 15.62098359393696 
0 2 2 0.98790356437574 15.620983213284585 
0 1 4 0.9879035643846718 17.99999998030401 
0 0 4 0.987903564374708 17.999999082996993 
0 -1 2 0.42002330203162497 17.99999999721818 
0 -2 2 0.4200233022892656 17.99999958322248 
0 -3 0 0.3836133735142409 15.999999994708158 
0 -4 0 0.3836133735141092 15.9999999956827 
0 -5 0 1.7085228357188889 12.76066571896354 
0 -6 0 1.7085228415996356 12.760665718966306 
0 -7 0 3.5857864376269064 8.0 
1 -7 0 6.0 6.0 
0 -8 0 3.5857864376269055 8.000000000000002 
1 -8 0 6.0 6.0 
-1 7 0 5.0 5.0 
-1 6 0 5.0 5.0 
-1 5 0 2.9999999999999996 11.170086486406923 
-1 4 0 3.0000000000000004 11.17008648632871 
-1 3 0 1.3947016881093657 14.708087928168295 
-1 2 0 1.3947016881099912 14.708087920895595 
-1 1 0 0.4893654545366768 17.71909627754733 
-1 0 0 0.4893654545482891 17.719096292743515 
-1 -1 0 0.3836133735287856 17.99999992444245 
-1 -2 0 0.38361337377657273 17.999999937065695 
-1 -3 0 0.38361337351420716 17.65473528400194 
-1 -4 0 0.38361337353384484 17.654735317666123 
-1 -5 0 0.7313063954717894 14.220900855878707 
-1 -6 0 0.7313063954608509 14.220900856308074 
-1 -7 0 2.065962815734469 8.760665718966504 
-1 -8 0 2.065962815734465 8.760665718966502 
-2 5 0 5.518805695907984 9.170086486626033 
-2 4 0 5.518805695907984 9.170086486626033 
-2 3 0 3.177193961616667 12.999999999809182 
-2 2 0 3.1771939616166396 12.999999991181495 
-2 1 0 1.1771939616863103 15.999999950378863 
-2 0 0 1.1771939617495837 15.999999873768983 
-2 -1 1 0.9879035643757454 17.999999686319633 
-2 -2 1 0.9879035643765749 17.999999569737234 
-2 -3 2 0.7313063951702152 17.99999999995168 
-2 -4 2 0.7313063951702129 17.99999934892605 
-2 -5 1 0.4200233019641778 15.325145922761958 
-2 -6 1 0.4200233019641796 15.325145848951994 
-2 -7 0 0.42002330196424653 10.220900853459352 
-2 -8 0 0.4200233019641858 10.220900853709143 
-2 -9 0 4.0 4.0 
-1 -9 0 4.0 4.0 
-2 -10 0 4.0 4.0 
-1 -10 0 4.0 4.0 
-3 3 0 5.2142023807402 11.0 
-3 2 0 5.214202380740196 10.999999999999998 
-3 1 0 3.2142023807401987 14.803542483715123 
-3 0 0 3.2142023807401983 14.803542478703807 
-3 -1 0 1.6577149950363244 17.99999999999809 
-3 -2 0 1.657714995060885 17.99999999999914 
-3 -3 0 0.5725222065058647 17.999999731261234 
-3 -4 0 0.572522206509207 17.999999999950653 
-3 -5 0 0.42002330196419074 16.70156211871339 
-3 -6 0 0.42002330196419263 16.701562118714456 
-3 -7 0 0.42002330196417786 11.325145929126924 
-3 -8 0 0.42002330196417825 11.325145929450558 
-3 -9 0 1.0 5.0 
-3 -10 0 1.0000000000000007 5.0 
-4 1 0 6.572121127629256 12.803542495682594 
-4 0 0 6.572121127629255 12.803542495682594 
-4 -1 0 4.207431263025045 15.999999999992589 
-4 -2 0 4.207431263025149 15.99999999999292 
-4 -3 0 2.2074312630250406 17.999999792986998 
-4 -4 0 2.2074312630250685 17.999999517944225 
-4 -5 0 1.1982334706212974 16.70156211553297 
-4 -6 0 1.198233470621301 16.701562118126862 
-4 -7 0 1.0000000000018339 12.70156211871638 
-4 -8 0 1.000000000001965 12.701562118556652 
-4 -9 0 1.0000000000000002 5.0 
-4 -10 0 1.0 5.0 
-5 -1 0 14.0 14.0 
-5 -2 0 14.0 14.0 
-5 -3 0 8.298437881283576 16.0 
-5 -4 0 8.298437881283578 16.000000000000004 
-5 -5 0 6.298437881283577 16.701562118716428 
-5 -6 0 6.298437881283576 16.701562118716428 
-5 -7 0 5.0 12.701562118716424 
-5 -8 0 5.000000000000001 12.701562118716424 
-5 -9 0 5.0 5.0 
-5 -10 0 5.0 5.0 
