2 4 0 2.585786437626904 6.0 
3 4 0 6.0 6.0 
2 3 0 2.5857864376269046 6.000000000000001 
3 3 0 6.0 6.0 
2 2 0 2.759761791225364 14.60555127546399 
3 2 0 7.39444872453601 14.60555127546399 
2 1 0 2.7597617912253614 14.605551275463984 
3 1 0 7.39444872453601 14.60555127546399 
2 0 0 3.6921683521996225 16.0 
3 0 0 14.0 14.0 
2 -1 0 3.6921683521996242 15.999999999999998 
3 -1 0 14.0 14.0 
1 4 0 2.585786437626904 6.000000000000001 
1 3 0 2.585786437626905 6.0 
1 2 0 1.1370309937682797 13.108214723458538 
1 1 0 1.1370309917483352 13.10821472421555 
1 0 0 1.5679265495598194 15.999999998818957 
1 -1 0 1.5679265447698376 15.999999999748058 
1 -2 0 2.0607773527130635 13.917105200896486 
2 -2 0 5.889907928977185 13.0 
1 -3 0 2.0607773522509425 13.917104574835738 
2 -3 0 5.889907928977184 13.0 
0 4 0 2.585786437626904 5.999999999999998 
0 3 0 2.585786437626905 6.0 
0 2 1 0.9704125325065027 11.440341409080796 
0 1 1 0.9704125325065077 11.440341667225166 
0 0 1 0.3786248066858724 15.230303494501909 
0 -1 1 0.378624806685874 15.230303476719932 
0 -2 0 0.24517958669816284 15.901511784123663 
0 -3 0 0.2451795866981927 15.901511642255866 
0 -4 0 0.919302053740537 12.752545894881607 
1 -4 0 3.7448735001767908 11.000000000000002 
0 -5 0 0.9193020537405391 12.752545892530277 
1 -5 0 3.74487350017679 11.000000000000002 
-1 4 0 2.585786437626905 5.414213562373095 
-1 3 0 2.585786437626906 5.414213562373096 
-1 2 0 0.970412532513965 10.440607916383367 
-1 1 0 0.9704125326105295 10.440607667549852 
-1 0 0 0.37862480668648074 13.545464092701472 
-1 -1 0 0.3786248066858981 13.545464120660162 
-1 -2 0 0.24517958669817053 15.999999996812374 
-1 -3 0 0.2451795867006978 15.99999999423168 
-1 -4 0 0.4056833374522388 13.521741357260655 
-1 -5 0 0.4056833374522273 13.521741596701357 
-1 -6 0 0.9933454883573659 10.40502581366486 
0 -6 0 2.9673711359083583 8.676398001918132 
-1 -7 0 0.9933454885263041 10.405025701135724 
0 -7 0 2.9673711359083574 8.676398001918127 
-2 2 0 3.2326642592364645 8.842444638203503 
-2 1 0 3.2326642592364663 8.842444638203501 
-2 0 0 1.296299515484012 12.75061998261188 
-2 -1 0 1.2962995154839834 12.750619992005975 
-2 -2 0 0.45467485473331476 15.999999998669841 
-2 -3 0 0.4546748549832826 15.999999292027622 
-2 -4 0 0.40568333745251817 15.381030447078311 
-2 -5 0 0.4056833374522276 15.381029845785829 
-2 -6 0 0.854849558920706 11.465324729963358 
-2 -7 0 0.8548495585460425 11.465324744707033 
-2 -8 0 2.5857864376269055 6.000000000000002 
-1 -8 0 2.5857864376269046 5.414213562373096 
-2 -9 0 2.5857864376269046 5.999999999999999 
-1 -9 0 2.585786437626905 5.414213562373096 
-3 0 0 3.8695414804975017 11.0 
-3 -1 0 3.869541480497499 11.000000000000002 
-3 -2 0 1.9142232036133713 13.911820715354512 
-3 -3 0 1.914223203624551 13.911820712982365 
-3 -4 0 1.47942271985649 15.999999999915328 
-3 -5 0 1.4794227190869265 15.999999991728968 
-3 -6 0 0.8548495585445206 13.110011801552886 
-3 -7 0 0.8548495585445199 13.110011715160153 
-3 -8 0 2.5857864376269037 6.000000000000001 
-3 -9 0 2.585786437626905 6.000000000000001 
-4 -2 0 5.889907928977186 12.999999999999996 
-4 -3 0 5.889907928977185 13.000000000000002 
-4 -4 0 3.8946646890473335 15.999999999999998 
-4 -5 0 3.894664689047336 15.999999999999998 
-4 -6 0 2.8163888067506786 14.605551275463995 
-4 -7 0 2.816388806750673 14.605551275463988 
-4 -8 0 2.585786437626905 6.000000000000001 
-4 -9 0 2.585786437626905 6.0 
-5 -4 0 14.0 14.0 
-5 -5 0 14.0 14.0 
-5 -6 0 7.39444872453601 14.605551275463988 
-5 -7 0 7.3944487245360095 14.605551275463988 
-5 -8 0 6.0 6.0 
-5 -9 0 6.0 6.0 
