5 15 0 1.0 1.0 
6 15 0 1.0 1.0 
5 14 0 1.0 1.0 
6 14 0 1.0 1.0 
5 13 1 1.1429733718008919 8.112976933772522 
6 13 0 1.1429733718008912 8.112976933772522 
5 12 1 1.14297337180089 8.112976933772527 
6 12 0 1.1429733718008914 8.112976933772524 
5 11 0 0.4172753473932609 11.475016522224797 
6 11 0 1.9222061606762608 11.475016522322449 
5 10 0 0.41727534739326333 11.475016522178505 
6 10 0 1.9222061606762613 11.47501652232245 
5 9 0 1.0713962770954593 13.636280153485387 
6 9 0 3.4237010783610473 12.795046469856775 
5 8 0 1.0713962770954577 13.636280543468741 
6 8 0 3.4237010783610486 12.795046469856768 
5 7 0 2.1606291004395164 13.342085199340122 
6 7 0 5.707428522628725 12.116500173389486 
5 6 0 2.1606291004397793 13.34208519935079 
6 6 0 5.707428522628725 12.116500173389486 
5 5 0 3.860818034668859 11.000000000000007 
6 5 0 9.0 9.0 
5 4 0 3.860818034668863 10.999999999999998 
6 4 0 9.0 9.0 
4 13 0 1.4133179928400397 8.014368242367874 
4 12 0 1.4133179928400397 8.014368242367873 
4 11 0 0.417275347393526 11.302091793560358 
4 10 0 0.41727534739424554 11.302091852471571 
4 9 1 1.0713962770954533 13.787955639348679 
4 8 1 1.0713962770954535 13.787956084148052 
4 7 0 1.2654296474226938 14.510161204098278 
4 6 0 1.26542964742264 14.510161211391996 
4 5 0 3.5187770094819095 12.999999991534704 
4 4 0 3.518777009454899 12.9999999909989 
4 3 0 6.999999999999999 9.0 
5 3 0 7.0 7.0 
4 2 0 7.0 9.0 
5 2 0 7.0 7.0 
3 13 0 3.0 3.0 
3 12 0 3.0 3.0 
3 11 0 0.9627138474336089 10.836202776292279 
3 10 0 0.9627138474336097 10.83620281716433 
3 9 1 0.7519139634083929 13.787956113164825 
3 8 1 0.7519139634083903 13.787955993742433 
3 7 0 0.3620514471721419 15.760250483211854 
3 6 0 0.3620514471720974 15.760971596257367 
3 5 0 1.7653262336337905 13.999999999028468 
3 4 0 1.7653262336374713 13.999999722519705 
3 3 0 3.1523412538612923 10.9999999999983 
3 2 0 3.152341253861293 10.999999999498367 
2 11 0 1.7867000763626952 7.411383587057646 
2 10 0 1.7867000763626968 7.411383587057646 
2 9 0 0.7519139634093536 12.840673351284604 
2 8 0 0.7519139634288712 12.840673495989842 
2 7 1 0.36205144717209614 15.761047600856914 
2 6 1 0.3620514471720938 15.761047696333684 
2 5 1 0.9074028646821555 15.99999999697139 
2 4 1 0.9074028646821618 15.999999995776387 
2 3 0 1.261231788448337 12.259406443865405 
2 2 0 1.2612317884483935 12.259406866449266 
2 1 0 2.9999999999999996 7.000000000000001 
3 1 0 5.0 5.0 
2 0 0 3.000000000000001 7.0 
3 0 0 4.999999999999999 5.0 
1 9 0 2.359073275262306 10.466055503473278 
1 8 0 2.3590732752623067 10.466055503473275 
1 7 0 1.0254961036808987 13.999999953365446 
1 6 0 1.025496103638855 13.999999808621594 
1 5 0 0.6782116263645657 15.999999962742805 
1 4 0 0.6782116263325272 15.99999995695043 
1 3 1 1.2544167885083843 13.312272586082981 
1 2 1 1.254416812605659 13.312272692442377 
1 1 0 2.0000000000000004 7.000000000000001 
1 0 0 2.000000000000001 7.000000000000001 
0 7 0 2.410764606266731 12.741161455874103 
0 6 0 2.410764606266728 12.7411614558741 
0 5 0 0.6782116263325135 15.999999906587492 
0 4 0 0.6782116263325154 15.999999999935278 
0 3 1 1.2544167885077135 14.871428248264902 
0 2 1 1.2544167885077127 14.871427914820964 
0 1 1 1.9999999999999996 7.681330643604976 
0 0 1 2.000000000000001 7.681330643604981 
-1 5 0 4.862352153727137 14.000000000000002 
-1 4 0 4.862352153727138 14.000000000000004 
-1 3 0 3.333111717641536 16.0 
-1 2 0 3.3331117176415317 16.0 
-1 1 0 2.6765957239135205 8.0 
-1 0 0 2.676595723913522 8.0 
-2 3 0 16.0 16.0 
-2 2 0 16.0 16.0 
-2 1 0 8.0 8.0 
-2 0 0 8.0 8.0 
