4 12 0 0.9999999999999999 3.0 
5 12 0 3.0 3.0 
4 11 0 0.9999999999999999 3.000000000000001 
5 11 0 3.0 3.0 
4 10 0 1.481961712595362 12.053754570288586 
5 10 0 3.554061477796151 12.053754570288582 
4 9 0 1.481961712595363 12.053754570288579 
5 9 0 3.5540614777961506 12.053754570288582 
4 8 0 1.8141803237943266 14.367768161751947 
5 8 0 4.554061477796149 13.053754570288584 
4 7 0 1.8141803314654965 14.367768023629527 
5 7 0 4.55406147779615 13.053754570288584 
4 6 0 2.5540614777961905 15.36776816181556 
5 6 0 6.258342613226059 13.74165738677394 
4 5 0 2.5540614777961856 15.367767966341978 
5 5 0 6.2583426132260565 13.74165738677394 
4 4 0 4.189630466387698 14.000000000000007 
5 4 0 11.0 11.0 
4 3 0 4.189630466387699 14.000000000000005 
5 3 0 11.0 11.0 
3 12 0 1.0000000000000002 3.0 
3 11 0 1.0000000000000002 3.0 
3 10 1 1.4819617125953606 12.053754570288582 
3 9 1 1.4819617125953604 12.053754570288588 
3 8 1 0.48196171259535847 14.367768160355588 
3 7 1 0.4819617125953592 14.367768161493224 
3 6 0 0.4819617125954764 15.367767970078637 
3 5 0 0.48196171259542364 15.367768119108929 
3 4 0 0.8141803237944402 15.999999999944496 
3 3 0 0.8141803237943324 15.999999999902853 
3 2 0 2.1896304663876998 11.999999935165809 
4 2 0 7.0 9.0 
3 1 0 2.189630466387699 11.99999998209886 
4 1 0 7.0 9.0 
2 10 0 1.4819617125953615 9.65499338238533 
2 9 0 1.481961712595362 9.654993382385333 
2 8 0 0.48196171259540266 14.367768161808932 
2 7 0 0.4819617125953974 14.367768161318617 
2 6 1 0.48196171259535814 15.36776816103775 
2 5 1 0.48196171259536247 15.367768160216455 
2 4 1 0.814180323794331 15.999999703055877 
2 3 1 0.8141803237943249 15.999999734636047 
2 2 0 1.1387833962608689 13.999999897620166 
2 1 0 1.1387833962671536 13.99999994719924 
2 0 0 3.5721211276292575 9.999999999999998 
3 0 0 5.000000000000001 7.0 
2 -1 0 3.5721211276292575 9.999999999999995 
3 -1 0 4.999999999999999 7.0 
1 10 0 2.999999999999999 5.999999999999999 
1 9 0 2.9999999999999996 5.999999999999999 
1 8 0 1.0000000000000053 12.739594938968539 
1 7 0 1.0000000006527623 12.739594836457705 
1 6 1 1.0000000015413408 14.999999918940032 
1 5 1 1.0000000000021858 14.999999942233101 
1 4 1 0.4732152768773108 15.999999177566208 
1 3 1 0.4732152768773112 15.9999999999326 
1 2 0 0.47321527696504545 15.999999965833043 
1 1 0 0.47321527688605625 15.999999985738322 
1 0 0 0.6197089419146686 11.676739607044647 
1 -1 0 0.6197089416973129 11.67673960708521 
0 10 0 5.0 5.0 
0 9 0 5.0 5.0 
0 8 0 2.009182237540584 9.87077218087408 
0 7 0 2.0091822375405837 9.87077217874561 
0 6 0 1.000000000043976 14.999999960538673 
0 5 0 1.0000000001368072 14.999999813058558 
0 4 1 0.473215276877313 15.99999974387198 
0 3 1 0.4732152768773129 15.999999651860543 
0 2 3 0.6197089416973107 15.999999969550512 
0 1 3 0.6650418809429329 15.999999928720706 
0 0 2 0.5126974238008958 13.99999999788685 
0 -1 2 0.5126974238008931 13.999999993106005 
0 -2 0 0.5126974238008911 9.085868406373606 
1 -2 0 2.463779587900979 7.566540854411103 
0 -3 0 0.5126974238008922 9.085868406373606 
1 -3 0 2.46377958790098 7.566540854411103 
-1 8 0 5.585786437626905 8.414213562373096 
-1 7 0 5.585786437626905 8.414213562373096 
-1 6 0 2.7593351370667616 11.999999999999986 
-1 5 0 2.7593351370665338 11.999999999999911 
-1 4 0 1.7593351373159745 14.999999998797147 
-1 3 0 1.7593351370693817 14.999999999824123 
-1 2 0 1.0000000000000426 15.999999994462225 
-1 1 0 1.000000000224818 15.999999991811647 
-1 0 0 0.5126974238010448 14.605551275461924 
-1 -1 0 0.5126974238008953 14.605551275453937 
-1 -2 0 0.5126974238020735 10.564900945892594 
-1 -3 0 0.5126974238020372 10.56490094681059 
-1 -4 0 3.0 3.0 
0 -4 0 3.0 3.0 
-1 -5 0 3.0 3.0000000000000004 
0 -5 0 3.0 3.0 
-2 6 0 5.267949192431123 10.000000000000002 
-2 5 0 5.2679491924311215 10.0 
-2 4 0 2.198041261249595 14.999999999999996 
-2 3 0 2.1980412612496005 15.000000000000004 
-2 2 0 0.9999999999999994 15.99999999865659 
-2 1 0 1.0000000000000016 15.999999999936707 
-2 0 1 0.9999999999999963 14.605551274112939 
-2 -1 1 1.0000000000000009 14.605551270273516 
-2 -2 2 2.0882744819786585 12.605551275463988 
-2 -3 2 2.088274481978657 12.605551275463995 
-2 -4 1 2.9999999999999996 3.9999999999999996 
-2 -5 1 3.0 4.0 
-3 4 0 12.0 12.0 
-3 3 0 12.0 12.0 
-3 2 0 6.394448724536008 13.605551275463991 
-3 1 0 6.394448724536007 13.605551275463991 
-3 0 0 4.999999999999999 14.605551275463991 
-3 -1 0 4.999999999999999 14.605551275463993 
-3 -2 0 4.0 12.605551275463988 
-3 -3 0 4.000000000000001 12.605551275463988 
-3 -4 0 4.0 4.0 
-3 -5 0 4.0 4.0 
