2 6 0 0.9999999999999996 3.0 
3 6 0 3.0 3.0 
2 5 0 1.0000000000000004 3.0 
3 5 0 3.0 3.0 
2 4 0 0.9556171295958644 8.21431974337754 
3 4 0 4.324869129433354 8.214319743377537 
2 3 0 0.9556171295958644 8.214319743377535 
3 3 0 4.324869129433353 8.214319743377535 
2 2 0 1.633297317176429 11.039450505470832 
3 2 0 6.324869129433354 10.214319743377535 
2 1 0 1.63329731712806 11.039450505260191 
3 1 0 6.324869129433354 10.214319743377537 
2 0 0 2.9700290334101305 9.91232188647056 
3 0 0 9.0 9.0 
2 -1 0 2.9700290334101305 9.912321886470561 
3 -1 0 9.0 9.0 
1 6 0 1.0 3.0 
1 5 0 1.0000000000000002 3.0 
1 4 1 0.9556171295958664 7.76320336086769 
1 3 1 0.9556171295958653 7.763203360867692 
1 2 2 1.2702032200775362 11.039450469358382 
1 1 2 1.2702032200775397 11.039450494299288 
1 0 1 0.8253583165954093 11.99999999379062 
1 -1 1 0.8253583165954066 11.99999967599496 
1 -2 0 1.2070047243574205 8.455037138606972 
2 -2 0 5.000000000000001 7.0 
1 -3 0 1.2070047243574216 8.45503713860697 
2 -3 0 5.000000000000001 7.0 
0 4 0 1.5372158157219833 6.616696499565517 
0 3 0 1.5372158157219833 6.6166964995655135 
0 2 0 1.2011031367843428 9.838551003784437 
0 1 0 1.2011031367959608 9.838551001710506 
0 0 0 0.8253583166558559 11.99999999823987 
0 -1 0 0.8253583165954107 11.999999999899806 
0 -2 0 1.2070047243574218 9.999999949608716 
0 -3 0 1.2070047243574218 9.999999901850849 
0 -4 0 2.9999999999999996 5.0 
1 -4 0 3.0 5.0 
0 -5 0 2.9999999999999996 5.0 
1 -5 0 3.0 5.0 
-1 2 0 1.2011031367770706 8.759660979912852 
-1 1 0 1.2011031367770677 8.75966097991285 
-1 0 1 0.9603847024265775 11.719404655902272 
-1 -1 1 0.9603847024265766 11.719415913978166 
-1 -2 2 1.5168784692355026 11.15603056943336 
-1 -3 2 1.5168784692354977 11.156030569343084 
-1 -4 1 2.000000000000001 6.000000000000002 
-1 -5 1 1.9999999999999993 5.999999999999999 
-2 0 0 3.5505102572168212 10.000000000000002 
-2 -1 0 3.550510257216824 10.000000000000002 
-2 -2 0 2.209879875922506 12.0 
-2 -3 0 2.209879875922503 11.999999999999998 
-2 -4 0 1.9999999999999998 6.000000000000001 
-2 -5 0 1.9999999999999996 6.000000000000001 
-3 -2 0 12.0 12.0 
-3 -3 0 12.0 12.0 
-3 -4 0 6.0 6.0 
-3 -5 0 6.0 6.0 
