0 4 0 1.0 1.0 
1 4 0 1.0 1.0 
0 3 0 1.0 1.0 
1 3 0 1.0 1.0 
0 2 1 1.2679491924311226 4.732050807568877 
1 2 0 1.2679491924311226 4.732050807568877 
0 1 1 1.2679491924311226 4.7320508075688785 
1 1 0 1.2679491924311226 4.732050807568877 
0 0 1 1.0967880740884468 5.709275359436924 
1 0 0 1.9999999999999998 5.000000000000001 
0 -1 1 1.0967880740884466 5.709275359436922 
1 -1 0 2.0 5.0 
0 -2 0 0.8299135133739665 4.732050807568878 
1 -2 0 4.0 4.0 
0 -3 0 0.8299135133739673 4.732050807568877 
1 -3 0 4.0 4.0 
-1 2 0 3.0 3.0 
-1 1 0 2.9999999999999996 3.0 
-1 0 0 1.0967880740884457 5.709275359436923 
-1 -1 0 1.0967880740884468 5.709275359436921 
-1 -2 0 0.8299135133739668 5.000000000000001 
-1 -3 0 0.8299135133739667 5.000000000000001 
-1 -4 0 2.0 2.0 
0 -4 0 2.0 2.0 
-1 -5 0 2.0 2.0 
0 -5 0 2.0 2.0 
-2 0 0 5.0 5.0 
-2 -1 0 5.0 5.0 
-2 -2 0 3.0 5.0 
-2 -3 0 3.0 5.0 
-2 -4 0 2.0 2.0 
-2 -5 0 2.0 2.0 
