0 -2 1 1.9999999999999998 1.9999999999999998 
1 -2 0 2.0 2.0 
0 -3 1 2.0 2.0 
1 -3 0 2.0 2.0 
0 -4 1 1.9999999999999991 15.082762530298226 
1 -4 0 2.9172374697017807 15.082762530298218 
0 -5 1 2.0000000000000013 15.082762530298213 
1 -5 0 2.91723746970178 15.082762530298218 
0 -6 0 0.48334863045409593 16.000000000000004 
1 -6 0 10.0 10.0 
0 -7 0 0.483348630454102 16.0 
1 -7 0 10.0 10.0 
-1 -4 0 1.9999999999999947 13.675165008527465 
-1 -5 0 2.0 13.675165008527465 
-1 -6 0 0.48334863045409865 15.999999999074705 
-1 -7 0 0.48334863045409465 15.999999996502105 
-1 -8 0 3.884063545115661 14.0 
0 -8 0 5.999999999999999 8.0 
-1 -9 0 3.884063545115661 13.999999999999998 
0 -9 0 6.0 8.0 
-2 -4 0 2.0000000000000004 8.000000000000002 
-2 -5 0 2.0000000000000013 8.000000000000002 
-2 -6 2 1.977931408100137 15.999999888747784 
-2 -7 2 1.338809387277004 15.999999999996701 
-2 -8 1 0.6288051598833745 15.756588425698862 
-2 -9 1 0.6288051598833775 15.756100433436535 
-3 -4 0 3.9999999999999987 8.000000000000002 
-3 -5 0 3.999999999999998 8.0 
-3 -6 0 1.9779314112613753 13.999999999485402 
-3 -7 0 1.977931415173705 13.999999999503324 
-3 -8 0 0.6288051599051541 15.756592741511536 
-3 -9 0 0.6288051600480152 15.756885617617584 
-3 -10 1 0.9571242759854401 13.809893759330937 
-2 -10 0 0.957124275985441 12.635400353297399 
-3 -11 1 0.957124275985437 13.809886933716426 
-2 -11 0 0.9571242759854389 12.635399953450207 
-4 -4 0 4.0 8.0 
-4 -5 0 3.9999999999999987 7.999999999999999 
-4 -6 0 2.02025928917132 12.613622724441603 
-4 -7 0 2.0202592891718147 12.613622696251538 
-4 -8 0 0.6431489610948063 14.58449038609333 
-4 -9 0 0.6431489610947817 14.584489475274744 
-4 -10 2 1.032690548360404 13.926974708381662 
-4 -11 2 1.0326905483604023 13.926974550256485 
-4 -12 1 0.604487352364194 12.379598950489088 
-3 -12 0 0.7934998455609907 10.999999999989866 
-4 -13 1 0.6044873523641976 12.379598973794154 
-3 -13 0 0.7934998455599394 10.999999999985318 
-5 -4 0 7.0 7.0 
-5 -5 0 6.999999999999999 7.000000000000001 
-5 -6 0 4.661236653538416 11.999999999872013 
-5 -7 0 4.661236653530806 11.999999971264653 
-5 -8 0 2.911053456672565 13.613804594823973 
-5 -9 0 2.911053456667885 13.613804556463151 
-5 -10 0 1.4242159887078023 13.926974294454322 
-5 -11 0 1.4242159879529 13.926974819294564 
-5 -12 0 0.4773611752091669 12.503555289008695 
-5 -13 0 0.4773611752029407 12.503555265012764 
-5 -14 1 0.9190128444123713 9.727446054971786 
-4 -14 0 0.919012844411236 8.724932035133074 
-5 -15 1 0.9190128444113896 9.727446054966187 
-4 -15 0 0.9190128444112429 8.724932035133076 
-6 -4 0 7.0 7.0 
-6 -5 0 7.0 7.0 
-6 -6 0 4.773093791940685 10.185610390865648 
-6 -7 0 4.773093791940685 10.185610390865651 
-6 -8 0 2.916888595340079 12.147257524568728 
-6 -9 0 2.916888595338056 12.147257527444815 
-6 -10 0 1.4689739701623357 13.337475827052847 
-6 -11 0 1.4689739703684026 13.337475827029795 
-6 -12 0 0.4773611752702098 12.503555307019965 
-6 -13 0 0.47736117520264815 12.503555133058752 
-6 -14 1 0.9448747561183711 10.037694531786238 
-6 -15 1 0.9448747561183721 10.03769383250041 
-6 -16 1 0.9999999999999999 6.503742840615819 
-5 -16 0 0.9999999999999998 5.414213562373094 
-6 -17 1 0.9999999999999992 6.503742840615818 
-5 -17 0 1.0 5.414213562373094 
-7 -6 0 9.0 9.0 
-7 -7 0 9.0 9.0 
-7 -8 0 6.799689074394349 11.22691939085162 
-7 -9 0 6.799689074394348 11.226919390851618 
-7 -10 0 4.98661691143528 12.478136742584283 
-7 -11 0 4.986616911435282 12.478136742584276 
-7 -12 0 3.429669685360754 12.112647380471211 
-7 -13 0 3.4296696853607505 12.112647380471213 
-7 -14 0 2.2393527433766702 10.037694531787675 
-7 -15 0 2.2393527433766787 10.037694531787672 
-7 -16 0 1.3887093405107935 6.503742840615818 
-7 -17 0 1.3887093405107929 6.50374284061582 
-7 -18 0 1.0 1.0 
-6 -18 0 1.0 1.0 
-7 -19 0 1.0 1.0 
-6 -19 0 1.0 1.0 
