1 5 1 1.9999999999999998 1.9999999999999998 
2 5 0 2.0 2.0 
1 4 1 2.0 2.0 
2 4 0 2.0 2.0 
1 3 2 1.171572875253809 8.156325174658663 
2 3 0 2.474572439156483 8.15632517465866 
1 2 2 1.1715728752538108 8.156325174658663 
2 2 0 2.4745724391564825 8.156325174658662 
1 1 1 0.6506530819031233 9.443354682759304 
2 1 0 3.5505102572168212 8.449489742783179 
1 0 1 0.6506530819031248 9.443354682759303 
2 0 0 3.5505102572168226 8.449489742783179 
1 -1 0 0.8416449057673812 9.000000000000004 
2 -1 0 7.0 7.0 
1 -2 0 0.841644905767381 9.000000000000002 
2 -2 0 7.0 7.0 
0 3 0 1.1715728752538095 6.82842712474619 
0 2 0 1.1715728752538097 6.82842712474619 
0 1 0 0.6506530819842182 9.44335467967971 
0 0 0 0.6506530819031237 9.443354681132016 
0 -1 0 0.8416449057757949 9.683382687546365 
0 -2 0 0.8416449058259239 9.683382700547265 
0 -3 0 3.0000000000000004 7.0 
1 -3 0 2.9999999999999996 5.0 
0 -4 0 2.9999999999999996 7.000000000000001 
1 -4 0 2.9999999999999996 5.0 
-1 3 0 2.0 4.0 
-1 2 0 2.0 4.0 
-1 1 1 1.1078141211367756 8.828427124746192 
-1 0 1 1.1078141211367787 8.828427124746188 
-1 -1 2 1.6072245818725948 9.999999970894375 
-1 -2 2 1.6072245818725952 9.99999994754374 
-1 -3 1 0.9544239968037721 8.25935227843854 
-1 -4 1 0.9544239968037717 8.259352278438545 
-2 1 0 4.0 6.0 
-2 0 0 4.000000000000001 6.0 
-2 -1 0 1.2718281134251324 10.0 
-2 -2 0 1.2718281134251317 9.999999999999996 
-2 -3 0 0.9544239968037681 8.56155281280883 
-2 -4 0 0.9544239968037722 8.561552812808829 
-2 -5 0 0.9999999999999998 3.0 
-1 -5 0 0.9999999999999999 2.9999999999999996 
-2 -6 0 1.0 2.9999999999999996 
-1 -6 0 1.0000000000000002 3.0 
-3 -1 0 8.0 8.0 
-3 -2 0 8.0 8.0 
-3 -3 0 4.438447187191168 8.56155281280883 
-3 -4 0 4.438447187191169 8.56155281280883 
-3 -5 0 3.0 3.0 
-3 -6 0 3.0 3.0 
