2 6 0 2.0 2.0 
3 6 0 2.0 2.0 
2 5 0 2.0 2.0 
3 5 0 2.0 2.0 
2 4 0 0.7005689032978203 9.464101615137752 
3 4 0 2.535898384862245 9.464101615137757 
2 3 0 0.7005689032978212 9.464101615137753 
3 3 0 2.535898384862245 9.464101615137753 
2 2 0 0.9969794906299748 11.418054766335104 
3 2 0 4.0 10.0 
2 1 0 0.9969794906299708 11.418054766335104 
3 1 0 4.0 10.0 
2 0 0 2.679248998573893 10.000000000000004 
3 0 0 8.0 8.0 
2 -1 0 2.679248998573892 10.000000000000002 
3 -1 0 8.0 8.0 
1 6 0 2.0 2.0 
1 5 0 2.0 2.0 
1 4 0 0.7005689032978218 7.6122077193605175 
1 3 0 0.7005689032978227 7.612207719360519 
1 2 0 0.38273524124631325 11.418054766320642 
1 1 0 0.38273524124631353 11.418054520994103 
1 0 0 0.5015052980936543 11.999999999972083 
1 -1 0 0.5015052980154335 11.999999999999567 
1 -2 0 1.9878969085286753 9.000000000000002 
2 -2 0 5.0 7.0 
1 -3 0 1.987896908528675 9.000000000000002 
2 -3 0 4.999999999999999 7.0 
0 4 0 1.5857864376269046 6.000000000000002 
0 3 0 1.5857864376269044 6.0 
0 2 0 0.3827352415233245 10.581423196209748 
0 1 0 0.38273524174689083 10.581423263248633 
0 0 1 0.5015052979617315 11.999999976204931 
0 -1 1 0.5015052979617295 11.99999999960506 
0 -2 1 0.9035726296307707 10.809222808478241 
0 -3 1 0.9035726296307698 10.809222807387279 
0 -4 0 2.000000000000001 6.813606502648331 
1 -4 0 4.0 4.0 
0 -5 0 2.0000000000000013 6.81360650264833 
1 -5 0 4.0 4.0 
-1 4 0 4.0 4.0 
-1 3 0 4.0 4.0 
-1 2 0 1.651520641670977 9.0 
-1 1 0 1.6515206416709831 9.0 
-1 0 0 0.6572825025852808 11.70721972299664 
-1 -1 0 0.6572825025852843 11.707219722917149 
-1 -2 0 0.3339738183311143 11.353258206806055 
-1 -3 0 0.33397381833114914 11.353258206806641 
-1 -4 0 0.4417078870192569 7.750188811513745 
-1 -5 0 0.44170788701925634 7.750188811513747 
-2 2 0 3.5857864376269046 6.999999999999999 
-2 1 0 3.5857864376269046 6.999999999999999 
-2 0 0 1.2203121298765962 11.000000000000007 
-2 -1 0 1.2203121298765967 11.000000000000002 
-2 -2 0 0.333973818331126 11.353258206344353 
-2 -3 0 0.33397381833110684 11.353258205512542 
-2 -4 1 0.44170788701925756 8.145102691200421 
-2 -5 1 0.4417078870192588 8.145102691200423 
-2 -6 1 1.9999999999999998 3.0 
-1 -6 0 2.0 2.0 
-2 -7 1 2.0 3.0 
-1 -7 0 2.0 2.0 
-3 0 0 9.0 9.0 
-3 -1 0 9.0 9.0 
-3 -2 0 5.5606883283161235 11.100431985810381 
-3 -3 0 5.560688328316125 11.10043198581038 
-3 -4 0 3.330920911717712 8.145102691200421 
-3 -5 0 3.330920911717712 8.145102691200423 
-3 -6 0 3.0 3.0 
-3 -7 0 3.0 3.0 
