3 7 0 0.7639320225002106 6.0 
4 7 0 6.0 6.0 
3 6 0 0.7639320225002109 5.999999999999998 
4 6 0 6.0 6.0 
3 5 0 1.2973302733388574 12.0 
4 5 0 12.0 12.0 
3 4 0 1.2973302733388539 12.0 
4 4 0 12.0 12.0 
2 7 0 0.7639320225002104 5.236067977499792 
2 6 0 0.7639320225002109 5.236067977499789 
2 5 0 0.8155737344440417 11.632238117039838 
2 4 0 0.8155737344440426 11.63223812820512 
2 3 0 0.7060687763264081 11.999999999999865 
3 3 0 2.801476792601765 10.0 
2 2 0 0.7060687761617938 11.999999999999861 
3 2 0 2.8014767926017634 10.0 
1 7 0 2.000000000000001 5.0 
1 6 0 2.0 5.000000000000001 
1 5 0 0.8155737344440431 9.531540281060899 
1 4 0 0.8155737362096127 9.531540281053067 
1 3 0 0.22707932882452048 11.99999999228476 
1 2 0 0.22707932882459927 11.999999972240065 
1 1 0 0.4951367226025529 9.777938183669129 
2 1 0 2.1863934973516703 8.479097614593341 
1 0 0 0.49513672250526664 9.777938259255807 
2 0 0 2.18639349735167 8.479097614593345 
0 7 0 4.0 4.0 
0 6 0 4.0 4.0 
0 5 0 2.0000000000000013 8.185627428147798 
0 4 0 2.000000000000001 8.1856274281478 
0 3 0 0.22707932885137602 11.999999959645233 
0 2 0 0.2270793289484816 11.999999952594854 
0 1 1 0.49513672250527097 11.311935858365642 
0 0 1 0.49513672250526736 11.311935864648758 
0 -1 1 1.3819660112501042 8.31943231453145 
1 -1 0 1.3819660112501055 5.618033988749895 
0 -2 1 1.3819660112501049 8.319432314531447 
1 -2 0 1.3819660112501047 5.618033988749896 
-1 5 0 6.0 6.0 
-1 4 0 5.999999999999999 6.000000000000001 
-1 3 0 2.843134973246305 10.000000000000004 
-1 2 0 2.8431349732463054 10.000000000000004 
-1 1 0 1.809323913834946 11.311935865984495 
-1 0 0 1.809323913834947 11.31193586598449 
-1 -1 0 1.4235850966907793 8.859523388615218 
-1 -2 0 1.4235850966907768 8.859523388615216 
-1 -3 0 2.0 2.0 
0 -3 0 2.0 2.0 
-1 -4 0 2.0 2.0 
0 -4 0 2.0 2.0 
-2 3 0 8.0 8.0 
-2 2 0 8.0 8.0 
-2 1 0 4.373801931472707 10.141336115655365 
-2 0 0 4.373801931472706 10.141336115655363 
-2 -1 0 2.5663353702167133 8.85952338861522 
-2 -2 0 2.566335370216713 8.85952338861522 
-2 -3 0 2.0 2.0 
-2 -4 0 2.0 2.0 
