3 7 0 3.0 6.0 
4 7 0 6.0 6.0 
3 6 0 3.0000000000000004 6.000000000000001 
4 6 0 6.0 6.0 
3 5 0 3.095080079232564 14.605551275463988 
4 5 0 7.394448724536012 14.60555127546399 
3 4 0 3.095080079232571 14.605551275463991 
4 4 0 7.394448724536009 14.60555127546399 
3 3 0 3.9598756705058107 16.0 
4 3 0 14.0 14.0 
3 2 0 3.959875670505817 16.000000000000004 
4 2 0 14.0 14.0 
2 7 0 2.999999999999999 6.000000000000001 
2 6 0 3.0 6.000000000000002 
2 5 0 1.6963358938873192 13.756436619270639 
2 4 0 1.696335901043572 13.756436627031889 
2 3 0 1.7874235399128728 15.999999999323657 
2 2 0 1.7874235398947182 15.999999986986147 
2 1 0 2.580790874436483 14.835938260166701 
3 1 0 6.233564516147297 13.000000000000004 
2 0 0 2.5807908744364854 14.8359387526282 
3 0 0 6.233564516147297 13.000000000000002 
1 7 0 3.0000000000000004 6.0 
1 6 0 2.9999999999999996 6.000000000000001 
1 5 0 0.9974311665381445 12.335753190886164 
1 4 0 0.9974311665347142 12.335753394215287 
1 3 0 0.7138378270087191 15.125481868192326 
1 2 0 0.7138378269207057 15.125483848401293 
1 1 0 0.8928764505157973 15.731706954484117 
1 0 0 0.8928764510364258 15.73170703907996 
1 -1 0 1.4130289840324137 12.85543393515739 
2 -1 0 4.28440532305139 11.784560921192009 
1 -2 0 1.4130289840315784 12.855434098162041 
2 -2 0 4.2844053230513905 11.784560921192009 
0 7 0 3.0 6.0 
0 6 0 3.0 6.0 
0 5 0 0.9974311667041245 11.261098391090396 
0 4 0 0.9974311668200622 11.261098404807093 
0 3 1 0.7138378269150019 14.403090200496738 
0 2 1 0.7138378269150004 14.40308949283163 
0 1 2 0.8928764504446337 15.731707025108456 
0 0 2 0.4340552695706507 15.731706225858314 
0 -1 1 0.3190372961596218 14.551006515785634 
0 -2 1 0.3190372961596214 14.551006538445884 
0 -3 0 0.38435012842197364 11.4772751067061 
1 -3 0 3.0324906784004564 9.685478062296522 
0 -4 0 0.3843501282277609 11.477275106704154 
1 -4 0 3.032490678400456 9.685478062296523 
-1 7 0 5.0 5.0 
-1 6 0 5.0 5.0 
-1 5 0 2.9503647566755866 9.690522375334696 
-1 4 0 2.950364756675582 9.690522376441198 
-1 3 0 1.4287484207518493 12.733418961562869 
-1 2 0 1.4287484208253018 12.733417070672358 
-1 1 0 0.4340552695706649 15.701442332620797 
-1 0 0 0.4340552695706662 15.701442289422983 
-1 -1 0 0.3190372961715486 15.351233862640782 
-1 -2 0 0.3190372962375143 15.351233803613061 
-1 -3 0 0.38435012817889624 12.514574191998308 
-1 -4 0 0.3843501283805049 12.514574189566304 
-1 -5 0 0.9831840696305316 9.374714488532979 
0 -5 0 2.4145316390045997 7.339644533898899 
-1 -6 0 0.9831840696305327 9.374714488532977 
0 -6 0 2.4145316390045983 7.3396445338989 
-2 5 0 5.585786437626906 8.414213562373096 
-2 4 0 5.585786437626905 8.414213562373094 
-2 3 0 3.6147803460731116 11.999999999897955 
-2 2 0 3.6147803462298684 11.99999999999586 
-2 1 0 1.8859202382238969 14.999999999860696 
-2 0 0 1.8859202382244504 14.999999999195557 
-2 -1 0 1.004693890069129 15.351233757177265 
-2 -2 0 1.004693889194461 15.351233859613663 
-2 -3 0 0.7207418784727676 14.168223222988814 
-2 -4 0 0.720741879229894 14.168223229535576 
-2 -5 0 0.9831840696813596 10.436235370410763 
-2 -6 0 0.9831840696378522 10.436235370410765 
-2 -7 0 3.0 3.0 
-1 -7 0 3.0 3.0 
-2 -8 0 3.0 3.0 
-1 -8 0 3.0 3.0 
-3 3 0 7.000000000000001 10.0 
-3 2 0 7.000000000000001 10.000000000000002 
-3 1 0 4.680478473364846 13.000000000000007 
-3 0 0 4.68047847336484 13.000000000000002 
-3 -1 0 3.1178352016402835 14.303203878491903 
-3 -2 0 3.117835201640327 14.30320387839569 
-3 -3 0 2.1274251834678424 14.168222835140588 
-3 -4 0 2.1274251834676563 14.168223229652316 
-3 -5 0 1.4902755981716491 12.228293760040456 
-3 -6 0 1.4902755981716507 12.228293760040462 
-3 -7 0 3.0 3.0 
-3 -8 0 3.0 3.0 
-4 1 0 11.0 11.0 
-4 0 0 11.0 11.0 
-4 -1 0 6.1458980337503135 12.854101966249685 
-4 -2 0 6.145898033750315 12.854101966249686 
-4 -3 0 4.475744307541179 12.802063178855532 
-4 -4 0 4.4757443075411825 12.802063178855537 
-4 -5 0 3.5190270180986953 12.228293760040458 
-4 -6 0 3.519027018098694 12.228293760040458 
-4 -7 0 3.0 3.0 
-4 -8 0 3.0 3.0 
