3 7 0 4.0 4.0 
4 7 0 4.0 4.0 
3 6 0 4.0 4.0 
4 6 0 4.0 4.0 
3 5 0 2.2694267363986915 13.999999999999998 
4 5 0 5.0 14.0 
3 4 0 2.2694267363986933 14.0 
4 4 0 5.0 14.0 
3 3 0 3.2912681821721175 16.836613986562547 
4 3 0 7.354248688935408 15.000000000000002 
3 2 0 3.2912681815064153 16.836613863007624 
4 2 0 7.35424868893541 15.0 
3 1 0 4.824394150912051 16.000000000000004 
4 1 0 13.0 13.0 
3 0 0 4.824394150912049 16.000000000000004 
4 0 0 13.0 13.0 
2 7 0 4.0 4.0 
2 6 0 4.0 4.0 
2 5 0 1.0012722787357209 13.26004767908072 
2 4 0 1.001272278747082 13.260047679085359 
2 3 0 1.3845749221116277 16.836613903344695 
2 2 0 1.3845749209638964 16.83661392609993 
2 1 0 1.5720363239602895 17.999999994696367 
2 0 0 1.5720363239602453 17.999999931108256 
2 -1 0 3.548359308009908 14.999998951976641 
3 -1 0 9.0 12.000000000000002 
2 -2 0 3.548359307960161 14.999999685748147 
3 -2 0 9.000000000000002 12.0 
1 7 0 4.0 4.0 
1 6 0 4.0 4.0 
1 5 0 1.001272278781942 11.679128642986775 
1 4 0 1.0012722787324646 11.67912864298677 
1 3 0 0.4674274070792056 15.336825068218452 
1 2 0 0.46742740707922154 15.336825076784312 
1 1 0 0.6591094942266758 17.99999999245969 
1 0 0 0.6591094943001371 17.999999985761768 
1 -1 0 1.242050570349902 15.942385575151894 
1 -2 0 1.2420505703509737 15.942385424700701 
1 -3 0 2.8973661580817835 13.824470613473958 
2 -3 0 7.0 10.414213562373094 
1 -4 0 2.897366158082186 13.824470582118318 
2 -4 0 7.000000000000001 10.414213562373092 
0 7 0 4.0 4.0 
0 6 0 4.0 4.0 
0 5 0 2.271104906474453 11.119100359634137 
0 4 0 2.2711049064744517 11.119100359634126 
0 3 0 0.4674274070821996 14.15954361103905 
0 2 0 0.46742740707949304 14.159544525182827 
0 1 1 0.6591094941992199 17.665992989788343 
0 0 1 0.6591094941992194 17.665992631858547 
0 -1 1 0.6075377146497271 17.636955819033314 
0 -2 1 0.6075377146497237 17.636960508546714 
0 -3 0 0.5724126721171894 14.496854648751908 
0 -4 0 0.5724126721978013 14.4968551378031 
0 -5 0 2.6700092552226216 11.615114121912843 
1 -5 0 5.585786437626906 8.414213562373096 
0 -6 0 2.6700092552226224 11.615114132086328 
1 -6 0 5.585786437626904 8.414213562373094 
-1 5 0 3.8586638843446344 9.626198068527295 
-1 4 0 3.8586638843446353 9.626198068527298 
-1 3 0 2.1020815848254033 13.587204505350513 
-1 2 0 2.1020815834734665 13.587204505339873 
-1 1 0 0.9064581946776311 15.865530342414075 
-1 0 0 0.9064581967758502 15.865530033616126 
-1 -1 0 0.26923584807219253 17.999999931859648 
-1 -2 0 0.269235848073823 17.999999977986135 
-1 -3 0 0.43773173383489694 15.578912119625024 
-1 -4 0 0.4377317338344956 15.578911779305988 
-1 -5 0 0.6226273865062286 12.849910497846956 
-1 -6 0 0.6226273865151307 12.849910254886703 
-1 -7 0 2.235011766576199 8.63086793163825 
0 -7 0 5.0 5.0 
-1 -8 0 2.2350117665761973 8.630867931638257 
0 -8 0 5.0 5.0 
-2 5 0 5.000000000000001 7.0 
-2 4 0 4.999999999999999 7.0 
-2 3 0 2.795885346684706 11.89469594298668 
-2 2 0 2.7958853466817892 11.894696402079944 
-2 1 0 1.2252971736601137 14.734875074448011 
-2 0 0 1.2252971736601277 14.734874173361689 
-2 -1 0 0.2692358480714691 17.99999999784126 
-2 -2 0 0.2692358480710145 17.999999993221806 
-2 -3 1 0.4377317338321115 17.051729702283918 
-2 -4 1 0.43773173383211755 17.051730139071566 
-2 -5 1 0.5676354235051887 13.630936602512053 
-2 -6 1 0.5676354235051906 13.63093648588568 
-2 -7 0 0.41882721522214716 9.717160235325252 
-2 -8 0 0.4188272152168262 9.717160235325675 
-3 3 0 5.657076917222831 10.0 
-3 2 0 5.657076917222831 10.0 
-3 1 0 3.4609600897379504 13.99999989472597 
-3 0 0 3.460960089676294 13.999999869501094 
-3 -1 0 1.8963790874056707 15.93955205928296 
-3 -2 0 1.8963790874064286 15.939552054737021 
-3 -3 0 0.9999941146949172 17.051730004999516 
-3 -4 0 0.9999941161013489 17.05172985814263 
-3 -5 0 0.5676354235051994 14.946770438407054 
-3 -6 0 0.5676354235197366 14.946770438394376 
-3 -7 0 0.4188272152167275 10.65332783901532 
-3 -8 0 0.41882721529614736 10.653327899261424 
-3 -9 0 2.0 4.0 
-2 -9 0 2.0 4.0 
-3 -10 0 2.0 4.0 
-2 -10 0 2.0 4.0 
-4 1 0 7.438447187191172 12.0 
-4 0 0 7.438447187191167 11.999999999999998 
-4 -1 0 5.073830287744687 14.999999976789445 
-4 -2 0 5.0738302877446895 14.999999998951552 
-4 -3 0 3.2933263454784796 16.279129293619793 
-4 -4 0 3.2933263471659755 16.27912929795559 
-4 -5 0 2.165037279644461 14.94677043857859 
-4 -6 0 2.165037272431698 14.946770438578518 
-4 -7 0 1.5601263315142098 12.01941140740665 
-4 -8 0 1.5601263315142169 12.019411407406654 
-4 -9 0 2.0000000000000004 4.0 
-4 -10 0 1.9999999999999996 4.0 
-5 -1 0 13.0 13.0 
-5 -2 0 13.0 13.0 
-5 -3 0 7.937184638603561 14.871564226192216 
-5 -4 0 7.9371846386035605 14.871564226192218 
-5 -5 0 5.782943177333123 14.918865436603038 
-5 -6 0 5.782943177333123 14.918865436603037 
-5 -7 0 4.468112172777837 12.019411407406658 
-5 -8 0 4.468112172777835 12.019411407406656 
-5 -9 0 4.0 4.0 
-5 -10 0 4.0 4.0 
