4 10 0 1.9999999999999993 4.0 
5 10 0 4.0 4.0 
4 9 0 2.0 4.0 
5 9 0 4.0 4.0 
4 8 0 1.5757292653644166 13.043698005546984 
5 8 0 4.813013120845726 13.043698005546979 
4 7 0 1.5757292653644255 13.043698005546977 
5 7 0 4.813013120845725 13.04369800554698 
4 6 0 2.4070805272742497 15.880478918817682 
5 6 0 6.175892607456147 14.880799007668369 
4 5 0 2.4070805272742186 15.880478918727396 
5 5 0 6.175892607456147 14.880799007668376 
4 4 0 3.716371992291644 16.010382011309467 
5 4 0 7.937184638603562 14.871564226192218 
4 3 0 3.7163719922901146 16.010382011314654 
5 3 0 7.93718463860356 14.871564226192218 
4 2 0 5.14917650051256 14.999999999824151 
5 2 0 13.0 13.0 
4 1 0 5.149176500512557 14.999999999850088 
5 1 0 13.0 13.0 
3 10 0 1.9999999999999998 4.0 
3 9 0 1.9999999999999998 4.0 
3 8 0 0.8510995731450125 11.553411017166871 
3 7 0 0.8510995731450138 11.553411016553982 
3 6 0 0.7379886146079052 15.88047847614109 
3 5 0 0.7379886138548005 15.880478886833924 
3 4 0 1.093909780049773 17.136680096048053 
3 3 0 1.0939097813254917 17.13667655978647 
3 2 0 2.072784977879307 16.999999999943277 
3 1 0 2.072784977871028 16.999999998836167 
3 0 0 3.6386261316485515 13.05790240361496 
4 0 0 7.43844718719117 12.000000000000002 
3 -1 0 3.6386261315166566 13.057901863274004 
4 -1 0 7.438447187191168 12.0 
2 10 0 2.0 4.0 
2 9 0 2.0 4.0 
2 8 1 0.8510995731450041 9.619672262683594 
2 7 1 0.8510995731450053 9.619672274049142 
2 6 3 0.73798861385476 14.393414170336184 
2 5 3 0.7379886138547633 14.39341413139407 
2 4 3 0.9834861056395137 17.136680054858697 
2 3 3 0.9834861056395179 17.136680106357616 
2 2 1 0.7376362635655774 17.736167709663384 
2 1 1 0.7376362635649909 17.73616733727379 
2 0 0 0.9856346960584851 14.999999973445071 
2 -1 0 0.9856346960908485 14.99999999003848 
2 -2 0 2.668024659456853 11.223895609519655 
3 -2 0 5.65707691722283 10.0 
2 -3 0 2.6680246596195683 11.223895606260687 
3 -3 0 5.657076917222829 10.0 
1 8 0 2.379166920066291 8.238977155138699 
1 7 0 2.3791669200662886 8.2389771551387 
1 6 0 0.9991191538806082 12.695039194310915 
1 5 0 0.9991191538807925 12.695039194308444 
1 4 0 0.5389842253384788 16.35979781203928 
1 3 0 0.538984225332945 16.359797763569443 
1 2 0 0.5227807096194299 17.736167772179073 
1 1 0 0.5227807092951289 17.736167921964704 
1 0 0 0.9856346961038517 16.578792034712848 
1 -1 0 0.9856346960602169 16.57879247156258 
1 -2 0 2.2081830796901243 12.828754429516723 
1 -3 0 2.208183102435832 12.828754438602207 
1 -4 0 4.999999999999999 7.000000000000001 
2 -4 0 4.999999999999999 7.0 
1 -5 0 4.999999999999999 7.0 
2 -5 0 5.0 7.0 
0 6 0 1.4745744169121284 11.007889910528432 
0 5 0 1.474574416912212 11.007889875402224 
0 4 1 0.6362637893465403 14.846971720740765 
0 3 1 0.6362637893465399 14.846971180042466 
0 2 3 0.5227807092950345 17.54234458525283 
0 1 3 0.5227807092950304 17.542344157121736 
0 0 3 1.1256643199404002 17.2689900342592 
0 -1 3 1.125664319940403 17.268990275395176 
0 -2 1 0.8528189699762158 14.464682044315786 
0 -3 1 0.8528189699925847 14.464681668726847 
0 -4 0 1.0000000000000007 8.414213562373096 
0 -5 0 0.9999999999999994 8.414213562373092 
-1 4 0 2.135556587567921 12.77783025099868 
-1 3 0 2.135556587858715 12.777830243380402 
-1 2 0 1.1127445872229078 16.866358267438443 
-1 1 0 1.1127445872232133 16.86635837213916 
-1 0 0 0.6781274851418829 17.999998870462694 
-1 -1 0 0.678127485167926 17.999999990375088 
-1 -2 0 0.8528189701465924 15.721210865111923 
-1 -3 0 0.852818969976153 15.721211541917219 
-1 -4 0 0.9999999999999968 8.999999999999998 
-1 -5 0 0.9999999999999982 8.999999999999996 
-2 2 0 3.2241931707031637 14.852968767906047 
-2 1 0 3.224193170703159 14.852968953747357 
-2 0 0 2.533529403317017 17.999999992505927 
-2 -1 0 2.533529392653615 17.99999921362962 
-2 -2 0 1.957360678258237 17.073020586703322 
-2 -3 0 1.9573606782725215 17.0730205892076 
-2 -4 0 2.2679491924311233 8.999999999999998 
-2 -5 0 2.2679491924311233 9.000000000000004 
-3 0 0 6.340615569133967 16.86479223421203 
-3 -1 0 6.340615569133961 16.86479223421202 
-3 -2 0 4.411907982896243 18.0 
-3 -3 0 4.411907982896238 18.0 
-3 -4 0 4.267949192431123 9.0 
-3 -5 0 4.267949192431122 9.000000000000004 
-4 -2 0 18.0 18.0 
-4 -3 0 18.0 18.0 
-4 -4 0 9.0 9.0 
-4 -5 0 9.0 9.0 
