3 9 0 2.0 2.0 
4 9 0 2.0 2.0 
3 8 0 2.0 2.0 
4 8 0 2.0 2.0 
3 7 0 0.9516530454464228 9.474715929929907 
4 7 0 2.681809797313914 9.474715929929909 
3 6 0 0.9516530454464279 9.474715929929909 
4 6 0 2.681809797313913 9.47471592992991 
3 5 0 1.12391503916627 13.004901879369104 
4 5 0 4.880876498384469 12.388795255500446 
3 4 0 1.1239150387893118 13.004901879372532 
4 4 0 4.8808764983844695 12.38879525550045 
3 3 0 2.2015292934644495 14.163113636874392 
4 3 0 6.857504641405425 12.966250299233899 
3 2 0 2.2015292934636923 14.163113636896268 
4 2 0 6.857504641405427 12.966250299233902 
3 1 0 4.461451827210145 12.000000000000004 
4 1 0 10.0 10.0 
3 0 0 4.461451827210145 12.000000000000005 
4 0 0 10.0 10.0 
2 9 0 2.0 2.0 
2 8 0 2.0 2.0 
2 7 0 0.9516530454464284 9.23407767115876 
2 6 0 0.9516530454464253 9.234077671158762 
2 5 0 0.7368631005287196 13.004901854882302 
2 4 0 0.7368631010975529 13.004901872550438 
2 3 0 0.7913567182695646 15.441464319752582 
2 2 0 0.7913567181713116 15.441464319845554 
2 1 0 1.7458058604825157 13.999999999829129 
2 0 0 1.745805860482516 13.99999999993201 
2 -1 0 3.186410298704228 10.230557525743981 
3 -1 0 8.0 8.0 
2 -2 0 3.186410298704227 10.230557525743977 
3 -2 0 8.0 8.0 
1 7 0 1.4735819915199742 8.488013796487678 
1 6 0 1.4735819915199742 8.488013796487683 
1 5 0 0.736863100528721 12.401729278587377 
1 4 0 0.7368631006272971 12.401729278090068 
1 3 0 0.2643727303103677 15.441464300623634 
1 2 0 0.26437273027281805 15.441464319302101 
1 1 0 0.7042534742094221 15.999999977122938 
1 0 0 0.7042534743022757 15.999999978930129 
1 -1 0 1.7416117185444402 11.999999602506403 
1 -2 0 1.7416117173587156 11.999999980587296 
1 -3 0 3.9999999999999996 8.0 
2 -3 0 6.0 6.0 
1 -4 0 4.000000000000001 8.0 
2 -4 0 6.0 6.0 
0 7 0 4.0 4.0 
0 6 0 4.0 4.0 
0 5 0 1.3404415127966058 10.735271561569045 
0 4 0 1.3404415132568035 10.735271361165454 
0 3 0 0.26437273040330084 13.848231464665732 
0 2 0 0.264372730289197 13.848232300590352 
0 1 1 0.704253474206342 15.99999998305148 
0 0 1 0.7042534742063676 15.999999971131157 
0 -1 1 0.828260491908375 13.999999989745161 
0 -2 1 0.8282604919083816 13.999999793739141 
0 -3 0 2.0000000000000093 10.024447359942581 
0 -4 0 2.0000000000000395 10.024447359942622 
-1 5 0 3.47501837606831 8.173241315799585 
-1 4 0 3.475018376068312 8.173241315799585 
-1 3 0 1.4864825294994854 12.699713382382297 
-1 2 0 1.4864825294994637 12.699713176689757 
-1 1 0 0.7739184291886078 15.900246259570713 
-1 0 0 0.7739184291810551 15.900246283018959 
-1 -1 0 0.22540615018922974 15.424805814408826 
-1 -2 0 0.22540615018929241 15.424806077451848 
-1 -3 0 0.6693864961796728 11.722525974668459 
-1 -4 0 0.6693864962760248 11.722525970433631 
-1 -5 0 2.0000000000000004 5.0 
0 -5 0 4.0 4.0 
-1 -6 0 1.9999999999999998 5.0 
0 -6 0 4.0 4.0 
-2 3 0 3.3575612062763756 10.539700869189733 
-2 2 0 3.3575612062763756 10.53970086918973 
-2 1 0 1.1043567502226341 13.99999995554255 
-2 0 0 1.1043567499735913 13.999999939150802 
-2 -1 0 0.22540615018924293 15.999999992779193 
-2 -2 0 0.2254061501899328 15.999999976432441 
-2 -3 1 0.6693864961791035 13.176705999214347 
-2 -4 1 0.6693864961791008 13.176705999213045 
-2 -5 1 1.785680256622465 5.675130870566647 
-2 -6 1 1.785680256622465 5.675130870566646 
-3 1 0 5.233564516147297 12.000000000000004 
-3 0 0 5.233564516147292 12.000000000000002 
-3 -1 0 3.1080258137086703 16.0 
-3 -2 0 3.1080258137086663 15.999999999999998 
-3 -3 0 2.0241847456677977 14.605551275463991 
-3 -4 0 2.024184745667807 14.60555127546399 
-3 -5 0 1.7856802566224657 6.0 
-3 -6 0 1.7856802566224659 5.999999999999999 
-4 -1 0 14.0 14.0 
-4 -2 0 14.0 14.0 
-4 -3 0 7.394448724536009 14.60555127546399 
-4 -4 0 7.394448724536012 14.60555127546399 
-4 -5 0 6.0 6.0 
-4 -6 0 6.0 6.0 
