0 -2 1 4.999999999999999 6.0 
1 -2 0 6.0 6.0 
0 -3 1 4.999999999999999 5.999999999999999 
1 -3 0 6.0 6.0 
0 -4 1 2.3965549051696766 14.60555127546399 
1 -4 0 7.394448724536012 14.60555127546399 
0 -5 1 2.3965549051696717 14.605551275463988 
1 -5 0 7.394448724536009 14.60555127546399 
0 -6 0 1.4595599345023722 15.999999999999998 
1 -6 0 14.0 14.0 
0 -7 0 1.4595599345023769 16.0 
1 -7 0 14.0 14.0 
-1 -2 0 5.0 5.000000000000001 
-1 -3 0 5.0 5.000000000000001 
-1 -4 0 1.2993064703190722 13.32356775944724 
-1 -5 0 1.2993064705706694 13.323567759447258 
-1 -6 0 1.4595599345023766 15.99999999982879 
-1 -7 0 1.4595599345023795 15.999999835947364 
-1 -8 0 2.692556435475805 13.999999866680335 
0 -8 0 4.763932022500208 12.000000000000002 
-1 -9 0 2.692556430603368 13.999999997203625 
0 -9 0 4.763932022500208 12.000000000000002 
-2 -2 0 5.0 5.0 
-2 -3 0 5.0 5.000000000000001 
-2 -4 0 1.2993064708771491 12.029602189168084 
-2 -5 0 1.2993064712537017 12.029602189434403 
-2 -6 1 0.44977088676507615 15.999999999540897 
-2 -7 1 0.44977088676507654 15.999999969741586 
-2 -8 0 0.5227477762929459 15.999999454752036 
-2 -9 0 0.5227477762671147 15.999999456086519 
-2 -10 0 1.541082469006949 11.976662214307614 
-1 -10 0 4.792596624257834 11.000000000000002 
-2 -11 0 1.5410824689995877 11.976662180703373 
-1 -11 0 4.792596624257834 11.0 
-3 -2 0 5.0 5.0 
-3 -3 0 5.0 5.000000000000001 
-3 -4 0 1.993119744250874 10.074997559370182 
-3 -5 0 1.9931197442437647 10.074997559363968 
-3 -6 0 0.4497708867651087 13.43156744732445 
-3 -7 0 0.4497708867652113 13.431567015345058 
-3 -8 0 0.5227477762672103 15.999999998502082 
-3 -9 0 0.5227477762681857 15.99999996163064 
-3 -10 1 0.6012345846218152 13.999999977986956 
-3 -11 1 0.6012345846218163 13.999999995526052 
-3 -12 0 1.1609263057296881 10.33836022161344 
-2 -12 0 3.7782924731758882 9.549241456087966 
-3 -13 0 1.1609263054820775 10.338360221140512 
-2 -13 0 3.7782924731758905 9.549241456087966 
-4 -2 0 5.0 5.0 
-4 -3 0 5.0 5.0 
-4 -4 0 3.139263905523062 9.062756584373178 
-4 -5 0 3.1392639055230585 9.062756584373183 
-4 -6 0 1.6051636112787993 12.655263560684961 
-4 -7 0 1.605163606891279 12.655263515715724 
-4 -8 0 0.5271860053616746 15.999999999974694 
-4 -9 0 0.5271860057912013 15.999999999953861 
-4 -10 1 0.4711120779435567 15.259914728657545 
-4 -11 1 0.4711120779435547 15.259914728622512 
-4 -12 0 0.2608651403027676 11.593792021701974 
-4 -13 0 0.26086514030148206 11.593792076396127 
-4 -14 0 1.3314283675832643 7.4682784786360505 
-3 -14 0 3.267949192431122 6.7320508075688785 
-4 -15 0 1.3314283675832632 7.468278478636057 
-3 -15 0 3.2679491924311215 6.7320508075688785 
-5 -4 0 5.585786437626906 8.414213562373096 
-5 -5 0 5.585786437626905 8.414213562373096 
-5 -6 0 3.2555145469258586 11.043225154920593 
-5 -7 0 3.2555145469626283 11.04322515492239 
-5 -8 0 1.5160183991882383 13.99999988181948 
-5 -9 0 1.516018399187925 13.999999773964031 
-5 -10 0 0.4711120779826522 15.256667473028275 
-5 -11 0 0.4711120779440734 15.259914728626145 
-5 -12 0 0.26086514030148045 13.38202906474774 
-5 -13 0 0.2608651403014814 13.382028923833502 
-5 -14 1 1.3314283675832619 9.133276679557966 
-5 -15 1 1.3314283675832652 9.133276679557957 
-5 -16 0 2.9999999999999996 3.0 
-4 -16 0 3.0 3.0 
-5 -17 0 3.0 3.0 
-4 -17 0 3.0 3.0 
-6 -6 0 7.000000000000001 10.0 
-6 -7 0 7.0 10.0 
-6 -8 0 5.040152736632122 13.0 
-6 -9 0 5.040152736632124 12.999999999999998 
-6 -10 0 3.516406785559786 14.33644079403888 
-6 -11 0 3.516406785559785 14.3364407940382 
-6 -12 0 2.0000023729862595 13.382029076992094 
-6 -13 0 2.000002372997619 13.38202908193706 
-6 -14 0 1.339363171102298 11.056060306305993 
-6 -15 0 1.3393631711022975 11.05606030630599 
-6 -16 0 3.0 3.0 
-6 -17 0 3.0 3.0 
-7 -8 0 11.0 11.0 
-7 -9 0 11.0 11.0 
-7 -10 0 6.694102470666571 12.785667011198004 
-7 -11 0 6.694102470666571 12.785667011198 
-7 -12 0 5.171572875253809 13.162277660168378 
-7 -13 0 5.171572875253812 13.16227766016838 
-7 -14 0 3.999999999999999 11.056060306305987 
-7 -15 0 4.0 11.056060306305985 
-7 -16 0 3.0 3.0 
-7 -17 0 3.0 3.0 
