4 10 0 2.9999999999999996 6.000000000000001 
5 10 0 6.0 6.0 
4 9 0 3.000000000000001 6.0 
5 9 0 6.0 6.0 
4 8 0 3.00000000000018 11.732050807568871 
5 8 0 7.000000000000002 11.732050807568875 
4 7 0 3.0000000056919744 11.73205080756887 
5 7 0 6.999999999999999 11.732050807568877 
4 6 0 3.585786440526493 14.73205044738523 
5 6 0 8.550510257216823 14.732050807568875 
4 5 0 3.5857864376270268 14.732050729286772 
5 5 0 8.550510257216823 14.732050807568882 
4 4 0 4.585786498246046 17.13454455252589 
5 4 0 11.550510257216825 16.449489742783175 
4 3 0 4.585786480093982 17.128374280605005 
5 3 0 11.550510257216821 16.44948974278318 
4 2 0 6.136296694843772 15.943238894139771 
5 2 0 15.0 15.0 
4 1 0 6.136296694843728 15.943238873202825 
5 1 0 15.0 15.0 
3 10 0 1.0000000000000002 6.000000000000002 
3 9 0 0.9999999999999977 6.0 
3 8 0 0.7532887354828628 11.732050805738709 
3 7 0 0.753288735482991 11.732050805994648 
3 6 0 0.7532887356189396 14.73205080720363 
3 5 0 0.753288735594937 14.73205080740125 
3 4 0 1.3390751731247474 17.13454454677383 
3 3 0 1.3390751731199249 17.13454454822759 
3 2 0 2.1258222001569154 17.999999999976932 
3 1 0 2.125822197556708 17.999999478561453 
3 0 0 3.273365945473231 14.618206011291969 
4 0 0 9.585786437626904 13.73205080756888 
3 -1 0 3.27336592484052 14.6182060113108 
4 -1 0 9.585786437626904 13.732050807568877 
2 10 0 1.0000000000000002 6.000000000000002 
2 9 0 1.000000000000001 6.0 
2 8 1 0.7532887354828424 10.732050807500157 
2 7 1 0.7532887354828424 10.732050807366214 
2 6 3 0.7639320225002112 14.732050807240167 
2 5 3 0.7532887354828429 14.732050787133566 
2 4 3 0.9846475915016573 17.13454455253289 
2 3 3 0.9846475915026583 17.134544518950598 
2 2 1 0.5857864376269051 17.999999633424977 
2 1 1 0.5857864376269056 17.999999992965613 
2 0 0 0.585786437633942 15.999999872324226 
2 -1 0 0.5857864376328038 15.999999920711298 
2 -2 0 1.7626630753580834 13.29360356182962 
3 -2 0 4.853735630058026 11.732050807568879 
2 -3 0 1.762663075211976 13.293603520837037 
3 -3 0 4.853735630058027 11.73205080756888 
1 10 0 3.0 5.0 
1 9 0 2.9999999999999996 5.0 
1 8 0 1.4071376319485467 9.562265201526152 
1 7 0 1.4071376319485465 9.562265187605522 
1 6 0 0.7639320228810518 13.562265192112852 
1 5 0 0.7639320225839499 13.56226520307728 
1 4 0 0.5857864379240605 17.134544485487396 
1 3 0 0.5857864376447051 17.134544522047854 
1 2 0 0.5857864376531859 17.99999998993212 
1 1 0 0.5857864376288644 17.999999996144265 
1 0 0 0.5857864383577349 17.56155227557386 
1 -1 0 0.5857864376280341 17.561552387732817 
1 -2 0 1.0000000000527474 14.179758664161682 
1 -3 0 1.0000000003028318 14.179758274053226 
1 -4 0 2.176876637485654 10.561552812808724 
2 -4 0 3.5857864376269064 9.000000000000002 
1 -5 0 2.176876637485831 10.561552812808316 
2 -5 0 3.585786437626905 8.999999999999998 
0 8 0 3.407137631948546 8.414213562373098 
0 7 0 3.407137631948547 8.414213562373096 
0 6 0 1.0214774343311055 12.414213507001486 
0 5 0 1.021477434169423 12.414213562349731 
0 4 1 0.9129481311024478 15.804086802690742 
0 3 1 0.912948131107663 15.804086744328137 
0 2 3 0.7639320225002062 17.999999846968628 
0 1 3 0.9129481310781457 17.99999998101098 
0 0 3 1.0000000000002256 17.999999999855834 
0 -1 3 1.0000000000000127 17.999999169993423 
0 -2 1 0.5857864376269074 15.561552804280769 
0 -3 1 0.585786437626906 15.561552751200754 
0 -4 0 0.5857864376292993 10.999999999915575 
0 -5 0 0.5857864376424256 10.99999999854213 
0 -6 0 3.999999999999999 6.0 
1 -6 0 4.000000000000001 6.0 
0 -7 0 4.0 6.000000000000001 
1 -7 0 3.9999999999999996 6.0 
-1 6 0 3.0214774341694235 10.759437786880204 
-1 5 0 3.0214774341694204 10.759437786880207 
-1 4 0 1.7854094566926362 14.759437392741638 
-1 3 0 1.785409456676667 14.75943778273829 
-1 2 0 0.7639320229336511 17.717081700417655 
-1 1 0 0.7639320229175471 17.717080340210735 
-1 0 0 0.5857864376331949 17.999999339748197 
-1 -1 0 0.5857864378431409 17.999999671081806 
-1 -2 0 0.5857864376450919 16.71822356194994 
-1 -3 0 0.5857864376434306 16.71822365436591 
-1 -4 0 0.5857864376269091 12.1566712763553 
-1 -5 0 0.5857864376269168 12.15667127459002 
-1 -6 0 1.0 7.0 
-1 -7 0 0.9999999999999991 7.000000000000002 
-2 4 0 5.021477434169424 12.759437786880207 
-2 3 0 5.021477434169422 12.759437786880206 
-2 2 0 2.4599246216516346 15.999999989388394 
-2 1 0 2.4599246216809023 15.999999997878525 
-2 0 0 1.4384471872476656 17.999999999514944 
-2 -1 0 1.4384471872944071 17.99999999943611 
-2 -2 0 1.000000000194602 17.561552812783145 
-2 -3 0 1.000000000000007 17.561552812455446 
-2 -4 0 1.0 12.999999979087072 
-2 -5 0 0.9999999999999996 12.999999987863049 
-2 -6 0 0.9999999999999987 7.0 
-2 -7 0 0.9999999999999998 7.000000000000002 
-3 2 0 7.55051025721682 14.000000000000002 
-3 1 0 7.550510257216825 14.0 
-3 0 0 4.988957444407993 17.999999999999957 
-3 -1 0 4.988957444407995 17.999999999999734 
-3 -2 0 3.494788645156682 17.561552811656014 
-3 -3 0 3.4947886451481747 17.56155280359119 
-3 -4 0 3.0563414579480663 12.999999999999275 
-3 -5 0 3.0563414579481094 12.999999999998417 
-3 -6 0 3.0000000000000018 7.0 
-3 -7 0 3.0000000000000018 7.000000000000001 
-4 0 0 16.0 16.0 
-4 -1 0 16.0 16.0 
-4 -2 0 10.000000000000002 17.561552812808827 
-4 -3 0 10.0 17.561552812808827 
-4 -4 0 7.438447187191169 13.0 
-4 -5 0 7.43844718719117 13.0 
-4 -6 0 7.0 7.0 
-4 -7 0 7.0 7.0 
