4 12 0 0.9999999999999998 3.0000000000000004 
5 12 0 3.0 3.0 
4 11 0 0.9999999999999994 3.0 
5 11 0 3.0 3.0 
4 10 0 0.9674972969855353 8.935432331970034 
5 10 0 3.9999999999999996 8.935432331970029 
4 9 0 0.9674972969855375 8.93543233197003 
5 9 0 3.9999999999999996 8.935432331970029 
4 8 0 1.6906000681055446 11.355576664137113 
5 8 0 5.498004589672223 10.93247571326674 
4 7 0 1.6906000681055404 11.355576663889206 
5 7 0 5.498004589672223 10.932475713266738 
4 6 0 2.7550137796058762 12.456260984513086 
5 6 0 7.0 11.618033988749893 
4 5 0 2.7550138013878764 12.456244016392814 
5 5 0 7.000000000000001 11.618033988749897 
4 4 0 4.192093612031074 10.880612851160594 
5 4 0 10.0 10.0 
4 3 0 4.192093612031076 10.880612851160588 
5 3 0 10.0 10.0 
3 12 0 1.0 3.0 
3 11 0 1.0000000000000002 3.0 
3 10 1 0.9674972969855336 8.896626301217994 
3 9 1 0.9674972969855344 8.896626301217992 
3 8 1 0.2123007629816462 11.355576662327511 
3 7 1 0.2123007629816454 11.35557666419081 
3 6 0 0.315552552570212 13.215395177254857 
3 5 0 0.3155525525689718 13.215068813005134 
3 4 0 1.430799666869052 12.999999890538556 
3 3 0 1.430799665549093 12.999999999095394 
3 2 0 2.6277186767309844 9.436832324210574 
4 2 0 5.999999999999999 8.0 
3 1 0 2.6277186767309835 9.43683232421057 
4 1 0 5.999999999999999 8.0 
2 10 0 1.2774068956782048 7.054795889523817 
2 9 0 1.2774068956782048 7.054795889523813 
2 8 0 0.2123007629816489 11.274727290419582 
2 7 0 0.2123007629816526 11.274727289463547 
2 6 1 0.3155525525687975 13.215023231279027 
2 5 1 0.3155525525688 13.21652842454714 
2 4 1 0.523049992094134 13.73440989023478 
2 3 1 0.5230499920941348 13.734409880330134 
2 2 0 0.97637337287691 10.999999999998717 
2 1 0 0.9763733728861436 10.999999999999359 
2 0 0 3.999999999999999 6.0 
3 0 0 3.9999999999999996 6.0 
2 -1 0 3.999999999999999 6.000000000000001 
3 -1 0 4.0 6.0 
1 8 0 2.3485085913417287 9.79341865851029 
1 7 0 2.348508591341728 9.79341865851029 
1 6 0 0.9991441246532161 12.502044674916018 
1 5 0 0.9991441248550165 12.502044216154589 
1 4 0 0.523049992255725 13.776670353459073 
1 3 0 0.5230499922902033 13.77668436322619 
1 2 0 0.9763733728775018 12.534372310232508 
1 1 0 0.9763733728778617 12.534372308888157 
1 0 0 3.0 9.000000000000004 
1 -1 0 3.000000000000001 9.0 
0 8 0 4.0 6.0 
0 7 0 4.0 6.0 
0 6 0 0.9991441246532126 11.854101966249685 
0 5 0 0.999144124653211 11.854101966249685 
0 4 1 0.8849830550338992 13.777065579188692 
0 3 1 0.8849830550339014 13.77686971235055 
0 2 2 1.123137643769568 13.16815502089446 
0 1 2 1.1231376437695664 13.168155020867243 
0 0 1 0.6398194310180466 10.215535937537208 
0 -1 1 0.6398194310180483 10.215535937537204 
-1 6 0 5.267949192431123 8.732050807568879 
-1 5 0 5.267949192431124 8.732050807568875 
-1 4 0 2.0504939669391424 13.000000000000002 
-1 3 0 2.0504939669391433 13.000000000000002 
-1 2 0 0.9138423714458729 13.168155020903951 
-1 1 0 0.9138423714067294 13.168155020903953 
-1 0 0 0.6398194310180472 11.70681662328087 
-1 -1 0 0.6398194310180482 11.706816623280872 
-1 -2 0 1.0 3.0000000000000004 
0 -2 0 0.9999999999999999 3.0 
-1 -3 0 1.0000000000000002 3.0 
0 -3 0 1.0 3.0 
-2 4 0 10.0 10.0 
-2 3 0 10.0 10.0 
-2 2 0 5.0 12.0 
-2 1 0 5.0 12.0 
-2 0 0 3.616497692482671 11.706816623280869 
-2 -1 0 3.6164976924826715 11.706816623280867 
-2 -2 0 3.0 3.0 
-2 -3 0 3.0 3.0 
