1 5 0 1.0 1.0 
2 5 0 1.0 1.0 
1 4 0 1.0 1.0 
2 4 0 1.0 1.0 
1 3 0 0.43589089989327234 7.892185878863222 
2 3 0 1.1995585999738099 7.892185878863223 
1 2 0 0.43589089989327234 7.892185878863219 
2 2 0 1.1995585999738103 7.892185878863223 
1 1 0 0.5683768681354489 10.487649920399004 
2 1 0 1.9274212044406547 9.776340296780091 
1 0 0 0.5683768681229433 10.487649922121747 
2 0 0 1.927421204440655 9.776340296780088 
1 -1 0 1.3524817874084112 10.83580959060318 
2 -1 0 3.5639892859958455 9.501769848903919 
1 -2 0 1.3524817874084192 10.835809696104082 
2 -2 0 3.563989285995844 9.501769848903916 
1 -3 0 2.653123033958462 8.999999999999996 
2 -3 0 7.0 7.0 
1 -4 0 2.6531230339584644 9.000000000000002 
2 -4 0 7.0 7.0 
0 3 0 0.4358908998932726 6.3011101273990455 
0 2 0 0.43589089989327223 6.301110127399044 
0 1 1 0.5683768681225885 10.487649920152844 
0 0 1 0.5683768681225908 10.487649896588083 
0 -1 1 0.847289190212679 11.725825133561445 
0 -2 1 0.8472891902126763 11.725825134251911 
0 -3 0 0.7118106685341781 10.999999999061773 
0 -4 0 0.7118106685341845 10.999999982437995 
0 -5 0 2.9999999999999996 7.732050807568878 
1 -5 0 5.0 5.0 
0 -6 0 3.0 7.732050807568878 
1 -6 0 5.0 5.0 
-1 3 0 3.0 3.0 
-1 2 0 3.0 3.0 
-1 1 0 0.8577689789273992 8.762640373629017 
-1 0 0 0.8577689789273998 8.762640373629017 
-1 -1 0 0.4269845926227356 11.725825134276215 
-1 -2 0 0.4269845926325926 11.725825133951538 
-1 -3 0 0.5554434566548754 11.681920265953481 
-1 -4 0 0.5554434566545785 11.681920771432527 
-1 -5 0 1.5433391989668352 8.760360529345569 
-1 -6 0 1.543339198966832 8.760360529345574 
-2 1 0 2.47690440936833 6.4412909104124605 
-2 0 0 2.47690440936833 6.441290910412461 
-2 -1 0 0.4269845926219487 10.841222069734654 
-2 -2 0 0.4269845926219485 10.841222069814538 
-2 -3 1 0.55544345665406 11.999999999787036 
-2 -4 1 0.5554434566540589 11.999999999987406 
-2 -5 1 1.103010709309996 10.059194817399932 
-2 -6 1 1.1030107093099963 10.059194817325265 
-2 -7 0 1.0000000000000002 4.000000000000001 
-1 -7 0 3.0 3.0 
-2 -8 0 1.0 4.000000000000001 
-1 -8 0 3.0 3.0 
-3 -1 0 3.875114580235426 8.761557181831888 
-3 -2 0 3.875114580235426 8.76155718183189 
-3 -3 0 1.7237729411521518 12.000000000000004 
-3 -4 0 1.7237729411521534 12.0 
-3 -5 0 1.103010709309994 10.828427124746192 
-3 -6 0 1.1030107093099975 10.828427124746192 
-3 -7 0 1.0000000000000002 4.000000000000001 
-3 -8 0 1.0000000000000002 4.0 
-4 -3 0 10.0 10.0 
-4 -4 0 10.0 10.0 
-4 -5 0 5.171572875253809 10.828427124746192 
-4 -6 0 5.171572875253808 10.82842712474619 
-4 -7 0 4.0 4.0 
-4 -8 0 4.0 4.0 
