5 13 0 1.9999999999999993 4.0 
6 13 0 4.0 4.0 
5 12 0 2.0 4.0 
6 12 0 4.0 4.0 
5 11 0 1.4082601427633905 12.916381551744976 
6 11 0 5.000000000000002 12.916381551744971 
5 10 0 1.4082601427633938 12.91638155174497 
6 10 0 5.0 12.91638155174497 
5 9 0 2.371151232384606 15.235135488683184 
6 9 0 6.298437881283577 14.999999999999996 
5 8 0 2.3711512323860933 15.23513548868507 
6 8 0 6.298437881283576 14.999999999999998 
5 7 0 3.4478577088100537 16.27491721758621 
6 7 0 7.889907928977187 14.62981327169188 
5 6 0 3.4478577088102793 16.274917217634904 
6 6 0 7.889907928977183 14.629813271691875 
5 5 0 4.996259074447002 14.999999999894483 
6 5 0 13.0 13.0 
5 4 0 4.996259074447004 14.999999996973349 
6 4 0 13.0 13.0 
4 13 0 1.9999999999999998 4.0 
4 12 0 1.9999999999999998 4.0 
4 11 0 0.6096734851371038 11.447020385468772 
4 10 0 0.6096734851371074 11.447020385468774 
4 9 0 0.45361678675635325 15.235135478211168 
4 8 0 0.4536167867563545 15.235135485248732 
4 7 0 0.660892782538523 17.14075434324123 
4 6 0 0.6608927826867667 17.14075425012489 
4 5 0 1.791501451944806 15.999999995439651 
4 4 0 1.7915014522005397 15.999999056939485 
4 3 0 3.5300685803163168 13.999999999996712 
5 3 0 7.438447187191168 12.0 
4 2 0 3.5300685837648302 13.999999999955064 
5 2 0 7.438447187191169 12.000000000000002 
3 13 0 2.0 4.0 
3 12 0 2.0 4.0 
3 11 0 0.6096734851396205 10.496786469998307 
3 10 0 0.6096734851381259 10.49678646999849 
3 9 1 0.45361678675635025 14.042296825428556 
3 8 1 0.45361678675635225 14.042296781266947 
3 7 2 0.6608927824805273 17.140749630300277 
3 6 2 0.6608927824805311 17.140753453555313 
3 5 1 1.0130980499271842 17.999999815725648 
3 4 1 1.0130980499271636 17.9999999539312 
3 3 0 1.0226634006468542 14.87973380724782 
3 2 0 1.022663400646858 14.879733872274162 
3 1 0 2.7122906695228433 12.607107064220648 
4 1 0 5.657076917222828 10.0 
3 0 0 2.71229066951331 12.607107056736858 
4 0 0 5.657076917222831 10.0 
2 11 0 2.4071376319485456 8.82595501488848 
2 10 0 2.407137631948546 8.825955014888478 
2 9 0 1.1538186828329753 12.78402707968612 
2 8 0 1.1538186821220069 12.784027081301419 
2 7 0 0.47663497172942526 15.639920167743885 
2 6 0 0.47663497173012315 15.637335074794345 
2 5 0 0.37696707699875415 17.999999674278673 
2 4 0 0.37696707699920107 17.99999997237675 
2 3 0 0.5717343541970109 16.860349143331803 
2 2 0 0.5717343541710584 16.86034911776178 
2 1 0 1.7909702653050894 13.357525563606902 
2 0 0 1.790970265305928 13.357525562715374 
2 -1 0 3.6099401296138334 10.561552812808829 
3 -1 0 4.999999999999999 7.0 
2 -2 0 3.609940129613833 10.56155281280883 
3 -2 0 5.0 7.0 
1 11 0 4.0 6.0 
1 10 0 3.9999999999999987 6.0 
1 9 0 1.4925245919794807 11.759437785597433 
1 8 0 1.4925245915035104 11.759437785122644 
1 7 0 0.4766349717373539 14.776298218849853 
1 6 0 0.47663497180858155 14.77629575209161 
1 5 2 0.4236387701133287 17.57847410584024 
1 4 2 0.4236387701133279 17.578474101442083 
1 3 4 1.2128074853833604 17.541580475930264 
1 2 4 0.9197948065275409 17.54158023477856 
1 1 2 1.1569578327096541 14.800782211058193 
1 0 2 1.1569578327096586 14.800781723391932 
1 -1 0 1.171759729098797 11.336105473335849 
1 -2 0 1.1717597289886235 11.336105473220229 
0 9 0 4.585786437626904 9.414213562373096 
0 8 0 4.585786437626906 9.414213562373096 
0 7 0 2.0539159061010714 13.759437786879475 
0 6 0 2.0539159060346144 13.759437760997365 
0 5 0 1.0175838922549154 16.72763186559169 
0 4 0 1.0175838920691962 16.728128276825114 
0 3 0 0.4639716142878404 17.781573026245955 
0 2 0 0.463971614305785 17.78157331313671 
0 1 0 0.370984486495573 15.835219978100044 
0 0 0 0.3709844864169251 15.835220003776694 
0 -1 0 0.4943627567545566 12.38032903743774 
0 -2 0 0.49436275675453606 12.38032903742672 
0 -3 0 3.0 5.0 
1 -3 0 3.0 5.0 
0 -4 0 3.0 5.0 
1 -4 0 2.9999999999999996 5.0 
-1 7 0 4.267949192431126 11.414213562373094 
-1 6 0 4.26794919243112 11.414213562373094 
-1 5 0 1.8252311993346326 14.999999999991406 
-1 4 0 1.8252312036614693 14.999999999992072 
-1 3 0 0.46397161428053435 17.78157331528501 
-1 2 0 0.46397161428453604 17.78157331559137 
-1 1 1 0.37098448640977416 16.595702470702005 
-1 0 1 0.3709844864097776 16.59570247859295 
-1 -1 2 0.49436275675453345 13.83592202792123 
-1 -2 2 0.49436275675454183 13.83592203459772 
-1 -3 1 2.0 6.000000000000001 
-1 -4 1 2.000000000000001 6.000000000000001 
-2 5 0 8.267949192431125 13.0 
-2 4 0 8.267949192431123 13.0 
-2 3 0 5.397517412102766 16.999999994429533 
-2 2 0 5.397517412800501 16.999999972398747 
-2 1 0 3.1773022559849173 16.595702347897564 
-2 0 0 3.1773022557407526 16.595702285262373 
-2 -1 0 2.1357273718387235 13.884483701919862 
-2 -2 0 2.1357273718387244 13.884483701937011 
-2 -3 0 2.0000000000000004 6.0 
-2 -4 0 1.9999999999999991 6.0 
-3 3 0 15.0 15.0 
-3 2 0 15.0 15.0 
-3 1 0 9.894517383473694 15.882020544857067 
-3 0 0 9.8945173834737 15.88202054485707 
-3 -1 0 7.231265694723716 13.884483701939335 
-3 -2 0 7.231265694723716 13.884483701939335 
-3 -3 0 6.0 6.0 
-3 -4 0 6.0 6.0 
