2 6 0 3.0 3.0 
3 6 0 3.0 3.0 
2 5 0 3.0 3.0 
3 5 0 3.0 3.0 
2 4 0 1.8100523478243233 8.999999999999996 
3 4 0 3.9999999999999996 9.0 
2 3 0 1.8100523478243244 9.0 
3 3 0 3.9999999999999996 9.0 
2 2 0 2.1913599425744246 10.0 
3 2 0 8.0 8.0 
2 1 0 2.1913599425744246 9.999999999999998 
3 1 0 8.0 8.0 
1 6 0 3.0 3.0 
1 5 0 3.0 3.0 
1 4 0 0.8370919603303971 8.280454939480915 
1 3 0 0.8370919603303953 8.280454939480913 
1 2 0 0.567262209128258 9.999999979481702 
1 1 0 0.5672622092245059 9.999999838882415 
1 0 0 1.0721856801717393 8.69176380558009 
2 0 0 3.999999999999999 7.0 
1 -1 0 1.0721856801717418 8.691763805580093 
2 -1 0 4.0 7.000000000000001 
0 6 0 3.0 3.0 
0 5 0 3.0 3.0 
0 4 0 0.8370919603303977 6.686239935452766 
0 3 0 0.8370919603303978 6.686239935452766 
0 2 1 0.5672622090406854 9.585552416515998 
0 1 1 0.567262209040683 9.585552414594106 
0 0 2 1.0721856801717442 9.430833863126049 
0 -1 2 1.0721856801717395 9.430833887748319 
0 -2 1 0.9446139044540367 6.299272372268046 
1 -2 0 3.0 6.0 
0 -3 1 0.9446139044540383 6.299272372268044 
1 -3 0 2.9999999999999996 6.0 
-1 4 0 3.9999999999999996 6.0 
-1 3 0 4.0 6.0 
-1 2 0 2.1964575043174035 9.000000000000002 
-1 1 0 2.196457504317403 9.0 
-1 0 0 1.4952542325481144 9.43083388774832 
-1 -1 0 1.4952542325481097 9.430833887748323 
-1 -2 0 0.9446139044540391 7.64575131106459 
-1 -3 0 0.9446139044540377 7.645751311064592 
-1 -4 0 2.0 2.0 
0 -4 0 2.0 2.0 
-1 -5 0 2.0 2.0 
0 -5 0 2.0 2.0 
-2 2 0 7.0 7.0 
-2 1 0 7.0 7.0 
-2 0 0 3.6765957239135236 8.681330643604978 
-2 -1 0 3.676595723913522 8.681330643604978 
-2 -2 0 2.3542486889354097 7.64575131106459 
-2 -3 0 2.3542486889354093 7.64575131106459 
-2 -4 0 2.0 2.0 
-2 -5 0 2.0 2.0 
