5 11 0 1.485863070664709 7.0 
6 11 0 7.0 7.0 
5 10 0 1.485863070664708 7.000000000000001 
6 10 0 7.0 7.0 
5 9 0 2.157662358001731 16.531128874149115 
6 9 0 8.468871125850725 16.531128874149275 
5 8 0 2.157662358001749 16.53112887414897 
6 8 0 8.468871125850724 16.531128874149275 
5 7 0 3.5298847261973587 17.999999999493475 
6 7 0 16.0 16.0 
5 6 0 3.529884726197358 17.999999999996668 
6 6 0 16.0 16.0 
4 11 0 1.4858630706647091 6.999999999999999 
4 10 0 1.4858630706647082 6.999999999999998 
4 9 0 0.4072664678756176 15.653937429623552 
4 8 0 0.4072664678756164 15.653937522543892 
4 7 0 0.8673802648356363 17.999999818137777 
4 6 0 0.8673802648442301 17.999999900831064 
4 5 0 2.0592783004240993 16.7613464608918 
5 5 0 5.793816430820618 14.781957261541429 
4 4 0 2.0592783004240984 16.761346461546598 
5 4 0 5.793816430820621 14.78195726154143 
3 11 0 1.485863070664709 6.086130197651495 
3 10 0 1.4858630706647096 6.086130197651492 
3 9 0 0.4072664678758203 14.151683528385806 
3 8 0 0.40726646787614174 14.151683477097096 
3 7 0 0.32388946607060654 17.51023452239918 
3 6 0 0.32388946607129016 17.510234574294298 
3 5 0 0.2677411830160721 17.999999995952663 
3 4 0 0.2677411830512943 17.99999890150663 
3 3 0 1.7201314892165644 14.839417255309577 
4 3 0 4.327741086846238 12.670703721428909 
3 2 0 1.7201314892166013 14.839402692077702 
4 2 0 4.3277410868462365 12.670703721428913 
2 11 0 5.0 5.0 
2 10 0 5.0 5.0 
2 9 0 1.3525528059463137 12.54353722235056 
2 8 0 1.352552806132469 12.543536859916108 
2 7 0 0.3238894660701843 16.81632089032714 
2 6 0 0.3238894660697298 16.816320924880706 
2 5 0 0.19507582207492707 17.999999924015345 
2 4 0 0.19507582207481353 17.999999904273416 
2 3 0 0.34129039221960444 16.829714591873845 
2 2 0 0.34129039239852504 16.829714866789793 
2 1 0 1.5975887127600965 12.756162285614662 
3 1 0 3.764959163391418 11.0 
2 0 0 1.5975887164885185 12.75616254056863 
3 0 0 3.7649591633914143 11.0 
1 11 0 5.0 5.0 
1 10 0 5.0 5.0 
1 9 0 2.796376125018779 10.651165267932157 
1 8 0 2.79637612501878 10.651165267932155 
1 7 0 1.1224622443220287 14.67407320495561 
1 6 0 1.122462245149918 14.674072763283455 
1 5 0 0.19507582209046354 17.72170253293467 
1 4 0 0.1950758220797498 17.721702536881423 
1 3 0 0.09291541555014735 17.761297080735314 
1 2 0 0.09291541554947087 17.761297079670893 
1 1 0 0.19249352787117394 14.342196140395547 
1 0 0 0.19249352787120635 14.342196230554993 
1 -1 0 1.9483920096430272 10.341003274129813 
2 -1 0 4.324869129433356 8.214319743377535 
1 -2 0 1.9483920148259948 10.341003274129818 
2 -2 0 4.324869129433354 8.214319743377535 
0 9 0 4.455942889803851 8.646020966722048 
0 8 0 4.455942889803853 8.646020966722043 
0 7 0 2.3823455879284903 12.806146228471928 
0 6 0 2.382345568158664 12.806145667522236 
0 5 0 0.9555308829760404 16.9999998400384 
0 4 0 0.9555308829788025 16.99999988928642 
0 3 0 0.09291541555733301 17.761297077582075 
0 2 0 0.09291541555460768 17.761297071311596 
0 1 1 0.19249352787116594 16.540325471683243 
0 0 1 0.19249352787116497 16.54032569249642 
0 -1 1 0.504387705864055 11.790675009052094 
0 -2 1 0.5043877058640499 11.79067499559422 
0 -3 0 2.0000000000000004 4.999999999999998 
1 -3 0 4.0 4.0 
0 -4 0 2.0 5.0 
1 -4 0 4.0 4.0 
-1 7 0 4.701737271331651 11.0 
-1 6 0 4.701737271331653 11.000000000000002 
-1 5 0 2.8189409689552787 14.999999951455296 
-1 4 0 2.8189409689552756 14.99999994722787 
-1 3 0 1.4567230999720013 17.676279778866725 
-1 2 0 1.4567231000749181 17.6762797727716 
-1 1 0 0.7066520238141771 17.128029548827623 
-1 0 0 0.7066520243368712 17.128029815709656 
-1 -1 0 0.5043877059913497 13.420094254003173 
-1 -2 0 0.5043877058646763 13.420094254012966 
-1 -3 0 0.7639320225002102 5.236067977499791 
-1 -4 0 0.7639320225002094 5.236067977499789 
-2 5 0 5.801476792601766 12.999999999999996 
-2 4 0 5.801476792601762 13.0 
-2 3 0 3.334489344653923 16.99999999872981 
-2 2 0 3.33448934465372 16.999999995905156 
-2 1 0 1.785766077649744 17.128029727482375 
-2 0 0 1.7857660785736527 17.128029900840733 
-2 -1 0 1.0350311883000929 15.63935388718299 
-2 -2 0 1.0350311882960068 15.639353887182995 
-2 -3 0 0.76393202250021 6.000000000000001 
-2 -4 0 0.7639320225002109 6.000000000000002 
-3 3 0 15.0 15.0 
-3 2 0 15.0 15.0 
-3 1 0 8.25834261322606 15.74165738677394 
-3 0 0 8.258342613226061 15.741657386773944 
-3 -1 0 6.7952700713070335 15.639353887182992 
-3 -2 0 6.795270071307033 15.639353887182992 
-3 -3 0 6.0 6.0 
-3 -4 0 6.0 6.0 
