4 12 0 3.0 3.0 
5 12 0 3.0 3.0 
4 11 0 3.0 3.0 
5 11 0 3.0 3.0 
4 10 0 1.3898434160290614 9.574375973155961 
5 10 0 3.40419275629236 9.574375973156165 
4 9 0 1.3898434160290567 9.574375973156164 
5 9 0 3.4041927562923604 9.574375973156165 
4 8 0 2.1599564640860196 13.302884937757687 
5 8 0 4.284781680608323 13.302884952798335 
4 7 0 2.1599564564518188 13.302884827761927 
5 7 0 4.284781680608324 13.302884952798331 
4 6 0 3.0634626115884527 15.30211795947225 
5 6 0 5.884742470702627 14.87331550412367 
4 5 0 3.063462611588386 15.302117047646332 
5 5 0 5.884742470702627 14.873315504123674 
4 4 0 4.131279977271986 15.357058583550542 
5 4 0 8.519629550548066 14.065629962058068 
4 3 0 4.131279925848311 15.357058569372159 
5 3 0 8.519629550548066 14.065629962058068 
4 2 0 5.806907831708245 13.999999999984357 
5 2 0 12.0 12.0 
4 1 0 5.806907831708249 13.999999999998026 
5 1 0 12.0 12.0 
3 12 0 3.0 3.0 
3 11 0 3.0 3.0000000000000004 
3 10 0 1.389843416029058 9.388840836312516 
3 9 0 1.3898434160290578 9.38884083631251 
3 8 0 0.4522729610152117 13.229997549578544 
3 7 0 0.45227296101531417 13.229997589453491 
3 6 0 0.5565765243137891 15.420969745904543 
3 5 0 0.5565765243249887 15.420963571202691 
3 4 0 1.4703041354476127 16.221777883429116 
3 3 0 1.4703041346932488 16.221776607814384 
3 2 0 2.779390047239129 14.883069508556607 
3 1 0 2.7793900472388664 14.883069875195046 
3 0 0 4.612040065009609 12.999999905876505 
4 0 0 9.0 11.0 
3 -1 0 4.612040065012535 12.999999923762626 
4 -1 0 9.000000000000002 11.0 
2 12 0 3.0 3.0 
2 11 0 3.0 3.0 
2 10 0 1.4598524696461945 9.350579513351201 
2 9 0 1.4598524696461959 9.3505795133512 
2 8 0 0.4522729610151158 12.6044566001143 
2 7 0 0.45227296101514336 12.604456811066788 
2 6 0 0.21636564865123442 15.420969944518324 
2 5 0 0.21636564865122396 15.410666970208162 
2 4 0 0.3089699814419235 17.34422686822908 
2 3 0 0.30896998144320303 17.34422689028389 
2 2 0 1.0376518236936336 15.99999969823914 
2 1 0 1.0376518229152218 15.99999951399827 
2 0 0 2.040886734101005 13.809008609750906 
2 -1 0 2.040886734101004 13.80900853926594 
2 -2 0 3.730137932891112 11.732050807568879 
3 -2 0 7.0 9.0 
2 -3 0 3.7301379328911146 11.732050807568875 
3 -3 0 7.000000000000001 9.0 
1 10 0 3.585786437626904 7.732050807568878 
1 9 0 3.5857864376269055 7.732050807568878 
1 8 0 1.920464390315282 12.312741528492952 
1 7 0 1.920464390312553 12.31274179771728 
1 6 0 0.21636564865254318 14.592982240207489 
1 5 0 0.21636564865120833 14.592981959348522 
1 4 1 0.3089699814416899 17.344226862397267 
1 3 1 0.3089699814416919 17.344226897852863 
1 2 1 0.5164725577557364 17.99999999380551 
1 1 1 0.5164725577557324 17.999999990876933 
1 0 0 1.5848679851557623 14.588041062327763 
1 -1 0 1.5848679851557215 14.588041124455636 
1 -2 0 3.1204417854683726 12.458199073643206 
1 -3 0 3.1204417846571215 12.458199073649999 
1 -4 0 4.999999999999999 8.732050807568877 
2 -4 0 6.0 6.0 
1 -5 0 4.999999999999998 8.732050807568877 
2 -5 0 6.0 6.0 
0 10 0 5.0 5.0 
0 9 0 5.0 5.0 
0 8 0 2.728555260304186 11.146264369941974 
0 7 0 2.728555260304186 11.146264369941969 
0 6 0 1.2164420854527478 13.760491171536463 
0 5 0 1.2164420854527516 13.760490616604962 
0 4 0 0.4249895665928883 15.817515338460725 
0 3 0 0.42498956690284667 15.817515860355018 
0 2 0 0.2321617021820134 17.999999709940493 
0 1 0 0.23216170218189358 17.99999998251396 
0 0 0 0.3062914399288804 15.642547845539298 
0 -1 0 0.30629144003506487 15.64254709277891 
0 -2 0 1.2185899261872843 13.048315783660561 
0 -3 0 1.2185899261888047 13.048315820216354 
0 -4 0 2.292094710202788 10.3481735247296 
0 -5 0 2.2920947102027904 10.3481735247296 
-1 8 0 5.585786437626905 8.414213562373096 
-1 7 0 5.585786437626904 8.414213562373094 
-1 6 0 3.245718955001373 12.732050775657077 
-1 5 0 3.24571895729591 12.732050774603444 
-1 4 0 1.5572187912854416 14.837811747836936 
-1 3 0 1.5572187913086586 14.83783943153963 
-1 2 0 0.23216170218964297 17.999999998031466 
-1 1 0 0.23216170218187482 17.999999991552812 
-1 0 1 0.30629143992888086 17.08930957212463 
-1 -1 1 0.30629143992887864 17.089309608918725 
-1 -2 1 1.1002243384254022 13.860950664563424 
-1 -3 1 1.1002243384393504 13.860950212437253 
-1 -4 0 1.976939341884191 10.382533446310093 
-1 -5 0 1.9769393418840941 10.382533445961876 
-1 -6 0 4.0 4.0 
0 -6 0 4.0 4.0 
-1 -7 0 4.0 4.0 
0 -7 0 4.0 4.0 
-2 6 0 6.999999999999999 10.414213562373094 
-2 5 0 7.0 10.414213562373098 
-2 4 0 4.344873139589023 13.999999999961974 
-2 3 0 4.344873153572179 13.999999999994408 
-2 2 0 2.76407767863053 15.999999997071729 
-2 1 0 2.7640776782215863 15.999999044623308 
-2 0 0 1.604577773196074 17.089309608620503 
-2 -1 0 1.6045777739298843 17.089309610459388 
-2 -2 0 1.1002243384288 15.183417379927505 
-2 -3 0 1.1002243384258148 15.183417379904641 
-2 -4 0 1.9769393418843257 10.453186620532025 
-2 -5 0 1.9769393418849495 10.453187066310912 
-2 -6 0 4.0 4.0 
-2 -7 0 4.0 4.0 
-3 4 0 9.0 12.0 
-3 3 0 9.0 12.0 
-3 2 0 5.663112517881212 14.999999999998 
-3 1 0 5.663112517881216 14.999999999982606 
-3 0 0 3.6736933309518527 16.041869960199563 
-3 -1 0 3.673693312051481 16.041869966351584 
-3 -2 0 2.49580030149721 15.183417379919472 
-3 -3 0 2.495800294166907 15.18341737992781 
-3 -4 0 2.006626847586226 10.886259883748252 
-3 -5 0 2.0066268475862286 10.886259887195685 
-3 -6 0 4.0 4.0 
-3 -7 0 4.0 4.0 
-4 2 0 13.0 13.0 
-4 1 0 13.0 13.0 
-4 0 0 9.324869129433353 15.000000000000002 
-4 -1 0 9.324869129433354 14.999999999999996 
-4 -2 0 6.284287617386567 14.851310675315986 
-4 -3 0 6.284287617386567 14.851310675315988 
-4 -4 0 4.805669110044476 10.886259887226917 
-4 -5 0 4.805669110044476 10.886259887226922 
-4 -6 0 4.0 4.0 
-4 -7 0 4.0 4.0 
