4 14 1 2.0 2.0 
5 14 0 2.0 2.0 
4 13 1 2.0000000000000004 2.0000000000000004 
5 13 0 2.0 2.0 
4 12 3 1.9999999999999991 7.23606797749979 
5 12 0 2.0000000000000004 7.23606797749979 
4 11 3 2.0000000000000004 7.236067977499789 
5 11 0 2.0000000000000004 7.23606797749979 
4 10 3 1.1715728752538082 11.236067977499776 
5 10 0 2.7639320225002106 11.236067977499786 
4 9 3 1.171572875253812 11.236067977499788 
5 9 0 2.7639320225002098 11.236067977499792 
4 8 1 1.1715728752538113 11.999999999999996 
5 8 0 4.763932022500208 10.0 
4 7 1 1.171572875253811 12.0 
5 7 0 4.76393202250021 10.000000000000004 
4 6 0 1.9999999999999996 10.000000000000004 
5 6 0 8.0 8.0 
4 5 0 1.9999999999999993 10.000000000000004 
5 5 0 8.0 8.0 
3 12 0 1.9999999999999993 6.000000000000002 
3 11 0 1.9999999999999998 6.000000000000001 
3 10 0 1.1715728752538097 11.23606797749979 
3 9 0 1.1715728752538115 11.23606797749979 
3 8 0 1.1715728752538064 11.999999999999998 
3 7 0 1.1715728752538122 12.0 
3 6 0 1.9999999999999987 12.0 
3 5 0 2.000000000000008 12.0 
3 4 0 3.9999999999999996 8.0 
4 4 0 3.9999999999999996 6.0 
3 3 0 3.9999999999999996 8.0 
4 3 0 4.000000000000001 6.0 
2 12 0 1.9999999999999998 4.0 
2 11 0 1.9999999999999998 4.0 
2 10 2 1.1715728752538115 10.0 
2 9 2 1.1715728752538124 10.0 
2 8 6 1.9999999999999971 12.000000000000004 
2 7 6 2.0000000000000018 12.000000000000004 
2 6 6 1.9999999999999951 12.0 
2 5 6 1.9999999999999973 12.00000000000001 
2 4 2 1.17157287525381 10.000000000000002 
2 3 2 1.1715728752538124 9.999999999999998 
1 10 0 3.999999999999998 8.0 
1 9 0 4.0 8.000000000000002 
1 8 0 2.0000000000000053 12.0 
1 7 0 2.0000000000000013 12.0 
1 6 0 1.171572875253811 12.0 
1 5 0 1.1715728752538084 12.000000000000002 
1 4 0 1.1715728752538122 11.236067977499786 
1 3 0 1.1715728752538104 11.236067977499793 
1 2 0 1.9999999999999991 6.0 
2 2 0 1.9999999999999996 4.0 
1 1 0 1.9999999999999996 6.0 
2 1 0 1.9999999999999996 4.0 
0 10 0 3.9999999999999996 6.0 
0 9 0 4.0 6.0 
0 8 0 1.9999999999999982 10.0 
0 7 0 2.0 10.000000000000002 
0 6 1 1.1715728752538146 11.999999999999993 
0 5 1 1.1715728752538108 12.000000000000002 
0 4 3 1.1715728752538124 11.236067977499786 
0 3 3 1.1715728752538124 11.23606797749979 
0 2 3 2.0000000000000004 7.236067977499792 
0 1 3 1.9999999999999996 7.236067977499791 
-1 8 0 8.0 8.0 
-1 7 0 8.0 8.0 
-1 6 0 4.763932022500212 10.0 
-1 5 0 4.763932022500211 10.0 
-1 4 0 2.7639320225002106 11.236067977499786 
-1 3 0 2.7639320225002084 11.236067977499793 
-1 2 0 1.9999999999999998 7.236067977499789 
-1 1 0 1.9999999999999993 7.23606797749979 
-1 0 0 2.0 2.0 
0 0 1 2.0 2.0 
-1 -1 0 2.0 2.0 
0 -1 1 2.0 2.0 
