4 12 0 2.0 2.0 
5 12 0 2.0 2.0 
4 11 0 2.0 2.0 
5 11 0 2.0 2.0 
4 10 0 0.7442573728005835 8.47213210899614 
5 10 0 2.3218362794512077 8.472132108996133 
4 9 0 0.7442573728005845 8.472132108996135 
5 9 0 2.3218362794512073 8.472132108996139 
4 8 0 1.2575265991154767 11.776626647544836 
5 8 0 3.115146124133712 11.776626667904711 
4 7 0 1.2575265991086608 11.77662666246275 
5 7 0 3.115146124133712 11.776626667904715 
4 6 0 2.0586970428214637 13.535623577087467 
5 6 0 4.561361635867138 13.002780999337467 
4 5 0 2.0586970428235225 13.535623027458621 
5 5 0 4.561361635867141 13.002780999337471 
4 4 0 3.256092954754116 13.453286770781897 
5 4 0 6.770571001570834 12.13035717260565 
4 3 0 3.256092954754142 13.453286770876952 
5 3 0 6.770571001570833 12.13035717260565 
4 2 0 4.88404772708797 11.999999999999998 
5 2 0 10.0 10.0 
4 1 0 4.884047727087969 11.999999999999998 
5 1 0 10.0 10.0 
3 12 0 2.0 2.0 
3 11 0 2.0 2.0 
3 10 0 0.7442573728005827 8.35231275152993 
3 9 0 0.7442573728005815 8.352312751529931 
3 8 1 1.1839353020849228 11.62616086023872 
3 7 1 1.1839353062609745 11.626161172244469 
3 6 1 1.0929299582542948 13.596782355646125 
3 5 1 1.0929299582542964 13.596782360294918 
3 4 0 0.8369173444824014 14.344970376226966 
3 3 0 0.8369173444825262 14.34497006517781 
3 2 0 2.036539483235335 12.872892265401179 
3 1 0 2.036539484572041 12.87289189350367 
3 0 0 3.7105392102198427 10.732050807568879 
4 0 0 8.0 8.0 
3 -1 0 3.710539210219845 10.732050807568879 
4 -1 0 8.0 8.0 
2 10 0 2.407137631948547 6.825955014888475 
2 9 0 2.4071376319485456 6.825955014888477 
2 8 0 1.1839353027246067 11.313366571112768 
2 7 0 1.1839353021887271 11.31336656834116 
2 6 0 0.5881239696288598 13.596782359535677 
2 5 0 0.5881239695674125 13.596782359047545 
2 4 0 0.8369173444835547 15.530143944517997 
2 3 0 0.836917344482776 15.530143944297976 
2 2 0 1.7992338014184415 13.999999995776694 
2 1 0 1.7992338021058383 13.999999990957395 
2 0 0 3.4217222711675253 11.774100500092759 
2 -1 0 3.4217223710656457 11.77410049980154 
2 -2 0 5.267949192431124 8.732050807568879 
3 -2 0 6.0 6.0 
2 -3 0 5.267949192431123 8.732050807568875 
3 -3 0 6.0 6.0 
1 10 0 4.0 4.0 
1 9 0 4.0 4.0 
1 8 0 1.75758172995953 9.759262035510169 
1 7 0 1.7575817299595284 9.759262035627517 
1 6 0 0.5881239695597986 12.785681233382043 
1 5 0 0.5881239695630683 12.785682267057956 
1 4 2 0.9991746781367746 15.530143450187273 
1 3 2 1.090437360500783 15.530143944753286 
1 2 2 1.0344089430655328 15.999999821266254 
1 1 2 1.0344089430655328 15.999999999163624 
1 0 0 0.9524826070151923 12.405132026401219 
1 -1 0 0.9524826070153594 12.405131175646982 
1 -2 0 2.223695498087447 9.432168709914393 
1 -3 0 2.223695498087447 9.432168709914388 
0 8 0 4.585786437626905 7.414213562373096 
0 7 0 4.585786437626905 7.414213562373095 
0 6 0 2.271624849323535 11.759261607583845 
0 5 0 2.2716248493150424 11.759261844422094 
0 4 0 1.090437289074951 13.975584776010496 
0 3 0 1.0904372885443236 13.975584973992584 
0 2 0 0.729155247736583 15.999999746996776 
0 1 0 0.7291552477338856 15.999999999352193 
0 0 0 0.9524826070162136 13.527977681122698 
0 -1 0 0.9524826070163649 13.527977638250457 
0 -2 0 1.9435280350083735 10.259008710667683 
0 -3 0 1.9435280285409278 10.259008710634953 
0 -4 0 4.0 4.0 
1 -4 0 4.0 4.0 
0 -5 0 4.0 4.0 
1 -5 0 4.0 4.0 
-1 6 0 5.999999999999999 9.414213562373096 
-1 5 0 6.000000000000002 9.414213562373094 
-1 4 0 2.7404305957555204 12.999999946808273 
-1 3 0 2.7404305945513494 12.99999936835113 
-1 2 0 0.7291552477323977 15.999999999822588 
-1 1 0 0.7291552477323895 15.999999999957573 
-1 0 1 0.9961096683659104 14.866279148619759 
-1 -1 1 0.9961096683659098 14.866279149115613 
-1 -2 1 1.9435280285421292 11.973090072845324 
-1 -3 1 1.9435280285409329 11.973090072843952 
-1 -4 0 4.0 4.0 
-1 -5 0 4.0 4.0 
-2 4 0 8.000000000000002 11.0 
-2 3 0 7.999999999999998 11.000000000000002 
-2 2 0 5.148712886561998 13.999999999999996 
-2 1 0 5.1487128865619995 14.0 
-2 0 0 3.061120145786586 14.866279124157584 
-2 -1 0 3.061120146056964 14.866279057289423 
-2 -2 0 2.194982943427854 12.37228132326901 
-2 -3 0 2.194982943427857 12.372281323269018 
-2 -4 0 4.0 4.0 
-2 -5 0 4.0 4.0 
-3 2 0 12.0 12.0 
-3 1 0 12.0 12.0 
-3 0 0 7.140476611384781 13.433664629783287 
-3 -1 0 7.140476611384779 13.433664629783285 
-3 -2 0 5.0 12.372281323269013 
-3 -3 0 4.999999999999999 12.372281323269014 
-3 -4 0 4.0 4.0 
-3 -5 0 4.0 4.0 
