2 8 0 2.0 2.0 
3 8 0 2.0 2.0 
2 7 0 2.0 2.0 
3 7 0 2.0 2.0 
2 6 0 1.0000000000000004 7.402678829521191 
3 6 0 2.2812903096080848 7.402678829521189 
2 5 0 0.9999999999999988 7.402678829521193 
3 5 0 2.2812903096080857 7.402678829521189 
2 4 0 1.0000000000677902 8.672053824676816 
3 4 0 3.20871215252208 8.402678829521186 
2 3 0 1.0000000052377291 8.672053824741209 
3 3 0 3.20871215252208 8.402678829521191 
2 2 0 1.281290309608491 9.672053824784077 
3 2 0 4.2087121525220805 8.791287847477921 
2 1 0 1.2812903096082011 9.672053824764532 
3 1 0 4.2087121525220805 8.791287847477918 
2 0 0 2.2087121525220783 9.000000000000005 
3 0 0 7.0 7.0 
2 -1 0 2.20871215252208 9.0 
3 -1 0 7.0 7.0 
1 8 0 2.0 2.0 
1 7 0 2.0 2.0 
1 6 0 0.9999999999999993 7.402678829521188 
1 5 0 1.0000000000000004 7.402678829521186 
1 4 0 0.47690440960299796 8.67205370317327 
1 3 0 0.47690440936833056 8.672053812439595 
1 2 0 0.4769044093803643 9.672053757854075 
1 1 0 0.47690440937274026 9.672053790071654 
1 0 0 0.6485365358863923 9.548521559060326 
1 -1 0 0.6485365351864247 9.548521559060323 
1 -2 0 1.6438806713752632 7.0 
2 -2 0 5.0 5.0 
1 -3 0 1.6438806713752643 6.999999999999999 
2 -3 0 5.0 4.999999999999999 
0 6 0 1.4769044093683303 5.44129091041246 
0 5 0 1.4769044093683301 5.441290910412462 
0 4 0 0.4769044093683298 8.672053824787358 
0 3 0 0.47690440936833034 8.672053824787671 
0 2 1 0.4769044093683311 9.67205382477868 
0 1 1 0.47690440936832984 9.672053824787339 
0 0 2 0.6485365351864238 9.999999825402195 
0 -1 2 1.0831602253790384 9.99999995568739 
0 -2 1 0.9999999999999998 7.5485215590603225 
0 -3 1 0.9999999999999982 7.5485215590603225 
0 -4 0 0.9999999999999999 4.0 
1 -4 0 3.0 3.0 
0 -5 0 1.0000000000000007 4.0 
1 -5 0 3.0 3.0 
-1 4 0 2.8751145802354254 7.761557181831892 
-1 3 0 2.875114580235427 7.76155718183189 
-1 2 0 1.8751145802354285 8.999999999999998 
-1 1 0 1.8751145802354297 9.000000000000002 
-1 0 0 1.0831602256524038 9.9999999999999 
-1 -1 0 1.083160225388873 9.999999999999847 
-1 -2 0 0.9999999999999999 8.000000000000002 
-1 -3 0 1.0000000000000024 8.000000000000002 
-1 -4 0 0.9999999999999998 4.0 
-1 -5 0 1.0000000000000002 4.000000000000001 
-2 2 0 9.0 9.0 
-2 1 0 9.0 9.0 
-2 0 0 5.000000000000001 10.0 
-2 -1 0 4.999999999999999 10.0 
-2 -2 0 4.0 8.0 
-2 -3 0 4.000000000000001 8.0 
-2 -4 0 4.0 4.0 
-2 -5 0 4.0 4.0 
