5 13 0 1.0 3.9999999999999996 
6 13 0 4.0 4.0 
5 12 0 1.0 4.0 
6 12 0 4.0 4.0 
5 11 0 1.2020492043443132 12.095126156603582 
6 11 0 5.140941820896205 12.095126156603584 
5 10 0 1.2020492043442832 12.09512615660359 
6 10 0 5.140941820896204 12.095126156603587 
5 9 0 1.880169471164265 15.130894164541232 
6 9 0 6.51202738338119 14.762652283426752 
5 8 0 1.8801694711644725 15.130894164574306 
6 8 0 6.512027383381188 14.76265228342675 
5 7 0 3.1784122074005268 15.939234862474292 
6 7 0 8.658053840403547 14.57019089870878 
5 6 0 3.1784122319047228 15.939234860331284 
6 6 0 8.658053840403547 14.570190898708784 
5 5 0 5.172480804229826 14.99999999925717 
6 5 0 13.0 13.0 
5 4 0 5.172480804243108 14.999999999865018 
6 4 0 13.0 13.0 
4 13 0 1.0000000000000002 4.0 
4 12 0 1.0000000000000004 4.0 
4 11 1 1.2020492043442488 11.986729692191945 
4 10 1 1.2020492043447173 11.986729694877454 
4 9 1 0.45477122007343 15.130894156733609 
4 8 1 0.45477122007343096 15.130894163766397 
4 7 0 0.34483054756623505 17.076060019573404 
4 6 0 0.34483054756838466 17.076060015296747 
4 5 0 1.3592015066853889 15.999999717994113 
4 4 0 1.3592015066864742 15.999999999404901 
4 3 0 3.0284702245704076 12.999999999758383 
5 3 0 7.585786437626905 11.000000000000002 
4 2 0 3.02847022457042 12.999999999862089 
5 2 0 7.585786437626904 11.0 
3 13 0 3.0 3.0 
3 12 0 3.0 3.0 
3 11 0 1.380067445431517 10.498268280537978 
3 10 0 1.3800674446871468 10.498268280537985 
3 9 0 0.45477122008289456 14.04057895827597 
3 8 0 0.45477122007370774 14.040578955066277 
3 7 0 0.34483054756633474 17.076060014052118 
3 6 0 0.3448305475668525 17.07606000643527 
3 5 0 0.6954403923356959 17.99999999607635 
3 4 0 0.6954403918465981 17.999999991167083 
3 3 0 1.694207610433247 14.69925722506575 
3 2 0 1.6942076104446522 14.699257799148693 
3 1 0 3.3385285163863756 10.999999999999993 
4 1 0 5.585786437626905 8.999999999999996 
3 0 0 3.3385285163863783 11.000000000000004 
4 0 0 5.585786437626905 8.999999999999998 
2 11 0 2.9999999999999996 9.487956699713177 
2 10 0 3.0000000000000013 9.48795669971318 
2 9 0 0.9407616153276295 12.733238513842634 
2 8 0 0.940761615341651 12.733238682968754 
2 7 2 1.0897718263656195 15.794810301272038 
2 6 2 1.0897718261367504 15.794810470636826 
2 5 2 0.5154348383282089 17.999999970985602 
2 4 2 0.5154348383282144 17.999999822298165 
2 3 0 0.39453961701646456 15.99999997754456 
2 2 0 0.3945396170164654 15.999999610780309 
2 1 0 1.6519596311000977 12.776633134501322 
2 0 0 1.6519596275299746 12.776633094149513 
2 -1 0 3.463370378794198 8.843404487333675 
3 -1 0 6.0 6.0 
2 -2 0 3.4633703787941963 8.843404487333673 
3 -2 0 6.0 6.0 
1 11 0 5.0 5.0 
1 10 0 5.0 5.0 
1 9 0 2.8111789971728762 11.601125908527893 
1 8 0 2.8111789970915466 11.601125980927435 
1 7 0 1.4087266446824411 14.824910006623822 
1 6 0 1.4087266416354114 14.824909991034641 
1 5 0 0.49680965154088647 17.76858018017509 
1 4 0 0.49680965154132734 17.768580189368194 
1 3 0 0.3945396170304209 17.729557694927554 
1 2 0 0.394539617016492 17.729557789454184 
1 1 0 0.900833289438008 14.275869509908475 
1 0 0 0.9008332893882962 14.275870675329644 
1 -1 0 2.1834448143413847 10.719100943611036 
1 -2 0 2.183444814341383 10.719100943611043 
0 9 0 5.585786437626905 8.414213562373098 
0 8 0 5.585786437626904 8.414213562373096 
0 7 0 3.2679491924622166 12.999999999089138 
0 6 0 3.267949192506097 12.99999976601918 
0 5 0 0.8562320819582351 15.999998287298808 
0 4 0 0.8562320819421809 15.999999813371637 
0 3 1 0.9730842851883347 17.999999867632983 
0 2 1 0.9730842851884202 17.999999990980122 
0 1 1 0.5291493341163543 15.721024000400083 
0 0 1 0.5291493341163526 15.721023642059977 
0 -1 0 0.4177546093442729 11.149023041779815 
0 -2 0 0.41775460934488284 11.149023037244614 
0 -3 0 4.0 4.0 
1 -3 0 4.0 4.0 
0 -4 0 4.0 4.0 
1 -4 0 4.0 4.0 
-1 7 0 5.267949192431122 10.414213562373094 
-1 6 0 5.2679491924311215 10.414213562373094 
-1 5 0 2.817920963670347 14.860357069982063 
-1 4 0 2.8179209611834164 14.860357511305377 
-1 3 0 1.4572501585813538 17.99999999059238 
-1 2 0 1.4572501585493236 17.99999998123853 
-1 1 0 0.5291493341184369 16.731258261692478 
-1 0 0 0.5291493341165039 16.731258202661635 
-1 -1 0 0.41775460934404635 12.190968713139648 
-1 -2 0 0.4177546093440456 12.190968716397126 
-1 -3 0 0.9999999999999989 5.0 
-1 -4 0 0.9999999999999991 5.000000000000001 
-2 5 0 7.267949192431124 12.000000000000002 
-2 4 0 7.267949192431123 12.000000000000002 
-2 3 0 3.621543007488062 15.9999999999368 
-2 2 0 3.6215430074880617 15.999999999709857 
-2 1 0 1.975225417558093 16.731258268077106 
-2 0 0 1.9752254175545854 16.731258268072462 
-2 -1 0 1.1644839986818605 12.8482170775842 
-2 -2 0 1.1644839986817783 12.84821707758918 
-2 -3 0 1.0000000000000007 5.0 
-2 -4 0 1.0000000000000004 5.0 
-3 3 0 14.0 14.0 
-3 2 0 14.0 14.0 
-3 1 0 8.824455612649501 15.848217077589485 
-3 0 0 8.824455612649501 15.848217077589487 
-3 -1 0 5.824455612649501 12.848217077589485 
-3 -2 0 5.824455612649501 12.848217077589482 
-3 -3 0 5.0 5.0 
-3 -4 0 5.0 5.0 
