2 2 0 1.585786437626905 7.0 
3 2 0 7.0 7.0 
2 1 0 1.5857864376269046 7.0 
3 1 0 7.0 7.0 
2 0 0 2.1443591356940073 16.531128874149257 
3 0 0 8.468871125850725 16.531128874149275 
2 -1 0 2.144359135693446 16.53112887414928 
3 -1 0 8.468871125850725 16.531128874149275 
2 -2 0 3.42497832649496 17.999999999997726 
3 -2 0 16.0 16.0 
2 -3 0 3.4249783264949625 17.999999999982684 
3 -3 0 16.0 16.0 
1 2 0 1.5857864376269035 6.414213562373096 
1 1 0 1.5857864376269046 6.414213562373097 
1 0 0 0.9674406349917174 14.981507748741937 
1 -1 0 0.9674406349917142 14.981507748812621 
1 -2 0 1.4735895906230234 17.99999997986113 
1 -3 0 1.4735895896039979 17.999999993799157 
1 -4 0 2.1928242251376346 15.999999926926453 
2 -4 0 5.818897102143889 14.0 
1 -5 0 2.1928242247094984 15.999999971104812 
2 -5 0 5.8188971021438896 13.999999999999998 
0 2 0 1.7856802566224645 6.000000000000002 
0 1 0 1.7856802566224648 6.0 
0 0 1 0.6858091100743345 13.235010410393881 
0 -1 1 0.6858091100743358 13.235010410322316 
0 -2 1 0.39837993293566587 17.450126249653138 
0 -3 1 0.3983799329356644 17.450126072022716 
0 -4 0 0.3206491965925498 17.999999994976775 
0 -5 0 0.32064919644645695 17.999999995115644 
0 -6 0 1.4793639669652203 13.846205343519532 
1 -6 0 4.02078918179345 11.999999999999998 
0 -7 0 1.4793639669652123 13.84620534461274 
1 -7 0 4.020789181793455 12.0 
-1 2 0 2.585786437626905 5.414213562373095 
-1 1 0 2.585786437626905 5.414213562373096 
-1 0 0 0.6858091108867888 11.368991414288264 
-1 -1 0 0.685809110074333 11.368991558485362 
-1 -2 1 0.39837993293566626 15.76690660982123 
-1 -3 1 0.3983799329356654 15.766906610346092 
-1 -4 0 0.2893937203156403 17.999999859667764 
-1 -5 0 0.28939372031438937 17.999999969798832 
-1 -6 0 0.2822964418547691 15.999999980764873 
-1 -7 0 0.28229644185478237 15.999999118885983 
-1 -8 0 1.9068149698882848 11.53987839831637 
0 -8 0 3.6546326395330384 9.678669047795747 
-1 -9 0 1.906814969888393 11.539878398313203 
0 -9 0 3.6546326395330397 9.678669047795738 
-2 0 0 2.8260085353209727 9.817638726274115 
-2 -1 0 2.826008535320972 9.817638726274115 
-2 -2 0 0.8793722344345846 13.841933601989709 
-2 -3 0 0.8793722344492874 13.841933631600364 
-2 -4 0 0.28939372031289257 17.999999433653176 
-2 -5 0 0.2893937204742269 17.999997483199405 
-2 -6 1 0.2822964418547706 17.843691129398124 
-2 -7 1 0.28229644185476954 17.84369108900237 
-2 -8 0 0.651042116152299 13.588914640156032 
-2 -9 0 0.6510421160986616 13.588914636690825 
-2 -10 0 3.5857864376269033 6.9999999999999964 
-1 -10 0 3.5857864376269055 6.414213562373096 
-2 -11 0 3.5857864376269046 7.000000000000001 
-1 -11 0 3.585786437626905 6.414213562373095 
-3 -2 0 3.425050673799847 12.000000000000005 
-3 -3 0 3.4250506737991255 12.0 
-3 -4 0 1.45829449015541 15.99999994187525 
-3 -5 0 1.4582944899344756 15.999999741402968 
-3 -6 0 0.8257357453425535 17.99999972297151 
-3 -7 0 0.8257357452030883 17.999999614827956 
-3 -8 0 0.6510421160419004 15.504682041860926 
-3 -9 0 0.6510421160305165 15.50468197146138 
-3 -10 0 1.2896565653166943 10.583934157461862 
-3 -11 0 1.289656565316694 10.583934157461858 
-4 -2 0 5.999999999999999 8.0 
-4 -3 0 6.0 8.0 
-4 -4 0 2.564706004299179 13.99999997140433 
-4 -5 0 2.5647060042991776 13.999999956564304 
-4 -6 0 0.8257357452029968 17.99999999891783 
-4 -7 0 0.8257357452029113 17.999999991863458 
-4 -8 1 1.1952296554571622 17.00916361756514 
-4 -9 1 1.1952296554571555 17.009163623364277 
-4 -10 1 1.2896565653166976 12.957312144433686 
-4 -11 1 1.2896565653166963 12.957312144433681 
-5 -4 0 8.0 10.0 
-5 -5 0 8.0 10.0 
-5 -6 0 3.5281275516479114 16.000000000000004 
-5 -7 0 3.5281275516479123 16.000000000000004 
-5 -8 0 2.016841306652587 17.009162949987545 
-5 -9 0 2.016841305951885 17.009163628527613 
-5 -10 0 1.638530725938653 14.074673582515127 
-5 -11 0 1.6385307259386523 14.074673582515116 
-5 -12 0 1.0 3.0 
-4 -12 0 0.9999999999999999 3.0 
-5 -13 0 1.0 3.0 
-4 -13 0 1.0 3.0 
-6 -6 0 12.0 12.0 
-6 -7 0 12.0 12.0 
-6 -8 0 6.0756560079797515 15.139409959505631 
-6 -9 0 6.0756560079797515 15.139409959505631 
-6 -10 0 3.812117403735247 14.074673582515121 
-6 -11 0 3.8121174037352468 14.074673582515125 
-6 -12 0 3.0 3.0 
-6 -13 0 3.0 3.0 
