-1 -3 0 0.9999999999999999 8.0 
0 -3 1 0.9999999999999997 8.0 
-1 -4 0 1.0000000000000009 8.0 
0 -4 1 0.9999999999999996 8.0 
-1 -5 0 0.666906686910541 10.80560283257759 
0 -5 0 0.6669066869105429 9.702573279266137 
-1 -6 0 0.6669066869105444 10.805602832577588 
0 -6 0 0.6669066869105417 9.70257327926614 
-1 -7 0 2.181603911138097 11.116380690903128 
0 -7 0 2.297540826356167 9.702459173643831 
-1 -8 0 2.1816039111380974 11.116380690903132 
0 -8 0 2.2975408263561685 9.702459173643833 
-1 -9 0 6.0 9.0 
0 -9 0 6.0 6.0 
-1 -10 0 6.0 9.0 
0 -10 0 6.0 6.0 
-2 -3 0 2.0 3.0 
-2 -4 0 2.0 3.0 
-2 -5 2 1.5066893225340912 10.805602832577588 
-2 -6 2 1.5066893225340972 10.805602832577595 
-2 -7 1 0.40477006135550325 11.99999999999427 
-2 -8 1 0.40477006135550275 11.999999798513123 
-2 -9 0 0.813153540095271 10.999999999356223 
-2 -10 0 0.8131535400948345 10.999999999793694 
-3 -3 0 3.0 3.0 
-3 -4 0 3.0 3.0 
-3 -5 0 1.5066893225340956 8.660600799845552 
-3 -6 0 1.5066893225340943 8.660600799845549 
-3 -7 0 0.40477006135552485 11.99999998700741 
-3 -8 0 0.40477006135551996 11.99999994190746 
-3 -9 1 0.8131535400948346 11.722110765573273 
-3 -10 1 0.8131535400948334 11.721728668429023 
-3 -11 0 0.8699167166153543 9.000000000000004 
-2 -11 0 3.9999999999999996 7.0 
-3 -12 0 0.8699167166153559 9.000000000000004 
-2 -12 0 3.9999999999999996 7.0 
-4 -5 0 4.267949192431123 7.7320508075688785 
-4 -6 0 4.267949192431122 7.732050807568878 
-4 -7 0 1.5384563381349108 9.999999999999991 
-4 -8 0 1.5384563380809164 9.999999999999956 
-4 -9 1 1.4093632179249183 11.722114849511595 
-4 -10 1 1.409363217924922 11.72172195922953 
-4 -11 0 0.3984569415784515 9.749378362415888 
-4 -12 0 0.39845694157845385 9.749375711798022 
-4 -13 0 1.5107114281899212 6.778457118258389 
-3 -13 0 3.0 3.0 
-4 -14 0 1.5107114281899212 6.778457118258388 
-3 -14 0 3.0 3.0 
-5 -5 0 5.0 5.0 
-5 -6 0 5.0 5.0 
-5 -7 0 2.7612918675020093 9.000000000000002 
-5 -8 0 2.7612918675020097 8.999999999999998 
-5 -9 0 1.409363217979214 10.470680614544904 
-5 -10 0 1.4093632179368236 10.47068061454491 
-5 -11 0 0.39845694157853767 9.749378362415893 
-5 -12 0 0.39845694157850364 9.749378362415888 
-5 -13 1 1.5107114281899203 7.4708955162910184 
-5 -14 1 1.5107114281899212 7.4708955162910184 
-6 -7 0 7.0 7.0 
-6 -8 0 7.0 7.0 
-6 -9 0 4.104893484072467 9.292401585224626 
-6 -10 0 4.104893484072469 9.292401585224622 
-6 -11 0 2.76393202250021 9.64575131106459 
-6 -12 0 2.76393202250021 9.64575131106459 
-6 -13 0 1.7898158701166285 7.470895516291019 
-6 -14 0 1.7898158701166273 7.470895516291017 
-6 -15 0 1.0 1.0 
-5 -15 0 1.0 1.0 
-6 -16 0 1.0 1.0 
-5 -16 0 1.0 1.0 
