0 2 1 1.9999999999999998 1.9999999999999998 
1 2 0 2.0 2.0 
0 1 1 2.0 2.0 
1 1 0 2.0 2.0 
0 0 2 0.8972249509033599 7.645751311064589 
1 0 0 2.3542486889354097 7.645751311064592 
0 -1 2 0.8972249509033581 7.6457513110645925 
1 -1 0 2.3542486889354097 7.64575131106459 
0 -2 1 0.5909586896341412 9.418989105314196 
1 -2 0 3.6765957239135223 8.681330643604978 
0 -3 1 0.5909586896341428 9.418989105314193 
1 -3 0 3.6765957239135223 8.681330643604976 
0 -4 0 0.7250827823646254 9.0 
1 -4 0 7.0 7.0 
0 -5 0 0.7250827823646256 8.999999999999998 
1 -5 0 7.0 7.0 
-1 0 0 0.8972249509033609 6.732050807568878 
-1 -1 0 0.8972249509033587 6.732050807568877 
-1 -2 0 0.5909586896399667 9.418989092385232 
-1 -3 0 0.5909586896390757 9.418989105131837 
-1 -4 0 0.7250827823648309 9.683382700683206 
-1 -5 0 0.725082782365398 9.683382701062913 
-1 -6 0 3.0 7.0 
0 -6 0 2.9999999999999996 5.0 
-1 -7 0 2.9999999999999996 7.000000000000001 
0 -7 0 2.9999999999999996 5.0 
-2 0 0 2.0 4.0 
-2 -1 0 2.0 4.0 
-2 -2 1 1.1078141211367756 8.828427124746192 
-2 -3 1 1.107814121136778 8.828427124746188 
-2 -4 2 1.271828113425133 9.999999991668506 
-2 -5 2 1.607224581872597 9.999999673809404 
-2 -6 1 0.954423996803769 8.259352278438545 
-2 -7 1 0.9544239968037701 8.259352278438547 
-3 -2 0 4.0 6.0 
-3 -3 0 4.000000000000001 6.0 
-3 -4 0 1.2718281134251364 10.000000000000002 
-3 -5 0 1.2718281134251328 10.000000000000002 
-3 -6 0 0.9544239968037725 8.561552812808825 
-3 -7 0 0.9544239968037728 8.56155281280883 
-3 -8 0 0.9999999999999998 3.0 
-2 -8 0 0.9999999999999999 2.9999999999999996 
-3 -9 0 1.0 2.9999999999999996 
-2 -9 0 1.0000000000000002 3.0 
-4 -4 0 8.0 8.0 
-4 -5 0 8.0 8.0 
-4 -6 0 4.438447187191168 8.56155281280883 
-4 -7 0 4.438447187191169 8.56155281280883 
-4 -8 0 3.0 3.0 
-4 -9 0 3.0 3.0 
