3 11 0 1.0 1.0 
4 11 0 1.0 1.0 
3 10 0 1.0 1.0 
4 10 0 1.0 1.0 
3 9 1 2.0 5.414213562373095 
4 9 0 2.0 5.414213562373096 
3 8 1 1.9999999999999998 5.414213562373095 
4 8 0 1.9999999999999996 5.414213562373094 
3 7 0 0.5230669894089242 7.633425264489698 
4 7 0 3.267949192431124 6.732050807568877 
3 6 0 0.5230669894089225 7.633425264489697 
4 6 0 3.2679491924311233 6.7320508075688785 
3 5 0 1.697224362268006 6.114907541476755 
4 5 0 5.0 5.0 
3 4 0 1.6972243622680059 6.1149075414767555 
4 4 0 5.0 5.0 
2 9 0 2.0 5.0 
2 8 0 2.0 5.0 
2 7 0 0.5230669894089238 7.633425264489699 
2 6 0 0.5230669894089232 7.633425264489699 
2 5 1 1.6972243622680032 8.0 
2 4 1 1.6972243622680034 8.0 
2 3 0 2.9999999999999996 3.0 
3 3 0 3.0 3.0 
2 2 0 3.0 3.0 
3 2 0 3.0 3.0 
1 7 0 3.999999999999999 7.0 
1 6 0 4.0 7.0 
1 5 0 0.83772233983162 8.0 
1 4 0 0.8377223398316217 8.000000000000002 
1 3 0 1.3542486889354095 6.645751311064591 
1 2 0 1.354248688935409 6.645751311064589 
0 7 0 4.0 4.0 
0 6 0 4.0 4.0 
0 5 0 0.8377223398316203 7.162277660168378 
0 4 0 0.8377223398316208 7.162277660168379 
0 3 1 1.3542486889354095 6.645751311064592 
0 2 1 1.3542486889354093 6.645751311064591 
