2 6 0 2.0 2.0 
3 6 0 2.0 2.0 
2 5 0 2.0 2.0 
3 5 0 2.0 2.0 
2 4 0 0.9570141303096315 8.783386116752812 
3 4 0 3.2527617250676952 8.783386116752814 
2 3 0 0.9570141303096302 8.783386116752814 
3 3 0 3.2527617250676957 8.783386116752812 
2 2 0 1.3910062549802333 11.547524675367494 
3 2 0 4.474451571625459 10.712636995150286 
2 1 0 1.3910062511364416 11.547524675367466 
3 1 0 4.474451571625459 10.712636995150282 
2 0 0 2.7617059417989647 12.72640057083114 
3 0 0 6.0745770822222935 11.477352348008967 
2 -1 0 2.761705941798997 12.726400570831194 
3 -1 0 6.074577082222293 11.477352348008969 
2 -2 0 4.083870430386549 10.999999999999998 
3 -2 0 9.0 9.0 
2 -3 0 4.083870430386552 11.0 
3 -3 0 9.0 9.0 
1 6 0 2.0 2.0 
1 5 0 2.0 2.0 
1 4 0 0.9570141303096298 8.760161886015375 
1 3 0 0.9570141303096306 8.76016188601537 
1 2 0 0.39832447181315733 11.547524661700287 
1 1 0 0.39832447179987707 11.547524601110016 
1 0 0 0.5674332331414591 13.439980574350045 
1 -1 0 0.5674332335086065 13.439980574391605 
1 -2 0 1.5292914910796618 12.999999990593228 
1 -3 0 1.529291485815839 12.999999993120943 
1 -4 0 3.341276897312729 9.069895594257815 
2 -4 0 7.0 7.0 
1 -5 0 3.3412768973127323 9.069895594257817 
2 -5 0 7.0 7.000000000000001 
0 4 0 1.4230814888981294 6.948098221742875 
0 3 0 1.4230814888981298 6.948098221742874 
0 2 0 0.3983244717997985 11.482958343470397 
0 1 0 0.39832447179979535 11.482958343742519 
0 0 1 0.5674332331405559 13.439980574798774 
0 -1 1 0.5674332331405566 13.439980574629113 
0 -2 1 0.8365399211280905 13.71912001723854 
0 -3 1 0.8365399211280944 13.719120419460193 
0 -4 0 0.952083507753876 10.999999999993042 
0 -5 0 0.9520835077530155 10.999999999998757 
0 -6 0 3.0 6.0 
1 -6 0 5.0 5.0 
0 -7 0 3.0 6.0 
1 -7 0 5.0 5.0 
-1 2 0 2.1743701621036684 9.821490026252611 
-1 1 0 2.1743701621036715 9.821490026252611 
-1 0 0 1.0363009206142602 12.712260664943837 
-1 -1 0 1.0363009206143596 12.71226066540139 
-1 -2 0 0.2880350928624895 13.760948171436628 
-1 -3 0 0.2880350929018584 13.760948976348013 
-1 -4 0 0.6172380626326756 12.482396875493182 
-1 -5 0 0.6172380626061673 12.48239707115084 
-1 -6 0 1.9477571686456556 8.820258846364343 
-1 -7 0 1.9477571686456563 8.820258846364343 
-2 2 0 4.000000000000001 6.0 
-2 1 0 4.000000000000001 6.0 
-2 0 0 1.3002763983944878 11.82547601227752 
-2 -1 0 1.3002763983944872 11.825476012277504 
-2 -2 0 0.28803509286248863 13.760948972149107 
-2 -3 0 0.28803509286248896 13.760948758249825 
-2 -4 1 0.6172380626061639 13.18016781373176 
-2 -5 1 0.6172380626061652 13.180167824359595 
-2 -6 1 0.9267195254032439 10.347878177401794 
-2 -7 1 0.926719525403247 10.347878177401796 
-3 0 0 5.2679491924311215 8.73205080756888 
-3 -1 0 5.2679491924311215 8.732050807568877 
-3 -2 0 2.493358227625273 13.0 
-3 -3 0 2.4933582276252695 12.999999999999996 
-3 -4 0 1.3217401616323226 13.180167824377506 
-3 -5 0 1.3217401606669212 13.180167824378017 
-3 -6 0 0.9267195254032474 11.706816623280867 
-3 -7 0 0.9267195254032425 11.706816623280865 
-3 -8 0 0.9999999999999999 3.0 
-2 -8 0 1.0 2.9999999999999996 
-3 -9 0 1.0000000000000002 3.0000000000000004 
-2 -9 0 1.0 3.0 
-4 -2 0 10.0 10.0 
-4 -3 0 10.0 10.0 
-4 -4 0 4.999999999999997 12.0 
-4 -5 0 5.0 12.0 
-4 -6 0 3.6164976924826715 11.706816623280869 
-4 -7 0 3.616497692482672 11.70681662328087 
-4 -8 0 3.0 3.0 
-4 -9 0 3.0 3.0 
