1 3 0 1.3819660112501062 4.999999999999999 
2 3 0 5.0 5.0 
1 2 0 1.3819660112501053 5.0 
2 2 0 5.0 5.0 
1 1 0 1.7007654588679062 9.999999999999998 
2 1 0 10.0 10.0 
1 0 0 1.7007654588679058 9.999999999999998 
2 0 0 10.0 10.0 
0 3 1 1.381966011250106 4.618033988749893 
0 2 1 1.3819660112501053 4.618033988749895 
0 1 2 1.7007654588679093 9.390852046400441 
0 0 2 1.7007654588679049 9.390852046521895 
0 -1 1 0.45842121438176275 9.828416919099936 
1 -1 0 2.3542486889354115 8.000000000000002 
0 -2 1 0.45842121438176303 9.828416949075155 
1 -2 0 2.3542486889354097 8.0 
-1 3 0 3.0 3.0 
-1 2 0 3.0 3.0 
-1 1 0 0.7991388801791273 7.886865150313037 
-1 0 0 0.7991388801791279 7.886865150313038 
-1 -1 0 0.4584212143831823 9.999999971026778 
-1 -2 0 0.4584212143817793 9.999999994620303 
-1 -3 0 0.7639320225002094 7.459134319119656 
0 -3 0 0.7639320225002103 6.0 
-1 -4 0 0.7639320225002106 7.4591343191196575 
0 -4 0 0.7639320225002102 6.000000000000002 
-2 1 0 4.0 6.0 
-2 0 0 4.0 6.0 
-2 -1 0 1.8170428655877515 10.000000000000004 
-2 -2 0 1.8170428655877517 10.000000000000002 
-2 -3 0 1.2452087270703271 9.162277660168376 
-2 -4 0 1.2452087270703283 9.16227766016838 
-2 -5 0 2.0 2.0 
-1 -5 0 2.0 2.0 
-2 -6 0 2.0 2.0 
-1 -6 0 2.0 2.0 
-3 -1 0 7.0 7.0 
-3 -2 0 7.0 7.0 
-3 -3 0 2.8377223398316205 9.16227766016838 
-3 -4 0 2.837722339831621 9.16227766016838 
-3 -5 0 2.0 2.0 
-3 -6 0 2.0 2.0 
