2 8 0 1.0 1.0 
3 8 0 1.0 1.0 
2 7 0 1.0 1.0 
3 7 0 1.0 1.0 
2 6 1 1.4071376319485471 7.470895516291018 
3 6 0 1.7898158701166278 7.470895516291018 
2 5 1 1.4071376319485458 7.4708955162910184 
3 5 0 1.7898158701166285 7.470895516291018 
2 4 1 1.4226087174288036 9.763512013247922 
3 4 0 2.7639320225002106 9.645751311064592 
2 3 1 1.422608717428801 9.763512013247922 
3 3 0 2.76393202250021 9.645751311064592 
2 2 0 0.9846475915032686 10.472161785228977 
3 2 0 4.104893484072469 9.29240158522462 
2 1 0 0.9846475915032684 10.472161785228977 
3 1 0 4.104893484072471 9.29240158522462 
2 0 0 2.6571517584387334 9.0 
3 0 0 7.0 7.0 
2 -1 0 2.6571517584387365 9.0 
3 -1 0 7.0 7.0 
1 6 0 1.407137631948546 5.825955014888477 
1 5 0 1.4071376319485458 5.825955014888475 
1 4 0 0.753288735482843 9.763512013246558 
1 3 0 0.7532887354828449 9.763512013246148 
1 2 0 0.984647591551904 11.718658828145566 
1 1 0 0.9846475915033441 11.718659319537641 
1 0 0 2.521491469604546 9.99999997742122 
1 -1 0 2.5214914696043444 9.999999999983963 
1 -2 0 4.267949192431122 7.732050807568877 
2 -2 0 5.0 5.0 
1 -3 0 4.267949192431122 7.732050807568877 
2 -3 0 5.0 5.0 
0 6 0 3.0 3.0 
0 5 0 3.0 3.0 
0 4 0 0.7532887354828431 8.759437786880206 
0 3 0 0.7532887354828444 8.759437786880207 
0 2 2 1.217922999439149 11.718659319552376 
0 1 2 1.2179229994391496 11.718531776341042 
0 0 2 1.3394333790473372 11.999999979485104 
0 -1 2 1.3394333790473305 11.999999939446809 
0 -2 0 1.176876637485653 8.439619147259274 
0 -3 0 1.176876637485653 8.439619147259268 
-1 4 0 3.585786437626905 6.414213562373095 
-1 3 0 3.585786437626906 6.414213562373097 
-1 2 0 1.2855750472328087 9.999999983249838 
-1 1 0 1.2855750472328065 9.999999999863098 
-1 0 0 0.9129481310781495 11.999999984364567 
-1 -1 0 0.9129481310781533 11.999999904709567 
-1 -2 0 1.1399696081277102 9.55743012105401 
-1 -3 0 1.1399696081385093 9.557430121053862 
-1 -4 0 3.0 3.0 
0 -4 0 3.0 3.0 
-1 -5 0 3.0 3.0 
0 -5 0 3.0 3.0 
-2 2 0 3.2679491924311224 8.0 
-2 1 0 3.267949192431123 8.000000000000002 
-2 0 0 0.9129481310781504 12.0 
-2 -1 0 0.9129481310781472 11.999999999999998 
-2 -2 1 1.139969608126968 10.828427124746188 
-2 -3 1 1.1399696081269695 10.828427124746199 
-2 -4 1 2.9999999999999996 4.000000000000001 
-2 -5 1 3.0 3.9999999999999996 
-3 0 0 10.0 10.0 
-3 -1 0 10.0 10.0 
-3 -2 0 5.17157287525381 10.828427124746192 
-3 -3 0 5.17157287525381 10.82842712474619 
-3 -4 0 4.0 4.0 
-3 -5 0 4.0 4.0 
