1 5 0 0.5372158157219834 5.616696499565515 
2 5 1 0.5372158157219833 5.616696499565514 
1 4 0 0.537215815721983 5.616696499565515 
2 4 1 0.5372158157219832 5.616696499565514 
1 3 0 0.3423300039479211 7.759364390099224 
2 3 0 0.34233000394791807 7.70145037473587 
1 2 0 0.34233000394791974 7.759364390099225 
2 2 0 0.3423300039479189 7.7014503747358685 
1 1 0 1.0690510530284838 8.964251281995127 
2 1 0 1.1473959661486361 8.172181215948509 
1 0 0 1.0690510550789345 8.964251279804351 
2 0 0 1.1473959661486353 8.172181215948507 
1 -1 0 2.2849311066493114 8.369856197837475 
2 -1 0 2.5115100153773455 7.488489984622654 
1 -2 0 2.2849311066493114 8.369856197837475 
2 -2 0 2.5115100153773464 7.488489984622652 
1 -3 0 4.999999999999999 7.0 
2 -3 0 5.0 5.0 
1 -4 0 4.999999999999999 7.0 
2 -4 0 5.0 5.0 
0 5 0 2.0 2.0 
0 4 0 2.0 2.0 
0 3 1 1.7471024706200244 7.759364390099222 
0 2 1 1.7471024706200247 7.759364390099225 
0 1 1 0.6625218346747411 8.999999999364775 
0 0 1 0.6625218346747401 8.999999993945853 
0 -1 0 0.4589903481189853 9.209588726769141 
0 -2 0 0.4589903481674432 9.20958872686124 
0 -3 0 1.4816443110898336 7.660195417871314 
0 -4 0 1.481644311089835 7.660195417871313 
-1 3 0 3.0 4.999999999999999 
-1 2 0 3.0000000000000004 5.0 
-1 1 0 0.6625218346747418 9.000000000000002 
-1 0 0 0.662521834674745 9.0 
-1 -1 0 0.45899034812708706 9.999999995244885 
-1 -2 0 0.4589903481153863 9.999999586003893 
-1 -3 0 1.4141918702459857 8.264462999621035 
-1 -4 0 1.4141918702459864 8.264462999621042 
-1 -5 0 3.0 3.0 
0 -5 0 3.0 3.0 
-1 -6 0 3.0 3.0 
0 -6 0 3.0 3.0 
-2 1 0 5.0 7.0 
-2 0 0 5.0 7.000000000000001 
-2 -1 0 2.006418298127788 10.000000000000004 
-2 -2 0 2.006418298127787 10.000000000000002 
-2 -3 0 1.4141918702459868 8.56155281280883 
-2 -4 0 1.4141918702459888 8.561552812808827 
-2 -5 0 2.9999999999999996 3.0000000000000004 
-2 -6 0 3.0 3.0 
-3 -1 0 8.0 8.0 
-3 -2 0 8.0 8.0 
-3 -3 0 4.438447187191171 8.56155281280883 
-3 -4 0 4.43844718719117 8.56155281280883 
-3 -5 0 3.0 3.0 
-3 -6 0 3.0 3.0 
