2 6 1 1.9999999999999998 1.9999999999999998 
3 6 0 2.0 2.0 
2 5 1 2.0 2.0 
3 5 0 2.0 2.0 
2 4 1 0.5939495222070885 10.079046371591962 
3 4 0 2.7481131858599923 10.079046371591966 
2 3 1 0.593949522207088 10.079046371591964 
3 3 0 2.7481131858599923 10.079046371591964 
2 2 0 0.7491309932697443 14.16294039788939 
3 2 0 4.094890798063023 13.036061262042402 
2 1 0 0.7491309932666153 14.162940865105593 
3 1 0 4.094890798063024 13.036061262042407 
2 0 0 1.7808760180889158 14.421163817893902 
3 0 0 6.542953773321791 12.988273214809132 
2 -1 0 1.7808760180889294 14.421163817984842 
3 -1 0 6.542953773321792 12.98827321480913 
2 -2 0 3.3129638038893403 12.000000000000007 
3 -2 0 10.0 10.0 
2 -3 0 3.3129638038893425 12.000000000000004 
3 -3 0 10.0 10.0 
1 4 0 0.5939495222070894 9.03240987383476 
1 3 0 0.593949522207088 9.032409873834766 
1 2 1 0.7491309932659606 14.162940864938195 
1 1 1 0.7491309932659592 14.162940864914344 
1 0 1 1.0831983239407086 15.453285653801714 
1 -1 1 1.083198323940711 15.453285126403383 
1 -2 0 0.9747451299395626 14.99999996833413 
1 -3 0 0.9747451299395775 14.999999805082817 
1 -4 0 5.999999999999999 10.0 
2 -4 0 6.0 7.999999999999999 
1 -5 0 6.0 10.000000000000004 
2 -5 0 6.000000000000001 8.0 
0 4 0 1.9999999999999998 4.0 
0 3 0 2.0 4.0 
0 2 2 1.112651098582674 12.653311770393932 
0 1 2 1.1126510985826767 12.653311912024408 
0 0 4 1.248980757472206 15.453285532508833 
0 -1 4 1.3091403254736254 15.453285704655356 
0 -2 2 0.7294809572951876 15.766435056400764 
0 -3 2 0.7294809572951848 15.766444682165515 
0 -4 0 0.950631970649108 12.999999999999586 
0 -5 0 0.9506319706491109 12.999999999997893 
-1 2 0 3.145898033750314 10.54138126514911 
-1 1 0 3.145898033750316 10.541381265149113 
-1 0 1 1.1255594673718177 14.836434744846139 
-1 -1 1 1.1255594673717138 14.836434685368335 
-1 -2 1 0.7294809572953742 15.999999994563993 
-1 -3 1 0.7294809573029494 15.999999988596853 
-1 -4 0 0.8914171088125453 14.470480843939944 
-1 -5 0 0.8914171087894596 14.47048326268845 
-1 -6 0 1.957052809044614 10.99999993069617 
0 -6 0 4.0 6.0 
-1 -7 0 1.9570528090446124 10.999999999984212 
0 -7 0 3.999999999999999 6.000000000000001 
-2 2 0 4.999999999999999 7.000000000000001 
-2 1 0 4.999999999999999 7.000000000000002 
-2 0 0 1.4789374107723086 12.805602759281415 
-2 -1 0 1.4789374109450735 12.805602829856435 
-2 -2 1 0.8901463000168673 15.999999994908357 
-2 -3 1 0.8901463000168708 15.999999999768656 
-2 -4 2 0.5063054911008807 15.258471286276562 
-2 -5 2 0.5063054911008781 15.258471248741506 
-2 -6 1 0.46897551174183993 11.987893454195618 
-2 -7 1 0.46897551174183666 11.987893433062174 
-3 2 0 5.0 7.0 
-3 1 0 5.0 7.0 
-3 0 0 3.488008501637314 10.837300135272224 
-3 -1 0 3.488008501637317 10.837300135272221 
-3 -2 0 1.6601928190509394 13.999999999813756 
-3 -3 0 1.6601928190509554 13.999999999496357 
-3 -4 0 0.5063054911008856 15.258471302737746 
-3 -5 0 0.5063054911008826 15.258471302184619 
-3 -6 1 0.46897551174183594 12.741544751153143 
-3 -7 1 0.4689755117418388 12.741544754848757 
-3 -8 1 1.0000000000005962 8.729900089605003 
-2 -8 0 0.9999999999999999 8.236067977499788 
-3 -9 1 1.0000000000000013 8.729900089605094 
-2 -9 0 0.9999999999999994 8.236067977499792 
-4 0 0 6.267949192431122 9.732050807568877 
-4 -1 0 6.267949192431122 9.732050807568875 
-4 -2 0 4.76529464077453 12.213528518229799 
-4 -3 0 4.765294640774533 12.213528518229799 
-4 -4 0 2.9005255782303 14.365384941433836 
-4 -5 0 2.9005255783382826 14.365384929952073 
-4 -6 0 1.7484714275422284 12.741544758934184 
-4 -7 0 1.7484714303087403 12.741544759923006 
-4 -8 0 1.0809783813791936 9.177409680899286 
-4 -9 0 1.080978381379197 9.17740968089929 
-4 -10 0 1.0 3.0 
-3 -10 0 1.0 3.0 
-4 -11 0 1.0 3.0 
-3 -11 0 1.0 3.0 
-5 -2 0 11.0 11.0 
-5 -3 0 11.0 11.0 
-5 -4 0 7.492097228623443 13.263542847409981 
-5 -5 0 7.492097228623442 13.26354284740998 
-5 -6 0 5.940426688219164 12.616839808014824 
-5 -7 0 5.940426688219165 12.616839808014824 
-5 -8 0 4.144227493364012 9.17740968089928 
-5 -9 0 4.144227493364012 9.177409680899284 
-5 -10 0 3.0 3.0 
-5 -11 0 3.0 3.0 
