3 9 0 1.0 1.0 
4 9 0 1.0 1.0 
3 8 0 1.0 1.0 
4 8 0 1.0 1.0 
3 7 0 0.6466659624045717 10.146661154225294 
4 7 0 1.2226279096930672 10.1466611542253 
3 6 0 0.6466659624045717 10.146661154225294 
4 6 0 1.2226279096930672 10.1466611542253 
3 5 0 0.7657303189821604 12.522440268084681 
4 5 0 2.0340601223606667 11.021641544051578 
3 4 0 0.7657303189458801 12.522440269791778 
4 4 0 2.034060122360668 11.021641544051572 
3 3 0 1.5900531188484242 12.765964501517725 
4 3 0 3.7250827823646255 11.274917217635375 
3 2 0 1.5900531188479274 12.76596495721333 
4 2 0 3.725082782364625 11.274917217635375 
3 1 0 3.162667684996706 10.999999999999996 
4 1 0 8.0 8.0 
3 0 0 3.162667684996705 11.000000000000002 
4 0 0 8.0 8.0 
2 7 0 0.6466659624045724 8.042492437230782 
2 6 0 0.6466659624045723 8.042492437230784 
2 5 0 0.34609362450621894 12.522440103322868 
2 4 0 0.3460936245061938 12.522440271434158 
2 3 0 0.665346604352768 13.723751925480522 
2 2 0 0.6653466043369236 13.723752398373982 
2 1 0 1.756978001014445 12.999999933711171 
2 0 0 1.7569780010141234 12.999999826183984 
2 -1 0 3.697224362268004 9.000000000000002 
3 -1 0 6.0 6.0 
2 -2 0 3.6972243622680043 9.0 
3 -2 0 6.0 6.0 
1 7 0 1.9999999999999998 4.0 
1 6 0 2.0000000000000004 3.9999999999999996 
1 5 0 0.3460936245061825 10.823506548304575 
1 4 0 0.34609362450618175 10.823506626132106 
1 3 0 0.22191536442089949 13.723752379806545 
1 2 0 0.22191536441943668 13.723752392509688 
1 1 0 0.26108701945466284 13.670931797827379 
1 0 0 0.2610870194480681 13.670931797781249 
1 -1 0 1.2715479154814329 10.75696878082635 
1 -2 0 1.271547917848436 10.756969102354644 
0 5 0 1.106612636818594 7.637717531631607 
0 4 0 1.1066126368185922 7.637717531631604 
0 3 0 0.22191536442094043 12.833782912104354 
0 2 0 0.22191536441942808 12.833782905870294 
0 1 1 0.26108701944542917 13.999999797435956 
0 0 1 0.26108701944542795 13.999999890251434 
0 -1 1 0.9010570820716629 12.364486933341865 
0 -2 1 0.901057082071661 12.364486931011452 
0 -3 0 0.9999999999999999 6.561552812808832 
1 -3 0 2.9999999999999996 5.0 
0 -4 0 1.0000000000000004 6.561552812808831 
1 -4 0 3.0 5.000000000000001 
-1 3 0 2.172763029362353 10.565452451124452 
-1 2 0 2.172763029362354 10.565452451124449 
-1 1 0 1.3442482206161888 13.99999982766009 
-1 0 0 1.3442482206166242 13.999999999985052 
-1 -1 0 0.9010570820720842 13.093983818756119 
-1 -2 0 0.9010570820716889 13.093983637591993 
-1 -3 0 0.9999999999999979 7.0 
-1 -4 0 0.9999999999999998 7.000000000000002 
-2 1 0 4.182849026384472 12.793722212853357 
-2 0 0 4.182849026384478 12.793722212853357 
-2 -1 0 3.1470595488902147 14.0 
-2 -2 0 3.1470595488902147 13.999999999999998 
-2 -3 0 2.4384471871911675 7.0 
-2 -4 0 2.43844718719117 7.000000000000002 
-3 -1 0 14.0 14.0 
-3 -2 0 14.0 14.0 
-3 -3 0 7.0 7.0 
-3 -4 0 7.0 7.0 
