1 5 0 2.0 2.0 
2 5 0 2.0 2.0 
1 4 0 2.0 2.0 
2 4 0 2.0 2.0 
1 3 0 0.7898158701166279 7.0 
2 3 0 2.9999999999999996 7.0 
1 2 0 0.7898158701166279 6.999999999999999 
2 2 0 3.0 7.0 
1 1 0 1.090484033844049 8.000000000000002 
2 1 0 6.0 6.0 
1 0 0 1.0904840338440491 8.000000000000002 
2 0 0 6.0 6.0 
0 5 0 2.0 2.0 
0 4 0 2.0 2.0 
0 3 0 0.7898158701166286 6.6457513110645925 
0 2 0 0.7898158701166295 6.645751311064591 
0 1 1 1.090484033844049 7.999999999999999 
0 0 1 1.0904840338440485 8.000000000000002 
0 -1 1 2.4384471871911697 7.0 
1 -1 0 4.0 4.0 
0 -2 1 2.4384471871911693 7.0 
1 -2 0 4.0 4.0 
-1 3 0 3.9999999999999996 6.0 
-1 2 0 4.0 5.999999999999999 
-1 1 0 1.4920972286234409 7.263542847409977 
-1 0 0 1.4920972286234426 7.26354284740998 
-1 -1 0 0.4982301510960842 6.999999999999998 
-1 -2 0 0.49823015109608115 6.999999999999999 
-1 -3 0 0.7639320225002103 5.23606797749979 
0 -3 0 2.0 2.0 
-1 -4 0 0.7639320225002105 5.23606797749979 
0 -4 0 2.0 2.0 
-2 3 0 4.0 4.0 
-2 2 0 4.0 4.0 
-2 1 0 1.5857864376269053 6.414213562373095 
-2 0 0 1.5857864376269049 6.414213562373096 
-2 -1 0 0.49823015109608276 6.436010714004155 
-2 -2 0 0.4982301510960819 6.436010714004158 
-2 -3 1 0.7639320225002102 5.23606797749979 
-2 -4 1 0.7639320225002096 5.23606797749979 
