2 4 0 3.000000000000001 6.0 
3 4 0 6.0 6.0 
2 3 0 2.9999999999999996 6.0 
3 3 0 6.0 6.0 
2 2 0 2.5566163994722237 13.162277660168376 
3 2 0 6.837722339831618 13.16227766016838 
2 1 0 2.5566163994722264 13.162277660168382 
3 1 0 6.837722339831621 13.162277660168378 
2 0 0 3.296002950618506 13.764169817268975 
3 0 0 13.0 13.0 
2 -1 0 3.296002950618505 13.764169817268979 
3 -1 0 13.0 13.0 
1 4 0 1.000000000000001 5.999999999999999 
1 3 0 0.9999999999999997 6.000000000000002 
1 2 0 0.6829275674639539 11.845594139679148 
1 1 0 0.682927567463955 11.845594137406467 
1 0 0 0.8535362251589528 13.764169092613578 
1 -1 0 0.8535362242173655 13.764169817246357 
1 -2 0 1.3668362865588275 12.737985305893092 
2 -2 0 4.943939693694011 11.84122207005006 
1 -3 0 1.3668362865588275 12.737985200240328 
2 -3 0 4.943939693694009 11.841222070050062 
0 4 0 1.000000000000001 6.000000000000002 
0 3 0 1.0000000000000002 6.000000000000002 
0 2 1 0.6829275674639418 10.416483137469337 
0 1 1 0.6829275674639401 10.416483141397702 
0 0 2 0.8497999259696297 13.206776045774102 
0 -1 2 0.8497999252411464 13.206776048591559 
0 -2 1 0.568508074719001 13.435972127843598 
0 -3 1 0.568508074718999 13.435972126749899 
0 -4 0 0.5852719536003351 11.355645145346436 
1 -4 0 2.3408639861034537 10.0 
0 -5 0 0.5852719536017925 11.35564514533201 
1 -5 0 2.3408639861034537 10.000000000000002 
-1 4 0 2.9999999999999996 5.0 
-1 3 0 3.0000000000000004 5.0 
-1 2 0 1.210701919482547 8.999999469124072 
-1 1 0 1.210701919482545 8.999999986134869 
-1 0 0 0.849799925241686 12.51945377491371 
-1 -1 0 0.8497999252411539 12.519453775497427 
-1 -2 0 0.5685080749096236 13.73750913742068 
-1 -3 0 0.5685080747278171 13.737509384261203 
-1 -4 0 0.5852719539338845 12.111801127660074 
-1 -5 0 0.5852719536003242 12.111801128757484 
-1 -6 0 1.0003767445565501 9.13241817145574 
0 -6 0 1.5857864376269053 8.0 
-1 -7 0 1.0003767445496023 9.132418171493592 
0 -7 0 1.5857864376269042 7.999999999999998 
-2 2 0 4.267949192431122 7.732050807568877 
-2 1 0 4.2679491924311215 7.732050807568878 
-2 0 0 2.2006165722561706 11.732050611226894 
-2 -1 0 2.200616572272995 11.732050807472561 
-2 -2 0 1.1565837699947454 13.737509389956251 
-2 -3 0 1.1565837700049406 13.73750939679429 
-2 -4 0 1.004175590219965 12.890306111854326 
-2 -5 0 1.004175587711734 12.890306169227152 
-2 -6 0 1.000376745628994 9.245253492928084 
-2 -7 0 1.000376747674541 9.245253492882807 
-2 -8 0 1.9999999999999996 4.0 
-1 -8 0 2.0 4.0 
-2 -9 0 2.0 4.0 
-1 -9 0 2.0000000000000004 4.0 
-3 0 0 6.267949192431122 9.732050807568877 
-3 -1 0 6.2679491924311215 9.732050807568877 
-3 -2 0 3.453257387576709 12.999999999999995 
-3 -3 0 3.4532573875767154 12.999999999999998 
-3 -4 0 2.4193662581763546 12.890306174542882 
-3 -5 0 2.419366258181148 12.890306102654762 
-3 -6 0 1.8956261063099717 9.391382380630894 
-3 -7 0 1.8956261063099706 9.391382380630901 
-3 -8 0 2.0 4.0 
-3 -9 0 1.9999999999999998 4.0 
-4 -2 0 11.0 11.0 
-4 -3 0 11.0 11.0 
-4 -4 0 7.481801300673658 12.696392779347097 
-4 -5 0 7.481801300673659 12.696392779347098 
-4 -6 0 4.835752061539789 9.391382380630901 
-4 -7 0 4.83575206153979 9.3913823806309 
-4 -8 0 4.0 4.0 
-4 -9 0 4.0 4.0 
