1 3 0 0.9999999999999997 4.0 
2 3 0 4.0 4.0 
1 2 0 1.0 4.0 
2 2 0 4.0 4.0 
1 1 0 1.0831602253790376 7.999999999999998 
2 1 0 8.0 8.0 
1 0 0 1.0831602253790387 8.0 
2 0 0 8.0 8.0 
0 3 0 0.9999999999999996 4.0 
0 2 0 1.0 4.0 
0 1 1 1.0831602253790367 7.548521559060323 
0 0 1 1.0831602253790353 7.5485215590603225 
0 -1 1 0.6485365351864207 7.672053824787683 
1 -1 0 1.8751145802354274 6.76155718183189 
0 -2 1 0.648536535186425 7.672053824787683 
1 -2 0 1.8751145802354259 6.761557181831891 
-1 3 0 3.0 3.0 
-1 2 0 3.0 3.0 
-1 1 0 1.643880671375265 7.000000000000001 
-1 0 0 1.6438806713752645 6.999999999999998 
-1 -1 0 0.648536535186426 7.672053824787687 
-1 -2 0 0.6485365351864233 7.672053824787688 
-1 -3 0 0.4769044093683298 6.402678829521189 
0 -3 0 0.4769044093683308 4.4412909104124605 
-1 -4 0 0.47690440936833023 6.40267882952119 
0 -4 0 0.47690440936833023 4.4412909104124605 
-2 1 0 5.0 5.0 
-2 0 0 5.0 5.0 
-2 -1 0 2.208712152522081 6.7912878474779195 
-2 -2 0 2.20871215252208 6.7912878474779195 
-2 -3 0 1.281290309608086 6.402678829521188 
-2 -4 0 1.2812903096080852 6.402678829521189 
-2 -5 0 1.0 1.0 
-1 -5 0 1.0 1.0 
-2 -6 0 1.0 1.0 
-1 -6 0 1.0 1.0 
