3 9 0 0.9999999999999999 3.0 
4 9 0 3.0 3.0 
3 8 0 0.9999999999999999 3.000000000000001 
4 8 0 3.0 3.0 
3 7 0 0.7670852906675641 9.971960768397095 
4 7 0 3.604573965274112 9.971960768397098 
3 6 0 0.7670852906675616 9.971960768397095 
4 6 0 3.604573965274112 9.9719607683971 
3 5 0 1.045587527300892 11.274389138854973 
4 5 0 4.807417596432748 10.192582403567252 
3 4 0 1.0455875273027497 11.274389053227685 
4 4 0 4.807417596432749 10.19258240356725 
3 3 0 2.017789385044531 10.999999999999995 
4 3 0 9.0 9.0 
3 2 0 2.0177893850445323 11.0 
4 2 0 9.0 9.0 
2 9 0 1.0 3.0 
2 8 0 1.0000000000000002 3.0 
2 7 0 0.3682366896388548 8.584428340330492 
2 6 0 0.3682366896388537 8.584428340330497 
2 5 0 0.3831886760178217 11.27438914635827 
2 4 0 0.38318867597541156 11.27438914639369 
2 3 0 0.49885325988843554 11.68090942561963 
2 2 0 0.49885325988843643 11.680909425681222 
2 1 0 1.4935392043983486 8.999999999992573 
3 1 0 4.267949192431123 7.732050807568877 
2 0 0 1.4935392043983464 8.999999994582026 
3 0 0 4.267949192431122 7.7320508075688785 
1 7 0 0.3682366896388536 6.441290910412461 
1 6 0 0.368236689638854 6.441290910412461 
1 5 1 0.3831886759754114 10.551072551608897 
1 4 1 0.3831886759754131 10.551072163434448 
1 3 2 0.49885325988842977 11.729281949770147 
1 2 2 0.4988532598884298 11.72928215429083 
1 1 1 0.9518936911913347 10.20787947786848 
1 0 1 0.9518936911913367 10.207879477508087 
1 -1 0 1.0 6.0 
2 -1 0 3.000000000000001 5.0 
1 -2 0 0.9999999999999994 5.999999999999999 
2 -2 0 3.0 5.0 
0 5 0 1.3510395199824754 8.874359820237595 
0 4 0 1.3510395199824754 8.874359820237602 
0 3 0 0.9033947433346495 11.72928215481578 
0 2 0 0.9033947419500392 11.729282154815944 
0 1 0 0.9518936911914099 11.119676437154322 
0 0 0 0.9518936911933915 11.119676437019168 
0 -1 0 1.0000000000000007 6.000000000000002 
0 -2 0 1.000000000000001 6.0 
-1 3 0 3.943939693694012 10.841222070050062 
-1 2 0 3.943939693694013 10.841222070050062 
-1 1 0 2.3959546032625227 12.0 
-1 0 0 2.3959546032625183 12.000000000000002 
-1 -1 0 3.0000000000000004 6.0 
-1 -2 0 3.0 6.0 
-2 1 0 12.0 12.0 
-2 0 0 12.0 12.0 
-2 -1 0 6.0 6.0 
-2 -2 0 6.0 6.0 
