1 5 0 2.0 2.0 
2 5 0 2.0 2.0 
1 4 0 2.0 2.0 
2 4 0 2.0 2.0 
1 3 0 1.2455219106061304 7.6963927793470965 
2 3 0 2.0000000000000004 7.696392779347098 
1 2 0 1.2455219106061337 7.696392779347098 
2 2 0 2.0000000000000004 7.6963927793471 
1 1 0 1.24552191060617 11.696392779340421 
2 1 0 2.4818013006736575 11.696392779347097 
1 0 0 1.2455219106063316 11.696392779338968 
2 0 0 2.481801300673658 11.696392779347093 
1 -1 0 1.5658947921358422 13.352357778036819 
2 -1 0 3.8357520615397886 12.391382380630903 
1 -2 0 1.5658947921352557 13.352357778036703 
2 -2 0 3.835752061539787 12.3913823806309 
1 -3 0 2.4401769472901167 12.999999972829487 
2 -3 0 5.8357520615397895 11.0 
1 -4 0 2.440176947209368 12.999999634761654 
2 -4 0 5.835752061539789 11.0 
1 -5 0 4.440176946918138 11.0 
2 -5 0 9.0 9.0 
1 -6 0 4.440176946918139 11.0 
2 -6 0 9.0 9.0 
0 5 0 2.0 2.0 
0 4 0 2.0 2.0 
0 3 1 1.2455219106061322 6.8469382757348285 
0 2 1 1.2455219106061326 6.846938275734831 
0 1 3 1.565894791746603 11.696392779333982 
0 0 3 1.245521910606135 11.696392778977021 
0 -1 3 0.6808769843843805 13.352357769937818 
0 -2 3 0.6808769843843807 13.35235760692134 
0 -3 1 0.680876984384382 13.583928980903217 
0 -4 1 0.6808769843843782 13.583928967926777 
0 -5 0 0.9429391325633565 12.999999979537344 
0 -6 0 0.9429391324631776 12.999999809447932 
0 -7 0 2.942939132463176 9.038826747608622 
1 -7 0 7.0 7.0 
0 -8 0 2.942939132463178 9.038826747608624 
1 -8 0 7.0 7.0 
-1 3 0 2.9999999999999996 6.0 
-1 2 0 3.000000000000001 6.000000000000002 
-1 1 0 1.0713716514217013 10.846938275672148 
-1 0 0 1.071371651489585 10.846938275731786 
-1 -1 0 0.6808769843873766 13.35235773011248 
-1 -2 0 0.6808769849031714 13.35235777671137 
-1 -3 0 0.6808769844028898 13.999999972402795 
-1 -4 0 0.6808769843901951 13.99999992268086 
-1 -5 0 0.942939132478637 13.58392887969092 
-1 -6 0 0.9429391325077388 13.583928898026029 
-1 -7 0 2.440176946918137 11.038826731489431 
-1 -8 0 2.440176946918137 11.03882674535654 
-1 -9 0 5.0 7.000000000000002 
0 -9 0 5.0 5.0 
-1 -10 0 4.999999999999999 7.0 
0 -10 0 5.0 5.0 
-2 3 0 4.0 4.0 
-2 2 0 4.0 4.0 
-2 1 0 1.999999999999999 9.000000000000004 
-2 0 0 1.9999999999999973 8.999999999999996 
-2 -1 1 1.2455219106061262 12.688597189670482 
-2 -2 1 1.2455219106061366 12.688597189670741 
-2 -3 3 1.2455219106061322 13.999999898457567 
-2 -4 3 1.0713716514216955 13.999999915152843 
-2 -5 3 1.208715106907473 13.999999990793134 
-2 -6 3 0.6808769843843826 13.999999995629317 
-2 -7 1 0.6808769843843775 12.044733225248503 
-2 -8 1 0.6808769843843806 12.044733225263291 
-2 -9 0 0.9429391324631781 7.038826747608621 
-2 -10 0 0.9429391324631772 7.0388267476086215 
-3 1 0 4.999999999999999 7.000000000000002 
-3 0 0 5.0 7.0 
-3 -1 0 2.999999999999999 10.999999997443739 
-3 -2 0 3.000000012919615 10.999999999781098 
-3 -3 0 1.0713716514217029 13.99999999999927 
-3 -4 0 1.071371651421702 13.999999900720406 
-3 -5 0 0.6808769843843845 13.999999999572594 
-3 -6 0 0.6808769845318481 13.999999989526911 
-3 -7 0 0.6808769844704764 12.561552724898752 
-3 -8 0 0.6808769843843928 12.561552812808824 
-3 -9 0 0.9429391324631791 8.04473322526339 
-3 -10 0 0.9429391324631817 8.044733225263064 
-3 -11 0 3.0 3.0 
-2 -11 0 3.0 3.0 
-3 -12 0 3.0 3.0 
-2 -12 0 3.0 3.0 
-4 -1 0 7.0 9.0 
-4 -2 0 6.999999999999999 9.0 
-4 -3 0 4.299671342790078 12.000000000000005 
-4 -4 0 4.299671342790078 12.0 
-4 -5 0 2.299671342839957 13.999999992256681 
-4 -6 0 2.2996713427977364 13.999999988317157 
-4 -7 0 1.753534296299267 12.561552812626537 
-4 -8 0 1.7535342965706586 12.561552812703185 
-4 -9 0 1.7535342959631082 8.561552812808829 
-4 -10 0 1.7535342959631095 8.561552812808833 
-4 -11 0 3.0 3.0 
-4 -12 0 2.9999999999999996 3.0 
-5 -3 0 10.0 10.0 
-5 -4 0 10.0 10.0 
-5 -5 0 6.438447187191171 12.0 
-5 -6 0 6.43844718719117 11.999999999999998 
-5 -7 0 4.438447187191169 12.56155281280883 
-5 -8 0 4.43844718719117 12.561552812808829 
-5 -9 0 3.0000000000000004 8.561552812808833 
-5 -10 0 3.0 8.561552812808833 
-5 -11 0 3.0 3.0 
-5 -12 0 3.0 3.0 
