0 2 1 1.9999999999999998 1.9999999999999998 
1 2 0 2.0 2.0 
0 1 1 2.0 2.0 
1 1 0 2.0 2.0 
0 0 2 1.9999999999999993 7.236067977499791 
1 0 0 2.7639320225002106 7.23606797749979 
0 -1 2 1.9999999999999984 7.236067977499788 
1 -1 0 2.7639320225002106 7.23606797749979 
0 -2 1 1.1715728752538102 8.000000000000002 
1 -2 0 6.0 6.0 
0 -3 1 1.1715728752538093 7.999999999999998 
1 -3 0 6.0 6.0 
-1 0 0 2.0 6.0 
-1 -1 0 1.9999999999999993 6.000000000000001 
-1 -2 0 1.1715728752538082 7.999999999999998 
-1 -3 0 1.1715728752538077 8.000000000000002 
-1 -4 0 1.9999999999999991 6.0 
0 -4 0 2.0 4.0 
-1 -5 0 1.9999999999999991 6.0 
0 -5 0 2.0 3.9999999999999996 
-2 0 0 2.0 4.0 
-2 -1 0 2.0000000000000004 4.0 
-2 -2 1 1.1715728752538106 8.000000000000002 
-2 -3 1 1.1715728752538102 8.0 
-2 -4 2 2.0000000000000018 7.236067977499789 
-2 -5 2 2.0 7.236067977499792 
-3 -2 0 6.0 6.0 
-3 -3 0 6.0 6.0 
-3 -4 0 2.76393202250021 7.236067977499789 
-3 -5 0 2.76393202250021 7.23606797749979 
-3 -6 0 2.0 2.0 
-2 -6 1 2.0 2.0 
-3 -7 0 2.0 2.0 
-2 -7 1 2.0 2.0 
