2 6 0 2.0 2.0 
3 6 0 2.0 2.0 
2 5 0 2.0 2.0 
3 5 0 2.0 2.0 
2 4 0 0.4882539606292258 7.464435358595399 
3 4 0 2.2471993349512824 7.464435358595401 
2 3 0 0.48825396062922577 7.4644353585954 
3 3 0 2.247199334951282 7.4644353585954 
2 2 0 0.5984332129126042 11.81700042707242 
3 2 0 3.420495906322107 11.817000427072456 
2 1 0 0.5984332129856762 11.81700042707241 
3 1 0 3.420495906322107 11.81700042707246 
2 0 0 1.1044489014312928 14.28276096742425 
3 0 0 5.015778384433928 13.505163868225091 
2 -1 0 1.104448901846441 14.28276085216823 
3 -1 0 5.015778384433934 13.505163868225091 
2 -2 0 2.525758412880697 13.685543923418887 
3 -2 0 7.346558743294321 12.375874637336148 
2 -3 0 2.5257584128775497 13.685543932523412 
3 -3 0 7.346558743294319 12.375874637336143 
2 -4 0 4.503909392162606 12.000000000000002 
3 -4 0 10.0 10.0 
2 -5 0 4.503909392162606 12.000000000000004 
3 -5 0 10.0 10.0 
1 6 0 2.0 2.0 
1 5 0 2.0 2.0 
1 4 0 0.4882539606292277 7.05633481298233 
1 3 0 0.48825396062922477 7.0563348129823265 
1 2 0 0.30105774993582285 11.784646966609888 
1 1 0 0.3010577499496224 11.7846469897307 
1 0 0 0.3720263554404642 14.282760877543334 
1 -1 0 0.37202635544046375 14.282760885612639 
1 -2 0 0.7326608432618417 15.076996141290454 
1 -3 0 0.7326608432618135 15.076996140295458 
1 -4 0 1.8372193852868866 13.021758990462729 
1 -5 0 1.8372193855365127 13.021759009351051 
1 -6 0 3.5916208978555755 10.999999999999996 
2 -6 0 7.0 9.0 
1 -7 0 3.5916208978555733 11.000000000000005 
2 -7 0 7.0 9.0 
0 4 0 2.4063116980685986 7.026638394638134 
0 3 0 2.406311698068599 7.026638394638133 
0 2 0 0.30105775001928853 10.568735641241338 
0 1 0 0.30105774993524975 10.56873564131825 
0 0 1 0.37202635544046514 14.264775829176902 
0 -1 1 0.372026355440462 14.264775959324442 
0 -2 1 0.609217227277214 15.56995471129033 
0 -3 1 0.6092172272562957 15.569954640245793 
0 -4 0 0.5756077842312617 14.999999254124848 
0 -5 0 0.5756077842303973 14.999999999970592 
0 -6 0 2.7621875710854584 11.614568339449194 
0 -7 0 2.762187571086162 11.61456833946376 
0 -8 0 5.0 8.0 
1 -8 0 6.0 6.0 
0 -9 0 5.000000000000001 8.0 
1 -9 0 6.0 6.0 
-1 4 0 4.0 4.0 
-1 3 0 4.0 4.0 
-1 2 0 1.998763954469918 10.270856790289868 
-1 1 0 1.998763954469999 10.270856790289875 
-1 0 0 0.48612432235323816 12.73353846255731 
-1 -1 0 0.4861243223532361 12.733538462775076 
-1 -2 0 0.3019538356938054 15.569954708442305 
-1 -3 0 0.3019538356939047 15.569954709473025 
-1 -4 0 0.37740880240259117 15.68109897968498 
-1 -5 0 0.3774088023236154 15.681099008001604 
-1 -6 0 0.8383835447902992 12.407415372442996 
-1 -7 0 0.8383835447891569 12.407415373068757 
-1 -8 0 2.008198670713677 8.697050022655144 
-1 -9 0 2.0081986707136767 8.697050022655137 
-2 2 0 4.518805695907984 8.170086486626033 
-2 1 0 4.518805695907985 8.170086486626033 
-2 0 0 2.288892627264245 11.999999675635816 
-2 -1 0 2.288892627264233 11.99999999999451 
-2 -2 0 0.30195383569397516 14.837084523610816 
-2 -3 0 0.3019538356938059 14.837084535587824 
-2 -4 1 0.37740880231322343 15.99999999252118 
-2 -5 1 0.377408802313221 15.99999999620663 
-2 -6 1 0.8021715568800568 14.03850428637634 
-2 -7 1 0.8021715568800633 14.038504304950584 
-2 -8 0 0.9266931522837285 10.246821449307898 
-2 -9 0 0.926693152283202 10.246821449307207 
-2 -10 0 4.0 4.0 
-1 -10 0 4.0 4.0 
-2 -11 0 4.0 4.0 
-1 -11 0 4.0 4.0 
-3 0 0 5.518805695907984 10.0 
-3 -1 0 5.518805695907985 10.0 
-3 -2 0 3.2517523237599986 12.99999999950939 
-3 -3 0 3.2517523237599866 12.999999995320065 
-3 -4 0 1.2328711427273593 15.999999998196323 
-3 -5 0 1.2328711427113166 15.999999998897376 
-3 -6 0 0.8021715568803394 15.047098557903158 
-3 -7 0 0.8021715568803185 15.047098557904489 
-3 -8 0 0.926693152283739 11.311689451079683 
-3 -9 0 0.9266931522845162 11.311689458285915 
-3 -10 0 4.0 4.0 
-3 -11 0 4.0 4.0 
-4 -2 0 7.0 11.0 
-4 -3 0 7.000000000000001 11.0 
-4 -4 0 4.658759189570094 13.999999999999998 
-4 -5 0 4.6587591895700955 14.0 
-4 -6 0 2.959422903518232 15.047098557919337 
-4 -7 0 2.9594228994612917 15.04709801138616 
-4 -8 0 2.3040746654857167 13.12310562561767 
-4 -9 0 2.3040746654857185 13.12310562561766 
-4 -10 0 4.0 4.0 
-4 -11 0 4.0 4.0 
-5 -4 0 12.0 12.0 
-5 -5 0 12.0 12.0 
-5 -6 0 6.535898384862245 13.464101615137755 
-5 -7 0 6.535898384862246 13.464101615137753 
-5 -8 0 4.876894374382339 13.123105625617661 
-5 -9 0 4.87689437438234 13.123105625617661 
-5 -10 0 4.0 4.0 
-5 -11 0 4.0 4.0 
