3 9 0 4.0 4.0 
4 9 0 4.0 4.0 
3 8 0 4.0 4.0 
4 8 0 4.0 4.0 
3 7 0 3.000000000000001 11.541381265149111 
4 7 0 4.999999999999999 11.541381265149111 
3 6 0 2.9999999999999973 11.54138126514911 
4 6 0 5.0 11.54138126514911 
3 5 0 3.000000000014735 12.999999999988349 
4 5 0 6.458618734850891 12.541381265149111 
3 4 0 3.000000000005777 12.999999999955449 
4 4 0 6.458618734850891 12.541381265149107 
3 3 0 4.458618734850888 14.000000000000005 
4 3 0 11.0 11.0 
3 2 0 4.45861873485089 14.000000000000005 
4 2 0 11.0 11.0 
2 9 0 4.0 4.0 
2 8 0 3.9999999999999996 4.0 
2 7 0 2.5071973685291287 11.541381265149106 
2 6 0 2.507197368529128 11.541381265149111 
2 5 0 1.766749959038726 12.99999999998513 
2 4 0 1.7667499590388072 12.9999992142708 
2 3 0 2.251684402846358 13.999999726386077 
2 2 0 2.251684401469824 13.999999834413064 
2 1 0 2.729849675595708 11.999999999943183 
3 1 0 8.0 10.000000000000002 
2 0 0 2.7298496755919883 11.999999999961771 
3 0 0 7.999999999999999 10.000000000000002 
1 9 0 4.0 4.0 
1 8 0 4.0 4.0 
1 7 0 1.000000000000036 10.29531328420443 
1 6 0 1.0000000000773934 10.295313284204443 
1 5 0 1.0000000001042821 12.999999999441085 
1 4 0 1.0000000015886492 12.999999999422359 
1 3 0 0.7667499590387319 13.999999989070472 
1 2 0 0.766749959039802 13.999999994966739 
1 1 0 0.7667499598876205 13.477677010055434 
1 0 0 0.7667499590649418 13.47767700967745 
1 -1 0 1.6820349073054988 9.999999999999902 
2 -1 0 6.0 8.0 
1 -2 0 1.6820349195086164 9.999999999999913 
2 -2 0 6.0 8.0 
0 9 0 4.0 4.0 
0 8 0 4.0 4.0 
0 7 0 0.9999999999999991 8.961909737745188 
0 6 0 0.9999999999999982 8.961909737745193 
0 5 1 1.000000000000003 12.4776769752243 
0 4 1 0.9999999999999971 12.457059684936395 
0 3 4 0.9999999999999992 13.477676981879235 
0 2 4 1.0 13.477676983823478 
0 1 6 1.6820349073055012 13.99999999923264 
0 0 6 1.6820349073054344 13.999999995359437 
0 -1 4 1.602741672054826 11.477676990295253 
0 -2 4 1.6027416720548215 11.477676926713356 
0 -3 1 1.5071973685291253 7.96190973774519 
1 -3 0 3.9999999999999996 6.0 
0 -4 1 1.5071973685291271 7.961909737745187 
1 -4 0 4.0 6.0 
-1 7 0 5.000000000000001 7.0 
-1 6 0 5.000000000000001 7.0 
-1 5 0 2.6820349079785353 10.999999672629043 
-1 4 0 2.682034907312315 11.000000000000005 
-1 3 0 1.6820349074746317 12.999999999981974 
-1 2 0 1.6820349073055019 12.99999999996037 
-1 1 0 0.7667499590467938 13.999999999482887 
-1 0 0 0.7667499590943059 13.99999999983852 
-1 -1 0 0.7667499590398448 12.541380922646976 
-1 -2 0 0.7667499594547699 12.54138123078843 
-1 -3 0 1.507197368529129 9.295313284204983 
-1 -4 0 1.5071973685291264 9.295313284205095 
-1 -5 0 3.0 3.0 
0 -5 0 3.0 3.0 
-1 -6 0 3.0 3.0 
0 -6 0 3.0 3.0 
-2 5 0 7.0 9.0 
-2 4 0 7.000000000000001 9.0 
-2 3 0 3.7298496755873214 13.000000000000002 
-2 2 0 3.7298496755873236 13.000000000000007 
-2 1 0 2.7298496969555908 13.999999999996483 
-2 0 0 2.729849675587323 13.999999999996582 
-2 -1 0 2.251684400960461 12.541381264839341 
-2 -2 0 2.25168440096046 12.541381264696053 
-2 -3 0 2.2516844009604586 10.54138126514911 
-2 -4 0 2.2516844009604604 10.541381265149107 
-2 -5 0 2.9999999999999996 3.0000000000000004 
-2 -6 0 3.0 3.0 
-3 3 0 10.0 10.0 
-3 2 0 10.0 10.0 
-3 1 0 5.45861873485089 11.541381265149106 
-3 0 0 5.45861873485089 11.541381265149106 
-3 -1 0 3.9999999999999996 12.541381265149107 
-3 -2 0 3.9999999999999987 12.54138126514911 
-3 -3 0 3.0 10.541381265149113 
-3 -4 0 3.000000000000001 10.541381265149113 
-3 -5 0 3.0 3.0 
-3 -6 0 3.0 3.0 
