5 15 0 1.0 1.0 
6 15 0 1.0 1.0 
5 14 0 1.0 1.0 
6 14 0 1.0 1.0 
5 13 1 1.3093651136187876 7.73843939244416 
6 13 0 1.309365113618787 7.73843939244416 
5 12 1 1.3093651136187876 7.7384393924441595 
6 12 0 1.3093651136187876 7.73843939244416 
5 11 1 0.8411983506078443 11.50856420142125 
6 11 0 2.5105103204700376 11.508564201423454 
5 10 1 0.8411983506078492 11.508564201421915 
6 10 0 2.510510320470037 11.508564201423452 
5 9 0 0.5667815119371337 13.674842021832836 
6 9 0 4.090083047510445 12.957316625036862 
5 8 0 0.5667815119887476 13.674842021828788 
6 8 0 4.090083047510442 12.957316625036858 
5 7 0 1.9416223268852977 13.348766613021388 
6 7 0 6.0 12.06643644028053 
5 6 0 1.9416223268804718 13.348766613401125 
6 6 0 5.999999999999999 12.06643644028053 
5 5 0 3.902222469904688 11.0 
6 5 0 9.0 9.0 
5 4 0 3.902222469904686 11.000000000000004 
6 4 0 9.0 9.0 
4 13 0 1.4714648618799566 7.644339039473698 
4 12 0 1.4714648618799568 7.644339039473701 
4 11 0 0.8411983506080808 11.460400044201249 
4 10 0 0.8411983506079128 11.460400046084713 
4 9 0 0.5667815117923356 13.809100840442614 
4 8 0 0.566781512068897 13.80910073246646 
4 7 0 1.6713393698604064 14.524608344836137 
4 6 0 1.6713393658090505 14.524607633130206 
4 5 0 3.5915551429706007 12.99999985346796 
4 4 0 3.5915551434166444 12.999999926751187 
4 3 0 7.0 9.0 
5 3 0 7.0 7.0 
4 2 0 6.999999999999998 9.0 
5 2 0 7.0 7.0 
3 13 0 3.0 3.0 
3 12 0 3.0 3.0 
3 11 0 0.9447895559997214 10.748826052792902 
3 10 0 0.9447895559997417 10.748825829983597 
3 9 3 1.4352480893198116 13.809100909008626 
3 8 3 1.3875739313441051 13.809100921971947 
3 7 3 1.1356051036735701 15.765645302629625 
3 6 3 1.1356051036735684 15.765957879956156 
3 5 0 0.7517460056494331 13.999999996632459 
3 4 0 0.751746005642145 13.999999999391031 
3 3 0 2.315699061280333 10.999999999999156 
3 2 0 2.315699061280333 10.999999999999734 
2 11 0 3.5372158157219826 8.616696499565517 
2 10 0 3.5372158157219826 8.616696499565515 
2 9 0 1.5159916051465638 12.840642033898526 
2 8 0 1.515991606299424 12.840642055405443 
2 7 0 0.7748474376798627 15.766022516784952 
2 6 0 0.7748474377130857 15.766022525588408 
2 5 0 0.7517460058910732 15.99999999269327 
2 4 0 0.7517460057438582 15.99999904211003 
2 3 0 2.105180216863696 12.591226859640189 
2 2 0 2.1051802122064682 12.591226670538733 
2 1 0 5.0 9.0 
3 1 0 5.0 5.0 
2 0 0 4.999999999999999 9.0 
3 0 0 5.0 5.0 
1 11 0 5.0 5.0 
1 10 0 5.0 5.0 
1 9 0 2.051472416998135 10.759660888116958 
1 8 0 2.0514724170006926 10.75966096860463 
1 7 0 0.7748474376792437 13.99999995512568 
1 6 0 0.7748474376792246 13.999999979496938 
1 5 3 1.4621331194068914 15.999999955739561 
1 4 3 1.1634687596550843 15.9999999538442 
1 3 3 1.5224644537510488 13.999999989770991 
1 2 3 1.5224644537510519 13.999999981617748 
1 1 0 1.2100227047619416 9.576599676558525 
1 0 0 1.2100227047619432 9.576599676558528 
0 9 0 5.585786437626906 8.414213562373096 
0 8 0 5.585786437626905 8.414213562373096 
0 7 0 2.61515153846572 11.999999999999991 
0 6 0 2.615151538465722 11.99999999999999 
0 5 0 1.5677882991285086 15.999999999291186 
0 4 0 1.5677882999832253 15.99999999987147 
0 3 0 0.6632155050969856 15.03812147601839 
0 2 0 0.6632155051026679 15.038121476013501 
0 1 0 1.0303482361705507 10.280944947352625 
0 0 0 1.0303482361705492 10.28094494735263 
0 -1 0 3.0 3.0 
1 -1 0 3.0 3.0 
0 -2 0 2.9999999999999996 3.0 
1 -2 0 3.0 3.0 
-1 7 0 5.267949192431123 10.0 
-1 6 0 5.267949192431122 10.0 
-1 5 0 2.2193725205300696 14.00000000000001 
-1 4 0 2.219372520530071 14.0 
-1 3 0 0.6632155050902993 15.038121476020944 
-1 2 0 0.6632155050991249 15.038120736180693 
-1 1 1 1.030348236170548 11.464101615137753 
-1 0 1 1.030348236170549 11.464101615137752 
-1 -1 1 3.0 4.000000000000001 
-1 -2 1 3.0 4.0 
-2 5 0 12.0 12.0 
-2 4 0 12.0 12.0 
-2 3 0 7.037611391815968 14.340172973252068 
-2 2 0 7.037611391815968 14.340172973252066 
-2 1 0 4.535898384862246 11.464101615137753 
-2 0 0 4.535898384862245 11.464101615137755 
-2 -1 0 4.0 4.0 
-2 -2 0 4.0 4.0 
