2 4 0 1.9999999999999998 5.0 
3 4 0 5.0 5.0 
2 3 0 1.999999999999999 5.0 
3 3 0 5.0 5.0 
2 2 0 2.9348173810997564 13.854101966249683 
3 2 0 7.145898033750315 13.854101966249685 
2 1 0 2.934817381099753 13.854101966249678 
3 1 0 7.145898033750317 13.854101966249685 
2 0 0 3.4648832937626715 16.0 
3 0 0 13.0 13.0 
2 -1 0 3.4648832937626715 16.000000000000004 
3 -1 0 13.0 13.0 
1 4 0 1.9999999999999998 5.000000000000001 
1 3 0 1.9999999999999991 5.0 
1 2 0 1.2375389744570828 12.917367602707332 
1 1 0 1.2375389744546452 12.917367602736045 
1 0 0 1.4842898202483057 15.999999999680517 
1 -1 0 1.48428982044954 15.999999106323074 
1 -2 0 2.3977663208582007 13.999999999402714 
2 -2 0 6.875114580235426 11.76155718183189 
1 -3 0 2.397766311640508 13.99999999658449 
2 -3 0 6.875114580235426 11.76155718183189 
0 4 0 2.0000000000000004 5.0 
0 3 0 1.9999999999999998 5.000000000000001 
0 2 1 1.2375389744544998 11.524926055534632 
0 1 1 1.2375389744544973 11.524926075185832 
0 0 1 0.40314083445534304 15.30880623226311 
0 -1 1 0.4031408344553439 15.308794931545615 
0 -2 0 0.19551098824541394 15.771332452726595 
0 -3 0 0.19551098824482294 15.77133290909181 
0 -4 0 1.2515849909899754 12.660202140418132 
1 -4 0 4.875114580235426 9.999999999999998 
0 -5 0 1.251584990989972 12.660202131311234 
1 -5 0 4.875114580235426 10.000000000000004 
-1 4 0 4.0 4.0 
-1 3 0 4.0 4.0 
-1 2 0 1.8252007374414634 10.069382381464738 
-1 1 0 1.8252007374414623 10.069382381464749 
-1 0 0 0.40314083446094623 13.69557779874984 
-1 -1 0 0.403140834485272 13.69557778329236 
-1 -2 0 0.195510988245409 15.999999995678658 
-1 -3 0 0.19551098824640198 15.999999901953023 
-1 -4 0 0.4905281342975367 13.873784879005212 
-1 -5 0 0.4905281342734658 13.873785312654139 
-1 -6 0 1.3169383797204974 10.999999999999998 
0 -6 0 3.585786437626904 8.0 
-1 -7 0 1.3169383798564043 10.999999731548561 
0 -7 0 3.585786437626905 8.0 
-2 2 0 4.0 8.0 
-2 1 0 4.0 8.0 
-2 0 0 1.8753744362100737 11.999999990689417 
-2 -1 0 1.8753744361273934 11.999999994540335 
-2 -2 0 0.5337584637777097 15.99999999946905 
-2 -3 0 0.5337584637777879 15.999999997751154 
-2 -4 0 0.49052813428054093 15.405470983904312 
-2 -5 0 0.49052813430364817 15.405471069281809 
-2 -6 0 0.5913369247183701 12.200061386596007 
-2 -7 0 0.5913369247184829 12.200061386597794 
-2 -8 0 1.5857864376269069 8.672823701000947 
-1 -8 0 4.0 4.0 
-2 -9 0 1.5857864376269037 8.672823701000945 
-1 -9 0 4.0 4.0 
-3 2 0 6.0 6.0 
-3 1 0 6.0 6.0 
-3 0 0 3.0227020482630085 10.104415253611483 
-3 -1 0 3.0227020482630085 10.104415253611478 
-3 -2 0 1.3967972796954695 13.99999999983312 
-3 -3 0 1.3967972797145711 13.999999998778959 
-3 -4 0 0.9160354604364287 15.405471067330007 
-3 -5 0 0.9160354604362935 15.40547106926943 
-3 -6 0 0.5913369247197034 12.519870123400702 
-3 -7 0 0.5913369248093522 12.51987090836776 
-3 -8 0 1.011219305062579 9.144459283418753 
-3 -9 0 1.0112193050625766 9.14445928341876 
-4 0 0 8.0 8.0 
-4 -1 0 8.0 8.0 
-4 -2 0 4.552544419378162 12.0 
-4 -3 0 4.552544419378161 12.000000000000002 
-4 -4 0 2.44729206874776 14.301469754735422 
-4 -5 0 2.4472920692314384 14.301469755976187 
-4 -6 0 1.1456078964261314 12.519870831286816 
-4 -7 0 1.1456078965004457 12.519870905805025 
-4 -8 0 1.0112193050625793 9.353855785430827 
-4 -9 0 1.0112193050625775 9.353855785430826 
-4 -10 0 2.0 2.0 
-3 -10 0 2.0 2.0 
-4 -11 0 2.0 2.0 
-3 -11 0 2.0 2.0 
-5 -2 0 10.0 10.0 
-5 -3 0 10.0 10.0 
-5 -4 0 6.8261076509709895 13.0431298001407 
-5 -5 0 6.8261076509709895 13.043129800140699 
-5 -6 0 4.957158558066122 12.279292955855638 
-5 -7 0 4.957158558066125 12.279292955855636 
-5 -8 0 3.0 9.353855785430829 
-5 -9 0 2.9999999999999996 9.353855785430829 
-5 -10 0 2.0 2.0 
-5 -11 0 2.0 2.0 
