3 9 0 0.518805695907984 4.999999999999998 
4 9 0 5.0 5.0 
3 8 0 0.5188056959079839 4.999999999999999 
4 8 0 5.0 5.0 
3 7 0 1.054288295125347 11.192582403567249 
4 7 0 5.807417596432749 11.19258240356725 
3 6 0 1.0542882951253465 11.192582403567249 
4 6 0 5.807417596432748 11.192582403567252 
3 5 0 1.7821711606401354 11.650500850949456 
4 5 0 11.0 11.0 
3 4 0 1.782171160640136 11.650500850949458 
4 4 0 11.0 11.0 
2 9 0 0.5188056959079845 4.170086486626033 
2 8 0 0.5188056959079849 4.170086486626034 
2 7 1 1.0542882951253472 10.370360553970885 
2 6 1 1.054288295125347 10.370360546562726 
2 5 1 0.918124392450921 11.806356867868546 
2 4 1 0.9181243924509193 11.806356836385719 
2 3 0 0.7571419460880077 10.999999999999993 
3 3 0 2.9193955994290732 8.80978592012742 
2 2 0 0.7571419461880715 10.999999858558233 
3 2 0 2.9193955994290732 8.80978592012742 
1 9 0 3.0 3.0 
1 8 0 3.0 3.0 
1 7 0 1.3079055645103599 8.52527326497029 
1 6 0 1.3079055645103592 8.525273264970291 
1 5 0 0.565535077808863 11.806356871164152 
1 4 0 0.5655350778212932 11.806356871341519 
1 3 0 0.7571419460964726 11.675584455676587 
1 2 0 0.7571419468756068 11.675584455249531 
1 1 0 1.4568853657967435 8.739941454760652 
2 1 0 2.201980829452243 6.450296206346291 
1 0 0 1.4568853657967413 8.739941454760656 
2 0 0 2.2019808294522436 6.450296206346291 
0 7 0 2.5857864376269037 7.0 
0 6 0 2.585786437626905 7.0 
0 5 0 0.5655350778088728 10.771679989988405 
0 4 0 0.565535077808767 10.771679988703509 
0 3 1 0.8988191076967107 11.999999991838308 
0 2 1 0.8988191076967084 11.999999999214339 
0 1 1 1.0978642554777835 10.05240955559735 
0 0 1 1.0978642554777844 10.05240955560594 
0 -1 0 0.9999999999999998 4.0 
1 -1 0 3.0 3.0 
0 -2 0 1.0000000000000004 4.0 
1 -2 0 3.0 3.0 
-1 5 0 3.875114580235425 8.76155718183189 
-1 4 0 3.8751145802354254 8.761557181831892 
-1 3 0 1.8471544047932607 12.000000000000005 
-1 2 0 1.8471544047932569 11.999999999999996 
-1 1 0 1.0978642554777855 10.828427124746188 
-1 0 0 1.0978642554777809 10.82842712474619 
-1 -1 0 0.9999999999999999 4.0 
-1 -2 0 1.0 4.0 
-2 3 0 10.0 10.0 
-2 2 0 10.0 10.0 
-2 1 0 5.17157287525381 10.82842712474619 
-2 0 0 5.17157287525381 10.82842712474619 
-2 -1 0 4.0 4.0 
-2 -2 0 4.0 4.0 
