6 16 0 3.0 5.0 
7 16 0 5.0 5.0 
6 15 0 3.0000000000000004 5.000000000000001 
7 15 0 5.0 5.0 
6 14 0 3.1822993604780363 13.503307634654938 
7 14 0 6.111763991156589 13.503307634654979 
6 13 0 3.182299360479362 13.503307634654963 
7 13 0 6.111763991156589 13.50330763465498 
6 12 0 3.9453379462289115 16.66638695192301 
7 12 0 8.916127640564394 15.297070544363276 
6 11 0 3.945337937099979 16.66638719157017 
7 11 0 8.91612764056439 15.297070544363276 
6 10 0 5.584574982069648 15.99999999994797 
7 10 0 14.0 14.0 
6 9 0 5.584574982069647 15.999999999243732 
7 9 0 14.0 14.0 
5 16 0 3.0 5.0 
5 15 0 2.9999999999999996 5.0 
5 14 0 1.3190914186786984 13.01252606737653 
5 13 0 1.3190914186786973 13.012526067376616 
5 12 0 1.5594547458279289 16.66638702398131 
5 11 0 1.5594547450331249 16.666387179392657 
5 10 0 2.252349503942642 17.999999991918756 
5 9 0 2.252349504714942 17.999999999752447 
5 8 0 3.9372237190561523 14.999999999856806 
6 8 0 9.267949192431123 12.999999999999998 
5 7 0 3.937223719056159 14.999999855954783 
6 7 0 9.26794919243112 13.0 
4 16 0 3.0 5.0 
4 15 0 3.0 5.0 
4 14 0 1.3190914186788192 12.96141125219548 
4 13 0 1.3190914186787586 12.96141125132738 
4 12 0 0.3190343305048979 15.864112512506985 
4 11 0 0.3190343303637294 15.864112671829837 
4 10 0 0.5581219077303077 17.999999921130513 
4 9 0 0.5581219077288557 17.999999989186588 
4 8 0 0.9497883525012107 16.77352065955456 
4 7 0 0.9497883525017115 16.7735213825353 
4 6 0 2.615163996909278 13.742303182001944 
5 6 0 6.267949192431123 11.732050807568879 
4 5 0 2.6151639969093123 13.742303181679697 
5 5 0 6.2679491924311215 11.732050807568875 
3 16 0 2.9999999999999996 5.0 
3 15 0 3.0 5.0 
3 14 0 1.3462629913821758 12.142279169057808 
3 13 0 1.3462629913844957 12.142279169058138 
3 12 0 0.31903433042878204 14.460388794218833 
3 11 0 0.319034330371379 14.460388510812574 
3 10 1 0.5038472511421762 17.44700100905482 
3 9 1 0.503847251142178 17.44700098434561 
3 8 0 0.23060103738972026 17.999999448785093 
3 7 0 0.2306010373888494 17.999999998989637 
3 6 0 0.8522291817085519 14.683412742639975 
3 5 0 0.8522291817110446 14.683413398175883 
3 4 0 2.039532010501891 11.571932338226679 
4 4 0 5.000000000000001 8.999999999999998 
3 3 0 2.039532010609024 11.571932335423812 
4 3 0 4.999999999999998 8.999999999999998 
2 14 0 3.352380393102732 10.012921958163208 
2 13 0 3.352380393102733 10.012921958163208 
2 12 0 1.4897327371688038 13.601531009926935 
2 11 0 1.4897327372572757 13.601531009825933 
2 10 0 0.5038472511423151 16.75273021065093 
2 9 0 0.5038472511422876 16.75273058433869 
2 8 0 0.23060103738827195 17.99999996392608 
2 7 0 0.23060103740927118 17.999999643496825 
2 6 1 0.8522291945358293 16.774751320075282 
2 5 1 0.8522291817084583 16.77475126744234 
2 4 0 1.3184061457287644 13.103067722921358 
2 3 0 1.3184061457778693 13.103067912678199 
2 2 0 2.8636710639885132 8.5719323383092 
3 2 0 3.9999999999999996 6.0 
2 1 0 2.8636710639885132 8.571932338309203 
3 1 0 3.9999999999999996 5.999999999999999 
1 14 0 6.0 6.0 
1 13 0 6.0 6.0 
1 12 0 3.398361868272137 12.636665208514529 
1 11 0 3.39836186827118 12.636665208583437 
1 10 0 1.7885963607872273 14.897007409676565 
1 9 0 1.7885963607750546 14.897007462227648 
1 8 0 0.9345847309840349 17.732971310572264 
1 7 0 0.9345847309779678 17.732971310674515 
1 6 0 0.38257646620176516 17.282927461264087 
1 5 0 0.38257646621503116 17.282927986087 
1 4 0 0.6078886228892411 14.149538606894506 
1 3 0 0.6078886221586127 14.149538601952019 
1 2 0 1.6960032581815743 10.150678831250335 
1 1 0 1.6960032581815538 10.15067883125033 
0 12 0 6.585786437626904 9.414213562373094 
0 11 0 6.585786437626905 9.414213562373094 
0 10 0 3.6221582697036023 13.999999999992662 
0 9 0 3.622158269698776 13.999999999999803 
0 8 0 1.2487176750472677 16.99999999852231 
0 7 0 1.2487176731047211 16.99999999837011 
0 6 0 0.3825764662653947 17.282928015985306 
0 5 0 0.38257646623485936 17.282927089690414 
0 4 1 0.6078886221585847 15.981074022082796 
0 3 1 0.6078886221585862 15.98107385148754 
0 2 1 1.6174231991364123 11.502374999473703 
0 1 1 1.61742319913788 11.502374999473782 
0 0 0 2.9999999999999996 3.0 
1 0 0 3.0 3.0 
0 -1 0 3.0 3.0000000000000004 
1 -1 0 3.0 3.0 
-1 10 0 8.0 11.0 
-1 9 0 8.0 11.000000000000002 
-1 8 0 4.89794254136035 15.0 
-1 7 0 4.897942541360346 15.00000000000001 
-1 6 0 3.3620000654263458 16.28417219159384 
-1 5 0 3.3620000654262916 16.284171970083626 
-1 4 0 2.1701615429103325 15.981073635901025 
-1 3 0 2.170161542910338 15.98107384039727 
-1 2 0 1.6174231991364043 13.021374577922874 
-1 1 0 1.617423199136407 13.02137457792287 
-1 0 0 3.0 3.0 
-1 -1 0 3.0 3.0 
-2 8 0 12.0 12.0 
-2 7 0 12.0 12.0 
-2 6 0 6.554858571183872 14.600260129717718 
-2 5 0 6.55485857118387 14.600260129717718 
-2 4 0 4.4651492969363575 14.646117620301073 
-2 3 0 4.465149296936359 14.646117620301078 
-2 2 0 3.4346758160100697 13.02137457792287 
-2 1 0 3.4346758160100697 13.021374577922868 
-2 0 0 3.0 3.0 
-2 -1 0 3.0 3.0 
