1 5 0 2.0 2.0 
2 5 0 2.0 2.0 
1 4 0 2.0 2.0 
2 4 0 2.0 2.0 
1 3 0 1.267949192431124 7.0 
2 3 0 2.9999999999999996 7.0 
1 2 0 1.267949192431123 7.000000000000001 
2 2 0 3.0 7.0 
1 1 0 1.6277186767309855 8.0 
2 1 0 6.0 6.0 
1 0 0 1.6277186767309844 7.999999999999999 
2 0 0 6.0 6.0 
0 5 0 2.0 2.0 
0 4 0 2.0 2.0 
0 3 1 1.267949192431123 5.999999999999998 
0 2 1 1.2679491924311224 5.999999999999999 
0 1 2 1.6277186767309832 8.000000000000002 
0 0 2 1.6277186767309848 8.000000000000002 
0 -1 1 1.267949192431122 6.000000000000001 
1 -1 0 4.0 4.0 
0 -2 1 1.2679491924311224 6.0 
1 -2 0 4.0 4.0 
-1 3 0 4.0 4.0 
-1 2 0 3.9999999999999996 4.0 
-1 1 0 1.6277186767309864 7.999999999999997 
-1 0 0 1.6277186767309846 8.000000000000002 
-1 -1 0 1.2679491924311228 6.999999999999998 
-1 -2 0 1.267949192431123 7.000000000000001 
-1 -3 0 2.0 2.0 
0 -3 0 2.0 2.0 
-1 -4 0 2.0 2.0 
0 -4 0 2.0 2.0 
-2 1 0 6.0 6.0 
-2 0 0 6.0 6.0 
-2 -1 0 3.0 7.0 
-2 -2 0 3.0000000000000004 7.0 
-2 -3 0 2.0 2.0 
-2 -4 0 2.0 2.0 
