5 15 1 1.9999999999999998 1.9999999999999998 
6 15 0 2.0 2.0 
5 14 1 2.0 2.0 
6 14 0 2.0 2.0 
5 13 0 0.466897065267183 9.464101615137752 
6 13 0 2.535898384862245 9.464101615137757 
5 12 0 0.46689706526718183 9.464101615137755 
6 12 0 2.535898384862245 9.464101615137753 
5 11 0 0.7326120907444945 11.396805753218686 
6 11 0 3.9999999999999996 10.0 
5 10 0 0.7326120907444911 11.396805753218695 
6 10 0 4.0 9.999999999999996 
5 9 0 2.0600916188492913 10.0 
6 9 0 8.0 8.0 
5 8 0 2.060091618849291 10.0 
6 8 0 8.0 8.0 
4 13 0 0.4668970652671841 7.2298475758358505 
4 12 0 0.46689706526718333 7.229847575835852 
4 11 1 0.7326120907444952 11.396805751528372 
4 10 1 0.7326120907444927 11.396805752987802 
4 9 0 1.005519647501745 11.999999995553798 
4 8 0 1.0055196475019763 11.999999999405281 
4 7 0 2.875114580235426 7.761557181831892 
5 7 0 3.9999999999999996 6.0 
4 6 0 2.8751145802354237 7.761557181831892 
5 6 0 3.9999999999999996 6.0 
3 13 0 3.0000000000000004 3.0000000000000004 
3 12 0 3.0 3.0 
3 11 1 0.8152676289579457 10.0 
3 10 1 0.8152676289579464 10.000000000000004 
3 9 0 1.0055196475175607 11.999999993970047 
3 8 0 1.0055196475017294 11.999999999444842 
3 7 0 0.5535339031406938 9.609418235023973 
3 6 0 0.5535339031406914 9.60941823502408 
2 11 0 3.9999999999999987 7.0 
2 10 0 3.999999999999999 7.0 
2 9 0 1.0598892849675883 12.000000000000004 
2 8 0 1.0598892849675843 12.0 
2 7 1 0.5535339031406928 12.000000000000004 
2 6 1 0.5535339031406932 12.0 
2 5 0 3.0 3.0 
3 5 0 3.0 3.0 
2 4 0 2.9999999999999996 3.0 
3 4 0 3.0 3.0 
1 9 0 5.999999999999999 9.000000000000004 
1 8 0 6.0 9.0 
1 7 0 1.7573593128807166 12.0 
1 6 0 1.7573593128807148 12.000000000000002 
1 5 0 2.999999999999999 9.000000000000002 
1 4 0 2.9999999999999996 9.0 
0 9 0 6.0 6.0 
0 8 0 6.0 6.0 
0 7 0 1.7573593128807128 10.242640687119284 
0 6 0 1.757359312880715 10.242640687119286 
0 5 1 3.0 9.0 
0 4 1 2.9999999999999996 9.000000000000004 
