3 9 0 3.0 3.0 
4 9 0 3.0 3.0 
3 8 0 3.0 3.0 
4 8 0 3.0 3.0 
3 7 0 1.7046476805785136 9.959341441174162 
4 7 0 4.570826270162866 9.959341441174162 
3 6 0 1.7046476805785142 9.959341441174155 
4 6 0 4.570826270162866 9.95934144117416 
3 5 0 2.137056909866351 13.022917265238489 
4 5 0 6.428798577451878 11.714478744387764 
3 4 0 2.137056909866291 13.022917258571901 
4 4 0 6.428798577451878 11.714478744387764 
3 3 0 3.9956823441152514 11.999999999999993 
4 3 0 10.0 10.0 
3 2 0 3.995682344115252 12.0 
4 2 0 10.0 10.0 
2 9 0 3.0 3.0 
2 8 0 3.0 3.0 
2 7 0 0.9343351628209008 9.025305342805614 
2 6 0 0.9343351628213151 9.02530534280669 
2 5 0 0.7154753653752907 13.022917273457855 
2 4 0 0.7154753653794852 13.022917273459733 
2 3 0 0.9582525238247718 13.99999976697908 
2 2 0 0.9582525238247348 13.999999962716178 
2 1 0 2.7131598094541616 10.690353372516993 
3 1 0 7.0 9.0 
2 0 0 2.713159809453896 10.690353465489324 
3 0 0 7.0 9.000000000000002 
1 9 0 3.0 3.0 
1 8 0 3.0 3.0 
1 7 0 0.9343351628208945 7.98822948163213 
1 6 0 0.934335162820896 7.988229481632126 
1 5 0 0.3431088828323971 11.551501085335362 
1 4 0 0.34310888283288876 11.551501356265673 
1 3 0 0.3322408659972709 13.999999997510914 
1 2 0 0.33224086599726926 13.999999999311443 
1 1 0 0.49034219102637233 11.87681423306967 
1 0 0 0.49034219112941807 11.876814071462345 
1 -1 0 1.9444332449993447 8.867909723940235 
2 -1 0 5.0 7.0 
1 -2 0 1.9444332449993436 8.867909723940238 
2 -2 0 5.0 7.0 
0 7 0 3.585786437626905 6.414213562373096 
0 6 0 3.585786437626905 6.414213562373096 
0 5 0 0.34310888283238933 10.083628444325894 
0 4 0 0.3431088828324211 10.083628438636502 
0 3 1 0.33224086599726654 13.672702585572518 
0 2 1 0.33224086599726654 13.672702866852877 
0 1 2 0.4903421907596272 13.464885252710426 
0 0 2 0.49034219075962426 13.464885264242511 
0 -1 1 1.3620192420129897 9.73542545092207 
0 -2 1 1.3620192420129835 9.735425575951007 
0 -3 0 4.0 4.0 
1 -3 0 4.0 4.0 
0 -4 0 4.0 4.0 
1 -4 0 4.0 4.0 
-1 5 0 4.999999999999999 8.414213562373096 
-1 4 0 5.0 8.414213562373094 
-1 3 0 1.8928476913613215 11.999999999974664 
-1 2 0 1.892847691361139 11.999999996452294 
-1 1 0 1.0741211915795639 13.99999999992449 
-1 0 0 1.0741211915795263 13.99999999998708 
-1 -1 0 1.3620192420340693 11.061380718954823 
-1 -2 0 1.3620192428893607 11.061380722083582 
-1 -3 0 4.0 4.0 
-1 -4 0 4.0 4.0 
-2 3 0 7.000000000000001 10.0 
-2 2 0 6.999999999999999 10.0 
-2 1 0 3.6477533584147412 13.999999999999998 
-2 0 0 3.647753358414742 14.000000000000002 
-2 -1 0 2.7026342789465274 12.162277660168378 
-2 -2 0 2.7026342789465305 12.16227766016838 
-2 -3 0 4.0 4.0 
-2 -4 0 4.0 4.0 
-3 1 0 11.0 11.0 
-3 0 0 11.0 11.0 
-3 -1 0 5.837722339831619 12.16227766016838 
-3 -2 0 5.837722339831619 12.16227766016838 
-3 -3 0 4.0 4.0 
-3 -4 0 4.0 4.0 
