1 3 0 2.9999999999999996 5.0 
2 3 0 5.0 5.0 
1 2 0 2.9999999999999996 5.0 
2 2 0 5.0 5.0 
1 1 0 2.763932022500211 8.0 
2 1 0 6.999999999999999 8.0 
1 0 0 2.7639320225002093 8.000000000000002 
2 0 0 7.0 8.0 
1 -1 0 3.0 10.0 
2 -1 0 10.0 10.0 
1 -2 0 2.9999999999999982 10.0 
2 -2 0 10.0 10.0 
0 3 0 1.0000000000000002 5.0 
0 2 0 0.9999999999999999 5.0 
0 1 0 0.76393202250021 7.999999999999999 
0 0 0 0.7639320225002091 8.0 
0 -1 0 0.7639320226226333 9.999999999999993 
0 -2 0 0.7639320225765672 9.999999999999961 
0 -3 0 0.7639320225002108 9.414213562373094 
1 -3 0 5.267949192431122 8.732050807568875 
0 -4 0 0.7639320225002103 9.414213562373096 
1 -4 0 5.2679491924311215 8.732050807568879 
-1 3 0 1.0 5.0 
-1 2 0 0.9999999999999999 5.0 
-1 1 1 0.7639320225002095 7.561552812808831 
-1 0 1 0.7639320225002112 7.561552812808829 
-1 -1 4 0.7639320225002109 9.999999999985379 
-1 -2 4 0.9999999999999988 9.999999999929907 
-1 -3 6 2.7639320224776105 9.414213562373085 
-1 -4 6 2.763932022466163 9.414213562373076 
-1 -5 4 1.267949192431123 7.414213562373096 
0 -5 0 1.2679491924311233 6.732050807568878 
-1 -6 4 1.2679491924311241 7.414213562373098 
0 -6 0 1.2679491924311233 6.732050807568877 
-2 1 0 4.999999999999999 7.000000000000001 
-2 0 0 4.999999999999999 7.0 
-2 -1 0 2.585786437626907 9.561552812808827 
-2 -2 0 2.5857864376269064 9.561552812808829 
-2 -3 0 1.9999999999999962 9.414213562373098 
-2 -4 0 2.0 9.414213562373096 
-2 -5 0 1.9999999999999996 7.414213562373095 
-2 -6 0 1.999999999999999 7.414213562373097 
-2 -7 0 2.0 4.0 
-1 -7 1 2.0 4.0 
-2 -8 0 1.9999999999999998 4.0 
-1 -8 1 1.9999999999999998 4.0 
-3 -1 0 9.0 9.0 
-3 -2 0 9.0 9.0 
-3 -3 0 6.585786437626905 9.414213562373094 
-3 -4 0 6.585786437626905 9.414213562373096 
-3 -5 0 4.585786437626905 7.414213562373095 
-3 -6 0 4.585786437626904 7.414213562373095 
-3 -7 0 4.0 4.0 
-3 -8 0 4.0 4.0 
