6 18 0 2.0 2.0 
7 18 0 2.0 2.0 
6 17 0 2.0 2.0 
7 17 0 2.0 2.0 
6 16 0 0.9835215949183607 8.402290553272719 
7 16 0 2.489650717539253 8.402290553272724 
6 15 0 0.9835215949183582 8.40229055327272 
7 15 0 2.489650717539253 8.402290553272717 
6 14 0 1.1146976637518275 12.350327641663137 
7 14 0 3.2737023327901325 12.35032764166392 
6 13 0 1.1146976637519248 12.35032764166391 
7 13 0 3.273702332790134 12.350327641663926 
6 12 0 1.671011433923118 14.248652427983567 
7 12 0 4.410410059664457 14.181684324970023 
6 11 0 1.6710114339230924 14.248652422301273 
7 11 0 4.410410059664457 14.181684324970023 
6 10 0 2.657890405233138 15.181513088093487 
7 10 0 5.8362295062739955 14.286225461936894 
6 9 0 2.6578904004048174 15.18151306217137 
7 9 0 5.836229506273996 14.286225461936894 
6 8 0 4.115128763451711 14.533872106047408 
7 8 0 7.956692823909355 13.160298497627315 
6 7 0 4.115128754507416 14.533872106752913 
7 7 0 7.956692823909356 13.160298497627313 
6 6 0 5.932633885955687 13.000000000000002 
7 6 0 11.0 11.0 
6 5 0 5.932633885955688 13.000000000000005 
7 5 0 11.0 11.0 
5 18 0 2.0 2.0 
5 17 0 2.0 2.0 
5 16 0 0.9835215949183607 8.390112791841773 
5 15 0 0.9835215949183683 8.39011279184177 
5 14 0 0.40036263178125175 12.291790806428677 
5 13 0 0.40036263175635767 12.291790835460382 
5 12 0 0.4980972256244951 14.248652427961165 
5 11 0 0.49809722629512326 14.24865229290592 
5 10 0 1.084721524032227 15.641266646859556 
5 9 0 1.0847215240662786 15.64126679144232 
5 8 0 2.1285692332001878 15.301661650744814 
5 7 0 2.1285692331839616 15.30166215544662 
5 6 0 3.428496860792847 13.814511373668664 
5 5 0 3.428496860792956 13.814511374655222 
5 4 0 5.0445368944034605 11.0 
6 4 0 9.0 9.0 
5 3 0 5.044536894403458 10.999999999999998 
6 3 0 9.0 9.0 
4 16 0 1.4028761151510336 6.470506354904093 
4 15 0 1.4028761151510336 6.470506354904092 
4 14 0 0.4003626317563467 11.356176920105607 
4 13 0 0.4003626317570422 11.356176895062003 
4 12 1 0.33636803949344907 14.206777266307974 
4 11 1 0.33636803949345234 14.20677730867845 
4 10 1 0.6984795551594556 15.64126583130666 
4 9 1 0.698479555159456 15.641266418665106 
4 8 0 0.48979607470739933 16.37524792185913 
4 7 0 0.4897960746096583 16.375248142513932 
4 6 0 1.5396653797520587 14.50717785050341 
4 5 0 1.5396653797520696 14.522295836618664 
4 4 0 3.112472460835592 11.802969766644674 
4 3 0 3.1124724608666274 11.802969806764292 
4 2 0 5.0 8.000000000000002 
5 2 0 7.0 7.0 
4 1 0 5.0 8.0 
5 1 0 7.0 7.0 
3 14 0 1.6327310165704463 9.38328611280418 
3 13 0 1.6327310165705846 9.383286113690847 
3 12 0 0.33636803950104754 13.461030016061496 
3 11 0 0.3363680394949107 13.461030003851809 
3 10 1 0.6984795551594604 15.628666159726588 
3 9 1 0.6984795551594563 15.628667744534651 
3 8 0 0.3066563436962614 17.549791086504975 
3 7 0 0.30665634372362555 17.54980201781245 
3 6 0 1.345038598878212 15.999999991240523 
3 5 0 1.3450385991397307 15.999999998943814 
3 4 0 2.897233529670993 13.07799898891765 
3 3 0 2.8972335297457965 13.077999496472907 
3 2 0 4.999999999999999 8.0 
3 1 0 4.999999999999999 8.000000000000002 
2 12 0 2.1022025627606546 11.705432809132407 
2 11 0 2.1022025627672014 11.705432808252848 
2 10 0 1.1605314690356017 14.797781199313288 
2 9 0 1.1605314690089477 14.79778140445251 
2 8 0 0.3066563437000916 17.549801400350567 
2 7 0 0.30665634369656447 17.549801330139605 
2 6 1 1.1943836363271665 17.99999999993252 
2 5 1 1.194383636327153 17.999999999649038 
2 4 0 2.446354493617004 14.575093474580658 
2 3 0 2.4463544708757494 14.575093476912112 
2 2 0 4.999999999999999 8.0 
2 1 0 4.999999999999999 8.000000000000002 
1 10 0 2.9899877182882157 13.803162377438516 
1 9 0 2.98998771864913 13.803162377451093 
1 8 0 0.8593687052017832 15.9143263418265 
1 7 0 0.85936870579324 15.914326102056016 
1 6 0 0.44699806126413083 17.999999314507235 
1 5 0 0.4469980612450569 17.999999883359855 
1 4 0 0.5435699372928208 15.346420683373596 
1 3 0 0.5435699372928251 15.346423733004944 
1 2 0 2.0 8.000000000000004 
1 1 0 2.0 8.000000000000002 
0 8 0 3.0430412811729237 14.999999999766706 
0 7 0 3.0430412811729055 14.999999999964935 
0 6 0 0.44699806131837816 17.79301276040749 
0 5 0 0.4469980613134731 17.792982489469573 
0 4 1 0.5435699372928282 16.76548469658344 
0 3 1 0.5435699372928254 16.765484935698492 
0 2 1 2.0 9.000000000000004 
0 1 1 2.0 8.999999999999998 
-1 6 0 6.1970916542812216 16.000000000000004 
-1 5 0 6.197091654281223 16.0 
-1 4 0 3.673750463438463 17.999999999999993 
-1 3 0 3.673750463438467 18.000000000000004 
-1 2 0 3.0 9.000000000000004 
-1 1 0 3.0000000000000018 9.0 
-2 4 0 18.0 18.0 
-2 3 0 18.0 18.0 
-2 2 0 9.0 9.0 
-2 1 0 9.0 9.0 
