4 8 0 2.3542486889354084 8.0 
5 8 0 8.0 8.0 
4 7 0 2.354248688935409 7.999999999999999 
5 7 0 8.0 8.0 
4 6 0 3.4654944394332445 18.472135954999544 
5 6 0 9.52786404500042 18.47213595499958 
4 5 0 3.4654944394011373 18.472135954999526 
5 5 0 9.52786404500042 18.47213595499958 
4 4 0 5.035471265937746 19.999999999998902 
5 4 0 18.0 18.0 
4 3 0 5.035471265938208 19.999999999980083 
5 3 0 18.0 18.0 
3 8 0 2.3542486889354093 7.645751311064591 
3 7 0 2.354248688935409 7.6457513110645925 
3 6 0 1.6103908529581108 16.957237717438925 
3 5 0 1.6103908530268811 16.957237751174606 
3 4 0 2.2382630370459053 19.999999948348105 
3 3 0 2.2382630361899203 19.999999786777714 
3 2 0 3.745654675218899 17.99999544072195 
4 2 0 7.000000000000002 16.000000000000004 
3 1 0 3.745654666493481 17.999996801743826 
4 1 0 6.999999999999998 16.0 
2 8 0 2.9999999999999987 7.000000000000002 
2 7 0 2.9999999999999982 7.000000000000001 
2 6 1 1.4145537102064818 15.789547994400243 
2 5 1 1.4145537103812036 15.789547779438774 
2 4 0 0.43823465056199395 19.207312133473632 
2 3 0 0.4382346504070227 19.20731182666143 
2 2 0 0.6029880920050157 19.99999998861503 
2 1 0 0.6029880912838789 19.99999821199088 
2 0 0 2.297623180821504 16.827533633950473 
3 0 0 5.586531337310334 14.82135642622575 
2 -1 0 2.2976231768256863 16.827533293822313 
3 -1 0 5.586531337310337 14.82135642622575 
1 8 0 3.0 7.000000000000001 
1 7 0 3.000000000000001 7.0 
1 6 0 1.4145537128027657 14.329226046950694 
1 5 0 1.4145537102061012 14.329226047652305 
1 4 0 0.4382346506124374 17.641417619957235 
1 3 0 0.43823465039594484 17.64141711955147 
1 2 1 0.6029880912838566 19.999999546117195 
1 1 1 0.6029880912838547 19.999999924456045 
1 0 0 0.8722452903783265 17.897832594874327 
1 -1 0 0.8722452903776136 17.897832125951044 
1 -2 0 1.9851331788688131 14.999999991108409 
2 -2 0 4.779628465801876 12.999999995419074 
1 -3 0 1.9851331790791535 14.999999891910328 
2 -3 0 4.779628466356205 12.999999980763189 
0 8 0 6.0 6.0 
0 7 0 6.0 6.000000000000001 
0 6 0 3.422633650682199 12.78159465186957 
0 5 0 3.422633650679428 12.78159469498014 
0 4 0 0.8677197213656573 16.534503738119593 
0 3 0 0.8677197213363628 16.53450387613427 
0 2 1 0.7842799871313885 19.999999971910967 
0 1 1 0.7842799871313986 19.99999997322335 
0 0 1 0.8722452903976098 19.58835000600631 
0 -1 1 0.8722452909406848 19.588350485020683 
0 -2 0 0.6115497394970477 16.53999321906979 
0 -3 0 0.6115497395609653 16.539993614070486 
0 -4 0 2.462643610748786 13.305205882493324 
1 -4 0 4.15256698379357 11.343538687100649 
0 -5 0 2.4626436108802063 13.305205885205256 
1 -5 0 4.15256698379357 11.343538687100645 
-1 8 0 6.0 6.0 
-1 7 0 6.0 6.0 
-1 6 0 3.779860245437061 11.063856026554022 
-1 5 0 3.779860245437057 11.063856026554005 
-1 4 0 2.128398978204381 14.999999707698898 
-1 3 0 2.128398978220888 14.99999995926812 
-1 2 0 0.7842799871373257 17.848729021512327 
-1 1 0 0.7842799871338045 17.84872893433887 
-1 0 1 0.8148101283403951 19.99999999814566 
-1 -1 1 0.8148101283403978 19.999999965048918 
-1 -2 0 0.3253620459045039 17.40516394338746 
-1 -3 0 0.3253620459045066 17.405165684475758 
-1 -4 0 1.1313562430740491 14.67424975275802 
-1 -5 0 1.1313562437094966 14.674249748973821 
-1 -6 0 2.147166736122588 10.573067901318959 
0 -6 0 4.381966011250105 9.164247938460209 
-1 -7 0 2.1471667258767524 10.573067901153438 
0 -7 0 4.381966011250105 9.164247938460209 
-2 6 0 5.585786437626903 9.000000000000002 
-2 5 0 5.585786437626905 9.000000000000002 
-2 4 0 3.6486509114720738 12.948136290267126 
-2 3 0 3.6486509093548194 12.948136352090579 
-2 2 0 1.9627463375412542 16.999999802277053 
-2 1 0 1.96274633742562 16.999999260523165 
-2 0 0 0.8148101283417127 19.999999985900097 
-2 -1 0 0.814810128352153 19.99999998210169 
-2 -2 0 0.3253620459527857 18.765198188611283 
-2 -3 0 0.3253620459043776 18.765198145036425 
-2 -4 1 1.1313562430771444 15.856673681531865 
-2 -5 1 1.131356243074022 15.856673681836952 
-2 -6 0 0.9488780160967695 12.657158388708678 
-2 -7 0 0.9488780160967027 12.657158388709002 
-2 -8 0 2.000000000000001 5.0 
-1 -8 0 4.0 4.0 
-2 -9 0 2.0000000000000004 5.000000000000001 
-1 -9 0 4.0 4.0 
-3 4 0 7.585786437626904 11.000000000000002 
-3 3 0 7.585786437626905 11.0 
-3 2 0 4.881216562218099 14.999998604684544 
-3 1 0 4.881216562218038 14.999999980335538 
-3 0 0 3.2423319568191267 17.999999988615762 
-3 -1 0 3.242331956754161 17.999999975135527 
-3 -2 0 2.0433962543450463 18.765198174119394 
-3 -3 0 2.043396253645966 18.765196715198 
-3 -4 0 1.4765902335371457 16.329444266670112 
-3 -5 0 1.4765902335325334 16.329444287835305 
-3 -6 0 0.9488780161000444 13.098392992718011 
-3 -7 0 0.9488780161072417 13.09839312224736 
-3 -8 0 2.0 5.000000000000001 
-3 -9 0 1.9999999999999993 5.000000000000001 
-4 2 0 9.58578643762691 13.0 
-4 1 0 9.585786437626908 13.0 
-4 0 0 6.779012679929359 16.99999994421344 
-4 -1 0 6.779012679929249 16.999999999454403 
-4 -2 0 4.479353578683107 17.90787915181669 
-4 -3 0 4.479353581210531 17.907879151804146 
-4 -4 0 2.9586661479200256 16.329444272314085 
-4 -5 0 2.958666138761497 16.329444289073457 
-4 -6 0 2.2416660204979086 13.1985232073979 
-4 -7 0 2.2416660204976906 13.19852320739759 
-4 -8 0 1.9999999999999996 5.0 
-4 -9 0 2.0000000000000004 5.000000000000001 
-5 0 0 15.0 15.0 
-5 -1 0 15.0 15.0 
-5 -2 0 10.46473802813174 16.345436561730043 
-5 -3 0 10.464738028131743 16.345436561730047 
-5 -4 0 8.280881964303052 15.970343637576581 
-5 -5 0 8.28088196430305 15.970343637576581 
-5 -6 0 6.338399579631295 13.198523207398242 
-5 -7 0 6.338399579631296 13.198523207398239 
-5 -8 0 5.0 5.0 
-5 -9 0 5.0 5.0 
