4 14 0 2.0 2.0 
5 14 0 2.0 2.0 
4 13 0 2.0 2.0 
5 13 0 2.0 2.0 
4 12 0 1.267949192431125 7.0 
5 12 0 2.438447187191171 7.0 
4 11 0 1.2679491924311213 7.000000000000001 
5 11 0 2.4384471871911693 7.000000000000001 
4 10 0 1.6277186768490632 11.561552812808108 
5 10 0 3.3819660112501055 11.561552812808827 
4 9 0 1.6277186767436245 11.56155281280845 
5 9 0 3.3819660112501038 11.561552812808827 
4 8 0 2.066165863923189 13.791287794132275 
5 8 0 4.381966011250103 13.236067977499797 
4 7 0 2.066165864272897 13.7912878474779 
5 7 0 4.381966011250109 13.236067977499792 
4 6 0 3.009684689171091 14.236067977495305 
5 6 0 5.5188056959079805 13.170086486626033 
4 5 0 3.009684688489174 14.236067977449137 
5 5 0 5.518805695907988 13.170086486626037 
4 4 0 4.146524393778492 14.170086486266184 
5 4 0 6.999999999999999 12.170086486626033 
4 3 0 4.146524372638974 14.17008647706675 
5 3 0 6.999999999999999 12.170086486626033 
4 2 0 5.6277186767309875 12.000000000000002 
5 2 0 10.0 10.0 
4 1 0 5.627718676730982 11.999999999999998 
5 1 0 10.0 10.0 
3 14 0 2.0 2.0 
3 13 0 2.0 2.0 
3 12 1 1.2679491924311206 6.561552812808833 
3 11 1 1.2679491924311221 6.5615528128088325 
3 10 2 0.4384471871911683 11.561552812806749 
3 9 2 0.9999999999999984 11.561552812800885 
3 8 1 0.4384471871911683 13.791287847390011 
3 7 1 0.4384471871911701 13.791287847329265 
3 6 0 0.4384471872693896 14.999999289700064 
3 5 0 0.4384471876293688 14.99999999338356 
3 4 0 1.3819660112978223 15.184999856502516 
3 3 0 1.381966011255724 15.184999333283143 
3 2 0 2.5188056959079934 12.99999998705996 
3 1 0 2.518805695907994 12.999999947394283 
3 0 0 3.999999999999999 10.0 
4 0 0 8.0 8.0 
3 -1 0 3.9999999999999982 9.999999999999998 
4 -1 0 8.0 8.0 
2 12 0 2.438447187191169 6.56155281280883 
2 11 0 2.4384471871911697 6.561552812808829 
2 10 0 0.43844718719116865 10.561552812786434 
2 9 0 0.4384471871911696 10.561552811776613 
2 8 1 0.43844718719116965 13.791287847471937 
2 7 1 0.4384471871911685 13.79128784747266 
2 6 2 0.4384471871911711 14.99999994475959 
2 5 2 0.43844718719116715 14.999999903127042 
2 4 1 0.8633178718924562 15.99999996790749 
2 3 1 0.8633178718924519 15.999999952317467 
2 2 0 0.8633178718926896 14.999999999999138 
2 1 0 0.8633178718925071 14.999999637848196 
2 0 0 2.863317871892461 11.000000000000004 
2 -1 0 2.8633178718936616 11.0 
2 -2 0 6.0 6.0 
3 -2 0 6.0 6.0 
2 -3 0 6.0 6.000000000000001 
3 -3 0 6.0 6.0 
1 10 0 4.2087121525220805 8.791287847477921 
1 9 0 4.208712152522077 8.791287847477923 
1 8 0 2.000000000021748 12.791287847412946 
1 7 0 2.000000000001357 12.791287847226696 
1 6 0 0.8633178718928897 14.999999937771365 
1 5 0 0.8633178718926036 14.99999988399993 
1 4 0 0.8633178724998182 15.999999993283792 
1 3 0 0.8633178718924723 15.999999998146293 
1 2 0 0.8633178719182878 15.541381262598303 
1 1 0 0.863317872104637 15.541381263586846 
1 0 0 2.627718676730987 13.000000000000002 
1 -1 0 2.6277186767309892 12.9999999991827 
1 -2 0 5.0 9.0 
1 -3 0 4.999999999999999 9.0 
0 10 0 5.0 5.0 
0 9 0 5.0 5.0 
0 8 0 1.9999999999999996 10.791287847477921 
0 7 0 2.0000000000000004 10.79128784747792 
0 6 1 1.2679491924311266 14.791287847477264 
0 5 1 1.2679491924311226 14.791287847476115 
0 4 3 1.4586187348508879 15.99999999916682 
0 3 3 1.4586187348508863 15.999999997821561 
0 2 3 0.9999999999999951 15.541381264463965 
0 1 3 1.458618734850825 15.541381264296506 
0 0 1 0.9999999999999981 13.999999999995163 
0 -1 1 0.9999999999999949 13.999999999986779 
0 -2 0 0.9999999999999987 9.54138126514911 
0 -3 0 1.0000000000000004 9.541381265149113 
-1 8 0 6.999999999999999 7.0 
-1 7 0 6.999999999999999 7.0 
-1 6 0 3.4586187348508886 12.791287847477921 
-1 5 0 3.4586187348508886 12.791287847477918 
-1 4 0 1.4586187348580153 15.999999999971926 
-1 3 0 1.4586187348627546 15.999999503492148 
-1 2 0 1.0000000000159912 15.541381262885597 
-1 1 0 1.0000000000002234 15.541381265104025 
-1 0 0 1.0000000000225615 14.541381265148937 
-1 -1 0 1.0000000014510895 14.541381265148393 
-1 -2 0 1.000000000000002 9.541381265149111 
-1 -3 0 0.9999999999999979 9.5413812651491 
-1 -4 0 3.0 3.0 
0 -4 0 3.0 3.0 
-1 -5 0 2.9999999999999996 3.0 
0 -5 0 3.0 3.0 
-2 6 0 9.0 9.0 
-2 5 0 9.0 9.0 
-2 4 0 5.458618734850888 14.0 
-2 3 0 5.458618734850889 14.000000000000002 
-2 2 0 2.9999999999999982 15.541381265149118 
-2 1 0 2.9999999999999942 15.541381215764392 
-2 0 0 2.000000000000002 14.541381264307404 
-2 -1 0 1.9999999999999978 14.541381265014508 
-2 -2 0 2.0000000000000004 9.541381265149111 
-2 -3 0 1.999999999999997 9.54138126514911 
-2 -4 0 3.0 3.0 
-2 -5 0 3.0 3.0 
-3 4 0 11.0 11.0 
-3 3 0 11.0 11.0 
-3 2 0 7.458618734850891 13.54138126514911 
-3 1 0 7.45861873485089 13.541381265149113 
-3 0 0 4.45861873485089 14.54138126514911 
-3 -1 0 4.4586187348508926 14.54138126514911 
-3 -2 0 3.4586187348508917 9.541381265149107 
-3 -3 0 3.4586187348508903 9.541381265149111 
-3 -4 0 3.0 3.0 
-3 -5 0 3.0 3.0 
