0 0 0 2.9999999999999996 5.0 
1 0 0 5.0 5.0 
0 -1 0 2.9999999999999996 5.0 
1 -1 0 5.0 5.0 
0 -2 0 2.7639320225002106 8.000000000000002 
1 -2 0 7.0 8.0 
0 -3 0 2.7639320225002098 8.000000000000004 
1 -3 0 7.0 8.0 
0 -4 0 3.000000000000005 10.000000000000005 
1 -4 0 10.0 10.0 
0 -5 0 3.0000000000000018 10.000000000000004 
1 -5 0 10.0 10.0 
-1 0 0 1.0000000000000004 5.0 
-1 -1 0 1.0000000000000007 5.0 
-1 -2 0 0.76393202250021 8.0 
-1 -3 0 0.7639320225002096 8.0 
-1 -4 0 0.7639320225205464 9.9999999999998 
-1 -5 0 0.7639320225180716 9.999999999999991 
-1 -6 0 0.7639320225002108 9.414213562373101 
0 -6 0 5.267949192431122 8.732050807568875 
-1 -7 0 0.7639320225002117 9.414213562373096 
0 -7 0 5.267949192431122 8.732050807568877 
-2 0 0 0.9999999999999998 5.0 
-2 -1 0 0.9999999999999996 5.0 
-2 -2 1 0.76393202250021 7.561552812808831 
-2 -3 1 0.7639320225002086 7.561552812808829 
-2 -4 4 1.0000000000000016 9.999999999998233 
-2 -5 4 1.0000000000000013 9.999999999995904 
-2 -6 6 1.9999999985464245 9.414213562373071 
-2 -7 6 1.999999998890018 9.414213562373089 
-2 -8 4 1.2679491924311213 7.414213562373097 
-1 -8 0 1.2679491924311233 6.7320508075688785 
-2 -9 4 1.267949192431123 7.414213562373099 
-1 -9 0 1.2679491924311217 6.7320508075688785 
-3 -2 0 4.999999999999999 7.0 
-3 -3 0 5.0 7.000000000000001 
-3 -4 0 2.5857864376269037 9.56155281280883 
-3 -5 0 2.5857864376269037 9.561552812808827 
-3 -6 0 2.000000000000001 9.4142135623731 
-3 -7 0 1.9999999999999973 9.414213562373096 
-3 -8 0 1.9999999999999993 7.414213562373097 
-3 -9 0 1.9999999999999996 7.414213562373096 
-3 -10 0 1.9999999999999996 4.0 
-2 -10 1 2.0 4.0 
-3 -11 0 1.9999999999999998 4.0 
-2 -11 1 2.0 3.9999999999999996 
-4 -4 0 9.0 9.0 
-4 -5 0 9.0 9.0 
-4 -6 0 6.585786437626904 9.414213562373096 
-4 -7 0 6.585786437626904 9.414213562373094 
-4 -8 0 4.585786437626904 7.414213562373095 
-4 -9 0 4.585786437626905 7.414213562373095 
-4 -10 0 4.0 4.0 
-4 -11 0 4.0 4.0 
