5 11 0 4.0 6.000000000000001 
6 11 0 6.0 6.0 
5 10 0 3.9999999999999996 6.0 
6 10 0 6.0 6.0 
5 9 0 3.6378348351740377 14.316624790259297 
6 9 0 7.683375209644598 14.316624790355398 
5 8 0 3.637834835172775 14.316624790328628 
6 8 0 7.683375209644601 14.3166247903554 
5 7 0 4.855539213476646 18.4899731728233 
6 7 0 11.000000000000002 17.0 
5 6 0 4.855539178835752 18.48997317323281 
6 6 0 10.999999999999998 17.000000000000004 
5 5 0 6.6226946115150715 17.999999998613905 
6 5 0 16.0 16.0 
5 4 0 6.622694611515075 17.999999995447244 
6 4 0 16.0 16.0 
4 11 0 4.0 6.000000000000002 
4 10 0 3.999999999999999 6.000000000000001 
4 9 0 2.2297324812558283 13.68268668309045 
4 8 0 2.2297324812558297 13.682686689915123 
4 7 0 1.8590697346751406 18.489973173231295 
4 6 0 1.8590697346643035 18.48997263070046 
4 5 0 2.5630904322085204 19.999999999944865 
4 4 0 2.5630904322089982 19.99999999934181 
4 3 0 4.535087534790759 16.838921569323663 
5 3 0 11.267949192431125 15.000000000000004 
4 2 0 4.535087537131714 16.838921571713865 
5 2 0 11.267949192431121 15.000000000000002 
3 11 0 3.9999999999999987 6.000000000000001 
3 10 0 3.999999999999999 6.000000000000001 
3 9 0 0.9805040112862009 12.80562782357048 
3 8 0 0.98050401128625 12.805642565955056 
3 7 0 0.9449815503282493 17.112057035960724 
3 6 0 0.9449815503335566 17.11205708157754 
3 5 0 0.8870463512119642 19.999999765265017 
3 4 0 0.8870463513235202 19.99999961700733 
3 3 0 1.2166652383021426 17.999999974264284 
3 2 0 1.216665238322 17.999999887793997 
3 1 0 3.083503855179877 14.93322204963205 
4 1 0 7.267949192431123 13.732050807568877 
3 0 0 3.0835038551794396 14.933222092571695 
4 0 0 7.267949192431123 13.73205080756888 
2 11 0 3.9999999999999996 6.0 
2 10 0 4.0 6.0 
2 9 0 0.9805040112861991 12.602473918638813 
2 8 0 0.9805040116188827 12.602474018512119 
2 7 0 0.28299439695190143 15.913868745996268 
2 6 0 0.28299439695066914 15.91386880249372 
2 5 0 0.26261442053710615 19.084378196727133 
2 4 0 0.26261442060394413 19.084377961187528 
2 3 0 0.41393574379903253 19.73198790917803 
2 2 0 0.4139357438880978 19.731987811276333 
2 1 0 0.6172577352906545 16.407888888789184 
2 0 0 0.6172577356165044 16.40788943812434 
2 -1 0 2.2432894229835263 13.373652397956679 
3 -1 0 5.853735630058027 12.146264369941973 
2 -2 0 2.2432894229835236 13.373652460474842 
3 -2 0 5.853735630058029 12.146264369941976 
1 11 0 4.0 6.000000000000001 
1 10 0 3.9999999999999996 6.0 
1 9 0 2.3206652696080075 11.276874371546016 
1 8 0 2.320665269612843 11.27687437150708 
1 7 0 0.2829943969698618 14.638397713424917 
1 6 0 0.2829943969530022 14.638399373380938 
1 5 1 0.2626144204692788 17.734824022250667 
1 4 1 0.262614420469278 17.734824179286814 
1 3 2 0.41393574375884895 19.73198753298059 
1 2 2 0.4259613559470212 19.731987258154007 
1 1 1 0.2653944098596458 17.740961857899435 
1 0 1 0.2653944098596479 17.740961906382505 
1 -1 0 0.28420759047375027 14.638399163256693 
1 -2 0 0.2842075904530072 14.6383995257491 
1 -3 0 2.3206652707225404 11.276874371181922 
2 -3 0 4.585786437626907 9.414213562373094 
1 -4 0 2.3206652696096484 11.276874371718485 
2 -4 0 4.585786437626906 9.414213562373096 
0 9 0 4.585786437626904 9.414213562373092 
0 8 0 4.585786437626905 9.414213562373098 
0 7 0 2.2432894280682922 13.373652458545221 
0 6 0 2.243289433831887 13.373649242834535 
0 5 0 0.6622532404385282 16.407888690965414 
0 4 0 0.6622532404381519 16.40788846603667 
0 3 0 0.42596135598802193 19.730466725693493 
0 2 0 0.4259613561899284 19.730466968090695 
0 1 0 0.2653944098606028 19.12600758549081 
0 0 0 0.2653944098609186 19.126007746978434 
0 -1 0 0.2842075904556895 15.91386750336636 
0 -2 0 0.28420759045307925 15.913867861333445 
0 -3 0 0.9805040114214948 12.602474017899109 
0 -4 0 0.9805040116080039 12.602474018202583 
0 -5 0 3.9999999999999996 6.000000000000002 
1 -5 0 4.0 6.0 
0 -6 0 3.999999999999999 6.0 
1 -6 0 4.0 6.0 
-1 7 0 5.853735630058029 12.146264369941973 
-1 6 0 5.853735630058027 12.14626436994197 
-1 5 0 3.152513380019115 14.933213478569366 
-1 4 0 3.1525133800195184 14.933215189081096 
-1 3 0 1.274318167446819 17.999999918806196 
-1 2 0 1.274318167446542 17.999999953846302 
-1 1 0 0.9177292061750946 19.99999999975529 
-1 0 0 0.9177292058416117 19.999999129193423 
-1 -1 0 0.9361220662917643 17.11205673480092 
-1 -2 0 0.936122066298125 17.1120568480617 
-1 -3 0 0.9805040115118968 12.805643063012022 
-1 -4 0 0.980504011286269 12.805642990470433 
-1 -5 0 3.9999999999999996 6.000000000000001 
-1 -6 0 3.999999999999999 6.000000000000001 
-2 5 0 7.267949192431126 13.732050807568875 
-2 4 0 7.267949192431123 13.73205080756888 
-2 3 0 4.535087535187422 16.83892157134456 
-2 2 0 4.535087537511277 16.838921571633854 
-2 1 0 2.593081931846538 19.99999999916433 
-2 0 0 2.593081931846684 19.99999999922761 
-2 -1 0 1.9463316150022063 18.48997317281948 
-2 -2 0 1.9463316150073156 18.48997317318069 
-2 -3 0 2.2297324885503067 13.682686689765182 
-2 -4 0 2.229732488808065 13.682686688824 
-2 -5 0 4.0 6.0 
-2 -6 0 4.0 6.000000000000001 
-3 3 0 11.267949192431121 15.000000000000002 
-3 2 0 11.267949192431123 15.000000000000002 
-3 1 0 6.6226946115150795 17.999999984287104 
-3 0 0 6.622694611515077 17.999999998617994 
-3 -1 0 4.85553917883576 18.489973173223486 
-3 -2 0 4.855539178835756 18.489973172004895 
-3 -3 0 3.637834835172411 14.316624790148815 
-3 -4 0 3.6378348351724386 14.316624789999587 
-3 -5 0 3.999999999999999 6.000000000000001 
-3 -6 0 4.0 6.000000000000001 
-4 1 0 16.0 16.0 
-4 0 0 16.0 16.0 
-4 -1 0 11.0 17.0 
-4 -2 0 11.0 17.0 
-4 -3 0 7.683375209644599 14.3166247903554 
-4 -4 0 7.683375209644599 14.316624790355398 
-4 -5 0 6.0 6.0 
-4 -6 0 6.0 6.0 
