2 4 0 0.9999999999999998 5.0 
3 4 0 5.0 5.0 
2 3 0 1.0000000000000004 5.0 
3 3 0 5.0 5.0 
2 2 0 1.1994815270625674 12.000000000000002 
3 2 0 7.000000000000001 12.0 
2 1 0 1.1994815270625714 11.999999999999995 
3 1 0 7.0 12.0 
2 0 0 2.3918570477573717 14.000000000000009 
3 0 0 12.0 12.0 
2 -1 0 2.3918570477573744 13.999999999999996 
3 -1 0 12.0 12.0 
1 4 0 0.9999999999999994 5.000000000000002 
1 3 0 0.9999999999999992 5.0 
1 2 0 0.5857864376433588 11.424599073047908 
1 1 0 0.5857864376422655 11.424599110464925 
1 0 0 0.9081009222893591 13.999999996469082 
1 -1 0 0.9081009222887702 13.999999994202277 
1 -2 0 1.4835749236868654 11.99999988463832 
2 -2 0 5.267949192431125 10.000000000000002 
1 -3 0 1.4835749236967983 11.999999998432152 
2 -3 0 5.267949192431122 10.0 
0 4 0 4.0 4.0 
0 3 0 4.0 4.0 
0 2 0 0.585786437627442 10.31875100709648 
0 1 0 0.585786437626911 10.31875100709647 
0 0 1 0.9081009222886798 13.664941195633899 
0 -1 1 0.908100922288684 13.664941195490554 
0 -2 1 1.1676086562250765 13.720425039153314 
0 -3 1 1.1676086562250694 13.72042486320704 
0 -4 0 1.17077595279456 10.70833773339918 
1 -4 0 3.267949192431124 8.414213562373092 
0 -5 0 1.1707759521390044 10.708337733692552 
1 -5 0 3.2679491924311237 8.414213562373092 
-1 4 0 4.0 4.0 
-1 3 0 4.0 4.0 
-1 2 0 2.2348246223354744 8.97962363747881 
-1 1 0 2.2348246223354744 8.979623637478817 
-1 0 0 1.047595749978623 11.999999984109804 
-1 -1 0 1.0475957499364468 11.999999872383686 
-1 -2 0 0.4697896337798078 13.999999909806755 
-1 -3 0 0.46978963379847616 13.99999999858739 
-1 -4 0 0.8663696290717404 11.619281200671713 
-1 -5 0 0.8663696290717604 11.619281213407017 
-1 -6 0 1.48226326362386 8.433291952355981 
0 -6 0 3.585786437626905 6.414213562373093 
-1 -7 0 1.4822632636238613 8.433291952355981 
0 -7 0 3.5857864376269046 6.414213562373096 
-2 2 0 3.585786437626906 6.999999999999999 
-2 1 0 3.585786437626905 7.000000000000001 
-2 0 0 1.7600505814840188 10.632070890622177 
-2 -1 0 1.760050581483854 10.632070890622156 
-2 -2 0 0.4697896337708638 13.99999997632806 
-2 -3 0 0.46978963377093924 13.999999916723073 
-2 -4 1 0.8663696290717295 12.844437978585114 
-2 -5 1 0.866369629071729 12.844437978558366 
-2 -6 1 1.3025651272178735 9.551649451849848 
-2 -7 1 1.3025651272178713 9.551649460334504 
-2 -8 0 1.0 4.0 
-1 -8 0 3.0 3.0 
-2 -9 0 1.0 4.0 
-1 -9 0 3.0 3.0 
-3 0 0 5.585786437626903 9.0 
-3 -1 0 5.585786437626907 9.000000000000002 
-3 -2 0 3.5129094751949568 11.891112498964281 
-3 -3 0 3.51290947519496 11.891112498964278 
-3 -4 0 2.19558965216759 12.844437935559315 
-3 -5 0 2.195589652352502 12.844437978589177 
-3 -6 0 1.3025651272178682 9.866198262509023 
-3 -7 0 1.302565127217868 9.866198262509027 
-3 -8 0 1.0 4.0 
-3 -9 0 1.0000000000000004 4.000000000000001 
-4 -2 0 11.0 11.0 
-4 -3 0 11.0 11.0 
-4 -4 0 7.485863070664709 12.086130197651496 
-4 -5 0 7.48586307066471 12.086130197651496 
-4 -6 0 5.344557618450169 9.866198262509023 
-4 -7 0 5.34455761845017 9.866198262509021 
-4 -8 0 4.0 4.0 
-4 -9 0 4.0 4.0 
