-1 -1 1 1.9999999999999998 1.9999999999999998 
0 -1 0 2.0 2.0 
-1 -2 1 2.0 2.0 
0 -2 0 2.0 2.0 
-1 -3 2 1.2679491924311224 5.414213562373096 
0 -3 0 2.585786437626905 5.414213562373095 
-1 -4 2 1.2679491924311226 5.414213562373095 
0 -4 0 2.585786437626905 5.414213562373094 
-1 -5 1 0.7639320225002108 5.56155281280883 
0 -5 0 5.0 5.0 
-1 -6 1 0.7639320225002105 5.56155281280883 
0 -6 0 5.0 5.0 
-2 -3 0 1.2679491924311224 4.732050807568877 
-2 -4 0 1.267949192431123 4.732050807568877 
-2 -5 0 0.7639320225002105 6.0 
-2 -6 0 0.7639320225002101 6.000000000000001 
-2 -7 0 1.0 3.0 
-1 -7 0 1.0 3.0 
-2 -8 0 1.0 3.0 
-1 -8 0 0.9999999999999998 3.0 
-3 -5 0 6.0 6.0 
-3 -6 0 6.0 6.0 
-3 -7 0 3.0 3.0 
-3 -8 0 3.0 3.0 
