0 2 1 1.9999999999999998 1.9999999999999998 
1 2 0 2.0 2.0 
0 1 1 2.0 2.0 
1 1 0 2.0 2.0 
0 0 2 0.6570769172228288 5.732050807568877 
1 0 0 2.267949192431123 5.732050807568878 
0 -1 2 0.6570769172228295 5.732050807568877 
1 -1 0 2.267949192431123 5.732050807568878 
0 -2 1 0.43636210766567574 7.506172413772653 
1 -2 0 3.5188056959079845 7.170086486626033 
0 -3 1 0.4363621076656771 7.506172413772652 
1 -3 0 3.5188056959079845 7.170086486626033 
0 -4 0 0.5258063413896229 6.586874512018427 
1 -4 0 6.0 6.0 
0 -5 0 0.5258063413896232 6.5868745120184276 
1 -5 0 6.0 6.0 
-1 0 0 0.6570769172228289 5.000000000000001 
-1 -1 0 0.6570769172228295 5.0 
-1 -2 0 0.43636210766567923 7.506172413772655 
-1 -3 0 0.4363621076656789 7.506172413772659 
-1 -4 0 0.5258063413896255 7.23606797749979 
-1 -5 0 0.5258063413896221 7.236067977499789 
-1 -6 0 1.9999999999999996 4.0 
0 -6 0 2.0 4.0 
-1 -7 0 1.9999999999999993 4.0 
0 -7 0 2.0 4.0 
-2 -2 0 2.4384471871911697 7.000000000000001 
-2 -3 0 2.4384471871911697 7.0 
-2 -4 0 1.4530484824648844 7.999999999999998 
-2 -5 0 1.4530484824648842 8.0 
-2 -6 0 1.9999999999999998 4.0 
-2 -7 0 1.9999999999999998 4.0 
-3 -4 0 8.0 8.0 
-3 -5 0 8.0 8.0 
-3 -6 0 4.0 4.0 
-3 -7 0 4.0 4.0 
