2 6 0 3.0 3.0 
3 6 0 3.0 3.0 
2 5 0 3.0 3.0 
3 5 0 3.0 3.0 
2 4 0 1.6937269681522937 10.854101966249686 
3 4 0 4.145898033750315 10.854101966249686 
2 3 0 1.693726968152295 10.854101966249683 
3 3 0 4.145898033750316 10.854101966249686 
2 2 0 2.701231586754655 12.000000000000002 
3 2 0 9.0 9.0 
2 1 0 2.701231586754656 12.000000000000002 
3 1 0 9.0 9.0 
1 6 0 3.0 3.0 
1 5 0 3.0 3.0 
1 4 0 0.5619648776592865 9.04569283009511 
1 3 0 0.5619648776592838 9.045692830096062 
1 2 0 0.6448418207468041 11.999999999998922 
1 1 0 0.6448418214851594 11.999999999994456 
1 0 0 0.939798040208463 9.999999999999998 
2 0 0 4.999999999999999 8.0 
1 -1 0 0.9397980402084589 9.999999955132413 
2 -1 0 5.0 8.0 
0 6 0 3.0 3.0 
0 5 0 3.0 3.0 
0 4 0 0.5619648776592838 8.157444134659382 
0 3 0 0.5619648776592862 8.157444134659384 
0 2 1 0.6448418207468011 11.798339230948253 
0 1 1 0.6448418207467997 11.798339229963867 
0 0 1 0.5372343588510159 11.660665785967648 
0 -1 1 0.5372343588510157 11.660665970800151 
0 -2 0 0.30845460652905843 7.715897359243695 
1 -2 0 3.585786437626905 6.414213562373095 
0 -3 0 0.308454606529058 7.715897359243696 
1 -3 0 3.5857864376269055 6.414213562373096 
-1 4 0 2.5857864376269055 6.999999999999998 
-1 3 0 2.5857864376269046 7.0 
-1 2 0 1.031816043833031 9.84747826358578 
-1 1 0 1.031816043834041 9.847478263829391 
-1 0 0 0.5372343588511055 11.999999998556902 
-1 -1 0 0.5372343588510635 11.999999990696397 
-1 -2 0 0.30845460653150847 9.466894189642439 
-1 -3 0 0.3084546065308314 9.46689418384697 
-1 -4 0 1.0000000000000004 3.9999999999999996 
0 -4 0 3.0 3.0 
-1 -5 0 0.9999999999999997 4.0 
0 -5 0 3.0 3.0 
-2 2 0 3.8751145802354263 8.761557181831893 
-2 1 0 3.875114580235426 8.76155718183189 
-2 0 0 1.8132473493233408 12.0 
-2 -1 0 1.8132473493233392 12.000000000000002 
-2 -2 0 1.1333319930124426 10.82842712474619 
-2 -3 0 1.1333319930124444 10.828427124746192 
-2 -4 0 1.0000000000000002 3.9999999999999996 
-2 -5 0 1.0 4.0 
-3 0 0 10.0 10.0 
-3 -1 0 10.0 10.0 
-3 -2 0 5.17157287525381 10.828427124746192 
-3 -3 0 5.171572875253809 10.82842712474619 
-3 -4 0 4.0 4.0 
-3 -5 0 4.0 4.0 
