4 14 0 0.9999999999999996 3.0 
5 14 0 3.0 3.0 
4 13 0 1.0000000000000004 3.0 
5 13 0 3.0 3.0 
4 12 0 0.9999999999999996 7.414213562373098 
5 12 0 4.0 7.414213562373095 
4 11 0 0.9999999999999998 7.414213562373094 
5 11 0 3.9999999999999987 7.414213562373096 
4 10 0 0.9999999999999996 9.64575131106459 
5 10 0 5.267949192431122 9.414213562373096 
4 9 0 1.0 9.645751311064588 
5 9 0 5.267949192431123 9.414213562373094 
4 8 0 1.9999999999999973 11.64575131106459 
5 8 0 6.999999999999999 10.732050807568879 
4 7 0 2.0000000000000004 11.645751311064592 
5 7 0 7.000000000000001 10.732050807568877 
4 6 0 3.2679491924311233 10.0 
5 6 0 9.0 9.0 
4 5 0 3.2679491924311215 10.0 
5 5 0 9.0 9.0 
3 14 0 1.0000000000000002 3.0 
3 13 0 1.0000000000000002 3.0 
3 12 1 0.9999999999999994 7.414213562373093 
3 11 1 0.9999999999999983 7.414213562373097 
3 10 3 1.5505102572168186 9.645751306626405 
3 9 3 0.9999999999999989 9.645751299912769 
3 8 3 1.1863934973516699 11.645751311062442 
3 7 3 1.1863934973516648 11.645751311057534 
3 6 1 1.1863934973516725 11.999999999864055 
3 5 1 1.1863934973516712 11.999999999934758 
3 4 0 1.186393497351668 7.999999999999999 
4 4 0 5.0 7.000000000000001 
3 3 0 1.1863934973516672 7.999999999999998 
4 3 0 5.0 7.0 
2 12 0 1.5857864376269042 6.414213562373096 
2 11 0 1.5857864376269053 6.414213562373095 
2 10 0 1.2679491950753585 9.645751310993568 
2 9 0 1.2679491924311215 9.645751311021925 
2 8 0 1.1863934973516708 11.64575131106107 
2 7 0 1.1863934973516885 11.64575131105773 
2 6 0 1.1863934973516668 11.999999999957002 
2 5 0 1.1863934986570057 11.999999999886654 
2 4 0 1.1863934973516765 10.000000000000004 
2 3 0 1.1863934973516688 10.000000000000002 
2 2 0 2.9999999999999996 5.0 
3 2 0 3.0 5.0 
2 1 0 2.9999999999999996 5.0 
3 1 0 3.000000000000001 5.0 
1 10 0 1.267949192431123 8.414213562373094 
1 9 0 1.2679491924311224 8.414213562373096 
1 8 1 1.2679491924311244 11.645751311064593 
1 7 1 1.2679491924311224 11.64575131106459 
1 6 3 1.267949192431125 11.999999999998197 
1 5 3 1.2679491924311257 11.999999999996565 
1 4 3 2.0000000000000004 10.000000000000007 
1 3 3 1.465929803277267 10.0 
1 2 1 1.9999999999999996 6.000000000000001 
1 1 1 2.0000000000000018 6.0 
0 8 0 5.267949192431124 10.000000000000002 
0 7 0 5.267949192431121 10.000000000000002 
0 6 0 3.2679491924311215 12.0 
0 5 0 3.267949192431124 12.000000000000005 
0 4 0 2.0000000000000013 10.000000000000002 
0 3 0 2.0000000000000018 10.000000000000005 
0 2 0 2.0000000000000004 6.000000000000001 
0 1 0 2.000000000000001 6.000000000000001 
-1 6 0 12.0 12.0 
-1 5 0 12.0 12.0 
-1 4 0 8.000000000000002 10.0 
-1 3 0 8.000000000000004 10.0 
-1 2 0 6.0 6.0 
-1 1 0 6.0 6.0 
