2 4 0 4.000000000000001 6.000000000000001 
3 4 0 6.0 6.0 
2 3 0 3.9999999999999982 6.0 
3 3 0 6.0 6.0 
2 2 0 3.404030028146039 12.732050801987862 
3 2 0 7.999999999999998 12.732050807568877 
2 1 0 3.40403002814604 12.732050737595593 
3 1 0 8.0 12.732050807568875 
2 0 0 4.6821235155866505 16.081283416195706 
3 0 0 10.550510257216821 15.449489742783177 
2 -1 0 4.6821235117401265 16.081283416205036 
3 -1 0 10.550510257216823 15.449489742783177 
2 -2 0 6.786080880982311 15.970958417849808 
3 -2 0 15.0 15.0 
2 -3 0 6.786080880982181 15.97095841784932 
3 -3 0 15.0 15.0 
1 4 0 3.9999999999999996 6.0 
1 3 0 4.0 6.000000000000002 
1 2 0 2.3932155004377664 12.511116555383634 
1 1 0 2.3932155004375275 12.51111649779173 
1 0 0 2.232363528220618 16.08128341296731 
1 -1 0 2.2323635282206133 16.08128326144403 
1 -2 0 2.57749217388426 17.999999999995065 
1 -3 0 2.5774921738812275 17.999999998334783 
1 -4 0 4.824546965274054 14.820444664671227 
2 -4 0 9.43844718719117 13.999999999999996 
1 -5 0 4.856647954104731 14.82044382986929 
2 -5 0 9.438447187191171 14.000000000000002 
0 4 0 3.999999999999999 6.0 
0 3 0 3.999999999999999 6.000000000000002 
0 2 0 2.2649467389070552 12.386610633478206 
0 1 0 2.264946738907485 12.386610739566247 
0 0 0 1.3422623420069646 15.316631230001727 
0 -1 0 1.3422623390577075 15.316631233785957 
0 -2 0 1.066016866358938 17.99999999536605 
0 -3 0 1.0660168682493287 17.99999989870419 
0 -4 0 1.7575818788488087 15.999999758884867 
0 -5 0 1.7575818823138007 15.999999721945198 
0 -6 0 3.170092100820945 13.745444144471247 
1 -6 0 7.4384471871911675 12.0 
0 -7 0 3.1700921019726107 13.745444881004035 
1 -7 0 7.4384471871911675 12.000000000000002 
-1 4 0 3.999999999999999 6.000000000000001 
-1 3 0 3.9999999999999996 6.000000000000001 
-1 2 0 2.264946738904295 11.114574267750383 
-1 1 0 2.2649467389044493 11.114574267791584 
-1 0 1 1.2391768845764073 14.38023044349543 
-1 -1 1 1.2391768844920625 14.380230180645572 
-1 -2 2 0.8918626795719805 17.23547666866236 
-1 -3 2 0.8918626795710677 17.235476724130304 
-1 -4 1 0.2940600666311462 17.334197045937973 
-1 -5 1 0.294060066631142 17.33419988005451 
-1 -6 0 0.2655822247839117 14.527244635996475 
-1 -7 0 0.26558222478403204 14.527244319918765 
-1 -8 0 2.159608619697848 11.755019410179555 
0 -8 0 5.438447187191169 10.000000000000004 
-1 -9 0 2.1596086197021065 11.755019411435113 
0 -9 0 5.4384471871911675 10.000000000000004 
-2 4 0 4.0 6.0 
-2 3 0 4.0 6.0 
-2 2 0 2.4116764184358024 9.946878255216134 
-2 1 0 2.411676418435879 9.946878264254828 
-2 0 0 1.239176884492056 13.321412655568466 
-2 -1 0 1.2391768845015332 13.321412799529316 
-2 -2 0 0.44825212019116384 15.999999145789403 
-2 -3 0 0.44825212019277516 15.99999998227092 
-2 -4 0 0.2940600666321339 17.99999994639991 
-2 -5 0 0.29406006670332663 17.99999999932503 
-2 -6 0 0.26558222479572474 15.472397189021208 
-2 -7 0 0.2655822247879137 15.472396005325374 
-2 -8 0 0.7173702387264169 13.056839481611139 
-2 -9 0 0.7173702389825154 13.05683952376067 
-2 -10 0 1.7191004890089439 9.349531717423776 
-1 -10 0 3.6570769172228283 8.0 
-2 -11 0 1.7191004887609647 9.349531717423776 
-1 -11 0 3.657076917222827 7.999999999999998 
-3 2 0 5.267949192431122 8.732050807568875 
-3 1 0 5.267949192431125 8.732050807568875 
-3 0 0 3.423453826674147 12.484757490684306 
-3 -1 0 3.423453826704849 12.48475738658634 
-3 -2 0 1.8727466668119055 14.617368630587729 
-3 -3 0 1.8727466653349811 14.617363977316053 
-3 -4 0 0.6826177519625503 17.999999999976065 
-3 -5 0 0.6826177519966885 17.999999999987992 
-3 -6 0 0.6325018678127611 16.745651428564937 
-3 -7 0 0.6325018668158227 16.74565079144859 
-3 -8 0 0.7173702391145406 14.200044259761446 
-3 -9 0 0.7173702404699591 14.200044259752412 
-3 -10 0 1.608969077273229 10.536596276077425 
-3 -11 0 1.608969077319209 10.536596277202687 
-3 -12 0 2.9999999999999996 5.0 
-2 -12 0 2.9999999999999996 5.0 
-3 -13 0 2.9999999999999996 5.0 
-2 -13 0 3.0000000000000004 5.0 
-4 0 0 7.2679491924311215 10.732050807568877 
-4 -1 0 7.2679491924311215 10.732050807568877 
-4 -2 0 4.807375585445712 13.766756544476912 
-4 -3 0 4.807375585445328 13.766756617158533 
-4 -4 0 3.251790641442418 15.788476206519658 
-4 -5 0 3.2517906414445004 15.788476135795957 
-4 -6 0 2.0503026710820738 16.745651428459265 
-4 -7 0 2.0503026760190486 16.74565142848456 
-4 -8 0 1.3884138771547663 14.402971134279651 
-4 -9 0 1.3884138772248502 14.402971090018843 
-4 -10 0 1.6089690772433567 10.698661158539842 
-4 -11 0 1.608969079862079 10.698661158537647 
-4 -12 0 2.9999999999999996 5.000000000000001 
-4 -13 0 2.999999999999999 5.000000000000001 
-5 -2 0 9.267949192431125 12.732050807568877 
-5 -3 0 9.267949192431121 12.732050807568877 
-5 -4 0 6.555730099231398 14.862663150113645 
-5 -5 0 6.555730099231435 14.862663150043149 
-5 -6 0 4.5870559061180565 15.966199790207622 
-5 -7 0 4.587055908229395 15.966199790009721 
-5 -8 0 3.3724107628221573 14.463075706008185 
-5 -9 0 3.3724107630637996 14.463075815445087 
-5 -10 0 2.7335287045756984 10.7977433276956 
-5 -11 0 2.7335287045756798 10.797743327695605 
-5 -12 0 3.0 5.000000000000001 
-5 -13 0 3.0 5.000000000000001 
-6 -4 0 14.0 14.0 
-6 -5 0 14.0 14.0 
-6 -6 0 10.202256672304397 15.097866790222842 
-6 -7 0 10.202256672304395 15.097866790222836 
-6 -8 0 7.6065721614813855 14.463075815445151 
-6 -9 0 7.606572161481382 14.463075815445148 
-6 -10 0 5.902133209777161 10.797743327695603 
-6 -11 0 5.902133209777162 10.797743327695603 
-6 -12 0 5.0 5.0 
-6 -13 0 5.0 5.0 
