0 2 1 2.0 3.0 
1 2 0 3.0 3.0 
0 1 1 2.0 3.0 
1 1 0 3.0 3.0 
0 0 1 0.4155893455678531 7.460504870018767 
1 0 0 3.300371851724681 7.460504870018765 
0 -1 1 0.4155893455678554 7.460504870018765 
1 -1 0 3.300371851724683 7.460504870018763 
0 -2 0 0.30722146109973913 9.384247663351113 
1 -2 0 4.669941260432017 9.128419063844577 
0 -3 0 0.30722146109974696 9.38424766337687 
1 -3 0 4.669941260432019 9.128419063844579 
0 -4 0 1.044065626779753 8.627714952517143 
1 -4 0 8.0 8.0 
0 -5 0 1.0440656267797528 8.627714952517149 
1 -5 0 8.0 8.0 
-1 2 0 2.0 2.0 
-1 1 0 2.0 2.0 
-1 0 0 0.41558934556785626 6.685283835001177 
-1 -1 0 0.41558934556785476 6.685283835001172 
-1 -2 0 0.3072214610997413 9.384247663530985 
-1 -3 0 0.3072214610997404 9.38424766353548 
-1 -4 0 0.6347975256422055 9.309260201333775 
-1 -5 0 0.6347975256422067 9.309260201345321 
-1 -6 0 1.4202671426585352 7.592283551719288 
0 -6 0 2.585786437626905 6.000000000000001 
-1 -7 0 1.420267142658537 7.59228355171929 
0 -7 0 2.5857864376269055 6.000000000000001 
-2 0 0 2.5857864376269046 5.414213562373095 
-2 -1 0 2.5857864376269046 5.414213562373095 
-2 -2 0 0.8832656922544242 9.000000000000002 
-2 -3 0 0.8832656922544256 8.999999999999998 
-2 -4 0 0.6347975256422067 9.999999984683912 
-2 -5 0 0.6347975261603069 9.99999997269775 
-2 -6 0 1.2636138314257106 8.27945862587938 
-2 -7 0 1.2636138314257124 8.279458625879377 
-2 -8 0 3.0 3.0 
-1 -8 0 3.0 3.0 
-2 -9 0 2.9999999999999996 3.0 
-1 -9 0 3.0 3.0 
-3 -2 0 3.999999999999999 6.999999999999999 
-3 -3 0 3.999999999999999 7.0 
-3 -4 0 1.8637045850108154 10.000000000000002 
-3 -5 0 1.8637045850108143 10.0 
-3 -6 0 1.2636138314257126 9.000000000000002 
-3 -7 0 1.2636138314257126 9.0 
-3 -8 0 3.0 3.0 
-3 -9 0 3.0 3.0 
-4 -4 0 8.0 8.0 
-4 -5 0 8.0 8.0 
-4 -6 0 4.000000000000001 9.0 
-4 -7 0 4.0 9.0 
-4 -8 0 3.0 3.0 
-4 -9 0 3.0 3.0 
