2 6 0 3.0 3.0 
3 6 0 3.0 3.0 
2 5 0 3.0 3.0 
3 5 0 3.0 3.0 
2 4 0 0.9632281984948893 9.713584661871092 
3 4 0 3.769274576503952 9.713584661871092 
2 3 0 0.9632281984948894 9.713584661871097 
3 3 0 3.7692745765039524 9.713584661871092 
2 2 0 1.2862975733847763 12.118904747780885 
3 2 0 4.76393202250021 11.615796799377007 
2 1 0 1.2862975733853304 12.11890474778061 
3 1 0 4.76393202250021 11.615796799377001 
2 0 0 2.1808567462872097 12.354519520497133 
3 0 0 6.3036072206529035 11.518198699326343 
2 -1 0 2.1808567462853263 12.35451952053102 
3 -1 0 6.3036072206529035 11.518198699326343 
2 -2 0 3.7680251116783103 11.059347939298172 
3 -2 0 10.0 10.0 
2 -3 0 3.7680251116783112 11.059347939298176 
3 -3 0 10.0 10.0 
1 6 0 2.9999999999999996 3.0 
1 5 0 3.0 3.0 
1 4 0 0.9632281984948857 7.928022422626649 
1 3 0 0.9632281984948896 7.928022422626591 
1 2 0 0.44439832459852036 12.118904747468529 
1 1 0 0.44439832459852363 12.118904746760533 
1 0 0 0.7108697076401073 13.331334397874059 
1 -1 0 0.7108697079484941 13.33133439636132 
1 -2 0 1.5775123585343898 12.999999713968808 
1 -3 0 1.577512358537191 12.999999999972873 
1 -4 0 2.80028838231722 9.903107178717464 
2 -4 0 6.0 9.0 
1 -5 0 2.80028838231722 9.903107188494335 
2 -5 0 6.0 9.0 
0 6 0 3.0 3.0 
0 5 0 3.0 3.0 
0 4 0 1.260241002162286 7.0784107454083625 
0 3 0 1.2602410021622859 7.078410745408366 
0 2 1 0.44439832459852163 10.637650714325202 
0 1 1 0.44439832459852047 10.637650714314576 
0 0 2 0.710869707639736 13.331334398016477 
0 -1 2 0.7108697076397373 13.331334393858546 
0 -2 1 0.37179195584031594 13.608585605025176 
0 -3 1 0.37179195584031816 13.608585346361341 
0 -4 0 0.8864761396112689 10.701541564469878 
0 -5 0 0.8864761396105041 10.701541474042118 
0 -6 0 2.219990551514953 7.646912060663416 
1 -6 0 4.585786437626904 7.414213562373095 
0 -7 0 2.2199905515149547 7.646912060663412 
1 -7 0 4.585786437626906 7.414213562373095 
-1 4 0 3.3819660112501055 6.618033988749895 
-1 3 0 3.381966011250105 6.618033988749894 
-1 2 0 1.6332492863245085 9.79049158728617 
-1 1 0 1.6332492863246526 9.790491475799222 
-1 0 0 0.5890225824423854 12.703947973137549 
-1 -1 0 0.5890225824425817 12.703947973058476 
-1 -2 0 0.37179195604431703 13.999999918955462 
-1 -3 0 0.3717919558403344 13.999999936954591 
-1 -4 0 0.7737949782398248 12.194853657446732 
-1 -5 0 0.7737949786226759 12.194867714941653 
-1 -6 0 1.9269013515275775 8.268864878540679 
-1 -7 0 1.9269013604610254 8.268864629432601 
-1 -8 0 4.0 4.0 
0 -8 0 4.0 4.0 
-1 -9 0 4.0 4.0 
0 -9 0 4.0 4.0 
-2 2 0 4.186393497351668 9.000000000000002 
-2 1 0 4.18639349735167 9.000000000000002 
-2 0 0 2.291180166014032 10.944491444930083 
-2 -1 0 2.29118016601392 10.94449130791731 
-2 -2 0 1.0811337600393573 13.999999954291319 
-2 -3 0 1.0811337581064293 13.99999999999982 
-2 -4 0 0.7737949783513113 12.984693725923364 
-2 -5 0 0.7737949791990515 12.984693966432744 
-2 -6 0 1.708597480447105 9.788671555024209 
-2 -7 0 1.7085974785120888 9.788671555024367 
-2 -8 0 4.0 4.0 
-2 -9 0 4.0 4.0 
-3 0 0 6.0 10.0 
-3 -1 0 6.000000000000003 10.000000000000002 
-3 -2 0 3.8594049975541735 12.012622851014685 
-3 -3 0 3.859404997554173 12.012622851014676 
-3 -4 0 2.330816049220559 12.984693973473355 
-3 -5 0 2.330816049220618 12.984693973473355 
-3 -6 0 1.7085974779356188 10.56155281280883 
-3 -7 0 1.7085974779356183 10.56155281280883 
-3 -8 0 4.0 4.0 
-3 -9 0 4.0 4.0 
-4 -2 0 11.0 11.0 
-4 -3 0 11.0 11.0 
-4 -4 0 6.627718676730986 12.372281323269014 
-4 -5 0 6.627718676730986 12.372281323269014 
-4 -6 0 5.0 10.56155281280883 
-4 -7 0 5.0 10.56155281280883 
-4 -8 0 4.0 4.0 
-4 -9 0 4.0 4.0 
