1 3 0 1.9999999999999998 4.0 
2 3 0 4.0 4.0 
1 2 0 2.0 4.0 
2 2 0 4.0 4.0 
1 1 0 1.4530484824648862 8.0 
2 1 0 8.0 8.0 
1 0 0 1.4530484824648842 7.999999999999998 
2 0 0 8.0 8.0 
0 3 0 1.9999999999999998 4.000000000000001 
0 2 0 2.0 4.0 
0 1 0 0.5258063413896246 7.23606797749979 
0 0 0 0.5258063413896229 7.236067977499789 
0 -1 0 0.4363621076656798 7.506172413772654 
1 -1 0 2.4384471871911684 7.0 
0 -2 0 0.4363621076656803 7.506172413772652 
1 -2 0 2.4384471871911697 6.999999999999999 
-1 3 0 2.000000000000001 4.0 
-1 2 0 2.0 3.9999999999999996 
-1 1 0 0.5258063413896243 6.586874512018428 
-1 0 0 0.5258063413896231 6.586874512018427 
-1 -1 1 0.4363621076656799 7.506172413772657 
-1 -2 1 0.43636210766567884 7.506172413772651 
-1 -3 2 0.6570769172228291 5.7320508075688785 
0 -3 0 0.6570769172228296 5.000000000000001 
-1 -4 2 0.657076917222829 5.732050807568875 
0 -4 0 0.6570769172228307 5.0 
-2 1 0 6.0 6.0 
-2 0 0 6.0 6.0 
-2 -1 0 3.5188056959079845 7.170086486626034 
-2 -2 0 3.518805695907984 7.170086486626033 
-2 -3 0 2.2679491924311224 5.732050807568877 
-2 -4 0 2.267949192431123 5.732050807568877 
-2 -5 0 2.0 2.0 
-1 -5 1 2.0 2.0 
-2 -6 0 2.0 2.0 
-1 -6 1 2.0 2.0 
