2 8 0 0.43844718719116943 4.561552812808831 
3 8 0 0.43844718719116965 4.561552812808831 
2 7 0 0.43844718719116965 4.561552812808829 
3 7 0 0.4384471871911699 4.561552812808831 
2 6 1 1.3819660112501042 6.7912878474779195 
3 6 0 1.3819660112501049 6.236067977499789 
2 5 1 1.3819660112501035 6.79128784747792 
3 5 0 1.3819660112501049 6.236067977499788 
2 4 0 0.8633178718924533 7.18499994885344 
3 4 0 2.518805695907985 6.170086486626034 
2 3 0 0.8633178718924523 7.184999948853443 
3 3 0 2.5188056959079845 6.170086486626032 
2 2 0 4.0 4.0 
3 2 0 4.0 4.0 
2 1 0 4.0 4.0 
3 1 0 4.0 4.0 
1 6 0 2.2087121525220796 6.791287847477921 
1 5 0 2.20871215252208 6.791287847477922 
1 4 0 0.863317871892454 8.000000000000002 
1 3 0 0.8633178718924548 8.000000000000002 
1 2 0 4.0 7.0 
1 1 0 3.9999999999999996 7.0 
0 6 0 3.0 3.0 
0 5 0 3.0 3.0 
0 4 1 3.697224362268005 8.0 
0 3 1 3.697224362268007 8.0 
0 2 1 1.45861873485089 7.541381265149109 
0 1 1 1.4586187348508906 7.541381265149112 
-1 4 0 5.0 5.0 
-1 3 0 5.0 5.0 
-1 2 0 1.45861873485089 7.54138126514911 
-1 1 0 1.45861873485089 7.54138126514911 
-1 0 0 1.0 1.0 
0 0 0 1.0 1.0 
-1 -1 0 1.0 1.0 
0 -1 0 1.0 1.0 
