0 0 1 3.0 3.9999999999999996 
1 0 0 4.0 4.0 
0 -1 1 2.999999999999999 4.0 
1 -1 0 4.0 4.0 
0 -2 1 0.8540298353286682 11.034041835803494 
1 -2 0 4.452493386835024 11.03404183580349 
0 -3 1 0.8540298353286632 11.034041835803489 
1 -3 0 4.452493386835024 11.034041835803492 
0 -4 0 0.5492735875270972 13.172072354971656 
1 -4 0 6.1404766113847815 12.433664629783287 
0 -5 0 0.5492735876330028 13.172072354971657 
1 -5 0 6.140476611384782 12.433664629783287 
0 -6 0 1.853343448686104 13.000000000000002 
1 -6 0 11.0 11.0 
0 -7 0 1.853343448686103 13.0 
1 -7 0 11.0 11.0 
-1 0 0 3.0 3.0 
-1 -1 0 3.0 3.0 
-1 -2 1 0.8540298353286636 9.491831521454294 
-1 -3 1 0.8540298353286654 9.491831491980696 
-1 -4 0 0.5492735875267784 13.172072318795257 
-1 -5 0 0.5492735875267546 13.172071654805444 
-1 -6 0 1.0718862566363303 13.61119403064676 
-1 -7 0 1.0718862566938876 13.611194029378172 
-1 -8 0 1.9891377222692121 10.770366788498219 
0 -8 0 4.267949192431121 9.000000000000002 
-1 -9 0 1.989137722269201 10.770367066775961 
0 -9 0 4.267949192431122 9.000000000000002 
-2 0 0 3.0 3.0 
-2 -1 0 3.0 3.0 
-2 -2 0 1.176977461360938 7.967949285001916 
-2 -3 0 1.176977461360941 7.9679492850019145 
-2 -4 1 0.5982566552593885 12.79476134249227 
-2 -5 1 0.5982566552593864 12.794761335670549 
-2 -6 1 0.5309826320709505 13.999999994672454 
-2 -7 1 0.5309826320709509 13.999999999226693 
-2 -8 0 0.8627145843541386 12.999999996978147 
-2 -9 0 0.8627145843444736 12.999999989220003 
-2 -10 0 2.247304268255883 8.54856532916018 
-1 -10 0 4.585786437626905 7.414213562373095 
-2 -11 0 2.2473042682558817 8.548565329160178 
-1 -11 0 4.585786437626905 7.414213562373095 
-3 -2 0 3.438447187191171 7.561552812808831 
-3 -3 0 3.4384471871911697 7.561552812808831 
-3 -4 0 1.6723137219651043 10.593334320367438 
-3 -5 0 1.6723137219887996 10.593334320376686 
-3 -6 0 0.5309826326501643 13.999999950238006 
-3 -7 0 0.5309826322063492 13.999999863060038 
-3 -8 1 0.8627145843428623 13.718479505267329 
-3 -9 1 0.8627145843428581 13.718507049228458 
-3 -10 0 0.8545107006777775 10.999999999897282 
-3 -11 0 0.8545107006773268 10.99999999999612 
-3 -12 0 4.0 4.0 
-2 -12 0 4.0 4.0 
-3 -13 0 4.0 4.0 
-2 -13 0 4.0 4.0 
-4 -4 0 5.20871215252208 9.791287847477918 
-4 -5 0 5.20871215252208 9.79128784747792 
-4 -6 0 1.9409256740735117 11.938995618194262 
-4 -7 0 1.9409256740735115 11.938995616915093 
-4 -8 1 1.4053498357376215 13.717971082743873 
-4 -9 1 1.4053498357366567 13.718434320330003 
-4 -10 0 0.40081995925762404 11.63305957191941 
-4 -11 0 0.4008199592576237 11.633059571936135 
-4 -12 0 1.5358983848622454 8.464101615137753 
-4 -13 0 1.5358983848622458 8.464101615137753 
-5 -4 0 6.0 6.0 
-5 -5 0 6.0 6.0 
-5 -6 0 2.8120043862987445 11.000000000000002 
-5 -7 0 2.8120043862987445 11.0 
-5 -8 0 1.4053498357398997 12.37228038970289 
-5 -9 0 1.4053498357431624 12.37228132326901 
-5 -10 0 0.4008199592706292 11.633059571939151 
-5 -11 0 0.400819959257626 11.633059388963318 
-5 -12 1 1.535898384862245 9.14005494464026 
-5 -13 1 1.5358983848622456 9.140054944640259 
-6 -6 0 8.0 8.0 
-6 -7 0 8.0 8.0 
-6 -8 0 4.2087121525220805 11.000000000000002 
-6 -9 0 4.2087121525220805 11.000000000000002 
-6 -10 0 2.837722339831621 11.491360057761783 
-6 -11 0 2.8377223398316214 11.491360057761787 
-6 -12 0 1.8599450553597403 9.14005494464026 
-6 -13 0 1.8599450553597405 9.140054944640259 
-6 -14 0 1.0 1.0 
-5 -14 0 1.0 1.0 
-6 -15 0 1.0 1.0 
-5 -15 0 1.0 1.0 
