4 12 0 3.0 3.0 
5 12 0 3.0 3.0 
4 11 0 3.0 3.0 
5 11 0 3.0 3.0 
4 10 0 1.6401837515479556 9.959341441174164 
5 10 0 4.570826270162866 9.95934144117416 
4 9 0 1.6401837515479571 9.959341441174164 
5 9 0 4.570826270162866 9.95934144117416 
4 8 0 2.440386513090617 13.017291242984134 
5 8 0 6.428798577451878 11.714478744387764 
4 7 0 2.44038651306929 13.017291208971681 
5 7 0 6.428798577451879 11.714478744387765 
4 6 0 4.17476625123844 11.999999999999998 
5 6 0 10.0 10.0 
4 5 0 4.17476625123844 12.000000000000002 
5 5 0 10.0 10.0 
3 12 0 3.0 3.0 
3 11 0 3.0 3.0 
3 10 0 0.9451134046246671 9.474079891171089 
3 9 0 0.945113405103444 9.474079891170923 
3 8 0 0.679260920159054 13.01729124005455 
3 7 0 0.6792609201590241 13.017291233459042 
3 6 0 0.9969611760859428 13.999999956748267 
3 5 0 0.9969611760859125 13.999999958152124 
3 4 0 2.774519078568887 10.692131095388477 
4 4 0 6.999999999999999 9.0 
3 3 0 2.774519078561796 10.69213110968776 
4 3 0 7.0 9.0 
2 12 0 3.0 3.0 
2 11 0 3.0 3.0 
2 10 0 0.9451134046215244 8.393981313443767 
2 9 0 0.9451134046215232 8.393981313443764 
2 8 1 0.6792609201586762 12.29599908934934 
2 7 1 0.6792609201586742 12.295998823392496 
2 6 2 0.9969611760859108 13.999999876903304 
2 5 2 0.996961176085904 13.999999997273186 
2 4 1 0.9723391251173521 12.771688449303422 
2 3 1 0.9723391251173464 12.771688452136408 
2 2 0 1.7257104342478065 8.928450523986456 
3 2 0 5.000000000000001 6.999999999999999 
2 1 0 1.7257104342478078 8.928450523986447 
3 1 0 5.0 7.0 
1 10 0 3.3819660112501055 6.618033988749895 
1 9 0 3.381966011250105 6.618033988749896 
1 8 0 1.8587197472307306 10.818984594503714 
1 7 0 1.8587197472308505 10.818984621241219 
1 6 0 0.8911316448703437 13.688225664222093 
1 5 0 0.891131644869271 13.688225141337044 
1 4 0 0.44993788352131076 13.535822268722084 
1 3 0 0.4499378839002827 13.535822149802605 
1 2 0 0.8778766459764537 10.346524929907364 
1 1 0 0.8778766459764573 10.346525652991817 
1 0 0 4.0 4.0 
2 0 0 4.0 4.0 
1 -1 0 4.0 4.0 
2 -1 0 4.0 4.0 
0 8 0 2.2943701708772077 9.000000000000002 
0 7 0 2.294370170877207 9.000000000000002 
0 6 0 0.8911316448681078 12.999999999042684 
0 5 0 0.8911316448681084 12.999999995318284 
0 4 1 0.4499378834491782 13.691142318502907 
0 3 1 0.44993788344917945 13.691142318113583 
0 2 2 1.4470715463660673 12.040180865629395 
0 1 2 0.8778766459764518 12.040180865629353 
0 0 1 1.2679491924311226 5.414213562373096 
0 -1 1 1.2679491924311233 5.414213562373095 
-1 6 0 3.8899079289771845 11.0 
-1 5 0 3.889907928977184 10.999999999999995 
-1 4 0 2.3629580973682898 13.69114232259308 
-1 3 0 2.3629580973682938 13.691142322593086 
-1 2 0 1.6751391179715904 13.162277660168376 
-1 1 0 1.6751391179715944 13.16227766016838 
-1 0 0 1.2679491924311228 5.999999999999999 
-1 -1 0 1.2679491924311224 6.0 
-2 4 0 13.0 13.0 
-2 3 0 13.0 13.0 
-2 2 0 6.837722339831621 13.162277660168378 
-2 1 0 6.837722339831622 13.16227766016838 
-2 0 0 6.0 6.0 
-2 -1 0 6.0 6.0 
