2 4 0 3.0 5.0 
3 4 0 5.0 5.0 
2 3 0 3.0000000000000004 5.0 
3 3 0 5.0 5.0 
2 2 0 2.901255552651098 13.54138126514911 
3 2 0 7.45861873485089 13.541381265149111 
2 1 0 2.901255552651093 13.54138126514911 
3 1 0 7.458618734850892 13.54138126514911 
2 0 0 3.722745956929507 16.0 
3 0 0 13.0 13.0 
2 -1 0 3.722745956929503 16.0 
3 -1 0 13.0 13.0 
1 4 0 2.999999999999999 5.0 
1 3 0 2.9999999999999987 5.0 
1 2 0 2.2538701878533254 12.666908201260435 
1 1 0 2.253870187835175 12.666908201233284 
1 0 0 2.1125291645160083 15.999999809792806 
1 -1 0 2.112529166749778 15.999999999978188 
1 -2 0 2.605364147647816 13.999999999783467 
2 -2 0 8.267949192431123 12.0 
1 -3 0 2.6053641476478124 13.999999997053724 
2 -3 0 8.267949192431123 11.999999999999998 
0 4 0 3.0 5.0 
0 3 0 2.9999999999999996 5.0 
0 2 0 1.5330850493035149 11.63863442997807 
0 1 0 1.5330850492957868 11.638634464042006 
0 0 0 0.821826294575001 15.05426836791457 
0 -1 0 0.8218262945659667 15.054268380239305 
0 -2 0 0.6437605672736574 15.606919044427116 
0 -3 0 0.6437605672613596 15.606918642946392 
0 -4 0 1.5350015506938022 11.999999253649552 
1 -4 0 5.2679491924311215 10.732050807568875 
0 -5 0 1.5350015506485126 11.99999997278865 
1 -5 0 5.26794919243112 10.73205080756888 
-1 4 0 3.0000000000000004 5.0 
-1 3 0 3.0 5.0 
-1 2 1 1.5330850492946273 10.262592075501198 
-1 1 1 1.5330850492980905 10.262592075501152 
-1 0 4 1.17844569162186 13.555390707920226 
-1 -1 4 0.8218262945637415 13.5553909199875 
-1 -2 6 1.7165042494628495 15.60732493572045 
-1 -3 6 1.6903378261953947 15.607000334281723 
-1 -4 4 0.8236706243878931 13.565595176507502 
-1 -5 4 0.8236706243878933 13.565595786557662 
-1 -6 1 1.532791905073437 10.063170890662821 
0 -6 0 4.000000000000001 8.0 
-1 -7 1 1.5327919050744838 10.063170700632948 
0 -7 0 4.000000000000001 8.0 
-2 2 0 3.9999999999999996 8.561552812808829 
-2 1 0 3.999999999999998 8.561552812808829 
-2 0 0 1.4351018368227761 11.999999912131306 
-2 -1 0 1.4351018368230848 11.999999967563227 
-2 -2 0 0.6385971340149839 15.607357230663633 
-2 -3 0 0.6385971340212234 15.607357434986124 
-2 -4 0 0.8236706243891695 15.050914493982344 
-2 -5 0 0.8236706243898388 15.050914492371247 
-2 -6 0 1.5327919050738765 11.500672336625055 
-2 -7 0 1.532791905088301 11.500672343735706 
-2 -8 0 3.0 5.0 
-1 -8 0 3.0000000000000004 4.999999999999999 
-2 -9 0 2.9999999999999996 5.0 
-1 -9 0 3.0 5.0 
-3 0 0 5.438447187191169 10.56155281280883 
-3 -1 0 5.438447187191169 10.56155281280883 
-3 -2 0 2.577563701771106 13.999999998571093 
-3 -3 0 2.577563696810813 13.999999422108642 
-3 -4 0 2.0751310787285475 15.999999612833811 
-3 -5 0 2.0751310808152543 15.999999999980918 
-3 -6 0 2.289180273822575 12.930288097476195 
-3 -7 0 2.2891802789774154 12.930288097476211 
-3 -8 0 2.9999999999999996 5.0 
-3 -9 0 2.9999999999999996 5.000000000000001 
-4 -2 0 7.438447187191169 11.999999999999998 
-4 -3 0 7.438447187191167 12.0 
-4 -4 0 3.6980987359973363 16.0 
-4 -5 0 3.6980987359973323 16.0 
-4 -6 0 2.85386107857527 13.854101966249683 
-4 -7 0 2.853861078575271 13.854101966249686 
-4 -8 0 3.000000000000001 5.0 
-4 -9 0 3.0 5.0 
-5 -4 0 13.0 13.0 
-5 -5 0 13.0 13.0 
-5 -6 0 7.145898033750315 13.854101966249686 
-5 -7 0 7.145898033750316 13.854101966249685 
-5 -8 0 5.0 5.0 
-5 -9 0 5.0 5.0 
