3 5 0 2.829913513373966 7.000000000000001 
4 5 0 7.0 7.0 
3 4 0 2.829913513373969 7.000000000000001 
4 4 0 7.0 7.0 
3 3 0 3.4605587061137495 14.586874512018424 
4 3 0 8.525806341389625 14.58687451201843 
3 2 0 3.4605587060738623 14.586874512018413 
4 2 0 8.525806341389623 14.586874512018428 
3 1 0 4.567151895935214 18.473564911519986 
4 1 0 11.607655654370378 17.717741117463998 
3 0 0 4.567151882801038 18.473563853692006 
4 0 0 11.607655654370376 17.71774111746401 
3 -1 0 6.2557824349385625 17.904058184386162 
4 -1 0 17.0 17.0 
3 -2 0 6.255782434942629 17.904057324261153 
4 -2 0 17.0 17.0 
2 5 0 2.8299135133739672 7.000000000000001 
2 4 0 2.829913513373966 7.000000000000001 
2 3 0 1.3131438168528549 14.390785148301168 
2 2 0 1.3131438169536076 14.390785148337672 
2 1 0 1.6563221106897243 18.473565127363464 
2 0 0 1.6563221105544579 18.47356511759007 
2 -1 0 2.4960012295014713 19.999999999873857 
2 -2 0 2.4960012301623222 19.99999983345274 
2 -3 0 4.118200999604841 16.7943762679562 
3 -3 0 9.255173922318075 16.0 
2 -4 0 4.118200999604768 16.794375420094365 
3 -4 0 9.255173922318074 15.999999999999996 
1 5 0 2.829913513373964 7.000000000000002 
1 4 0 2.8299135133739663 6.999999999999998 
1 3 0 1.2974245603086434 14.352086013658232 
1 2 0 1.297424560308633 14.352086293871382 
1 1 0 0.8456393204108971 17.04403523389955 
1 0 0 0.8456393203811142 17.044035999787674 
1 -1 0 1.1751691986016684 19.999999953430994 
1 -2 0 1.1751691986153665 19.999999525542858 
1 -3 0 1.801805256337957 17.865459282203027 
1 -4 0 1.8018052563125326 17.86545926761224 
1 -5 0 3.2388661065253745 15.79423610585966 
2 -5 0 6.255173922318081 14.000000000000005 
1 -6 0 3.23886610497768 15.794236215332585 
2 -6 0 6.255173922318079 14.0 
0 5 0 2.829913513373967 6.481194304092014 
0 4 0 2.829913513373967 6.481194304092016 
0 3 0 1.2974245603086512 12.998126826938577 
0 2 0 1.2974245603100822 12.9981268269374 
0 1 1 0.7684326972504069 16.373704950386617 
0 0 1 0.7684326972504077 16.373704949901768 
0 -1 1 0.2638169943169508 19.208598979900493 
0 -2 1 0.26381699431695 19.208598963985555 
0 -3 0 0.1904730726502521 19.999999957603574 
0 -4 0 0.19047307264483865 19.99999997017581 
0 -5 0 0.8348781164306328 16.496772283493275 
0 -6 0 0.8348781164110615 16.496771829035886 
0 -7 0 2.4267804691378094 13.760655007243933 
1 -7 0 5.084276974517019 12.000000000000002 
0 -8 0 2.4267804691324546 13.76065506105375 
1 -8 0 5.084276974517018 11.999999999999998 
-1 5 0 4.000000000000001 6.0 
-1 4 0 4.000000000000001 6.0 
-1 3 0 2.297310625778534 11.156310072981835 
-1 2 0 2.297310625778533 11.156310173771766 
-1 1 0 0.7684326973828608 15.355164437404127 
-1 0 0 0.7684326972849131 15.355164774551724 
-1 -1 0 0.2638169943180843 17.59605134241296 
-1 -2 0 0.2638169943264842 17.59605065195454 
-1 -3 0 0.1904730726452054 19.99999996594437 
-1 -4 0 0.1904730726446807 19.99999930446433 
-1 -5 0 0.28602624609737326 17.99999999626371 
-1 -6 0 0.2860262458999145 17.999999996278007 
-1 -7 0 1.2273659146963491 15.111955814361593 
-1 -8 0 1.227365914709846 15.111955270332027 
-1 -9 0 2.2966786203475573 10.902223895391128 
0 -9 0 4.084276974517018 9.000000000000002 
-1 -10 0 2.2966786203476435 10.902223896700283 
0 -10 0 4.084276974517018 9.000000000000004 
-2 3 0 4.379189448455495 9.626499736352411 
-2 2 0 4.379189448455496 9.626499736352411 
-2 1 0 2.6031880525289433 13.732025262236995 
-2 0 0 2.6031880506197878 13.732023748491226 
-2 -1 0 1.0130983534808888 16.795934511703976 
-2 -2 0 1.0130983541022704 16.79593523352045 
-2 -3 0 0.3697543793717616 19.999999022702465 
-2 -4 0 0.36975437937185157 19.999999118468644 
-2 -5 0 0.2860262459010078 19.688516200257112 
-2 -6 0 0.28602624590091846 19.688516203434304 
-2 -7 0 0.6454695345268513 16.004151706570315 
-2 -8 0 0.6454695345261438 16.00415170147978 
-2 -9 0 2.019861879710325 12.47028871743334 
-2 -10 0 2.0198618764484277 12.470288717426538 
-2 -11 0 3.999999999999999 6.0 
-1 -11 0 3.999999999999999 6.0 
-2 -12 0 3.999999999999999 6.0 
-1 -12 0 4.0 6.0 
-3 1 0 5.185183641279361 12.499599491732106 
-3 0 0 5.185183641279359 12.499599491732102 
-3 -1 0 3.2461895613089533 15.785445103922982 
-3 -2 0 3.2461895643745753 15.785445153169741 
-3 -3 0 1.4053641464766395 17.94442292407753 
-3 -4 0 1.4053641479447139 17.944421575097447 
-3 -5 0 0.8758558594315609 19.999999979257918 
-3 -6 0 0.8758558594046988 19.99999976206231 
-3 -7 0 0.645469534530261 17.23640352622977 
-3 -8 0 0.6454695345285504 17.236403654424787 
-3 -9 0 0.8593374784788839 13.91075157524401 
-3 -10 0 0.8593374784788831 13.91075112535311 
-3 -11 0 3.9999999999999996 6.0 
-3 -12 0 3.999999999999999 6.000000000000002 
-4 -1 0 6.311729456869331 13.999999999999998 
-4 -2 0 6.311729456869333 14.000000000000002 
-4 -3 0 3.9589473113310807 16.99999999927587 
-4 -4 0 3.958947311331102 16.999999957196028 
-4 -5 0 2.099025301399615 19.999999985399253 
-4 -6 0 2.0990253014092457 19.999999511972753 
-4 -7 0 1.1293706317875711 18.799479828872958 
-4 -8 0 1.1293706317716008 18.79947982809687 
-4 -9 0 0.8593374791336994 15.31005262867593 
-4 -10 0 0.8593374786961422 15.310052628673155 
-4 -11 0 3.999999999999999 6.000000000000001 
-4 -12 0 3.9999999999999987 6.000000000000001 
-5 -3 0 8.627718676730984 15.0 
-5 -4 0 8.627718676730987 15.0 
-5 -5 0 6.413332445774892 17.999999992862502 
-5 -6 0 6.413332486792327 17.99999999523684 
-5 -7 0 4.7528414095652 18.799477932387283 
-5 -8 0 4.752841410019147 18.799479828862758 
-5 -9 0 3.352080856484978 16.898979485566354 
-5 -10 0 3.352080856484978 16.89897948556635 
-5 -11 0 4.000000000000001 6.0 
-5 -12 0 4.0 6.000000000000001 
-6 -5 0 16.0 16.0 
-6 -6 0 16.0 16.0 
-6 -7 0 8.876894374382339 17.123105625617665 
-6 -8 0 8.876894374382337 17.12310562561766 
-6 -9 0 7.101020514433645 16.898979485566358 
-6 -10 0 7.101020514433646 16.898979485566354 
-6 -11 0 6.0 6.0 
-6 -12 0 6.0 6.0 
