3 11 0 1.0 1.0 
4 11 0 1.0 1.0 
3 10 0 1.0 1.0 
4 10 0 1.0 1.0 
3 9 0 0.46337037879419707 7.7015621187164225 
4 9 0 1.2984378812835757 7.701562118716424 
3 8 0 0.46337037879419685 7.701562118716423 
4 8 0 1.2984378812835757 7.7015621187164225 
3 7 0 0.629672457120289 9.668363223399641 
4 7 0 2.627718676730985 8.372281323269016 
3 6 0 0.6296724571202885 9.668363223399638 
4 6 0 2.6277186767309857 8.372281323269014 
3 5 0 1.8803308573884105 8.0 
4 5 0 6.0 6.0 
3 4 0 1.8803308573884114 8.0 
4 4 0 6.0 6.0 
2 9 0 0.463370378794197 5.843404487333673 
2 8 0 0.46337037879419735 5.8434044873336735 
2 7 1 0.629672457120287 9.668363223399256 
2 6 1 0.6296724571202896 9.668363223399508 
2 5 1 1.1804315303285873 9.999999999949278 
2 4 1 1.180431530328586 9.99999999999988 
2 3 0 2.0000000000000004 6.732050807568877 
3 3 0 4.0 4.0 
2 2 0 2.0000000000000004 6.732050807568877 
3 2 0 4.0 4.0 
1 9 0 3.0 3.0 
1 8 0 3.0 3.0 
1 7 0 0.8197045191414414 7.999999999999999 
1 6 0 0.8197045191414409 7.999999999999999 
1 5 0 0.46849511664271587 9.999999999996504 
1 4 0 0.4684951166427172 9.999999999999671 
1 3 0 0.5920853278201403 7.740486792068038 
1 2 0 0.5920853278201378 7.7404867920680385 
0 7 0 2.5857864376269046 6.0 
0 6 0 2.5857864376269046 6.0 
0 5 0 0.4684951166427221 9.999999999999998 
0 4 0 0.46849511664271815 10.000000000000002 
0 3 1 0.5920853278201418 8.999999999999998 
0 2 1 0.5920853278201417 8.999999999999998 
0 1 1 2.0 3.0 
1 1 0 2.0 2.0 
0 0 1 2.0 2.9999999999999996 
1 0 0 2.0 2.0 
-1 5 0 8.0 8.0 
-1 4 0 8.0 8.0 
-1 3 0 4.0 9.000000000000002 
-1 2 0 4.000000000000001 9.0 
-1 1 0 3.0 3.0 
-1 0 0 3.0 3.0 
