2 6 0 0.9999999999999996 3.0 
3 6 0 3.0 3.0 
2 5 0 1.0000000000000004 3.0 
3 5 0 3.0 3.0 
2 4 0 0.9838075764559738 8.528917957294365 
3 4 0 3.6385312338141733 8.528917957294363 
2 3 0 0.9838075764559754 8.528917957294365 
3 3 0 3.638531233814172 8.528917957294361 
2 2 0 1.2050397539980056 11.13050137241804 
3 2 0 5.854897308799577 10.66907908828229 
2 1 0 1.2050397540005575 11.130501351380623 
3 1 0 5.854897308799578 10.66907908828229 
2 0 0 2.0809733815505074 10.999999999999998 
3 0 0 9.0 9.0 
2 -1 0 2.0809733815505105 10.999999999999996 
3 -1 0 9.0 9.0 
1 6 0 1.0 3.0 
1 5 0 1.0000000000000002 3.0 
1 4 0 0.4529372826009805 8.408747055719852 
1 3 0 0.45293728260096566 8.408747055719854 
1 2 0 0.44251399615226583 11.130501372443216 
1 1 0 0.442513996147578 11.130501359487312 
1 0 0 0.5911010236875546 11.680529759179228 
1 -1 0 0.591101023687557 11.680529769779644 
1 -2 0 1.6094304847778689 9.0 
2 -2 0 5.0 7.0 
1 -3 0 1.6094304847778689 9.0 
2 -3 0 4.999999999999999 7.0 
0 4 0 0.4529372826009624 6.4412909104124605 
0 3 0 0.4529372826009626 6.4412909104124605 
0 2 1 0.44251399611412356 10.44876027863105 
0 1 1 0.44251399611412473 10.44876027862522 
0 0 2 0.5911010236875457 11.730724658068192 
0 -1 2 0.5911010236875501 11.730724759337663 
0 -2 1 0.644253518550987 9.615353186743885 
0 -3 1 0.6442535185509868 9.615353187633529 
0 -4 0 0.9999999999999996 6.000000000000001 
1 -4 0 3.000000000000001 5.0 
0 -5 0 1.0 5.999999999999999 
1 -5 0 3.0 5.0 
-1 2 0 1.2103577903111167 8.76155718183189 
-1 1 0 1.210357790311118 8.761557181831893 
-1 0 0 0.7614017548030615 11.730723918355618 
-1 -1 0 0.7614017548780618 11.730724777991332 
-1 -2 0 0.644253518550989 10.924525262289231 
-1 -3 0 0.6442535195293793 10.924525240857703 
-1 -4 0 0.999999999999999 6.000000000000002 
-1 -5 0 1.0000000000000007 6.0 
-2 0 0 3.9439396936940123 10.841222070050062 
-2 -1 0 3.9439396936940097 10.841222070050062 
-2 -2 0 2.351412612867103 12.0 
-2 -3 0 2.3514126128671027 12.0 
-2 -4 0 3.000000000000001 6.000000000000001 
-2 -5 0 2.9999999999999996 6.000000000000001 
-3 -2 0 12.0 12.0 
-3 -3 0 12.0 12.0 
-3 -4 0 6.0 6.0 
-3 -5 0 6.0 6.0 
