2 6 1 2.0 3.0 
3 6 0 3.0 3.0 
2 5 1 2.0 3.0 
3 5 0 3.0 3.0 
2 4 1 0.930061141904106 9.0 
3 4 0 3.9999999999999996 9.0 
2 3 1 0.9300611419041047 8.999999999999996 
3 3 0 3.9999999999999996 9.0 
2 2 0 0.5830453263714449 10.000000000000002 
3 2 0 8.0 8.0 
2 1 0 0.5830453263714426 9.999999999999998 
3 1 0 8.0 8.0 
1 6 0 2.0 2.0 
1 5 0 2.0 2.0 
1 4 0 0.9300611419041037 7.725588448242582 
1 3 0 0.9300611419041043 7.72558844824258 
1 2 0 0.5830453263724988 9.999999999341135 
1 1 0 0.5830453263729355 9.99999999988077 
1 0 0 1.3653678719202584 7.814025693905065 
2 0 0 2.5857864376269046 6.0 
1 -1 0 1.3653678719202598 7.814025693905068 
2 -1 0 2.5857864376269055 6.0 
0 4 0 1.2019808294522438 5.450296206346292 
0 3 0 1.2019808294522434 5.450296206346293 
0 2 1 1.2639469775099232 10.0 
0 1 1 1.2639469775099246 10.000000000000002 
0 0 1 1.155666206746559 9.750555345892003 
0 -1 1 1.1556662067465622 9.750555345892002 
0 -2 0 0.5188056959079843 4.170086486626035 
1 -2 0 3.0 3.0 
0 -3 0 0.5188056959079844 4.170086486626034 
1 -3 0 3.0 3.0 
-1 2 0 1.9193955994290735 7.809785920127419 
-1 1 0 1.919395599429072 7.809785920127419 
-1 0 0 1.1556662067465604 10.0 
-1 -1 0 1.155666206746562 9.999999999999998 
-1 -2 0 0.5188056959079848 5.0 
-1 -3 0 0.5188056959079846 5.0 
-2 0 0 10.0 10.0 
-2 -1 0 10.0 10.0 
-2 -2 0 5.0 5.0 
-2 -3 0 5.0 5.0 
