4 14 0 0.9999999999999993 4.0 
5 14 1 0.9999999999999998 4.000000000000001 
4 13 0 0.9999999999999999 4.0 
5 13 1 0.9999999999999999 4.000000000000001 
4 12 1 0.9999999999999997 7.999999999999998 
5 12 0 0.9999999999999999 8.0 
4 11 1 0.9999999999999982 8.000000000000002 
5 11 0 1.0000000000000004 7.999999999999998 
4 10 1 1.9999999999999998 10.000000000000009 
5 10 0 1.9999999999999984 9.0 
4 9 1 1.999999999999998 10.000000000000007 
5 9 0 2.0 9.0 
4 8 0 2.000000000000001 9.0 
5 8 0 3.0 7.0 
4 7 0 2.000000000000001 8.999999999999998 
5 7 0 3.000000000000001 7.0 
4 6 0 5.0 7.0 
5 6 0 5.0 5.0 
4 5 0 5.0 7.0 
5 5 0 5.0 5.0 
3 14 0 2.0 2.0 
3 13 0 2.0 2.0 
3 12 1 2.999999999999999 8.0 
3 11 1 2.9999999999999996 8.000000000000002 
3 10 1 1.0000000000000013 10.000000000000005 
3 9 1 0.9999999999999952 10.0 
3 8 0 0.9999999999999961 10.0 
3 7 0 0.9999999999999956 10.000000000000005 
3 6 0 1.999999999999998 8.0 
3 5 0 2.000000000000001 8.0 
2 12 0 3.0 6.0 
2 11 0 3.0 6.0 
2 10 1 0.9999999999999999 10.000000000000004 
2 9 1 0.999999999999997 10.000000000000007 
2 8 3 1.0000000000000007 10.000000000000005 
2 7 3 1.0000000000000004 10.000000000000004 
2 6 2 1.9999999999999996 10.000000000000005 
2 5 2 1.9999999999999993 9.999999999999998 
2 4 0 1.9999999999999998 3.0 
3 4 0 3.0 3.0 
2 3 0 1.9999999999999998 3.0000000000000004 
3 3 0 3.0 3.0 
1 10 0 5.0 8.0 
1 9 0 5.0 8.0 
1 8 0 1.9999999999999998 10.000000000000002 
1 7 0 2.000000000000001 10.0 
1 6 0 1.9999999999999982 10.0 
1 5 0 2.0000000000000004 9.999999999999998 
1 4 0 2.0000000000000004 6.0 
1 3 0 1.9999999999999998 6.0 
0 10 0 5.0 5.0 
0 9 0 5.0 5.0 
0 8 0 2.0 8.0 
0 7 0 2.0 8.000000000000002 
0 6 1 1.9999999999999998 10.0 
0 5 1 2.0000000000000004 10.000000000000002 
0 4 2 3.9999999999999987 6.0 
0 3 2 4.0 6.0 
