2 4 1 3.0 4.0 
3 4 0 4.0 4.0 
2 3 1 2.9999999999999996 4.0 
3 3 0 4.0 4.0 
2 2 0 0.4624969755169185 11.0 
3 2 0 4.999999999999998 11.0 
2 1 0 0.46249697551691704 11.000000000000007 
3 1 0 5.000000000000001 11.000000000000002 
2 0 0 1.3763206335845295 14.948280656322579 
3 0 0 7.683375209644601 14.3166247903554 
2 -1 0 1.376320633717971 14.948280656322584 
3 -1 0 7.683375209644599 14.3166247903554 
2 -2 0 2.8566672777709177 14.0 
3 -2 0 12.0 12.0 
2 -3 0 2.8566672777709146 14.000000000000002 
3 -3 0 12.0 12.0 
1 4 0 3.0 3.0000000000000004 
1 3 0 3.0 3.0 
1 2 0 0.4624969755169194 9.811516917164962 
1 1 0 0.4624969755169208 9.811516917164962 
1 0 1 1.3763206335854574 14.948280654358257 
1 -1 1 1.3763206337819824 14.948280656244759 
1 -2 0 1.0582338615644171 15.999999591645565 
1 -3 0 1.058233861564929 15.999999999998625 
1 -4 0 3.111121430670779 11.999999704199391 
2 -4 0 5.267949192431123 10.000000000000002 
1 -5 0 3.1111214306708073 11.999999999999995 
2 -5 0 5.267949192431122 10.000000000000002 
0 4 0 3.0 3.0 
0 3 0 3.0 3.0 
0 2 0 1.2163258519032154 9.089296527824088 
0 1 0 1.2163258519032154 9.089296527824086 
0 0 2 1.7353052674666958 13.710156039466781 
0 -1 2 1.3958633143484036 13.710156040657298 
0 -2 1 0.3786256881938148 15.99999999474969 
0 -3 1 0.3786256881938158 15.999999993694754 
0 -4 0 0.8852956150680245 13.999999992350977 
0 -5 0 0.8852956155548903 13.999999262273674 
0 -6 0 2.6199123871428847 10.414213562373089 
1 -6 0 5.585786437626905 8.414213562373096 
0 -7 0 2.619912387142883 10.41421356237309 
1 -7 0 5.585786437626906 8.414213562373096 
-1 2 0 3.9999999999999996 8.56155281280883 
-1 1 0 4.000000000000002 8.56155281280883 
-1 0 0 2.039335803026129 12.525471341285645 
-1 -1 0 2.039335802330746 12.525471341277095 
-1 -2 1 0.37862568819381226 15.99999999760793 
-1 -3 1 0.3786256881938154 15.999999998776017 
-1 -4 1 0.4889497737425478 15.751547778568092 
-1 -5 1 0.48894977374254633 15.751472009831302 
-1 -6 0 0.9916012914243063 12.80478189248903 
-1 -7 0 0.9916012914256739 12.804781887800946 
-1 -8 0 3.5857864376269046 7.0 
0 -8 0 5.0 5.0 
-1 -9 0 3.5857864376269046 7.0 
0 -9 0 5.0 5.0 
-2 2 0 5.0 5.0 
-2 1 0 5.0 5.0 
-2 0 0 2.8036671478791555 11.0 
-2 -1 0 2.8036671478791546 11.0 
-2 -2 0 1.112243860693726 13.999999995844954 
-2 -3 0 1.1122438606905245 13.999999996508974 
-2 -4 1 0.48894977374254683 15.751388449605846 
-2 -5 1 0.4889497737425475 15.751547779716326 
-2 -6 2 0.9916012914242357 13.784302274488155 
-2 -7 2 0.991601291424233 13.784301976994662 
-2 -8 0 0.9447895559997198 10.70702799181549 
-2 -9 0 0.9447895561248336 10.707027994415157 
-3 0 0 7.0 9.0 
-3 -1 0 6.999999999999999 9.0 
-3 -2 0 2.719640080285827 12.999999999128333 
-3 -3 0 2.7196400802861787 12.999999998774193 
-3 -4 0 1.0054171583381954 14.486807168060874 
-3 -5 0 1.0054171598013788 14.486807840755363 
-3 -6 1 1.312251600143684 13.784301705508248 
-3 -7 1 1.3122516001437137 13.784302215200292 
-3 -8 0 0.3053445417216005 11.229188188515758 
-3 -9 0 0.30534454172184716 11.229188187819375 
-3 -10 0 1.2196677223201595 7.899598681232577 
-2 -10 0 3.0 3.0 
-3 -11 0 1.2196677223201593 7.899598681232579 
-2 -11 0 3.0 3.0 
-4 0 0 7.0 7.0 
-4 -1 0 7.0 7.0 
-4 -2 0 4.377938992465283 10.999999999999998 
-4 -3 0 4.3779389924652845 11.0 
-4 -4 0 2.771154986183604 13.327673001663483 
-4 -5 0 2.771154980377313 13.327672894302435 
-4 -6 0 1.6089624030628118 13.566476043299241 
-4 -7 0 1.608962403189027 13.566476030959581 
-4 -8 0 0.30534454172158326 11.229188180745616 
-4 -9 0 0.3053445419661472 11.229188168421292 
-4 -10 1 1.219667722320159 8.032934427829916 
-4 -11 1 1.2196677223201595 8.032934427829916 
-5 -2 0 9.0 9.0 
-5 -3 0 9.0 9.0 
-5 -4 0 6.5784435819039215 12.079145595248843 
-5 -5 0 6.57844358190392 12.079145595248843 
-5 -6 0 4.727018767243729 12.5524954556644 
-5 -7 0 4.727018767243732 12.552495455664397 
-5 -8 0 3.4621163479251456 11.182689242964626 
-5 -9 0 3.462116347925144 11.182689242964624 
-5 -10 0 2.2226743196073673 8.032934427829918 
-5 -11 0 2.2226743196073673 8.03293442782992 
-5 -12 0 1.0 1.0 
-4 -12 0 1.0 1.0 
-5 -13 0 1.0 1.0 
-4 -13 0 1.0 1.0 
