5 9 0 3.6765957239135227 10.000000000000002 
6 9 0 10.0 10.0 
5 8 0 3.676595723913522 10.0 
6 8 0 10.0 10.0 
5 7 0 4.861288525956817 19.999999999999996 
6 7 0 20.0 20.0 
5 6 0 4.8612885259568195 20.0 
6 6 0 20.0 20.0 
4 9 0 0.6765957239135216 10.0 
4 8 0 0.6765957239135203 10.0 
4 7 0 1.1569962696749756 18.4800732248559 
4 6 0 1.156996269672355 18.480073225533907 
4 5 0 2.408018128232253 19.999999997807567 
5 5 0 6.4932211541326295 17.999999999999996 
4 4 0 2.408018128232938 19.999999337853723 
5 4 0 6.493221154132626 18.0 
3 9 0 0.6765957239135212 9.0 
3 8 0 0.6765957239135211 9.000000000000004 
3 7 0 0.692893584327997 17.05456674102188 
3 6 0 0.6928935834568728 17.05456682043069 
3 5 0 0.4812723234857915 19.999999764815193 
3 4 0 0.48127232348252114 19.999999909645542 
3 3 0 1.0012084163987498 17.99999863040692 
4 3 0 3.1599382198683466 16.535731073278978 
3 2 0 1.00120841639362 17.999999271673186 
4 2 0 3.1599382198683466 16.535731073306312 
2 9 0 1.9999999999999993 7.999999999999998 
2 8 0 2.0000000000000004 7.999999999999999 
2 7 0 0.6928935834572685 15.686931557834178 
2 6 0 0.6928935834569114 15.686931561017712 
2 5 0 0.26023235997061417 19.764377797983624 
2 4 0 0.2602323600298571 19.76437790853771 
2 3 0 0.393192079449594 19.776142713942463 
2 2 0 0.3931920794487501 19.776136257248744 
2 1 0 0.9434355826066783 16.751183165766108 
3 1 0 2.986342265557139 13.803022403561549 
2 0 0 0.9434355830294684 16.751183638039056 
3 0 0 2.9863422662061323 13.803022402675328 
1 9 0 4.000000000000001 7.000000000000001 
1 8 0 3.9999999999999987 7.0 
1 7 0 2.0000000001345897 13.605837765130655 
1 6 0 2.0000000000000107 13.605837779085139 
1 5 0 0.2602323599590232 17.683565581821096 
1 4 0 0.26023235995924526 17.683565662360678 
1 3 0 0.0961094110054114 19.999999254765015 
1 2 0 0.09610941101299549 19.999999899745447 
1 1 0 0.3175843376117553 17.801493911124066 
1 0 0 0.3175843376160766 17.801492850238255 
1 -1 0 0.8870981285022663 14.328940275995585 
2 -1 0 2.9451499795891065 11.497814877681389 
1 -2 0 0.8870981285024618 14.328940419773616 
2 -2 0 2.9451499795905502 11.497814877689697 
0 9 0 6.0 6.0 
0 8 0 6.0 6.0 
0 7 0 3.824641216016856 12.096989765801013 
0 6 0 3.824641219271252 12.096989766196627 
0 5 0 0.9740892885630708 15.999998803378524 
0 4 0 0.9740892883005802 15.999999977389757 
0 3 0 0.09610941101038956 19.99999999907877 
0 2 0 0.09610941100521155 19.999999997835694 
0 1 1 0.3175843376117386 19.508203632487792 
0 0 1 0.31758433761173344 19.508203464180635 
0 -1 1 0.6250656315182199 16.45118036528337 
0 -2 1 0.6250656315182165 16.451180304357067 
0 -3 0 0.5857864376269055 11.75991609201133 
1 -3 0 3.3554540415334677 8.2379378765427 
0 -4 0 0.5857864388916004 11.759915969856426 
1 -4 0 3.355454041533467 8.237937876542698 
-1 7 0 6.0 9.999999999999998 
-1 6 0 5.999999999999997 10.0 
-1 5 0 2.8827427834610226 14.03468641015511 
-1 4 0 2.882742783460479 14.034685819685262 
-1 3 0 1.2791671831068 17.99999960059468 
-1 2 0 1.2791671836002543 17.99999958975987 
-1 1 0 0.8901990834493897 19.50820387317241 
-1 0 0 0.8901990833591888 19.508203677599287 
-1 -1 0 0.6250656315303834 17.43730759547852 
-1 -2 0 0.6250656322139381 17.437307597006974 
-1 -3 0 0.5857864376278855 14.284125910090179 
-1 -4 0 0.5857864376271783 14.284125908839709 
-1 -5 0 0.9999999999999996 8.436010714004157 
0 -5 0 4.0 4.0 
-1 -6 0 0.9999999999999983 8.436010714004155 
0 -6 0 4.0 4.0 
-2 7 0 8.0 8.0 
-2 6 0 8.0 8.0 
-2 5 0 5.135832151211447 12.109511919322646 
-2 4 0 5.1358321512114475 12.109511919322648 
-2 3 0 3.5270774589685177 15.999999903814356 
-2 2 0 3.5270774589677316 15.99999910559766 
-2 1 0 1.9751367780102098 18.216262609770638 
-2 0 0 1.9751367780167426 18.216262528924762 
-2 -1 0 1.1327839907044794 17.437307258675723 
-2 -2 0 1.1327839903403616 17.4373075118113 
-2 -3 0 1.0102572435643455 14.923907544445315 
-2 -4 0 1.0102572435568875 14.923906852122695 
-2 -5 0 1.0000000000000002 9.504888823141696 
-2 -6 0 1.000000000000002 9.504888823141687 
-3 5 0 9.999999999999998 10.0 
-3 4 0 10.0 10.0 
-3 3 0 6.26928499881566 14.000000000000002 
-3 2 0 6.269284998815664 14.000000000000005 
-3 1 0 3.7416723027491523 16.871780712382648 
-3 0 0 3.7416723032132224 16.8717807005692 
-3 -1 0 2.4294481185312713 17.263979197775143 
-3 -2 0 2.429448118528575 17.2639793658383 
-3 -3 0 1.8793314620522776 14.93342130581107 
-3 -4 0 1.879331459965664 14.93342130554416 
-3 -5 0 1.5857864376269057 9.595253369924658 
-3 -6 0 1.5857864376269064 9.595253369924654 
-3 -7 0 2.0 2.0 
-2 -7 0 2.0 2.0 
-3 -8 0 2.0 2.0 
-2 -8 0 2.0 2.0 
-4 3 0 12.0 12.0 
-4 2 0 12.0 12.0 
-4 1 0 8.151782922410517 15.175544387350497 
-4 0 0 8.151782922410513 15.1755443873505 
-4 -1 0 5.163960732930878 16.432670166511933 
-4 -2 0 5.163960732930873 16.432670166511944 
-4 -3 0 3.274645642360812 14.933421305814948 
-4 -4 0 3.274645642360812 14.933421305814946 
-4 -5 0 2.3463657486640725 9.595253369924654 
-4 -6 0 2.3463657486640725 9.595253369924656 
-4 -7 0 2.0 2.0 
-4 -8 0 2.0 2.0 
