4 10 0 2.0 2.0 
5 10 0 2.0 2.0 
4 9 0 2.0 2.0 
5 9 0 2.0 2.0 
4 8 0 1.310878869729305 12.274292811256219 
5 8 0 2.8373778882650726 12.274292811256222 
4 7 0 1.3108788697293046 12.274292811256217 
5 7 0 2.8373778882650726 12.27429281125622 
4 6 0 1.5554982560763666 16.840764685180687 
5 6 0 5.218625075152658 15.388790178043283 
4 5 0 1.5554982560763664 16.840764685264094 
5 5 0 5.218625075152656 15.38879017804328 
4 4 0 2.9335449787891763 17.727905152536678 
5 4 0 7.821596970468519 16.103187931728016 
4 3 0 2.9335449787610304 17.727904872200828 
5 3 0 7.821596970468514 16.103187931728023 
4 2 0 5.689225286521646 15.000000000000002 
5 2 0 12.0 12.0 
4 1 0 5.689225286521645 15.0 
5 1 0 12.0 12.0 
3 10 0 2.0 2.0 
3 9 0 2.0 2.0 
3 8 0 1.3108788697293041 11.83798007661705 
3 7 0 1.3108788697515357 11.837980076617038 
3 6 0 1.293621954406828 16.84076467566701 
3 5 0 1.2936219543095162 16.84076468383742 
3 4 0 1.2384319487384163 19.410241492501957 
3 3 0 1.238431946070288 19.41024109449618 
3 2 0 2.7090428578100383 17.999999999922125 
3 1 0 2.709042857878804 17.999999999508137 
3 0 0 4.588342706380247 13.13031912192363 
4 0 0 10.0 10.0 
3 -1 0 4.58834270638024 13.13031912192363 
4 -1 0 10.0 10.0 
2 8 0 1.3963388242157686 10.680411496852553 
2 7 0 1.39633882421577 10.680411496852551 
2 6 0 1.191687428093266 15.609382525670561 
2 5 0 1.1916874275456546 15.609382524970918 
2 4 0 0.6945358386178084 19.410241510384044 
2 3 0 0.6945358391386287 19.410241737985015 
2 2 0 1.3121618392423897 19.999999910753665 
2 1 0 1.3121618382433222 19.999999480207634 
2 0 0 2.947659599151316 15.999999985609085 
2 -1 0 2.947659598506515 15.999999998806365 
2 -2 0 5.697224362268005 11.0 
3 -2 0 8.0 8.0 
2 -3 0 5.697224362268005 11.000000000000005 
3 -3 0 8.0 8.0 
1 8 0 2.9999999999999996 5.0 
1 7 0 3.0 5.0 
1 6 0 1.1916874273374247 13.312596770857324 
1 5 0 1.1916874275582159 13.312596773467225 
1 4 0 0.4913032590728668 17.75626927022895 
1 3 0 0.49130325900789446 17.756269359423555 
1 2 0 0.22589232753096075 19.999999981525225 
1 1 0 0.22589232745863508 19.999999970067762 
1 0 0 0.5295037270260884 17.88086419737483 
1 -1 0 0.5295037270259823 17.880864204488063 
1 -2 0 2.4195773126101376 13.456514018653566 
1 -3 0 2.419577302256201 13.456514058444657 
0 6 0 1.941486525384872 10.709052283559192 
0 5 0 1.9414865253848597 10.709052283559192 
0 4 1 0.49130325894865834 15.878177702042205 
0 3 1 0.491303258948658 15.878177716303904 
0 2 3 0.225892327458608 19.853844604767975 
0 1 3 0.22589232745860724 19.853843422679507 
0 0 3 0.8407962556927108 19.881267844409578 
0 -1 3 0.8407962558457146 19.881264248332936 
0 -2 1 0.623520581699652 15.735104172188436 
0 -3 1 0.6235205816996545 15.735104527337603 
0 -4 0 1.9999999999999982 10.28140300067648 
1 -4 0 5.0 7.0 
0 -5 0 2.0000000000000027 10.281403000676482 
1 -5 0 5.000000000000001 6.999999999999999 
-1 6 0 4.999999999999999 7.0 
-1 5 0 4.999999999999999 6.999999999999999 
-1 4 0 2.182689412254344 13.032757766043577 
-1 3 0 2.182689412254463 13.032757761438312 
-1 2 0 0.7054475062678163 17.99999991937289 
-1 1 0 0.7054475062854432 17.99999985876259 
-1 0 0 0.26911566008293886 19.999998807478942 
-1 -1 0 0.26911566009214916 19.999998951688998 
-1 -2 0 0.6235205817000227 17.67949160484973 
-1 -3 0 0.6235205823276913 17.679491446067395 
-1 -4 0 1.1834972787606808 13.313985867103998 
-1 -5 0 1.1834972787606843 13.313986080557399 
-2 4 0 4.901892053197496 10.593463552193782 
-2 3 0 4.901892053197493 10.593463552193782 
-2 2 0 2.3895869145628055 15.54340549795588 
-2 1 0 2.389586914558378 15.543405479650728 
-2 0 0 1.0201755154313707 19.99999989302585 
-2 -1 0 1.02017551543397 19.999999863773073 
-2 -2 0 0.8745856698527859 19.542291921594817 
-2 -3 0 0.8745856698539203 19.54229208757986 
-2 -4 0 0.9711588719879968 14.871073197085087 
-2 -5 0 0.9711588718008609 14.871073118707988 
-2 -6 0 1.4384471871911697 5.56155281280883 
-1 -6 0 3.0000000000000004 5.0 
-2 -7 0 1.43844718719117 5.561552812808831 
-1 -7 0 3.0 5.0 
-3 2 0 5.485454687511762 12.82337254866491 
-3 1 0 5.485454687511762 12.823372548664905 
-3 0 0 2.285804646991575 17.886571789198168 
-3 -1 0 2.2858046526787374 17.886571786343612 
-3 -2 0 1.1400727910926212 19.99999999329664 
-3 -3 0 1.14007279136911 19.99999909769455 
-3 -4 0 0.9711588717534022 16.523018999997735 
-3 -5 0 0.9711588717574661 16.52301899999274 
-3 -6 0 1.318669356395023 6.32340427608648 
-3 -7 0 1.3186693563950236 6.323404276086478 
-4 0 0 6.558860688715343 15.000000000000004 
-4 -1 0 6.558860688715345 14.999999999999998 
-4 -2 0 3.4509373476212892 19.999999999999932 
-4 -3 0 3.4509373476212937 19.999999999999893 
-4 -4 0 2.0354414958879783 18.109772228614272 
-4 -5 0 2.0354414958882483 18.109772228645962 
-4 -6 0 1.3186693563950227 7.0 
-4 -7 0 1.3186693563950223 6.999999999999999 
-5 -2 0 17.0 17.0 
-5 -3 0 17.0 17.0 
-5 -4 0 8.890227771353553 18.109772228646445 
-5 -5 0 8.890227771353555 18.10977222864644 
-5 -6 0 7.0 7.0 
-5 -7 0 7.0 7.0 
