0 2 1 2.0000000000000004 3.0 
1 2 0 3.0 3.0 
0 1 1 2.0 3.0 
1 1 0 3.0 3.0 
0 0 1 0.5761431456478665 7.302775637731995 
1 0 0 3.697224362268005 7.302775637731994 
0 -1 1 0.5761431456478643 7.302775637731995 
1 -1 0 3.697224362268005 7.302775637731995 
0 -2 0 0.43344183351485904 7.6086992409761525 
1 -2 0 7.0 7.0 
0 -3 0 0.43344183351485793 7.6086992409761525 
1 -3 0 7.0 7.0 
-1 2 0 2.0 2.0 
-1 1 0 2.0 2.0 
-1 0 0 0.5761431456478668 6.656139962907154 
-1 -1 0 0.5761431456478648 6.656139962907154 
-1 -2 0 0.4334418335148577 8.000000000000002 
-1 -3 0 0.43344183351485843 8.0 
-1 -4 0 0.7639320225002104 6.5905642515099 
0 -4 0 1.5857864376269049 5.0 
-1 -5 0 0.7639320225002114 6.5905642515099 
0 -5 0 1.5857864376269049 4.999999999999998 
-2 0 0 3.0 5.0 
-2 -1 0 3.000000000000001 5.0 
-2 -2 0 1.1218187170781582 8.0 
-2 -3 0 1.1218187170781584 8.0 
-2 -4 0 0.7639320225002088 7.236067977499786 
-2 -5 0 0.7639320225002111 7.236067977499788 
-2 -6 0 2.0 2.0 
-1 -6 0 2.0 2.0 
-2 -7 0 2.0 2.0 
-1 -7 0 2.0 2.0 
-3 -2 0 6.0 6.0 
-3 -3 0 6.0 6.0 
-3 -4 0 2.76393202250021 7.23606797749979 
-3 -5 0 2.763932022500211 7.23606797749979 
-3 -6 0 2.0 2.0 
-3 -7 0 2.0 2.0 
