1 1 0 2.0 6.0 
2 1 0 6.0 6.0 
1 0 0 1.9999999999999998 6.0 
2 0 0 6.0 6.0 
1 -1 0 2.0563414579480646 12.000000000000004 
2 -1 0 12.0 12.0 
1 -2 0 2.0563414579480623 12.000000000000002 
2 -2 0 12.0 12.0 
0 1 1 1.9999999999999993 6.0 
0 0 1 1.9999999999999996 6.0 
0 -1 2 1.1399696081269701 11.156671275909362 
0 -2 2 1.1399696081269668 11.156671276484085 
0 -3 1 0.9129481310781501 11.718659283492428 
1 -3 0 3.5505102572168212 10.000000000000002 
0 -4 1 0.9129481310781506 11.717151298554484 
1 -4 0 3.5505102572168212 10.0 
-1 1 0 2.9999999999999996 5.000000000000001 
-1 0 0 3.0000000000000004 5.0 
-1 -1 0 1.139969608126969 9.999999997289422 
-1 -2 0 1.1399696081269688 9.999999808358965 
-1 -3 0 0.9129481310785832 11.999999999944986 
-1 -4 0 0.9129481310781508 11.99999999817893 
-1 -5 0 1.021477434169423 9.804086978446843 
0 -5 0 1.0214774341694226 8.759437786880207 
-1 -6 0 1.0214774341694906 9.804086956724195 
0 -6 0 1.0214774341694213 8.759437786880207 
-2 1 0 3.0 5.0 
-2 0 0 3.0 5.0 
-2 -1 0 1.1768766374856552 8.618206011325173 
-2 -2 0 1.1768766374856485 8.618206011325178 
-2 -3 1 0.9846475915032661 11.999999925609629 
-2 -4 1 0.9846475915032625 11.999999996253436 
-2 -5 2 1.4226087173285609 11.134544552747712 
-2 -6 2 1.285575047232809 11.134544551963211 
-2 -7 1 0.7532887354828436 7.562265204620403 
-1 -7 0 1.4071376319485454 6.414213562373095 
-2 -8 1 0.7532887354828463 7.562265204620401 
-1 -8 0 1.4071376319485456 6.414213562373096 
-3 -1 0 4.267949192431123 7.732050807568878 
-3 -2 0 4.267949192431122 7.732050807568878 
-3 -3 0 2.687579487213613 9.943238943540548 
-3 -4 0 2.687579487213614 9.943238943540548 
-3 -5 0 1.5400357575136596 11.134544530405018 
-3 -6 0 1.5400357575052046 11.134544552761225 
-3 -7 0 0.7532887354828438 8.732050807568875 
-3 -8 0 0.7532887354828399 8.73205080756888 
-3 -9 0 1.0 3.0 
-2 -9 0 0.9999999999999999 2.9999999999999996 
-3 -10 0 0.9999999999999997 3.0 
-2 -10 0 0.9999999999999999 3.0 
-4 -3 0 9.0 9.0 
-4 -4 0 9.0 9.0 
-4 -5 0 5.550510257216822 10.449489742783177 
-4 -6 0 5.550510257216822 10.449489742783179 
-4 -7 0 3.9999999999999982 8.732050807568875 
-4 -8 0 4.000000000000001 8.732050807568877 
-4 -9 0 3.0 3.0 
-4 -10 0 3.0 3.0 
