7 19 0 1.9999999999999993 5.0 
8 19 0 5.0 5.0 
7 18 0 1.9999999999999998 5.000000000000001 
8 18 0 5.0 5.0 
7 17 0 2.420184246736675 11.791287847477907 
8 17 0 6.0 11.79128784747792 
7 16 0 2.420184246736676 11.791287847477813 
8 16 0 6.000000000000002 11.791287847477921 
7 15 0 2.9572729093031858 14.59975076463766 
8 15 0 7.6050755030721495 14.103016535983821 
7 14 0 2.9572729093317918 14.599750744074452 
8 14 0 7.605075503072153 14.103016535983823 
7 13 0 4.089792439282735 16.212270229077976 
8 13 0 10.074577082222293 15.477352348008969 
7 12 0 4.089792385096947 16.21227046120797 
8 12 0 10.07457708222229 15.477352348008969 
7 11 0 5.78061265956888 14.858779509657337 
8 11 0 14.0 14.0 
7 10 0 5.780612659570849 14.858779509659222 
8 10 0 14.0 14.0 
6 19 1 1.9999999999999996 4.999999999999999 
6 18 1 2.0 5.000000000000002 
6 17 1 0.15709860952292723 11.719366673714227 
6 16 1 0.1570986095229241 11.719366673714674 
6 15 0 0.18112394015071714 14.59975080279847 
6 14 0 0.18112394014641078 14.599750005956327 
6 13 0 0.7535031357380719 16.86088659942 
6 12 0 0.7535031360347436 16.86088659568769 
6 11 0 1.6123317661798224 16.999999999863963 
6 10 0 1.6123317601769775 16.999999782111843 
6 9 0 2.847153020594872 13.654368707890818 
7 9 0 8.585786437626904 12.0 
6 8 0 2.8471530205948725 13.654368627740059 
7 8 0 8.585786437626906 12.0 
5 19 0 1.9999999999999996 4.0 
5 18 0 2.0 4.0 
5 17 0 0.15709860952292543 9.85969831245343 
5 16 0 0.15709860952292487 9.859698313339349 
5 15 1 0.1811239401458001 14.10383922074146 
5 14 1 0.18112394014580044 14.103839124387461 
5 13 1 0.35299587575744384 16.860886348981914 
5 12 1 0.35299587575744534 16.86088661428856 
5 11 0 0.4517705400106046 17.693674821254216 
5 10 0 0.4517705403100338 17.69367484613441 
5 9 0 1.7862178577392511 14.99999999991806 
5 8 0 1.7862178577358439 14.999999983305171 
5 7 0 3.076090665051411 11.672152412324781 
6 7 0 4.585786437626903 9.999999999999998 
5 6 0 3.0760906650502036 11.672152418052821 
6 6 0 4.585786437626907 9.999999999999996 
4 17 0 1.9999999999999996 7.999999999999999 
4 16 0 2.000000000000001 8.000000000000004 
4 15 1 0.7052190961752507 12.749123163452342 
4 14 1 0.7052190961752505 12.7491231561258 
4 13 1 0.3529958757574429 16.09706366259966 
4 12 1 0.3529958757574405 16.098153423429487 
4 11 0 0.45177054001499356 17.693674845629616 
4 10 0 0.45177054003658795 17.69367482538828 
4 9 0 0.8865269105386164 16.99999999997017 
4 8 0 0.8865269089220881 16.999999381583073 
4 7 0 1.9122016699319777 12.597034204224148 
4 6 0 1.9122016706247265 12.597034204608036 
4 5 0 4.999999999999999 7.0 
5 5 0 5.000000000000001 7.0 
4 4 0 5.0 7.000000000000001 
5 4 0 5.0 7.0 
3 15 0 3.2679491924311237 10.732050807568879 
3 14 0 3.2679491924311224 10.732050807568879 
3 13 0 0.38388141831654465 14.841044649507705 
3 12 0 0.38388141834421347 14.84104579421153 
3 11 1 0.5229579697485195 17.57146683900498 
3 10 1 0.5229579697485219 17.570319630414513 
3 9 1 0.5728442147290945 17.74007954028633 
3 8 1 0.5728442147290899 17.740079473382693 
3 7 0 0.8646380304808272 14.999999999897422 
3 6 0 0.8646380304851752 14.99999947640495 
3 5 0 3.0000000000000004 7.000000000000001 
3 4 0 2.9999999999999996 7.000000000000001 
2 13 0 4.763932022500211 12.73205080756888 
2 12 0 4.763932022500212 12.73205080756888 
2 11 0 1.266375376684406 16.87748128867714 
2 10 0 1.2663753767320471 16.877482030736203 
2 9 0 0.5728442147304331 17.999999989117573 
2 8 0 0.5728442147294774 17.999999995809624 
2 7 0 0.8646380305202637 15.730784601516085 
2 6 0 0.8646380305018622 15.730784600339272 
2 5 0 2.999999999999999 12.464101615137753 
2 4 0 2.9999999999999987 12.464101615137752 
1 13 0 6.0 8.0 
1 12 0 6.0 8.0 
1 11 0 1.438241847479102 14.732050807568879 
1 10 0 1.438241847479099 14.732050807568875 
1 9 1 1.3009663435481438 17.99999999075456 
1 8 1 1.3009663435481313 17.999999962698364 
1 7 2 0.8974328347616932 17.171395972742584 
1 6 2 0.897432834761695 17.171396065914415 
1 5 1 0.6586708328513964 12.517525307233411 
1 4 1 0.6586708328513978 12.517525307233404 
0 11 0 7.267949192431122 10.732050807568877 
0 10 0 7.267949192431122 10.732050807568877 
0 9 0 2.561798437779634 16.000000000000007 
0 8 0 2.561798437779626 16.000000000000007 
0 7 0 0.897432834763695 17.17139612190282 
0 6 0 0.8974328347921412 17.171396451385093 
0 5 0 0.6586708328513984 12.674998948209508 
0 4 0 0.6586708328513995 12.674998948209499 
0 3 0 0.9999999999999999 3.0 
1 3 0 1.0000000000000002 3.0 
0 2 0 1.0000000000000002 3.0 
1 2 0 0.9999999999999999 3.0 
-1 9 0 12.0 12.0 
-1 8 0 12.0 12.0 
-1 7 0 6.922873620986845 16.283987717540825 
-1 6 0 6.922873620986846 16.283987717540825 
-1 5 0 3.515808040773073 12.674998948209506 
-1 4 0 3.5158080407730745 12.674998948209504 
-1 3 0 3.0 3.0 
-1 2 0 3.0 3.0 
