3 5 0 2.684738751934078 8.999999999999996 
4 5 0 9.0 9.0 
3 4 0 2.684738751934079 9.000000000000002 
4 4 0 9.0 9.0 
3 3 0 3.952657384016325 18.000000000000004 
4 3 0 18.0 18.0 
3 2 0 3.9526573840163204 18.000000000000007 
4 2 0 18.0 18.0 
2 5 0 2.4255842108456274 8.468099362600407 
2 4 0 2.4255842108456274 8.468099362600407 
2 3 0 2.1464902456456465 16.7737994688169 
2 2 0 2.146490243310844 16.773799500387472 
2 1 0 2.5706821436390803 17.999999978910612 
3 1 0 5.764527065220697 16.0 
2 0 0 2.5706821436482996 17.999999997980197 
3 0 0 5.764527065220693 16.000000000000004 
1 5 0 2.425584210845629 8.019278228065417 
1 4 0 2.425584210845628 8.01927822806542 
1 3 0 1.4461731416072185 15.270033158093332 
1 2 0 1.446173142356955 15.270032290264712 
1 1 0 0.8746105242616601 17.999999975912605 
1 0 0 0.8746105242336213 17.999999340827124 
1 -1 0 1.831853580455196 15.925271120714257 
2 -1 0 4.2089794020400015 14.821837205923531 
1 -2 0 1.8318535805021394 15.925270268538169 
2 -2 0 4.208979402040003 14.821837206385274 
0 5 0 2.999999999999999 7.999999999999999 
0 4 0 2.999999999999997 8.0 
0 3 1 1.41921148221596 13.921138075936046 
0 2 1 1.4192114808312044 13.921138062186154 
0 1 2 0.8746105242127207 17.564235485867865 
0 0 2 0.3786189448383203 17.564235865858105 
0 -1 1 0.2785919885005489 17.617416311468887 
0 -2 1 0.2785919885005478 17.617403347153 
0 -3 0 0.26136308725684904 14.602899973365489 
1 -3 0 2.9603482370986147 12.806549435602054 
0 -4 0 0.2613630872534667 14.602900919883576 
1 -4 0 2.9603482372191365 12.806549300459741 
-1 5 0 2.9999999999999987 7.618033988749894 
-1 4 0 3.0000000000000013 7.618033988749897 
-1 3 0 1.4192114808009015 12.496225551226896 
-1 2 0 1.4192114808007739 12.49622566594065 
-1 1 0 0.3786189448383383 15.90906164506324 
-1 0 0 0.37861894504801297 15.90906175499478 
-1 -1 0 0.2785919885014584 17.999999188168786 
-1 -2 0 0.27859198850836037 17.999999289634307 
-1 -3 0 0.2613630872864484 15.618051607490408 
-1 -4 0 0.2613630874146585 15.618051344428169 
-1 -5 0 0.6188146448270174 12.533898123534044 
0 -5 0 2.221343405261213 10.70487940105708 
-1 -6 0 0.6188146448185425 12.533898204199492 
0 -6 0 2.2213434052612167 10.704879321489635 
-2 5 0 6.0 6.0 
-2 4 0 6.0 6.0 
-2 3 0 3.7570604676605575 10.902524738900867 
-2 2 0 3.7570604676329733 10.902524578366505 
-2 1 0 2.069224653077528 14.522637762097661 
-2 0 0 2.069224653213201 14.52263821842782 
-2 -1 0 0.7294885750497121 17.999999986919878 
-2 -2 0 0.729488576029908 17.999999973148245 
-2 -3 0 0.5162090524667758 17.131586162556292 
-2 -4 0 0.5162090523923255 17.131586170484585 
-2 -5 0 0.6188146450583599 13.912987553188232 
-2 -6 0 0.6188146454948148 13.912987516448764 
-2 -7 0 1.5918770432150013 10.312539455109407 
-1 -7 0 1.6197764292949393 8.19997008059061 
-2 -8 0 1.591877043215002 10.31253945510941 
-1 -8 0 1.6197764292949388 8.199970080590608 
-3 3 0 8.0 8.0 
-3 2 0 8.0 8.0 
-3 1 0 4.426057114450429 12.999999999998503 
-3 0 0 4.426057114447586 12.99999999999764 
-3 -1 0 2.721744262096258 15.85981538298143 
-3 -2 0 2.7217442621600525 15.859814435598196 
-3 -3 0 1.6288992015435764 17.13158614719941 
-3 -4 0 1.6288991984737664 17.131586171161164 
-3 -5 0 1.3591649488257895 14.708350772459852 
-3 -6 0 1.359164944606647 14.708350773312976 
-3 -7 0 1.5918770432150022 11.36219993186533 
-3 -8 0 1.5918770432150025 11.362199931865359 
-3 -9 0 3.0 3.0 
-2 -9 0 3.0 3.0 
-3 -10 0 3.0 3.0000000000000004 
-2 -10 0 3.0 3.0 
-4 1 0 10.0 10.0 
-4 0 0 10.0 10.0 
-4 -1 0 5.6678398323429136 15.000000000000004 
-4 -2 0 5.6678398323429064 15.000000000000007 
-4 -3 0 3.6960404818320294 15.952761474874862 
-4 -4 0 3.6960404731392575 15.952761474881127 
-4 -5 0 2.291813855614277 14.708350773739792 
-4 -6 0 2.291813855614282 14.708350773736418 
-4 -7 0 1.9487902105964197 11.436663031009113 
-4 -8 0 1.9487902105964217 11.436663031009115 
-4 -9 0 2.9999999999999996 3.0 
-4 -10 0 3.0 3.0 
-5 -1 0 12.0 12.0 
-5 -2 0 12.0 12.0 
-5 -3 0 7.77634581570198 14.546012816166563 
-5 -4 0 7.77634581570198 14.546012816166563 
-5 -5 0 5.753217248268935 14.486657035687461 
-5 -6 0 5.753217248268937 14.48665703568746 
-5 -7 0 4.234554996881967 11.436663031009116 
-5 -8 0 4.234554996881967 11.436663031009115 
-5 -9 0 3.0 3.0 
-5 -10 0 3.0 3.0 
