2 6 0 2.0000000000000004 5.000000000000002 
3 6 0 5.0 5.0 
2 5 0 2.0 5.0 
3 5 0 5.0 5.0 
2 4 0 2.0911341927978806 10.601679131882372 
3 4 0 5.738197754740029 10.601679131883154 
2 3 0 2.091134192798667 10.601679131883078 
3 3 0 5.738197754740028 10.601679131883154 
2 2 0 2.683454860791083 13.047940269133933 
3 2 0 8.186393497351668 12.34292308277717 
2 1 0 2.683454860778158 13.047940180641 
3 1 0 8.18639349735167 12.34292308277717 
2 0 0 3.803550695408458 12.73565064088301 
3 0 0 12.0 12.0 
2 -1 0 3.8035506954084592 12.735650673447473 
3 -1 0 12.0 12.0 
1 6 1 2.0 5.0 
1 5 1 2.0 4.999999999999999 
1 4 2 0.4159906274862131 10.465994486814072 
1 3 2 0.4159906274862109 10.465994486952178 
1 2 1 0.270824115886113 13.047940317922956 
1 1 1 0.2708241158861154 13.047940317861128 
1 0 0 0.30813103122574353 13.42804487250165 
1 -1 0 0.3081310312301597 13.428044873759948 
1 -2 0 1.2082294301781151 11.605229213662788 
2 -2 0 6.585786437626905 10.000000000000002 
1 -3 0 1.208229428163669 11.605229210990874 
2 -3 0 6.585786437626906 10.0 
0 6 0 2.0 3.9999999999999996 
0 5 0 1.9999999999999998 4.0 
0 4 0 0.4159906274869192 9.306853972279985 
0 3 0 0.41599062751090593 9.306853973499612 
0 2 0 0.27082411588618716 12.465270490175163 
0 1 0 0.270824115893557 12.465270534157561 
0 0 0 0.3081310312244422 13.542075077170075 
0 -1 0 0.30813103122527985 13.542075550032461 
0 -2 0 0.7145308272416286 12.439713103749053 
0 -3 0 0.714530827158711 12.439713455387555 
0 -4 0 1.6811398940414497 9.622752989387388 
1 -4 0 2.585786437626905 7.999999999999999 
0 -5 0 1.6811398940679918 9.622752989388482 
1 -5 0 2.5857864376269055 8.000000000000002 
-1 4 0 2.6570769172228297 7.0 
-1 3 0 2.65707691722283 6.999999999999999 
-1 2 0 0.8573289573882414 11.461346855872328 
-1 1 0 0.8573289566484273 11.461346855749062 
-1 0 0 0.6505921552711733 13.542075552601002 
-1 -1 0 0.650592155271391 13.542075552482181 
-1 -2 0 0.7145308273396138 13.10606672549446 
-1 -3 0 0.7145308270896145 13.10606675516247 
-1 -4 0 1.5900012750832608 10.47254065244347 
-1 -5 0 1.5900012755825983 10.472531336361827 
-1 -6 0 2.9999999999999996 5.0 
0 -6 0 3.000000000000001 5.0 
-1 -7 0 2.999999999999999 5.0 
0 -7 0 2.9999999999999996 5.0 
-2 2 0 4.43844718719117 9.000000000000002 
-2 1 0 4.438447187191168 9.000000000000002 
-2 0 0 1.6990707302714243 12.999999999315461 
-2 -1 0 1.699070727160581 12.999999999995246 
-2 -2 0 1.3444460561435312 13.999999999852317 
-2 -3 0 1.3444460561221863 13.99999999907496 
-2 -4 0 1.5900012748067056 11.837720314496245 
-2 -5 0 1.5900012748067027 11.837720317225964 
-2 -6 0 2.999999999999999 5.0 
-2 -7 0 2.9999999999999996 5.0 
-3 0 0 6.438447187191169 11.0 
-3 -1 0 6.438447187191169 10.999999999999998 
-3 -2 0 3.447297377220373 14.000000000000005 
-3 -3 0 3.4472973772203788 14.000000000000002 
-3 -4 0 2.4083093149046007 12.0 
-3 -5 0 2.4083093149045998 11.999999999999998 
-3 -6 0 3.0 5.000000000000001 
-3 -7 0 3.0000000000000004 5.0 
-4 -2 0 12.0 12.0 
-4 -3 0 12.0 12.0 
-4 -4 0 7.0 12.0 
-4 -5 0 6.999999999999998 12.0 
-4 -6 0 5.0 5.0 
-4 -7 0 5.0 5.0 
