3 9 0 3.0 3.0 
4 9 0 3.0 3.0 
3 8 0 3.0 3.0 
4 8 0 3.0 3.0 
3 7 0 1.382539734591047 8.514136929335287 
4 7 0 3.3819660112501055 8.51413692933529 
3 6 0 1.3825397345910468 8.514136929335276 
4 6 0 3.381966011250105 8.514136929335292 
3 5 0 2.0130843389411304 11.867535153035144 
4 5 0 4.103800437589846 11.867535240867875 
3 4 0 2.013084338984858 11.867535173015002 
4 4 0 4.103800437589846 11.867535240867873 
3 3 0 2.871390369898625 13.582288107721062 
4 3 0 5.535218192125004 13.0334784362514 
3 2 0 2.8713903689483242 13.58228782155484 
4 2 0 5.535218192125005 13.033478436251396 
3 1 0 3.8242739053452595 13.522335077590032 
4 1 0 7.829913513373964 12.618033988749893 
3 0 0 3.824273880855323 13.522336234461335 
4 0 0 7.829913513373965 12.618033988749893 
3 -1 0 5.433884550313693 11.967740957090234 
4 -1 0 11.0 11.0 
3 -2 0 5.433884550313687 11.967740437502465 
4 -2 0 11.0 11.0 
2 9 0 3.0 3.0000000000000004 
2 8 0 3.0 3.0 
2 7 0 1.3825397346458237 8.047315580249814 
2 6 0 1.3825397346243102 8.047315566793879 
2 5 0 0.44966460566699135 11.823084945680943 
2 4 0 0.4496646056238605 11.823084947894705 
2 3 0 0.5554192757664738 14.151902819151857 
2 2 0 0.5554192757516577 14.151902743333379 
2 1 0 1.2802751920113158 14.374371035507957 
2 0 0 1.2802751921997533 14.37437103577348 
2 -1 0 2.4418299169158124 12.87205196927199 
2 -2 0 2.4418299170058644 12.872052293393372 
2 -3 0 4.0747415331925225 10.920907208442067 
3 -3 0 8.000000000000002 10.0 
2 -4 0 4.0747415332040555 10.920907208442037 
3 -4 0 8.0 10.0 
1 9 0 3.0 3.0 
1 8 0 3.0 3.0 
1 7 0 1.458657278327983 7.91027446276571 
1 6 0 1.458657278327984 7.910274462765706 
1 5 0 0.4496646056238474 11.10433898375311 
1 4 0 0.4496646060483904 11.104338984367477 
1 3 0 0.21920191806716374 14.151902561672076 
1 2 0 0.21920191806653969 14.151902811061971 
1 1 0 0.3095531502816295 15.356662466179356 
1 0 0 0.3095531503240566 15.356662452726633 
1 -1 0 0.9182082549217178 14.999999999528525 
1 -2 0 0.9182082548965154 14.999999999048006 
1 -3 0 1.8694381560012665 11.648831369601718 
1 -4 0 1.8694381560011737 11.648831929716609 
1 -5 0 3.2715277960560614 9.007606695578467 
2 -5 0 5.999999999999999 8.0 
1 -6 0 3.2715277960560645 9.00760669557846 
2 -6 0 6.0 7.999999999999999 
0 7 0 3.5857864376269064 6.414213562373095 
0 6 0 3.5857864376269055 6.414213562373095 
0 5 0 1.9170785545340114 10.795893891269838 
0 4 0 1.9170785467885467 10.7958938911814 
0 3 0 0.21920191806658407 12.679553182072349 
0 2 0 0.2192019180676284 12.67955294496107 
0 1 1 0.309553150281573 15.356662171021927 
0 0 1 0.3095531502815762 15.351929087152461 
0 -1 1 0.7614975357477539 15.58691034108281 
0 -2 1 0.7614975357477511 15.586910385655807 
0 -3 0 0.9551101051735965 12.617287763059107 
0 -4 0 0.9551101051729881 12.617287839597287 
0 -5 0 2.951377677747943 9.692142680405055 
0 -6 0 2.951377677797462 9.692142683540027 
0 -7 0 5.0 5.0 
1 -7 0 5.0 5.0 
0 -8 0 5.0 5.0 
1 -8 0 5.0 5.0 
-1 5 0 4.585786437626905 9.414213562373096 
-1 4 0 4.585786437626904 9.414213562373094 
-1 3 0 2.7610266828603223 11.855585949895582 
-1 2 0 2.761026682856091 11.85558594432791 
-1 1 0 1.2530494702335468 14.739128431345714 
-1 0 0 1.2530494701969692 14.739128430289048 
-1 -1 0 0.7614975357477544 15.99999969312574 
-1 -2 0 0.7614975357477624 15.999999970983177 
-1 -3 0 0.9551101051730605 13.924040087613514 
-1 -4 0 0.9551101051727607 13.924039943281464 
-1 -5 0 2.9327009924875167 10.55298522791502 
-1 -6 0 2.9513776413485098 10.552985227335851 
-1 -7 0 5.0 5.0 
-1 -8 0 5.0 5.0 
-2 3 0 5.999999999999997 11.000000000000002 
-2 2 0 6.000000000000002 11.0 
-2 1 0 3.8767555605557615 12.961244069390474 
-2 0 0 3.8767555858400766 12.961243607286347 
-2 -1 0 2.274311978021257 15.999999999999808 
-2 -2 0 2.2743119780164345 15.999999999998867 
-2 -3 0 1.7539666676242232 14.707661253393631 
-2 -4 0 1.7539666676241967 14.707661363920703 
-2 -5 0 2.932700992487543 10.881602730692437 
-2 -6 0 2.932700992500482 10.881602730709727 
-2 -7 0 5.0 5.0 
-2 -8 0 5.0 5.0 
-3 1 0 9.0 12.0 
-3 0 0 8.999999999999998 12.0 
-3 -1 0 5.7008301024871395 14.011948923186301 
-3 -2 0 5.7008301024871395 14.011948927171622 
-3 -3 0 3.7548507993340596 14.707661358847727 
-3 -4 0 3.754850799331148 14.707661357866687 
-3 -5 0 2.9869551230979763 11.086130197645481 
-3 -6 0 2.9869551230979736 11.086130197647064 
-3 -7 0 5.0 5.0 
-3 -8 0 5.0 5.0 
-4 -1 0 13.0 13.0 
-4 -2 0 13.0 13.0 
-4 -3 0 9.34455761845017 13.866198262509021 
-4 -4 0 9.344557618450168 13.86619826250902 
-4 -5 0 6.485863070664711 11.086130197651494 
-4 -6 0 6.485863070664711 11.086130197651494 
-4 -7 0 5.0 5.0 
-4 -8 0 5.0 5.0 
