3 11 0 1.0 1.0 
4 11 0 1.0 1.0 
3 10 0 1.0 1.0 
4 10 0 1.0 1.0 
3 9 1 1.1383846815281864 6.977422752608391 
4 9 0 1.138384681528187 6.97742275260839 
3 8 1 1.1383846815281864 6.977422752608387 
4 8 0 1.138384681528186 6.977422752608389 
3 7 0 0.2609866012370413 9.946025761376188 
4 7 0 1.5734117655442474 9.946025761376179 
3 6 0 0.26098660123700046 9.946025761376186 
4 6 0 1.5734117655442494 9.946025761376188 
3 5 0 0.8595167312891113 11.046958032581612 
4 5 0 2.318098327116559 10.621148946103443 
3 4 0 0.8595167313046714 11.046958530428153 
4 4 0 2.318098327116559 10.62114894610345 
3 3 0 1.8027446920354704 11.452024818684023 
4 3 0 3.4701735405179734 10.799269902328387 
3 2 0 1.802744685691946 11.452024708605036 
4 2 0 3.4701735405179717 10.799269902328387 
3 1 0 2.8954765385969883 10.979120009455535 
4 1 0 5.267949192431124 9.999999999999996 
3 0 0 2.895476538597528 10.979120009461486 
4 0 0 5.267949192431122 10.0 
3 -1 0 4.2581475800158985 9.10151074293908 
4 -1 0 8.0 8.0 
3 -2 0 4.258147580015898 9.101510742939086 
4 -2 0 8.0 8.0 
2 9 0 1.1980622641951622 4.801937735804839 
2 8 0 1.1980622641951622 4.801937735804839 
2 7 0 0.26098660123699885 9.835053001482192 
2 6 0 0.26098660123699924 9.835053001690065 
2 5 1 0.8595167312469834 11.499161970261833 
2 4 1 0.8595167312469864 11.499161934776849 
2 3 0 0.7694808362654268 12.022175622542767 
2 2 0 0.7694808363656624 12.022176262950733 
2 1 0 1.752292874002331 11.992558761903064 
2 0 0 1.752292873996795 11.992558648731352 
2 -1 0 3.654578877436396 9.868701008439587 
2 -2 0 3.65457887736972 9.868701008368998 
2 -3 0 5.999999999999999 6.0 
3 -3 0 6.0 6.0 
2 -4 0 6.0 6.000000000000001 
3 -4 0 6.0 6.0 
1 7 0 1.5474988010855935 7.922012775457393 
1 6 0 1.54749880108559 7.922012775457397 
1 5 0 1.2459939899099308 11.499161973418524 
1 4 0 1.2459939946037069 11.499161973185522 
1 3 0 0.7694808370504368 12.779815990623472 
1 2 0 0.7694808374408478 12.779953379338252 
1 1 0 1.7522928740451185 12.906158375561208 
1 0 0 1.7522928740900319 12.905494310817257 
1 -1 0 3.567994216834661 11.999999999928948 
1 -2 0 3.5679942164099154 11.999999999381762 
1 -3 0 5.999999999999999 6.0 
1 -4 0 5.999999999999999 6.0 
0 5 0 1.34080048267975 9.999999999999039 
0 4 0 1.3408004826797442 9.99999999999999 
0 3 1 1.4946376367502552 12.780350958514504 
0 2 1 1.4946376367502547 12.780350727766237 
0 1 1 1.0851664227952633 13.78848350278001 
0 0 1 1.0851664227952644 13.788478010534174 
0 -1 0 0.777651701041218 12.574141095629628 
0 -2 0 0.7776517010363658 12.574141020750897 
0 -3 0 1.9999999999999998 7.0 
0 -4 0 1.9999999999999998 6.999999999999998 
-1 3 0 2.3050597996451567 11.638952939075905 
-1 2 0 2.3050597996451523 11.63895293907591 
-1 1 0 1.0851664227952658 13.788300592637837 
-1 0 0 1.0851664230962494 13.787938764237614 
-1 -1 0 0.7776517014675658 13.160541702555502 
-1 -2 0 0.7776517019965452 13.160541712240118 
-1 -3 0 2.0000000000000004 7.000000000000001 
-1 -4 0 1.9999999999999971 7.000000000000002 
-2 1 0 4.5611485679042225 12.999999999999998 
-2 0 0 4.561148567904225 13.0 
-2 -1 0 2.5053622254765124 13.999999999999996 
-2 -2 0 2.5053622254765124 13.999999999999998 
-2 -3 0 1.9999999999999991 7.0 
-2 -4 0 2.0 7.0 
-3 -1 0 14.0 14.0 
-3 -2 0 14.0 14.0 
-3 -3 0 7.0 7.0 
-3 -4 0 7.0 7.0 
