2 4 0 4.0 4.0 
3 4 0 4.0 4.0 
2 3 0 4.0 4.0 
3 3 0 4.0 4.0 
2 2 0 2.255745034401277 11.940803239151753 
3 2 0 5.2449231508665415 11.94080323915176 
2 1 0 2.255745034382082 11.94080323915014 
3 1 0 5.24492315086654 11.940803239151759 
2 0 0 2.741706201059574 16.701799070246075 
3 0 0 7.150774146052407 16.025749201829004 
2 -1 0 2.741706203544979 16.701799269758084 
3 -1 0 7.15077414605241 16.025749201829 
2 -2 0 4.360792207725449 17.409535693236396 
3 -2 0 10.53625255048458 16.139022396986796 
2 -3 0 4.360792202404173 17.409535295303723 
3 -3 0 10.536252550484582 16.139022396986796 
2 -4 0 6.984246522186148 15.999999907625819 
3 -4 0 14.0 14.0 
2 -5 0 6.984246522186122 15.99999946317169 
3 -5 0 14.0 14.0 
1 4 0 4.0 4.0 
1 3 0 3.9999999999999996 4.0 
1 2 0 2.2557450343826004 11.561442243477144 
1 1 0 2.255745034384291 11.561442243479096 
1 0 0 1.2393644570073614 16.70179926950091 
1 -1 0 1.2393644570077862 16.701798668652057 
1 -2 0 1.8187053051678261 18.97258277041884 
1 -3 0 1.8187053056552531 18.97258254568455 
1 -4 0 3.385987928123486 17.999999983372547 
1 -5 0 3.385987928111816 17.999999966887493 
1 -6 0 5.205063813468324 14.999999999582288 
2 -6 0 11.0 13.0 
1 -7 0 5.205063813612269 14.999999999804233 
2 -7 0 10.999999999999998 13.0 
0 4 0 4.0 4.0 
0 3 0 4.0 4.0 
0 2 0 2.276595477329973 11.323721170457658 
0 1 0 2.27659548515586 11.323721169993592 
0 0 1 0.8082196070257492 15.147086218017881 
0 -1 1 0.8082196070257488 15.147086190790786 
0 -2 1 0.6505196167258926 18.972582674684986 
0 -3 1 0.6505196167258945 18.972582575423733 
0 -4 0 0.4501814494957468 19.999999927091075 
0 -5 0 0.4501814496171782 19.999998450687716 
0 -6 0 2.53050933353981 16.83595488064818 
0 -7 0 2.5305093335378377 16.835954871129754 
0 -8 0 4.322499102655889 13.999999999999918 
1 -8 0 7.999999999999999 12.0 
0 -9 0 4.322499023008138 13.999999945905703 
1 -9 0 7.999999999999999 12.0 
-1 4 0 4.0 4.0 
-1 3 0 4.0 4.0 
-1 2 0 2.33540254678355 9.86736976826184 
-1 1 0 2.3354025467835497 9.867369768261838 
-1 0 0 0.8082196070675454 14.417034876187591 
-1 -1 0 0.8082196070384442 14.41703487603806 
-1 -2 1 0.6505196167258895 17.345044778238886 
-1 -3 1 0.6505196167258916 17.34505040474976 
-1 -4 0 0.3798313012289447 19.99999977076465 
-1 -5 0 0.37983130122726255 19.999999716292315 
-1 -6 0 0.5527247673072563 17.99999906699767 
-1 -7 0 0.5527247672976621 17.999999841416965 
-1 -8 0 2.019199507253803 14.90138445294514 
-1 -9 0 2.019199499158107 14.901384536576755 
-1 -10 0 3.484121203454006 11.813606502648337 
0 -10 0 7.000000000000001 9.0 
-1 -11 0 3.484121203454005 11.813606502647488 
0 -11 0 7.0 9.0 
-2 2 0 4.459215461326636 9.281394239592146 
-2 1 0 4.459215461326638 9.281394239592148 
-2 0 0 2.756930588745455 12.923767726081953 
-2 -1 0 2.7569305801136257 12.923768488229898 
-2 -2 0 1.0938931774930192 16.38394996377948 
-2 -3 0 1.0938931763255284 16.383951441523255 
-2 -4 1 0.3798313012259425 19.99999883976677 
-2 -5 1 0.37983130122593733 19.99999998373431 
-2 -6 1 0.42690527606719186 19.757298290395756 
-2 -7 1 0.4269052760671944 19.75729252359892 
-2 -8 0 0.4237164632387331 16.81039882541858 
-2 -9 0 0.42371646354478826 16.810399127952653 
-2 -10 0 2.2292253104369943 13.378843113597036 
-2 -11 0 2.2292253104364543 13.378843122148801 
-2 -12 0 4.65707691722283 8.81360650264833 
-1 -12 0 6.0 6.0 
-2 -13 0 4.657076917222831 8.813606502648332 
-1 -13 0 6.0 6.0 
-3 2 0 6.0 6.0 
-3 1 0 6.0 6.0 
-3 0 0 3.7442226023265346 11.760439850807092 
-3 -1 0 3.744222602326661 11.760439832007979 
-3 -2 0 2.287533001781405 14.893406617481267 
-3 -3 0 2.2875330031423267 14.893407035176196 
-3 -4 0 0.9814849397806057 17.99999998998909 
-3 -5 0 0.9814849392727851 17.999999781576168 
-3 -6 0 0.4269052763249249 19.999999729551195 
-3 -7 0 0.4269052760672825 19.999999339110065 
-3 -8 1 0.4237164632386644 17.783470211009682 
-3 -9 1 0.4237164632386623 17.783470052984878 
-3 -10 0 0.9718813930065313 14.721286883530333 
-3 -11 0 0.971881393019249 14.721287138580823 
-3 -12 0 2.2121741765876286 11.29908380021143 
-3 -13 0 2.212174176587626 11.299083800211424 
-4 0 0 6.585786437626906 9.414213562373096 
-4 -1 0 6.585786437626905 9.414213562373094 
-4 -2 0 4.380047832378675 13.760439625025985 
-4 -3 0 4.380047853619393 13.76043963825032 
-4 -4 0 2.599504916986617 16.735450721615184 
-4 -5 0 2.599504916940176 16.735450638656246 
-4 -6 0 0.9522283154259535 19.99999998370417 
-4 -7 0 0.9522283154230246 19.999999814679683 
-4 -8 1 1.0764362888738677 18.931657354027017 
-4 -9 1 1.0764362888738723 18.931657107228826 
-4 -10 0 0.3100887091383802 15.910906846482588 
-4 -11 0 0.31008870914239284 15.910906559179036 
-4 -12 0 1.2251830688302525 12.32810204727599 
-4 -13 0 1.2251830688302936 12.328101605334378 
-4 -14 0 4.0 4.0 
-3 -14 0 4.0 4.0 
-4 -15 0 3.9999999999999996 4.0 
-3 -15 0 4.0 4.0 
-5 -2 0 6.267949192431123 11.414213562373096 
-5 -3 0 6.267949192431121 11.414213562373096 
-5 -4 0 4.141130072700486 14.999999905081722 
-5 -5 0 4.141130072700483 14.999999369702719 
-5 -6 0 2.603584468775686 17.999999290950186 
-5 -7 0 2.6035844582277576 17.9999999962904 
-5 -8 0 1.3247470447981515 18.931657336872505 
-5 -9 0 1.324747044800359 18.931657131661737 
-5 -10 0 0.3100887091383212 17.008480309320937 
-5 -11 0 0.3100887092600152 17.008480079669326 
-5 -12 1 1.225183068830248 13.86183902716214 
-5 -13 1 1.22518306883025 13.861839027057007 
-5 -14 0 1.0000000000000007 5.0 
-5 -15 0 1.0000000000000002 4.999999999999999 
-6 -4 0 8.26794919243112 13.0 
-6 -5 0 8.267949192431121 13.0 
-6 -6 0 6.070330093069127 16.999999978673902 
-6 -7 0 6.070330086754403 16.99999949478099 
-6 -8 0 4.405659044538427 17.89784229773895 
-6 -9 0 4.4056590336334684 17.897842298267616 
-6 -10 0 3.1049394650703186 17.0084803055777 
-6 -11 0 3.1049394650245303 17.00848030827297 
-6 -12 0 1.985873057796052 13.945471247965724 
-6 -13 0 1.9858730577960506 13.94547124796622 
-6 -14 0 0.9999999999999999 5.0 
-6 -15 0 0.9999999999999996 5.0 
-7 -6 0 15.0 15.0 
-7 -7 0 15.0 15.0 
-7 -8 0 9.862307395538666 16.386310550322992 
-7 -9 0 9.862307395538663 16.386310550322992 
-7 -10 0 7.646114377900362 16.60212901606926 
-7 -11 0 7.646114377900367 16.602129016069263 
-7 -12 0 6.23674615945481 13.945471247966374 
-7 -13 0 6.23674615945481 13.945471247966376 
-7 -14 0 5.0 5.0 
-7 -15 0 5.0 5.0 
