3 7 0 2.0 5.0 
4 7 0 5.0 5.0 
3 6 0 2.0 5.000000000000001 
4 6 0 5.0 5.0 
3 5 0 2.1052736412261126 11.561552812808829 
4 5 0 7.438447187191169 11.56155281280883 
3 4 0 2.1052736412261126 11.561552812808825 
4 4 0 7.438447187191169 11.56155281280883 
3 3 0 2.8879449456880595 14.000000000000002 
4 3 0 12.0 12.0 
3 2 0 2.887944945688064 13.999999999999998 
4 2 0 12.0 12.0 
2 7 1 1.9999999999999998 4.999999999999999 
2 6 1 2.0 5.000000000000002 
2 5 2 0.49704333829537345 11.089708995441674 
2 4 2 0.49704333829537456 11.089708963178472 
2 3 1 0.3892413947509826 13.999999994857363 
2 2 1 0.38924139475098385 13.999999989331753 
2 1 0 0.4275399572122492 11.999999349252679 
3 1 0 6.585786437626906 10.0 
2 0 0 0.427539957210756 11.999999999957897 
3 0 0 6.585786437626907 10.0 
1 7 0 2.0000000000000004 4.0 
1 6 0 2.0 4.0 
1 5 0 0.4970433382953752 9.801944047781456 
1 4 0 0.49704333830813696 9.801944047781458 
1 3 0 0.3892413947509978 13.411066274191716 
1 2 0 0.38924139475103015 13.411066278122995 
1 1 0 0.4275399572111095 13.732050099859228 
1 0 0 0.4275399572107565 13.732050073912896 
1 -1 0 0.7809026453549328 9.999999999999556 
2 -1 0 2.5857864376269046 8.0 
1 -2 0 0.7809026453534856 9.999999068473112 
2 -2 0 2.585786437626905 8.0 
0 5 0 2.0000000000000013 8.73205080756888 
0 4 0 1.9999999999999993 8.732050807568879 
0 3 1 0.9874014404245647 11.99999999996722 
0 2 1 0.9874014404245611 11.999999764476755 
0 1 2 0.7183756257375827 13.999999941182956 
0 0 2 0.7183756257375865 13.999999999915989 
0 -1 1 0.42816849472492985 11.76611327592266 
0 -2 1 0.4281684947249304 11.766113294342986 
0 -3 0 0.4316946175594681 7.843404487333675 
1 -3 0 3.0 5.0 
0 -4 0 0.43169461755946875 7.843404487333672 
1 -4 0 3.0000000000000004 5.0 
-1 5 0 3.999999999999999 5.999999999999999 
-1 4 0 3.999999999999999 6.0 
-1 3 0 1.8555118240372062 10.828427124746183 
-1 2 0 1.8555118240372037 10.82842712474619 
-1 1 0 0.5655040896050554 13.999999999995676 
-1 0 0 0.5655040896050271 13.999999999987315 
-1 -1 0 0.4281684947354012 13.085643650545727 
-1 -2 0 0.4281684948488742 13.085643782420284 
-1 -3 0 0.43169461755947025 9.719251912733528 
-1 -4 0 0.4316946175594698 9.719251912733531 
-2 3 0 6.0 8.0 
-2 2 0 5.999999999999999 8.0 
-2 1 0 2.4574798792028654 12.000000000000002 
-2 0 0 2.457479879202866 12.0 
-2 -1 0 1.2174244248321302 13.08564378198387 
-2 -2 0 1.217424424832586 13.085643781774245 
-2 -3 0 0.9677376685823282 10.083872359435611 
-2 -4 0 0.967737668582327 10.08387235943561 
-2 -5 0 1.0000000000000004 3.0 
-1 -5 0 1.0 3.0 
-2 -6 0 1.0000000000000004 3.0 
-1 -6 0 1.0 3.0 
-3 1 0 10.0 10.0 
-3 0 0 10.0 10.0 
-3 -1 0 6.000000000000002 12.0 
-3 -2 0 6.0 11.999999999999998 
-3 -3 0 3.7029294556367245 10.08387235943561 
-3 -4 0 3.7029294556367245 10.083872359435608 
-3 -5 0 3.0 3.0 
-3 -6 0 3.0 3.0 
