3 5 0 3.0 6.000000000000001 
4 5 0 6.0 6.0 
3 4 0 3.0 6.0 
4 4 0 6.0 6.0 
3 3 0 3.5939968233439155 16.89897948556636 
4 3 0 7.1010205144336425 16.89897948556636 
3 2 0 3.593996823402638 16.89897948556636 
4 2 0 7.101020514433647 16.898979485566358 
3 1 0 4.524534549820489 18.804163266101085 
4 1 0 8.87689437438234 17.12310562561766 
3 0 0 4.52453455007901 18.804163266071246 
4 0 0 8.87689437438234 17.12310562561766 
3 -1 0 6.215157128522163 17.99999998615725 
4 -1 0 16.0 16.0 
3 -2 0 6.215157128514085 17.999999978853943 
4 -2 0 16.0 16.0 
2 5 0 2.9999999999999987 6.000000000000001 
2 4 0 3.0000000000000004 6.000000000000002 
2 3 0 1.619181525246564 14.985741807807347 
2 2 0 1.619181525259936 14.98574180780709 
2 1 0 1.9984759815871598 18.804163259671302 
2 0 0 1.9984759868368043 18.804163261080802 
2 -1 0 2.709049221234203 19.999999790224656 
2 -2 0 2.709049215530115 19.999999987796883 
2 -3 0 4.548718958897015 16.999999783725666 
3 -3 0 8.233564516147293 15.0 
2 -4 0 4.548718963162102 16.999999871104134 
3 -4 0 8.233564516147295 15.000000000000004 
1 5 0 2.999999999999999 6.000000000000002 
1 4 0 2.9999999999999982 6.000000000000001 
1 3 0 1.5490115802194095 13.21239702861471 
1 2 0 1.5490115798613346 13.212397038658251 
1 1 0 0.8132511229578017 17.294776561893286 
1 0 0 0.8132511232798874 17.294776743464652 
1 -1 0 1.1862092008659235 19.99999999940029 
1 -2 0 1.1862092008897354 19.999999719644375 
1 -3 0 1.7845721306944655 17.999998901399 
1 -4 0 1.7845721307915006 17.99999992527858 
1 -5 0 3.4801907762476065 15.49557719074682 
2 -5 0 6.659284714651856 13.999999999999996 
1 -6 0 3.48019077641449 15.49557720924006 
2 -6 0 6.659284714651856 14.0 
0 5 0 2.9999999999999996 5.999999999999999 
0 4 0 3.000000000000001 6.000000000000001 
0 3 0 1.5490115798490471 11.486256135232262 
0 2 0 1.5490115798489972 11.48625618369338 
0 1 1 0.8132511229489789 15.934996352466962 
0 0 1 0.813251122949129 15.934996378276336 
0 -1 1 0.16422680036207357 19.276390221420623 
0 -2 1 0.16422680036207285 19.276390301509654 
0 -3 0 0.18181242098363795 19.99999991231996 
0 -4 0 0.1818124209828639 19.999999913446793 
0 -5 0 0.7614965527995946 16.999999872374637 
0 -6 0 0.7614965527542429 16.999999155734052 
0 -7 0 2.569992870000039 13.835184779887346 
1 -7 0 5.395430460450064 12.46795846459638 
0 -8 0 2.5699928700001538 13.83518471304892 
1 -8 0 5.395430460450062 12.46795846459638 
-1 5 0 5.0 5.0 
-1 4 0 5.0 5.0 
-1 3 0 2.7147908860248773 10.019871340664483 
-1 2 0 2.714790886004956 10.019871323895558 
-1 1 0 1.122050455940228 14.301296306444716 
-1 0 0 1.1220504555976891 14.301296292125686 
-1 -1 0 0.16422680036208723 17.626502223600745 
-1 -2 0 0.16422680036882625 17.62650174762957 
-1 -3 0 0.1818124209832554 19.999999867227483 
-1 -4 0 0.18181242098404088 19.999999562630194 
-1 -5 0 0.17600115160234264 17.883618636326705 
-1 -6 0 0.17600115160233887 17.883618630076555 
-1 -7 0 1.2501648170623727 15.636065482445717 
-1 -8 0 1.2501648169211288 15.63606551544645 
-1 -9 0 2.9862458692100153 12.265425639010587 
0 -9 0 4.395430460450063 10.120172197134583 
-1 -10 0 2.9862458795667917 12.265425639010592 
0 -10 0 4.395430460450063 10.120172197134583 
-2 3 0 5.585786437626906 8.414213562373096 
-2 2 0 5.585786437626905 8.414213562373096 
-2 1 0 3.011669791234772 12.717497242695652 
-2 0 0 3.011669796835609 12.717497248496956 
-2 -1 0 1.3402989090190236 16.82013051437924 
-2 -2 0 1.3402989089934725 16.8201307037282 
-2 -3 0 0.34878903431121555 19.99999999683164 
-2 -4 0 0.34878903428683705 19.999998633364502 
-2 -5 0 0.17600115160238605 19.501141347037642 
-2 -6 0 0.17600115160237306 19.50114063032191 
-2 -7 0 0.41656594869499003 16.32585927020734 
-2 -8 0 0.4165659483767145 16.32585923712754 
-2 -9 0 2.6938691064741898 13.299451168742797 
-2 -10 0 2.693869126325721 13.299451069965972 
-2 -11 0 5.0 5.000000000000001 
-1 -11 0 5.0 5.0 
-2 -12 0 5.0 5.0 
-1 -12 0 5.0 5.0 
-3 1 0 5.267949192431123 11.41421356237309 
-3 0 0 5.2679491924311215 11.414213562373096 
-3 -1 0 2.6794456317867104 14.99999960760963 
-3 -2 0 2.679445631786709 14.999999971668643 
-3 -3 0 1.2157859848024932 17.999999931272825 
-3 -4 0 1.2157859870910395 17.99999986068 
-3 -5 0 0.5128613112865377 19.99999993767017 
-3 -6 0 0.5128613112780395 19.999999242131125 
-3 -7 0 0.4165659482642871 17.1709029037293 
-3 -8 0 0.4165659482643979 17.170902466179445 
-3 -9 0 0.45745414405965046 14.842108367906086 
-3 -10 0 0.45745414402981804 14.842108369030335 
-3 -11 0 1.9999999999999987 6.0 
-3 -12 0 1.9999999999999996 6.000000000000001 
-4 -1 0 6.267949192431124 13.0 
-4 -2 0 6.267949192431124 13.000000000000002 
-4 -3 0 3.474147290827686 16.999999999818073 
-4 -4 0 3.4741472904547854 16.999999594475014 
-4 -5 0 1.5869762518778958 19.999999991202966 
-4 -6 0 1.5869762518772141 19.999999933841174 
-4 -7 0 0.6069722686774154 18.52171289108236 
-4 -8 0 0.6069722686773905 18.521712905339992 
-4 -9 0 0.45745414402981804 14.877430638418545 
-4 -10 0 0.45745414405382057 14.877430638465778 
-4 -11 0 1.9999999999999993 6.000000000000002 
-4 -12 0 1.9999999999999998 6.000000000000001 
-5 -3 0 9.267949192431121 15.0 
-5 -4 0 9.26794919243112 14.999999999999998 
-5 -5 0 5.793476634898851 17.999999909411237 
-5 -6 0 5.793476634898851 17.99999999346328 
-5 -7 0 3.684075188502473 18.521712926557633 
-5 -8 0 3.6840751891127144 18.521712926654118 
-5 -9 0 2.5053786770094497 15.302186817745042 
-5 -10 0 2.505378677156581 15.302186817856356 
-5 -11 0 2.000000000000001 6.0 
-5 -12 0 2.000000000000001 6.0 
-6 -5 0 16.0 16.0 
-6 -6 0 16.0 16.0 
-6 -7 0 10.24122951685637 17.064177772475915 
-6 -8 0 10.241229516856366 17.064177772475915 
-6 -9 0 7.245594292054085 15.302186817874349 
-6 -10 0 7.245594292054085 15.30218681787435 
-6 -11 0 6.0 6.0 
-6 -12 0 6.0 6.0 
