3 9 0 2.0 2.0 
4 9 0 2.0 2.0 
3 8 0 2.0 2.0 
4 8 0 2.0 2.0 
3 7 0 1.2413721870592498 8.859523388615221 
4 7 0 2.566335370216713 8.85952338861522 
3 6 0 1.2413721870592522 8.859523388615212 
4 6 0 2.5663353702167115 8.85952338861522 
3 5 0 1.5671054532987452 11.331267071579795 
4 5 0 4.373801931472706 10.141336115655363 
3 4 0 1.567105453298747 11.33126707157979 
4 4 0 4.373801931472706 10.141336115655365 
3 3 0 2.841954033778508 9.999999999999996 
4 3 0 8.0 8.0 
3 2 0 2.841954033778509 9.999999999999998 
4 2 0 8.0 8.0 
2 9 0 2.0 2.0 
2 8 0 2.0 2.0 
2 7 1 1.2413721870592513 8.319744050204896 
2 6 1 1.2413721870592516 8.319744050204894 
2 5 2 1.4249480714639042 11.331266820113795 
2 4 2 1.424948071463905 11.331267062891298 
2 3 1 0.9147861744389222 11.999999993313683 
2 2 1 0.9147861744389199 11.999999714662163 
2 1 0 1.5732568146851995 8.732050807568879 
3 1 0 6.0 6.0 
2 0 0 1.5732568146852 8.732050807568877 
3 0 0 5.999999999999999 6.0 
1 7 0 3.2679491924311237 6.732050807568876 
1 6 0 3.2679491924311224 6.732050807568876 
1 5 0 1.424948071465625 9.944168128544007 
1 4 0 1.4249480714741185 9.944168131960172 
1 3 0 0.914786174797611 11.999999994446696 
1 2 0 0.9147861749040135 11.999999956699586 
1 1 0 1.424948071463906 9.94416771235724 
1 0 0 1.4249480714643117 9.94416813064681 
1 -1 0 3.267949192431123 6.732050807568877 
2 -1 0 4.0 4.0 
1 -2 0 3.267949192431123 6.732050807568878 
2 -2 0 4.0 4.0 
0 7 0 4.0 4.0 
0 6 0 4.0 4.0 
0 5 0 1.573256814685201 8.732050807568875 
0 4 0 1.5732568146851993 8.732050807568879 
0 3 1 0.9147861744389161 11.999999999999881 
0 2 1 0.9147861744389202 11.999999999999874 
0 1 2 1.4249480714638993 11.331267066495263 
0 0 2 1.4249480714639005 11.331267069525968 
0 -1 1 1.241372187059251 8.319744050204896 
0 -2 1 1.2413721870592511 8.319744050204893 
-1 5 0 6.0 6.000000000000001 
-1 4 0 6.0 6.0 
-1 3 0 2.841954033778507 10.0 
-1 2 0 2.841954033778508 10.000000000000004 
-1 1 0 1.567105453298743 11.3312670715798 
-1 0 0 1.5671054532987465 11.331267071579795 
-1 -1 0 1.2413721870592513 8.859523388615221 
-1 -2 0 1.241372187059252 8.859523388615221 
-1 -3 0 2.0 2.0 
0 -3 0 2.0 2.0 
-1 -4 0 2.0 2.0 
0 -4 0 2.0 2.0 
-2 3 0 8.0 8.0 
-2 2 0 8.0 8.0 
-2 1 0 4.373801931472706 10.141336115655365 
-2 0 0 4.373801931472706 10.141336115655365 
-2 -1 0 2.566335370216712 8.859523388615218 
-2 -2 0 2.566335370216712 8.85952338861522 
-2 -3 0 2.0 2.0 
-2 -4 0 2.0 2.0 
