2 6 0 0.9999999999999996 3.0 
3 6 0 3.0 3.0 
2 5 0 1.0000000000000004 3.0 
3 5 0 3.0 3.0 
2 4 0 0.9838075764559773 8.528917957294363 
3 4 0 3.638531233814174 8.528917957294363 
2 3 0 0.9838075764559767 8.528917957294363 
3 3 0 3.6385312338141733 8.528917957294363 
2 2 0 1.2050397539979822 11.130501372384845 
3 2 0 5.854897308799577 10.669079088282286 
2 1 0 1.2050397539979747 11.13050136825614 
3 1 0 5.854897308799579 10.669079088282288 
2 0 0 2.080973381550506 11.000000000000004 
3 0 0 9.0 9.0 
2 -1 0 2.080973381550507 11.0 
3 -1 0 9.0 9.0 
1 6 0 1.0 3.0 
1 5 0 1.0000000000000002 3.0 
1 4 0 0.45293728260097704 8.408747055719852 
1 3 0 0.4529372826009614 8.408747055719854 
1 2 0 0.44251399611880204 11.130501248158742 
1 1 0 0.44251399611682113 11.130501354320327 
1 0 0 0.5911010236875486 11.680529769793688 
1 -1 0 0.5911010236903529 11.680529542167733 
1 -2 0 1.6094304847778704 8.999999999999996 
2 -2 0 5.0 7.0 
1 -3 0 1.6094304847778695 9.0 
2 -3 0 4.999999999999999 7.0 
0 4 0 0.45293728260096194 6.44129091041246 
0 3 0 0.45293728260096444 6.44129091041246 
0 2 1 0.442513996114124 10.448760267061639 
0 1 1 0.44251399611412295 10.4487600658557 
0 0 2 0.5911010236875468 11.730724772294709 
0 -1 2 0.5911010236875455 11.730724765388949 
0 -2 1 0.6442535185509861 9.615353187608623 
0 -3 1 0.6442535185509864 9.61535318679744 
0 -4 0 0.9999999999999997 6.0 
1 -4 0 3.000000000000001 5.0 
0 -5 0 0.9999999999999997 5.999999999999999 
1 -5 0 3.0 5.0 
-1 2 0 1.2103577903111156 8.761557181831886 
-1 1 0 1.210357790311114 8.76155718183189 
-1 0 0 0.7614017553036556 11.730724777966321 
-1 -1 0 0.7614017549973245 11.730724778184888 
-1 -2 0 0.6442535185509853 10.924525262315322 
-1 -3 0 0.6442535185509863 10.924525255369602 
-1 -4 0 1.0000000000000002 6.000000000000001 
-1 -5 0 0.9999999999999989 6.000000000000002 
-2 0 0 3.943939693694013 10.84122207005006 
-2 -1 0 3.9439396936940097 10.84122207005006 
-2 -2 0 2.351412612867103 12.0 
-2 -3 0 2.351412612867099 12.0 
-2 -4 0 3.000000000000001 6.000000000000002 
-2 -5 0 3.0 6.0 
-3 -2 0 12.0 12.0 
-3 -3 0 12.0 12.0 
-3 -4 0 6.0 6.0 
-3 -5 0 6.0 6.0 
