4 10 0 2.0 2.0 
5 10 0 2.0 2.0 
4 9 0 2.0 2.0 
5 9 0 2.0 2.0 
4 8 0 2.0255033460537333 14.334014906815238 
5 8 0 2.577533880061882 14.334014906815236 
4 7 0 2.0255033460537315 14.334014906815236 
5 7 0 2.577533880061881 14.334014906815238 
4 6 0 2.0353112647190583 17.298473129004673 
5 6 0 4.673866103239796 15.467661562831061 
4 5 0 2.035311264719436 17.29847315217705 
5 5 0 4.6738661032397975 15.467661562831061 
4 4 0 3.706027850178659 16.0 
5 4 0 11.0 11.0 
4 3 0 3.7060278501786565 16.000000000000004 
5 3 0 11.0 11.0 
3 10 0 2.0 2.0 
3 9 0 2.0 2.0 
3 8 0 0.6059630463838875 12.905007450589858 
3 7 0 0.6059630463838527 12.905007450589856 
3 6 0 0.7113549392401256 17.29847274660298 
3 5 0 0.7113549393197053 17.298473204463434 
3 4 0 1.463455803132882 17.999999993945508 
3 3 0 1.4634558031951939 17.999999998740147 
3 2 0 3.2894838398207153 13.999999932744359 
4 2 0 9.0 9.0 
3 1 0 3.2894838398207122 13.999999998644459 
4 1 0 9.0 9.0 
2 8 0 0.6059630463838592 10.051302764477962 
2 7 0 0.6059630463838582 10.051302764477963 
2 6 1 0.7113549392401195 15.710574503350744 
2 5 1 0.7113549392401224 15.710574417898904 
2 4 1 0.661721888225015 17.999999700646548 
2 3 1 0.6617218882250133 17.99999992367813 
2 2 0 0.49024047982125735 15.999999939404004 
2 1 0 0.49024047982262375 15.999999949005979 
2 0 0 2.5339475075088953 11.934937378261079 
3 0 0 7.0 7.0 
2 -1 0 2.533947507508896 11.934937378250018 
3 -1 0 7.0 7.0 
1 8 0 3.585786437626905 7.0 
1 7 0 3.5857864376269033 6.999999999999999 
1 6 0 1.1539515792743391 13.968427332898079 
1 5 0 1.1539515792441914 13.968427348514744 
1 4 0 0.4553098470088455 17.898079282076147 
1 3 0 0.4553098467488356 17.89807918702752 
1 2 0 0.4902404798210695 17.84757430140238 
1 1 0 0.49024047982114843 17.846908744596355 
1 0 0 0.7352538055887862 13.999999363441384 
1 -1 0 0.7352538049880804 13.999999702792099 
0 8 0 3.585786437626904 6.414213562373095 
0 7 0 3.5857864376269046 6.414213562373095 
0 6 0 1.735792499048505 12.628159885320423 
0 5 0 1.7357925046314164 12.628159887878416 
0 4 0 0.4553098467391342 15.999999992982767 
0 3 0 0.4553098467390611 15.99999999827373 
0 2 2 0.6681011831236734 17.999999141917105 
0 1 2 0.6793305536123477 17.999998651639608 
0 0 2 0.6706504143900264 15.857434834288814 
0 -1 2 0.6706504143900263 15.857434815218324 
0 -2 0 0.48938023886713483 11.904821755157561 
1 -2 0 2.796050537318418 9.596326001379916 
0 -3 0 0.48938023885441306 11.904820220829961 
1 -3 0 2.796050537318417 9.596326001379914 
-1 6 0 4.318334182995659 11.000000000000002 
-1 5 0 4.318334182995658 11.0 
-1 4 0 2.6649419516718384 14.808614834712031 
-1 3 0 2.6649419516640713 14.808614794924736 
-1 2 0 1.1375940369469004 17.99999999879841 
-1 1 0 1.1375940372620077 17.99999999936807 
-1 0 0 0.42358215890423667 17.12571367532476 
-1 -1 0 0.42358215890420997 17.117956753333523 
-1 -2 0 0.4893802390164989 13.701960591368817 
-1 -3 0 0.48938023885203824 13.701959325489764 
-1 -4 0 0.7558173895810091 9.651025725067754 
0 -4 0 2.5857864376269055 5.414213562373094 
-1 -5 0 0.7558173895810101 9.651025725067752 
0 -5 0 2.585786437626904 5.414213562373096 
-2 6 0 5.585786437626905 8.414213562373096 
-2 5 0 5.585786437626905 8.414213562373096 
-2 4 0 3.2919492306349727 12.99999999513098 
-2 3 0 3.291949230836745 12.999999994349182 
-2 2 0 1.5517611679947025 15.99999999815361 
-2 1 0 1.5517611679968146 15.999999982783706 
-2 0 0 0.42358215895058965 17.12571364791728 
-2 -1 0 0.4235821592493584 17.125713624548585 
-2 -2 1 0.6928444974901538 15.229608861565826 
-2 -3 1 0.6928444974901509 15.22960886156921 
-2 -4 1 0.7558173895810086 11.386177830457626 
-2 -5 1 0.7558173895810086 11.386177829125232 
-3 4 0 6.43844718719117 11.0 
-3 3 0 6.438447187191168 11.000000000000002 
-3 2 0 4.245821339714379 14.999999999909639 
-3 1 0 4.245821339714246 14.999999999990875 
-3 0 0 2.741511483592486 16.274917217626086 
-3 -1 0 2.741511483662974 16.274917217125623 
-3 -2 0 1.730383572929077 15.229608861566053 
-3 -3 0 1.7303835728756314 15.229608861572844 
-3 -4 0 1.0142696009912375 12.916381551744978 
-3 -5 0 1.0142696008151786 12.91638155174497 
-3 -6 0 0.5857864376269053 4.000000000000001 
-2 -6 0 0.5857864376269051 3.414213562373095 
-3 -7 0 0.5857864376269052 3.9999999999999996 
-2 -7 0 0.585786437626905 3.414213562373095 
-4 2 0 13.0 13.0 
-4 1 0 13.0 13.0 
-4 0 0 7.889907928977183 14.629813271691882 
-4 -1 0 7.889907928977187 14.629813271691878 
-4 -2 0 6.298437881283577 15.000000000000002 
-4 -3 0 6.298437881283577 14.999999999999998 
-4 -4 0 5.0 12.916381551744973 
-4 -5 0 5.0 12.916381551744974 
-4 -6 0 4.0 4.0 
-4 -7 0 4.0 4.0 
