2 4 0 2.0000000000000004 5.0 
3 4 0 5.0 5.0 
2 3 0 1.9999999999999996 5.0 
3 3 0 5.0 5.0 
2 2 0 2.807599227588171 13.541381265149111 
3 2 0 7.45861873485089 13.541381265149111 
2 1 0 2.8075992275881725 13.541381265149113 
3 1 0 7.458618734850892 13.54138126514911 
2 0 0 3.3321358680937365 16.0 
3 0 0 13.0 13.0 
2 -1 0 3.33213586809374 16.000000000000004 
3 -1 0 13.0 13.0 
1 4 0 1.9999999999999998 5.0 
1 3 0 1.9999999999999998 5.0 
1 2 0 0.8416460909152479 12.485473190972609 
1 1 0 0.8416460910035627 12.485473190843994 
1 0 0 1.3812065795379904 15.99999999934855 
1 -1 0 1.381206579526381 15.999999316443645 
1 -2 0 2.390501952090149 13.999999999383263 
2 -2 0 7.585786437626903 12.0 
1 -3 0 2.390501952090149 13.999999999187253 
2 -3 0 7.585786437626905 12.0 
0 4 0 2.0 5.0 
0 3 0 1.9999999999999993 5.0 
0 2 1 0.8416460909152512 11.986674839551107 
0 1 1 0.8416460909152467 11.986674816899683 
0 0 1 0.2613661624990173 15.350466218173764 
0 -1 1 0.2613661624990188 15.327835801235016 
0 -2 0 0.12904571585363006 15.769087640186951 
0 -3 0 0.12904571586054506 15.76908771803272 
0 -4 0 1.0463180303402824 11.999999553063416 
1 -4 0 4.585786437626905 10.0 
0 -5 0 1.0463180304517141 11.999999795641637 
1 -5 0 4.585786437626904 10.0 
-1 4 0 4.0 4.0 
-1 3 0 4.0 4.0 
-1 2 0 1.9908066566488243 10.570219969153396 
-1 1 0 1.9908066569654326 10.57022010422641 
-1 0 0 0.26136616252889855 13.599721209929749 
-1 -1 0 0.2613661625043229 13.599721178646648 
-1 -2 0 0.12904571585465566 15.999999978787736 
-1 -3 0 0.12904571585403 15.999999295340118 
-1 -4 0 0.37026882383144333 13.811682962377354 
-1 -5 0 0.37026882393896393 13.811683051299486 
-1 -6 0 1.1942856621835 9.880952694902998 
0 -6 0 3.585786437626904 7.0 
-1 -7 0 1.194285662189157 9.880952694902998 
0 -7 0 3.5857864376269046 7.000000000000001 
-2 2 0 4.0 9.561552812808829 
-2 1 0 3.9999999999999987 9.561552812808829 
-2 0 0 1.834824579869792 12.79606885899153 
-2 -1 0 1.8348245796163132 12.796068856688677 
-2 -2 0 0.42350104191901594 15.999999996855617 
-2 -3 0 0.42350104178220926 15.999999968433077 
-2 -4 0 0.37026882383799153 15.481951467848603 
-2 -5 0 0.37026882383992704 15.481951507530754 
-2 -6 0 0.39340499484234065 11.815710151255622 
-2 -7 0 0.3934049948420715 11.815710152066735 
-2 -8 0 1.4298091012912189 7.3419461595964535 
-1 -8 0 4.0 4.0 
-2 -9 0 1.4298091012912173 7.341946159596452 
-1 -9 0 4.0 4.0 
-3 2 0 6.0 6.0 
-3 1 0 6.0 6.0 
-3 0 0 3.4897000727633216 10.999999999999998 
-3 -1 0 3.4897000727633207 10.999999999999996 
-3 -2 0 1.8703283003146882 13.999999992225819 
-3 -3 0 1.8703283003146745 13.999999985666504 
-3 -4 0 0.4789906581512683 15.481951499196596 
-3 -5 0 0.4789906581512099 15.48195151357587 
-3 -6 0 0.39340499484575453 13.51144010666228 
-3 -7 0 0.39340499484238745 13.511440229177158 
-3 -8 0 0.7703311233990388 9.066222660791642 
-3 -9 0 0.7703311233990404 9.066222660791647 
-4 0 0 7.0 9.0 
-4 -1 0 7.0 9.0 
-4 -2 0 4.339543476867351 12.063674802766563 
-4 -3 0 4.339543476867353 12.063674802766561 
-4 -4 0 2.407295428957561 14.032985943780437 
-4 -5 0 2.407295428607055 14.032985945952078 
-4 -6 0 1.0876802675288277 13.511440229908937 
-4 -7 0 1.087680267878728 13.511440229910958 
-4 -8 0 0.7703311233990415 10.605551275463988 
-4 -9 0 0.7703311233990383 10.605551275463988 
-4 -10 0 2.0 2.0 
-3 -10 0 2.0 2.0 
-4 -11 0 2.0 2.0 
-3 -11 0 2.0 2.0 
-5 -2 0 10.0 10.0 
-5 -3 0 10.0 10.0 
-5 -4 0 5.954965416913616 12.567903599540474 
-5 -5 0 5.954965416913617 12.567903599540475 
-5 -6 0 4.311635884330098 12.705856207708322 
-5 -7 0 4.3116358843301015 12.70585620770832 
-5 -8 0 2.999999999999999 10.605551275463988 
-5 -9 0 3.0000000000000004 10.605551275463991 
-5 -10 0 2.0 2.0 
-5 -11 0 2.0 2.0 
