4 12 0 0.9999999999999997 4.0 
5 12 0 4.0 4.0 
4 11 0 1.0000000000000016 4.0 
5 11 0 4.0 4.0 
4 10 0 1.100071426850844 10.828427124746192 
5 10 0 5.17157287525381 10.82842712474619 
4 9 0 1.100071426850845 10.828427124746188 
5 9 0 5.17157287525381 10.82842712474619 
4 8 0 1.9212211388055886 12.000000000000005 
5 8 0 10.0 10.0 
4 7 0 1.92122113880559 12.000000000000002 
5 7 0 10.0 10.0 
3 12 0 1.0000000000000004 4.0 
3 11 0 1.0000000000000004 3.9999999999999996 
3 10 1 0.9474099677255975 9.272418090105537 
3 9 1 0.9474099677255965 9.27241809003835 
3 8 0 0.46670204095479767 11.99999999837868 
3 7 0 0.46670204095581375 11.999999996019177 
3 6 0 0.6876780932311185 9.773406854905376 
4 6 0 3.875114580235426 8.761557181831888 
3 5 0 0.6876780932311628 9.77340703264866 
4 5 0 3.8751145802354254 8.761557181831892 
2 12 0 3.0 3.0 
2 11 0 3.0 3.0 
2 10 0 0.9474099677256032 7.7044273217136485 
2 9 0 0.9474099677255986 7.704427321713651 
2 8 0 0.4667020409550415 11.813982800878357 
2 7 0 0.4667020409572071 11.81398280369393 
2 6 1 0.6876780932311191 11.999999898032753 
2 5 1 0.6876780932311218 11.999999999869003 
2 4 0 1.248974149050305 8.441303938184186 
3 4 0 2.4769044093683306 6.441290910412461 
2 3 0 1.2489741490503032 8.441303938184188 
3 3 0 2.47690440936833 6.441290910412461 
1 10 0 3.5857864376269046 6.414213562373096 
1 9 0 3.5857864376269046 6.414213562373096 
1 8 0 1.6779442711814867 9.999999870580552 
1 7 0 1.6779442711825128 9.999998248546298 
1 6 0 0.9652610690386856 11.999999798053794 
1 5 0 0.9652610690387196 11.999999964759905 
1 4 0 1.2489741491440336 9.545390179648168 
1 3 0 1.2489741490540298 9.54539017966703 
1 2 0 2.9999999999999996 3.0 
2 2 0 3.0 3.0 
1 1 0 3.0 3.0 
2 1 0 3.0 3.0 
0 8 0 3.267949192431123 8.000000000000002 
0 7 0 3.2679491924311224 8.0 
0 6 0 0.965261069038687 12.0 
0 5 0 0.9652610690386833 12.000000000000002 
0 4 1 1.4041681803896378 10.828427124746195 
0 3 1 1.4041681803896378 10.828427124746185 
0 2 1 3.0 4.0 
0 1 1 2.9999999999999996 4.0 
-1 6 0 10.0 10.0 
-1 5 0 10.0 10.0 
-1 4 0 5.171572875253809 10.82842712474619 
-1 3 0 5.17157287525381 10.82842712474619 
-1 2 0 4.0 4.0 
-1 1 0 4.0 4.0 
