3 9 0 3.0 3.0 
4 9 0 3.0 3.0 
3 8 0 3.0 3.0 
4 8 0 3.0 3.0 
3 7 0 1.2636138314257122 8.999999999999998 
4 7 0 4.0 9.0 
3 6 0 1.2636138314257124 8.999999999999996 
4 6 0 4.000000000000001 9.0 
3 5 0 1.8637045850108125 10.000000000000002 
4 5 0 8.0 8.0 
3 4 0 1.8637045850108158 10.0 
4 4 0 8.0 8.0 
2 9 0 3.0 3.0 
2 8 0 3.0 3.0 
2 7 0 1.263613831425711 8.279458625879375 
2 6 0 1.2636138314257102 8.279458625879377 
2 5 0 0.6347975263874579 9.999999999999938 
2 4 0 0.6347975256671275 9.999999677342561 
2 3 0 0.8832656922544233 9.000000000000002 
3 3 0 4.000000000000001 7.000000000000001 
2 2 0 0.8832656922544215 9.0 
3 2 0 3.9999999999999996 7.0 
1 9 0 3.0 3.0 
1 8 0 3.0 3.0 
1 7 0 1.4202671426585367 7.592283551719291 
1 6 0 1.4202671426585358 7.592283551719289 
1 5 0 0.6347975256422064 9.309259749932364 
1 4 0 0.6347975264416688 9.309260201344939 
1 3 0 0.3072214610997441 9.384247663529656 
1 2 0 0.3072214610997403 9.384247663508955 
1 1 0 0.41558934556785554 6.685283835001176 
2 1 0 2.5857864376269046 5.414213562373095 
1 0 0 0.4155893455678561 6.685283835001175 
2 0 0 2.585786437626905 5.414213562373096 
0 7 0 2.5857864376269055 6.0 
0 6 0 2.5857864376269046 6.000000000000002 
0 5 0 1.0440656267797546 8.627714952517143 
0 4 0 1.044065626779755 8.627714952517142 
0 3 0 0.30722146110014165 9.38424766348758 
0 2 0 0.3072214610997479 9.38424766340247 
0 1 1 0.41558934556785543 7.460504870018766 
0 0 1 0.41558934556785676 7.46050487001876 
0 -1 1 2.0 3.0 
1 -1 0 2.0 2.0 
0 -2 1 2.0 3.0000000000000004 
1 -2 0 2.0 2.0 
-1 5 0 8.0 8.0 
-1 4 0 8.0 8.0 
-1 3 0 4.669941260432018 9.128419063844579 
-1 2 0 4.669941260432018 9.128419063844577 
-1 1 0 3.3003718517246816 7.460504870018763 
-1 0 0 3.300371851724682 7.460504870018763 
-1 -1 0 3.0 3.0 
-1 -2 0 3.0 3.0 
