3 5 0 3.0000000000000004 7.000000000000001 
4 5 0 7.0 7.0 
3 4 0 2.9999999999999996 7.0 
4 4 0 7.0 7.0 
3 3 0 3.0715943503557535 18.10977222864642 
4 3 0 8.890227771353555 18.10977222864644 
3 2 0 3.071594350355787 18.10977222864643 
4 2 0 8.890227771353555 18.10977222864644 
3 1 0 4.8002855475967765 20.0 
4 1 0 17.0 17.0 
3 0 0 4.800285547596782 20.0 
4 0 0 17.0 17.0 
2 5 1 2.0 7.0 
2 4 1 2.0 7.0 
2 3 0 0.337876846809908 16.621761319543545 
2 2 0 0.3378768467958583 16.62176106468042 
2 1 0 1.2071921263839287 19.999999998711306 
2 0 0 1.2071921263840542 19.99999999668414 
2 -1 0 1.8207001053803564 17.999999983414796 
3 -1 0 7.483954129185991 15.000000000000002 
2 -2 0 1.8207001072333866 17.999999981556993 
3 -2 0 7.4839541291859915 15.000000000000002 
1 5 0 2.0000000000000004 6.000000000000002 
1 4 0 1.999999999999998 6.0 
1 3 0 0.3378768469824572 15.545890363678483 
1 2 0 0.3378768468810875 15.545890367727878 
1 1 1 1.0362498159225635 19.06575882667531 
1 0 1 1.0362498159734697 19.06575882085177 
1 -1 0 0.5115420558817071 19.914125468294724 
1 -2 0 0.5115420558885376 19.914125078008563 
1 -3 0 1.7675887305315856 16.84987733991842 
2 -3 0 4.435677764887979 13.784306118781123 
1 -4 0 1.7675887305685103 16.849877194490787 
2 -4 0 4.435677764887975 13.784306118781116 
0 5 0 3.0 6.0 
0 4 0 3.000000000000001 5.999999999999999 
0 3 0 1.1528519507851391 14.739629631529045 
0 2 0 1.152851950779638 14.73962956800472 
0 1 2 1.0362498159181708 17.564706205227296 
0 0 2 1.1765961469049637 17.564706995916772 
0 -1 2 0.5115420558787482 19.999999578676302 
0 -2 2 0.6513613827079175 19.999999158208542 
0 -3 0 0.42247884830273436 17.861892759378634 
0 -4 0 0.42247884830265464 17.86189528562453 
0 -5 0 1.4354445962138318 14.840754878776286 
1 -5 0 4.651912096364551 11.55893488975072 
0 -6 0 1.4354445962272466 14.840754874372537 
1 -6 0 4.6519120963645495 11.558934889750716 
-1 5 0 5.0 5.0 
-1 4 0 5.0 5.0 
-1 3 0 3.145771959706893 13.233775486728863 
-1 2 0 3.1457719601434357 13.233775486728918 
-1 1 0 1.4835498200229587 16.502038802314246 
-1 0 0 1.48354981995138 16.50203886536309 
-1 -1 1 0.6513613827079159 19.99999987008814 
-1 -2 1 0.651361382707915 19.999999939043438 
-1 -3 0 0.422478848321121 19.60050182802939 
-1 -4 0 0.42247884831427807 19.60050186359918 
-1 -5 0 1.034834452417536 16.628882668607726 
-1 -6 0 1.0348344537708698 16.628882101167036 
-1 -7 0 2.0249985971891227 12.122707963282227 
0 -7 0 4.451349877048342 8.754130509061804 
-1 -8 0 2.0249985971678655 12.122707958654932 
0 -8 0 4.451349877048343 8.754130509061806 
-2 3 0 4.511931752638034 10.942805836068072 
-2 2 0 4.511931752638033 10.94280583606807 
-2 1 0 2.592265118808349 15.771574885841124 
-2 0 0 2.5922651224797426 15.771574885868576 
-2 -1 0 1.0276432636430188 17.899018901617673 
-2 -2 0 1.0276432641094815 17.899019025422042 
-2 -3 1 0.4539621510351895 19.99999971217495 
-2 -4 1 0.45396215103519916 19.999999985093186 
-2 -5 1 0.40372871756257106 17.517341786028904 
-2 -6 1 0.4037287175625649 17.517341794871008 
-2 -7 0 0.5048133563301 14.376352983915762 
-2 -8 0 0.5048133563194325 14.376353057328588 
-2 -9 0 1.6692503947119488 9.099207711318833 
-1 -9 0 5.0 5.0 
-2 -10 0 1.6692503947119492 9.099207711318828 
-1 -10 0 5.0 5.0 
-3 3 0 5.585786437626906 8.414213562373092 
-3 2 0 5.585786437626905 8.414213562373096 
-3 1 0 3.8119362152229876 13.572341591142742 
-3 0 0 3.8119362152225165 13.572341591144708 
-3 -1 0 2.28368618766871 16.99999999975145 
-3 -2 0 2.283686188852233 16.99999962133144 
-3 -3 0 1.105303089220418 19.99999999886848 
-3 -4 0 1.1053030891979672 19.99999999305429 
-3 -5 0 0.4037287175637518 18.794361328676157 
-3 -6 0 0.40372871756563095 18.79436133113541 
-3 -7 1 0.5048133563165059 15.840778809482845 
-3 -8 1 0.5048133563165101 15.8407788102074 
-3 -9 0 0.580839976947587 11.40822593898944 
-3 -10 0 0.5808399769476449 11.408225938989425 
-4 1 0 6.438447187191169 10.999999999999998 
-4 0 0 6.438447187191168 10.999999999999996 
-4 -1 0 4.595037566277618 15.76674527671389 
-4 -2 0 4.595037567476629 15.766745329536493 
-4 -3 0 2.8886499087019284 17.89109445766232 
-4 -4 0 2.8886499086998274 17.891095596450686 
-4 -5 0 1.840489438623606 18.794360630173813 
-4 -6 0 1.840489438628795 18.780775321955424 
-4 -7 0 1.1310526536756667 16.495804541787354 
-4 -8 0 1.1310526575898134 16.495804447018692 
-4 -9 0 0.5808399769477686 12.874450840055081 
-4 -10 0 0.5808399770236524 12.874450833474512 
-4 -11 0 1.5857864376269046 4.999999999999999 
-3 -11 0 1.5857864376269049 4.414213562373096 
-4 -12 0 1.5857864376269049 5.000000000000002 
-3 -12 0 1.5857864376269046 4.414213562373094 
-5 -1 0 8.43844718719117 13.0 
-5 -2 0 8.438447187191175 13.0 
-5 -3 0 5.517130608638666 16.999999975147375 
-5 -4 0 5.517130608638671 16.999999998750383 
-5 -5 0 3.75293389407808 18.248008470585308 
-5 -6 0 3.7529338940780916 18.248008470734437 
-5 -7 0 2.810901604988637 16.495804302634355 
-5 -8 0 2.810901604448514 16.495804517598337 
-5 -9 0 2.0446972341233742 13.187459793771655 
-5 -10 0 2.044697234022497 13.18745979377154 
-5 -11 0 1.5857864376269055 5.0 
-5 -12 0 1.5857864376269057 5.0 
-6 -3 0 15.0 15.0 
-6 -4 0 15.0 15.0 
-6 -5 0 9.771025907169035 16.589843718632814 
-6 -6 0 9.771025907169033 16.58984371863281 
-6 -7 0 7.163131856646377 16.225850453515786 
-6 -8 0 7.163131856646376 16.225850453515783 
-6 -9 0 5.607130843270599 13.18745979377167 
-6 -10 0 5.6071308432706015 13.18745979377167 
-6 -11 0 5.0 5.0 
-6 -12 0 5.0 5.0 
