2 4 0 1.585786437626904 5.000000000000001 
3 4 0 5.0 5.0 
2 3 0 1.5857864376269046 5.0 
3 3 0 5.0 5.0 
2 2 0 1.767655111529434 12.701562118716424 
3 2 0 6.298437881283577 12.701562118716424 
2 1 0 1.767655111529437 12.701562118716428 
3 1 0 6.298437881283576 12.701562118716424 
2 0 0 2.4880646270951945 14.0 
3 0 0 12.0 12.0 
2 -1 0 2.4880646270951896 13.999999999999996 
3 -1 0 12.0 12.0 
1 4 0 1.5857864376269046 4.999999999999998 
1 3 0 1.5857864376269042 5.000000000000001 
1 2 0 0.7426243536959095 11.27495927026105 
1 1 0 0.7426243536959097 11.274959551087953 
1 0 0 1.0690692458896551 13.99999999940237 
1 -1 0 1.0690692457534035 13.999999995070898 
1 -2 0 1.3702080327197481 11.871862334858276 
2 -2 0 4.694102470666569 10.785667011198003 
1 -3 0 1.370208032691799 11.871862318560611 
2 -3 0 4.69410247066657 10.785667011198 
0 4 0 1.585786437626905 4.414213562373095 
0 3 0 1.5857864376269049 4.414213562373096 
0 2 1 0.7426243536959108 9.64448406209337 
0 1 1 0.7426243536959053 9.644484062093381 
0 0 2 0.7984898402978369 13.464867551083087 
0 -1 2 0.7984898402978344 13.464866925631837 
0 -2 1 0.3740955284528173 13.88138939404389 
0 -3 1 0.3740955284528154 13.881389344015716 
0 -4 0 0.5820970830741281 10.41190773146548 
1 -4 0 2.9684796132232907 8.483025561194427 
0 -5 0 0.5820970830747588 10.41190753018521 
1 -5 0 2.968479613223289 8.48302556119443 
-1 2 0 1.8291427165259284 7.845099918856902 
-1 1 0 1.8291427165259269 7.845099918856901 
-1 0 0 0.7984898403144249 11.800534293406463 
-1 -1 0 0.7984898402986036 11.800534060515089 
-1 -2 0 0.37409552871454627 13.999999108018716 
-1 -3 0 0.37409552853144823 13.999999998798117 
-1 -4 0 0.5820970830916942 11.414300727921722 
-1 -5 0 0.5820970831407214 11.414300768736073 
-1 -6 0 1.7856802566224654 6.0 
0 -6 0 2.585786437626905 5.414213562373095 
-1 -7 0 1.7856802566224637 6.0 
0 -7 0 2.5857864376269046 5.414213562373096 
-2 0 0 2.661123001220926 10.0 
-2 -1 0 2.6611230012209246 10.000000000000002 
-2 -2 0 1.384488608498483 13.99999999999737 
-2 -3 0 1.3844886045932918 13.999999990114564 
-2 -4 0 1.1539825669429138 13.244719534843389 
-2 -5 0 1.1539825669435124 13.244719534884046 
-2 -6 0 1.585786437626905 6.414213562373094 
-2 -7 0 1.5857864376269049 6.414213562373093 
-3 -2 0 3.8188971021438873 12.000000000000002 
-3 -3 0 3.818897102143888 12.000000000000002 
-3 -4 0 2.5820002414932883 14.0 
-3 -5 0 2.5820002414932888 14.000000000000002 
-3 -6 0 1.585786437626903 6.9999999999999964 
-3 -7 0 1.585786437626904 7.0 
-4 -4 0 14.0 14.0 
-4 -5 0 14.0 14.0 
-4 -6 0 7.0 7.0 
-4 -7 0 7.0 7.0 
