4 12 1 2.0 2.0 
5 12 0 2.0 2.0 
4 11 1 2.0000000000000004 2.0000000000000004 
5 11 0 2.0 2.0 
4 10 1 0.45384219962342065 8.279452315768603 
5 10 0 2.179910625625212 8.279452315768609 
4 9 1 0.4538421996234169 8.279452315768609 
5 9 0 2.1799106256252125 8.279452315768607 
4 8 0 0.182744662711368 11.551152508850823 
5 8 0 2.977591672344632 11.551152508936992 
4 7 0 0.1827446627113705 11.55115250616107 
5 7 0 2.9775916723446305 11.55115250893699 
4 6 0 0.6909268160261792 13.650898910879727 
5 6 0 4.462262164327799 13.053087271937592 
4 5 0 0.6909268160261721 13.650898913932005 
5 5 0 4.462262164327798 13.053087271937592 
4 4 0 1.7444264787736878 13.608114246195719 
5 4 0 6.5482992771482715 12.311155163099466 
4 3 0 1.7444264787758934 13.608114245410105 
5 3 0 6.5482992771482715 12.311155163099466 
4 2 0 3.4786893705261086 11.999999999999996 
5 2 0 10.0 10.0 
4 1 0 3.478689370526105 11.999999999999998 
5 1 0 10.0 10.0 
3 10 1 0.4538421996234203 7.516232630226193 
3 9 1 0.4538421996234189 7.516232630226192 
3 8 0 0.1827446627438257 11.507255745883551 
3 7 0 0.18274466271251844 11.507255821374892 
3 6 0 0.6909268215184438 13.650898909231955 
3 5 0 0.6909268160274339 13.650898589758796 
3 4 0 1.5187368283816627 14.495192328436092 
3 3 0 1.5187368283753095 14.495191785345702 
3 2 0 2.8857038004753743 12.717510324316999 
3 1 0 2.88570380047595 12.717510441588432 
3 0 0 4.875114580235426 9.761557181831893 
4 0 0 6.0 8.0 
3 -1 0 4.875114580235424 9.761557181831888 
4 -1 0 6.0 8.0 
2 10 0 3.0 3.0 
2 9 0 3.0 3.0 
2 8 0 0.20952307436600412 10.40267259358918 
2 7 0 0.20952307436600673 10.402672633723032 
2 6 1 0.8106063310549473 13.545527138398764 
2 5 1 0.8106063306641585 13.545527202465308 
2 4 0 0.3060539762428251 15.511864026395244 
2 3 0 0.3060539762665769 15.511864022965897 
2 2 0 1.598616655916043 13.999999996696596 
2 1 0 1.5986166559178832 13.999999994891862 
2 0 0 3.0156433288392748 11.569468560273188 
2 -1 0 3.0156433288392788 11.569468560273188 
1 8 0 2.9999999999999996 7.0 
1 7 0 3.0 7.0 
1 6 0 0.83650954066647 12.690755335416279 
1 5 0 0.8365095406737078 12.690755294389447 
1 4 0 0.30605397624271624 15.511864017906595 
1 3 0 0.30605397624270453 15.511864032153225 
1 2 0 0.8541450808428378 15.99999999999432 
1 1 0 0.8541450808166919 15.999999999930465 
1 0 0 3.0152726749471475 12.096597691219989 
1 -1 0 3.0152726749408947 12.096597691168906 
1 -2 0 5.0 5.0 
2 -2 0 5.0 5.0 
1 -3 0 5.0 5.0 
2 -3 0 5.0 5.0 
0 6 0 3.9999999999999973 9.000000000000004 
0 5 0 4.0 9.000000000000002 
0 4 1 0.9572763490018147 13.999999999441718 
0 3 1 0.9572763490018175 13.999999999461815 
0 2 1 0.7749539959824036 15.99999999988827 
0 1 1 0.7749539959824013 15.999999999417106 
0 0 0 0.29438584922869576 13.839321512787057 
0 -1 0 0.29438584922869815 13.83932151336333 
0 -2 0 2.0 5.0 
0 -3 0 1.9999999999999993 5.0 
-1 4 0 4.697224362268004 11.000000000000002 
-1 3 0 4.697224362268005 11.000000000000004 
-1 2 0 0.7749539959824009 15.999999752421791 
-1 1 0 0.7749539959824018 15.999999957824041 
-1 0 0 0.29438584923044064 15.6586677307872 
-1 -1 0 0.29438584922879113 15.658667735970482 
-1 -2 0 0.8628459807529918 11.184956517481726 
-1 -3 0 0.8628459807529925 11.184956517481726 
-2 4 0 7.0 7.0 
-2 3 0 7.0 7.0 
-2 2 0 2.336422297047672 13.000000000000002 
-2 1 0 2.336422297047684 13.000000000000002 
-2 0 0 0.9822016336494273 15.658667735970727 
-2 -1 0 0.982201633649424 15.658667735970717 
-2 -2 0 0.86284598075299 11.720153254455276 
-2 -3 0 0.8628459807529909 11.720153254455271 
-3 2 0 9.0 9.0 
-3 1 0 9.0 9.0 
-3 0 0 3.7905795388083994 13.843535539826842 
-3 -1 0 3.790579538808398 13.843535539826842 
-3 -2 0 1.2798467455447258 11.720153254455276 
-3 -3 0 1.279846745544725 11.720153254455276 
-3 -4 0 1.0 1.0 
-2 -4 0 1.0 1.0 
-3 -5 0 1.0 1.0 
-2 -5 0 1.0 1.0 
