5 11 0 1.9452041104761846 8.000000000000002 
6 11 0 8.0 8.0 
5 10 0 1.9452041104761852 7.999999999999999 
6 10 0 8.0 8.0 
5 9 0 2.4296979669534657 18.472135954999516 
6 9 0 9.52786404500042 18.47213595499958 
5 8 0 2.4296979669534693 18.472135954968284 
6 8 0 9.52786404500042 18.47213595499958 
5 7 0 4.098435324179022 19.9999999999989 
6 7 0 18.0 18.0 
5 6 0 4.098435324179026 19.999999999998405 
6 6 0 18.0 18.0 
4 11 1 1.945204110476186 7.722593104321795 
4 10 1 1.9452041104761832 7.7225931043217955 
4 9 1 0.7433057905431347 16.94990311758391 
4 8 1 0.7433057905431383 16.949903833814016 
4 7 0 0.2969180106885713 19.999999902561925 
4 6 0 0.29691801068857293 19.999999974114893 
4 5 0 1.8462972112914364 17.99999947874742 
5 5 0 6.957974473436799 16.0 
4 4 0 1.8462972079653126 17.999999866342915 
5 4 0 6.957974473436795 16.0 
3 11 0 3.9999999999999982 7.000000000000001 
3 10 0 3.9999999999999996 7.000000000000003 
3 9 0 0.7433057905485668 15.786199017937307 
3 8 0 0.7433057905751372 15.786199018569402 
3 7 0 0.2969180106886689 19.355512207879787 
3 6 0 0.2969180106885746 19.355511679891222 
3 5 0 1.520616643248468 19.9999989603772 
3 4 0 1.520616644314007 19.999999228523464 
3 3 0 2.5545734790236674 15.967859149380654 
4 3 0 4.676166260771711 15.000000000000004 
3 2 0 2.5545734790215486 15.967859600284756 
4 2 0 4.676166260771711 15.000000000000002 
2 11 0 3.9999999999999982 7.000000000000001 
2 10 0 3.9999999999999987 7.0 
2 9 0 1.3240357000485499 14.249628101074265 
2 8 0 1.3240356989470188 14.24962810107808 
2 7 1 0.3871187794651728 17.99999999940605 
2 6 1 0.38711877946517725 17.999999827515673 
2 5 0 0.32212794922725274 19.999999673729995 
2 4 0 0.32212794921885307 19.999999883289053 
2 3 0 0.7366605565738342 17.999999914524516 
2 2 0 0.7366605565448344 17.99999977286002 
2 1 0 1.742871096096617 14.7454991697783 
3 1 0 4.652301761526408 13.559294145488627 
2 0 0 1.7428710960924558 14.745499135569835 
3 0 0 4.652301761526675 13.559294143626209 
1 11 0 3.999999999999999 7.0 
1 10 0 3.9999999999999996 7.0 
1 9 0 1.9661144891244517 12.305769129155328 
1 8 0 1.966114489124443 12.305769128220177 
1 7 0 0.3871187794758236 16.313770420176926 
1 6 0 0.3871187797175471 16.313770417078207 
1 5 0 0.32212794927921523 19.99999986609246 
1 4 0 0.32212794917844323 19.99999999683911 
1 3 1 0.5120987700311965 19.711752317150243 
1 2 1 0.5120987700311971 19.711753751165958 
1 1 0 0.45121711938607156 15.777619523125653 
1 0 0 0.45121711934523595 15.777619440785648 
1 -1 0 1.4949902494933338 12.956619962919657 
2 -1 0 3.827053680047239 11.212242779201562 
1 -2 0 1.4949902494933853 12.956619959065474 
2 -2 0 3.8270536800472414 11.212242779201564 
0 11 0 6.0 6.0 
0 10 0 6.0 6.0 
0 9 0 4.050204310330238 10.978707582699679 
0 8 0 4.050204310330221 10.978707581691795 
0 7 0 2.2181028574676884 14.546452810053822 
0 6 0 2.21810285746777 14.54645289498523 
0 5 0 0.4735804225026461 17.857965699449032 
0 4 0 0.47358042249151394 17.857966217327053 
0 3 1 0.5120987700311914 19.999999973804602 
0 2 1 0.5120987700311931 19.999999983564603 
0 1 1 0.45121711934483943 17.398953975348398 
0 0 1 0.45121711934484043 17.39895337443206 
0 -1 0 0.43237537438882684 13.597691053166347 
0 -2 0 0.4323753743745544 13.59769076104763 
0 -3 0 2.3049235254466187 9.806808694616404 
1 -3 0 3.4744123518033647 8.33601894398179 
0 -4 0 2.304923525446599 9.80680869461641 
1 -4 0 3.4744123518033656 8.33601894398179 
-1 9 0 6.585786437626904 9.414213562373096 
-1 8 0 6.585786437626905 9.414213562373096 
-1 7 0 4.22775248719897 13.414213562372966 
-1 6 0 4.227752486606195 13.414213562370252 
-1 5 0 2.3825972403916302 16.798700689650044 
-1 4 0 2.382597239085258 16.79870111053522 
-1 3 0 1.0238571598201263 19.99999903946795 
-1 2 0 1.0238571600341204 19.99999978697581 
-1 1 0 0.5641935185465765 18.999461489935403 
-1 0 0 0.5641935185423628 18.999461499282926 
-1 -1 0 0.4323753743516793 15.301942786551436 
-1 -2 0 0.4323753744540933 15.3019427772116 
-1 -3 0 0.9988593660002837 10.309215083760593 
-1 -4 0 0.9988593660008722 10.309214388283358 
-1 -5 0 4.0 4.0 
0 -5 0 4.0 4.0 
-1 -6 0 4.0 4.0 
0 -6 0 4.0 4.0 
-2 7 0 7.999999999999999 11.414213562373096 
-2 6 0 8.000000000000002 11.414213562373096 
-2 5 0 5.358199403279867 14.99999998683126 
-2 4 0 5.3581994378469195 14.999999958394955 
-2 3 0 3.061303952579704 17.999999950949157 
-2 2 0 3.0613039525359027 17.999999974052926 
-2 1 0 1.5819643767573597 18.999461427350713 
-2 0 0 1.5819643780094577 18.99946060498844 
-2 -1 0 1.313205941086925 16.85001541336016 
-2 -2 0 1.3132059410916606 16.850015413466085 
-2 -3 0 0.9988593660441029 12.110875385019105 
-2 -4 0 0.998859366060401 12.110875385013744 
-2 -5 0 4.0 4.0 
-2 -6 0 4.0 4.0 
-3 5 0 9.999999999999998 13.0 
-3 4 0 10.0 13.000000000000002 
-3 3 0 6.778115327500923 15.999999992821254 
-3 2 0 6.778115327500919 15.999999974358548 
-3 1 0 4.788008447929068 17.864913957577173 
-3 0 0 4.788008447925927 17.86491395352657 
-3 -1 0 3.214066398568271 16.85001541350178 
-3 -2 0 3.2140663985683484 16.850015413515187 
-3 -3 0 2.344245168091049 12.343189248913014 
-3 -4 0 2.344245168091055 12.343189248913022 
-3 -5 0 4.0 4.0 
-3 -6 0 4.0 4.0 
-4 3 0 14.0 14.0 
-4 2 0 14.0 14.0 
-4 1 0 9.712830808096863 16.158679721051843 
-4 0 0 9.712830808096868 16.158679721051843 
-4 -1 0 6.601309592121311 16.660893686532887 
-4 -2 0 6.601309592121312 16.660893686532884 
-4 -3 0 5.227310477678568 12.34318924891302 
-4 -4 0 5.227310477678566 12.343189248913019 
-4 -5 0 4.0 4.0 
-4 -6 0 4.0 4.0 
