5 13 0 0.9999999999999998 3.0 
6 13 0 3.0 3.0 
5 12 0 1.0 3.0 
6 12 0 3.0 3.0 
5 11 0 1.3268392128286948 13.839171766786727 
6 11 0 4.276626627505281 13.839171766786732 
5 10 0 1.3268392128286883 13.839171766786727 
6 10 0 4.27662662750528 13.83917176678673 
5 9 0 2.08243474990121 16.947404123427077 
6 9 0 5.613070592515393 16.13927806346934 
5 8 0 2.0824347499027596 16.947404124959526 
6 8 0 5.613070592515392 16.13927806346934 
5 7 0 3.47163544644703 17.637358433080944 
6 7 0 7.542053137831147 15.812897051357925 
5 6 0 3.471635446446626 17.637358470326312 
6 6 0 7.5420531378311475 15.812897051357929 
5 5 0 5.409858619911467 15.999999999999998 
6 5 0 13.0 13.0 
5 4 0 5.409858619911465 15.999999999999995 
6 4 0 13.0 13.0 
4 13 0 0.9999999999999998 3.0 
4 12 0 0.9999999999999999 3.0 
4 11 1 0.8491610050981974 12.008778382979392 
4 10 1 0.8491610050981955 12.008778382979383 
4 9 1 1.0501989421054845 16.947403869599306 
4 8 1 1.050198942105488 16.947404077364386 
4 7 0 0.48652395007721594 19.233045587221028 
4 6 0 0.4865239501155028 19.233045336236987 
4 5 0 1.8983278921999316 17.999999978761615 
4 4 0 1.898327895406653 17.99999994630529 
4 3 0 4.1225780387758055 14.825475435696902 
5 3 0 8.267949192431121 11.732050807568877 
4 2 0 4.122578038780275 14.825476012272917 
5 2 0 8.267949192431123 11.732050807568875 
3 11 0 0.8491610050981977 9.605787279356923 
3 10 0 0.8491610050981948 9.605787279356923 
3 9 0 0.3531111927532716 15.179016650022765 
3 8 0 0.35311119275792985 15.179016196998605 
3 7 0 0.4865239501657102 19.233045903645042 
3 6 0 0.4865239500761205 19.23304592837189 
3 5 0 1.1448143067205114 19.999999979107972 
3 4 0 1.144814307793303 19.999999966131792 
3 3 0 2.8106442700085292 15.761505340818722 
3 2 0 2.8106442699937277 15.761505340358736 
3 1 0 5.229269906722972 12.633363896273115 
4 1 0 7.0 9.0 
3 0 0 5.229269906722973 12.633363896273115 
4 0 0 7.0 9.0 
2 11 0 3.0000000000000004 6.0 
2 10 0 3.0000000000000004 6.0 
2 9 0 0.3531111927647425 13.545097867703724 
2 8 0 0.3531111927800973 13.54509761304719 
2 7 3 0.7056379426414522 17.62560676261036 
2 6 3 0.7056379426414487 17.62560680987958 
2 5 3 0.9320984172642985 19.999999420278282 
2 4 3 0.932098417264302 19.999998152306087 
2 3 0 0.5677108039627374 17.9999999555167 
2 2 0 0.567710803976687 17.99999984849408 
2 1 0 2.175303784340234 14.399678678236969 
2 0 0 2.1753037777299604 14.399678679845968 
1 11 0 5.0 5.0 
1 10 0 5.0 5.0 
1 9 0 3.030321424320452 10.269611125597173 
1 8 0 3.0303213988790874 10.269610738302399 
1 7 0 0.6871591172296102 15.850235581480481 
1 6 0 0.6871591172276356 15.850235366419636 
1 5 0 0.3162175359810421 19.85138739734239 
1 4 0 0.31621753606557823 19.85138772118013 
1 3 0 0.5677108041075597 19.999999984549884 
1 2 0 0.5677108039640316 19.999999582929124 
1 1 0 1.0405604153026053 15.338487010137479 
1 0 0 1.0405604153029107 15.338487041171994 
1 -1 0 2.875002515449442 11.242999791349447 
2 -1 0 4.451664552224624 9.93959597568752 
1 -2 0 2.8750025154491805 11.242999791349446 
2 -2 0 4.451664552224628 9.93959597568752 
0 9 0 5.381966011250104 9.302775637731994 
0 8 0 5.381966011250105 9.302775637731994 
0 7 0 2.00699133836532 13.34991503849818 
0 6 0 2.0069913383655864 13.349915097127157 
0 5 0 0.31621753596403257 17.999998514443757 
0 4 0 0.3162175359640297 17.999999928282612 
0 3 3 0.795873161766563 19.999999169418576 
0 2 3 0.5683019981462022 19.99999879805146 
0 1 3 1.0405604153088697 17.84938292588871 
0 0 3 1.040560415256222 17.84938300361491 
0 -1 0 0.6189866686708385 11.957392641424827 
0 -2 0 0.6189866691536446 11.957392437949494 
0 -3 0 5.0 5.0 
1 -3 0 5.0 5.0 
0 -4 0 5.0 5.0 
1 -4 0 5.0 5.0 
-1 7 0 5.202519149669851 11.552811823262461 
-1 6 0 5.202519149669846 11.552811823262465 
-1 5 0 2.4575393479900938 15.00908608303651 
-1 4 0 2.4575393479901195 15.00908565890339 
-1 3 0 0.9007943953744106 19.999999547765523 
-1 2 0 0.9007943953711575 19.999999720722617 
-1 1 0 0.2840773778300269 19.42964727213158 
-1 0 0 0.28407737783301473 19.429647281492233 
-1 -1 0 0.6189866686708413 14.108682381066375 
-1 -2 0 0.6189866686708589 14.108682380328862 
-1 -3 0 2.0 6.0 
-1 -4 0 1.9999999999999993 6.0 
-2 5 0 5.053318113095663 13.000000000000002 
-2 4 0 5.053318113095661 13.000000000000002 
-2 3 0 2.0285585660212617 17.864709372354234 
-2 2 0 2.028558566021265 17.864710304505984 
-2 1 0 0.2840773777964337 19.999999988350172 
-2 0 0 0.2840773777959745 19.999999981155348 
-2 -1 1 0.7834304664230797 16.512520750929397 
-2 -2 1 0.7834304664230778 16.512520750894986 
-2 -3 1 1.6863565557664741 6.486039402897246 
-2 -4 1 1.6863565557664741 6.48603940289725 
-3 3 0 6.8188971021438896 15.0 
-3 2 0 6.818897102143894 14.999999999999998 
-3 1 0 3.9982661338908483 20.0 
-3 0 0 3.9982661338908456 19.999999999999996 
-3 -1 0 2.3615275948113528 18.109772228646364 
-3 -2 0 2.361527594811126 18.1097722286457 
-3 -3 0 1.6863565557664737 7.000000000000001 
-3 -4 0 1.686356555766474 7.0 
-4 1 0 17.0 17.0 
-4 0 0 17.0 17.0 
-4 -1 0 8.890227771353556 18.109772228646445 
-4 -2 0 8.890227771353555 18.109772228646445 
-4 -3 0 7.0 7.0 
-4 -4 0 7.0 7.0 
