2 8 1 1.9999999999999998 1.9999999999999998 
3 8 0 2.0 2.0 
2 7 1 2.0 2.0 
3 7 0 2.0 2.0 
2 6 2 0.7639320225002127 6.9032119259115525 
3 6 0 2.2907246405630772 6.903211925911553 
2 5 2 0.7639320225002113 6.9032119259115525 
3 5 0 2.290724640563077 6.903211925911553 
2 4 1 0.5164915919197535 9.48443525053711 
3 4 0 4.238442818168109 9.124885419764574 
2 3 1 0.5164915919197528 9.484435250537112 
3 3 0 4.23844281816811 9.124885419764574 
2 2 0 0.6719687105043907 9.000000000000002 
3 2 0 7.0 7.0 
2 1 0 0.6719687105043908 9.0 
3 1 0 7.0 7.0 
1 6 0 0.7639320225002093 6.7320508075688785 
1 5 0 0.7639320225002102 6.7320508075688785 
1 4 0 0.5164915919203372 9.484435250513169 
1 3 0 0.5164915924747178 9.484435249590648 
1 2 0 0.6719687105044319 9.684159202419256 
1 1 0 0.6719687105053015 9.68415920225269 
1 0 0 3.0 6.999999999999999 
2 0 0 2.9999999999999996 5.0 
1 -1 0 2.999999999999999 7.000000000000001 
2 -1 0 2.9999999999999996 5.0 
0 6 0 2.0 4.0 
0 5 0 2.0 4.0 
0 4 1 1.750859461870452 8.82842712474619 
0 3 1 1.7508594618704518 8.828427124746192 
0 2 2 1.864450077211449 9.999999999999986 
0 1 2 1.86445007721145 10.000000000000004 
0 0 1 0.6719687105043888 7.701562118716421 
0 -1 1 0.6719687105043902 7.701562118716425 
-1 4 0 3.2679491924311237 6.732050807568876 
-1 3 0 3.2679491924311233 6.732050807568876 
-1 2 0 1.0116855105018372 10.000000000000002 
-1 1 0 1.0116855105018363 10.0 
-1 0 0 0.67196871050439 8.999999999999996 
-1 -1 0 0.6719687105043891 9.000000000000004 
-1 -2 0 0.9999999999999998 3.0 
0 -2 0 0.9999999999999999 2.9999999999999996 
-1 -3 0 1.0 3.0 
0 -3 0 1.0 3.0 
-2 2 0 8.0 8.0 
-2 1 0 8.0 8.0 
-2 0 0 3.9999999999999996 9.0 
-2 -1 0 3.999999999999999 9.0 
-2 -2 0 3.0 3.0 
-2 -3 0 3.0 3.0 
