1 5 0 2.0 2.0 
2 5 0 2.0 2.0 
1 4 0 2.0 2.0 
2 4 0 2.0 2.0 
1 3 0 0.9945362479102947 8.201472338219242 
2 3 0 2.253431753004283 8.20147233821924 
1 2 0 0.9945362479102947 8.201472338219244 
2 2 0 2.2534317530042816 8.201472338219242 
1 1 0 1.297001700408875 10.291398554137112 
2 1 0 3.0754595725891773 10.226255599115877 
1 0 0 1.2970016999599703 10.291398554137114 
2 0 0 3.075459572589176 10.226255599115877 
1 -1 0 2.092374506163121 11.109213635762115 
2 -1 0 4.532067635133921 9.581807201135852 
1 -2 0 2.092374514732935 11.10921363642765 
2 -2 0 4.532067635133921 9.581807201135852 
1 -3 0 3.4319856633823695 10.000000000000002 
2 -3 0 8.0 8.0 
1 -4 0 3.431985663382372 9.999999999999998 
2 -4 0 8.0 8.0 
0 5 0 2.0 2.0 
0 4 0 2.0 2.0 
0 3 1 0.9945362479102962 6.5133986339452585 
0 2 1 0.9945362479102956 6.513398633945256 
0 1 2 0.570155203637346 10.291398554137109 
0 0 2 0.5701552036373461 10.291398554137116 
0 -1 1 0.38122470100778477 11.531633700269804 
0 -2 1 0.38122470100778405 11.531633706724202 
0 -3 0 0.4872356194627411 10.594435624950295 
0 -4 0 0.4872356197703928 10.594435444735065 
0 -5 0 1.985673145336479 7.851453580618161 
1 -5 0 5.0 7.0 
0 -6 0 1.985673145336478 7.851453580618158 
1 -6 0 5.0 7.0 
-1 3 0 3.0 5.0 
-1 2 0 3.0 5.0 
-1 1 0 0.5701552036379278 8.81316057804916 
-1 0 0 0.570155203637554 8.813160578049278 
-1 -1 0 0.38122470100825095 11.53163371652935 
-1 -2 0 0.3812247010077904 11.531633323855427 
-1 -3 0 0.48723561941930565 11.250112800994026 
-1 -4 0 0.4872356194193053 11.250113209302938 
-1 -5 0 1.9605019182323844 9.25573192241025 
-1 -6 0 1.9605019182323833 9.255731922419692 
-1 -7 0 4.0 4.0 
0 -7 0 4.0 4.0 
-1 -8 0 4.0 4.0 
0 -8 0 4.0 4.0 
-2 1 0 3.9999999999999982 8.0 
-2 0 0 4.000000000000001 8.0 
-2 -1 0 2.143527688706983 10.99999924655723 
-2 -2 0 2.143527688706981 10.999999985953082 
-2 -3 0 1.2062346561708837 11.999999999986244 
-2 -4 0 1.206234656506871 11.999999999989738 
-2 -5 0 1.9605019184871473 9.594822974079912 
-2 -6 0 1.9605019185702994 9.594823175595055 
-2 -7 0 4.0 4.0 
-2 -8 0 3.9999999999999996 4.0 
-3 -1 0 6.999999999999999 9.0 
-3 -2 0 7.0 9.0 
-3 -3 0 3.1926062493554013 12.0 
-3 -4 0 3.1926062493553977 12.0 
-3 -5 0 2.5799743787334313 10.000000000000004 
-3 -6 0 2.5799743787334277 10.0 
-3 -7 0 4.0 4.0 
-3 -8 0 3.9999999999999996 4.0 
-4 -3 0 10.0 10.0 
-4 -4 0 10.0 10.0 
-4 -5 0 6.000000000000001 10.0 
-4 -6 0 6.0 10.0 
-4 -7 0 4.0 4.0 
-4 -8 0 4.0 4.0 
