2 6 0 1.0 1.0 
3 6 0 1.0 1.0 
2 5 0 1.0 1.0 
3 5 0 1.0 1.0 
2 4 1 1.3037879343105627 9.323272970502767 
3 4 0 1.303787934310562 9.323272970502767 
2 3 1 1.3037879343105627 9.32327297050277 
3 3 0 1.3037879343105618 9.323272970502769 
2 2 1 2.3438636403359334 11.674708466852536 
3 2 0 2.859945055359742 10.140054944640257 
2 1 1 2.3438636403359325 11.674708466852538 
3 1 0 2.8599450553597405 10.140054944640259 
2 0 0 1.9473070793845753 10.0 
3 0 0 7.0 7.0 
2 -1 0 1.9473070793845728 10.000000000000002 
3 -1 0 7.0 7.0 
1 4 0 3.0 7.0 
1 3 0 2.9999999999999996 7.0 
1 2 0 0.6585353942813925 11.674708440601698 
1 1 0 0.6585353942813927 11.674708337379771 
1 0 0 0.9939102802865296 11.999999984223933 
1 -1 0 0.9939102804070729 11.999999930476456 
1 -2 0 4.208712152522079 8.79128784747792 
2 -2 0 5.0 5.0 
1 -3 0 4.20871215252208 8.791287847477921 
2 -3 0 5.0 5.0 
0 4 0 2.9999999999999996 4.0 
0 3 0 3.0000000000000004 4.0 
0 2 0 0.6585353942826775 10.999999999999881 
0 1 0 0.6585353942877709 10.999999999999904 
0 0 2 1.2627156276738518 11.999999999979277 
0 -1 2 1.2627156276736857 11.999999999993227 
0 -2 1 0.3046431497391295 10.85410196623978 
0 -3 1 0.3046431497391304 10.854101966248669 
-1 4 0 4.0 4.0 
-1 3 0 4.0 4.0 
-1 2 0 2.4453968716403613 8.999999999999998 
-1 1 0 2.4453968716403627 8.999999999999998 
-1 0 0 1.2627156276738034 11.107046729199253 
-1 -1 0 1.2627156276738047 11.107046729199807 
-1 -2 0 0.30464314973912937 10.894461871749831 
-1 -3 0 0.30464314973912904 10.894430831085703 
-1 -4 1 1.2425611201816493 8.788994199424415 
0 -4 0 2.4384471871911706 6.5615528128088325 
-1 -5 1 1.2425611201816482 8.788994199424412 
0 -5 0 2.4384471871911697 6.561552812808829 
-2 2 0 6.0 8.0 
-2 1 0 5.999999999999999 8.000000000000002 
-2 0 0 2.773966503989503 10.08613019764859 
-2 -1 0 2.7739665039895507 10.086130195461283 
-2 -2 0 0.5162038526877712 10.894420364171038 
-2 -3 0 0.5162038526879736 10.89448690008192 
-2 -4 1 1.2087121525221183 8.854268484172064 
-2 -5 1 1.2087121525220823 8.85426848417835 
-2 -6 0 0.23844281816810997 5.124885419764574 
-1 -6 0 2.0 2.0 
-2 -7 0 0.23844281816811008 5.124885419764573 
-1 -7 0 2.0 2.0 
-3 2 0 6.0 6.0 
-3 1 0 6.0 6.0 
-3 0 0 3.6863565557664737 8.486039402897248 
-3 -1 0 3.6863565557664737 8.48603940289725 
-3 -2 0 2.368050392145715 9.989993819838963 
-3 -3 0 2.3680503921457148 9.989993819838967 
-3 -4 0 1.2087121525220792 8.854268484178489 
-3 -5 0 1.2087121525220799 8.85426848417849 
-3 -6 0 0.23844281816810936 5.124885419764574 
-3 -7 0 0.23844281816811036 5.124885419764573 
