7 21 1 0.09730967965536545 6.654575560485908 
8 21 0 0.0973096796553669 6.65457556048591 
7 20 1 0.09730967965536558 6.654575560485907 
8 20 0 0.09730967965536563 6.654575560485908 
7 19 1 0.6427332498542443 10.647656200017694 
8 19 0 0.6427332487948497 10.647656200017758 
7 18 1 0.6427332487842785 10.647656033404925 
8 18 0 0.6427332487865328 10.647656200017753 
7 17 0 0.2498619368977524 13.689177727068934 
8 17 0 1.6216653683384306 13.689177727552487 
7 16 0 0.24986193690246422 13.689177727548392 
8 16 0 1.6216653682155098 13.689177727547374 
7 15 0 0.9133474120668049 15.709831726047096 
8 15 0 2.681380464883721 14.88648057447426 
7 14 0 0.9133474120668316 15.709831808319741 
8 14 0 2.6813804647668826 14.886480577963487 
7 13 0 2.115318170359821 16.550583022174493 
8 13 0 3.835497924469662 15.639956920718928 
7 12 0 2.1153181703598314 16.55074212869823 
8 12 0 3.8354979244696605 15.639956920718692 
7 11 0 3.9523513776845887 15.77887448960275 
8 11 0 5.288954555874511 14.647601983415163 
7 10 0 3.9523513643143753 15.77887439820926 
8 10 0 5.288954555874331 14.647601983415164 
7 9 0 6.662313498622537 14.145808019255634 
8 9 0 7.188131260396649 12.869785462725709 
7 8 0 6.662313498847967 14.145808019232385 
8 8 0 7.188131260396647 12.869785462725707 
7 7 0 9.999999999999998 12.0 
8 7 0 10.0 10.0 
7 6 0 10.0 12.0 
8 6 0 10.0 10.0 
6 21 0 2.0 2.0 
6 20 0 2.0 2.0 
6 19 2 0.9064799046126256 10.577852580153406 
6 18 2 0.9064799046128105 10.57785258020587 
6 17 1 0.11600830324622391 13.642871057017524 
6 16 1 0.1160083032462248 13.642871057010247 
6 15 0 0.7881194643242868 15.7098318282254 
6 14 0 0.7881194636598488 15.709831743938082 
6 13 0 1.765212484742612 17.14863612826471 
6 12 0 1.7652124842842818 17.14863666938681 
6 11 0 2.9438401721789407 16.778102509640522 
6 10 0 2.943840171675379 16.77810010280943 
6 9 0 4.196239586849818 15.690096598821844 
6 8 0 4.196239535152616 15.690096598675197 
6 7 0 5.868400248943168 13.000000000000004 
6 6 0 5.868400248943166 13.000000000000004 
5 19 0 2.000000000000001 6.953723716349556 
5 18 0 1.9999999999999996 6.953723716349556 
5 17 2 0.11600830324622448 13.481228059332253 
5 16 2 0.11600830324622463 13.48122805930465 
5 15 3 0.7163576860122564 15.669658631018322 
5 14 3 0.7163576860122585 15.669593297914057 
5 13 0 0.31105398228128717 17.148640452305113 
5 12 0 0.31105398228373743 17.148538273312514 
5 11 0 1.0510021515447827 17.97878242247928 
5 10 0 1.051002151527995 17.97877364372372 
5 9 0 2.274932779389007 16.72699715894637 
5 8 0 2.2749327795207988 16.726997228898988 
5 7 0 4.123915667772565 14.999999999639083 
5 6 0 4.123915687695918 14.999999984879057 
5 5 0 7.0 8.0 
6 5 0 8.0 8.0 
5 4 0 6.999999999999999 8.0 
6 4 0 8.0 8.0 
4 17 0 2.000000000146966 10.698797282529032 
4 16 0 2.000000000370248 10.698797282508215 
4 15 3 0.646359556481298 15.502867163082236 
4 14 3 0.7163576860122577 15.502763523020997 
4 13 1 0.21549867986938448 17.148584477764096 
4 12 1 0.2154986798693834 17.1485253373381 
4 11 0 1.0373370696455322 18.93428531604865 
4 10 0 1.0373370685822478 18.93416885266375 
4 9 0 2.2749327950345544 18.042606694600302 
4 8 0 2.2749327811130553 18.042606621913905 
4 7 0 3.886997712304324 15.999999999990756 
4 6 0 3.886997717399102 15.999999832961972 
4 5 0 6.000000000000002 11.000000000000004 
4 4 0 6.000000000000001 11.0 
3 17 0 5.0 5.0 
3 16 0 5.0 5.0 
3 15 0 1.969274957614544 12.999999845629983 
3 14 0 1.9692749576145034 12.999999961557553 
3 13 1 0.21549867986937757 16.999999607527954 
3 12 1 0.21549867986938168 16.999999037424704 
3 11 4 1.0783201465219063 18.934202796912434 
3 10 4 1.0783201465218997 18.934233147847806 
3 9 0 0.4136578952279559 19.062435632047855 
3 8 0 0.41365789520944585 19.062519554553067 
3 7 0 1.3281159107205764 16.99999999551933 
3 6 0 1.3281159107330744 16.999999997243343 
3 5 0 2.8698297160950585 13.464101615137757 
3 4 0 2.869829716095054 13.464101615137757 
2 15 0 5.0 9.481194304092014 
2 14 0 4.999999999999999 9.48119430409202 
2 13 0 1.4915151594816802 14.999999951471793 
2 12 0 1.4915151594827218 14.999999992750876 
2 11 2 0.718015563616334 18.908326904750123 
2 10 2 1.2718013195824547 18.908326892272278 
2 9 0 0.22121436087356655 19.999999994515413 
2 8 0 0.2212143608894962 19.99999998641796 
2 7 0 1.1942622457451018 18.999999999463718 
2 6 0 1.194262245833095 18.999999999768498 
2 5 0 2.4145439285973493 14.154232259390906 
2 4 0 2.4145439293635125 14.154232259397492 
2 3 0 3.9999999999999996 5.0 
3 3 0 5.0 5.0 
2 2 0 4.0 5.0 
3 2 0 5.0 5.0 
1 13 0 5.651595537206542 12.000000000000004 
1 12 0 5.651595537206548 12.000000000000002 
1 11 0 1.777036094351579 16.887481873495556 
1 10 0 1.777036096852691 16.887481898262365 
1 9 1 0.22121436087352922 19.999999997947768 
1 8 1 0.2212143608735366 19.999999998335852 
1 7 3 1.1942622454925562 19.741848560371466 
1 6 3 1.1616052407903639 19.7418482632847 
1 5 0 0.7374104690641751 16.46410160823607 
1 4 0 0.737410469064192 16.46410161291173 
1 3 0 3.0000000000000013 5.000000000000001 
1 2 0 3.0000000000000018 5.000000000000001 
0 11 0 8.17157287525381 13.828427124746193 
0 10 0 8.171572875253805 13.82842712474619 
0 9 0 3.177380606732883 17.99999999939647 
0 8 0 3.1773806067269357 17.999999998447677 
0 7 0 1.1616052407903705 19.741848597443337 
0 6 0 1.1616052415495315 19.741848703017133 
0 5 0 0.7374104690668625 17.41717221266617 
0 4 0 0.7374104690709421 17.417172212726115 
0 3 0 3.0 10.46410161513776 
0 2 0 2.9999999999999996 10.464101615137752 
-1 11 0 9.0 9.0 
-1 10 0 9.0 9.0 
-1 9 0 4.456908259874814 15.000000000000007 
-1 8 0 4.456908259874813 15.0 
-1 7 0 1.4454025230166727 18.056202489451522 
-1 6 0 1.4454025230162995 18.05620027492844 
-1 5 1 1.8918173469374997 17.41717221176173 
-1 4 1 1.8918173469374977 17.417172210746124 
-1 3 1 1.222683720018872 12.913506296684158 
-1 2 1 1.2226837200188732 12.913506296684158 
-2 9 0 11.0 11.0 
-2 8 0 11.0 11.0 
-2 7 0 5.259710187306184 15.842355151069988 
-2 6 0 5.259710187306179 15.842355151069992 
-2 5 0 2.466263710270112 16.151077041055245 
-2 4 0 2.466263710270111 16.151077041055252 
-2 3 0 1.2226837200188727 12.913506296684162 
-2 2 0 1.2226837200188732 12.91350629668416 
-2 1 0 1.0 1.0 
-1 1 0 1.0 1.0 
-2 0 0 1.0 1.0 
-1 0 0 1.0 1.0 
