3 7 0 1.6863565557664744 7.0 
4 7 0 7.0 7.0 
3 6 0 1.6863565557664733 6.999999999999999 
4 6 0 7.0 7.0 
3 5 0 2.2393099797644087 14.000000000000004 
4 5 0 14.0 14.0 
3 4 0 2.239309979764408 13.999999999999998 
4 4 0 14.0 14.0 
2 7 1 1.6863565557664741 6.486039402897249 
2 6 1 1.686356555766473 6.486039402897248 
2 5 1 0.5008422318841633 13.226137130713923 
2 4 1 0.5008422318841607 13.22613713053582 
2 3 0 0.25649105684156515 13.999999999991362 
3 3 0 3.8188971021438882 12.000000000000002 
2 2 0 0.2564910568415667 13.99999999999885 
3 2 0 3.8188971021438873 12.0 
1 7 0 1.9999999999999993 6.0 
1 6 0 2.0 6.0 
1 5 0 0.5008422323694337 11.71209739559216 
1 4 0 0.5008422320049248 11.7120973956916 
1 3 0 0.25649105686259954 13.999999991272245 
1 2 0 0.25649105685847146 13.999999995922764 
1 1 0 0.7387384666728594 11.85779159621208 
2 1 0 1.767301540864997 10.000000000000002 
1 0 0 0.7387384659960788 11.857791596607171 
2 0 0 1.7673015408650028 10.000000000000002 
0 7 0 5.0 5.0 
0 6 0 5.0 5.0 
0 5 0 1.934482149621599 10.615766135433919 
0 4 0 1.9344821489378983 10.615766005417175 
0 3 1 0.9066816988794084 13.999999807184622 
0 2 1 0.906681698879408 13.99999999998366 
0 1 1 0.4726942631369769 13.430097123108203 
0 0 1 0.4726942631369776 13.43009713396846 
0 -1 0 0.3139647484064196 9.87444055903518 
1 -1 0 1.9907194241518884 8.549490764205483 
0 -2 0 0.3139647483880086 9.874440589148666 
1 -2 0 1.9907194241518884 8.549490764205489 
-1 7 0 5.0 5.0 
-1 6 0 5.0 5.0 
-1 5 0 3.14179702967191 8.937641875237134 
-1 4 0 3.14179702967191 8.937641875237134 
-1 3 0 1.7295618460523958 11.999999999961153 
-1 2 0 1.7295618460524793 11.999999999973975 
-1 1 0 0.47269426313712215 13.430095510835608 
-1 0 0 0.47269426313700064 13.43009713396473 
-1 -1 0 0.31396474831642396 11.4937317154316 
-1 -2 0 0.31396474831642107 11.493731821575734 
-1 -3 0 0.8402985086324476 7.321319501461529 
0 -3 0 2.267949192431123 5.732050807568877 
-1 -4 0 0.8402985086324471 7.321319501461528 
0 -4 0 2.267949192431123 5.732050807568878 
-2 5 0 7.0 7.0 
-2 4 0 7.0 7.0 
-2 3 0 4.245509992409578 10.287348884096456 
-2 2 0 4.245509992409576 10.287348884096453 
-2 1 0 2.335227055005217 12.111417727995518 
-2 0 0 2.335227054962595 12.111417727995427 
-2 -1 0 1.0881583475630374 11.493731489171683 
-2 -2 0 1.0881583476513517 11.493731585269918 
-2 -3 0 0.8402985086324467 8.000000000000002 
-2 -4 0 0.8402985086324485 8.000000000000002 
-2 -5 0 2.0 2.0 
-1 -5 0 2.0 2.0 
-2 -6 0 2.0 2.0 
-1 -6 0 2.0 2.0 
-3 3 0 9.0 9.0 
-3 2 0 9.0 9.0 
-3 1 0 7.0 11.0 
-3 0 0 7.0 11.0 
-3 -1 0 4.481183306727701 10.909515966155947 
-3 -2 0 4.4811833067277025 10.90951596615595 
-3 -3 0 3.0 8.000000000000002 
-3 -4 0 3.0000000000000004 7.999999999999999 
-3 -5 0 2.0 2.0 
-3 -6 0 2.0 2.0 
