4 14 0 1.0 1.0 
5 14 0 1.0 1.0 
4 13 0 1.0 1.0 
5 13 0 1.0 1.0 
4 12 1 1.2984378812835742 7.7015621187164225 
5 12 0 1.2984378812835773 7.701562118716424 
4 11 1 1.2984378812835762 7.701562118716426 
5 11 0 1.2984378812835755 7.7015621187164225 
4 10 1 2.1652219608352095 9.684159202538087 
5 10 0 2.627718676730985 8.372281323269016 
4 9 1 2.1652219608352086 9.684159202538085 
5 9 0 2.6277186767309857 8.372281323269014 
4 8 0 1.7508594618704492 8.0 
5 8 0 6.0 6.0 
4 7 0 1.75085946187045 8.0 
5 7 0 6.0 6.0 
3 12 0 2.9999999999999996 5.0 
3 11 0 3.0 5.0 
3 10 0 0.6719687105043924 9.684159202538092 
3 9 0 0.6719687105043937 9.684159202538085 
3 8 0 1.0116855105018374 10.0 
3 7 0 1.0116855105018339 10.0 
3 6 0 3.2679491924311224 6.732050807568878 
4 6 0 4.0 4.0 
3 5 0 3.267949192431123 6.732050807568879 
4 5 0 4.0 4.0 
2 12 0 3.0 3.0 
2 11 0 3.0 3.0000000000000004 
2 10 0 0.67196871050439 9.0 
2 9 0 0.6719687105043892 9.0 
2 8 2 1.011685510501834 10.000000000000002 
2 7 2 1.011685510501837 9.999999999999998 
2 6 2 2.2907246405630772 8.828427124746195 
2 5 2 2.2907246405630763 8.828427124746188 
1 10 0 4.999999999999999 7.0 
1 9 0 5.0 7.0 
1 8 0 1.8644500772114547 9.124885419764574 
1 7 0 1.864450077211454 9.124885419764576 
1 6 0 0.5164915919197546 8.87539748250996 
1 5 0 0.5164915919197526 8.875397482509955 
1 4 0 0.7639320225002109 5.23606797749979 
2 4 0 2.0 2.0 
1 3 0 0.763932022500211 5.23606797749979 
2 3 0 2.0 2.0 
0 10 0 5.0 5.0 
0 9 0 5.0 5.0 
0 8 0 2.4384471871911706 7.56155281280883 
0 7 0 2.4384471871911697 7.561552812808831 
0 6 0 0.5164915919197526 8.87539748250996 
0 5 0 0.5164915919197527 8.875397482509964 
0 4 1 0.7639320225002103 5.23606797749979 
0 3 1 0.7639320225002106 5.236067977499789 
