3 7 0 1.0 1.0 
4 7 0 1.0 1.0 
3 6 0 1.0 1.0 
4 6 0 1.0 1.0 
3 5 0 0.40425602835791774 12.529943066174317 
4 5 0 1.2325759087813821 12.529943066174319 
3 4 0 0.40425602835791613 12.529943066174313 
4 4 0 1.2325759087813812 12.529943066174317 
3 3 0 0.5476588602462311 15.509537878729283 
4 3 0 2.477761104229401 13.866764449184627 
3 2 0 0.547658860191448 15.50953788118667 
4 2 0 2.4777611042294025 13.866764449184625 
3 1 0 1.8577132775906016 16.05170124546834 
4 1 0 4.783009433971698 14.2169905660283 
3 0 0 1.8577132775946579 16.05170124164298 
4 0 0 4.783009433971698 14.216990566028304 
3 -1 0 3.794714955685563 13.462259670991928 
4 -1 0 10.0 10.0 
3 -2 0 3.7947149556855595 13.46225967099193 
4 -2 0 10.0 10.0 
2 5 0 0.40425602835791874 10.791980506842446 
2 4 0 0.4042560283579191 10.79198050684245 
2 3 0 0.42099433770570155 15.509537881159538 
2 2 0 0.4209943377056941 15.509537881177085 
2 1 0 0.4902582844772696 17.728786195150015 
2 0 0 0.4902582844023117 17.72878619624254 
2 -1 0 2.445480987552054 15.999999999653895 
2 -2 0 2.4454809820286134 15.999999999823585 
2 -3 0 5.999999999999998 11.791287847477923 
3 -3 0 8.0 8.0 
2 -4 0 6.0 11.791287847477923 
3 -4 0 8.0 8.0 
1 5 0 4.0 4.0 
1 4 0 3.9999999999999996 4.0 
1 3 0 0.42099433770649203 13.792543157292736 
1 2 0 0.4209943377092209 13.792543152593877 
1 1 0 0.15823248539529444 17.728786166653784 
1 0 0 0.15823248539529072 17.728786198081643 
1 -1 0 0.34465844321351463 17.99999989876783 
1 -2 0 0.3446584432073535 17.9999998896354 
1 -3 0 2.29712536401515 14.872983303124883 
1 -4 0 2.2971253691223743 14.872983246402214 
0 5 0 4.0 4.0 
0 4 0 4.0 4.0 
0 3 0 1.8070872938228448 12.35836715067273 
0 2 0 1.8070873037407222 12.358367150672699 
0 1 0 0.15823248539550153 15.999999996243801 
0 0 0 0.15823248539531623 15.999999961911854 
0 -1 1 0.3144701851328195 17.99999994419677 
0 -2 1 0.3144701853411818 17.999999749713844 
0 -3 1 0.36333516121573506 15.99999996867575 
0 -4 1 0.3633351612157371 15.999999861247636 
0 -5 0 1.9452635924564974 12.9408368465163 
1 -5 0 5.438447187191169 9.56155281280883 
0 -6 0 1.9452635924564858 12.940743515998916 
1 -6 0 5.43844718719117 9.56155281280883 
-1 3 0 3.457907435960348 10.687840342977935 
-1 2 0 3.457907435960347 10.687840342977932 
-1 1 0 1.84784652815146 14.688444349175196 
-1 0 0 1.8478465281540755 14.688444349152286 
-1 -1 0 0.31447018513313446 17.999999990864758 
-1 -2 0 0.3144701851328759 17.999999991099575 
-1 -3 0 0.1555805272826655 17.51190207844092 
-1 -4 0 0.15558052728679692 17.511902078002997 
-1 -5 0 0.3051592034527067 13.885448707680654 
-1 -6 0 0.3051592034527087 13.88544920100677 
-1 -7 0 2.548266805060973 10.79432424237026 
0 -7 0 5.0 5.0 
-1 -8 0 2.548266805076934 10.79432424237024 
0 -8 0 5.0 5.0 
-2 3 0 6.999999999999999 7.000000000000001 
-2 2 0 7.0 7.0 
-2 1 0 3.3545105570055305 12.99999999999989 
-2 0 0 3.3545105513445974 12.999999999999906 
-2 -1 0 1.278512033513598 15.999999947343332 
-2 -2 0 1.27851203604572 15.99999981494576 
-2 -3 0 0.15558052728304664 17.50920749099031 
-2 -4 0 0.15558052728273583 17.50915939423956 
-2 -5 1 0.30515920345270775 15.43293323859999 
-2 -6 1 0.3051592034527095 15.432933202930455 
-2 -7 0 0.08400936830700328 11.316219484125448 
-2 -8 0 0.08400936830712216 11.316219366396854 
-3 3 0 7.0 7.0 
-3 2 0 7.0 7.0 
-3 1 0 4.85092216073064 10.898566260947092 
-3 0 0 4.850922160730636 10.898566260947089 
-3 -1 0 2.71469877540636 14.999999770147179 
-3 -2 0 2.7146987658377943 14.999999942974375 
-3 -3 0 1.3562088775089993 16.35087061233939 
-3 -4 0 1.3562088775871282 16.350870612504153 
-3 -5 0 0.3477739327616945 15.432933105428397 
-3 -6 0 0.34777393280249297 15.432933247747002 
-3 -7 0 0.08400936830683656 13.060381282270559 
-3 -8 0 0.08400936831019801 13.060381282219861 
-3 -9 1 0.8322515755024984 7.887167063193331 
-2 -9 0 1.9999999999999993 7.721702182022122 
-3 -10 1 0.8322515755024983 7.887167063193328 
-2 -10 0 2.0000000000000004 7.721702182022122 
-4 1 0 8.000000000000002 10.0 
-4 0 0 7.999999999999999 10.0 
-4 -1 0 5.895758725601326 12.999999999999998 
-4 -2 0 5.895758725601328 13.000000000000002 
-4 -3 0 4.051461949482373 15.257317784202996 
-4 -4 0 4.051461949247374 15.257317782725332 
-4 -5 0 2.666435499188176 15.252298172607283 
-4 -6 0 2.66643549912112 15.252298136943862 
-4 -7 0 1.625994747928623 13.060381263003839 
-4 -8 0 1.6259947479286088 13.06038128080432 
-4 -9 0 0.8322515755024986 9.000000000000002 
-4 -10 0 0.8322515755024971 9.000000000000004 
-4 -11 0 2.0 2.0 
-3 -11 0 2.0 2.0 
-4 -12 0 2.0 2.0 
-3 -12 0 2.0 2.0 
-5 -1 0 11.0 11.0 
-5 -2 0 11.0 11.0 
-5 -3 0 7.719822738579762 13.620533418256555 
-5 -4 0 7.719822738579766 13.620533418256555 
-5 -5 0 5.907793473663649 14.516896517350222 
-5 -6 0 5.907793473663645 14.516896517350222 
-5 -7 0 4.385377377472513 13.037839510879712 
-5 -8 0 4.385377377472513 13.037839510879714 
-5 -9 0 2.999999999999999 9.0 
-5 -10 0 2.9999999999999996 9.0 
-5 -11 0 2.0 2.0 
-5 -12 0 2.0 2.0 
