2 6 0 0.5857864376269052 4.0 
3 6 0 4.0 4.0 
2 5 0 0.5857864376269047 4.0 
3 5 0 4.0 4.0 
2 4 0 0.8398707583001845 11.832211654587248 
3 4 0 4.692226301612772 11.83221165458725 
2 3 0 0.8398707583001874 11.832211654587246 
3 3 0 4.692226301612773 11.832211654587251 
2 2 0 1.2531015997703974 13.165675930378008 
3 2 0 6.0 11.999999999999996 
2 1 0 1.253101599770398 13.165675930377917 
3 1 0 5.999999999999998 12.0 
2 0 0 2.32525406806742 13.0 
3 0 0 11.0 11.0 
2 -1 0 2.32525406806742 12.999999999999998 
3 -1 0 11.0 11.0 
1 6 0 0.5857864376269051 3.4142135623730954 
1 5 0 0.5857864376269052 3.414213562373095 
1 4 0 0.2592787705921881 10.361445261652957 
1 3 0 0.25927877059218774 10.361445261653222 
1 2 0 0.38942473689454793 13.16567583708317 
1 1 0 0.3894247371994335 13.165675621692346 
1 0 0 0.8095285990517258 13.68489200922635 
1 -1 0 0.8095285990408929 13.684892002601757 
1 -2 0 1.8456241824550326 10.843555006103957 
2 -2 0 4.438447187191169 9.0 
1 -3 0 1.845624181388261 10.843555006095325 
2 -3 0 4.438447187191169 8.999999999999996 
0 4 0 0.25927877059219007 8.656100232190466 
0 3 0 0.25927877059218657 8.656100232190461 
0 2 1 0.3894247367821094 12.601074911368956 
0 1 1 0.3894247367821055 12.60107492198713 
0 0 1 0.5139628705223493 13.822609188921165 
0 -1 1 0.5139628705223506 13.82260911377042 
0 -2 0 0.48360069614325946 12.85544035817592 
0 -3 0 0.48360069612292333 12.855440363812964 
0 -4 0 1.6441452179782936 7.854421538779337 
1 -4 0 3.585786437626905 6.414213562373094 
0 -5 0 1.6441452179782963 7.854421538779337 
1 -5 0 3.585786437626905 6.414213562373096 
-1 4 0 4.0 4.0 
-1 3 0 4.0 4.0 
-1 2 0 0.986426890478377 10.836318328660743 
-1 1 0 0.9864268905125736 10.836318328638118 
-1 0 0 0.5139628707335672 13.822609045173149 
-1 -1 0 0.5139628705350376 13.82260918738051 
-1 -2 0 0.48360069612793105 13.470084521335103 
-1 -3 0 0.48360069612332285 13.470084526984772 
-1 -4 0 1.4840333575786613 10.390220348428269 
-1 -5 0 1.4840333575788016 10.390220348428262 
-2 2 0 5.000000000000001 7.0 
-2 1 0 5.0 7.000000000000002 
-2 0 0 1.8530772612922315 12.834395988161821 
-2 -1 0 1.8530772614306628 12.834395989025017 
-2 -2 0 1.4477010213633936 13.999999762876163 
-2 -3 0 1.4477010210758445 13.999999796527245 
-2 -4 0 1.4840333575906244 12.012716355635781 
-2 -5 0 1.4840333576158218 12.012716355635781 
-2 -6 0 3.0 3.0 
-1 -6 0 3.0 3.0 
-2 -7 0 2.9999999999999996 3.0 
-1 -7 0 3.0 3.0 
-3 0 0 7.000000000000002 9.0 
-3 -1 0 7.0 9.0 
-3 -2 0 2.4773606506781274 14.0 
-3 -3 0 2.4773606506781225 14.000000000000007 
-3 -4 0 1.915566523867132 12.531128874149276 
-3 -5 0 1.91556652386713 12.531128874149276 
-3 -6 0 3.0 3.0 
-3 -7 0 3.0 3.0000000000000004 
-4 -2 0 10.0 10.0 
-4 -3 0 10.0 10.0 
-4 -4 0 4.468871125850725 12.531128874149275 
-4 -5 0 4.468871125850725 12.531128874149275 
-4 -6 0 3.0 3.0 
-4 -7 0 3.0 3.0 
