2 4 0 1.9999999999999993 4.0 
3 4 0 4.0 4.0 
2 3 0 2.0 4.0 
3 3 0 4.0 4.0 
2 2 0 1.8916753236147557 14.696203800822742 
3 2 0 4.435883929005417 14.696203800822742 
2 1 0 1.8916753236285284 14.696203800822735 
3 1 0 4.435883929005417 14.69620380082274 
2 0 0 2.225768826067309 17.68511156663132 
3 0 0 5.692110875279466 16.7316193375078 
2 -1 0 2.2257688260673807 17.685111565737568 
3 -1 0 5.692110875279467 16.7316193375078 
2 -2 0 3.098121535903526 18.275383527761644 
3 -2 0 7.863681900805432 16.241878920014237 
2 -3 0 3.098121545765409 18.27538352339646 
3 -3 0 7.863681900805433 16.241878920014237 
2 -4 0 5.322356615657725 16.99999999992793 
3 -4 0 14.0 14.0 
2 -5 0 5.322356615657737 16.9999999999912 
3 -5 0 14.0 14.0 
1 4 0 1.9999999999999998 4.0 
1 3 0 1.9999999999999998 4.0 
1 2 0 1.050260347442041 12.95040412197973 
1 1 0 1.0502603474497203 12.950404122025638 
1 0 0 0.8621155969891479 17.685111566622105 
1 -1 0 0.8621155969892691 17.68511156653157 
1 -2 0 1.4450153013949443 19.13626280238472 
1 -3 0 1.4450153011692126 19.136268320485023 
1 -4 0 2.2616670233954985 18.99999997799649 
1 -5 0 2.2616670234702263 18.999999945249364 
1 -6 0 4.2708727314389785 15.99999999057993 
2 -6 0 8.43844718719117 13.000000000000002 
1 -7 0 4.270872731438965 15.99999999560946 
2 -7 0 8.438447187191167 12.999999999999996 
0 4 0 1.9999999999999998 4.0 
0 3 0 2.0 4.0 
0 2 1 1.0502603474420031 11.290336060635989 
0 1 1 1.0502603474420047 11.290336060629086 
0 0 2 0.4634121938753503 16.049774104146508 
0 -1 2 0.46341219387534954 16.04977402957454 
0 -2 1 0.20178166051875399 19.136260415329343 
0 -3 1 0.20178166051875399 19.13626894837643 
0 -4 0 0.24635297067787001 19.769257546418572 
0 -5 0 0.24635297068240822 19.769257538871535 
0 -6 0 1.0894310894737274 16.999999936366002 
0 -7 0 1.0894310894755912 16.999999979913266 
0 -8 0 3.2691902744176615 14.692846611922628 
1 -8 0 7.0 11.561552812808829 
0 -9 0 3.2691902749941244 14.692846612498174 
1 -9 0 7.000000000000001 11.561552812808829 
-1 2 0 2.947757168645658 9.820258846364336 
-1 1 0 2.9477571686456576 9.820258846364343 
-1 0 0 0.4634121938874638 15.204817401296872 
-1 -1 0 0.4634121939597782 15.204817543609384 
-1 -2 0 0.2017816605349936 18.32262383828999 
-1 -3 0 0.20178166052716712 18.322624943422763 
-1 -4 0 0.24635297069162432 19.769257563878234 
-1 -5 0 0.24635297068175635 19.769257471808785 
-1 -6 0 0.9189513928318009 18.725650857659865 
-1 -7 0 0.9189513927502971 18.725650959384534 
-1 -8 0 1.7425212160455126 15.764892178721302 
-1 -9 0 1.7425212160720138 15.764892397847824 
-1 -10 0 3.9720833011314043 12.196357276213527 
0 -10 0 6.000000000000001 8.0 
-1 -11 0 3.97208330113141 12.19635727621353 
0 -11 0 5.999999999999999 8.0 
-2 2 0 3.9999999999999987 7.0 
-2 1 0 3.999999999999999 7.0 
-2 0 0 1.7549044085234313 13.820258845720009 
-2 -1 0 1.7549044103027118 13.82025884474865 
-2 -2 1 0.767208357980933 16.79647991560135 
-2 -3 1 0.7672083579809316 16.796480337359984 
-2 -4 2 0.622600212439191 19.554033957722126 
-2 -5 2 0.6226002124391848 19.55403444942188 
-2 -6 1 0.27196885860482983 19.47681613677618 
-2 -7 1 0.27196885860482595 19.476816120612185 
-2 -8 0 0.2818783076386468 16.62448283531335 
-2 -9 0 0.2818783076394901 16.6244831474131 
-2 -10 0 1.117995100311795 14.371543006544364 
-2 -11 0 1.1179951003117976 14.371543005871112 
-3 2 0 6.0 6.0 
-3 1 0 6.0 6.0 
-3 0 0 3.8421437246549135 11.000000000000004 
-3 -1 0 3.842143724654914 10.999999999999996 
-3 -2 0 2.062348525184296 15.999999999987889 
-3 -3 0 2.062348519780043 15.99999999998948 
-3 -4 0 0.36998687899389365 18.84788305022529 
-3 -5 0 0.3699868789939105 18.847883030611595 
-3 -6 0 0.2719688587276518 19.999999899478755 
-3 -7 0 0.2719688586048511 19.999999976971075 
-3 -8 0 0.28187830763779365 18.220133141599696 
-3 -9 0 0.2818783076406295 18.2201331590051 
-3 -10 0 0.9105859076611466 14.460587773733678 
-3 -11 0 0.9105859079243867 14.46058709790397 
-3 -12 0 1.8270012662358586 11.568193282603705 
-2 -12 0 3.3112624726138176 8.843550781522563 
-3 -13 0 1.827001266235862 11.568193282603701 
-2 -13 0 3.3112624726138176 8.843550781522568 
-4 0 0 7.0 10.0 
-4 -1 0 6.999999999999999 10.0 
-4 -2 0 4.5713081661816135 13.999999999999568 
-4 -3 0 4.571308166036827 13.99999900498664 
-4 -4 0 2.808034451173739 16.999999318508323 
-4 -5 0 2.808034451654695 16.99999983441172 
-4 -6 0 1.2896697886503583 19.99999999927614 
-4 -7 0 1.2896697925466334 19.99999999960265 
-4 -8 0 0.6176328273800872 19.029993560399458 
-4 -9 0 0.617632827282343 19.029994293607388 
-4 -10 0 0.9105859078734583 15.702971403855267 
-4 -11 0 0.9105859077190441 15.702971405117475 
-4 -12 0 1.8233652811933703 11.614387547707349 
-4 -13 0 1.8233652812881458 11.614387547706116 
-4 -14 0 4.0 4.0 
-3 -14 0 4.0 4.0 
-4 -15 0 3.9999999999999996 4.0 
-3 -15 0 4.0 4.0 
-5 -2 0 7.999999999999999 12.0 
-5 -3 0 8.000000000000004 12.0 
-5 -4 0 5.538948158998321 14.999999898003736 
-5 -5 0 5.538948158998261 14.999999984405106 
-5 -6 0 3.8618422006828332 17.999999974725 
-5 -7 0 3.861842197704709 17.999999872776968 
-5 -8 0 2.322720724128703 19.029994497962857 
-5 -9 0 2.3227207243586943 19.029994499522473 
-5 -10 0 1.692553124941459 16.42985657649239 
-5 -11 0 1.6925531249476553 16.429856585899834 
-5 -12 0 1.8233652811695142 12.098101764860436 
-5 -13 0 1.8233652889878031 12.098101700791112 
-5 -14 0 4.0 4.0 
-5 -15 0 4.0 4.0 
-6 -4 0 10.0 13.000000000000002 
-6 -5 0 10.000000000000002 13.000000000000002 
-6 -6 0 6.447037630779768 15.999999839995011 
-6 -7 0 6.447037630779768 15.99999970976709 
-6 -8 0 4.87447004910824 17.94498237495723 
-6 -9 0 4.874470049109773 17.944982486076483 
-6 -10 0 3.443138603366209 16.429856587669182 
-6 -11 0 3.4431386033774793 16.429856587668503 
-6 -12 0 2.7120277701319297 12.285761026907883 
-6 -13 0 2.712027770131926 12.285761026907881 
-6 -14 0 4.0 4.0 
-6 -15 0 4.0 4.0 
-7 -6 0 14.0 14.0 
-7 -7 0 14.0 14.0 
-7 -8 0 9.456193619876746 16.62265700642455 
-7 -9 0 9.456193619876746 16.622657006424546 
-7 -10 0 6.742430739166389 15.695875205364409 
-7 -11 0 6.742430739166385 15.695875205364409 
-7 -12 0 5.352358508277132 12.285761026907881 
-7 -13 0 5.352358508277134 12.285761026907883 
-7 -14 0 4.0 4.0 
-7 -15 0 4.0 4.0 
