2 4 0 2.000000000000001 4.0 
3 4 0 4.0 4.0 
2 3 0 2.0 4.0 
3 3 0 4.0 4.0 
2 2 0 2.100609986264147 12.162277660168387 
3 2 0 5.837722339831621 12.16227766016838 
2 1 0 2.1006099862641374 12.162277660168378 
3 1 0 5.837722339831621 12.162277660168378 
2 0 0 2.798304167287413 14.000000000000004 
3 0 0 11.0 11.0 
2 -1 0 2.798304167287412 14.000000000000004 
3 -1 0 11.0 11.0 
1 4 0 1.9999999999999998 4.0 
1 3 0 1.9999999999999998 4.0 
1 2 0 1.2635269222079883 11.106664295138359 
1 1 0 1.263526922208032 11.106664254540535 
1 0 0 1.3258471141752668 13.999999559705495 
1 -1 0 1.3258471142085093 13.999999756329254 
1 -2 0 1.8577675382104364 11.999999999747054 
2 -2 0 6.267949192431123 9.732050807568879 
1 -3 0 1.8577675378113168 11.999999999206603 
2 -3 0 6.267949192431123 9.732050807568877 
0 4 0 2.0 4.0 
0 3 0 2.0 4.0 
0 2 1 1.263526922207988 9.70645365365605 
0 1 1 1.2635269222079857 9.706453652713996 
0 0 2 1.1861383692866843 13.317901898665962 
0 -1 2 0.6362299491846459 13.317901771508595 
0 -2 1 0.431196165997344 13.714470681915774 
0 -3 1 0.4311961659973469 13.71447068160989 
0 -4 0 0.4949218324602262 9.833127728624849 
1 -4 0 4.267949192431122 7.732050807568877 
0 -5 0 0.4949218324469445 9.833127728624218 
1 -5 0 4.267949192431122 7.732050807568878 
-1 2 0 1.4677885471067402 7.5996009519526755 
-1 1 0 1.467788547106743 7.5996009519526755 
-1 0 0 0.6362299491849217 11.833163749979695 
-1 -1 0 0.636229949185013 11.833163688230648 
-1 -2 0 0.4311961660235201 13.999999975011626 
-1 -3 0 0.43119616599981997 13.999999964228536 
-1 -4 0 0.4949218324458203 11.526512787082194 
-1 -5 0 0.4949218324450454 11.526512787606395 
-1 -6 0 0.9355654662034238 5.891954440663917 
0 -6 0 2.9999999999999996 5.0 
-1 -7 0 0.9355654662034242 5.891954440663916 
0 -7 0 2.9999999999999996 5.0 
-2 0 0 2.169224989786797 10.0 
-2 -1 0 2.169224989786795 10.000000000000002 
-2 -2 0 1.0239884471255098 13.99999897798749 
-2 -3 0 1.0239884439641982 13.99999967055906 
-2 -4 0 0.7909039737779441 13.083318216789776 
-2 -5 0 0.7909039737756325 13.083318215326022 
-2 -6 0 0.9355654662034236 6.414213562373093 
-2 -7 0 0.9355654662034246 6.414213562373094 
-3 -2 0 3.8792867235153548 12.000000000000002 
-3 -3 0 3.87928672351535 12.0 
-3 -4 0 2.763537883455091 14.000000000000005 
-3 -5 0 2.7635378834550934 13.999999999999996 
-3 -6 0 1.9696781528153555 7.000000000000001 
-3 -7 0 1.9696781528153553 7.000000000000001 
-4 -4 0 14.0 14.0 
-4 -5 0 14.0 14.0 
-4 -6 0 7.0 7.0 
-4 -7 0 7.0 7.0 
