1 3 1 1.9999999999999998 1.9999999999999998 
2 3 0 2.0 2.0 
1 2 1 2.0 2.0 
2 2 0 2.0 2.0 
1 1 2 1.3944487245360084 10.332414787762271 
2 1 0 2.4472008925693753 10.332414787762271 
1 0 2 1.3944487245360115 10.332414787762268 
2 0 0 2.447200892569377 10.332414787762268 
1 -1 1 0.9049351859346435 13.384051599999472 
2 -1 0 4.504208524698539 12.074555457811137 
1 -2 1 0.9049351859346482 13.384051599999479 
2 -2 0 4.50420852469854 12.074555457811137 
1 -3 0 1.3216776781754827 11.999999999999998 
2 -3 0 9.0 9.0 
1 -4 0 1.321677678175485 11.999999999999998 
2 -4 0 9.0 9.0 
0 1 0 1.394448724536011 9.645751311064588 
0 0 0 1.3944487245360118 9.64575131106459 
0 -1 0 0.9049351886850618 13.384051599999458 
0 -2 0 0.9049351859346488 13.384051599999342 
0 -3 0 1.3216776796712504 13.999999590735587 
0 -4 0 1.3216776795441876 13.999999753443173 
0 -5 0 4.999999999999999 10.0 
1 -5 0 5.000000000000001 7.0 
0 -6 0 4.999999999999999 10.000000000000004 
1 -6 0 4.999999999999999 7.0 
-1 1 0 2.0 5.0 
-1 0 0 2.0 5.0 
-1 -1 1 0.8162567841078989 11.99999999994795 
-1 -2 1 0.8162567841078965 11.999999999934683 
-1 -3 1 0.7959319535839697 13.999999999678469 
-1 -4 1 0.7959319630128219 13.999999998942116 
-1 -5 0 0.7452135328238285 11.999999997419861 
-1 -6 0 0.745213532823846 11.999999995310224 
-2 1 0 2.9999999999999996 5.0 
-2 0 0 3.0 5.0 
-2 -1 0 0.8162567841080139 9.883852542812532 
-2 -2 0 0.8162567841082057 9.88385241115914 
-2 -3 0 0.6155632557887512 13.999999999984649 
-2 -4 0 0.6155632557532364 13.999999931168901 
-2 -5 1 0.5328855265761566 13.379022787060457 
-2 -6 1 0.5328855265761578 13.379022513614071 
-2 -7 1 0.9206743154934248 9.597735188118877 
-1 -7 0 2.5107114281899223 8.0 
-2 -8 1 0.9206743154934248 9.59773518811887 
-1 -8 0 2.510711428189921 7.999999999999999 
-3 -1 0 2.4633703787941967 8.0 
-3 -2 0 2.463370378794195 7.999999999999997 
-3 -3 0 0.6155632557270095 11.999999968780735 
-3 -4 0 0.6155632557421512 11.999999983751499 
-3 -5 1 0.5328855265761581 13.999999999840828 
-3 -6 1 0.5328855265761593 13.999999999712808 
-3 -7 2 0.9206743154934209 11.27491721763529 
-3 -8 2 0.9206743154934246 11.274917217635197 
-3 -9 1 1.9999999999999998 4.999999999999999 
-2 -9 0 1.9999999999999998 4.0 
-3 -10 1 1.9999999999999998 5.000000000000002 
-2 -10 0 2.0000000000000004 4.0 
-4 -3 0 4.763932022500211 10.0 
-4 -4 0 4.76393202250021 10.0 
-4 -5 0 2.9948419633229335 14.000000000000004 
-4 -6 0 2.9948419633229273 14.0 
-4 -7 0 1.818769897727195 12.701562118716424 
-4 -8 0 1.8187698977271978 12.701562118716428 
-4 -9 0 2.0 5.000000000000001 
-4 -10 0 2.0000000000000004 5.000000000000001 
-5 -5 0 12.0 12.0 
-5 -6 0 12.0 12.0 
-5 -7 0 6.298437881283574 12.701562118716424 
-5 -8 0 6.298437881283576 12.701562118716424 
-5 -9 0 5.0 5.0 
-5 -10 0 5.0 5.0 
