4 12 0 2.0 2.0 
5 12 0 2.0 2.0 
4 11 0 2.0 2.0 
5 11 0 2.0 2.0 
4 10 0 0.4200221463053852 9.236067977499788 
5 10 0 3.0 9.23606797749979 
4 9 0 0.42002214630538476 9.23606797749979 
5 9 0 3.0 9.23606797749979 
4 8 0 1.0411618717013602 11.568870336995115 
5 8 0 3.9999999999999982 11.372281323269014 
4 7 0 1.0411618722843456 11.568870337069502 
5 7 0 4.000000000000001 11.372281323269014 
4 6 0 2.2376307573461505 12.372281323043346 
5 6 0 5.43844718719117 11.0 
4 5 0 2.2376307574419187 12.37228132325284 
5 5 0 5.438447187191168 10.999999999999998 
4 4 0 3.749282249379563 11.000000000000002 
5 4 0 9.0 9.0 
4 3 0 3.7492822493795597 10.999999999999996 
5 3 0 9.0 9.0 
3 12 0 2.0 2.0 
3 11 0 2.0 2.0 
3 10 0 0.420022146305385 6.928479047324354 
3 9 0 0.420022146305384 6.928479047324353 
3 8 1 1.0411618708518415 11.568870324465092 
3 7 1 1.0411618708518429 11.568870072483831 
3 6 0 0.19785477343023955 13.491171598473095 
3 5 0 0.1978547734302949 13.491201073923149 
3 4 0 1.6537984705431332 12.061600628474409 
3 3 0 1.653798470543156 12.061600619747228 
3 2 0 2.9974526961479664 9.999999999999996 
4 2 0 6.0 8.0 
3 1 0 2.9974526961479655 10.000000000000004 
4 1 0 6.000000000000001 8.0 
2 10 0 2.999999999999999 6.000000000000002 
2 9 0 2.9999999999999996 6.0 
2 8 0 1.2147043094531753 10.583527494060622 
2 7 0 1.214704309453631 10.583527424403552 
2 6 0 0.19785477343023744 13.491207722044164 
2 5 0 0.19785477352005582 13.49120772161602 
2 4 1 0.7953775969082635 13.999999997753935 
2 3 1 0.7953775969082623 13.999999948275216 
2 2 0 1.9979366463901334 10.99999999999758 
2 1 0 1.9979366463923662 10.999999999989436 
2 0 0 3.657076917222829 7.813606502648332 
3 0 0 5.0 5.0 
2 -1 0 3.6570769172228292 7.813606502648328 
3 -1 0 5.0 5.0 
1 10 0 4.0 4.0 
1 9 0 4.0 4.0 
1 8 0 1.6760818080887077 10.0 
1 7 0 1.6760818080887057 9.999999999999996 
1 6 0 0.32265243543473826 12.647100955505167 
1 5 0 0.32265243543473904 12.646441824680121 
1 4 1 0.38475670615581686 13.99999999502784 
1 3 1 0.3847567061558134 13.999999856699162 
1 2 0 0.1634551777041657 12.999999999915335 
1 1 0 0.16345517770393986 12.99999999999688 
1 0 0 1.6662022799711866 8.67282370100094 
1 -1 0 1.6662022799711882 8.67282370100095 
0 8 0 5.0 8.0 
0 7 0 5.0 8.0 
0 6 0 1.8081929483244492 11.999999999999996 
0 5 0 1.8081929483346175 11.999999999999988 
0 4 0 0.38475670615581914 13.098150267070197 
0 3 0 0.38475670615582486 13.0981468753963 
0 2 1 0.1634551777036463 12.999999938868443 
0 1 1 0.16345517770365037 12.999999974829596 
0 0 2 1.6662022799712155 11.387788877379986 
0 -1 2 1.6662022799711347 11.387788877379977 
0 -2 0 2.0 3.0 
1 -2 0 3.0 3.0 
0 -3 0 1.9999999999999998 3.0 
1 -3 0 3.0 3.0 
-1 6 0 6.999999999999998 10.0 
-1 5 0 7.0 10.0 
-1 4 0 3.4483364420700857 12.256560703765947 
-1 3 0 3.448336442066738 12.256560703602409 
-1 2 0 1.0483256206070968 12.978192065582123 
-1 1 0 1.048325620498388 12.978191929295653 
-1 0 0 0.3246572863643685 11.401914533368192 
-1 -1 0 0.3246572863644382 11.401914533367838 
-1 -2 0 0.4482047820684502 6.678151915333441 
-1 -3 0 0.44820478206844955 6.678151915333441 
-2 6 0 7.0 7.0 
-2 5 0 7.0 7.0 
-2 4 0 3.807417596432748 10.192582403567252 
-2 3 0 3.8074175964327486 10.19258240356725 
-2 2 0 1.5145187896471615 12.32735455059705 
-2 1 0 1.5145187896471657 12.327354550597043 
-2 0 0 0.3246572863643622 11.401914533368549 
-2 -1 0 0.3246572863643553 11.40191453336855 
-2 -2 1 0.44820478206844955 6.678151915333442 
-2 -3 1 0.44820478206844977 6.678151915333441 
