4 10 0 3.0 3.0 
5 10 0 3.0 3.0 
4 9 0 3.0 3.0 
5 9 0 3.0 3.0 
4 8 0 1.8500978624835762 11.89858914111983 
5 8 0 4.1070484158403735 11.898589141119826 
4 7 0 1.850097862483578 11.898589141119826 
5 7 0 4.107048415840374 11.89858914111983 
4 6 0 2.1182976050839266 14.952982172070959 
5 6 0 5.475631163877484 14.761307172694725 
4 5 0 2.118297605082629 14.952982208089557 
5 5 0 5.475631163877483 14.761307172694728 
4 4 0 3.568482352345518 15.948859335104327 
5 4 0 7.560663011907783 14.544937822908796 
4 3 0 3.5684823523453306 15.948859335663277 
5 3 0 7.560663011907784 14.544937822908798 
4 2 0 5.4185730961117 15.0 
5 2 0 12.0 12.0 
4 1 0 5.4185730961117 15.0 
5 1 0 12.0 12.0 
3 10 0 2.9999999999999996 3.0 
3 9 0 2.9999999999999996 3.0 
3 8 0 1.8217337224948513 11.824330282996288 
3 7 0 1.8217337224997288 11.824330282996293 
3 6 0 1.0904891608383969 14.952982183636014 
3 5 0 1.0904891609098664 14.952982204240055 
3 4 0 1.463906164657504 17.216636445321953 
3 3 0 1.4639061646574996 17.216636456084693 
3 2 0 2.46104429662847 15.926366135740771 
3 1 0 2.461044296613422 15.926366056037224 
3 0 0 4.055940594430738 13.809785920127421 
4 0 0 9.0 10.999999999999998 
3 -1 0 4.055940594459259 13.809785920127418 
4 -1 0 9.0 10.999999999999998 
2 10 0 3.0 3.0 
2 9 0 3.0 3.0 
2 8 0 1.8217337224925032 10.335364664194312 
2 7 0 1.8217337224919028 10.335364664194314 
2 6 0 1.0904891609343994 14.09146517237366 
2 5 0 1.0904891608556384 14.091465188211085 
2 4 0 0.7328562053149027 17.216636441720098 
2 3 0 0.7328562046059425 17.216636440233607 
2 2 0 1.09981298321746 17.9999999860658 
2 1 0 1.0998129832449284 17.9999999969897 
2 0 0 2.126010008911296 14.785679038288013 
2 -1 0 2.1260100089299976 14.785681004570538 
2 -2 0 3.670219192267883 11.80978592012727 
3 -2 0 6.999999999999999 9.0 
2 -3 0 3.670219192261427 11.809785920127212 
3 -3 0 6.999999999999998 8.999999999999998 
1 8 0 2.7225728425145412 8.27742715748546 
1 7 0 2.7225728425145412 8.277427157485455 
1 6 0 1.257569685466503 13.282234490534451 
1 5 0 1.2575696844927486 13.282234499804222 
1 4 0 0.5050158283897789 15.665799922809672 
1 3 0 0.505015828390869 15.665799809739928 
1 2 0 0.2932609244027676 17.999999993556138 
1 1 0 0.2932609242426241 17.999999973498614 
1 0 0 0.4851991189608871 15.835947103451357 
1 -1 0 0.48519911896056633 15.835946605500967 
1 -2 0 1.8721134405441784 13.33290242590342 
1 -3 0 1.8721134405424211 13.332902420683649 
1 -4 0 3.4754349320752795 9.79586228309756 
2 -4 0 6.0 6.0 
1 -5 0 3.475434932075282 9.795862283097554 
2 -5 0 6.0 6.0 
0 8 0 3.999999999999999 6.0 
0 7 0 4.000000000000001 5.999999999999999 
0 6 0 2.007147073102029 11.27742715637234 
0 5 0 2.007147073129717 11.27742715496261 
0 4 0 0.5050158284061105 14.681242318035181 
0 3 0 0.5050158283895037 14.68124231946756 
0 2 1 0.2932609242343083 17.696605461820692 
0 1 1 0.29326092423430866 17.696605377496294 
0 0 2 0.975637429813047 17.496468754490703 
0 -1 2 0.4851991189605243 17.496469010199096 
0 -2 1 0.6685580059414992 14.33959253398499 
0 -3 1 0.6685580059415079 14.339592217549201 
0 -4 0 1.4178978265258937 11.19855650448285 
0 -5 0 1.417897826525889 11.198556504580106 
-1 6 0 5.0 9.000000000000002 
-1 5 0 4.999999999999999 9.0 
-1 4 0 2.9875494067035464 13.742322986394232 
-1 3 0 2.987549406701296 13.742322969939329 
-1 2 0 1.5781707221796901 15.93053298167485 
-1 1 0 1.578170722171437 15.930533831127963 
-1 0 0 0.9756374293429841 17.999999839925195 
-1 -1 0 0.9756374293421921 17.99999987169841 
-1 -2 0 0.6685580059522354 14.99517553101207 
-1 -3 0 0.6685580062940674 14.99517644546184 
-1 -4 0 1.4127985555893592 11.738970814250695 
-1 -5 0 1.4127985552691846 11.73897041194504 
-1 -6 0 2.9999999999999996 5.0 
0 -6 0 2.9999999999999996 5.0 
-1 -7 0 3.0 5.0 
0 -7 0 3.0 5.0 
-2 4 0 6.999999999999999 11.000000000000002 
-2 3 0 6.999999999999998 11.0 
-2 2 0 3.9013457892134404 14.999999999939263 
-2 1 0 3.901345789455333 14.99999999998528 
-2 0 0 1.9928726769631335 17.999999999576907 
-2 -1 0 1.992872676963117 17.999999999969205 
-2 -2 0 1.6042933639992845 16.115001748782383 
-2 -3 0 1.6042933637235064 16.11500171355118 
-2 -4 0 1.4127985542607147 11.78785389296609 
-2 -5 0 1.4127985543145025 11.787853938401826 
-2 -6 0 3.0 5.0 
-2 -7 0 3.0 5.0 
-3 2 0 10.0 13.0 
-3 1 0 10.0 12.999999999999998 
-3 0 0 6.745534574645008 15.999999999717575 
-3 -1 0 6.745534574635364 15.999999997957023 
-3 -2 0 3.807339802306706 16.11500097072894 
-3 -3 0 3.8073398023121143 16.11500162086181 
-3 -4 0 3.0307968089928896 12.181943336036777 
-3 -5 0 3.0307968090092476 12.18194333604562 
-3 -6 0 3.0 5.0 
-3 -7 0 3.0000000000000004 5.0 
-4 0 0 14.0 14.0 
-4 -1 0 14.0 14.0 
-4 -2 0 10.411636009314895 15.181943336052392 
-4 -3 0 10.411636009314895 15.181943336052392 
-4 -4 0 7.411636009314898 12.18194333605239 
-4 -5 0 7.411636009314896 12.181943336052392 
-4 -6 0 5.0 5.0 
-4 -7 0 5.0 5.0 
