2 8 1 1.9999999999999998 1.9999999999999998 
3 8 0 2.0 2.0 
2 7 1 2.0 2.0 
3 7 0 2.0 2.0 
2 6 2 0.7639320225002106 6.903211925911551 
3 6 0 2.290724640563077 6.903211925911553 
2 5 2 0.7639320225002101 6.903211925911552 
3 5 0 2.2907246405630777 6.903211925911554 
2 4 1 0.5164915919197524 9.484435250537107 
3 4 0 4.23844281816811 9.124885419764572 
2 3 1 0.5164915919197531 9.484435250537109 
3 3 0 4.238442818168109 9.124885419764574 
2 2 0 0.671968710504391 9.0 
3 2 0 7.0 7.0 
2 1 0 0.6719687105043912 9.000000000000002 
3 1 0 7.0 7.0 
1 6 0 0.7639320225002099 6.732050807568877 
1 5 0 0.7639320225002115 6.732050807568877 
1 4 0 0.5164915919200785 9.484435249921805 
1 3 0 0.5164915919213896 9.484435249875599 
1 2 0 0.6719687105045415 9.68415913358692 
1 1 0 0.6719687105673018 9.6841591945082 
1 0 0 3.0 7.0 
2 0 0 2.9999999999999996 5.0 
1 -1 0 3.0000000000000004 7.000000000000002 
2 -1 0 2.9999999999999996 5.0 
0 6 0 2.0 4.0 
0 5 0 2.0 4.0 
0 4 1 1.7508594618704514 8.828427124746186 
0 3 1 1.75085946187045 8.828427124746192 
0 2 2 1.864450077211456 9.999999905229144 
0 1 2 1.864450077211452 9.999999832222825 
0 0 1 0.6719687105043903 7.701562118716424 
0 -1 1 0.6719687105043914 7.701562118716424 
-1 4 0 3.267949192431124 6.732050807568877 
-1 3 0 3.2679491924311233 6.732050807568877 
-1 2 0 1.0116855105018367 10.0 
-1 1 0 1.0116855105018367 10.0 
-1 0 0 0.6719687105043914 9.0 
-1 -1 0 0.6719687105043906 8.999999999999996 
-1 -2 0 0.9999999999999998 3.0 
0 -2 0 0.9999999999999999 2.9999999999999996 
-1 -3 0 1.0 2.9999999999999996 
0 -3 0 1.0000000000000002 3.0 
-2 2 0 8.0 8.0 
-2 1 0 8.0 8.0 
-2 0 0 3.9999999999999996 9.0 
-2 -1 0 4.0 9.0 
-2 -2 0 3.0 3.0 
-2 -3 0 3.0 3.0 
