1 3 0 1.0000000000000007 5.0 
2 3 0 5.0 5.0 
1 2 0 0.9999999999999996 5.0 
2 2 0 5.0 5.0 
1 1 0 1.1544215726718212 10.302775637731996 
2 1 0 6.697224362268005 10.302775637731992 
1 0 0 1.1544215726718225 10.302775637731994 
2 0 0 6.697224362268006 10.302775637731994 
1 -1 0 2.2953949853615 11.721262255067986 
2 -1 0 11.0 11.0 
1 -2 0 2.295394985361506 11.721262255067987 
2 -2 0 11.0 11.0 
0 3 0 1.0000000000000004 5.0 
0 2 0 1.0000000000000002 5.0 
0 1 1 1.154421572671819 10.240955386114951 
0 0 1 1.154421572671817 10.240955386440469 
0 -1 1 0.8551975113925229 11.721262083260989 
0 -2 1 0.8551975113925218 11.721261946785273 
0 -3 0 0.626330897821494 10.666255417212225 
1 -3 0 4.267949192431122 9.0 
0 -4 0 0.6263308978215028 10.661666260493353 
1 -4 0 4.267949192431123 9.0 
-1 3 0 4.0 4.0 
-1 2 0 4.0 4.0 
-1 1 0 1.9855384030883796 9.61568503659275 
-1 0 0 1.985538403088378 9.615685036592723 
-1 -1 0 0.8551975128586402 11.688977384942646 
-1 -2 0 0.855197511392526 11.688977346877929 
-1 -3 0 0.6263308978329853 11.497340469945073 
-1 -4 0 0.6263308978219292 11.497340525698014 
-1 -5 0 1.1526106323401604 8.868999894994078 
0 -5 0 2.267949192431122 7.414213562373093 
-1 -6 0 1.152610632338084 8.868999894994086 
0 -6 0 2.2679491924311237 7.414213562373096 
-2 3 0 4.0 4.0 
-2 2 0 4.0 4.0 
-2 1 0 2.171692746517126 7.862358716621216 
-2 0 0 2.171692746517126 7.862358716621217 
-2 -1 0 0.9319475419958663 10.99999999756224 
-2 -2 0 0.9319475426074875 10.999999989158026 
-2 -3 1 1.0876692673366974 11.497340523162922 
-2 -4 1 1.0876692673366983 11.4973405145782 
-2 -5 1 0.8871729137066688 10.287937144307866 
-2 -6 1 0.8871729137066672 10.287937144306435 
-2 -7 0 0.5524500665646235 6.551230361124975 
-1 -7 0 2.585786437626905 5.414213562373095 
-2 -8 0 0.5524500665646253 6.551230361124974 
-1 -8 0 2.585786437626905 5.414213562373095 
-3 1 0 5.0 7.0 
-3 0 0 5.0 7.0 
-3 -1 0 3.195224720727911 9.094098184087713 
-3 -2 0 3.1952247207279116 9.094098184087711 
-3 -3 0 1.7806740049036751 10.540453311618815 
-3 -4 0 1.780674005225421 10.54045331161864 
-3 -5 0 0.8871729137145965 10.287937144308701 
-3 -6 0 0.8871729137292002 10.287937144308703 
-3 -7 0 0.5524500665646243 7.895106515927528 
-3 -8 0 0.5524500665646267 7.895106515927532 
-3 -9 0 2.0 2.0 
-2 -9 0 2.0 2.0 
-3 -10 0 2.0 2.0 
-2 -10 0 2.0 2.0 
-4 -1 0 8.0 8.0 
-4 -2 0 8.0 8.0 
-4 -3 0 5.133801737490979 9.655442381549832 
-4 -4 0 5.133801737490977 9.65544238154983 
-4 -5 0 3.6972243622680057 9.75153207154753 
-4 -6 0 3.6972243622680065 9.751532071547526 
-4 -7 0 2.7075984147753784 7.895106515927532 
-4 -8 0 2.7075984147753793 7.895106515927529 
-4 -9 0 2.0 2.0 
-4 -10 0 2.0 2.0 
