3 9 0 4.0 4.0 
4 9 0 4.0 4.0 
3 8 0 4.0 4.0 
4 8 0 4.0 4.0 
3 7 0 2.3053153473115446 9.188901055909685 
4 7 0 4.000000000000003 9.188901059316732 
3 6 0 2.3053153473160584 9.188901059134063 
4 6 0 4.000000000000002 9.188901059316732 
3 5 0 2.305315359862488 12.654438910098849 
4 5 0 4.811098940683265 12.654438936368638 
3 4 0 2.305315347311576 12.654438914684242 
4 4 0 4.811098940683264 12.654438936368626 
3 3 0 3.209500450412392 14.65443893631271 
4 3 0 5.8110989406832685 14.654438936368631 
3 2 0 3.209500450567674 14.65443893600176 
4 2 0 5.811098940683268 14.654438936368631 
3 1 0 4.209500482681832 16.09440616934012 
4 1 0 7.391610681585267 15.188901059316741 
3 0 0 4.209500486844591 16.09440646876711 
4 0 0 7.391610681585267 15.188901059316732 
3 -1 0 5.517528293892032 15.094406469493011 
4 -1 0 9.811098940683266 14.188901059316732 
3 -2 0 5.517528293893692 15.094406465675812 
4 -2 0 9.811098940683268 14.188901059316732 
3 -3 0 7.42444480007887 13.893340550523464 
4 -3 0 13.0 13.0 
3 -4 0 7.424444799898502 13.89334055049882 
4 -4 0 13.0 13.0 
2 9 0 3.9999999999999996 4.0 
2 8 0 4.0 4.0 
2 7 0 2.3053153473837287 8.978125327075638 
2 6 0 2.305315347445451 8.97812550504707 
2 5 0 1.2679567304993082 12.55438414841881 
2 4 0 1.2679567292791838 12.554384148479858 
2 3 0 1.267956729266388 14.938429410419593 
2 2 0 1.2679567292854226 14.938429163471858 
2 1 0 1.4463756324230026 16.938429427179813 
2 0 0 1.446375632422848 16.93842942860928 
2 -1 0 2.4463756383909194 15.93842899262037 
2 -2 0 2.446375633115224 15.938428709182366 
2 -3 0 3.769288897188176 14.819168190285337 
2 -4 0 3.7692888972301724 14.81916822752209 
2 -5 0 5.517129146194393 12.841539495937068 
3 -5 0 9.999999999999998 12.0 
2 -6 0 5.517129058450854 12.841539470921049 
3 -6 0 10.000000000000002 12.0 
1 9 0 4.0 4.0 
1 8 0 4.0 4.0 
1 7 0 2.3870024998237094 8.714069422933301 
1 6 0 2.387002520185655 8.714069422924414 
1 5 0 1.1743401583412134 12.319409489547722 
1 4 0 1.1743401583409276 12.319409489393236 
1 3 0 0.6164586305772145 14.938429024060886 
1 2 0 0.6164586305659246 14.938429428025081 
1 1 0 0.6164586309970742 16.93842942631768 
1 0 0 0.6164586306130014 16.93842942723672 
1 -1 0 0.9850464294731451 17.999999975655456 
1 -2 0 0.9850464277241497 17.999999999719265 
1 -3 0 1.9557131853588978 16.99999974692634 
1 -4 0 1.9557131866330426 16.999999999845482 
1 -5 0 2.955713185468576 13.66083800473205 
1 -6 0 2.9557131861202555 13.660821798607026 
1 -7 0 4.289141883251958 11.748811909499707 
2 -7 0 7.999999999999999 10.0 
1 -8 0 4.2891418832518875 11.748811909356757 
2 -8 0 7.999999999999999 10.0 
0 9 0 4.0 4.0 
0 8 0 4.0 4.0 
0 7 0 2.4295630053670134 8.014524720628664 
0 6 0 2.4295630053670116 8.014524720628664 
0 5 0 1.1743401583395678 11.138786458355266 
0 4 0 1.1743401583404587 11.138786494436477 
0 3 1 0.6164586305651932 14.319409456702903 
0 2 1 0.6164586305651957 14.319409434013167 
0 1 3 0.9850464275158234 16.938429427991245 
0 0 3 0.6164586305651945 16.93842942586643 
0 -1 3 1.0000000006096632 17.999999997041535 
0 -2 3 0.9999999994455858 17.999999999864404 
0 -3 1 0.616458630565195 16.999999994771482 
0 -4 1 0.6164586305651942 16.9999999993477 
0 -5 0 1.000000000000968 14.606206612799301 
0 -6 0 1.000000000018961 14.606207230420704 
0 -7 0 2.174340158422096 12.138786381872938 
0 -8 0 2.1743401584247404 12.138786506010366 
0 -9 0 3.429563005367016 9.014524720628662 
1 -9 0 6.0 8.0 
0 -10 0 3.4295630053670108 9.014524720628662 
1 -10 0 6.0 8.0 
-1 7 0 4.999999999999999 6.999999999999999 
-1 6 0 4.999999999999999 7.0 
-1 5 0 3.2891418832518924 10.748811892146202 
-1 4 0 3.289141921422797 10.748811909514417 
-1 3 0 1.955713185347317 13.138786499612387 
-1 2 0 1.9557131853489664 13.138786239367901 
-1 1 0 0.98504642752914 15.999999984932968 
-1 0 0 0.9850464275405407 15.999999996104286 
-1 -1 0 0.6164586305711995 17.999999998904602 
-1 -2 0 0.6164586305693455 17.99999999724836 
-1 -3 0 0.6164586307490949 16.99999999973957 
-1 -4 0 0.616458631092778 16.999999162678957 
-1 -5 0 1.000000000000859 15.93842942854522 
-1 -6 0 1.000000000014491 15.93842942756937 
-1 -7 0 2.174340164743452 13.319409489484398 
-1 -8 0 2.174340158814028 13.319409489549708 
-1 -9 0 3.387002499605641 9.714069419199898 
-1 -10 0 3.3870024992547503 9.714069403449345 
-1 -11 0 5.0 5.0 
0 -11 0 5.0 5.0 
-1 -12 0 5.0 5.0 
0 -12 0 5.0 5.0 
-2 5 0 7.0 9.0 
-2 4 0 6.999999999999998 9.0 
-2 3 0 4.517129058451195 12.748811901597804 
-2 2 0 4.517129065642079 12.748811896226288 
-2 1 0 2.7692888998249834 14.66083794716441 
-2 0 0 2.7692888971547234 14.660837923003069 
-2 -1 0 1.4463756324600137 17.99999999938463 
-2 -2 0 1.4463756335256857 17.999999999909587 
-2 -3 0 1.2679567309616993 16.99999999738431 
-2 -4 0 1.2679567292951457 16.999999998587565 
-2 -5 0 1.2679567294022849 15.938429428617017 
-2 -6 0 1.267956729291197 15.938429428638 
-2 -7 0 2.174340158340831 13.554384148401205 
-2 -8 0 2.174340160497646 13.554384148460626 
-2 -9 0 3.3053153473121677 9.978125503325106 
-2 -10 0 3.3053153473159465 9.978125424864654 
-2 -11 0 4.999999999999999 5.0 
-2 -12 0 5.0 5.0 
-3 3 0 9.0 11.0 
-3 2 0 9.0 11.0 
-3 1 0 6.424444828015582 13.841539494809208 
-3 0 0 6.424444801113474 13.84153917212883 
-3 -1 0 4.5175283051129576 15.819168230877885 
-3 -2 0 4.517528369995123 15.819168234041065 
-3 -3 0 3.209500451144441 16.938429428649744 
-3 -4 0 3.2095004504131173 16.938429428597466 
-3 -5 0 2.3053153611862434 15.938429428577045 
-3 -6 0 2.3053153510332973 15.938429427953881 
-3 -7 0 2.267956729444571 13.654438935389225 
-3 -8 0 2.267956729272895 13.654438635504649 
-3 -9 0 3.305315347822373 10.188901059125039 
-3 -10 0 3.3053153476229618 10.188901059258951 
-3 -11 0 5.0 5.0 
-3 -12 0 5.0 5.0 
-4 1 0 11.0 13.0 
-4 0 0 11.000000000000004 12.999999999999998 
-4 -1 0 8.42444482333893 14.893340550532102 
-4 -2 0 8.424444802036625 14.89334054934499 
-4 -3 0 6.3916106816643135 16.094405705397865 
-4 -4 0 6.391611570721073 16.094406469855976 
-4 -5 0 4.811098940695558 15.09440608978028 
-4 -6 0 4.81109894078804 15.094406428483145 
-4 -7 0 4.000000006663886 13.654438927820362 
-4 -8 0 4.000000008911131 13.654438936096895 
-4 -9 0 3.305315347311633 10.188901059227367 
-4 -10 0 3.3053153473115646 10.18890105697065 
-4 -11 0 5.0 5.0 
-4 -12 0 5.0 5.0 
-5 -1 0 14.0 14.0 
-5 -2 0 14.0 14.0 
-5 -3 0 10.811098940683266 15.188901059316734 
-5 -4 0 10.811098940683262 15.188901059316734 
-5 -5 0 8.391610681585268 14.654438936368633 
-5 -6 0 8.39161068158527 14.654438936368626 
-5 -7 0 6.811098940683267 13.654438936368626 
-5 -8 0 6.811098940683266 13.654438936368626 
-5 -9 0 5.811098940683266 10.188901059316734 
-5 -10 0 5.811098940683266 10.188901059316734 
-5 -11 0 5.0 5.0 
-5 -12 0 5.0 5.0 
