6 14 0 4.0 4.0 
7 14 0 4.0 4.0 
6 13 0 4.0 4.0 
7 13 0 4.0 4.0 
6 12 0 3.284678512978603 15.334251418888385 
7 12 0 5.76272524760557 15.334251418888384 
6 11 0 3.284678512978602 15.334251418888382 
7 11 0 5.762725247605573 15.334251418888384 
6 10 0 3.628199040143505 18.716697065270882 
7 10 0 7.8718246791433995 16.822055541063857 
6 9 0 3.6281990407992892 18.716697474886164 
7 9 0 7.8718246791433995 16.82205554106386 
6 8 0 5.742343684226329 18.0 
7 8 0 14.0 14.0 
6 7 0 5.742343684226325 17.999999999999996 
7 7 0 14.0 14.0 
5 14 0 4.0 4.0 
5 13 0 4.0 4.0 
5 12 0 1.7850958773276189 13.571481050436413 
5 11 0 1.785095877328383 13.571481050436422 
5 10 0 1.5120477021586853 18.716697478364235 
5 9 0 1.5120477021409389 18.716697478397275 
5 8 0 2.624043864465313 19.99999999863995 
5 7 0 2.624043866969845 19.999999999287887 
5 6 0 4.6313493175981355 15.999999999490802 
6 6 0 9.999999999999998 13.0 
5 5 0 4.631349317598327 15.999999998900101 
6 5 0 10.000000000000002 13.0 
4 14 0 4.0 4.0 
4 13 0 4.0 4.0 
4 12 1 1.204144053051421 11.853057708584693 
4 11 1 1.2041440530514127 11.853057708576745 
4 10 1 0.549027920799122 17.183270976801744 
4 9 1 0.5490279207991179 17.18327097895905 
4 8 0 0.25866148165875247 19.999999997916625 
4 7 0 0.25866148165993935 19.999999806474477 
4 6 0 0.892792959304027 17.882534800484162 
4 5 0 0.89279296073658 17.88253792275144 
4 4 0 2.7709237091884753 13.999999939178526 
5 4 0 8.000000000000002 11.999999999999998 
4 3 0 2.770923709078742 13.999999834783681 
5 3 0 8.0 12.000000000000002 
3 14 0 4.0 4.0 
3 13 0 4.0 4.0 
3 12 0 1.2041440530515763 11.371560058951442 
3 11 0 1.204144053051492 11.371560058951442 
3 10 1 0.5490279207991207 15.147655138560841 
3 9 1 0.5490279207991201 15.147656196892145 
3 8 0 0.2586614816599039 19.484831904159893 
3 7 0 0.25866148174676523 19.484833165883153 
3 6 0 0.5606619472578472 19.999999233341455 
3 5 0 0.5606619471558658 19.999999965962452 
3 4 0 0.8004319875475449 15.695524346464437 
3 3 0 0.8004319875519719 15.69552446450329 
3 2 0 2.909784906234712 11.185487086469763 
4 2 0 6.999999999999999 9.999999999999998 
3 1 0 2.9097849062449073 11.185487086469742 
4 1 0 6.999999999999999 10.000000000000002 
2 12 0 3.296384716194821 8.678611875118344 
2 11 0 3.2963847161948254 8.678611875118348 
2 10 0 0.9795174346277614 13.67106935887913 
2 9 0 0.9795174330160744 13.671069358877462 
2 8 0 0.2594468522379258 17.86837346423125 
2 7 0 0.25944685225210445 17.86837340152295 
2 6 1 0.5606619481370974 19.999998181125534 
2 5 1 0.5606619476639852 19.999997953836438 
2 4 0 0.31365418302385695 17.89728273833646 
2 3 0 0.3136541830122331 17.897282762616886 
2 2 0 1.2374289658801838 13.66386620478223 
2 1 0 1.2374289658801845 13.663866205189322 
2 0 0 3.9999999999999987 7.0 
3 0 0 6.0 6.0 
2 -1 0 4.0 7.000000000000001 
3 -1 0 6.0 6.0 
1 10 0 3.758834524440933 11.740179101033286 
1 9 0 3.758834524440936 11.740179101033242 
1 8 0 1.2768169156866849 15.654780950471705 
1 7 0 1.2768169162342493 15.654813275957887 
1 6 0 0.6318256875143526 19.99999956248252 
1 5 0 0.6318256870006197 19.999999609206576 
1 4 0 0.313654183014269 19.731108245600602 
1 3 0 0.3136541831441448 19.73110867728105 
1 2 0 0.8369838095617381 15.384980228645475 
1 1 0 0.8369838095616842 15.384980181759254 
1 0 0 2.0655329929800095 10.44339355774985 
1 -1 0 2.065532992980009 10.443393557749852 
0 10 0 7.0 7.0 
0 9 0 7.0 7.0 
0 8 0 3.644658224845598 13.902575800989977 
0 7 0 3.6446582345665055 13.90257581223634 
0 6 0 0.8821306613103451 17.999999576780557 
0 5 0 0.8821306613056552 17.999999946062093 
0 4 1 0.8107891014418306 19.999999987934892 
0 3 1 0.8107891014418274 19.999998755994206 
0 2 1 0.694369501015355 17.055112400413762 
0 1 1 0.6943695010240363 17.05511363323409 
0 0 0 0.33229396105511855 12.363088556167188 
0 -1 0 0.3322939610551209 12.363088556167195 
-1 8 0 6.476904409368331 10.44129091041246 
-1 7 0 6.476904409368331 10.441290910412462 
-1 6 0 3.041575310365415 15.863516556808362 
-1 5 0 3.0415753103645926 15.863516530482267 
-1 4 0 0.9928944407666083 19.99999999748553 
-1 3 0 0.9928944407659326 19.999999314485784 
-1 2 0 0.6943695010152627 18.899337503933292 
-1 1 0 0.6943695010154822 18.899337516711753 
-1 0 0 0.33229396105511877 14.039231695152692 
-1 -1 0 0.33229396105511977 14.039231692473791 
-1 -2 0 0.9999999999999998 3.9999999999999996 
0 -2 0 3.0 3.0 
-1 -3 0 1.0000000000000004 4.0 
0 -3 0 3.0 3.0 
-2 6 0 7.875114580235427 12.761557181831892 
-2 5 0 7.875114580235425 12.76155718183189 
-2 4 0 4.11107897234126 17.000000000000004 
-2 3 0 4.1110789723412555 17.0 
-2 2 0 1.9185854290012718 18.899337504042574 
-2 1 0 1.918585424560593 18.89933747902719 
-2 0 0 1.114499260141428 16.000000000000004 
-2 -1 0 1.1144992601414314 15.999999999999998 
-2 -2 0 0.9999999999999993 4.0 
-2 -3 0 1.0 4.0 
-3 4 0 14.0 14.0 
-3 3 0 14.0 14.0 
-3 2 0 7.30958424017657 16.69041575982343 
-3 1 0 7.309584240176572 16.69041575982343 
-3 0 0 4.999999999999999 16.0 
-3 -1 0 5.0 16.0 
-3 -2 0 4.0 4.0 
-3 -3 0 4.0 4.0 
