0 -4 0 2.0000000000000004 5.0 
1 -4 0 5.0 5.0 
0 -5 0 1.9999999999999998 5.0 
1 -5 0 5.0 5.0 
0 -6 0 1.8237358039926235 16.216990566028304 
1 -6 0 6.783009433971699 16.2169905660283 
0 -7 0 1.823735803992619 16.216990566028308 
1 -7 0 6.783009433971697 16.2169905660283 
0 -8 0 2.7585514467546797 18.000000000000007 
1 -8 0 14.0 14.0 
0 -9 0 2.758551446754671 18.000000000000004 
1 -9 0 14.0 14.0 
-1 -4 1 1.9999999999999996 5.0 
-1 -5 1 2.0 5.0 
-1 -6 2 1.400938924841038 14.849289771913815 
-1 -7 2 1.4009389248410407 14.849289662519153 
-1 -8 1 0.6098043735067347 17.999999998959158 
-1 -9 1 0.6098043735067316 17.99999999963525 
-1 -10 0 0.8047623061644029 15.999999960104201 
0 -10 0 6.763932022500209 12.0 
-1 -11 0 0.8047623060516725 15.999999786214705 
0 -11 0 6.763932022500209 12.000000000000002 
-2 -4 0 1.9999999999999998 4.0 
-2 -5 0 1.9999999999999996 4.0 
-2 -6 0 0.5970133801656872 12.72818607689202 
-2 -7 0 0.597013380165687 12.7281860715022 
-2 -8 0 0.576903453960826 17.35634814677895 
-2 -9 0 0.576903453962988 17.356347873907993 
-2 -10 0 0.8047623060505226 17.99999990748524 
-2 -11 0 0.804762306050716 17.99999998038652 
-2 -12 0 1.7512824188429799 13.692846605737717 
-1 -12 0 4.585786437626906 10.56155281280883 
-2 -13 0 1.7512824184851534 13.692846609157016 
-1 -13 0 4.585786437626903 10.56155281280883 
-3 -6 0 0.5970133801656887 10.180954503485 
-3 -7 0 0.597013380165688 10.180954503484998 
-3 -8 2 0.8615870984144497 15.999999906603684 
-3 -9 2 0.8615870984145796 15.999999974326904 
-3 -10 3 0.8372774350673186 17.999999872108774 
-3 -11 3 0.8372774350673194 17.999998213500845 
-3 -12 1 0.37885198203432563 15.999999558075475 
-3 -13 1 0.3788519820343278 15.999999941820667 
-3 -14 0 0.7622148741514146 10.999999999989468 
-2 -14 0 4.999999999999999 7.0 
-3 -15 0 0.7622148741506196 10.999999712212068 
-2 -15 0 5.000000000000001 7.0 
-4 -6 0 2.5188056959079845 8.170086486626035 
-4 -7 0 2.5188056959079854 8.170086486626039 
-4 -8 0 0.8615870987923351 13.80383133829971 
-4 -9 0 0.8615870984150134 13.803831430358128 
-4 -10 0 0.37512942658233706 17.99999971641337 
-4 -11 0 0.3751294267857335 17.999999993631125 
-4 -12 1 0.37885198203433135 17.460143212192758 
-4 -13 1 0.37885198203432685 17.460144407157976 
-4 -14 1 0.7622148741505845 13.721306552886933 
-4 -15 1 0.7622148741505831 13.721306897050091 
-5 -6 0 4.999999999999999 7.0 
-5 -7 0 5.0 7.0 
-5 -8 0 2.763272822547347 12.075625530111262 
-5 -9 0 2.7632728224130623 12.07562466459768 
-5 -10 0 0.8482583454524729 15.999999885917923 
-5 -11 0 0.8482583454202057 15.999999829189518 
-5 -12 1 0.6351745856997583 17.99999975145364 
-5 -13 1 0.6351745856997543 17.99999956582032 
-5 -14 1 0.3145553064058842 15.30607427084524 
-5 -15 1 0.31455530640588264 15.306074305502529 
-5 -16 0 0.2537959605131367 10.597404765112984 
-4 -16 0 1.115788407149195 8.485253816879323 
-5 -17 0 0.2537959605131398 10.5974047651132 
-4 -17 0 1.1157884071491928 8.48525381687932 
-6 -8 0 4.585786437626904 10.561552812808833 
-6 -9 0 4.585786437626906 10.56155281280883 
-6 -10 0 2.3652674180942395 13.999999502831306 
-6 -11 0 2.3652674179347954 13.999999530455321 
-6 -12 0 0.9175075831016235 17.999999999981743 
-6 -13 0 0.9175075813337363 17.999999999853 
-6 -14 0 0.31455530640686274 16.74913448838044 
-6 -15 0 0.3145553064059199 16.749134498725134 
-6 -16 1 0.2537959605131343 12.488069247591667 
-6 -17 1 0.25379596051313863 12.488069247590808 
-6 -18 1 1.9999999999999982 4.999999999999999 
-5 -18 0 1.9999999999999993 4.0 
-6 -19 1 1.9999999999999998 4.999999999999998 
-5 -19 0 2.0 4.0 
-7 -10 0 6.763932022500209 12.000000000000002 
-7 -11 0 6.763932022500209 12.0 
-7 -12 0 4.490071227463196 15.999999999997664 
-7 -13 0 4.490071227463193 15.999999999959186 
-7 -14 0 3.0894307144894326 16.749134520596648 
-7 -15 0 3.089430714489434 16.74913452063556 
-7 -16 0 1.9610505533281 13.937670460141701 
-7 -17 0 1.9610505533280918 13.937670460141698 
-7 -18 0 1.9999999999999996 5.0 
-7 -19 0 2.0 5.000000000000001 
-8 -12 0 14.0 14.0 
-8 -13 0 14.0 14.0 
-8 -14 0 8.230429403757789 15.69167773510225 
-8 -15 0 8.230429403757793 15.69167773510225 
-8 -16 0 6.372838824554134 13.937670460141696 
-8 -17 0 6.372838824554131 13.937670460141698 
-8 -18 0 5.0 5.0 
-8 -19 0 5.0 5.0 
