1 5 1 2.0 2.0 
2 5 0 2.0 2.0 
1 4 1 2.0000000000000004 2.0000000000000004 
2 4 0 2.0 2.0 
1 3 3 2.0000000000000004 8.000000000000002 
2 3 0 2.0 8.0 
1 2 3 2.0000000000000013 8.0 
2 2 0 2.000000000000001 8.0 
1 1 3 2.0 10.000000000000007 
2 1 0 4.0 9.999999999999998 
1 0 3 1.9999999999999978 10.000000000000002 
2 0 0 3.9999999999999982 10.0 
1 -1 1 2.0 10.000000000000002 
2 -1 0 7.0 7.0 
1 -2 1 1.9999999999999996 9.999999999999998 
2 -2 0 7.0 7.0 
0 3 0 2.9999999999999996 8.0 
0 2 0 2.9999999999999996 7.999999999999999 
0 1 0 2.0 9.999999999999996 
0 0 0 1.9999999999999996 10.0 
0 -1 0 1.9999999999999993 10.0 
0 -2 0 1.9999999999999967 10.000000000000002 
0 -3 0 3.000000000000001 8.0 
1 -3 0 3.0 5.0 
0 -4 0 3.000000000000001 8.0 
1 -4 0 3.0 5.0 
-1 3 0 2.9999999999999996 5.0 
-1 2 0 2.9999999999999996 5.000000000000001 
-1 1 1 2.0 10.0 
-1 0 1 1.9999999999999982 10.000000000000007 
-1 -1 2 0.9999999999999991 10.000000000000009 
-1 -2 2 1.0000000000000002 10.000000000000002 
-1 -3 1 0.9999999999999957 8.000000000000002 
-1 -4 1 1.0000000000000002 8.000000000000004 
-2 3 0 3.0000000000000004 5.0 
-2 2 0 3.0 5.0 
-2 1 0 2.0 7.000000000000001 
-2 0 0 2.0 7.000000000000001 
-2 -1 0 1.0 10.000000000000002 
-2 -2 0 1.0000000000000004 9.999999999999996 
-2 -3 1 0.9999999999999997 8.0 
-2 -4 1 1.0000000000000004 8.000000000000004 
-2 -5 2 0.9999999999999997 6.0 
-1 -5 0 0.9999999999999989 5.999999999999999 
-2 -6 2 1.0000000000000004 6.0 
-1 -6 0 1.0 6.000000000000001 
-3 1 0 7.0 7.0 
-3 0 0 7.0 7.0 
-3 -1 0 5.0 9.0 
-3 -2 0 4.999999999999999 9.0 
-3 -3 0 4.0 8.0 
-3 -4 0 3.9999999999999987 8.0 
-3 -5 0 3.0 6.0 
-3 -6 0 2.9999999999999996 6.000000000000001 
-3 -7 0 2.0 2.0 
-2 -7 1 2.0 2.0 
-3 -8 0 2.0 2.0 
-2 -8 1 2.0000000000000004 2.0000000000000004 
