1 -1 0 3.0 6.0 
2 -1 0 6.0 6.0 
1 -2 0 2.999999999999999 6.000000000000001 
2 -2 0 6.0 6.0 
1 -3 0 3.044911173713105 14.999999999999996 
2 -3 0 8.999999999999998 15.0 
1 -4 0 3.0449111737131074 15.000000000000004 
2 -4 0 9.000000000000002 15.0 
1 -5 0 3.9460502883785855 18.000000000000004 
2 -5 0 15.0 15.0 
1 -6 0 3.9460502883785855 17.999999999999996 
2 -6 0 15.0 15.0 
0 -1 1 1.9999999999999993 6.000000000000002 
0 -2 1 1.9999999999999984 6.000000000000001 
0 -3 1 0.6395898227057348 14.180351806842513 
0 -4 1 0.6395898227057338 14.180351806843033 
0 -5 0 0.37755143144795433 17.999999612913882 
0 -6 0 0.3775514314526552 17.999999994602895 
0 -7 0 1.2351694183777733 15.999999974353928 
1 -7 0 9.585786437626904 13.000000000000002 
0 -8 0 1.2351694179184938 15.99999998088938 
1 -8 0 9.585786437626904 13.000000000000002 
-1 -1 0 2.0 5.0 
-1 -2 0 2.0 5.0 
-1 -3 0 0.6395898227156688 12.744627201685628 
-1 -4 0 0.6395898227200827 12.74462720828637 
-1 -5 0 0.37755143144685177 17.128269462064562 
-1 -6 0 0.37755143144982206 17.12826899913657 
-1 -7 0 0.9725574630656492 17.93915442017836 
-1 -8 0 0.9725574632392779 17.93915031680999 
-1 -9 0 1.9479511548631563 13.999999999144924 
0 -9 0 4.17157287525381 10.999999999999998 
-1 -10 0 1.9479511548828898 13.999999253382354 
0 -10 0 4.171572875253811 11.0 
-2 -1 0 4.0 4.0 
-2 -2 0 4.0 4.0 
-2 -3 0 1.1459148792755922 10.936031872124092 
-2 -4 0 1.1459148795792395 10.936032450511739 
-2 -5 1 0.6568170426226846 15.635346503114922 
-2 -6 1 0.6568170426226846 15.635346024117883 
-2 -7 0 0.2806280299227467 17.9999998266717 
-2 -8 0 0.28062802993687586 17.99999809521906 
-2 -9 0 0.6607317557942187 15.91661899952121 
-2 -10 0 0.6607317557928586 15.91661970007538 
-2 -11 0 1.3630757562732485 11.855207983562853 
-1 -11 0 4.585786437626904 8.0 
-2 -12 0 1.3630757562732452 11.855208448828137 
-1 -12 0 4.585786437626906 8.0 
-3 -3 0 2.4116255601455543 8.732050807568877 
-3 -4 0 2.4116255601455534 8.732050807568879 
-3 -5 0 0.6568170426504945 13.702291303117018 
-3 -6 0 0.6568170427026273 13.702291245384218 
-3 -7 0 0.2806280299632233 17.999999663298542 
-3 -8 0 0.2806280299244934 17.999999697655692 
-3 -9 1 0.660731755786266 17.734261232258383 
-3 -10 1 0.6607317569356723 17.734261231294223 
-3 -11 0 0.4276948507515685 13.800228751483633 
-3 -12 0 0.4276948507516155 13.800228750440487 
-3 -13 0 1.2090568252566056 9.509724831616516 
-2 -13 0 5.0 5.0 
-3 -14 0 1.2090568252566056 9.509724831616518 
-2 -14 0 5.0 5.0 
-4 -3 0 6.0 6.0 
-4 -4 0 6.0 6.0 
-4 -5 0 2.724879743509789 11.752177980793073 
-4 -6 0 2.724879743531432 11.75217800592184 
-4 -7 0 0.9376706034401857 15.999999766263295 
-4 -8 0 0.9376706034527204 15.999999915063285 
-4 -9 0 0.7349376768908479 17.99999997461585 
-4 -10 0 0.7349376775465033 17.999999535245227 
-4 -11 0 0.4276948507521501 15.531702259702406 
-4 -12 0 0.4276948507516326 15.531702245263125 
-4 -13 0 1.0988587920161403 11.52355579040215 
-4 -14 0 1.0988587920161381 11.523555790402156 
-5 -5 0 6.999999999999998 9.0 
-5 -6 0 7.0 9.0 
-5 -7 0 3.602563289984538 13.999999961630747 
-5 -8 0 3.60256329020436 13.999999438409647 
-5 -9 0 1.9376399384780736 17.99999999942756 
-5 -10 0 1.9376399384684746 17.999999999653365 
-5 -11 0 1.3528548834476624 17.03247111982322 
-5 -12 0 1.3528548834477336 17.032471119074824 
-5 -13 0 1.0988587921024808 12.417842062429783 
-5 -14 0 1.0988587920161403 12.41784206264073 
-5 -15 0 3.0 3.0000000000000004 
-4 -15 0 3.0 3.0 
-5 -16 0 3.0 3.0 
-4 -16 0 3.0 3.0 
-6 -7 0 8.999999999999998 11.0 
-6 -8 0 9.000000000000002 11.0 
-6 -9 0 4.416433649776392 16.000000000000004 
-6 -10 0 4.416433649776387 16.000000000000004 
-6 -11 0 2.810132857089843 17.032471120134822 
-6 -12 0 2.810132848637591 17.03247112013461 
-6 -13 0 2.448893135447829 13.7930622677881 
-6 -14 0 2.448893135447831 13.793062267788098 
-6 -15 0 3.0 3.0000000000000004 
-6 -16 0 3.0 3.0000000000000004 
-7 -9 0 12.0 12.0 
-7 -10 0 12.0 12.0 
-7 -11 0 6.1547299220082 15.264514080488041 
-7 -12 0 6.154729922008201 15.264514080488041 
-7 -13 0 3.7505748676170283 13.793062267788098 
-7 -14 0 3.7505748676170287 13.7930622677881 
-7 -15 0 3.0 3.0 
-7 -16 0 3.0 3.0 
