4 12 0 3.0 3.0 
5 12 0 3.0 3.0 
4 11 0 3.0 3.0 
5 11 0 3.0 3.0 
4 10 0 1.6392401094078768 9.487956699711527 
5 10 0 3.4947282674570794 9.487956699713177 
4 9 0 1.6392401094078655 9.487956699204414 
5 9 0 3.4947282674570803 9.487956699713177 
4 8 0 2.2978422638088043 13.341389633300603 
5 8 0 4.507783871088411 13.341389634634657 
4 7 0 2.297842263808807 13.341389626676085 
5 7 0 4.507783871088409 13.341389634634657 
4 6 0 3.1976981543782528 15.105286517893697 
5 6 0 6.206375597291184 14.531663733871618 
4 5 0 3.197698149085862 15.10528651740197 
5 5 0 6.206375597291182 14.531663733871614 
4 4 0 4.554867231204482 15.097866765193476 
5 4 0 8.700727627731956 14.055386095545964 
4 3 0 4.554867340147192 15.09786677485478 
5 3 0 8.700727627731954 14.055386095545963 
4 2 0 6.815420210176359 13.999999999997392 
5 2 0 12.0 12.0 
4 1 0 6.815420214213417 13.999999999992113 
5 1 0 12.0 12.0 
3 12 0 3.0 3.0 
3 11 0 3.0 3.0000000000000004 
3 10 0 1.639240109408091 9.443735733421757 
3 9 0 1.639240109407909 9.443735692298517 
3 8 0 0.7985604099099332 13.24316258856039 
3 7 0 0.7985604099222379 13.243162588484608 
3 6 0 0.8159397803411146 15.368091329901228 
3 5 0 0.8159397800620753 15.368091296038498 
3 4 0 1.8079748795051294 16.13386343211049 
3 3 0 1.8079748795037442 16.133863425138205 
3 2 0 3.2430809107694714 14.862097620435186 
3 1 0 3.243080910770077 14.862097616738103 
3 0 0 4.860489992194746 12.732050807340823 
4 0 0 9.999999999999998 10.0 
3 -1 0 4.860489992734764 12.732050803571344 
4 -1 0 10.0 10.0 
2 12 0 3.0 3.0 
2 11 0 3.0 3.0 
2 10 0 1.7694688045459215 9.349598354253587 
2 9 0 1.7694688045459215 9.349598354253587 
2 8 0 0.7985604099097439 13.056833516575352 
2 7 0 0.7985604099612977 13.056833631214115 
2 6 0 0.28636700000173493 15.368091231406535 
2 5 0 0.2863670000873839 15.368091153144478 
2 4 0 0.5007317002344837 17.311832604591828 
2 3 0 0.5007317002278181 17.311832590010564 
2 2 0 1.1148565342407415 15.999999918475064 
2 1 0 1.1148565337803784 15.999999990146776 
2 0 0 2.209050335624543 13.762929335850101 
2 -1 0 2.2090503356237723 13.762929340526078 
2 -2 0 3.730029681809967 10.732050807568879 
3 -2 0 8.0 8.0 
2 -3 0 3.7300296818099685 10.732050807568879 
3 -3 0 8.0 8.0 
1 10 0 3.999999999999999 7.732050807568877 
1 9 0 4.000000000000001 7.732050807568877 
1 8 0 2.314646291974272 11.698814423470118 
1 7 0 2.314646277030673 11.69881444485748 
1 6 0 0.28636700000299276 14.525185619752005 
1 5 0 0.28636700000183885 14.525185893114774 
1 4 1 0.5007317002276709 17.311832503112488 
1 3 1 0.5007317002276664 17.31183257495744 
1 2 1 0.7307425431485525 17.999999992509313 
1 1 1 0.7307425431485556 17.999999547004762 
1 0 0 1.7704940933850744 14.620245324076391 
1 -1 0 1.770494102912053 14.620245495623772 
1 -2 0 3.401830470202838 12.480609645126908 
1 -3 0 3.401830494529963 12.480609997501979 
1 -4 0 5.267949192431123 8.732050807568877 
2 -4 0 6.0 6.0 
1 -5 0 5.267949192431123 8.732050807568879 
2 -5 0 6.0 6.0 
0 10 0 5.0 5.0 
0 9 0 5.0 5.0 
0 8 0 2.7293244561146746 10.732050807568882 
0 7 0 2.7293244561146803 10.732050807568879 
0 6 0 1.5433796695226607 13.76418058682497 
0 5 0 1.5433796695125652 13.76417926895142 
0 4 0 0.7267762724867558 15.794747610932955 
0 3 0 0.726776272486502 15.794745969070117 
0 2 0 0.30546545117634655 17.999999864738697 
0 1 0 0.3054654512208968 17.999999984591284 
0 0 0 0.49568297632610187 15.59987921992825 
0 -1 0 0.49568297602872874 15.599878849330244 
0 -2 0 1.267218044076488 13.244072467138718 
0 -3 0 1.267218044077204 13.24407216334275 
0 -4 0 2.448282627409517 10.308634640929764 
0 -5 0 2.4482826274095157 10.308634640929759 
-1 8 0 6.0 8.0 
-1 7 0 6.0 8.0 
-1 6 0 3.613953863627654 12.732050806656632 
-1 5 0 3.613953850024442 12.732050802725613 
-1 4 0 1.882394637436357 14.835685854817555 
-1 3 0 1.882394643501501 14.835685847807602 
-1 2 0 0.30546545118843293 17.99999998093739 
-1 1 0 0.30546545131013275 17.999999993282458 
-1 0 1 0.49568297602871536 16.96895263475014 
-1 -1 1 0.49568297602871825 16.968952776197096 
-1 -2 1 1.267218047368661 14.07833787856177 
-1 -3 1 1.2672180440751244 14.078337827341931 
-1 -4 0 2.2996877272345673 10.406311714045707 
-1 -5 0 2.299687728985447 10.406311714046998 
-1 -6 0 4.0 4.0 
0 -6 0 4.0 4.0 
-1 -7 0 4.0 4.0 
0 -7 0 4.0 4.0 
-2 6 0 8.0 10.0 
-2 5 0 8.0 10.0 
-2 4 0 4.730257596228306 13.999999999988082 
-2 3 0 4.730257626788385 13.999999999995914 
-2 2 0 3.1608120145222145 15.999999998207361 
-2 1 0 3.160812019335556 15.999999315392936 
-2 0 0 1.9830319272140169 16.968952780241427 
-2 -1 0 1.9830319272119452 16.96895277940183 
-2 -2 0 1.3916468887440938 14.488802485716862 
-2 -3 0 1.3916468887352886 14.488803123966118 
-2 -4 0 2.2996877318384925 10.519298360389335 
-2 -5 0 2.299687728467689 10.519298399096824 
-2 -6 0 4.0 4.0 
-2 -7 0 4.0 4.0 
-3 4 0 10.0 12.0 
-3 3 0 9.999999999999996 12.0 
-3 2 0 6.605411112892348 14.999999999982812 
-3 1 0 6.605411112892451 14.999999999705576 
-3 0 0 4.132654500553148 15.844130207821951 
-3 -1 0 4.132654504465098 15.84413021015606 
-3 -2 0 2.873404705018538 14.488803285068556 
-3 -3 0 2.873404705018545 14.48880328421809 
-3 -4 0 2.437338052938917 10.753037679414968 
-3 -5 0 2.437338052938915 10.753037679369408 
-3 -6 0 4.0 4.0 
-3 -7 0 4.0 4.0 
-4 2 0 13.0 13.0 
-4 1 0 13.0 13.0 
-4 0 0 9.848668015589624 14.923909334950208 
-4 -1 0 9.848668015589624 14.923909334950212 
-4 -2 0 7.065220520904596 14.27781328221905 
-4 -3 0 7.065220520904595 14.277813282219054 
-4 -4 0 4.873447846133305 10.75303767942124 
-4 -5 0 4.873447846133304 10.75303767942124 
-4 -6 0 4.0 4.0 
-4 -7 0 4.0 4.0 
