0 2 0 1.0 1.0 
1 2 0 1.0 1.0 
0 1 0 1.0 1.0 
1 1 0 1.0 1.0 
0 0 1 1.1954760739458605 6.771146060895698 
1 0 0 1.1954760739458605 6.7711460608957 
0 -1 1 1.1954760739458614 6.771146060895698 
1 -1 0 1.1954760739458612 6.771146060895698 
0 -2 1 0.9012784386336951 8.737507946974466 
1 -2 0 1.8004957798037757 8.07760305560279 
0 -3 1 0.9012784386336953 8.73750794697439 
1 -3 0 1.800495779803777 8.07760305560279 
0 -4 0 0.6541794129906361 8.953176969600946 
1 -4 0 3.094296455782259 8.049481177735316 
0 -5 0 0.6541794129906302 8.953176850136746 
1 -5 0 3.094296455782261 8.049481177735316 
0 -6 0 1.7227458810517235 7.999999999999999 
1 -6 0 6.0 6.0 
0 -7 0 1.7227458810517233 8.000000000000002 
1 -7 0 6.0 6.0 
-1 0 0 2.2679491924311224 5.7320508075688785 
-1 -1 0 2.267949192431123 5.732050807568877 
-1 -2 0 0.6624827165619966 8.73750794683645 
-1 -3 0 0.6624827165681079 8.737507946972332 
-1 -4 0 0.654179412990629 9.744106125970692 
-1 -5 0 0.6541794129906283 9.744105895581116 
-1 -6 0 1.7134132247308607 8.758150437991475 
-1 -7 0 1.7134132247308616 8.758150047385811 
-1 -8 0 3.267949192431122 6.732050807568878 
0 -8 0 4.0 4.0 
-1 -9 0 3.2679491924311224 6.732050807568877 
0 -9 0 4.0 4.0 
-2 0 0 3.0 3.0 
-2 -1 0 3.0 3.0 
-2 -2 0 0.6624827165599261 7.73205080756888 
-2 -3 0 0.6624827165599277 7.732050807568877 
-2 -4 1 0.9271057861192915 9.744105753513553 
-2 -5 1 0.9271057861192905 9.744106070698335 
-2 -6 1 1.0985538578974576 9.290674349712525 
-2 -7 1 1.098553857897454 9.29067437576665 
-2 -8 0 0.9129110295542099 7.1260996441350235 
-2 -9 0 0.9129110295542089 7.1260996441350235 
-3 -2 0 5.0 5.0 
-3 -3 0 4.999999999999999 5.0 
-3 -4 0 2.2362761815240635 9.0 
-3 -5 0 2.236276181524064 8.999999999999998 
-3 -6 0 1.098553857897456 9.290674375768134 
-3 -7 0 1.098553857897456 9.290674375768136 
-3 -8 0 0.9129110295542092 7.164247938460209 
-3 -9 0 0.9129110295542104 7.1642479384602105 
-3 -10 0 2.0 2.0 
-2 -10 0 2.0 2.0 
-3 -11 0 2.0 2.0 
-2 -11 0 2.0 2.0 
-4 -4 0 7.0 7.0 
-4 -5 0 7.0 7.0 
-4 -6 0 4.208712152522079 8.791287847477921 
-4 -7 0 4.2087121525220805 8.791287847477921 
-4 -8 0 2.608617619369099 7.164247938460211 
-4 -9 0 2.6086176193690993 7.1642479384602105 
-4 -10 0 2.0 2.0 
-4 -11 0 2.0 2.0 
