2 8 0 1.0 1.0 
3 8 0 1.0 1.0 
2 7 0 1.0 1.0 
3 7 0 1.0 1.0 
2 6 1 1.3819660112501062 6.164247938460212 
3 6 0 1.6086176193690989 6.164247938460212 
2 5 1 1.3819660112501053 6.164247938460212 
3 5 0 1.608617619369099 6.164247938460211 
2 4 1 1.0599248465127267 8.51229013833577 
3 4 0 2.5857864376269055 7.9474126424804545 
2 3 1 1.0599248465127258 8.512290156984609 
3 3 0 2.5857864376269046 7.9474126424804545 
2 2 0 0.7550758260597091 8.825412127884833 
3 2 0 3.8850924585232436 7.860805853111705 
2 1 0 0.755075826059709 8.82541227979226 
3 1 0 3.8850924585232445 7.860805853111703 
2 0 0 2.103452253804623 7.095373935852245 
3 0 0 6.0 6.0 
2 -1 0 2.103452253804623 7.095373935852245 
3 -1 0 6.0 6.0 
1 6 0 1.3819660112501049 4.618033988749895 
1 5 0 1.381966011250105 4.618033988749895 
1 4 0 1.0498336621964925 8.512290159786339 
1 3 0 1.0498336621964912 8.51229015444231 
1 2 0 0.7550758271851868 9.718496000195508 
1 1 0 0.7550758267570885 9.718379473931195 
1 0 0 2.0612576409522076 8.999999999999995 
1 -1 0 2.0612576410339583 8.999999999999998 
1 -2 0 4.0 4.0 
2 -2 0 4.0 4.0 
1 -3 0 4.0 4.0 
2 -3 0 4.0 4.0 
0 4 0 1.0498336621964939 7.0 
0 3 0 1.0498336621964934 6.999999999999999 
0 2 1 1.2478859431302998 9.718487287303736 
0 1 1 1.2478859431303022 9.718496000216907 
0 0 1 1.2415400923597324 9.53865683995275 
0 -1 1 1.2415400923597322 9.538656894050417 
0 -2 0 1.0000000000000002 5.0 
0 -3 0 0.9999999999999993 5.000000000000002 
-1 2 0 2.5721211276292575 8.803542495682594 
-1 1 0 2.5721211276292566 8.803542495682596 
-1 0 0 1.2415400923597317 10.0 
-1 -1 0 1.2415400923597297 10.000000000000002 
-1 -2 0 1.0000000000000009 5.0 
-1 -3 0 1.0000000000000007 5.0 
-2 0 0 10.0 10.0 
-2 -1 0 10.0 10.0 
-2 -2 0 5.0 5.0 
-2 -3 0 5.0 5.0 
