4 12 0 1.0 1.0 
5 12 0 1.0 1.0 
4 11 0 1.0 1.0 
5 11 0 1.0 1.0 
4 10 1 1.0 8.305897529333432 
5 10 0 2.2143329888019974 8.305897529333429 
4 9 1 1.0000000000000009 8.305897529333434 
5 9 0 2.214332988801998 8.30589752933343 
4 8 1 1.5801923196017322 11.739783297194018 
5 8 0 3.8125476087749086 10.714063448915686 
4 7 1 1.5801923196017296 11.739783136540371 
5 7 0 3.8125476087749077 10.71406344891569 
4 6 0 1.2198908907729915 12.28175889070754 
5 6 0 5.402264811881124 10.917285993093534 
4 5 0 1.2198908907729873 12.281758890707536 
5 5 0 5.402264811881125 10.917285993093532 
4 4 0 3.178880661047331 10.000000000000002 
5 4 0 8.0 8.0 
4 3 0 3.1788806610473332 9.999999999999996 
5 3 0 8.0 8.0 
3 10 0 1.0 6.709275359436923 
3 9 0 0.9999999999999998 6.709275359436921 
3 8 0 0.8492436263378562 11.739783297193757 
3 7 0 0.8492436263377674 11.739783297193954 
3 6 0 0.8379466683492113 13.700753000327826 
3 5 0 0.8379466683298062 13.700751422255077 
3 4 0 2.5415429828371225 11.99999999817957 
3 3 0 2.541542982576791 11.99999999897378 
3 2 0 5.267949192431123 8.732050807568877 
4 2 0 6.0 6.0 
3 1 0 5.267949192431123 8.732050807568877 
4 1 0 6.0 6.0 
2 10 0 3.0 3.0 
2 9 0 3.0 3.0 
2 8 0 0.8492436264277786 9.780626059618125 
2 7 0 0.8492436265788857 9.780626059619024 
2 6 1 0.18155280034919966 13.700752877591633 
2 5 1 0.18155280034919802 13.700753019703058 
2 4 0 0.5536081938526765 13.999999999889651 
2 3 0 0.5536081938377783 13.999999999927239 
2 2 0 2.2272230083051445 9.8426887168956 
2 1 0 2.2272230083051383 9.842688716895596 
1 8 0 1.9999999999999993 7.0 
1 7 0 2.0 7.0 
1 6 0 0.18155280034929047 11.71503386544122 
1 5 0 0.18155280034920018 11.71503503110027 
1 4 0 0.2382189303838703 13.999999999890134 
1 3 0 0.23821893038387687 13.999999618081187 
1 2 1 0.28851741846132734 11.52006508371703 
1 1 1 0.28851741846132456 11.52006507737801 
1 0 0 1.9999999999999987 5.0 
2 0 0 4.0 4.0 
1 -1 0 1.9999999999999998 5.0 
2 -1 0 4.0 4.0 
0 6 0 3.438447187191168 9.645751311064592 
0 5 0 3.4384471871911715 9.645751311064593 
0 4 0 0.23821893041657868 13.999999956929996 
0 3 0 0.23821893038386507 13.999999909702684 
0 2 1 0.28851741846132517 13.62449894165103 
0 1 1 0.2885174184613216 13.624498941128225 
0 0 1 1.65707691722283 7.56155281280883 
0 -1 1 1.6570769172228301 7.561552812808831 
-1 6 0 6.0 6.0 
-1 5 0 6.0 6.0 
-1 4 0 3.1715728752538066 12.0 
-1 3 0 3.171572875253809 12.0 
-1 2 0 1.4717135190135102 13.624498960138713 
-1 1 0 1.4717135190135127 13.624498960138709 
-1 0 0 1.306385989676462 11.111259774409174 
-1 -1 0 1.3063859896764582 11.11125977440917 
-2 4 0 8.0 8.0 
-2 3 0 8.0 8.0 
-2 2 0 3.000000000000001 11.999999999999998 
-2 1 0 2.9999999999999987 12.0 
-2 0 0 1.306385989676459 11.111259774409177 
-2 -1 0 1.3063859896764574 11.111259774409177 
-2 -2 0 1.0 1.0 
-1 -2 0 1.0 1.0 
-2 -3 0 1.0 1.0 
-1 -3 0 1.0 1.0 
