5 13 0 1.9999999999999993 4.0 
6 13 0 4.0 4.0 
5 12 0 2.0 4.0 
6 12 0 4.0 4.0 
5 11 0 2.1180677004045 13.88748219369606 
6 11 0 5.11251780630394 13.887482193696059 
5 10 0 2.1180677004045005 13.887482193696062 
6 10 0 5.112517806303938 13.88748219369606 
5 9 0 2.7605883420459394 16.764894066467235 
6 9 0 7.483090583387998 15.243918171302438 
5 8 0 2.7605883419738615 16.764894506470505 
6 8 0 7.483090583387998 15.24391817130244 
5 7 0 4.940205906358777 16.000000000000004 
6 7 0 13.0 13.0 
5 6 0 4.940205906358779 16.000000000000004 
6 6 0 13.0 13.0 
4 13 0 2.0 4.0 
4 12 0 2.0 4.0 
4 11 0 0.5521784732934417 13.604263913313723 
4 10 0 0.5521784732934405 13.604263913318745 
4 9 0 1.0867626627092748 16.764894815903617 
4 8 0 1.0867626627156142 16.764894815240858 
4 7 0 1.575891050973071 17.999999998844974 
4 6 0 1.5758910509432473 17.99999999966126 
4 5 0 3.3012138977879157 13.99999998789405 
5 5 0 8.267949192431121 11.732050807568879 
4 4 0 3.3012138772634385 13.999999985589964 
5 4 0 8.267949192431123 11.732050807568879 
3 13 0 1.9999999999999996 3.9999999999999996 
3 12 0 2.0 3.9999999999999996 
3 11 0 0.552178473293933 12.063762269241533 
3 10 0 0.5521784732934432 12.063762269241565 
3 9 0 0.24794331912640138 15.410732979746863 
3 8 0 0.247943319126141 15.410732946667428 
3 7 0 0.40619803439216234 17.999999995287403 
3 6 0 0.4061980343799078 17.999999998374953 
3 5 0 1.0416377562109322 15.889243063049848 
3 4 0 1.04163775625396 15.889242995129589 
3 3 0 2.812817513799528 11.999999806130408 
4 3 0 6.267949192431122 9.732050807568875 
3 2 0 2.812817513853724 11.99999891121386 
4 2 0 6.267949192431123 9.732050807568879 
2 11 0 1.3851701494661182 9.17508465077575 
2 10 0 1.385170149466116 9.175084650775744 
2 9 0 0.24794331919845441 14.328243850538872 
2 8 0 0.2479433191262161 14.32824385029985 
2 7 1 0.406198034379184 17.74408408025804 
2 6 1 0.40619803437918095 17.744084107937223 
2 5 1 0.5362060602527537 17.999999953705608 
2 4 1 0.536206060252758 17.999999916337774 
2 3 0 0.9885657859961097 13.790818428114859 
2 2 0 0.9885657859989382 13.790818440733698 
2 1 0 2.502212337046937 9.560237518882719 
3 1 0 5.0 7.0 
2 0 0 2.502212337046937 9.560237518882722 
3 0 0 5.000000000000001 7.0 
1 11 0 3.9999999999999996 6.0 
1 10 0 4.0 6.0 
1 9 0 1.7078841884381508 12.327221740416825 
1 8 0 1.7078841884381846 12.327221739506928 
1 7 0 0.5789764356405428 15.889155943718984 
1 6 0 0.5789764360673392 15.889155077525169 
1 5 0 0.23767815747061236 17.999999967110764 
1 4 0 0.23767815743886553 17.999999852537982 
1 3 0 0.5035908650657925 15.52022844059032 
1 2 0 0.5035908650677495 15.52022843884356 
1 1 0 1.3170111730799778 11.58711929123798 
1 0 0 1.3170111730804182 11.587119281983677 
0 9 0 4.356055523445206 10.341481607831868 
0 8 0 4.356055523445204 10.341481607831872 
0 7 0 1.8415742998070965 14.62101396028676 
0 6 0 1.8415743056415343 14.621013558329453 
0 5 0 0.23767815743023285 17.99999992269915 
0 4 0 0.23767815743021511 17.999999981082 
0 3 1 0.5035908650645463 17.371354793457517 
0 2 1 0.5035908650645454 17.371354667967452 
0 1 1 1.0626451538963573 13.13169482585387 
0 0 1 1.0626451538963544 13.131694826498943 
0 -1 0 1.8299135133739657 5.481194304092017 
1 -1 0 2.999999999999999 5.0 
0 -2 0 1.8299135133739666 5.481194304092016 
1 -2 0 3.0 5.0 
-1 7 0 5.13460662779096 12.000000000000004 
-1 6 0 5.1346066277909665 11.999999999999998 
-1 5 0 2.9020262553726557 15.999999995788734 
-1 4 0 2.9020262553728284 15.999999901298517 
-1 3 0 1.5042395912485673 17.99999999868182 
-1 2 0 1.5042395911943416 17.999999999629985 
-1 1 0 1.0626451538964514 14.751557021536435 
-1 0 0 1.0626451538968673 14.751557021813474 
-1 -1 0 1.829913513373965 5.999999999999999 
-1 -2 0 1.8299135133739655 5.999999999999998 
-2 5 0 6.506345948286406 13.820196766378011 
-2 4 0 6.506345948286412 13.820196766378015 
-2 3 0 3.823133071226546 18.000000000000004 
-2 2 0 3.823133071226546 17.999999999999996 
-2 1 0 3.115013934458707 16.24264068711928 
-2 0 0 3.1150139344237906 16.242640687119277 
-2 -1 0 1.8299135133739672 6.0 
-2 -2 0 1.8299135133739663 6.000000000000001 
-3 3 0 15.0 15.0 
-3 2 0 15.0 15.0 
-3 1 0 7.7573593128807135 16.242640687119287 
-3 0 0 7.757359312880714 16.242640687119284 
-3 -1 0 6.0 6.0 
-3 -2 0 6.0 6.0 
