2 8 0 0.9999999999999998 3.0000000000000004 
3 8 0 3.0 3.0 
2 7 0 0.9999999999999994 3.0 
3 7 0 3.0 3.0 
2 6 0 0.9999999999999989 7.561552812808835 
3 6 0 3.43844718719117 7.56155281280883 
2 5 0 0.9999999999999996 7.561552812808832 
3 5 0 3.4384471871911697 7.561552812808831 
2 4 0 1.000000000000001 9.56155281280883 
3 4 0 5.438447187191168 9.56155281280883 
2 3 0 1.000000000000001 9.56155281280883 
3 3 0 5.438447187191169 9.561552812808827 
2 2 0 1.4384471871911702 9.999999999999998 
3 2 0 8.0 8.0 
2 1 0 1.4384471871911688 10.000000000000004 
3 1 0 8.0 8.0 
1 8 0 1.0 3.0 
1 7 0 1.0000000000000002 3.0 
1 6 1 0.9999999999999994 7.561552812808827 
1 5 1 0.9999999999999992 7.5615528128088325 
1 4 3 1.9999999999999982 9.561552812808824 
1 3 3 2.0000000000000013 9.561552812808827 
1 2 3 1.4384471871911695 9.999999999999998 
1 1 3 1.438447187191171 10.000000000000007 
1 0 1 1.9999999999999998 8.732050807568882 
2 0 0 4.0 6.0 
1 -1 1 1.9999999999999991 8.732050807568875 
2 -1 0 4.000000000000001 6.0 
0 6 0 2.9999999999999996 7.0 
0 5 0 2.9999999999999996 7.0 
0 4 0 0.7639320225002061 9.561552812808824 
0 3 0 0.7639320225002129 9.56155281280883 
0 2 0 0.7639320225011895 10.0 
0 1 0 0.7639320225002135 10.000000000000005 
0 0 0 0.7639320225002114 8.732050807568875 
0 -1 0 0.7639320225002096 8.732050807568882 
0 -2 0 1.2679491924311228 6.732050807568877 
1 -2 0 1.9999999999999998 4.0 
0 -3 0 1.2679491924311224 6.732050807568875 
1 -3 0 2.0 4.0 
-1 6 0 2.9999999999999996 5.0 
-1 5 0 2.9999999999999996 5.0 
-1 4 0 0.7639320225002094 8.999999999999998 
-1 3 0 0.7639320225002102 9.000000000000005 
-1 2 1 0.7639320225002076 10.0 
-1 1 1 0.7639320225002139 10.0 
-1 0 3 0.7639320225002106 8.732050807568875 
-1 -1 3 0.7639320225002082 8.732050807568875 
-1 -2 3 1.2679491924311221 6.7320508075688785 
-1 -3 3 1.2679491924311208 6.73205080756888 
-2 4 0 7.0 7.0 
-2 3 0 7.0 7.0 
-2 2 0 4.763932022500211 9.23606797749979 
-2 1 0 4.76393202250021 9.236067977499792 
-2 0 0 2.763932022500209 8.732050807568875 
-2 -1 0 2.76393202250021 8.732050807568873 
-2 -2 0 2.0000000000000004 6.732050807568877 
-2 -3 0 1.9999999999999998 6.732050807568877 
-2 -4 0 2.0 2.0 
-1 -4 1 2.0 2.0 
-2 -5 0 2.0 2.0 
-1 -5 1 2.0 2.0 
