2 6 0 3.0 3.0 
3 6 0 3.0 3.0 
2 5 0 3.0 3.0 
3 5 0 3.0 3.0 
2 4 0 1.026638591234468 8.732050807568882 
3 4 0 4.0 8.732050807568877 
2 3 0 1.0266385912344655 8.732050807568882 
3 3 0 4.0 8.732050807568879 
2 2 0 1.4116181515456752 11.154515449813932 
3 2 0 5.550510257216821 10.449489742783179 
2 1 0 1.41161815154568 11.154515449686306 
3 1 0 5.550510257216821 10.449489742783179 
2 0 0 2.861611587699295 9.999999999999998 
3 0 0 9.0 9.0 
2 -1 0 2.8616115876992967 10.0 
3 -1 0 9.0 9.0 
1 6 0 3.0 3.0 
1 5 0 3.0 3.0 
1 4 0 1.0266385912344662 7.23422891140737 
1 3 0 1.0266385912344678 7.234228911407369 
1 2 0 0.5106087614000048 11.154515449797636 
1 1 0 0.5106087614000063 11.154515449822942 
1 0 0 0.8252252460391583 11.999999998427104 
1 -1 0 0.8252252471445352 11.999999999962451 
1 -2 0 1.842644510145293 8.789787604211437 
2 -2 0 5.0 8.0 
1 -3 0 1.8426445101452917 8.789787604211437 
2 -3 0 5.000000000000002 8.0 
0 6 0 3.0 3.0 
0 5 0 3.0 3.0 
0 4 0 1.2825954733358673 6.618033988749895 
0 3 0 1.2825954733358678 6.618033988749896 
0 2 1 0.5106087614000062 9.571732922751446 
0 1 1 0.5106087614000051 9.571732897498777 
0 0 2 0.8252252460391569 11.999999972649118 
0 -1 2 0.8252252460391576 11.999999987394602 
0 -2 1 0.5106087614000036 9.57173289754922 
0 -3 1 0.5106087614000028 9.571732917821468 
0 -4 0 1.2825954733358649 6.618033988749896 
1 -4 0 3.585786437626905 6.414213562373095 
0 -5 0 1.282595473335868 6.618033988749894 
1 -5 0 3.5857864376269046 6.414213562373095 
-1 4 0 3.5857864376269055 6.414213562373096 
-1 3 0 3.585786437626904 6.414213562373095 
-1 2 0 1.8426445101452906 8.789787604211433 
-1 1 0 1.842644510145291 8.789787604211433 
-1 0 0 0.8252252460391588 11.999999998578277 
-1 -1 0 0.8252252460921325 11.999999993501678 
-1 -2 0 0.5106087614000059 11.154515449822302 
-1 -3 0 0.5106087614414946 11.15451544981961 
-1 -4 0 1.0266385912344675 7.234228911405469 
-1 -5 0 1.0266385912344658 7.234228911407353 
-1 -6 0 3.0 3.0 
0 -6 0 3.0 3.0 
-1 -7 0 3.0 3.0 
0 -7 0 3.0 3.0 
-2 2 0 5.0 8.0 
-2 1 0 5.0 8.0 
-2 0 0 2.8616115876992954 10.000000000000005 
-2 -1 0 2.8616115876992954 9.999999999999998 
-2 -2 0 1.4116181515456752 11.154515449262243 
-2 -3 0 1.4116181515456758 11.154515449631745 
-2 -4 0 1.0266385912344664 8.732050807568877 
-2 -5 0 1.0266385912344682 8.73205080756888 
-2 -6 0 3.0 3.0 
-2 -7 0 3.0 3.0 
-3 0 0 9.0 9.0 
-3 -1 0 9.0 9.0 
-3 -2 0 5.55051025721682 10.449489742783182 
-3 -3 0 5.550510257216821 10.449489742783179 
-3 -4 0 3.9999999999999996 8.732050807568879 
-3 -5 0 4.0 8.732050807568879 
-3 -6 0 3.0 3.0 
-3 -7 0 3.0 3.0 
