2 4 0 0.9999999999999999 3.0 
3 4 0 3.0 3.0 
2 3 0 0.9999999999999999 3.000000000000001 
3 3 0 3.0 3.0 
2 2 0 1.1329031939043028 12.120713276484647 
3 2 0 4.560066896117696 12.120713276484647 
2 1 0 1.1329031939043006 12.120713276484642 
3 1 0 4.560066896117694 12.120713276484643 
2 0 0 2.021731211591 15.063120514193715 
3 0 0 6.122925617538925 13.589664283446051 
2 -1 0 2.021731211349252 15.063121277721038 
3 -1 0 6.122925617538927 13.589664283446051 
2 -2 0 3.4936830174259454 14.000000000000004 
3 -2 0 11.0 11.0 
2 -3 0 3.4936830174259494 14.000000000000005 
3 -3 0 11.0 11.0 
1 4 0 1.0 3.0 
1 3 0 0.9999999999999999 3.0 
1 2 0 0.4495810176542923 10.749677021590067 
1 1 0 0.4495810175585613 10.74967702159006 
1 0 0 0.6168631292582263 15.063121277695226 
1 -1 0 0.6168631292601862 15.063121277718936 
1 -2 0 0.9181284733558638 15.999999832063693 
1 -3 0 0.9181284733532262 15.999999999987692 
1 -4 0 2.673962371124313 11.999999999999968 
2 -4 0 6.267949192431122 9.732050807568875 
1 -5 0 2.673962371124306 11.999999999999932 
2 -5 0 6.267949192431121 9.732050807568879 
0 2 0 0.44958101749544843 8.930185013848854 
0 1 0 0.44958101749545004 8.930185013848845 
0 0 1 0.6168631292582216 13.71032720551075 
0 -1 1 0.6168631292582261 13.710327745620559 
0 -2 1 0.6308657743935538 15.999999986466793 
0 -3 1 0.6308657744439473 15.999999982302153 
0 -4 0 0.4740338277815107 13.999999698668763 
0 -5 0 0.47403382760431456 13.99999991411862 
0 -6 0 2.5022123370469367 9.560237518882726 
1 -6 0 5.0 7.0 
0 -7 0 2.502212337046935 9.56023751888272 
1 -7 0 4.999999999999999 7.0 
-1 2 0 3.0 5.0 
-1 1 0 3.000000000000001 5.0 
-1 0 0 0.7791451961251993 11.999999991092153 
-1 -1 0 0.7791451961252047 11.99999999744003 
-1 -2 0 0.29825715531630714 15.744093666579378 
-1 -3 0 0.2982571556026471 15.744093587642764 
-1 -4 0 0.4740338276048233 15.73568477992238 
-1 -5 0 0.4740338276042273 15.7356854515118 
-1 -6 0 0.9659328252646607 11.72118357886954 
-1 -7 0 0.9659328252646473 11.721183343972822 
-2 0 0 3.0000000000000013 9.795050084200376 
-2 -1 0 3.0000000000000044 9.79505008420038 
-2 -2 0 0.2982571553101672 13.999999680990877 
-2 -3 0 0.2982571553101671 13.999999824158854 
-2 -4 1 0.5656206364499673 15.999999538352954 
-2 -5 1 0.565620636449969 15.999999996084254 
-2 -6 1 0.5677437023228008 13.584229059170445 
-2 -7 1 0.5677437023228072 13.58422907033639 
-2 -8 0 0.43486693478780825 8.585683598642248 
-1 -8 0 2.9999999999999996 5.0 
-2 -9 0 0.4348669347878065 8.585683598642243 
-1 -9 0 3.0 5.0 
-3 0 0 4.999999999999999 6.999999999999999 
-3 -1 0 4.999999999999999 7.0 
-3 -2 0 2.570854081350649 11.828427123636368 
-3 -3 0 2.5708540813506477 11.828427124483227 
-3 -4 0 0.726971494498424 15.999999981203999 
-3 -5 0 0.7269714944961545 15.999999954319378 
-3 -6 0 0.5677437023228025 15.063603854354026 
-3 -7 0 0.5677437023228117 15.063603818283953 
-3 -8 0 0.4348669347904952 10.306124771083633 
-3 -9 0 0.43486693478861055 10.306124771083638 
-4 -2 0 6.2679491924311215 9.732050807568877 
-4 -3 0 6.267949192431123 9.732050807568875 
-4 -4 0 3.600701274288319 12.999999999999998 
-4 -5 0 3.6007012742883195 13.000000000000002 
-4 -6 0 1.371387455197362 15.063603776710341 
-4 -7 0 1.3713874551970269 15.06360385435817 
-4 -8 0 0.9147276832143313 11.701562118716424 
-4 -9 0 0.9147276832143301 11.701562118716426 
-4 -10 0 0.9999999999999999 3.0 
-3 -10 0 1.0 3.0 
-4 -11 0 1.0000000000000002 3.0 
-3 -11 0 1.0000000000000002 3.0 
-5 -4 0 11.0 11.0 
-5 -5 0 11.0 11.0 
-5 -6 0 6.535898384862245 13.464101615137753 
-5 -7 0 6.535898384862244 13.464101615137757 
-5 -8 0 5.0 11.701562118716426 
-5 -9 0 4.999999999999998 11.701562118716424 
-5 -10 0 3.0 3.0 
-5 -11 0 3.0 3.0 
