3 7 0 1.5857864376269053 5.000000000000001 
4 7 0 5.0 5.0 
3 6 0 1.5857864376269049 5.0 
4 6 0 5.0 5.0 
3 5 0 1.9766877568813244 15.989979929698565 
4 5 0 5.688584053825323 15.989979929698563 
3 4 0 1.9766877603794393 15.989979929698563 
4 4 0 5.688584053825325 15.989979929698563 
3 3 0 2.719903423878606 17.905902613718144 
4 3 0 6.804223919703579 16.429644579817694 
3 2 0 2.7199034212484188 17.905902615371033 
4 2 0 6.804223919703578 16.429644579817683 
3 1 0 3.8885799951848368 17.979261508487525 
4 1 0 8.594875162046675 16.40512483795333 
3 0 0 3.8885799954191147 17.97926143237916 
4 0 0 8.594875162046671 16.40512483795333 
3 -1 0 5.5385283868826765 16.999999983435952 
4 -1 0 15.0 15.0 
3 -2 0 5.538528387044219 16.999999931054557 
4 -2 0 15.0 15.0 
2 7 0 1.5857864376269042 5.000000000000001 
2 6 0 1.5857864376269046 5.0 
2 5 0 0.3473255254238088 13.996845631450265 
2 4 0 0.3473255254197596 13.996845667784937 
2 3 0 0.6942042175990202 17.9059022235669 
2 2 0 0.6942042174070272 17.905902534517523 
2 1 0 1.217407813770786 19.11675417522605 
2 0 0 1.2174078137707414 19.116752558690326 
2 -1 0 2.195177137142885 18.99999999190104 
2 -2 0 2.1951771380128853 18.999999995701806 
2 -3 0 3.8791444717011103 15.766521726876796 
3 -3 0 7.694102470666571 13.785667011198004 
2 -4 0 3.879144471701089 15.766521655108944 
3 -4 0 7.694102470666569 13.785667011198 
1 7 0 1.5857864376269044 4.414213562373095 
1 6 0 1.5857864376269055 4.414213562373095 
1 5 0 0.34732552541976197 12.325411565583284 
1 4 0 0.34732552541976963 12.325411564406446 
1 3 0 0.13467303732193478 16.48684857146994 
1 2 0 0.13467303731393634 16.486848557985237 
1 1 0 0.2191166748000786 19.116754079650555 
1 0 0 0.21911667484017464 19.11675405922059 
1 -1 0 1.0122134019916078 19.69507482928465 
1 -2 0 1.012213402724318 19.69507553195845 
1 -3 0 2.0462695845148344 16.99999999202863 
1 -4 0 2.046269584521138 16.99999918609949 
1 -5 0 3.5923883855275296 13.459362471590225 
2 -5 0 5.96847961322329 11.483025561194426 
1 -6 0 3.592388385527398 13.459362461174283 
2 -6 0 5.968479613223289 11.483025561194426 
0 5 0 1.6042385213072137 9.92193836661013 
0 4 0 1.60423852130721 9.921938366610128 
0 3 0 0.13467303731247152 14.579761145289964 
0 2 0 0.1346730373124636 14.579762294361197 
0 1 1 0.21911667480004762 18.482274029402994 
0 0 1 0.2191166748000494 18.482274343422656 
0 -1 1 0.36394509019129173 19.69509755129623 
0 -2 1 0.3639450901913 19.695083109838215 
0 -3 0 0.7675010815304084 18.999999994577355 
0 -4 0 0.7675010809198966 18.99999998532902 
0 -5 0 2.140572750278291 15.769816423515996 
0 -6 0 2.140572750225505 15.769816434150354 
0 -7 0 4.495341935742587 9.839763800141528 
1 -7 0 5.585786437626904 8.414213562373096 
0 -8 0 4.495341935742589 9.839763800141531 
1 -8 0 5.585786437626905 8.414213562373096 
-1 5 0 5.0 5.0 
-1 4 0 5.0 5.0 
-1 3 0 1.5854037124411753 12.750376685739075 
-1 2 0 1.585403712437338 12.750376685730705 
-1 1 0 0.5254930793935826 16.73592448573363 
-1 0 0 0.525493079526106 16.735924281092178 
-1 -1 0 0.1600720043652789 19.695103428594553 
-1 -2 0 0.16007200440033897 19.69510294220333 
-1 -3 0 0.31661159611258227 19.695128925781514 
-1 -4 0 0.31661159611226014 19.695128900651262 
-1 -5 0 1.3309694197010666 16.555099161068537 
-1 -6 0 1.3309694225557505 16.55509951916172 
-1 -7 0 3.0000000026680036 12.747640031470004 
-1 -8 0 3.000000000000008 12.74764003147671 
-2 3 0 4.47690440936833 8.44129091041246 
-2 2 0 4.476904409368328 8.44129091041246 
-2 1 0 1.2966402317809542 14.848080446294343 
-2 0 0 1.2966402317883008 14.848080405152583 
-2 -1 0 0.1600720043598724 18.780759320550626 
-2 -2 0 0.16007200435987418 18.780759968067592 
-2 -3 1 0.316611596112116 19.99999898069477 
-2 -4 1 0.3166115961121171 19.999996984760084 
-2 -5 1 0.6384806108738091 18.429059614746897 
-2 -6 1 0.638480610873804 18.429059556936632 
-2 -7 0 0.9938130213216317 14.746129690996213 
-2 -8 0 0.9938130213216363 14.746129723698806 
-2 -9 0 3.0000000000000004 6.0 
-1 -9 0 5.0 5.0 
-2 -10 0 3.0 6.0 
-1 -10 0 5.0 5.0 
-3 1 0 5.476904409368333 11.441290910412457 
-3 0 0 5.476904409368329 11.441290910412459 
-3 -1 0 1.9164091918655533 16.8801110171144 
-3 -2 0 1.9164091918770183 16.88011098859648 
-3 -3 0 1.1433087702053308 19.99999708996968 
-3 -4 0 1.1433087699958993 19.99999978533274 
-3 -5 0 0.6384806108739876 19.077650357846156 
-3 -6 0 0.6384806108738893 19.077650725520034 
-3 -7 0 0.9938130214472217 15.512362199261096 
-3 -8 0 0.9938130213764608 15.51236222444541 
-3 -9 0 2.999999999999999 6.0 
-3 -10 0 2.9999999999999987 6.0 
-4 -1 0 6.875114580235426 13.761557181831888 
-4 -2 0 6.875114580235424 13.761557181831895 
-4 -3 0 3.0401299829655803 18.874470160765128 
-4 -4 0 3.0401299719984882 18.874469962734135 
-4 -5 0 2.2169840711356423 19.999999112110896 
-4 -6 0 2.216984069959755 19.99999999977418 
-4 -7 0 1.7000625126647573 16.552880617946876 
-4 -8 0 1.7000625126656972 16.552880588002367 
-4 -9 0 3.0 6.000000000000001 
-4 -10 0 3.0 6.000000000000001 
-5 -3 0 9.875114580235428 15.000000000000002 
-5 -4 0 9.875114580235428 15.0 
-5 -5 0 4.551580833200715 20.000000000000007 
-5 -6 0 4.551580833200725 20.0 
-5 -7 0 3.4174730514853455 17.123105625617665 
-5 -8 0 3.417473051485339 17.123105625617665 
-5 -9 0 3.0 6.0 
-5 -10 0 3.0 6.000000000000001 
-6 -5 0 16.0 16.0 
-6 -6 0 16.0 16.0 
-6 -7 0 8.87689437438234 17.12310562561766 
-6 -8 0 8.876894374382339 17.123105625617658 
-6 -9 0 6.0 6.0 
-6 -10 0 6.0 6.0 
