3 9 0 2.0 2.0 
4 9 0 2.0 2.0 
3 8 0 2.0 2.0 
4 8 0 2.0 2.0 
3 7 0 1.0625239731686844 7.907000548990551 
4 7 0 2.260986256591023 7.907000548990551 
3 6 0 1.0625239731686842 7.907000548990551 
4 6 0 2.260986256591025 7.907000548990551 
3 5 0 1.1656330652465183 11.87819575590996 
4 5 0 3.479023140743217 11.878195755909957 
3 4 0 1.1656330652709779 11.878195755909955 
4 4 0 3.4790231407432204 11.87819575590996 
3 3 0 1.835154021683306 13.085664440519944 
4 3 0 5.739152064443061 11.260847935556939 
3 2 0 1.8351540216830844 13.085664459512703 
4 2 0 5.739152064443063 11.260847935556939 
3 1 0 4.095046358596762 11.000000000000005 
4 1 0 9.0 9.0 
3 0 0 4.0950463585967665 11.000000000000005 
4 0 0 9.0 9.0 
2 9 0 2.0 2.0 
2 8 0 2.0 2.0 
2 7 0 1.0625239731686837 7.362795434315851 
2 6 0 1.0625239731686846 7.36279543431585 
2 5 0 0.43200396021666626 11.840279834864358 
2 4 0 0.4320039602166567 11.840279046042994 
2 3 0 0.6842622718253959 13.493927422429493 
2 2 0 0.6842622719061614 13.493927395386809 
2 1 0 1.4739027455733447 12.999999984119414 
2 0 0 1.4739027455733469 12.999999805258012 
2 -1 0 2.6889167856169527 9.65544238154983 
3 -1 0 7.0 7.0 
2 -2 0 2.68891678561695 9.655442381549827 
3 -2 0 6.999999999999999 7.0 
1 7 0 1.5857864376269044 6.732050807568877 
1 6 0 1.5857864376269042 6.7320508075688785 
1 5 0 0.4320039602166457 11.327594664911118 
1 4 0 0.43200396021664556 11.327594649361666 
1 3 1 0.684262271821554 13.493927422759775 
1 2 1 0.6842622718215567 13.493927424136055 
1 1 1 0.8286258299593455 13.743102486924037 
1 0 1 0.8286258299593455 13.743102441153521 
1 -1 0 0.6894599528359284 11.655442380785209 
1 -2 0 0.689459952836392 11.655442380410761 
1 -3 0 2.9999999999999996 7.000000000000001 
2 -3 0 5.0 5.0 
1 -4 0 3.0000000000000004 7.000000000000002 
2 -4 0 5.0 5.0 
0 7 0 4.0 4.0 
0 6 0 4.0 4.0 
0 5 0 1.9602462034280617 9.732050807568877 
0 4 0 1.9602462034280608 9.732050807568871 
0 3 0 1.0654094837837729 12.57413728750218 
0 2 0 1.065409484843196 12.574137294745091 
0 1 0 0.4150176014558298 13.757602296828745 
0 0 0 0.41501760145581773 13.757602372809886 
0 -1 0 0.689459952835652 12.441517580303342 
0 -2 0 0.6894599528355361 12.441517583557273 
0 -3 0 1.6801764080558539 8.41485968450761 
0 -4 0 1.680176408055854 8.414859684507617 
-1 5 0 3.5857864376269055 7.0 
-1 4 0 3.5857864376269055 6.999999999999999 
-1 3 0 1.5439383740312689 11.732050807389559 
-1 2 0 1.5439383740239216 11.732050807546837 
-1 1 0 0.4150176014558757 13.757602525779605 
-1 0 0 0.4150176014559252 13.757602526831997 
-1 -1 1 0.7055097569767046 12.990926162580774 
-1 -2 1 0.7055097569767079 12.990926167042671 
-1 -3 1 1.1197161574915229 9.443167307655164 
-1 -4 1 1.1197161574915275 9.443167304800467 
-1 -5 0 1.0 4.0 
0 -5 0 3.0 3.0 
-1 -6 0 1.0 4.0 
0 -6 0 3.0 3.0 
-2 3 0 5.585786437626904 9.0 
-2 2 0 5.585786437626905 9.0 
-2 1 0 2.641747418447812 12.999999999999996 
-2 0 0 2.641747418447814 13.000000000000004 
-2 -1 0 1.644664278118259 12.990924715895336 
-2 -2 0 1.6446642781426768 12.99092610509199 
-2 -3 0 1.1197161574915266 9.681330643604978 
-2 -4 0 1.119716157491526 9.681330643604978 
-2 -5 0 1.0000000000000007 4.0 
-2 -6 0 1.0 4.0 
-3 1 0 11.0 11.0 
-3 0 0 11.0 11.0 
-3 -1 0 7.35424868893541 12.645751311064592 
-3 -2 0 7.3542486889354075 12.64575131106459 
-3 -3 0 4.676595723913522 9.681330643604976 
-3 -4 0 4.676595723913524 9.681330643604976 
-3 -5 0 4.0 4.0 
-3 -6 0 4.0 4.0 
