1 1 0 2.0000000000000004 5.0 
2 1 0 5.0 5.0 
1 0 0 2.000000000000001 5.000000000000001 
2 0 0 5.0 5.0 
1 -1 0 2.105273641226113 11.561552812808833 
2 -1 0 7.43844718719117 11.56155281280883 
1 -2 0 2.1052736412261117 11.561552812808829 
2 -2 0 7.43844718719117 11.56155281280883 
1 -3 0 2.8879449456880595 14.0 
2 -3 0 12.0 12.0 
1 -4 0 2.8879449456880586 14.000000000000002 
2 -4 0 12.0 12.0 
0 1 1 1.9999999999999998 5.000000000000001 
0 0 1 1.9999999999999996 5.0 
0 -1 2 0.49704333829537856 11.089708997897521 
0 -2 2 0.4970433382953757 11.08970898322738 
0 -3 1 0.38924139475098396 13.99999999951443 
0 -4 1 0.3892413947509831 13.999999999881746 
0 -5 0 0.4275399572165075 11.99999999995135 
1 -5 0 6.585786437626905 10.0 
0 -6 0 0.427539957211465 11.999999999811724 
1 -6 0 6.585786437626904 10.0 
-1 1 0 2.0000000000000004 4.0 
-1 0 0 2.0 4.0 
-1 -1 0 0.4970433383050286 9.801944047781461 
-1 -2 0 0.4970433382976957 9.801944047781454 
-1 -3 0 0.38924139475100233 13.41106633529995 
-1 -4 0 0.38924139475102504 13.411066329199691 
-1 -5 0 0.4275399572107542 13.734637215908633 
-1 -6 0 0.4275399572107538 13.734637179044753 
-1 -7 0 0.7809026453526435 10.0 
0 -7 0 2.5857864376269046 7.999999999999997 
-1 -8 0 0.7809026453531467 9.99999879882381 
0 -8 0 2.585786437626905 7.999999999999997 
-2 -1 0 2.000000000000001 8.732050807568877 
-2 -2 0 2.000000000000001 8.732050807568877 
-2 -3 1 0.9874014404245542 11.99999986867946 
-2 -4 1 0.987401440424554 11.999999981876407 
-2 -5 2 0.7183756257375835 13.999999877671609 
-2 -6 2 0.7183756257375825 13.99999982410889 
-2 -7 1 0.4222407320074786 11.78975077735639 
-2 -8 1 0.42224073200747814 11.78975077238928 
-2 -9 0 0.4103357165539484 7.877074382461073 
-1 -9 0 3.0 5.0 
-2 -10 0 0.410335716553948 7.877074382461075 
-1 -10 0 3.0000000000000004 5.0 
-3 -1 0 3.999999999999999 5.999999999999999 
-3 -2 0 3.999999999999999 6.0 
-3 -3 0 1.9084017667221984 10.828427124682607 
-3 -4 0 1.9084017667222002 10.828427124745437 
-3 -5 0 0.5462414277561302 13.999999999994948 
-3 -6 0 0.5462414277559933 13.999999007873019 
-3 -7 0 0.42224073201079754 13.212580773608055 
-3 -8 0 0.42224073201144346 13.212580356526939 
-3 -9 0 0.41033571655394924 9.84332661658554 
-3 -10 0 0.41033571655394335 9.843326616585536 
-4 -3 0 5.267949192431124 8.732050807568879 
-4 -4 0 5.267949192431122 8.732050807568879 
-4 -5 0 2.5902168966017913 12.0 
-4 -6 0 2.59021689660179 11.999999999999998 
-4 -7 0 1.1752657427365156 13.212580770258457 
-4 -8 0 1.1752657427371318 13.2125807448463 
-4 -9 0 0.8730096257201712 11.274917217635375 
-4 -10 0 0.873009625720171 11.274917217635371 
-4 -11 0 0.9999999999999998 3.0 
-3 -11 0 1.0 3.0 
-4 -12 0 0.9999999999999998 3.0 
-3 -12 0 1.0 3.0 
-5 -5 0 10.0 10.0 
-5 -6 0 10.0 10.0 
-5 -7 0 5.298437881283575 11.701562118716424 
-5 -8 0 5.298437881283576 11.701562118716424 
-5 -9 0 3.725082782364625 11.274917217635377 
-5 -10 0 3.725082782364624 11.274917217635375 
-5 -11 0 3.0 3.0 
-5 -12 0 3.0 3.0 
