4 14 0 2.0 2.0 
5 14 0 2.0 2.0 
4 13 0 2.0 2.0 
5 13 0 2.0 2.0 
4 12 0 0.49823015109608343 6.999999999999999 
5 12 0 3.0000000000000004 7.0 
4 11 0 0.4982301510960822 6.999999999999999 
5 11 0 3.0 7.0 
4 10 0 1.3578534784795 9.349369556912855 
5 10 0 4.438447187191168 8.56155281280883 
4 9 0 1.3578534784794976 9.349369556912857 
5 9 0 4.43844718719117 8.561552812808829 
4 8 0 2.5505102572168217 8.094119734774878 
5 8 0 7.0 7.0 
4 7 0 2.5505102572168217 8.094119734774878 
5 7 0 7.0 7.0 
3 14 0 2.0 2.0 
3 13 0 2.0 2.0 
3 12 0 0.4982301510960836 6.436010714004157 
3 11 0 0.4982301510960824 6.436010714004155 
3 10 1 1.2841624536991658 9.349369556912858 
3 9 1 1.284162453699165 9.349369556912864 
3 8 0 0.2706989968976037 9.999999999990033 
3 7 0 0.270698996897521 9.999999999991445 
3 6 0 1.669941260432017 6.4908636153610315 
4 6 0 4.000000000000001 6.0 
3 5 0 1.6699412604320172 6.4908636153610315 
4 5 0 4.0 6.000000000000002 
2 12 0 3.0 6.0 
2 11 0 2.9999999999999996 6.0 
2 10 0 1.2841624536991645 8.65205462840932 
2 9 0 1.2841624536991638 8.652054628409324 
2 8 0 0.27069899689752136 9.999999999999995 
2 7 0 0.270698996898027 9.99999984700592 
2 6 1 1.6699412604320163 8.999999999999996 
2 5 1 1.6699412604320178 9.000000000000002 
2 4 0 3.0 3.0 
3 4 0 3.0 3.0 
2 3 0 3.0 3.0 
3 3 0 3.0 3.0 
1 10 0 5.0 8.0 
1 9 0 4.999999999999999 8.0 
1 8 0 1.5930301381823613 9.141113174740228 
1 7 0 1.5930301381823584 9.141113174740227 
1 6 0 0.4563043565199258 9.000000000000004 
1 5 0 0.4563043565199217 9.0 
1 4 0 0.6791155005525144 6.672823701000947 
1 3 0 0.6791155005525134 6.672823701000949 
0 10 0 5.0 5.0 
0 9 0 5.0 5.0 
0 8 0 1.8204131984412761 8.179586801558726 
0 7 0 1.8204131984412748 8.179586801558727 
0 6 0 0.45630435651992574 8.888954061306299 
0 5 0 0.45630435651992324 8.8889540613063 
0 4 1 0.6791155005525128 6.672823701000949 
0 3 1 0.679115500552514 6.672823701000948 
