1 5 0 0.9999999999999998 3.0 
2 5 0 3.0 3.0 
1 4 0 1.0 3.0 
2 4 0 3.0 3.0 
1 3 0 0.8091148624958706 7.302775637731996 
2 3 0 3.6972243622680048 7.302775637731995 
1 2 0 0.8091148624958712 7.302775637731994 
2 2 0 3.6972243622680057 7.302775637731995 
1 1 0 1.2748393837314544 7.684788070214194 
2 1 0 7.0 7.0 
1 0 0 1.2748393837314544 7.684788070214194 
2 0 0 7.0 7.0 
0 5 0 1.0 3.0 
0 4 0 1.0000000000000002 3.0 
0 3 1 0.8091148624958711 6.526342079476946 
0 2 1 0.8091148624958702 6.526342079476948 
0 1 2 1.2748393837314536 7.684788070214195 
0 0 2 1.2748393837314536 7.684788070214193 
0 -1 1 0.8091148624958701 6.5263420794769464 
1 -1 0 2.2679491924311233 5.732050807568878 
0 -2 1 0.8091148624958715 6.526342079476947 
1 -2 0 2.2679491924311233 5.732050807568878 
-1 3 0 2.2679491924311224 5.732050807568879 
-1 2 0 2.267949192431123 5.732050807568878 
-1 1 0 1.2748393837314531 7.684788070214193 
-1 0 0 1.2748393837314533 7.684788070214194 
-1 -1 0 0.809114862495872 7.302775637731995 
-1 -2 0 0.8091148624958708 7.302775637731995 
-1 -3 0 1.0 3.0000000000000004 
0 -3 0 0.9999999999999999 3.0 
-1 -4 0 1.0 3.0 
0 -4 0 0.9999999999999998 3.0 
-2 1 0 7.0 7.0 
-2 0 0 7.0 7.0 
-2 -1 0 3.6972243622680057 7.302775637731995 
-2 -2 0 3.6972243622680048 7.302775637731995 
-2 -3 0 3.0 3.0 
-2 -4 0 3.0 3.0 
