4 12 0 1.0000000000000002 4.0 
5 12 0 4.0 4.0 
4 11 0 0.9999999999999994 4.0 
5 11 0 4.0 4.0 
4 10 0 1.011572945282185 11.568549700418425 
5 10 0 4.282808352670745 11.568549700418423 
4 9 0 1.0115729438341994 11.568549700418423 
5 9 0 4.282808352670747 11.56854970041843 
4 8 0 1.2509993104552204 14.566502400569888 
5 8 0 4.723621222671518 14.566502794938097 
4 7 0 1.2509993118359122 14.566502543038249 
5 7 0 4.7236212226715155 14.566502794938096 
4 6 0 1.7560405824540288 16.55801116943467 
5 6 0 5.8462599529121455 16.485146872932894 
4 5 0 1.7560405826411147 16.558011169253184 
5 5 0 5.846259952912153 16.485146872932905 
4 4 0 2.6861013415868364 17.489536295326385 
5 4 0 7.328211781898784 16.702043226967266 
4 3 0 2.6861013422742532 17.489535416490995 
5 3 0 7.328211781898787 16.702043226967263 
4 2 0 4.06596852718116 16.486080988333274 
5 2 0 9.307895829880424 15.644016891323915 
4 1 0 4.065968527171121 16.486080981036746 
5 1 0 9.307895829880419 15.644016891323918 
4 0 0 5.7845936354364 14.898021736786278 
5 0 0 14.0 14.0 
4 -1 0 5.784593638080559 14.89802253650151 
5 -1 0 14.0 14.0 
3 12 0 1.0 4.0 
3 11 0 1.0000000000000002 3.9999999999999996 
3 10 1 1.0115729438341996 9.80770645953248 
3 9 1 1.0115729438448997 9.807706455009814 
3 8 0 0.13858958266814203 14.505850251837993 
3 7 0 0.13858958267079066 14.505850738865584 
3 6 0 0.49507531542691474 16.55801113915666 
3 5 0 0.49507531543631694 16.558010840669315 
3 4 0 1.1333179010870034 18.068144219989094 
3 3 0 1.1333179010882453 18.06867245144162 
3 2 0 1.8394655808092468 17.376491567928237 
3 1 0 1.839465579877073 17.37649289515076 
3 0 0 3.1299048056838426 15.757340218780097 
3 -1 0 3.1299048043329414 15.757340287869111 
3 -2 0 4.684855647851755 13.743976015159161 
4 -2 0 7.875114580235427 12.76155718183189 
3 -3 0 4.6848555999413115 13.743976005792977 
4 -3 0 7.875114580235426 12.761557181831892 
2 12 0 3.0 3.0 
2 11 0 3.0 3.0 
2 10 0 1.1259906424256407 8.408115156466833 
2 9 0 1.1259906422674424 8.408115157267977 
2 8 0 0.13858958266529267 13.055686995381729 
2 7 0 0.1385895826651969 13.05568700181664 
2 6 1 0.49507531542713884 16.519707223582856 
2 5 1 0.49507531549877853 16.519707392215302 
2 4 0 0.3040508739616277 18.12079695920513 
2 3 0 0.30405087395386915 18.122264994733325 
2 2 0 0.9377950940297819 19.060832628857323 
2 1 0 0.9377950953275306 19.060832629172747 
2 0 0 2.1972404384415984 17.99999999987364 
2 -1 0 2.197240436028503 17.999999999926715 
2 -2 0 3.5509330276218636 14.62852572623458 
2 -3 0 3.5509330271469985 14.628525293925922 
2 -4 0 5.172518131512274 12.437683124275834 
3 -4 0 6.4769044093683315 10.441290910412462 
2 -5 0 5.17251813151212 12.437683124275832 
3 -5 0 6.47690440936833 10.441290910412462 
1 10 0 3.381966011250104 6.618033988749896 
1 9 0 3.381966011250107 6.618033988749895 
1 8 0 1.369207086905819 11.791757889979618 
1 7 0 1.3692070837481463 11.791758123827076 
1 6 0 0.5334946356499609 15.262520096119898 
1 5 0 0.5334946350079192 15.262520007697674 
1 4 0 0.3040508739666549 18.122254081712878 
1 3 0 0.30405087408623466 18.12226533115757 
1 2 0 0.7098302999484056 19.31862542713093 
1 1 0 0.7098302999529562 19.32046189477799 
1 0 0 1.77663239182869 18.67517802413935 
1 -1 0 1.7766323894424847 18.675177949514772 
1 -2 0 3.1675367233833063 15.771681756198152 
1 -3 0 3.1675367236235235 15.771681759914822 
1 -4 0 4.841958908908003 13.201395604104583 
1 -5 0 4.841958914670884 13.201395636729151 
1 -6 0 7.0 7.0 
2 -6 0 7.0 7.0 
1 -7 0 7.0 7.0 
2 -7 0 7.0 7.0 
0 8 0 3.9677524488770053 10.032247551122982 
0 7 0 3.967752448877008 10.032247551122987 
0 6 0 1.1092829150077768 14.153423481458796 
0 5 0 1.1092829150063448 14.153423402708682 
0 4 1 1.0483975595786579 16.814519924804472 
0 3 1 1.0483975595790247 16.81451901467491 
0 2 1 0.4382180200904677 19.320486799069393 
0 1 1 0.43821802009046157 19.31867234665207 
0 0 0 0.2618461504256653 19.37910855184103 
0 -1 0 0.26184615043192466 19.37910954741477 
0 -2 0 0.9348751256336204 17.793094420274354 
0 -3 0 0.9348751256320889 17.793094420709185 
0 -4 0 2.4775400651575854 13.980490339538479 
0 -5 0 2.4775400651579846 13.980490340039527 
0 -6 0 7.0 7.0 
0 -7 0 6.999999999999999 7.000000000000001 
-1 6 0 4.772179934979527 12.414213562355181 
-1 5 0 4.7721799349787295 12.41421356234001 
-1 4 0 1.2973922793161181 15.99999999349461 
-1 3 0 1.2973922793161787 15.999999586687816 
-1 2 0 0.4382180200907832 18.76145201712283 
-1 1 0 0.4382180204661484 18.763929088056443 
-1 0 0 0.26184615042675247 19.808197633495162 
-1 -1 0 0.2618461504254977 19.80817461302508 
-1 -2 0 0.7955136283785466 18.371696799252014 
-1 -3 0 0.7955136283785221 18.371696726520415 
-1 -4 0 2.47501576179995 14.897141449274537 
-1 -5 0 2.475015890235066 14.89714144941587 
-1 -6 0 7.0 7.0 
-1 -7 0 7.0 7.0 
-2 4 0 6.186393497351671 13.999999999999995 
-2 3 0 6.186393497351669 14.000000000000002 
-2 2 0 1.9877763921614884 16.99999998502873 
-2 1 0 1.9877763913491528 16.999999018467353 
-2 0 0 1.5146651477721502 19.80797476071324 
-2 -1 0 1.514665147771915 19.80812827187824 
-2 -2 0 0.7955136283826179 19.078753143279428 
-2 -3 0 0.7955136284008157 19.078753151769526 
-2 -4 0 2.4711293393997105 15.867148970278835 
-2 -5 0 2.47112933945551 15.867148891670183 
-2 -6 0 7.0 7.0 
-2 -7 0 7.0 7.0 
-3 2 0 7.999999999999997 15.000000000000004 
-3 1 0 8.0 15.000000000000002 
-3 0 0 4.008512832878348 18.999999784813483 
-3 -1 0 4.008512832877812 18.999999020310536 
-3 -2 0 2.854743102781057 19.999999996856033 
-3 -3 0 2.854743102761661 19.999999998927954 
-3 -4 0 2.4711293396219625 16.18009483262244 
-3 -5 0 2.471129339405613 16.180094833187514 
-3 -6 0 6.999999999999999 7.0 
-3 -7 0 6.999999999999999 7.0 
-4 0 0 12.0 16.0 
-4 -1 0 12.0 16.000000000000004 
-4 -2 0 6.318917899499327 20.000000000000007 
-4 -3 0 6.3189178994993345 20.0 
-4 -4 0 5.053932596046593 16.54138126514533 
-4 -5 0 5.053932596046591 16.541381265128322 
-4 -6 0 6.999999999999999 7.0 
-4 -7 0 7.0 7.0 
-5 -2 0 17.0 17.0 
-5 -3 0 17.0 17.0 
-5 -4 0 10.458618734850889 16.541381265149113 
-5 -5 0 10.45861873485089 16.54138126514911 
-5 -6 0 7.0 7.0 
-5 -7 0 7.0 7.0 
