3 9 0 1.9999999999999993 4.0 
4 9 0 4.0 4.0 
3 8 0 2.0 4.0 
4 8 0 4.0 4.0 
3 7 0 1.6875581617061672 9.143864424182835 
4 7 0 5.216003272537769 9.14386442575286 
3 6 0 1.6875581617061617 9.14386441850889 
4 6 0 5.216003272537769 9.143864425752858 
3 5 0 2.4158248904192794 12.75323686353295 
4 5 0 6.773367207097579 12.701978288647815 
3 4 0 2.41582489694921 12.753236863530743 
4 4 0 6.7733672070975794 12.701978288647812 
3 3 0 3.6452920381719593 14.761001443123385 
4 3 0 8.645054700707577 13.81758373820647 
3 2 0 3.6452920381720078 14.76100144216898 
4 2 0 8.645054700707577 13.817583738206466 
3 1 0 5.332935739248543 13.029057892549867 
4 1 0 12.0 12.0 
3 0 0 5.332935739248544 13.02905789630644 
4 0 0 12.0 12.0 
2 9 0 2.0 4.0 
2 8 0 1.9999999999999996 4.0 
2 7 0 0.9031221167958179 8.941722757031078 
2 6 0 0.9031221162557891 8.941722851530574 
2 5 0 0.6603346182227879 12.753236752222175 
2 4 0 0.6603346186014806 12.753236703580587 
2 3 0 0.8150225119274391 15.062619534220513 
2 2 0 0.8150225119708503 15.062619731925222 
2 1 0 1.6534901881122657 14.999999834285585 
2 0 0 1.6534901881122555 14.999999703731607 
2 -1 0 3.100385996453632 11.806011126308142 
3 -1 0 7.267949192431123 10.732050807568879 
2 -2 0 3.1003859964536393 11.806010777574802 
3 -2 0 7.267949192431123 10.732050807568877 
1 9 0 2.0000000000000004 4.0 
1 8 0 1.9999999999999998 4.0 
1 7 0 0.903122115791221 8.842141051782997 
1 6 0 0.9031221158017358 8.842141051782914 
1 5 1 0.6603346181871941 11.847474657819633 
1 4 1 0.6603346181871912 11.847531127199817 
1 3 2 0.8150225119215897 15.062619736525047 
1 2 2 0.8150225119215897 15.06261973680953 
1 1 1 0.5045906387036454 15.72572902552316 
1 0 1 0.5045906387036453 15.72572902068177 
1 -1 0 0.5384818668972464 13.732050807546987 
1 -2 0 0.5384818668973185 13.73205080754982 
1 -3 0 1.9217290199728279 9.494553532677411 
2 -3 0 5.267949192431122 8.732050807568875 
1 -4 0 1.9217290199728299 9.494553532677406 
2 -4 0 5.267949192431122 8.732050807568877 
0 7 0 2.518805695907985 8.170086486626033 
0 6 0 2.5188056959079823 8.170086486626035 
0 5 0 1.4200875527894563 11.464579392233466 
0 4 0 1.4200875527161048 11.464579408795244 
0 3 0 0.7206285663690898 14.123318656824459 
0 2 0 0.7206285674377366 14.123317931940433 
0 1 0 0.504590638705077 15.725729161765548 
0 0 0 0.5045906387181851 15.725729205620748 
0 -1 0 0.5384818668972459 14.423541205045801 
0 -2 0 0.5384818668975712 14.423541206493715 
0 -3 0 1.839486739166292 10.999999999989482 
0 -4 0 1.8394867391660503 10.999999999992777 
0 -5 0 3.9999999999999996 6.0 
1 -5 0 4.000000000000001 6.0 
0 -6 0 3.9999999999999987 6.0 
1 -6 0 3.999999999999999 6.0 
-1 5 0 2.2142023807401983 10.170086486626033 
-1 4 0 2.2142023807402005 10.17008648662603 
-1 3 0 0.899480858284285 13.464204113988446 
-1 2 0 0.8994808582842975 13.464204106857823 
-1 1 1 0.625355966578196 15.532592809604877 
-1 0 1 0.6253559665782009 15.532592811131844 
-1 -1 2 0.852975580181161 15.219024962533659 
-1 -2 2 1.105702955359227 15.219024969734004 
-1 -3 1 0.9550570438101008 12.237927186304542 
-1 -4 1 0.9550570438101026 12.23792718636706 
-1 -5 0 1.0000000000000007 7.0 
-1 -6 0 0.9999999999999998 6.999999999999999 
-2 3 0 3.5721211276292557 12.000000000000002 
-2 2 0 3.5721211276292557 11.999999999999998 
-2 1 0 1.8024036458193204 14.726998493060217 
-2 0 0 1.8024036458193293 14.72699835669143 
-2 -1 0 1.105702955365413 15.7760983410685 
-2 -2 0 1.1057029553889488 15.776098341231709 
-2 -3 0 0.9550570438101199 13.205613531794725 
-2 -4 0 0.9550570438108045 13.205613503918935 
-2 -5 0 0.9999999999999994 7.000000000000001 
-2 -6 0 1.000000000000002 7.000000000000002 
-3 1 0 7.572121127629256 13.803542495682594 
-3 0 0 7.572121127629256 13.803542495682596 
-3 -1 0 4.726719549237376 15.776098341823507 
-3 -2 0 4.726719549237378 15.776098341864994 
-3 -3 0 3.3527190845881814 13.302775637731692 
-3 -4 0 3.352719084588182 13.302775637731273 
-3 -5 0 3.0000000000000013 7.000000000000001 
-3 -6 0 3.0000000000000004 7.0 
-4 -1 0 15.0 15.0 
-4 -2 0 15.0 15.0 
-4 -3 0 9.697224362268008 13.302775637731994 
-4 -4 0 9.697224362268004 13.302775637731996 
-4 -5 0 7.0 7.0 
-4 -6 0 7.0 7.0 
