2 6 1 2.0000000000000004 3.0 
3 6 0 3.0 3.0 
2 5 1 1.9999999999999996 3.0 
3 5 0 3.0 3.0 
2 4 1 0.930061141904104 9.000000000000005 
3 4 0 3.9999999999999996 9.0 
2 3 1 0.9300611419041055 9.000000000000002 
3 3 0 3.9999999999999996 9.0 
2 2 0 0.5830453263714438 10.000000000000002 
3 2 0 8.0 8.0 
2 1 0 0.5830453263714441 10.000000000000002 
3 1 0 8.0 8.0 
1 6 0 2.0 2.0 
1 5 0 2.0 2.0 
1 4 0 0.9300611419041062 7.725588448242582 
1 3 0 0.9300611419041044 7.725588448242582 
1 2 0 0.5830453263714771 9.999999999784087 
1 1 0 0.5830453263794487 9.999999999976046 
1 0 0 1.3653678719202598 7.814025693905066 
2 0 0 2.585786437626904 5.999999999999999 
1 -1 0 1.3653678719202587 7.814025693905065 
2 -1 0 2.585786437626904 6.000000000000001 
0 4 0 1.2019808294522434 5.450296206346293 
0 3 0 1.2019808294522436 5.450296206346291 
0 2 1 1.2639469775099212 9.999999999999995 
0 1 1 1.2639469775099226 10.0 
0 0 1 1.155666206746559 9.750555345892003 
0 -1 1 1.155666206746563 9.750555345892003 
0 -2 0 0.5188056959079841 4.170086486626035 
1 -2 0 3.0 3.0 
0 -3 0 0.5188056959079839 4.170086486626033 
1 -3 0 3.0 3.0 
-1 2 0 1.9193955994290732 7.809785920127421 
-1 1 0 1.9193955994290732 7.809785920127421 
-1 0 0 1.1556662067465646 10.000000000000002 
-1 -1 0 1.1556662067465637 9.999999999999998 
-1 -2 0 0.5188056959079846 5.000000000000002 
-1 -3 0 0.5188056959079844 5.0 
-2 0 0 10.0 10.0 
-2 -1 0 10.0 10.0 
-2 -2 0 5.0 5.0 
-2 -3 0 5.0 5.0 
