2 8 0 1.0 1.0 
3 8 0 1.0 1.0 
2 7 0 1.0 1.0 
3 7 0 1.0 1.0 
2 6 0 0.3819660112501052 7.470895516291018 
3 6 0 1.789815870116628 7.470895516291018 
2 5 0 0.38196601125010443 7.470895516291017 
3 5 0 1.7898158701166282 7.470895516291017 
2 4 0 0.49682697122412794 9.752991619907261 
3 4 0 2.763932022500211 9.645751311064588 
2 3 0 0.49682697122402353 9.75299161990726 
3 3 0 2.76393202250021 9.645751311064588 
2 2 0 1.8739515178525217 10.46454383923852 
3 2 0 4.104893484072471 9.29240158522462 
2 1 0 1.873951518505383 10.464543839238514 
3 1 0 4.10489348407247 9.29240158522462 
2 0 0 3.186393497351667 9.000000000000002 
3 0 0 7.0 7.0 
2 -1 0 3.1863934973516708 9.0 
3 -1 0 7.0 7.0 
1 6 0 0.38196601125010526 5.0 
1 5 0 0.381966011250105 4.999999999999998 
1 4 0 0.11385605890590353 9.752991619907235 
1 3 0 0.11385605890590235 9.752991619907258 
1 2 0 0.3465019816987657 11.692613329021125 
1 1 0 0.34650198169876234 11.69266674503193 
1 0 0 1.3891161415124866 9.999999999999481 
1 -1 0 1.3891161415152669 9.99999967821841 
1 -2 0 3.0 6.0 
2 -2 0 5.0 5.0 
1 -3 0 2.9999999999999996 5.999999999999999 
2 -3 0 5.0 5.0 
0 4 0 0.11385605890590289 7.7062045771425725 
0 3 0 0.11385605890590168 7.706204577142572 
0 2 1 0.34650198169876134 11.693034506781734 
0 1 1 0.34650198169876256 11.692377949060635 
0 0 1 0.3665514398822688 11.999999952756026 
0 -1 1 0.36655143988226646 11.999999898561683 
0 -2 0 2.0000000000000013 6.000000000000001 
0 -3 0 1.9999999999999991 6.000000000000001 
-1 2 0 2.2087121525220796 9.999999999999995 
-1 1 0 2.2087121525220823 9.999999999999996 
-1 0 0 0.3665514398822688 11.999999999993296 
-1 -1 0 0.36655143988226824 11.999999999990209 
-1 -2 0 1.8014767926017623 8.661600420368703 
-1 -3 0 1.8014767926017625 8.661600420368707 
-2 2 0 5.0 5.0 
-2 1 0 5.0 5.0 
-2 0 0 1.6074197900125127 12.000000000000002 
-2 -1 0 1.6074197900125147 12.000000000000005 
-2 -2 0 1.4750621894395564 11.524937810560449 
-2 -3 0 1.4750621894395564 11.524937810560445 
-3 0 0 7.0 7.0 
-3 -1 0 7.0 7.0 
-3 -2 0 1.4750621894395555 11.524937810560445 
-3 -3 0 1.475062189439556 11.524937810560445 
-3 -4 0 1.0 1.0 
-2 -4 0 1.0 1.0 
-3 -5 0 1.0 1.0 
-2 -5 0 1.0 1.0 
