2 4 0 3.9999999999999996 6.0 
3 4 0 6.0 6.0 
2 3 0 3.9999999999999996 6.000000000000001 
3 3 0 6.0 6.0 
2 2 0 3.0316431818845575 11.999999999999998 
3 2 0 12.0 12.0 
2 1 0 3.0316431818845575 11.999999999999996 
3 1 0 12.0 12.0 
1 4 0 2.0 6.0 
1 3 0 1.9999999999999996 6.0 
1 2 0 1.5048256166276186 11.127190635255568 
1 1 0 1.5048256166276184 11.127190894451338 
1 0 0 1.2801879476265807 11.533266422303537 
2 0 0 4.298437881283576 11.0 
1 -1 0 1.2801879475584665 11.533266252483996 
2 -1 0 4.298437881283577 10.999999999999996 
0 4 0 2.0 6.0 
0 3 0 1.9999999999999996 6.000000000000001 
0 2 0 0.5117677865563358 10.15788214249997 
0 1 0 0.5117677866846809 10.15788210803914 
0 0 0 0.4469322431936462 11.533266436717618 
0 -1 0 0.44693224319363584 11.533266402644383 
0 -2 0 0.40831963575142316 10.28765920743133 
1 -2 0 2.023015739850358 9.000000000000002 
0 -3 0 0.4083196357530291 10.287659252117642 
1 -3 0 2.0230157398503574 9.000000000000002 
-1 4 0 1.9999999999999998 6.0 
-1 3 0 2.0 5.999999999999999 
-1 2 0 0.5117677865161285 9.28595869653466 
-1 1 0 0.5117677865152948 9.285958678847798 
-1 0 1 0.4469322431935792 11.428242303104884 
-1 -1 1 0.44693224319357794 11.428242619506088 
-1 -2 3 0.6553139299314732 11.31074489378158 
-1 -3 3 0.6553139299314716 11.310744893781017 
-1 -4 3 1.8545558501170174 8.201472338219247 
0 -4 0 0.5981946981988026 7.000000000000001 
-1 -5 3 1.8545558501168362 8.201472338219238 
0 -5 0 0.5981946981988064 6.999999999999999 
-2 2 0 4.0 8.0 
-2 1 0 3.9999999999999996 8.0 
-2 0 0 2.4533070163223876 10.697916427119253 
-2 -1 0 2.4533070163223836 10.697916427119251 
-2 -2 0 1.5350867555275287 11.310744893782095 
-2 -3 0 1.535086755529192 11.310744419605584 
-2 -4 0 1.242896030504153 9.323404276086483 
-2 -5 0 1.2428960305041552 9.323404276086475 
-2 -6 0 2.0 4.0 
-1 -6 1 1.9999999999999998 4.0 
-2 -7 0 1.9999999999999993 4.0 
-1 -7 1 1.9999999999999998 4.0 
-3 0 0 10.0 10.0 
-3 -1 0 10.0 10.0 
-3 -2 0 5.75085946187045 11.10277504909664 
-3 -3 0 5.750859461870451 11.102775049096639 
-3 -4 0 4.318669356395022 9.323404276086478 
-3 -5 0 4.318669356395023 9.323404276086478 
-3 -6 0 4.0 4.0 
-3 -7 0 4.0 4.0 
