5 13 0 1.2679491924311224 6.000000000000003 
6 13 0 6.0 6.0 
5 12 0 1.267949192431123 6.0 
6 12 0 6.0 6.0 
5 11 0 1.9548681810301975 14.605551275463991 
6 11 0 7.394448724536012 14.60555127546399 
5 10 0 1.954868181030195 14.605551275463995 
6 10 0 7.394448724536009 14.60555127546399 
5 9 0 2.9342722093939613 16.0 
6 9 0 14.0 14.0 
5 8 0 2.9342722093939604 16.000000000000004 
6 8 0 14.0 14.0 
4 13 1 1.2679491924311228 5.414213562373095 
4 12 1 1.267949192431123 5.414213562373096 
4 11 2 1.2562263759777983 13.182865522582782 
4 10 2 1.256226375977798 13.182865519496058 
4 9 1 0.548750266819712 15.999999903653476 
4 8 1 0.5487502668197104 15.999999990484056 
4 7 0 1.1939557006856305 13.999999918517005 
5 7 0 4.889907928977183 11.999999999999998 
4 6 0 1.1939556993768337 13.999999781876395 
5 6 0 4.889907928977184 11.999999999999996 
3 13 0 4.0 4.0 
3 12 0 4.0 4.0 
3 11 0 1.256226375977804 11.621190291519284 
3 10 0 1.2562263760199897 11.621190261082292 
3 9 0 0.5487502668197273 15.570958040326358 
3 8 0 0.5487502668198413 15.570958022368718 
3 7 0 1.1939556984965518 15.999999925075274 
3 6 0 1.1939556986295743 15.999999964519988 
3 5 0 2.2420122741478212 11.999999353722858 
4 5 0 3.2943701708772046 10.000000000000002 
3 4 0 2.2420122741783994 11.999999833717041 
4 4 0 3.2943701708772064 10.0 
2 13 0 4.0 4.0 
2 12 0 4.0 4.0 
2 11 0 1.7492111571204603 10.366080366453689 
2 10 0 1.7492111571204465 10.366080366453698 
2 9 2 0.970676232066016 13.999999985750694 
2 8 2 0.9706762320660125 13.999999997143718 
2 7 4 1.6654680030131106 15.99999997043918 
2 6 4 1.6654680030131104 15.999999970344533 
2 5 2 0.6685276404397229 13.999999967090694 
2 4 2 0.6685276404397241 13.999999687171652 
2 3 0 1.2475357879916311 10.573996227439117 
3 3 0 4.381966011250105 7.618033988749896 
2 2 0 1.247535787985443 10.573996227438373 
3 2 0 4.381966011250105 7.618033988749894 
1 11 0 5.267949192431122 8.732050807568879 
1 10 0 5.2679491924311215 8.732050807568879 
1 9 0 3.251717711773197 12.076610150184706 
1 8 0 3.251717740602614 12.076610043517462 
1 7 0 1.4132043065060382 15.999999997858158 
1 6 0 1.413204306485229 15.999999999417977 
1 5 0 0.6685276410927634 15.442182375639415 
1 4 0 0.6685276408255597 15.442182374135836 
1 3 0 1.2475357879855653 11.857185082116457 
1 2 0 1.2475357879910278 11.857185082122687 
1 1 0 2.3330998749591463 7.621425030493735 
2 1 0 4.0 4.0 
1 0 0 2.333099874959149 7.621425030493732 
2 0 0 4.0 4.0 
0 11 0 6.0 6.0 
0 10 0 6.0 6.0 
0 9 0 3.2939987929431878 10.73205080756888 
0 8 0 3.2939987929431895 10.732050807568879 
0 7 0 1.413204306478614 13.999999999512992 
0 6 0 1.4132043064786006 13.999999998711985 
0 5 1 0.7476075640756176 15.442182375626533 
0 4 1 0.7476075640756169 15.4421823755448 
0 3 2 1.5508215265300527 13.470015296401193 
0 2 2 1.495609247575109 13.470015296996413 
0 1 1 1.1785013467040133 9.376613444928864 
0 0 1 1.178501346704014 9.376613444928866 
-1 9 0 8.0 8.0 
-1 8 0 8.0 8.0 
-1 7 0 4.69572523785006 12.000000000000002 
-1 6 0 4.695725237850057 12.0 
-1 5 0 2.922478320257672 13.956249781669154 
-1 4 0 2.9224783202576714 13.956249770603826 
-1 3 0 1.5508215264591356 13.470015296986258 
-1 2 0 1.5508215264591234 13.470015158871377 
-1 1 0 1.178501346704012 10.038808414772824 
-1 0 0 1.1785013467040122 10.038808414772824 
-1 -1 0 2.0 2.0 
0 -1 0 2.0 2.0 
-1 -2 0 2.0 2.0 
0 -2 0 2.0 2.0 
-2 7 0 10.0 10.0 
-2 6 0 10.0 10.0 
-2 5 0 6.364306186032214 12.635693813967782 
-2 4 0 6.364306186032214 12.635693813967785 
-2 3 0 4.321846636329366 12.57891403009899 
-2 2 0 4.321846636329364 12.578914030098986 
-2 1 0 2.902380499781608 10.038808414772818 
-2 0 0 2.902380499781608 10.038808414772822 
-2 -1 0 2.0 2.0 
-2 -2 0 2.0 2.0 
