3 7 0 3.0 3.0 
4 7 0 3.0 3.0 
3 6 0 3.0 3.0 
4 6 0 3.0 3.0 
3 5 0 2.287294077056596 11.394831465050581 
4 5 0 4.393347482015912 11.394831465050576 
3 4 0 2.287294077055388 11.39483146505058 
4 4 0 4.39334748201591 11.39483146505058 
3 3 0 2.551667296873828 15.88323133041656 
4 3 0 6.540637562015845 15.555651301812384 
3 2 0 2.5516672968738265 15.883231370067728 
4 2 0 6.540637562015848 15.555651301812386 
3 1 0 4.458751501539174 17.78875273108241 
4 1 0 9.473354473647312 16.144679515102585 
3 0 0 4.458751516864162 17.78875278513108 
4 0 0 9.47335447364731 16.144679515102588 
3 -1 0 7.3314899489939105 15.25320332046137 
4 -1 0 13.0 13.0 
3 -2 0 7.331489948993912 15.25320332046137 
4 -2 0 13.0 13.0 
2 7 0 2.9999999999999996 3.0 
2 6 0 3.0 3.0000000000000004 
2 5 0 1.000073284031849 11.221151235290687 
2 4 0 1.000073284050124 11.221151258502504 
2 3 0 1.073782693463462 15.883231408181185 
2 2 0 1.073782693462418 15.883231401175099 
2 1 0 1.3850281703348313 19.06530715382467 
2 0 0 1.385028171985257 19.065307409116976 
2 -1 0 3.011061380827434 17.999999999842537 
2 -2 0 3.0110613805607955 17.99999999991078 
2 -3 0 5.640970233514819 13.732050807568873 
3 -3 0 11.0 11.0 
2 -4 0 5.640970233514824 13.732050807568882 
3 -4 0 11.0 11.0 
1 7 0 3.0 3.0 
1 6 0 3.0 3.0 
1 5 0 1.0000732840316282 10.61127803296817 
1 4 0 1.0000732840316249 10.61127803296817 
1 3 0 0.5856869610644726 15.640857221601044 
1 2 0 0.5856869610640596 15.640857199394452 
1 1 0 0.7045605327744942 19.06530718055003 
1 0 0 0.704560532695889 19.065307372264392 
1 -1 0 1.0843617332386688 19.999999275313627 
1 -2 0 1.0843617332221915 19.999999111211007 
1 -3 0 1.7294084889633612 15.999999967061198 
1 -4 0 1.7294084929402656 15.999999955783048 
1 -5 0 4.239639792367151 11.8815209488034 
2 -5 0 9.0 9.0 
1 -6 0 4.239639792367149 11.8815209488034 
2 -6 0 9.0 9.0 
0 5 0 2.585786437626906 9.87209059784737 
0 4 0 2.5857864376269077 9.872090597847372 
0 3 0 0.5856869610636485 14.32108050387458 
0 2 0 0.5856869610643431 14.32107997567764 
0 1 1 0.7045605326944703 17.55841933302914 
0 0 1 0.7045605326944708 17.558420664921655 
0 -1 1 0.5250083881510593 19.999999773758987 
0 -2 1 0.525008388151064 19.999999694553388 
0 -3 0 0.27466091613624016 17.99999985755048 
0 -4 0 0.27466091629618355 17.999999492385097 
0 -5 0 2.5602432947792932 14.629813270089567 
0 -6 0 2.5602432948152827 14.629813270733484 
0 -7 0 4.999999999999999 9.732050807568877 
1 -7 0 7.0 7.0 
0 -8 0 5.000000000000001 9.732050807568879 
1 -8 0 7.0 7.0 
-1 5 0 5.0 5.0 
-1 4 0 5.0 5.0 
-1 3 0 2.649573233047026 12.629813271678675 
-1 2 0 2.649573233047024 12.629813270788997 
-1 1 0 1.018195253460997 16.60116895708533 
-1 0 0 1.0181952542725277 16.601168930342265 
-1 -1 0 0.5250083881559465 19.739916159787086 
-1 -2 0 0.5250083881594176 19.739916258938262 
-1 -3 0 0.27466091613668364 19.76702485524347 
-1 -4 0 0.27466091615977645 19.767024645228506 
-1 -5 0 0.7504618771914003 16.714462221659225 
-1 -6 0 0.750461877166376 16.714462341396654 
-1 -7 0 2.187069547633137 12.629813271689361 
-1 -8 0 2.1870695452575544 12.629813271609743 
-2 3 0 4.585786437626904 10.561552812808827 
-2 2 0 4.585786437626907 10.56155281280883 
-2 1 0 2.1965216831944523 14.629813229241377 
-2 0 0 2.196521683349993 14.629813168827388 
-2 -1 0 0.5538754043218929 17.999999670208577 
-2 -2 0 0.5538754043437785 17.999998875295553 
-2 -3 1 0.5756801696957117 19.99999671815779 
-2 -4 1 0.5756801696957117 19.999999941718624 
-2 -5 1 0.4779822840364723 17.615012041629175 
-2 -6 1 0.4779822840364732 17.61501132801138 
-2 -7 0 0.2960349420976878 14.536319704497249 
-2 -8 0 0.2960349419549743 14.536319707754256 
-2 -9 0 2.5857864376269046 9.872090597847373 
-1 -9 0 5.0 5.0 
-2 -10 0 2.585786437626906 9.872090597847373 
-1 -10 0 5.0 5.0 
-3 3 0 7.0 7.0 
-3 2 0 7.0 7.0 
-3 1 0 4.348128452262406 12.561552812522766 
-3 0 0 4.348128452262434 12.561552812796952 
-3 -1 0 2.2592887788998044 16.03669897074005 
-3 -2 0 2.259288775210175 16.03669940114883 
-3 -3 0 1.0263303604804122 19.999999980556392 
-3 -4 0 1.0263303604943583 19.999999998229878 
-3 -5 0 0.4779822840366758 18.948804730240763 
-3 -6 0 0.4779822840365646 18.948804846223563 
-3 -7 0 0.29603494190604074 15.945169532034761 
-3 -8 0 0.29603494207407616 15.945169523515888 
-3 -9 0 0.5857864377035611 11.019477949098313 
-3 -10 0 0.5857864376379759 11.01947794909331 
-4 1 0 6.585786437626904 9.999999999999996 
-4 0 0 6.585786437626904 10.0 
-4 -1 0 3.9086803788295232 14.162933221469077 
-4 -2 0 3.908680378829304 14.162933166030577 
-4 -3 0 2.5726738698201257 17.99999968728247 
-4 -4 0 2.5726738632804875 17.999999999915637 
-4 -5 0 1.3362368182293052 18.948804853792478 
-4 -6 0 1.3362368182325068 18.948804854805665 
-4 -7 0 0.865955685455449 16.583377609012114 
-4 -8 0 0.8659556854433265 16.583377617054747 
-4 -9 0 0.5857864376269082 12.014240480731775 
-4 -10 0 0.585786437626905 12.01424048027077 
-4 -11 0 1.0000000000000002 3.9999999999999996 
-3 -11 0 3.0 3.0 
-4 -12 0 1.0000000000000007 4.0 
-3 -12 0 3.0 3.0 
-5 -1 0 8.585786437626906 12.0 
-5 -2 0 8.585786437626902 12.0 
-5 -3 0 5.262560027458403 15.99999999567342 
-5 -4 0 5.262560027458409 15.999999987650906 
-5 -5 0 3.6273553671139522 17.71505242220531 
-5 -6 0 3.627355367137575 17.71505284658427 
-5 -7 0 2.262878425009196 16.583377617856453 
-5 -8 0 2.262878425009841 16.58337678398759 
-5 -9 0 1.3559625649335767 12.209158349103815 
-5 -10 0 1.3559625649290534 12.209158349104422 
-5 -11 0 1.0000000000000004 4.0 
-5 -12 0 1.0 4.0 
-6 -3 0 14.0 14.0 
-6 -4 0 14.0 14.0 
-6 -5 0 9.68257628786237 16.592387064209774 
-6 -6 0 9.682576287862371 16.592387064209777 
-6 -7 0 6.801727012650182 15.93459971612834 
-6 -8 0 6.801727012650181 15.93459971612834 
-6 -9 0 5.250249124142703 12.209158349106076 
-6 -10 0 5.250249124142701 12.209158349106083 
-6 -11 0 4.0 4.0 
-6 -12 0 4.0 4.0 
