4 12 1 2.0 2.0 
5 12 0 2.0 2.0 
4 11 1 2.0000000000000004 2.0000000000000004 
5 11 0 2.0 2.0 
4 10 2 1.9999999999999998 11.053754570288582 
5 10 0 2.55406147779615 11.053754570288582 
4 9 2 1.9999999999999996 11.053754570288586 
5 9 0 2.5540614777961492 11.053754570288582 
4 8 1 0.9878275359524336 13.394370056374314 
5 8 0 4.258342613226058 11.74165738677394 
4 7 1 0.9878275359524369 13.39437005637431 
5 7 0 4.258342613226057 11.74165738677394 
4 6 0 1.5302664875425445 12.0 
5 6 0 9.0 9.0 
4 5 0 1.530266487542545 12.0 
5 5 0 9.0 9.0 
3 10 0 1.9999999999999991 9.645751311064595 
3 9 0 2.0000000000000004 9.645751311064593 
3 8 0 0.9878275359539277 13.394370056374152 
3 7 0 0.9878275359551466 13.394370056374301 
3 6 0 1.530266487542558 13.99999999998654 
3 5 0 1.5302664875425485 13.999999999945693 
3 4 0 4.999999999999998 10.000000000000004 
4 4 0 5.000000000000001 7.0 
3 3 0 4.999999999999998 10.000000000000004 
4 3 0 5.000000000000001 7.0 
2 10 0 2.000000000000001 5.000000000000002 
2 9 0 2.000000000000001 5.000000000000001 
2 8 1 0.7373925286627008 11.99999978667013 
2 7 1 0.7373925286626969 11.999999877753565 
2 6 1 0.7426054365702253 13.99999999992051 
2 5 1 0.742605436601313 13.9999999996669 
2 4 0 0.6537600928375547 11.999999999054037 
2 3 0 0.6537600928411662 11.999999999859467 
1 10 0 3.0 5.0 
1 9 0 3.0000000000000004 5.0 
1 8 0 0.7373925286634825 9.749635157196998 
1 7 0 0.7373925286627167 9.749635156519744 
1 6 0 0.6557706717207981 13.999999999906791 
1 5 0 0.6557706717208321 13.99999999947943 
1 4 1 0.5173378713340178 13.392400014486206 
1 3 1 0.5173378713340185 13.392400014285435 
1 2 1 1.0502447229197178 9.597735186973468 
2 2 0 2.5107114281899237 7.999999999999999 
1 1 1 1.0502447229197154 9.597735178508959 
2 1 0 2.5107114281899214 7.999999999999997 
0 8 0 2.585786437626905 7.999999999999998 
0 7 0 2.5857864376269073 8.000000000000002 
0 6 0 0.6557706717213884 11.999999999903421 
0 5 0 0.6557706719603427 11.999999999739948 
0 4 1 0.5173378713340208 13.99999999972068 
0 3 1 0.5173378713340165 13.999999996588837 
0 2 2 1.0502447229197147 11.073648511598236 
0 1 2 1.0502447229197154 11.073648511571907 
0 0 1 2.0 5.0 
1 0 0 2.0 4.0 
0 -1 1 1.999999999999999 5.0 
1 -1 0 2.0 4.0 
-1 6 0 6.585786437626905 10.0 
-1 5 0 6.585786437626903 10.0 
-1 4 0 3.039563344105297 13.999999999999998 
-1 3 0 3.039563344105295 14.000000000000002 
-1 2 0 2.2069559328805393 11.561552812808827 
-1 1 0 2.2069559328805406 11.56155281280883 
-1 0 0 1.9999999999999996 5.0 
-1 -1 0 1.999999999999999 5.0 
-2 4 0 12.0 12.0 
-2 3 0 12.0 12.0 
-2 2 0 7.438447187191169 11.56155281280883 
-2 1 0 7.43844718719117 11.56155281280883 
-2 0 0 5.0 5.0 
-2 -1 0 5.0 5.0 
