3 7 0 1.0000000000000009 4.0 
4 7 0 4.0 4.0 
3 6 0 0.9999999999999996 4.0 
4 6 0 4.0 4.0 
3 5 0 0.9544839703540369 13.358898943540677 
4 5 0 4.641101056459327 13.358898943540673 
3 4 0 0.9544839703540338 13.358898943540675 
4 4 0 4.641101056459326 13.358898943540671 
3 3 0 1.3282712916922066 16.960082863926722 
4 3 0 7.227998127341235 15.772001872658766 
3 2 0 1.3282712917006338 16.96008281201447 
4 2 0 7.227998127341234 15.772001872658764 
3 1 0 2.9075218954755977 16.000000000000007 
4 1 0 13.0 13.0 
3 0 0 2.907521895475606 16.0 
4 0 0 13.0 13.0 
2 7 0 1.0000000000000004 4.000000000000001 
2 6 0 0.9999999999999999 4.0 
2 5 1 0.9544839703540352 12.188450749743902 
2 4 1 0.9544839703540285 12.18845076146635 
2 3 1 0.5376420524542421 16.96008286920194 
2 2 1 0.5376420524542397 16.960082869736656 
2 1 0 0.4196275861092867 17.999999979404805 
2 0 0 0.4196275861094307 17.999999964301658 
2 -1 0 1.787598180210468 14.86351656559587 
3 -1 0 6.875114580235426 11.76155718183189 
2 -2 0 1.7875981802104746 14.863516567803588 
3 -2 0 6.8751145802354285 11.761557181831893 
1 7 0 3.0 3.0 
1 6 0 3.0 3.0 
1 5 0 1.5970779017621604 11.64575131106459 
1 4 0 1.597077901762161 11.645751311064584 
1 3 0 0.5376420524542501 15.549040179237952 
1 2 0 0.5376420524556681 15.549040104507448 
1 1 0 0.4196275862729735 17.99999986693584 
1 0 0 0.41962758610928275 17.999999964159166 
1 -1 0 0.9477947022319861 16.893219645000812 
1 -2 0 0.9477947022413326 16.893219647336316 
1 -3 0 2.34158768116314 12.812804966055353 
2 -3 0 5.47690440936833 9.44129091041246 
1 -4 0 2.3415876811663336 12.812805121595543 
2 -4 0 5.476904409368331 9.441290910412459 
0 5 0 3.000000000000001 10.64575131106459 
0 4 0 2.999999999999999 10.645751311064586 
0 3 0 0.7246667029707005 14.645751310851834 
0 2 0 0.7246667023816027 14.645750997294751 
0 1 2 0.8839504806457348 17.749752624145504 
0 0 2 0.8069051944468999 17.749752034989168 
0 -1 1 0.222136294301701 17.7905465114493 
0 -2 1 0.22213629430169968 17.790546021301896 
0 -3 0 0.4274726765585789 14.933986043985502 
0 -4 0 0.4274726765585754 14.933985258955815 
0 -5 0 2.6108670938506924 10.647834340529325 
1 -5 0 6.0 6.0 
0 -6 0 2.610867093850694 10.647834340588847 
1 -6 0 6.0 6.0 
-1 5 0 3.9999999999999996 6.999999999999999 
-1 4 0 4.000000000000002 7.0 
-1 3 0 2.181308185287787 12.9999999998319 
-1 2 0 2.1813081852921283 12.999999999805436 
-1 1 0 0.9494452377834735 16.999999985523868 
-1 0 0 0.9494452377356204 16.999999997557833 
-1 -1 0 0.22213629435026971 17.790546493474483 
-1 -2 0 0.22213629430170462 17.788867065247445 
-1 -3 1 0.42747267655857246 16.4813762493347 
-1 -4 1 0.42747267655857113 16.483185701958906 
-1 -5 0 0.42908342849030345 12.92465558841233 
-1 -6 0 0.4290834284852334 12.924655547193877 
-2 5 0 6.0 6.0 
-2 4 0 6.0 6.0 
-2 3 0 4.176422455574298 11.000000000000004 
-2 2 0 4.1764224555742935 11.000000000000004 
-2 1 0 2.275171631928338 14.999999999829521 
-2 0 0 2.275171624068854 14.999999331200184 
-2 -1 0 0.6378320911408987 17.07127187905307 
-2 -2 0 0.6378320911406447 17.071370484257187 
-2 -3 1 0.7631168003661385 16.512226881236202 
-2 -4 1 0.7631168002454464 16.512226785641626 
-2 -5 0 0.2079980957517409 14.512635035622052 
-2 -6 0 0.20799809573141226 14.512635018508565 
-2 -7 0 0.6009382021184235 10.406478088430392 
-1 -7 0 2.4321125521338636 7.660953448690234 
-2 -8 0 0.6009382004332172 10.406478126913806 
-1 -8 0 2.4321125521338636 7.660953448690235 
-3 3 0 6.000000000000001 9.999999999999998 
-3 2 0 5.999999999999999 9.999999999999996 
-3 1 0 3.6308915689962356 13.999999679098103 
-3 0 0 3.630891556237813 13.999999998837566 
-3 -1 0 1.9355767887473814 15.841812811656355 
-3 -2 0 1.9355767887337645 15.841812858747598 
-3 -3 0 0.7730449399612324 16.512226903748015 
-3 -4 0 0.7730449403318862 16.512226903600002 
-3 -5 0 0.2079980957347796 14.53720231316965 
-3 -6 0 0.20799809573436923 14.537202797722609 
-3 -7 1 0.6009382004332187 12.227572271176886 
-3 -8 1 0.6009382004332183 12.227572271208894 
-3 -9 0 0.4317770544061123 6.9288060825287126 
-2 -9 0 3.0 3.0 
-3 -10 0 0.4317770544061139 6.928806082528713 
-2 -10 0 3.0 3.0 
-4 3 0 8.0 8.0 
-4 2 0 8.0 8.0 
-4 1 0 5.6371228410094405 12.0 
-4 0 0 5.637122841009445 12.000000000000004 
-4 -1 0 3.9181838333205437 14.710858786069158 
-4 -2 0 3.9181838462076257 14.710858712085477 
-4 -3 0 2.610334319559425 15.381972901091967 
-4 -4 0 2.6103343183400747 15.381970814010387 
-4 -5 0 1.4425011165255779 14.537181159284037 
-4 -6 0 1.4425011126702256 14.537203057333809 
-4 -7 0 0.8249426984998013 12.253223371392343 
-4 -8 0 0.8249426984213181 12.253223420265885 
-4 -9 0 0.43177705440611336 7.058408271574756 
-4 -10 0 0.4317770544061142 7.058408271574758 
-5 1 0 10.0 10.0 
-5 0 0 10.0 10.0 
-5 -1 0 7.1355562522661335 12.75846067782629 
-5 -2 0 7.135556252266134 12.758460677826289 
-5 -3 0 4.776110626714583 14.370718696475825 
-5 -4 0 4.776110626714584 14.370718696475826 
-5 -5 0 3.2248678566455955 14.516490690711187 
-5 -6 0 3.2248678566455875 14.51649069071119 
-5 -7 0 2.095578730447003 12.253223439238019 
-5 -8 0 2.0955787304470013 12.25322343923802 
-5 -9 0 1.4979276232844008 7.058408271574757 
-5 -10 0 1.497927623284401 7.058408271574757 
-5 -11 0 1.0 1.0 
-4 -11 0 1.0 1.0 
-5 -12 0 1.0 1.0 
-4 -12 0 1.0 1.0 
