2 6 1 2.0 3.0 
3 6 0 3.0 3.0 
2 5 1 2.0 3.000000000000001 
3 5 0 3.0 3.0 
2 4 1 0.6835253819996101 9.28994508293748 
3 4 0 3.4157745567834774 9.289945082937479 
2 3 1 0.6835253819996124 9.289945082937486 
3 3 0 3.4157745567834787 9.289945082937479 
2 2 0 0.4153169735783051 11.225697357865657 
3 2 0 4.948625758268961 10.53407019672273 
2 1 0 0.4153169735849948 11.225697357865652 
3 1 0 4.948625758268964 10.534070196722734 
2 0 0 1.3233957667652028 11.000000000000002 
3 0 0 9.0 9.0 
2 -1 0 1.3233957667652025 11.000000000000002 
3 -1 0 9.0 9.0 
1 6 0 2.0 2.0 
1 5 0 2.0 2.0 
1 4 0 0.6835253819996132 8.019682559551473 
1 3 0 0.6835253819996119 8.019682559551475 
1 2 0 0.4153169735780081 11.225697357865489 
1 1 0 0.41531697357798114 11.225697352180804 
1 0 0 1.1171298828808827 11.65204279354341 
1 -1 0 1.1171298828696767 11.652042890048627 
1 -2 0 2.0768154267819003 8.814962679219795 
2 -2 0 3.585786437626905 7.000000000000001 
1 -3 0 2.076815426781905 8.814962679219796 
2 -3 0 3.585786437626905 7.000000000000001 
0 4 0 1.201197856074304 6.173694199305477 
0 3 0 1.2011978560743037 6.173694199305477 
0 2 1 1.1956682136347145 10.805400244641218 
0 1 1 1.1956682136347137 10.805400113809103 
0 0 1 0.884117148789936 11.999999972358541 
0 -1 1 0.8841171487899342 11.99999999902536 
0 -2 0 0.4202860287454565 10.754063518659134 
0 -3 0 0.4202860288418242 10.75406352791224 
0 -4 0 1.5188056959079845 5.170086486626033 
1 -4 0 4.0 4.0 
0 -5 0 1.5188056959079845 5.170086486626034 
1 -5 0 4.0 4.0 
-1 2 0 1.6007175739884203 8.5501140554666 
-1 1 0 1.600717573988423 8.5501140554666 
-1 0 0 0.8841171487899342 11.999999999999487 
-1 -1 0 0.8841171487899352 11.999999999977854 
-1 -2 0 0.42028602874545573 11.306506592318215 
-1 -3 0 0.4202860287454511 11.306506592338122 
-1 -4 0 1.5188056959079832 6.0 
-1 -5 0 1.5188056959079839 6.000000000000001 
-2 0 0 3.1950811239048025 10.770313379803127 
-2 -1 0 3.1950811239048 10.770313379803131 
-2 -2 0 2.2033179401568312 11.999999999999998 
-2 -3 0 2.2033179401568326 12.000000000000002 
-2 -4 0 1.518805695907984 6.000000000000001 
-2 -5 0 1.5188056959079843 6.0 
-3 -2 0 12.0 12.0 
-3 -3 0 12.0 12.0 
-3 -4 0 6.0 6.0 
-3 -5 0 6.0 6.0 
