2 2 0 2.5188056959079845 7.000000000000001 
3 2 0 7.0 7.0 
2 1 0 2.518805695907984 7.000000000000001 
3 1 0 7.0 7.0 
2 0 0 3.1855774832072514 16.531128874149253 
3 0 0 8.468871125850725 16.531128874149275 
2 -1 0 3.1855774832071355 16.53112887414927 
3 -1 0 8.468871125850725 16.531128874149275 
2 -2 0 4.205020208771407 17.999999999794966 
3 -2 0 16.0 16.0 
2 -3 0 4.2050202087714 17.9999999999373 
3 -3 0 16.0 16.0 
1 2 0 2.5188056959079828 7.000000000000001 
1 1 0 2.518805695907983 7.000000000000002 
1 0 0 1.2879749557011662 14.725020875464258 
1 -1 0 1.2879749557034539 14.725020875443764 
1 -2 0 1.9670047106592246 17.999999995138015 
1 -3 0 1.9670047106857635 17.999999990036386 
1 -4 0 2.7697693942382697 15.999999887802861 
2 -4 0 6.4188703615088025 15.000000000000004 
1 -5 0 2.769769394237433 15.999999994755276 
2 -5 0 6.418870361508801 15.000000000000002 
0 2 0 2.518805695907984 6.999999999999998 
0 1 0 2.5188056959079836 7.000000000000002 
0 0 1 1.2788956449360653 13.155640224039958 
0 -1 1 1.2788956446114503 13.155640219300953 
0 -2 1 0.4271918317977095 17.191719645555605 
0 -3 1 0.4271918317977104 17.191719943100896 
0 -4 0 0.317147078489661 17.999999997105053 
0 -5 0 0.3171470784896859 17.99999999438717 
0 -6 0 1.3530213315978203 14.999999998266393 
1 -6 0 4.607508125932206 13.513861126475277 
0 -7 0 1.3530213315977282 14.999999989854913 
1 -7 0 4.60750812593221 13.513861126475279 
-1 2 0 2.518805695907985 6.170086486626033 
-1 1 0 2.5188056959079854 6.170086486626034 
-1 0 0 1.2788956446113766 11.780962513526278 
-1 -1 0 1.278895644611378 11.780962515249856 
-1 -2 0 0.4271918317982674 15.51640762103245 
-1 -3 0 0.4271918318546456 15.51640710671644 
-1 -4 0 0.3171470784907152 17.999999673039923 
-1 -5 0 0.3171470784905142 17.999999989572103 
-1 -6 0 0.4229158956604812 15.706161246907701 
-1 -7 0 0.4229158956802587 15.706160906560454 
-1 -8 0 1.6340783427149665 13.542931436685393 
0 -8 0 3.342075261254026 11.000000000000004 
-1 -9 0 1.63407834271757 13.542930789098785 
0 -9 0 3.342075261254026 11.0 
-2 2 0 5.0 5.0 
-2 1 0 5.0 5.0 
-2 0 0 2.9630526614828407 9.903049053221281 
-2 -1 0 2.9630526614768864 9.903049048292452 
-2 -2 0 0.8760637007638786 14.757908731193956 
-2 -3 0 0.8760637007288272 14.757908952971583 
-2 -4 1 0.5334870285568223 17.999999713148547 
-2 -5 1 0.5334870285568258 17.9999997767708 
-2 -6 1 0.42291589566054183 17.583781073359525 
-2 -7 1 0.4229158956606363 17.583781079204364 
-2 -8 0 0.25740415599897687 14.369630281655231 
-2 -9 0 0.2574041559958593 14.369630201160021 
-2 -10 0 2.390751235357163 10.468974264670926 
-1 -10 0 3.1905356498618986 8.2193663456733 
-2 -11 0 2.3907512360175462 10.468974264670912 
-1 -11 0 3.1905356498619 8.2193663456733 
-3 0 0 4.585786437626906 8.0 
-3 -1 0 4.585786437626905 8.0 
-3 -2 0 2.170901668646035 12.816464559897252 
-3 -3 0 2.170901668684739 12.816464556732374 
-3 -4 0 0.9576938954533813 15.827629770972852 
-3 -5 0 0.9576938954203073 15.827629596168057 
-3 -6 0 0.42853558433929145 17.999999722515444 
-3 -7 0 0.42853558444018225 17.99999991993062 
-3 -8 0 0.25740415599197114 14.837329868024373 
-3 -9 0 0.25740415598901084 14.837329849965515 
-3 -10 0 0.480402172755494 12.164406456548852 
-3 -11 0 0.4804021727566058 12.164406456547773 
-3 -12 0 2.0 5.000000000000001 
-2 -12 0 4.0 4.0 
-3 -13 0 2.0000000000000004 5.000000000000001 
-2 -13 0 4.0 4.0 
-4 -2 0 5.585786437626903 11.0 
-4 -3 0 5.585786437626907 11.000000000000002 
-4 -4 0 2.9775498025025118 14.999999981910538 
-4 -5 0 2.977549802517973 14.999999998652436 
-4 -6 0 1.2819416193024256 17.999999999920252 
-4 -7 0 1.281941619302598 17.999999999205762 
-4 -8 0 0.5965711028993451 16.473127011297546 
-4 -9 0 0.5965711028993077 16.47312722835631 
-4 -10 0 0.48040217276268554 12.203606181816122 
-4 -11 0 0.48040217275800784 12.203606182006418 
-4 -12 0 1.9999999999999996 5.000000000000001 
-4 -13 0 1.9999999999999998 5.0 
-5 -4 0 8.585786437626902 12.999999999999996 
-5 -5 0 8.585786437626908 13.0 
-5 -6 0 5.546092565494539 15.999999999798586 
-5 -7 0 5.546092565494538 15.999999990853187 
-5 -8 0 3.1910112146204224 16.473127228382744 
-5 -9 0 3.191011214731392 16.473127009568323 
-5 -10 0 2.334110113591083 12.517113231823627 
-5 -11 0 2.3341101135910947 12.5171132318355 
-5 -12 0 2.0000000000000004 5.0 
-5 -13 0 1.9999999999999996 5.0 
-6 -6 0 14.0 14.0 
-6 -7 0 14.0 14.0 
-6 -8 0 9.88646238912263 15.517113231838392 
-6 -9 0 9.886462389122633 15.517113231838396 
-6 -10 0 6.886462389122638 12.517113231838394 
-6 -11 0 6.886462389122632 12.517113231838394 
-6 -12 0 5.0 5.0 
-6 -13 0 5.0 5.0 
