2 10 0 1.0 1.0 
3 10 0 1.0 1.0 
2 9 0 1.0 1.0 
3 9 0 1.0 1.0 
2 8 1 0.9999999999999994 5.414213562373095 
3 8 0 0.9999999999999992 5.414213562373094 
2 7 1 0.9999999999999992 5.414213562373096 
3 7 0 0.9999999999999996 5.414213562373096 
2 6 2 1.5505102572168226 7.645751311064592 
3 6 0 1.9999999999999998 7.414213562373098 
2 5 2 1.5505102572168226 7.64575131106459 
3 5 0 2.0 7.414213562373096 
2 4 1 0.9999999999999992 9.645751311064586 
3 4 0 2.999999999999999 8.732050807568879 
2 3 1 1.0000000000000013 9.645751311064592 
3 3 0 2.9999999999999996 8.732050807568875 
2 2 0 0.999999999999999 8.645751311064593 
3 2 0 4.267949192431124 7.732050807568877 
2 1 0 1.0000000000000018 8.645751311064595 
3 1 0 4.267949192431123 7.732050807568878 
2 0 0 2.1863934973516694 6.999999999999999 
3 0 0 6.0 6.0 
2 -1 0 2.1863934973516703 6.999999999999999 
3 -1 0 6.0 6.0 
1 8 0 1.5857864376269049 4.414213562373094 
1 7 0 1.5857864376269044 4.414213562373094 
1 6 0 1.2679491924311224 7.645751311064591 
1 5 0 1.2679491924311215 7.645751311064592 
1 4 0 1.000000000000266 9.645751311064458 
1 3 0 1.0000000000000357 9.645751311064206 
1 2 0 0.9999999999999988 9.999999999866207 
1 1 0 1.0000000045443578 9.999999999972935 
1 0 0 2.18639349735167 8.999999999999993 
1 -1 0 2.1863934973516685 9.000000000000002 
1 -2 0 4.0 4.0 
2 -2 0 4.0 4.0 
1 -3 0 4.0 4.0 
2 -3 0 4.0 4.0 
0 6 0 1.267949192431124 6.414213562373094 
0 5 0 1.2679491924311224 6.414213562373092 
0 4 1 1.2679491924311244 9.64575131106459 
0 3 1 1.2679491924311213 9.645751311064604 
0 2 2 2.0000000000001106 9.99999999999984 
0 1 2 2.0 9.999999999999698 
0 0 1 1.0000000000000002 9.0 
0 -1 1 1.0000000000000013 8.999999999999998 
0 -2 0 1.0000000000000002 5.0 
0 -3 0 1.0 5.0 
-1 4 0 3.267949192431124 8.0 
-1 3 0 3.267949192431121 8.0 
-1 2 0 2.000000000000003 10.000000000000002 
-1 1 0 1.999999999999997 10.000000000000007 
-1 0 0 0.9999999999999998 9.000000000000005 
-1 -1 0 1.0000000000000016 9.0 
-1 -2 0 1.0 5.000000000000001 
-1 -3 0 1.0 5.000000000000002 
-2 2 0 10.0 10.0 
-2 1 0 10.0 10.0 
-2 0 0 5.999999999999999 9.0 
-2 -1 0 5.999999999999999 9.0 
-2 -2 0 5.0 5.0 
-2 -3 0 5.0 5.0 
