4 8 0 3.0 3.0 
5 8 0 3.0 3.0 
4 7 0 3.0 3.0 
5 7 0 3.0 3.0 
4 6 0 2.2196263396580087 16.347434673399157 
5 6 0 3.7833610682611587 16.34743467339916 
4 5 0 2.2196263396580123 16.34743467339916 
5 5 0 3.783361068261159 16.34743467339916 
4 4 0 2.6375244818721737 19.072278095532933 
5 4 0 5.909830056250526 17.090169943749473 
4 3 0 2.6375244886831606 19.072277886006347 
5 3 0 5.9098300562505255 17.090169943749473 
4 2 0 4.316220063486922 18.0 
5 2 0 13.0 13.0 
4 1 0 4.316220063486918 18.000000000000004 
5 1 0 13.0 13.0 
3 8 0 3.0 3.0 
3 7 0 3.0 3.0 
3 6 0 1.3891407415090937 14.828541387505242 
3 5 0 1.3891407415091046 14.828541387500033 
3 4 0 1.392229927303496 19.07227760632717 
3 3 0 1.3922299273044831 19.072278043726612 
3 2 0 2.0365163191458775 19.999999969567803 
3 1 0 2.036516319147831 19.999999979072324 
3 0 0 3.833838455829726 16.858822038126227 
4 0 0 9.0 12.000000000000002 
3 -1 0 3.8338384557374425 16.858821850437867 
4 -1 0 9.0 12.0 
2 8 0 3.0 3.0 
2 7 0 3.0 3.0 
2 6 0 1.3891407415090955 12.751705072091674 
2 5 0 1.3891407415090933 12.751705072089369 
2 4 0 0.6970383555792647 17.45566909801486 
2 3 0 0.6970383555792964 17.455669212550482 
2 2 0 0.8344813696866554 19.999999982778156 
2 1 0 0.8344813696412714 19.999999729516407 
2 0 0 1.2798541870117042 17.999999972456692 
2 -1 0 1.279854185042807 17.99999998672097 
2 -2 0 3.1345399295969036 14.857733050692996 
3 -2 0 7.999999999999998 11.000000000000002 
2 -3 0 3.134539942066548 14.855860941589182 
3 -3 0 7.999999999999999 11.0 
1 6 0 1.6577138630722765 10.414721646349502 
1 5 0 1.6577138630722787 10.414721646349502 
1 4 0 0.6970383555792352 15.833555220079965 
1 3 0 0.6970383557058761 15.833555396160595 
1 2 0 0.3408825791836036 19.593831593881983 
1 1 0 0.3408825791673619 19.59383159670763 
1 0 0 0.41864806947133465 19.848574042883172 
1 -1 0 0.4186480694348962 19.84881345096479 
1 -2 0 0.7966504777749457 16.666246081167763 
1 -3 0 0.7966504777749338 16.666246147778363 
1 -4 0 2.486161868762361 12.753542859338568 
2 -4 0 7.0 7.0 
1 -5 0 2.4861618690845786 12.753542859340715 
2 -5 0 7.0 7.0 
0 6 0 4.585786437626903 8.0 
0 5 0 4.585786437626904 8.0 
0 4 0 1.0817540240855483 14.413902967469486 
0 3 0 1.0817540240855696 14.413901983870653 
0 2 0 0.34088257916885584 17.883579630152145 
0 1 0 0.3408825791832347 17.883580368008946 
0 0 1 0.4186480694327495 19.905918339369016 
0 -1 1 0.41864806943274835 19.90591886858372 
0 -2 1 0.5752011143224212 17.823755057324654 
0 -3 1 0.5752011143224202 17.82375504392823 
0 -4 0 0.45985590207470534 14.532530428920268 
0 -5 0 0.45985590208152044 14.532530291232288 
-1 6 0 4.585786437626905 7.414213562373095 
-1 5 0 4.585786437626905 7.414213562373095 
-1 4 0 2.7217374700482195 12.910890174949182 
-1 3 0 2.7217374696763517 12.910890070949215 
-1 2 0 1.3743445897586484 16.527209372263307 
-1 1 0 1.374344595108704 16.527210084013717 
-1 0 0 0.6103702398800577 19.905919098541276 
-1 -1 0 0.6103702398777985 19.905919265904036 
-1 -2 0 0.27552216425881976 19.092320945132222 
-1 -3 0 0.2755221642582967 19.092322684955995 
-1 -4 0 0.3890465592985281 15.99507968376438 
-1 -5 0 0.3890465594042858 16.00210484557005 
-1 -6 0 0.5938461436466854 12.177110793236702 
0 -6 0 2.6153078611445073 9.867875321531955 
-1 -7 0 0.5938461436468413 12.177110777052414 
0 -7 0 2.6153078611445095 9.867875321531944 
-2 4 0 4.033916835304719 10.863663327129666 
-2 3 0 4.033916835304721 10.86366332712967 
-2 2 0 2.179642507070021 14.874397878785281 
-2 1 0 2.1796425103018886 14.874398319145712 
-2 0 0 0.8962774380650317 17.999999998070177 
-2 -1 0 0.8962774363285522 17.999999934366524 
-2 -2 0 0.275522164257958 19.999999877099437 
-2 -3 0 0.27552216427833365 19.999999992248426 
-2 -4 1 0.38904655929703974 17.138810236386472 
-2 -5 1 0.3890465592970452 17.138810516209347 
-2 -6 1 0.5938461436466287 13.65763433029519 
-2 -7 1 0.5938461436466251 13.657634329748607 
-2 -8 0 0.5857864376269022 6.414213562373095 
-1 -8 0 2.5857864376269046 5.414213562373095 
-2 -9 0 0.5857864376269047 6.414213562373094 
-1 -9 0 2.585786437626905 5.414213562373095 
-3 2 0 4.679609215293579 13.0 
-3 1 0 4.679609215293583 13.000000000000002 
-3 0 0 3.013960435205009 16.821934725796726 
-3 -1 0 3.01396043520452 16.821934726344892 
-3 -2 0 1.8961801429864826 19.999999999711438 
-3 -3 0 1.896180144804311 19.99999999964687 
-3 -4 0 1.399806591125664 18.641245053859016 
-3 -5 0 1.3998065920321965 18.64124505387568 
-3 -6 0 0.8062678113872833 14.840951254898918 
-3 -7 0 0.8062678109676112 14.840951254906347 
-3 -8 0 0.5857864376269043 7.000000000000001 
-3 -9 0 0.5857864376269042 7.0 
-4 0 0 7.535898384862246 15.000000000000002 
-4 -1 0 7.5358983848622465 15.0 
-4 -2 0 5.690881241594519 17.881172218107984 
-4 -3 0 5.690881241837443 17.881172013127923 
-4 -4 0 4.073313466705487 18.641244968827785 
-4 -5 0 4.073313478259361 18.641245033268138 
-4 -6 0 3.00737948688854 16.316624790354798 
-4 -7 0 3.0073794868883277 16.316624790355384 
-4 -8 0 3.5857864376269046 7.0 
-4 -9 0 3.5857864376269055 7.000000000000001 
-5 -2 0 17.0 17.0 
-5 -3 0 17.0 17.0 
-5 -4 0 9.757359312880716 18.242640687119284 
-5 -5 0 9.757359312880713 18.242640687119284 
-5 -6 0 8.0 16.3166247903554 
-5 -7 0 7.999999999999999 16.316624790355398 
-5 -8 0 7.0 7.0 
-5 -9 0 7.0 7.0 
