2 6 0 2.0 2.0 
3 6 0 2.0 2.0 
2 5 0 2.0 2.0 
3 5 0 2.0 2.0 
2 4 0 1.631812048390704 9.64858684891155 
3 4 0 2.2471096921794316 9.648586848911549 
2 3 0 1.6318120483907048 9.64858684891155 
3 3 0 2.247109692179431 9.64858684891155 
2 2 0 1.7179351263780742 12.106148754001387 
3 2 0 3.237309376451379 11.901244587462875 
2 1 0 1.717935126378144 12.106148754001389 
3 1 0 3.2373093764513796 11.901244587462878 
2 0 0 2.209847047867706 13.086902155771867 
3 0 0 4.868687481749427 11.28318599128617 
2 -1 0 2.2098470486863526 13.089197365230246 
3 -1 0 4.868687481749427 11.28318599128617 
2 -2 0 3.6825895971591636 12.000000000000004 
3 -2 0 9.0 9.0 
2 -3 0 3.6825895971591627 12.000000000000002 
3 -3 0 9.0 9.0 
1 6 0 2.0 2.0 
1 5 0 2.0 2.0 
1 4 0 0.6107742237211969 8.413612497337331 
1 3 0 0.6107742237211962 8.413612497337331 
1 2 0 0.4356726938782689 12.106148753973761 
1 1 0 0.43567269390679025 12.106148719702192 
1 0 0 0.6801316952555921 13.441745822975541 
1 -1 0 0.6801316952269463 13.44174582265541 
1 -2 0 1.3960187846477865 12.678730704838209 
1 -3 0 1.3960187846421246 12.678730764994928 
1 -4 0 2.9142395737279196 9.87973211234907 
2 -4 0 6.999999999999999 7.0 
1 -5 0 2.91423957372792 9.879732112349076 
2 -5 0 7.0 7.0 
0 4 0 0.6107742237211953 5.758854878636128 
0 3 0 0.6107742237211966 5.758854878636124 
0 2 1 0.4356726938732706 10.721136285476621 
0 1 1 0.4356726938732677 10.72113656525312 
0 0 2 0.6801316952244818 13.44174445389211 
0 -1 2 0.6801316952244764 13.441745816053974 
0 -2 1 0.4044571603611238 13.389117788304114 
0 -3 1 0.4044571603611271 13.3891177882653 
0 -4 0 0.49801406974177476 11.380740178643425 
0 -5 0 0.4980140697418331 11.38074017977969 
0 -6 0 1.999999999999999 6.618033988749897 
1 -6 0 5.0 5.0 
0 -7 0 2.0000000000000013 6.618033988749892 
1 -7 0 5.0 5.0 
-1 2 0 1.1440778911915828 8.723994019539106 
-1 1 0 1.1440778911915834 8.723994019539104 
-1 0 0 0.5458162854821369 12.84074781808135 
-1 -1 0 0.5458162854850193 12.840747782322854 
-1 -2 0 0.40445716036115575 13.885744385739297 
-1 -3 0 0.40445716036112783 13.885744555427333 
-1 -4 0 0.4980140697417826 12.119839212544676 
-1 -5 0 0.4980140697417772 12.119839177083755 
-1 -6 0 2.0000000000000013 7.0 
-1 -7 0 2.0000000000000004 7.000000000000002 
-2 0 0 2.34676237564799 11.0 
-2 -1 0 2.3467623756479874 10.999999999999998 
-2 -2 0 1.6581026423336944 13.885744518619486 
-2 -3 0 1.6581026423341925 13.885744584133093 
-2 -4 0 1.3443314087358302 13.10093448644223 
-2 -5 0 1.344331408735829 13.100934436300944 
-2 -6 0 1.999999999999999 7.000000000000001 
-2 -7 0 2.0 7.0 
-3 -2 0 4.761860637298009 13.000000000000002 
-3 -3 0 4.761860637298004 12.999999999999996 
-3 -4 0 3.386996620331873 14.0 
-3 -5 0 3.3869966203318667 13.999999999999996 
-3 -6 0 3.381966011250104 7.000000000000002 
-3 -7 0 3.3819660112501064 7.0 
-4 -4 0 14.0 14.0 
-4 -5 0 14.0 14.0 
-4 -6 0 7.0 7.0 
-4 -7 0 7.0 7.0 
