0 0 1 2.0 2.0 
1 0 0 2.0 2.0 
0 -1 1 2.0000000000000004 2.0000000000000004 
1 -1 0 2.0 2.0 
0 -2 1 0.5704872458252565 9.958697717492093 
1 -2 0 2.4841471164320432 9.958697717492086 
0 -3 1 0.5704872458252586 9.958697717492086 
1 -3 0 2.484147116432044 9.95869771749209 
0 -4 0 0.2357321094732947 11.368821471666351 
1 -4 0 3.6833752096446 10.3166247903554 
0 -5 0 0.23573210947329545 11.36882147166635 
1 -5 0 3.6833752096446006 10.3166247903554 
0 -6 0 1.2997335545324256 11.0 
1 -6 0 8.0 8.0 
0 -7 0 1.2997335545324251 10.999999999999996 
1 -7 0 8.0 8.0 
-1 -2 0 0.570487245825259 7.856531547900783 
-1 -3 0 0.5704872458252581 7.856531547900781 
-1 -4 0 0.23573210947329745 11.36882116793445 
-1 -5 0 0.2357321094732948 11.368821456710617 
-1 -6 0 1.0240909228202755 11.694264674504423 
-1 -7 0 1.024090922820235 11.694264673971789 
-1 -8 0 2.572121127629254 9.0 
0 -8 0 3.999999999999999 6.0 
-1 -9 0 2.572121127629257 9.000000000000002 
0 -9 0 3.9999999999999996 6.0 
-2 -2 0 2.0000000000000004 5.0 
-2 -3 0 2.0 5.0 
-2 -4 1 1.0136401928794831 10.777458097501512 
-2 -5 1 1.0136401928794767 10.777458198975689 
-2 -6 1 0.4540063466579557 11.999999999658005 
-2 -7 1 0.4540063466579551 11.999999992895871 
-2 -8 0 0.36115073300458445 10.639475757679255 
-2 -9 0 0.3611507328577819 10.639475757676445 
-3 -2 0 4.0 4.0 
-3 -3 0 4.0 4.0 
-3 -4 0 2.250225053158348 8.659884656856416 
-3 -5 0 2.250225053158348 8.659884656856416 
-3 -6 0 0.4540063466579544 11.999999995952722 
-3 -7 0 0.4540063466579553 11.999999985115753 
-3 -8 0 0.3611507328577862 11.340591054033785 
-3 -9 0 0.3611507328577814 11.34059104703671 
-3 -10 0 0.681392628803924 8.062771467652531 
-2 -10 0 1.4637795879009807 6.5665408544111035 
-3 -11 0 0.68139262880392 8.062771467652531 
-2 -11 0 1.4637795879009807 6.5665408544111035 
-4 -4 0 5.0 7.0 
-4 -5 0 4.999999999999999 7.0 
-4 -6 0 3.0353889146814557 10.0 
-4 -7 0 3.0353889146814548 10.0 
-4 -8 0 1.4784382591845533 11.340591055405236 
-4 -9 0 1.4784382591845524 11.340591055405234 
-4 -10 0 0.6813926288039216 8.645751311064588 
-4 -11 0 0.6813926288039248 8.64575131106459 
-4 -12 0 1.9999999999999998 2.0 
-3 -12 0 2.0 2.0 
-4 -13 0 2.0 2.0 
-3 -13 0 2.0 2.0 
-5 -6 0 8.0 8.0 
-5 -7 0 8.0 8.0 
-5 -8 0 4.726927136932335 10.132637493579837 
-5 -9 0 4.726927136932333 10.13263749357984 
-5 -10 0 3.3542486889354084 8.645751311064592 
-5 -11 0 3.354248688935409 8.645751311064593 
-5 -12 0 2.0 2.0 
-5 -13 0 2.0 2.0 
