3 5 0 0.9999999999999997 4.0 
4 5 0 4.0 4.0 
3 4 0 1.0000000000000016 4.0 
4 4 0 4.0 4.0 
3 3 0 1.8796851250528783 15.334251418888382 
4 3 0 5.762725247605574 15.334251418888384 
3 2 0 1.8796851250297661 15.334251418888378 
4 2 0 5.762725247605573 15.334251418888382 
3 1 0 2.4577145312014292 18.735508459782785 
4 1 0 7.871824679143401 16.822055541063854 
3 0 0 2.4577145306548323 18.735508744676164 
4 0 0 7.871824679143401 16.82205554106386 
3 -1 0 4.194171776783326 18.0 
4 -1 0 14.0 14.0 
3 -2 0 4.194171776783325 18.000000000000014 
4 -2 0 14.0 14.0 
2 5 0 0.9999999999999996 3.9999999999999996 
2 4 0 0.9999999999999997 4.0 
2 3 1 1.2752008823932643 14.590966999681257 
2 2 1 1.2752008823932657 14.590967050523185 
2 1 0 0.6167443404490799 18.735508717317394 
2 0 0 0.6167443404491968 18.735508808228193 
2 -1 0 1.3061572635170262 19.999999995676635 
2 -2 0 1.30615726364916 19.99999999814252 
2 -3 0 3.044773905848999 16.869057421921106 
3 -3 0 8.585786437626904 12.000000000000002 
2 -4 0 3.044773904569432 16.8690574200273 
3 -4 0 8.585786437626906 12.000000000000002 
1 5 0 3.0 3.0 
1 4 0 3.0 3.0 
1 3 0 1.2752008824415477 13.174219486447791 
1 2 0 1.2752008836980582 13.174219486447791 
1 1 0 0.6167443411838128 17.472866114651083 
1 0 0 0.6167443404522742 17.472866361087533 
1 -1 1 1.0959216251498496 19.999999890691356 
1 -2 1 1.0959216382132166 19.999999957797836 
1 -3 0 1.0219913040025084 17.999998851908927 
1 -4 0 1.0219913040028556 17.99999979871127 
1 -5 0 2.8743859941264684 14.999999992525526 
2 -5 0 6.585786437626905 10.000000000000002 
1 -6 0 2.87438599412049 14.99999871264204 
2 -6 0 6.585786437626906 9.999999999999998 
0 3 0 3.6896655036193913 11.618487032073643 
0 2 0 3.6896655036193873 11.618487032073642 
0 1 0 0.8930085877485415 15.837716317513111 
0 0 0 0.8930085877483339 15.837716286018564 
0 -1 2 0.8760420121163621 19.716237431900456 
0 -2 2 0.8760420121163514 19.716237543997988 
0 -3 1 0.2705086077124005 19.80348431107098 
0 -4 1 0.2705086077123978 19.803705333710777 
0 -5 0 1.4039226977064359 16.725945408270842 
0 -6 0 1.4039226973462964 16.727204072583294 
0 -7 0 3.3328123884667797 13.573400160634092 
1 -7 0 7.0 7.0 
0 -8 0 3.3328123888125996 13.5734001606341 
1 -8 0 7.0 7.0 
-1 3 0 4.0 8.0 
-1 2 0 3.9999999999999982 8.0 
-1 1 0 2.4340622288079636 14.442440426968368 
-1 0 0 2.434062228777263 14.442440433493404 
-1 -1 0 0.8760420121606676 17.999999520782545 
-1 -2 0 0.8760420121164021 17.999999972499655 
-1 -3 1 0.2705086077123955 19.999998527674247 
-1 -4 1 0.2705086077123971 19.999999894552843 
-1 -5 1 0.6936996447495923 17.7724752299876 
-1 -6 1 0.6936996447495954 17.77247959207191 
-1 -7 0 1.2357383963056292 14.71725681506973 
-1 -8 0 1.235738396307232 14.717256755065886 
-2 3 0 7.0 7.000000000000001 
-2 2 0 7.0 7.0 
-2 1 0 4.3983726092803455 13.274284805201853 
-2 0 0 4.398372624164026 13.274284805201843 
-2 -1 0 2.530059597849555 16.670805616490416 
-2 -2 0 2.5300595836984168 16.670805566000045 
-2 -3 0 0.6480982737126063 19.99999961673545 
-2 -4 0 0.6480982737465681 19.999999903683115 
-2 -5 1 0.5732914978396225 19.06032542323761 
-2 -6 1 0.5732914978396746 19.06032542076472 
-2 -7 1 0.6013888985411092 16.120717972751617 
-2 -8 1 0.6013888985411092 16.120717995878106 
-2 -9 0 0.9996234129660871 12.714934660775565 
-1 -9 0 3.096746176382299 11.438192052131717 
-2 -10 0 0.9996234129200641 12.714934213733722 
-1 -10 0 3.0967461764338755 11.438192052131075 
-3 3 0 7.0 7.0 
-3 2 0 7.0 7.0 
-3 1 0 4.561174867415074 11.819820456386163 
-3 0 0 4.561174867415076 11.81982045638616 
-3 -1 0 2.6850991413177554 14.999999755854999 
-3 -2 0 2.68509915013626 14.999999962399517 
-3 -3 0 1.3694069729991478 17.999999193379914 
-3 -4 0 1.3694069728049996 17.99999943245763 
-3 -5 0 0.573291497839978 19.060325427471547 
-3 -6 0 0.5732914978412618 19.06032542650153 
-3 -7 1 0.601388898541109 16.968481769703143 
-3 -8 1 0.6013888985411354 16.968481372561424 
-3 -9 1 0.2644096352151967 14.00935417158689 
-3 -10 1 0.2644096352151952 14.009354172420693 
-3 -11 0 1.1775119195355659 9.377161049528311 
-2 -11 0 2.9999999999999996 8.414213562373092 
-3 -12 0 1.1775119195355648 9.37716104297663 
-2 -12 0 2.9999999999999996 8.414213562373096 
-4 1 0 6.585786437626904 9.999999999999998 
-4 0 0 6.585786437626905 10.000000000000002 
-4 -1 0 4.416660937365431 13.686956467580154 
-4 -2 0 4.416660937373051 13.686956467582165 
-4 -3 0 2.674705914393695 16.999999959661217 
-4 -4 0 2.6747059143928604 16.999999999604363 
-4 -5 0 1.4234977951701757 18.254216978693353 
-4 -6 0 1.4234977949718315 18.254217018705557 
-4 -7 0 0.7121595562249418 16.968481602903594 
-4 -8 0 0.7121595562247245 16.968481010610915 
-4 -9 0 0.2644096352155321 14.394334128028236 
-4 -10 0 0.26440963521522987 14.394334139825506 
-4 -11 1 1.177511920024668 10.736202830254205 
-4 -12 1 1.1775119196712567 10.736202830036353 
-4 -13 0 0.9999999999999997 4.0 
-3 -13 0 3.0 3.0 
-4 -14 0 1.0 4.0 
-3 -14 0 3.0 3.0 
-5 -1 0 8.585786437626902 12.0 
-5 -2 0 8.585786437626908 12.0 
-5 -3 0 6.160204954445046 14.99456459866914 
-5 -4 0 6.160204954445485 14.994564598663791 
-5 -5 0 4.340160926095123 16.796979370452433 
-5 -6 0 4.340160926094647 16.79697811294209 
-5 -7 0 2.849655072338094 16.929224594014062 
-5 -8 0 2.849655074977437 16.929224613960823 
-5 -9 0 1.976560137901027 14.455005796055154 
-5 -10 0 1.9765601379010258 14.455005796929722 
-5 -11 0 1.325476694835832 10.946493948400997 
-5 -12 0 1.3254766947710634 10.946493948425394 
-5 -13 0 1.0000000000000002 4.0 
-5 -14 0 1.0000000000000002 4.0 
-6 -3 0 14.0 14.0 
-6 -4 0 14.0 14.0 
-6 -5 0 10.197832617039175 15.883256989420522 
-6 -6 0 10.197832617039175 15.88325698942052 
-6 -7 0 7.956032069320165 16.285936768329563 
-6 -8 0 7.956032069320168 16.285936768329563 
-6 -9 0 5.975805999746004 14.455005797143109 
-6 -10 0 5.975805999746005 14.455005797143102 
-6 -11 0 4.569331983896495 10.946493948426438 
-6 -12 0 4.569331983896494 10.946493948426433 
-6 -13 0 4.0 4.0 
-6 -14 0 4.0 4.0 
