6 16 0 3.0 5.0 
7 16 0 5.0 5.0 
6 15 0 3.0000000000000004 5.0 
7 15 0 5.0 5.0 
6 14 0 2.8208983915851373 12.507902722379884 
7 14 0 6.0 12.507902771376559 
6 13 0 2.820898391579849 12.507902769950427 
7 13 0 5.999999999999999 12.50790277137656 
6 12 0 3.404661853976126 17.017016090103525 
7 12 0 7.550510257216823 16.586874512018426 
6 11 0 3.404661853976081 17.017018656900607 
7 11 0 7.550510257216824 16.58687451201843 
6 10 0 4.785659088048127 17.761044039322442 
7 10 0 10.999999999999998 16.655442381549832 
6 9 0 4.785659063468004 17.761044039320574 
7 9 0 10.999999999999998 16.655442381549832 
6 8 0 6.905797814947811 16.999999999187203 
7 8 0 15.0 15.0 
6 7 0 6.905797814934994 16.999999998704837 
7 7 0 15.0 15.0 
5 16 0 2.9999999999999996 5.0 
5 15 0 3.0 5.000000000000001 
5 14 0 0.9979277881948725 12.219024682014213 
5 13 0 0.9979277882893465 12.219030501539521 
5 12 0 1.2881174016888368 17.017018333952116 
5 11 0 1.2881174017485357 17.01701863376847 
5 10 0 1.8369615600195213 18.917590902633666 
5 9 0 1.8369615618774504 18.917591065662947 
5 8 0 3.2130407859775567 17.99999992436719 
5 7 0 3.213040776230438 17.99999999976355 
5 6 0 4.883089456374456 15.999999977491607 
6 6 0 11.0 14.000000000000002 
5 5 0 4.883089456394101 15.999999842876202 
6 5 0 10.999999999999998 14.000000000000002 
4 16 0 3.0 5.0 
4 15 0 3.0 5.0 
4 14 0 0.9979277885624134 12.169389511757498 
4 13 0 0.9979277894885051 12.169389510247672 
4 12 0 0.22035525439304152 15.655946439559065 
4 11 0 0.22035525439115583 15.655946094934253 
4 10 0 0.3238890954803489 18.917591047480606 
4 9 0 0.32388909548291767 18.917591039933445 
4 8 0 0.687185979097906 19.99999997961479 
4 7 0 0.6871859785629914 19.999999960653746 
4 6 0 1.9497218523538167 16.746861609379355 
4 5 0 1.9497218473537994 16.746861595089854 
4 4 0 3.5423896261933825 14.41421348495884 
5 4 0 7.000000000000002 12.414213562373098 
4 3 0 3.5423896066077147 14.414213374248572 
5 3 0 7.0 12.41421356237309 
3 16 0 3.0 5.0 
3 15 0 3.0 5.0 
3 14 0 1.2883440048803534 12.142426164568956 
3 13 0 1.2883440048852144 12.142426164568944 
3 12 0 0.22035525441223477 14.843056765381604 
3 11 0 0.22035525440830547 14.843056757112642 
3 10 1 0.29282163642600234 17.475620022878296 
3 9 1 0.29282163642600556 17.475620205412344 
3 8 0 0.16181761296168612 19.99999810151403 
3 7 0 0.16181761298354747 19.99999999430477 
3 6 0 0.5323516294507447 17.679405965205316 
3 5 0 0.5323516294127534 17.679406038197108 
3 4 0 1.5543632510059673 15.56728079907735 
3 3 0 1.5543632515784565 15.568688608440086 
3 2 0 2.9950708096430874 12.17577074419997 
4 2 0 5.585786437626905 10.414213562373096 
3 1 0 2.9950708095976855 12.175770744201008 
4 1 0 5.585786437626906 10.414213562373098 
2 14 0 3.2563228429418563 10.041969744516125 
2 13 0 3.2563228429418554 10.041969744516125 
2 12 0 1.5060924784378542 14.209184529866112 
2 11 0 1.506092478440567 14.209184537015016 
2 10 0 0.29282163642854075 16.320546955879077 
2 9 0 0.29282163642643505 16.320547760874252 
2 8 0 0.1618176129794687 19.734191896877004 
2 7 0 0.16181761295570501 19.734192515299696 
2 6 1 0.5323516294047342 19.999999922925845 
2 5 1 0.53235162940636 19.999999142877943 
2 4 0 0.9067608908790576 16.4563041802307 
2 3 0 0.9067608918778649 16.456303548791414 
2 2 0 2.2076060529581274 13.989788063445614 
2 1 0 2.207606052420389 13.989788100955742 
2 0 0 3.8751145802354254 8.761557181831893 
3 0 0 5.000000000000001 7.000000000000001 
2 -1 0 3.8751145802354245 8.761557181831893 
3 -1 0 5.0 7.0 
1 14 0 6.0 6.0 
1 13 0 6.0 6.0 
1 12 0 3.5570570558542447 12.715632247164972 
1 11 0 3.5570570315873846 12.715632247165836 
1 10 0 1.7997151922243237 15.629252484075344 
1 9 0 1.7997151920740704 15.6292524866311 
1 8 0 0.7103697200039917 17.821156656687837 
1 7 0 0.7103697199949993 17.82115631725302 
1 6 0 0.370554305214157 19.99999950842417 
1 5 0 0.37055430521527655 19.99999914463634 
1 4 0 0.5389389558329655 17.334008601980422 
1 3 0 0.5389389552678504 17.334007766696438 
1 2 0 1.0960693775582615 15.011324683687029 
1 1 0 1.0960693775712675 15.011324683707679 
1 0 0 2.366399082908039 10.596591019012664 
1 -1 0 2.366399082908023 10.596591019012664 
0 12 0 6.381966011250105 9.618033988749893 
0 11 0 6.381966011250105 9.618033988749895 
0 10 0 3.7227927145932367 14.824728198334917 
0 9 0 3.7227926992358924 14.824728011848357 
0 8 0 1.9279794940777435 16.79828233549794 
0 7 0 1.9279794942475321 16.798281074624516 
0 6 0 0.3705543052099245 19.99999991838454 
0 5 0 0.3705543052099263 19.99999996474946 
0 4 1 0.5389389552668673 19.073464001930322 
0 3 1 0.5389389552668664 19.07350305817322 
0 2 1 0.9635673876380308 15.799562224830932 
0 1 1 0.9635673876380317 15.799562223916421 
0 0 0 2.0514785113627183 12.005135544408887 
0 -1 0 2.051478511373477 12.005135544642199 
0 -2 0 4.0 4.0 
1 -2 0 4.0 4.0 
0 -3 0 4.0 4.0 
1 -3 0 4.0 4.0 
-1 10 0 7.18639349735167 11.999999999999998 
-1 9 0 7.18639349735167 12.0 
-1 8 0 4.4005344679264295 15.999998816131228 
-1 7 0 4.400534466483134 15.999999465066503 
-1 6 0 2.5849759306612516 17.96517369728298 
-1 5 0 2.5849759306615456 17.9651731965369 
-1 4 0 1.4912184341826225 19.073503057085226 
-1 3 0 1.4912184341899535 19.07350304949194 
-1 2 0 0.9635673876380489 16.893083738821367 
-1 1 0 0.9635673876380451 16.893083901080207 
-1 0 0 1.7736193107220426 12.91919207876449 
-1 -1 0 1.7736193107220404 12.919192076746365 
-1 -2 0 4.0 4.0 
-1 -3 0 4.0 4.0 
-2 8 0 8.999999999999998 13.0 
-2 7 0 8.999999999999998 13.0 
-2 6 0 5.940667158215038 16.99999999999996 
-2 5 0 5.940667158215035 16.99999999999992 
-2 4 0 3.845085227136118 18.247143385498838 
-2 3 0 3.845085223973497 18.247143385514143 
-2 2 0 2.351870752229578 16.8930835970149 
-2 1 0 2.3518707539543002 16.893083743714534 
-2 0 0 1.7736193107220326 14.472135954999576 
-2 -1 0 1.7736193107220346 14.47213595499958 
-2 -2 0 4.0 4.0 
-2 -3 0 4.0 4.0 
-3 6 0 14.0 14.0 
-3 5 0 14.0 14.0 
-3 4 0 8.164978571217222 16.10083043268474 
-3 3 0 8.16497857121722 16.10083043268475 
-3 2 0 6.594875162046671 16.674784177799843 
-3 1 0 6.594875162046673 16.674784177799854 
-3 0 0 4.999999999999999 14.47213595499958 
-3 -1 0 5.0 14.472135954999583 
-3 -2 0 4.0 4.0 
-3 -3 0 4.0 4.0 
