0 0 1 2.0 3.0 
1 0 0 3.0 3.0 
0 -1 1 2.0 3.0 
1 -1 0 3.0 3.0 
0 -2 1 1.4154046333814596 10.854101966249685 
1 -2 0 4.145898033750315 10.854101966249685 
0 -3 1 1.4154046333814603 10.854101966249686 
1 -3 0 4.145898033750315 10.854101966249685 
0 -4 0 0.7575837033124384 12.000000000000002 
1 -4 0 9.0 9.0 
0 -5 0 0.7575837033124383 12.0 
1 -5 0 9.0 9.0 
-1 0 0 2.0 2.0 
-1 -1 0 2.0 2.0 
-1 -2 1 1.4154046333814607 8.999999999999996 
-1 -3 1 1.4154046333814587 9.0 
-1 -4 0 0.7575837033124382 11.999999997741531 
-1 -5 0 0.7575837033124393 11.999999994804877 
-1 -6 0 1.2240887614358775 9.670621507635623 
0 -6 0 3.5857864376269046 6.999999999999999 
-1 -7 0 1.2240887614358777 9.670621507635621 
0 -7 0 3.585786437626906 6.999999999999999 
-2 -2 0 1.9999999999999993 7.56155281280883 
-2 -3 0 1.9999999999999993 7.56155281280883 
-2 -4 1 0.998983216026587 11.999999982021524 
-2 -5 1 0.9989832160265911 11.99999995506578 
-2 -6 1 0.6260077528182248 11.999999877767705 
-2 -7 1 0.6260077528182241 11.99999998276955 
-2 -8 0 0.8113910289429969 6.891537530448199 
-1 -8 0 4.0 4.0 
-2 -9 0 0.8113910289429964 6.8915375304482005 
-1 -9 0 4.0 4.0 
-3 -2 0 4.0 4.0 
-3 -3 0 4.0 4.0 
-3 -4 0 1.938437695938779 10.0 
-3 -5 0 1.938437695938779 10.000000000000002 
-3 -6 0 0.626007752818225 11.999999953502389 
-3 -7 0 0.6260077528182256 11.999999561219807 
-3 -8 1 0.8113910289429972 10.000000000000005 
-3 -9 1 0.8113910289429953 9.999999999999998 
-4 -4 0 6.0 8.0 
-4 -5 0 5.999999999999999 8.0 
-4 -6 0 1.5828578330010257 10.649258603013092 
-4 -7 0 1.5828578330010237 10.64925860301309 
-4 -8 1 1.804218774434591 10.0 
-4 -9 1 1.8042187744345919 10.000000000000005 
-4 -10 0 0.5575284002031095 7.174522407365767 
-3 -10 0 2.0 2.0 
-4 -11 0 0.557528400203109 7.174522407365767 
-3 -11 0 2.0 2.0 
-5 -4 0 6.0 6.0 
-5 -5 0 6.0 6.0 
-5 -6 0 3.153802500045543 9.293293580903493 
-5 -7 0 3.153802500045541 9.293293580903491 
-5 -8 0 1.8042187744345914 9.338534308342492 
-5 -9 0 1.8042187744345908 9.338534308342489 
-5 -10 0 0.5575284002031101 7.174522407365767 
-5 -11 0 0.5575284002031098 7.174522407365767 
