2 6 0 2.9999999999999996 5.0 
3 6 0 5.0 5.0 
2 5 0 3.0 5.0 
3 5 0 5.0 5.0 
2 4 0 2.535797696669993 9.618033988749895 
3 4 0 7.381966011250106 9.618033988749895 
2 3 0 2.5357976966699907 9.6180339887499 
3 3 0 7.381966011250104 9.618033988749895 
2 2 0 3.2671832455408985 11.746061563791084 
3 2 0 11.0 11.0 
2 1 0 3.267183245540901 11.746061563791084 
3 1 0 11.0 11.0 
1 6 0 0.9999999999999996 5.0 
1 5 0 1.0000000000000004 5.000000000000001 
1 4 0 0.691802747059677 9.364399982747845 
1 3 0 0.6918027470596785 9.364399984507203 
1 2 0 0.6548228829210582 11.746061563695717 
1 1 0 0.6548228829302062 11.74606156376643 
1 0 0 0.9161979339301027 10.44918972017329 
2 0 0 6.267949192431122 9.732050807568882 
1 -1 0 0.916197933853577 10.44918975259988 
2 -1 0 6.267949192431123 9.732050807568879 
0 6 0 1.0 5.0 
0 5 0 1.0000000000000002 5.0 
0 4 1 0.6918027470596798 8.458943487071428 
0 3 1 0.6918027470596766 8.458943487071432 
0 2 3 0.6548228829198537 11.356959009336991 
0 1 3 0.6548228829198571 11.356959051728042 
0 0 3 0.6548228829198526 11.356959051861056 
0 -1 3 0.6548228829198536 11.356959050403184 
0 -2 1 0.6918027470596767 8.45894348707142 
1 -2 0 2.267949192431123 7.732050807568877 
0 -3 1 0.6918027470596777 8.45894337850758 
1 -3 0 2.2679491924311224 7.7320508075688785 
-1 4 0 2.2679491924311233 7.732050807568878 
-1 3 0 2.2679491924311215 7.732050807568877 
-1 2 0 0.9161979339849226 10.449189751829676 
-1 1 0 0.9161979338303085 10.449189748459169 
-1 0 0 0.6548228829206367 11.746060612550174 
-1 -1 0 0.6548228829226266 11.746061563711722 
-1 -2 0 0.691802747059683 9.364399833313788 
-1 -3 0 0.6918027470596781 9.36439996722277 
-1 -4 0 0.9999999999999991 5.000000000000001 
0 -4 0 1.0 5.0 
-1 -5 0 1.0000000000000002 5.0 
0 -5 0 0.9999999999999998 5.000000000000001 
-2 2 0 6.267949192431123 9.732050807568877 
-2 1 0 6.267949192431123 9.732050807568877 
-2 0 0 3.267183245540898 11.746061563791082 
-2 -1 0 3.267183245540898 11.746061563791084 
-2 -2 0 2.53579769666999 9.618033988749895 
-2 -3 0 2.5357976966699907 9.618033988749893 
-2 -4 0 3.0 5.0 
-2 -5 0 2.9999999999999996 5.0 
-3 0 0 11.0 11.0 
-3 -1 0 11.0 11.0 
-3 -2 0 7.381966011250107 9.618033988749895 
-3 -3 0 7.381966011250105 9.618033988749895 
-3 -4 0 5.0 5.0 
-3 -5 0 5.0 5.0 
