3 7 0 2.0000000000000004 5.0 
4 7 0 5.0 5.0 
3 6 0 1.9999999999999996 5.0 
4 6 0 5.0 5.0 
3 5 0 2.089009884774503 11.64575131106404 
4 5 0 6.354248688935409 11.645751311064592 
3 4 0 2.089009884774506 11.645751311064181 
4 4 0 6.35424868893541 11.645751311064592 
3 3 0 3.182155987708466 14.714624245676983 
4 3 0 8.585786437626906 14.0 
3 2 0 3.1821559848183436 14.714624245676987 
4 2 0 8.585786437626904 13.999999999999998 
3 1 0 4.7118374895420585 13.93224344552965 
4 1 0 13.0 13.0 
3 0 0 4.711837489542063 13.932243456293532 
4 0 0 13.0 13.0 
2 7 0 2.0 5.0 
2 6 0 1.9999999999999987 5.0 
2 5 0 0.9556135339630976 11.43458601303162 
2 4 0 0.9556135339630858 11.434586012904568 
2 3 0 1.0179439473862661 14.714624245647942 
2 2 0 1.017943946395903 14.714624245539694 
2 1 0 1.293792292079685 15.999999999799591 
2 0 0 1.2937922921132667 15.999999999993184 
2 -1 0 2.8550823591679633 12.777241612278539 
3 -1 0 6.875114580235427 11.761557181831892 
2 -2 0 2.855082370270957 12.777241613138962 
3 -2 0 6.875114580235427 11.761557181831893 
1 7 0 2.0 5.0 
1 6 0 2.0 5.0 
1 5 0 0.9556135339630839 10.185091318226904 
1 4 0 0.9556135339630855 10.18509131815383 
1 3 0 0.33645150765964627 13.481923780640598 
1 2 0 0.33645150765964765 13.481923776203349 
1 1 0 0.512570650259204 15.99999999639621 
1 0 0 0.5125706502460547 15.999999991118177 
1 -1 0 0.9146342923209877 13.999999347556411 
1 -2 0 0.9146342930226694 13.99999999409147 
1 -3 0 1.931519616860804 11.43272821611007 
2 -3 0 4.875114580235426 9.76155718183189 
1 -4 0 1.931519616712574 11.432728216884634 
2 -4 0 4.875114580235424 9.76155718183189 
0 7 0 4.0 4.0 
0 6 0 4.0 4.0 
0 5 0 2.496957424896293 8.993358156577665 
0 4 0 2.4969574248962942 8.99335815657766 
0 3 0 0.3364515076596448 12.424393363274334 
0 2 0 0.3364515076596476 12.4243928871184 
0 1 1 0.5125706502452112 15.454317251972308 
0 0 1 0.5125706502452088 15.45431725240119 
0 -1 1 0.5055289307495783 15.664651643571036 
0 -2 1 0.5055289307495799 15.66465168389495 
0 -3 0 0.3925180379261157 12.591022840432572 
0 -4 0 0.39251803792611806 12.591022925042111 
0 -5 0 2.485804579547086 9.544146467015938 
1 -5 0 3.4769044093683292 7.441290910412462 
0 -6 0 2.4858045795470867 9.544146467015942 
1 -6 0 3.4769044093683292 7.441290910412461 
-1 5 0 5.0 7.0 
-1 4 0 4.999999999999999 7.000000000000001 
-1 3 0 2.333344435121552 11.656875775658442 
-1 2 0 2.3333444363173017 11.656875456303442 
-1 1 0 0.8277615368920737 13.928042491250718 
-1 0 0 0.8277615368920571 13.9280432024805 
-1 -1 0 0.5055289307625047 15.999999998625526 
-1 -2 0 0.5055289307498718 15.999999438464455 
-1 -3 0 0.3925180379299901 13.40266135897673 
-1 -4 0 0.3925180379316487 13.402661384281668 
-1 -5 0 0.9898865852573792 11.113178790144456 
-1 -6 0 0.9898865852573161 11.113178790144309 
-1 -7 0 4.0 4.0 
0 -7 0 4.0 4.0 
-1 -8 0 4.0 4.0 
0 -8 0 4.0 4.0 
-2 3 0 5.999999999999999 10.0 
-2 2 0 6.0 10.0 
-2 1 0 3.3415893664863847 12.999999974979945 
-2 0 0 3.341589367274616 12.999999993105968 
-2 -1 0 1.475951574485461 15.999999999393959 
-2 -2 0 1.4759515716829648 15.999999999986777 
-2 -3 0 0.9929518756437027 14.845090088604225 
-2 -4 0 0.9929518756438045 14.845090088447439 
-2 -5 0 0.9898865852720719 11.17156973719594 
-2 -6 0 0.9898865852581354 11.171569737176954 
-2 -7 0 4.0 4.0 
-2 -8 0 4.0 4.0 
-3 1 0 9.0 11.0 
-3 0 0 8.999999999999998 11.0 
-3 -1 0 4.8769547487345335 14.000000000000004 
-3 -2 0 4.876954748734524 14.0 
-3 -3 0 3.434087417864012 14.84509008732936 
-3 -4 0 3.4340874187448476 14.845090088614358 
-3 -5 0 2.7550813410617034 11.75877048314363 
-3 -6 0 2.7550813410617043 11.75877048314363 
-3 -7 0 4.0 4.0 
-3 -8 0 4.0 4.0 
-4 -1 0 12.0 12.0 
-4 -2 0 12.0 12.0 
-4 -3 0 7.506040792565064 13.603875471609678 
-4 -4 0 7.5060407925650665 13.603875471609678 
-4 -5 0 4.935822227524087 11.758770483143632 
-4 -6 0 4.9358222275240875 11.758770483143634 
-4 -7 0 4.0 4.0 
-4 -8 0 4.0 4.0 
