4 8 0 5.0 7.0 
5 8 0 7.0 7.0 
4 7 0 5.0 7.0 
5 7 0 7.0 7.0 
4 6 0 4.606465220119786 13.414213393630723 
5 6 0 9.999999999999998 13.414213562373094 
4 5 0 4.606465220119782 13.4142135562275 
5 5 0 10.0 13.414213562373092 
4 4 0 5.77793378356992 17.3720250552716 
5 4 0 13.267949192431123 16.732050807568882 
4 3 0 5.777933783567096 17.372025055270733 
5 3 0 13.267949192431121 16.73205080756888 
4 2 0 8.798092680782817 17.973604393677718 
5 2 0 17.0 17.0 
4 1 0 8.79809268078281 17.973604355798003 
5 1 0 17.0 17.0 
3 8 0 4.999999999999998 7.000000000000001 
3 7 0 4.999999999999999 7.000000000000002 
3 6 0 3.2510035738916816 12.973282653112754 
3 5 0 3.2510035761805955 12.973281364478293 
3 4 0 3.0467022558160224 17.37202463601886 
3 3 0 3.0467022572276767 17.372025034636984 
3 2 0 3.5981364145742267 19.999999999939927 
3 1 0 3.5981364145151113 19.99999999985676 
3 0 0 5.791245504279375 16.85648672463365 
4 0 0 12.267949192431123 16.0 
3 -1 0 5.791245485252113 16.855410071518136 
4 -1 0 12.267949192431123 16.0 
2 8 0 4.999999999999999 7.000000000000002 
2 7 0 4.999999999999998 7.000000000000001 
2 6 0 3.0980829231040357 12.83276842048726 
2 5 0 3.098082918950627 12.833567483946931 
2 4 0 1.8938278596827949 16.453460029982242 
2 3 0 1.8938278596591562 16.453459923933824 
2 2 0 1.4451854504240733 19.999999986979393 
2 1 0 1.4451854505664956 19.999999588534482 
2 0 0 2.444532269807334 17.999998295392512 
2 -1 0 2.4445322698074676 17.999998397288742 
2 -2 0 4.319737166083004 15.803528055451556 
3 -2 0 9.267949192431123 15.0 
2 -3 0 4.3197371625516885 15.803528005151934 
3 -3 0 9.267949192431123 15.0 
1 8 0 4.999999999999999 7.000000000000001 
1 7 0 4.999999999999999 7.000000000000002 
1 6 0 3.098082911031074 12.551388800856536 
1 5 0 3.098082917447426 12.551388801222114 
1 4 1 1.8053172097131374 16.252954384905017 
1 3 1 1.8053172078032704 16.252923563962757 
1 2 2 0.9348610574876915 19.198636513238853 
1 1 2 0.9348610574876869 19.198636535839892 
1 0 1 0.6379308481650262 19.39056951408403 
1 -1 1 0.6379308481650263 19.3905680319818 
1 -2 0 0.6344531113415174 16.576538810168476 
1 -3 0 0.6344531113420595 16.57654193986335 
1 -4 0 3.106646722073902 14.545346785894115 
2 -4 0 6.267949192431126 13.732050807568873 
1 -5 0 3.106646722094417 14.545346267369233 
2 -5 0 6.2679491924311215 13.732050807568879 
0 8 0 4.999999999999999 7.000000000000001 
0 7 0 4.999999999999999 7.0 
0 6 0 3.281870109319344 12.457041813300432 
0 5 0 3.2818701093202343 12.457041782959992 
0 4 0 1.8053172128386765 15.27448844804603 
0 3 0 1.8053172066895733 15.274489571775515 
0 2 0 0.7147280783615212 17.999999809658895 
0 1 0 0.7147280785647857 17.99999998331617 
0 0 0 0.6206913416246601 19.999999869191054 
0 -1 0 0.620691342427887 19.999999959217504 
0 -2 0 0.6344531113464354 17.547010696687305 
0 -3 0 0.6344531114634117 17.54701010469626 
0 -4 0 1.1595597408253149 15.521855285799537 
0 -5 0 1.1595597408261937 15.521855309816077 
0 -6 0 2.311905798228676 12.348088311843911 
1 -6 0 4.999999999999997 11.000000000000004 
0 -7 0 2.311905798228117 12.348088321741464 
1 -7 0 4.999999999999999 10.999999999999996 
-1 8 0 5.0 7.0 
-1 7 0 5.0 7.0 
-1 6 0 3.333301336113459 11.307300440370346 
-1 5 0 3.3333013362488337 11.30730044044451 
-1 4 0 1.829961665998234 14.456599497216711 
-1 3 0 1.8299616659925666 14.45659923180579 
-1 2 0 0.7147280782631932 16.483594639767343 
-1 1 0 0.7147280783099741 16.483595291092005 
-1 0 1 0.6206913415153844 19.999999999933667 
-1 -1 1 0.6206913415153891 19.999999999193605 
-1 -2 2 1.0038275682824211 18.85613125745177 
-1 -3 2 1.0038275682831612 18.85613124080033 
-1 -4 1 0.5868032037184034 16.249081470393318 
-1 -5 1 0.5868032037184036 16.249081479481525 
-1 -6 0 0.7091714055448479 13.527094417576869 
-1 -7 0 0.7091714055448678 13.527094628199729 
-1 -8 0 1.7672560891890705 9.349611733637287 
0 -8 0 4.0 8.0 
-1 -9 0 1.7672560891890712 9.34961173363768 
0 -9 0 4.0 8.0 
-2 6 0 6.267949192431124 9.732050807568875 
-2 5 0 6.267949192431123 9.732050807568877 
-2 4 0 4.443661289968684 13.307252497920151 
-2 3 0 4.4436612887170375 13.307252497844015 
-2 2 0 2.9094607891226945 15.591836992571425 
-2 1 0 2.909460789575022 15.59183521252957 
-2 0 0 1.7140657434013877 17.639603758271786 
-2 -1 0 1.7140657415760674 17.639603880325303 
-2 -2 0 1.1224939584566174 18.8561311893699 
-2 -3 0 1.1224939584668254 18.856131001064 
-2 -4 0 0.5868032038029258 17.070346742795117 
-2 -5 0 0.5868032039083936 17.070346742817843 
-2 -6 0 0.7091714055448872 14.428185522316893 
-2 -7 0 0.7091714055451187 14.428185495296265 
-2 -8 0 1.7672560891892257 10.536861069041631 
-2 -9 0 1.7672560891890954 10.5368610630984 
-2 -10 0 2.9999999999999996 5.0 
-1 -10 0 3.0 5.0 
-2 -11 0 2.9999999999999996 5.0 
-1 -11 0 3.0000000000000004 5.0 
-3 4 0 8.267949192431121 11.732050807568877 
-3 3 0 8.267949192431121 11.732050807568877 
-3 2 0 5.926063989358083 14.764239597272068 
-3 1 0 5.9260639894910305 14.764239857194292 
-3 0 0 4.155152234684572 16.67575585796703 
-3 -1 0 4.155152234676008 16.67575564179577 
-3 -2 0 2.8378133164377473 18.117556911662007 
-3 -3 0 2.837813310138703 18.117556913211974 
-3 -4 0 1.898393564137872 17.09022199233029 
-3 -5 0 1.8983935651823096 17.090209993740096 
-3 -6 0 1.688108609915091 14.573280804367784 
-3 -7 0 1.688108609562725 14.573280798559555 
-3 -8 0 1.8412283871583341 10.703300204921103 
-3 -9 0 1.8412283871280504 10.703300204583346 
-3 -10 0 2.9999999999999996 5.000000000000001 
-3 -11 0 3.0 5.0 
-4 2 0 10.267949192431123 13.732050807568879 
-4 1 0 10.267949192431121 13.732050807568879 
-4 0 0 7.890772543089407 15.83875615441385 
-4 -1 0 7.890772543107439 15.838756309942314 
-4 -2 0 5.827351184401929 17.12557630334627 
-4 -3 0 5.827351241717106 17.125576459582188 
-4 -4 0 4.38836029433136 17.090221967407864 
-4 -5 0 4.388360294332125 17.09022199371086 
-4 -6 0 3.4505173527093946 14.673343003425936 
-4 -7 0 3.4505173526959565 14.673343012310042 
-4 -8 0 2.7568857415206045 10.737447536534972 
-4 -9 0 2.756885741492747 10.737451064830038 
-4 -10 0 3.000000000000001 5.000000000000001 
-4 -11 0 3.0 5.0 
-5 0 0 15.0 15.0 
-5 -1 0 15.0 15.0 
-5 -2 0 11.30498319724122 16.339833392346648 
-5 -3 0 11.304983197241222 16.33983339234665 
-5 -4 0 9.060888421010862 16.668342401562224 
-5 -5 0 9.06088842101087 16.66834240156222 
-5 -6 0 7.036025013865477 14.673343019489547 
-5 -7 0 7.0360250138654745 14.67334301948955 
-5 -8 0 5.801642555904545 10.737451064830042 
-5 -9 0 5.801642555904546 10.737451064830042 
-5 -10 0 5.0 5.0 
-5 -11 0 5.0 5.0 
