1 -1 0 2.000000000000001 7.0 
2 -1 0 7.0 7.0 
1 -2 0 2.0000000000000004 7.000000000000001 
2 -2 0 7.0 7.0 
1 -3 0 2.280921057974203 15.274917216867811 
2 -3 0 7.725082782364625 15.274917217635373 
1 -4 0 2.2809210579689108 15.274917217512472 
2 -4 0 7.725082782364624 15.274917217635373 
1 -5 0 3.0412457806224964 19.110981395948706 
2 -5 0 10.965958164196508 17.547506613164977 
1 -6 0 3.0412457806116153 19.110981052184094 
2 -6 0 10.965958164196511 17.547506613164977 
1 -7 0 5.044185149381095 18.9999999959287 
2 -7 0 17.0 17.0 
1 -8 0 5.044185149381095 18.999999968106575 
2 -8 0 17.0 17.0 
0 -1 1 2.0000000000000018 7.000000000000001 
0 -2 1 1.9999999999999987 6.9999999999999964 
0 -3 2 0.9488399855877343 14.833409978820903 
0 -4 2 0.9488399855877389 14.833409952403446 
0 -5 1 0.6058590526180244 19.110981389051336 
0 -6 1 0.6058590526180226 19.110981158240563 
0 -7 0 0.8875594748679353 19.77833081085028 
0 -8 0 0.8875594751755753 19.778330461337312 
0 -9 0 2.113292514829064 16.99999856262201 
1 -9 0 8.999999999999998 15.0 
0 -10 0 2.113292515080008 16.999999456155603 
1 -10 0 9.000000000000002 15.000000000000002 
-1 -1 0 3.9999999999999987 6.000000000000002 
-1 -2 0 3.9999999999999987 6.000000000000001 
-1 -3 0 0.9488399864000442 13.476702157572383 
-1 -4 0 0.9488399855923935 13.4767024313903 
-1 -5 0 0.6058590526713445 18.283510438401425 
-1 -6 0 0.6058590526185661 18.283510443845213 
-1 -7 0 0.8875594748682688 19.778330832700547 
-1 -8 0 0.8875594748681377 19.77833083847539 
-1 -9 0 1.9503496365851811 18.883714685380593 
-1 -10 0 1.9503496360446353 18.88371431416936 
-1 -11 0 2.9548272327575043 15.825704410813053 
0 -11 0 4.999999999999998 13.999999999999998 
-1 -12 0 2.954827232757427 15.825704411339329 
0 -12 0 5.000000000000001 13.999999999999998 
-2 -1 0 3.999999999999999 6.0 
-2 -2 0 3.9999999999999987 6.000000000000001 
-2 -3 0 1.7151631916950132 12.769517125866098 
-2 -4 0 1.715163191821104 12.769517125880418 
-2 -5 1 0.6328016089988167 16.823931942934635 
-2 -6 1 0.6328016089988187 16.82393194640526 
-2 -7 1 0.601381431442886 19.4815522132949 
-2 -8 1 0.6013814314418863 19.481552226516474 
-2 -9 0 0.7094493697609918 19.590150475671084 
-2 -10 0 0.7094493717418405 19.59014572106326 
-2 -11 0 1.3549871910505487 16.866735557515614 
-2 -12 0 1.3549871909529994 16.866736125245794 
-2 -13 0 2.3385150921596667 13.712922896075632 
-1 -13 0 5.186393497351671 12.000000000000002 
-2 -14 0 2.3385150890962736 13.712922902596366 
-1 -14 0 5.186393497351665 12.0 
-3 -1 0 4.000000000000001 6.0 
-3 -2 0 3.9999999999999996 6.0 
-3 -3 0 2.2422211620372225 11.908959506841923 
-3 -4 0 2.2422211617448613 11.908959506844633 
-3 -5 0 0.6328016097585042 15.394163107733695 
-3 -6 0 0.6328016090024003 15.394161038607429 
-3 -7 0 0.5318694564539984 18.8578689216069 
-3 -8 0 0.5318694569481853 18.857869246569734 
-3 -9 1 0.49435969979232736 19.999999868376 
-3 -10 1 0.49435969979232924 19.99999979565938 
-3 -11 1 0.8654897206674925 18.26401904165546 
-3 -12 1 0.8654897204644849 18.26401915091546 
-3 -13 0 0.9519648952181332 15.077286794510123 
-3 -14 0 0.9519648952272775 15.077286972084114 
-3 -15 0 2.238771344878457 10.733895953049371 
-2 -15 0 4.381966011250106 9.618033988749897 
-3 -16 0 2.2387713448784536 10.733896110130521 
-2 -16 0 4.381966011250106 9.618033988749895 
-4 -3 0 3.4743079166673 10.399530174830591 
-4 -4 0 3.4743079166673003 10.399530174830591 
-4 -5 0 1.6684257750367406 14.352130383988655 
-4 -6 0 1.6684257789527834 14.352130354032122 
-4 -7 0 0.5318694566236807 16.6524521861688 
-4 -8 0 0.5318694566715019 16.652453267178878 
-4 -9 1 0.4943596997923288 19.999998260197202 
-4 -10 1 0.4943596997923317 19.999999993669615 
-4 -11 2 0.8654897188095424 19.078675444578394 
-4 -12 2 0.911068680353762 19.078600863193177 
-4 -13 1 0.715707903218567 16.38643998755293 
-4 -14 1 0.7157079032185635 16.386440580265567 
-4 -15 0 0.932481964254347 12.31089186582037 
-4 -16 0 0.9324819651450198 12.310891427423492 
-4 -17 0 2.0 6.999999999999999 
-3 -17 0 3.9999999999999996 6.0 
-4 -18 0 1.9999999999999987 6.999999999999998 
-3 -18 0 4.0 6.0 
-5 -5 0 4.578851186625214 12.68618678643012 
-5 -6 0 4.578851186625211 12.686186786416041 
-5 -7 0 2.773229456788339 15.773878462390234 
-5 -8 0 2.7732294559900272 15.773878482898642 
-5 -9 0 1.6312230716899598 18.82639647050929 
-5 -10 0 1.6312230760977506 18.82639676710065 
-5 -11 0 1.017237062560773 19.9999998109275 
-5 -12 0 1.017237062513314 19.999999998825878 
-5 -13 0 0.7157079032192009 17.77760512607494 
-5 -14 0 0.7157079041179468 17.777605121425943 
-5 -15 0 0.9324819654590235 13.945478526269522 
-5 -16 0 0.9324819642558067 13.945478526537148 
-5 -17 0 1.999999999999999 7.0 
-5 -18 0 1.999999999999998 7.000000000000001 
-6 -7 0 5.889560916051235 14.676925739248663 
-6 -8 0 5.889560916051237 14.676925739248665 
-6 -9 0 4.020282957470853 16.861790396658012 
-6 -10 0 4.020282957473393 16.861790395783988 
-6 -11 0 2.778629142836421 19.999999999927233 
-6 -12 0 2.77862913615504 19.999999999175955 
-6 -13 0 2.2212725379656666 18.651608562092584 
-6 -14 0 2.2212725373328577 18.65160870747259 
-6 -15 0 1.9399865811438892 15.428025201017029 
-6 -16 0 1.9399865814038033 15.428025200468195 
-6 -17 0 1.999999999999998 7.0000000000000036 
-6 -18 0 2.0000000000000004 7.0 
-7 -9 0 8.083618448255029 15.999999999999996 
-7 -10 0 8.083618448255029 15.999999999999998 
-7 -11 0 6.241352666214831 17.953277852252093 
-7 -12 0 6.241352666614896 17.953277852250853 
-7 -13 0 5.037709361984224 18.651608712192413 
-7 -14 0 5.037709361939979 18.651608712189084 
-7 -15 0 4.177231677057777 16.3166247903195 
-7 -16 0 4.177231713792801 16.3166247901794 
-7 -17 0 3.9999999999999987 7.0 
-7 -18 0 3.9999999999999987 7.000000000000001 
-8 -11 0 17.0 17.0 
-8 -12 0 17.0 17.0 
-8 -13 0 9.757359312880714 18.242640687119287 
-8 -14 0 9.757359312880714 18.242640687119284 
-8 -15 0 8.0 16.316624790355398 
-8 -16 0 7.999999999999998 16.316624790355405 
-8 -17 0 7.0 7.0 
-8 -18 0 7.0 7.0 
