2 4 0 2.0000000000000004 5.0 
3 4 0 5.0 5.0 
2 3 0 2.0000000000000004 5.0 
3 3 0 5.0 5.0 
2 2 0 1.7350095675009065 14.405124837953332 
3 2 0 6.594875162046673 14.405124837953327 
2 1 0 1.7350095675009098 14.405124837953332 
3 1 0 6.594875162046675 14.405124837953327 
2 0 0 2.547018047523519 16.000000000000004 
3 0 0 13.0 13.0 
2 -1 0 2.547018047523523 16.000000000000004 
3 -1 0 13.0 13.0 
1 4 0 2.0 5.0 
1 3 0 1.9999999999999996 5.0 
1 2 0 0.7581437515886212 13.635057336753665 
1 1 0 0.7581437515886211 13.635057336745831 
1 0 0 0.7152811498885444 15.999999999788246 
1 -1 0 0.7152811500922555 15.999999999212376 
1 -2 0 0.9932536853916217 14.999999999999869 
2 -2 0 6.082714006906468 11.999999999999998 
1 -3 0 0.9932536853901237 14.99999999999608 
2 -3 0 6.082714006906464 12.0 
0 4 0 1.9999999999999998 5.0 
0 3 0 1.9999999999999993 5.0 
0 2 0 0.7581437515886188 12.151970314537916 
0 1 0 0.7581437520066627 12.151970120983508 
0 0 1 0.7152811498804992 15.353563860568693 
0 -1 1 0.7152811498804982 15.353563835639102 
0 -2 1 0.4943703651544641 15.786852318622515 
0 -3 1 0.494370365154464 15.786049060188413 
0 -4 0 0.3503156493325209 13.60821818676781 
1 -4 0 4.201836496199178 10.453734889961934 
0 -5 0 0.35031564932965314 13.607651972235516 
1 -5 0 4.201836496199174 10.453734889961932 
-1 4 0 4.0 4.0 
-1 3 0 4.0 4.0 
-1 2 0 2.583228343406944 11.284895920347608 
-1 1 0 2.583228343406941 11.284895920347612 
-1 0 0 1.494026012531458 14.695467212042571 
-1 -1 0 1.4940260125314866 14.695467209525722 
-1 -2 0 0.4943703652056782 15.786920066173728 
-1 -3 0 0.4943703651657473 15.786338311769967 
-1 -4 0 0.3503156493342864 14.760221773848773 
-1 -5 0 0.35031564932931997 14.76021311202298 
-1 -6 0 0.9896504121674344 11.529511780861862 
0 -6 0 3.3819660112501047 7.618033988749894 
-1 -7 0 0.9896504121674357 11.529511780555154 
0 -7 0 3.3819660112501038 7.618033988749895 
-2 2 0 4.999999999999998 9.999999999999996 
-2 1 0 4.999999999999999 10.000000000000005 
-2 0 0 1.7470642933835134 13.999999945271 
-2 -1 0 1.7470642931323588 13.999999991215024 
-2 -2 0 0.5851455359611524 14.849544853644984 
-2 -3 0 0.5851455359783837 14.849544837088745 
-2 -4 1 0.5873695513123885 14.760190883842194 
-2 -5 1 0.5873695513123884 14.759745288632896 
-2 -6 0 0.1607988983466952 13.334753880958475 
-2 -7 0 0.16079889834737873 13.334753533808364 
-2 -8 0 0.4279446016269981 9.047531319893995 
-1 -8 0 4.0 4.0 
-2 -9 0 0.4279446016272995 9.047531319863367 
-1 -9 0 4.0 4.0 
-3 2 0 5.0 8.0 
-3 1 0 5.0 7.999999999999999 
-3 0 0 3.3881547515908976 11.99999967926359 
-3 -1 0 3.3881547834543326 11.999999999920206 
-3 -2 0 2.191002331154967 14.095948515676985 
-3 -3 0 2.1910023304849897 14.095339727532144 
-3 -4 0 1.1471845852825702 14.63347623621232 
-3 -5 0 1.147184585302616 14.634444964825015 
-3 -6 0 0.16079889834662336 13.367644704301897 
-3 -7 0 0.16079889834662445 13.36764463025289 
-3 -8 1 0.42794460162689196 11.31933004803129 
-3 -9 1 0.42794460162689385 11.319330047923446 
-4 2 0 7.0 7.0 
-4 1 0 7.0 7.0 
-4 0 0 5.372497755548379 11.000000000000004 
-4 -1 0 5.3724977555483795 11.000000000000004 
-4 -2 0 4.02229445250631 13.07870758668684 
-4 -3 0 4.022294453985168 13.07870760321633 
-4 -4 0 2.662964530906607 13.72448303707443 
-4 -5 0 2.6629645301623692 13.724652647750775 
-4 -6 0 1.5232092101458508 13.367644371561829 
-4 -7 0 1.5232092101453734 13.367644710481407 
-4 -8 0 0.7043590019044368 11.357978631308521 
-4 -9 0 0.7043590019044611 11.357978662339121 
-4 -10 0 0.3462674939018793 7.4360480442080075 
-3 -10 0 0.34626749390187866 5.663015278404591 
-4 -11 0 0.3462674939018768 7.436048044208007 
-3 -11 0 0.34626749390187894 5.663015278404591 
-5 0 0 9.0 9.0 
-5 -1 0 9.0 9.0 
-5 -2 0 5.961357791185375 11.335253302549209 
-5 -3 0 5.961357791185376 11.33525330254921 
-5 -4 0 4.452580061451385 12.799542637229784 
-5 -5 0 4.452580061451381 12.79954263722978 
-5 -6 0 3.2810986524568624 12.45277722122954 
-5 -7 0 3.281098652456856 12.45277722122954 
-5 -8 0 2.2935462903960886 11.357978667999308 
-5 -9 0 2.293546290396087 11.357978667999303 
-5 -10 0 1.3798825276212023 7.4360480442080075 
-5 -11 0 1.3798825276212023 7.436048044208005 
-5 -12 0 1.0 1.0 
-4 -12 0 1.0 1.0 
-5 -13 0 1.0 1.0 
-4 -13 0 1.0 1.0 
