3 7 0 1.9999999999999993 5.0 
4 7 0 5.0 5.0 
3 6 0 1.9999999999999998 5.0 
4 6 0 5.0 5.0 
3 5 0 2.186673498110755 10.603122162749727 
4 5 0 6.311368187111188 10.60312216717319 
3 4 0 2.1866734981454035 10.603122167173185 
4 4 0 6.311368187111189 10.603122167173185 
3 3 0 2.9707958866617554 14.158699690162074 
4 3 0 8.232319327293872 14.046488393929478 
3 2 0 2.970795903316972 14.158699713605637 
4 2 0 8.232319327293874 14.046488393929474 
3 1 0 4.2566829054807895 16.389555171684645 
4 1 0 10.496847533928046 15.47313978502218 
3 0 0 4.256682904352588 16.389555164430192 
4 0 0 10.496847533928046 15.473139785022177 
3 -1 0 6.17158212714086 15.032154754384049 
4 -1 0 14.0 14.0 
3 -2 0 6.1715821271406455 15.032154754384221 
4 -2 0 14.0 14.0 
2 7 0 1.999999999999999 5.0 
2 6 0 1.9999999999999998 5.000000000000001 
2 5 0 0.832801170693406 10.41993560101614 
2 4 0 0.8328011710274703 10.41993560091224 
2 3 0 0.9129221759544058 14.158699712753888 
2 2 0 0.9129221761644654 14.158699712130627 
2 1 0 1.2839377227782802 16.809378667505893 
2 0 0 1.2839377165592645 16.809378526351065 
2 -1 0 2.206172204127521 16.99999999993014 
2 -2 0 2.2061722057511997 16.99999999996881 
2 -3 0 3.873182089996371 13.785657180416173 
3 -3 0 8.585786437626904 12.0 
2 -4 0 3.8731820878616845 13.785657261319553 
3 -4 0 8.585786437626908 12.000000000000002 
1 7 0 1.9999999999999993 5.000000000000001 
1 6 0 2.0000000000000004 4.999999999999999 
1 5 0 0.832801170693406 9.992819979794572 
1 4 0 0.8328011707277907 9.992820289604143 
1 3 0 0.31667482065043295 13.564656170103508 
1 2 0 0.31667482058146196 13.564656152831661 
1 1 0 0.4221043473367139 16.809378804793052 
1 0 0 0.42210434732761865 16.809378816189554 
1 -1 0 0.8877191057380596 17.708541649067133 
1 -2 0 0.8877191057634464 17.708541613178713 
1 -3 0 1.7816352106123425 14.999999991747071 
1 -4 0 1.781635204237567 14.999999559360926 
1 -5 0 2.8904328690211596 11.929777115818048 
2 -5 0 6.585786437626902 10.0 
1 -6 0 2.890432864365489 11.929777108328652 
2 -6 0 6.585786437626904 10.000000000000002 
0 7 0 4.0 4.0 
0 6 0 4.0 4.0 
0 5 0 2.325066695740082 8.947237990437847 
0 4 0 2.3250666957235246 8.947237975120245 
0 3 0 0.3166748205695276 12.978985954961049 
0 2 0 0.3166748205695267 12.978985954160018 
0 1 1 0.4221043473273246 16.23619868295719 
0 0 1 0.42210434732732643 16.23619868561653 
0 -1 1 0.493001228650247 17.708540611388745 
0 -2 1 0.49300122865024826 17.70854121087368 
0 -3 0 0.3846891944170872 16.57117423577369 
0 -4 0 0.38468919454190376 16.57117424969621 
0 -5 0 1.5539654032713988 13.374083609794647 
0 -6 0 1.5539654032623764 13.374083608675367 
0 -7 0 3.3225141512429794 9.938069212315225 
1 -7 0 4.585786437626906 8.0 
0 -8 0 3.3225141512429794 9.938069212315222 
1 -8 0 4.585786437626903 7.999999999999999 
-1 5 0 4.585786437626904 7.414213562373096 
-1 4 0 4.585786437626906 7.414213562373096 
-1 3 0 2.3341529710609814 11.706982264597974 
-1 2 0 2.3341529682627513 11.706982728427224 
-1 1 0 0.758798456156627 14.936963734132124 
-1 0 0 0.7587984561705798 14.936963730906841 
-1 -1 0 0.49300122891901493 17.54678836813079 
-1 -2 0 0.4930012286527149 17.54678585005546 
-1 -3 0 0.38468919441742844 17.361010013724826 
-1 -4 0 0.3846891945007653 17.36101003261469 
-1 -5 0 1.0788478782246567 14.306030644018545 
-1 -6 0 1.0788478770666075 14.306030886631165 
-1 -7 0 1.9694027513833634 10.884149753452391 
-1 -8 0 1.9694027514078396 10.88414906244501 
-1 -9 0 5.0 5.0 
0 -9 0 5.0 5.0 
-1 -10 0 5.0 5.0 
0 -10 0 5.0 5.0 
-2 3 0 5.999999999999998 9.414213562373096 
-2 2 0 6.0 9.414213562373096 
-2 1 0 3.269240990041444 13.706982728404121 
-2 0 0 3.269240972048082 13.706982728102105 
-2 -1 0 1.4465344813244445 16.823737332383992 
-2 -2 0 1.4465344802435205 16.82373733588005 
-2 -3 0 1.1460815914576656 17.999999990979465 
-2 -4 0 1.1460815891680343 17.99999999649435 
-2 -5 0 1.0788478773550454 15.369952227150344 
-2 -6 0 1.0788478795119194 15.369952277001127 
-2 -7 0 1.9694027526767017 12.644210938766495 
-2 -8 0 1.9694027514402506 12.64421093874563 
-2 -9 0 5.0 5.000000000000001 
-2 -10 0 5.0 5.0 
-3 1 0 7.9999999999999964 11.414213562373094 
-3 0 0 7.999999999999997 11.414213562373098 
-3 -1 0 4.7091335908873635 14.999999996026949 
-3 -2 0 4.709133573645644 14.999999999377541 
-3 -3 0 2.450371644341318 17.999999998311033 
-3 -4 0 2.4503716443411725 17.999999997340886 
-3 -5 0 1.8811474232864172 16.387074203944778 
-3 -6 0 1.8811474244482087 16.387074610048703 
-3 -7 0 1.9735526981545723 13.118384194639024 
-3 -8 0 1.9735526974359319 13.118384194639146 
-3 -9 0 5.0 5.0 
-3 -10 0 5.0 5.0 
-4 -1 0 10.000000000000002 13.0 
-4 -2 0 10.000000000000002 13.000000000000002 
-4 -3 0 6.772683813673505 15.999999999854666 
-4 -4 0 6.772683813673603 15.99999999999987 
-4 -5 0 4.180354189368244 16.387074903298277 
-4 -6 0 4.180354189038282 16.38707489873817 
-4 -7 0 3.2597156392099462 13.46410161513776 
-4 -8 0 3.2597156392099467 13.464101615137755 
-4 -9 0 4.999999999999999 5.0 
-4 -10 0 5.0 5.0 
-5 -3 0 14.0 14.0 
-5 -4 0 14.0 14.0 
-5 -5 0 8.999999999999998 15.000000000000004 
-5 -6 0 9.000000000000002 15.000000000000002 
-5 -7 0 6.535898384862246 13.464101615137753 
-5 -8 0 6.535898384862245 13.464101615137753 
-5 -9 0 5.0 5.0 
-5 -10 0 5.0 5.0 
