0 2 0 1.0 1.0 
1 2 0 1.0 1.0 
0 1 0 1.0 1.0 
1 1 0 1.0 1.0 
0 0 1 1.0000000000000002 7.645751311064591 
1 0 0 1.0 7.64575131106459 
0 -1 1 0.9999999999999988 7.6457513110645925 
1 -1 0 0.9999999999999993 7.645751311064592 
0 -2 2 1.3542486889354102 8.999999999999998 
1 -2 0 1.8377223398316207 8.64575131106459 
0 -3 2 1.3542486889354102 9.000000000000004 
1 -3 0 1.8377223398316203 8.64575131106459 
0 -4 1 0.8377223398316228 10.0 
1 -4 0 2.8377223398316205 9.162277660168382 
0 -5 1 0.8377223398316204 9.999999999999996 
1 -5 0 2.8377223398316227 9.16227766016838 
0 -6 0 0.8377223398316181 9.000000000000002 
1 -6 0 6.0 6.0 
0 -7 0 0.8377223398316216 8.999999999999998 
1 -7 0 6.0 6.0 
-1 0 0 2.3542486889354097 7.645751311064591 
-1 -1 0 2.3542486889354093 7.645751311064592 
-1 -2 0 0.9999999999999991 9.000000000000005 
-1 -3 0 1.0000000000000004 9.0 
-1 -4 0 0.8377223398316195 9.999999999984087 
-1 -5 0 0.8377223401554412 9.999999999215918 
-1 -6 0 0.8377223398316214 9.6334252644897 
-1 -7 0 0.8377223398316233 9.633425264489704 
-1 -8 0 3.9999999999999987 7.0 
0 -8 0 4.0 4.0 
-1 -9 0 3.9999999999999996 7.0 
0 -9 0 4.0 4.0 
-2 0 0 4.0 4.0 
-2 -1 0 4.0 4.0 
-2 -2 0 1.0000000000000033 8.999999999999998 
-2 -3 0 1.0000000000000013 8.999999999999996 
-2 -4 1 1.5230669894089226 9.999999999993534 
-2 -5 1 1.5230669894090652 9.999999999996966 
-2 -6 1 0.523066989408923 9.633402624812401 
-2 -7 1 0.5230669894089287 9.633425264467387 
-2 -8 0 0.5230669894089239 7.633425264489702 
-2 -9 0 0.5230669894089244 7.633425264489702 
-3 0 0 4.0 4.0 
-3 -1 0 4.0 4.0 
-3 -2 0 2.6972243622680048 7.114907541476756 
-3 -3 0 2.6972243622680057 7.1149075414767555 
-3 -4 0 1.523066989571282 8.63342526448971 
-3 -5 0 1.5230669896252693 8.633425264489702 
-3 -6 0 0.523066989408925 9.633425264489702 
-3 -7 0 0.5230669894089236 9.633425264489698 
-3 -8 1 0.5230669894089239 7.6334252644897 
-3 -9 1 0.5230669894089239 7.6334252644896985 
-3 -10 1 0.9999999999999983 5.414213562373097 
-2 -10 0 1.9999999999999998 4.999999999999999 
-3 -11 1 1.0 5.414213562373095 
-2 -11 0 1.9999999999999998 5.0 
-4 -2 0 6.0 6.0 
-4 -3 0 6.0 6.0 
-4 -4 0 4.267949192431123 7.732050807568878 
-4 -5 0 4.267949192431124 7.732050807568878 
-4 -6 0 3.0000000000000004 8.732050807568884 
-4 -7 0 3.000000000000001 8.732050807568877 
-4 -8 0 1.9999999999999982 7.414213562373095 
-4 -9 0 1.9999999999999996 7.414213562373093 
-4 -10 0 1.0000000000000002 5.414213562373098 
-4 -11 0 1.0000000000000004 5.414213562373094 
-4 -12 0 1.0 1.0 
-3 -12 0 1.0 1.0 
-4 -13 0 1.0 1.0 
-3 -13 0 1.0 1.0 
