4 8 0 3.999999999999999 7.0 
5 8 0 7.0 7.0 
4 7 0 3.999999999999999 7.000000000000001 
5 7 0 7.0 7.0 
4 6 0 4.075363931571598 14.561552812124162 
5 6 0 10.43844718719117 14.56155281280883 
4 5 0 4.0753639315714905 14.561552812807609 
5 5 0 10.43844718719117 14.56155281280883 
4 4 0 5.179709019329426 17.999999999990134 
5 4 0 16.0 16.0 
4 3 0 5.179709019329422 17.99999999999961 
5 3 0 16.0 16.0 
3 8 0 2.0000000000000018 7.0 
3 7 0 2.0000000000000018 7.000000000000002 
3 6 0 1.416445835937574 13.97810521707737 
3 5 0 1.4164458368291954 13.978105217099866 
3 4 0 1.6837757501527106 17.99999999981208 
3 3 0 1.6837757501441777 17.99999999950882 
3 2 0 2.473562098148302 16.854908943365913 
4 2 0 10.43844718719117 15.000000000000002 
3 1 0 2.4735620954543274 16.85490894311414 
4 1 0 10.438447187191171 14.999999999999998 
2 8 0 1.9999999999999991 7.000000000000002 
2 7 0 1.9999999999999998 7.000000000000002 
2 6 0 0.6607574032388644 13.262901648003165 
2 5 0 0.660757402984638 13.262901645073814 
2 4 0 0.6066380050231938 17.021045966593288 
2 3 0 0.6066380050201315 17.021045987220454 
2 2 0 0.8268284697448522 17.872092110084022 
2 1 0 0.8268284697368035 17.872092129976565 
2 0 0 1.3710797947641473 14.787143952359184 
3 0 0 5.024233624818079 13.000000000000004 
2 -1 0 1.3710797947627948 14.787143736090544 
3 -1 0 5.024233624818071 13.0 
1 8 0 1.9999999999999996 6.999999999999998 
1 7 0 2.000000000000001 6.999999999999998 
1 6 0 0.6607574029846865 12.542347071942947 
1 5 0 0.6607574029846116 12.542347261705837 
1 4 0 0.3222531444334164 15.54427840127444 
1 3 0 0.3222531444549032 15.544278387428228 
1 2 0 0.2880783141666322 17.87209212494975 
1 1 0 0.2880783141591243 17.872092115774556 
1 0 0 0.4223526189265126 16.61645034655202 
1 -1 0 0.42235261855126277 16.616450289975425 
1 -2 0 0.8701322066697359 12.938494791023118 
2 -2 0 3.2428633548497348 11.0 
1 -3 0 0.8701322069514568 12.938494551019065 
2 -3 0 3.2428633548497334 11.000000000000002 
0 8 0 4.0 6.0 
0 7 0 4.0 6.0 
0 6 0 1.4026954113021655 11.395875580279323 
0 5 0 1.4026954113005186 11.395875580304741 
0 4 0 0.3222531448271331 14.682438024150688 
0 3 0 0.3222531444513232 14.682437528853391 
0 2 1 0.28807831414720314 17.520719083039207 
0 1 1 0.28807831414720314 17.520718882128758 
0 0 2 0.6685201175615118 17.302730123939877 
0 -1 2 0.6685201175615816 17.302729691285574 
0 -2 1 0.5266640509405177 14.46739488845211 
0 -3 1 0.5266640509405228 14.467395145571244 
0 -4 0 0.5309781628234855 10.890999999484151 
1 -4 0 2.585786437626905 8.0 
0 -5 0 0.5309781628235651 10.890999999486729 
1 -5 0 2.585786437626905 8.000000000000002 
-1 6 0 5.0 9.000000000000002 
-1 5 0 5.000000000000001 9.0 
-1 4 0 2.0001278961542255 13.395558637546653 
-1 3 0 2.0001278961965845 13.395558659563783 
-1 2 0 1.0195149710864864 16.675361179897056 
-1 1 0 1.0195149710783105 16.67536123845753 
-1 0 0 0.6685201175840902 17.757847435426815 
-1 -1 0 0.6685201175626144 17.75784855592804 
-1 -2 0 0.5266640510442934 15.351921512985793 
-1 -3 0 0.526664050940525 15.351919511467036 
-1 -4 0 0.5309781629989633 11.684177254357245 
-1 -5 0 0.5309781628234614 11.684177254313168 
-1 -6 0 2.9999999999999996 5.0 
0 -6 0 3.0 5.0 
-1 -7 0 2.9999999999999996 5.0 
0 -7 0 3.0000000000000004 5.0 
-2 4 0 7.000000000000003 10.999999999999998 
-2 3 0 7.0 11.0 
-2 2 0 3.466196933607409 14.999999991896438 
-2 1 0 3.4661969336056706 14.99999994142996 
-2 0 0 2.542133978145002 17.75784852643372 
-2 -1 0 2.5421339781439163 17.75784855174537 
-2 -2 0 2.0925095097991795 16.149706344919284 
-2 -3 0 2.092509509801491 16.149706292764726 
-2 -4 0 2.1360836484045445 13.073087271228397 
-2 -5 0 2.136083648402258 13.073087271063647 
-2 -6 0 2.9999999999999996 5.000000000000001 
-2 -7 0 2.9999999999999996 5.0 
-3 2 0 10.0 13.0 
-3 1 0 10.000000000000002 13.000000000000002 
-3 0 0 5.285561628029346 17.0 
-3 -1 0 5.28556162802934 17.0 
-3 -2 0 3.401722226767839 16.1497063449749 
-3 -3 0 3.40172222678001 16.149705829852053 
-3 -4 0 2.9848795424544154 13.099647729675862 
-3 -5 0 2.9848795424552903 13.099647729673409 
-3 -6 0 3.0000000000000004 5.000000000000001 
-3 -7 0 3.0 5.0 
-4 0 0 14.0 14.0 
-4 -1 0 14.0 14.0 
-4 -2 0 9.298437881283574 15.701562118716428 
-4 -3 0 9.298437881283574 15.701562118716424 
-4 -4 0 6.616815328391924 13.099647729675864 
-4 -5 0 6.616815328391922 13.099647729675862 
-4 -6 0 5.0 5.0 
-4 -7 0 5.0 5.0 
