1 5 0 1.0 1.0 
2 5 0 1.0 1.0 
1 4 0 1.0 1.0 
2 4 0 1.0 1.0 
1 3 1 1.2087121525220796 5.791287847477921 
2 3 0 1.2087121525220808 5.7912878474779195 
1 2 1 1.20871215252208 5.791287847477921 
2 2 0 1.2087121525220796 5.7912878474779195 
1 1 1 1.0252962520126445 7.697261093961576 
2 1 0 2.6086176193690997 7.1642479384602105 
1 0 1 1.025296252012645 7.697261093961577 
2 0 0 2.6086176193690984 7.1642479384602105 
1 -1 0 0.6972243622680057 7.0 
2 -1 0 5.0 5.0 
1 -2 0 0.697224362268005 7.000000000000002 
2 -2 0 5.0 5.0 
0 3 0 2.267949192431123 5.7320508075688785 
0 2 0 2.2679491924311224 5.7320508075688785 
0 1 0 0.9753892800977574 7.697261093961578 
0 0 0 0.9753892800977579 7.69726109396158 
0 -1 0 0.6972243622680054 7.6796204831286214 
0 -2 0 0.6972243622680061 7.679620483128623 
0 -3 0 3.0 5.0 
1 -3 0 3.0 3.0 
0 -4 0 3.0 5.0 
1 -4 0 3.0 3.0 
-1 3 0 3.0 3.0 
-1 2 0 3.0 3.0 
-1 1 0 0.9753892800977574 7.000000000000001 
-1 0 0 0.975389280097756 6.999999999999999 
-1 -1 1 1.2382675082698311 7.6796204831286214 
-1 -2 1 1.2382675082698307 7.679620483128623 
-1 -3 1 1.281290309608085 6.402678829521187 
-1 -4 1 1.2812903096080859 6.4026788295211885 
-2 1 0 5.0 5.0 
-2 0 0 5.0 5.0 
-2 -1 0 2.20871215252208 6.7912878474779195 
-2 -2 0 2.20871215252208 6.79128784747792 
-2 -3 0 1.2812903096080852 6.402678829521189 
-2 -4 0 1.2812903096080854 6.402678829521189 
-2 -5 0 1.0 1.0 
-1 -5 0 1.0 1.0 
-2 -6 0 1.0 1.0 
-1 -6 0 1.0 1.0 
