3 9 0 3.0 5.0 
4 9 0 5.0 5.0 
3 8 0 3.0 5.0 
4 8 0 5.0 5.0 
3 7 0 2.1593544150142376 10.0 
4 7 0 10.0 10.0 
3 6 0 2.159354415014238 10.0 
4 6 0 10.0 10.0 
2 9 0 2.9999999999999996 5.000000000000001 
2 8 0 2.9999999999999996 5.000000000000001 
2 7 0 1.414191870254174 9.229075266573037 
2 6 0 1.4141918702638328 9.229075271920358 
2 5 0 0.9409110859832766 9.579606943692065 
3 5 0 3.550510257216823 9.0 
2 4 0 0.9409110859832563 9.579606942249264 
3 4 0 3.5505102572168217 9.0 
1 9 0 2.9999999999999996 5.0 
1 8 0 3.0 5.0 
1 7 0 1.414191870245987 8.365212132573449 
1 6 0 1.4141918702459864 8.365212132573449 
1 5 0 0.4589903481153859 9.579606893337333 
1 4 0 0.4589903481153878 9.5796069246311 
1 3 0 0.3234113064731589 8.621893725718788 
2 3 0 1.4244114322923027 7.760439850828324 
1 2 0 0.3234113064731608 8.621893710345098 
2 2 0 1.4244114322923036 7.760439850828323 
0 9 0 2.9999999999999996 5.0 
0 8 0 3.0 5.0 
0 7 0 1.4816443110898345 7.660195417871313 
0 6 0 1.4816443110898336 7.660195417871312 
0 5 0 0.45899034814016115 8.937889749258215 
0 4 0 0.4589903481167658 8.93788971807592 
0 3 1 0.3234113064731597 8.621893732348084 
0 2 1 0.32341130647315947 8.621893732348072 
0 1 2 0.4592154613266379 6.685543932670795 
1 1 0 0.45921546132663554 5.2813942395921485 
0 0 2 0.45921546132663726 6.685543932670795 
1 0 0 0.45921546132663477 5.281394239592149 
-1 7 0 7.0 7.0 
-1 6 0 7.0 7.0 
-1 5 0 4.22537710049551 8.228328215946634 
-1 4 0 4.2253771004955105 8.228328215946638 
-1 3 0 2.8927039094561477 8.485823523499937 
-1 2 0 2.8927039094561473 8.485823523499937 
-1 1 0 2.2508824522534785 6.685543932670792 
-1 0 0 2.2508824522534785 6.685543932670791 
-1 -1 0 2.0 2.0 
0 -1 1 2.0 2.0 
-1 -2 0 2.0 2.0 
0 -2 1 2.0 2.0 
