1 1 0 4.267949192431122 8.0 
2 1 0 8.0 8.0 
1 0 0 4.267949192431122 8.0 
2 0 0 8.0 8.0 
1 -1 0 4.317030465430443 14.0 
2 -1 0 10.000000000000002 14.0 
1 -2 0 4.317030465430445 14.000000000000005 
2 -2 0 10.000000000000002 14.0 
1 -3 0 5.298437881283577 15.999999999999998 
2 -3 0 16.0 16.0 
1 -4 0 5.298437881283577 15.999999999999998 
2 -4 0 16.0 16.0 
0 1 0 1.9999999999999993 8.0 
0 0 0 1.9999999999999996 7.999999999999998 
0 -1 0 2.000000000000038 13.999999979084329 
0 -2 0 2.000000000002307 13.999999924232057 
0 -3 0 2.26794920600709 15.999999999994923 
0 -4 0 2.2679491970565144 15.999999954877481 
0 -5 0 2.3170304654304776 15.888372641805171 
1 -5 0 7.298437881283574 14.000000000000002 
0 -6 0 2.317030465431374 15.88837259604425 
1 -6 0 7.298437881283574 14.0 
-1 1 1 1.3819660112501082 7.732050807568876 
-1 0 1 1.3819660112501055 7.732050807568878 
-1 -1 3 0.796482333120097 13.04666681064158 
-1 -2 3 0.5878900034981305 13.04666685898926 
-1 -3 3 0.7964823331200953 15.999999999099419 
-1 -4 3 0.7964823331200921 15.99999999959356 
-1 -5 1 0.3410218094633083 15.999999998134797 
-1 -6 1 0.34102180946330557 15.999999989744511 
-1 -7 0 0.34102180946334665 13.888372194468202 
0 -7 0 3.2984378812835744 12.0 
-1 -8 0 0.34102180946330735 13.888372624787133 
0 -8 0 3.2984378812835753 12.0 
-2 1 0 1.3819660112501044 6.618033988749898 
-2 0 0 1.3819660112501053 6.618033988749895 
-2 -1 0 0.5878900035918879 11.61905741962401 
-2 -2 0 0.5878900036170807 11.61905741962268 
-2 -3 0 0.3410218095916255 15.046666756310431 
-2 -4 0 0.3410218094642655 15.046666855093186 
-2 -5 0 0.34102180950039307 15.999999999500082 
-2 -6 0 0.3410218094856644 15.999999817372355 
-2 -7 0 0.3410218094633789 15.437963714184868 
-2 -8 0 0.34102180946341065 15.437963280597009 
-2 -9 0 0.7254599125218526 11.571344417935755 
-1 -9 0 1.1044290986165048 9.795200502556199 
-2 -10 0 0.7254599124232237 11.571344417934737 
-1 -10 0 1.1044290986165044 9.795200501309958 
-3 -1 0 1.8191858451293066 9.78829463219123 
-3 -2 0 1.8191858451293064 9.788294632191288 
-3 -3 0 0.7935109676849262 13.99999999856085 
-3 -4 0 0.7935109676883899 13.99999958262107 
-3 -5 0 0.7254599121831329 15.999999999584363 
-3 -6 0 0.725459912183087 15.99999999972277 
-3 -7 0 0.7254599122054007 15.9999999999805 
-3 -8 0 0.7254599122000291 15.999999800911421 
-3 -9 0 0.7254599121831069 13.437963719477375 
-3 -10 0 0.7254599121831634 13.437963719528137 
-3 -11 0 1.1863934973516694 7.342923082777172 
-2 -11 0 1.381966011250105 6.618033988749896 
-3 -12 0 1.1863934973516685 7.342923082777172 
-2 -12 0 1.381966011250106 6.618033988749896 
-4 -3 0 2.8899079289771827 12.000000000000004 
-4 -4 0 2.8899079289771863 12.000000000000005 
-4 -5 0 2.1900538146958914 15.999999788669832 
-4 -6 0 2.190053814395232 15.999999999991038 
-4 -7 0 1.1863934973517078 15.999999738247464 
-4 -8 0 1.1863934973516737 15.999999778776639 
-4 -9 0 1.186393497351671 13.999999999999183 
-4 -10 0 1.1863934988129647 13.999999999999384 
-4 -11 0 1.1863934973516712 7.999999999999999 
-4 -12 0 1.1863934973516683 8.000000000000002 
-5 -5 0 6.889907928977182 14.0 
-5 -6 0 6.889907928977184 14.0 
-5 -7 0 4.889907928977187 16.000000000000004 
-5 -8 0 4.889907928977185 16.000000000000004 
-5 -9 0 4.190053814386794 13.999999999999998 
-5 -10 0 4.1900538143867925 13.999999999999995 
-5 -11 0 3.1863934973516703 8.0 
-5 -12 0 3.1863934973516685 8.0 
-6 -7 0 16.0 16.0 
-6 -8 0 16.0 16.0 
-6 -9 0 10.0 14.0 
-6 -10 0 10.000000000000002 14.0 
-6 -11 0 8.0 8.0 
-6 -12 0 8.0 8.0 
