3 5 0 1.9999999999999978 7.0 
4 5 0 7.0 7.0 
3 4 0 2.000000000000001 7.0 
4 4 0 7.0 7.0 
3 3 0 2.520648151412895 16.53112887414926 
4 3 0 8.468871125850725 16.531128874149275 
3 2 0 2.5206481514670305 16.53112887414926 
4 2 0 8.468871125850725 16.531128874149275 
3 1 0 3.4853668749873927 17.999999999999968 
4 1 0 16.0 16.0 
3 0 0 3.4853668749873976 17.999999999999954 
4 0 0 16.0 16.0 
2 5 1 1.9999999999999998 7.0 
2 4 1 1.999999999999999 7.0 
2 3 1 0.6699125069332269 14.999999999952598 
2 2 1 0.6699125069332235 14.999999999949544 
2 1 0 0.727877494983165 17.99999997428416 
2 0 0 0.7278774949548409 17.99999998892461 
2 -1 0 1.2916430515976673 15.999999924972586 
3 -1 0 5.918609996099103 13.999999999999998 
2 -2 0 1.2916430530583252 15.999999999569887 
3 -2 0 5.918609996099104 14.0 
1 5 0 1.9999999999999993 5.0 
1 4 0 2.0 5.000000000000001 
1 3 0 0.6699125069332278 13.39008672446294 
1 2 0 0.6699125069334037 13.390086724496928 
1 1 1 0.7278774949548006 17.359939000484275 
1 0 1 0.7278774949548067 17.359939027818807 
1 -1 1 1.214895994693585 17.99999999880058 
1 -2 1 1.2148959946929057 17.999999996833587 
1 -3 0 1.4647596223988557 13.999999998744459 
2 -3 0 3.2628355629687924 11.759698832978474 
1 -4 0 1.4647596223989672 13.999999862398173 
2 -4 0 3.2628355629687897 11.759698832978472 
0 5 0 3.0000000000000004 5.0 
0 4 0 3.0000000000000004 5.0 
0 3 0 1.046392836021669 11.784828838469666 
0 2 0 1.0463928360216694 11.784828838469656 
0 1 2 0.9572696077120848 15.999999999167796 
0 0 2 0.9572696077120859 15.999999910178712 
0 -1 4 1.2137599627398297 17.99999958733793 
0 -2 4 1.4467803026405925 17.99999998626869 
0 -3 2 1.1711897085140923 15.999999989220921 
0 -4 2 1.1711897085141 15.999999590680192 
0 -5 0 1.136700467276359 11.99999999992182 
1 -5 0 4.4071376319485465 9.414213562373096 
0 -6 0 1.136700467263098 11.999999999252404 
1 -6 0 4.4071376319485465 9.414213562373092 
-1 3 0 4.171572875253809 11.0 
-1 2 0 4.171572875253812 11.0 
-1 1 0 1.621229997194422 14.478119426035223 
-1 0 0 1.621229997035438 14.478119417478938 
-1 -1 1 0.9067767476496867 17.99999997542119 
-1 -2 1 0.9067767476496889 17.999999999003666 
-1 -3 1 0.819793121006978 17.45375411931209 
-1 -4 1 0.8197931209184495 17.45375415772186 
-1 -5 0 0.7165750354128928 13.999999890469464 
-1 -6 0 0.7165750350597475 13.99999995867155 
-1 -7 0 2.290724640563076 9.796963317501055 
0 -7 0 3.9999999999999996 6.0 
-1 -8 0 2.2907246405630803 9.796963317501062 
0 -8 0 4.000000000000001 6.0 
-2 3 0 5.0 7.0 
-2 2 0 5.0 7.0 
-2 1 0 2.7266153497724273 12.999999966852535 
-2 0 0 2.7266153497722825 12.999999832783008 
-2 -1 0 0.9067767476497607 15.999999997775207 
-2 -2 0 0.9067767484728011 15.999999130339907 
-2 -3 1 0.8197931208801137 17.999999999096605 
-2 -4 1 0.8197931220409328 17.999999934247263 
-2 -5 2 0.7165750349010511 15.317233173815072 
-2 -6 2 0.7165750350749089 15.317231668662666 
-2 -7 1 0.6763454560702843 11.391046160217426 
-2 -8 1 0.676345456070283 11.391046476021891 
-3 1 0 3.894517383473697 10.561552812808827 
-3 0 0 3.894517383473697 10.56155281280883 
-3 -1 0 2.21899938418906 14.999999999585167 
-3 -2 0 2.2189993746512817 14.999999963359985 
-3 -3 0 1.1775419228610657 17.999999370709773 
-3 -4 0 1.1775419229679251 17.99999970251996 
-3 -5 0 0.6936928691145429 16.72224332302615 
-3 -6 0 0.6936928698984397 16.722243323044747 
-3 -7 1 0.6763454560702847 12.91638155174474 
-3 -8 1 0.6763454560702794 12.916381551740946 
-3 -9 1 1.9999999999999996 6.0 
-2 -9 0 1.9999999999999996 4.0 
-3 -10 1 2.0 6.0 
-2 -10 0 1.9999999999999998 4.0 
-4 -1 0 6.298437881283576 13.0 
-4 -2 0 6.298437881283573 13.0 
-4 -3 0 4.6237299056371794 15.847771101684545 
-4 -4 0 4.623729905632861 15.847771131436867 
-4 -5 0 3.38872581390705 16.72224331905281 
-4 -6 0 3.3887258139070138 16.722243321090016 
-4 -7 0 2.488958318814242 14.372281323269005 
-4 -8 0 2.4889583189805906 14.372281323263566 
-4 -9 0 1.9999999999999996 6.0 
-4 -10 0 2.0000000000000004 6.0 
-5 -3 0 15.0 15.0 
-5 -4 0 15.0 15.0 
-5 -5 0 8.725082782364623 16.274917217635377 
-5 -6 0 8.725082782364625 16.274917217635373 
-5 -7 0 7.0 14.372281323269014 
-5 -8 0 7.0 14.372281323269014 
-5 -9 0 6.0 6.0 
-5 -10 0 6.0 6.0 
