1 1 0 1.318669356395022 6.999999999999999 
2 1 0 7.0 7.0 
1 0 0 1.318669356395022 6.999999999999999 
2 0 0 7.0 7.0 
1 -1 0 2.3596727630384886 13.999999999999998 
2 -1 0 14.0 14.0 
1 -2 0 2.35967276303849 14.000000000000002 
2 -2 0 14.0 14.0 
0 1 1 1.3186693563950231 6.323404276086476 
0 0 1 1.3186693563950225 6.323404276086479 
0 -1 1 0.2950227825724848 13.376593856656886 
0 -2 1 0.29502278257248726 13.37659381105149 
0 -3 0 0.2656684531199957 13.999999999891632 
1 -3 0 3.3624805212493234 11.800984100441177 
0 -4 0 0.26566845308452247 13.99999999982677 
1 -4 0 3.3624805212493225 11.80098410044118 
-1 1 0 1.9999999999999996 4.0 
-1 0 0 2.0 4.0 
-1 -1 0 0.2950227826174744 11.705059241698883 
-1 -2 0 0.29502278278803146 11.70505918528954 
-1 -3 0 0.2656684530851809 13.999999992966275 
-1 -4 0 0.26566845308544057 13.999999997618646 
-1 -5 0 0.3788076954368081 11.999999999639163 
0 -5 0 1.6886758289857942 9.000000000000002 
-1 -6 0 0.3788076953426608 11.999999999670889 
0 -6 0 1.688675828985795 9.000000000000002 
-2 1 0 4.0 4.0 
-2 0 0 4.0 4.0 
-2 -1 0 1.6656520544822473 9.820258846364338 
-2 -2 0 1.6656520544822453 9.82025884636434 
-2 -3 1 0.9220914905268124 13.999999999974527 
-2 -4 1 0.9220914905268054 13.999999999994213 
-2 -5 1 0.373342775753328 13.70910119386826 
-2 -6 1 0.3733427757533337 13.709101143149963 
-2 -7 0 0.2954766668713601 10.000000000000002 
-1 -7 0 3.0 6.618033988749894 
-2 -8 0 0.29547666687125007 9.999999999999996 
-1 -8 0 3.0 6.618033988749896 
-3 -1 0 4.000000000000001 8.0 
-3 -2 0 3.999999999999999 8.0 
-3 -3 0 1.822823431120608 11.999999467840787 
-3 -4 0 1.8228234310681488 11.999999929353272 
-3 -5 0 0.37334277575334573 13.70910118622156 
-3 -6 0 0.37334277575333563 13.70910119281358 
-3 -7 0 0.29547666687117957 11.728024326348725 
-3 -8 0 0.2954766668711598 11.728024326348725 
-3 -9 0 0.45672175484811417 7.602891660825003 
-2 -9 0 3.0 3.0 
-3 -10 0 0.456721754848114 7.602891660825003 
-2 -10 0 3.0 3.0 
-4 -1 0 6.0 6.0 
-4 -2 0 6.0 6.0 
-4 -3 0 3.345870299990312 10.0 
-4 -4 0 3.345870299990312 10.000000000000002 
-4 -5 0 1.7370308992954195 12.324108404215702 
-4 -6 0 1.7370308992951273 12.324108404215702 
-4 -7 0 0.6755608236661322 11.72802386933051 
-4 -8 0 0.6755608236478939 11.728024326348732 
-4 -9 0 0.45672175484811406 8.40663754784818 
-4 -10 0 0.4567217548481132 8.406637547848177 
-5 -3 0 8.0 8.0 
-5 -4 0 8.0 8.0 
-5 -5 0 4.857941967184551 11.071571462522392 
-5 -6 0 4.8579419671845505 11.071571462522389 
-5 -7 0 3.023294421565926 10.944200568525417 
-5 -8 0 3.023294421565928 10.944200568525417 
-5 -9 0 1.6607312877565465 8.406637547848177 
-5 -10 0 1.6607312877565457 8.40663754784818 
-5 -11 0 1.0 1.0 
-4 -11 0 1.0 1.0 
-5 -12 0 1.0 1.0 
-4 -12 0 1.0 1.0 
