3 9 0 3.0 3.0 
4 9 0 3.0 3.0 
3 8 0 3.0 3.0 
4 8 0 3.0 3.0 
3 7 0 1.4108241932253618 8.214319743377535 
4 7 0 4.324869129433354 8.214319743377533 
3 6 0 1.4108241932253627 8.214319743377537 
4 6 0 4.324869129433354 8.214319743377535 
3 5 0 1.8994617692293347 11.059438855313992 
4 5 0 6.324869129433353 10.214319743377535 
3 4 0 1.8994617692293398 11.059438855312024 
4 4 0 6.324869129433353 10.214319743377535 
3 3 0 3.527437166095064 10.033423415594237 
4 3 0 9.0 9.0 
3 2 0 3.527437166095064 10.033423415594234 
4 2 0 9.0 9.0 
2 9 0 3.0 3.0 
2 8 0 3.0 3.0 
2 7 0 1.4108241932253902 8.013409317098098 
2 6 0 1.4108241932401844 8.013409317098102 
2 5 0 0.4875730982801201 11.059438855304247 
2 4 0 0.48757309851431146 11.059438855294733 
2 3 0 0.6273747791407176 11.99999998162021 
2 2 0 0.6273747790549116 11.999999999999973 
2 1 0 2.004360959198357 8.898853943620946 
3 1 0 6.0 8.0 
2 0 0 2.004360959198354 8.898853777215754 
3 0 0 6.0 7.999999999999999 
1 9 0 3.0 3.0 
1 8 0 3.0 3.0 
1 7 0 1.4884396818755414 6.981908675758917 
1 6 0 1.4884396818755414 6.981908675758917 
1 5 0 0.48757309827904655 10.395215867837464 
1 4 0 0.487573098279047 10.395215867562557 
1 3 0 0.3089078064372147 11.999999999786759 
1 2 0 0.30890780641435084 11.999999999473093 
1 1 0 0.4181509354381402 10.653440436645297 
1 0 0 0.4181509354381413 10.653440326989518 
1 -1 0 1.354889374103607 7.040783766475517 
2 -1 0 3.9999999999999996 6.0 
1 -2 0 1.3548893741036097 7.040783766475519 
2 -2 0 3.9999999999999987 5.999999999999999 
0 7 0 3.5857864376269055 6.414213562373096 
0 6 0 3.585786437626904 6.414213562373095 
0 5 0 1.3097336922802827 8.843977369889673 
0 4 0 1.3097336922802825 8.843977369889672 
0 3 0 0.3089078064143496 11.62691478120863 
0 2 0 0.3089078064143494 11.626914781546706 
0 1 1 0.4181509354381372 11.270755219548507 
0 0 1 0.4181509354381388 11.27075521949109 
0 -1 1 1.354889374103607 8.170187266773734 
0 -2 1 1.3548893741036083 8.170187266773752 
0 -3 0 3.0 3.0 
1 -3 0 3.0 3.0 
0 -4 0 2.9999999999999996 3.0 
1 -4 0 3.0 3.0 
-1 5 0 5.0 8.0 
-1 4 0 5.000000000000001 8.0 
-1 3 0 3.4946773855042204 11.000000000000007 
-1 2 0 3.4946773855042204 11.0 
-1 1 0 2.1971827350093114 11.270755215921112 
-1 0 0 2.197182735007771 11.270755203138544 
-1 -1 0 1.449273600446437 9.9719607683971 
-1 -2 0 1.449273600446439 9.9719607683971 
-1 -3 0 3.0 3.0000000000000004 
-1 -4 0 2.9999999999999996 3.0 
-2 3 0 9.0 9.0 
-2 2 0 9.0 9.0 
-2 1 0 4.807417596432749 10.19258240356725 
-2 0 0 4.80741759643275 10.19258240356725 
-2 -1 0 3.6045739652741116 9.971960768397096 
-2 -2 0 3.604573965274113 9.971960768397098 
-2 -3 0 3.0 3.0 
-2 -4 0 3.0 3.0 
