2 6 0 0.9999999999999996 3.0 
3 6 0 3.0 3.0 
2 5 0 1.0000000000000004 3.0 
3 5 0 3.0 3.0 
2 4 0 0.8502671677167473 9.971960768397102 
3 4 0 3.6045739652741124 9.971960768397096 
2 3 0 0.8502671677167462 9.971960768397093 
3 3 0 3.604573965274113 9.971960768397098 
2 2 0 1.1953539279258918 11.272243742095036 
3 2 0 4.807417596432747 10.192582403567252 
2 1 0 1.1953539271959521 11.272243319222609 
3 1 0 4.807417596432749 10.19258240356725 
2 0 0 2.137038127190756 11.0 
3 0 0 9.0 9.0 
2 -1 0 2.1370381271907557 10.999999999999998 
3 -1 0 9.0 9.0 
1 6 0 1.0 3.0 
1 5 0 1.0000000000000002 3.0 
1 4 0 0.4458691005762615 8.575763408063688 
1 3 0 0.4458691005762538 8.575763408063686 
1 2 0 0.4564125840732351 11.272243747872668 
1 1 0 0.456412584071673 11.272243757703313 
1 0 0 0.5816367652380762 11.682654080165355 
1 -1 0 0.5816367652380761 11.682654401182543 
1 -2 0 1.5830495534312956 8.999999944716928 
2 -2 0 4.267949192431122 7.732050807568878 
1 -3 0 1.5830495534315039 8.999999999999995 
2 -3 0 4.267949192431124 7.732050807568877 
0 4 0 0.44586910057625084 6.590768602351834 
0 3 0 0.4458691005762508 6.590768602351834 
0 2 1 0.4564125840560279 10.526887547341516 
0 1 1 0.45641258405602403 10.526887547350702 
0 0 2 0.581636765238076 11.72800737296862 
0 -1 2 0.5816367652380775 11.728007466184248 
0 -2 1 0.8336403183314137 10.220441100821768 
0 -3 1 0.8336403183314134 10.22044110089136 
0 -4 0 0.9999999999999994 6.0 
1 -4 0 3.000000000000001 5.0 
0 -5 0 1.0 6.000000000000001 
1 -5 0 3.0 5.0 
-1 2 0 1.5662672681230096 8.814455159930285 
-1 1 0 1.5662672681230139 8.814455159930288 
-1 0 0 1.0929622117169338 11.728007466711702 
-1 -1 0 1.0929622117168964 11.728007466709078 
-1 -2 0 0.8336403183314155 11.118075726804696 
-1 -3 0 0.8336403183314142 11.118075726175723 
-1 -4 0 1.0000000000000013 6.0 
-1 -5 0 0.9999999999999994 6.000000000000002 
-2 0 0 3.943939693694012 10.84122207005006 
-2 -1 0 3.943939693694011 10.84122207005006 
-2 -2 0 2.630815134754776 11.999999999999998 
-2 -3 0 2.6308151347547786 11.999999999999998 
-2 -4 0 3.0 6.000000000000002 
-2 -5 0 3.000000000000001 6.0 
-3 -2 0 12.0 12.0 
-3 -3 0 12.0 12.0 
-3 -4 0 6.0 6.0 
-3 -5 0 6.0 6.0 
