0 2 0 1.0 1.0 
1 2 0 1.0 1.0 
0 1 0 1.0 1.0 
1 1 0 1.0 1.0 
0 0 1 1.1995585999738108 7.892185878863222 
1 0 0 1.19955859997381 7.892185878863223 
0 -1 1 1.1995585999738099 7.8921858788632235 
1 -1 0 1.19955859997381 7.892185878863223 
0 -2 1 0.976122854352081 10.503653382845327 
1 -2 0 1.9274212044406562 9.77634029678009 
0 -3 1 0.9761228543520825 10.503653382754601 
1 -3 0 1.927421204440654 9.776340296780086 
0 -4 0 0.7090934638064115 10.853077288114534 
1 -4 0 3.563989285995844 9.501769848903919 
0 -5 0 0.7090934638064117 10.853077169579919 
1 -5 0 3.5639892859958446 9.501769848903917 
0 -6 0 2.6089202253306403 9.0 
1 -6 0 7.0 7.0 
0 -7 0 2.6089202253306403 9.0 
1 -7 0 7.0 7.0 
-1 0 0 2.2679491924311233 5.7320508075688785 
-1 -1 0 2.2679491924311224 5.732050807568876 
-1 -2 0 0.6644681697523017 10.503653283616098 
-1 -3 0 0.6644681697523008 10.503653377114532 
-1 -4 0 0.7090934638087754 11.7433860159984 
-1 -5 0 0.7090934638086209 11.74338595956738 
-1 -6 0 1.7791331924915703 10.999999651045885 
-1 -7 0 1.7791331924915688 10.999999975509912 
-1 -8 0 4.267949192431122 7.732050807568877 
0 -8 0 5.0 5.0 
-1 -9 0 4.267949192431122 7.732050807568877 
0 -9 0 5.0 5.0 
-2 0 0 3.0 3.0 
-2 -1 0 3.0 3.0 
-2 -2 0 0.6644681697522992 9.732050807568884 
-2 -3 0 0.664468169752298 9.732050807568871 
-2 -4 2 1.0451666496016168 11.743386017833824 
-2 -5 2 1.0451666496016143 11.743386015195973 
-2 -6 2 1.2089759793111412 11.749968359091945 
-2 -7 2 1.2089759793111416 11.749968359073467 
-2 -8 0 0.7339910963454646 9.828427124746195 
-2 -9 0 0.7339910963454643 9.828427124746186 
-3 -2 0 4.267949192431122 7.732050807568877 
-3 -3 0 4.2679491924311215 7.732050807568878 
-3 -4 0 1.8786831729147315 10.999999999204427 
-3 -5 0 1.8786831729147335 10.999999999991605 
-3 -6 0 0.5314510173040522 11.74996835942516 
-3 -7 0 0.5314510173040236 11.749968359612431 
-3 -8 0 0.7339910963454702 10.448654917199569 
-3 -9 0 0.7339910963454647 10.44865490125354 
-3 -10 0 1.76393202250021 6.23606797749979 
-2 -10 0 3.0 3.0 
-3 -11 0 1.7639320225002102 6.236067977499789 
-2 -11 0 3.0 3.0 
-4 -2 0 5.0 5.0 
-4 -3 0 5.0 5.0 
-4 -4 0 2.4619362045199344 9.0 
-4 -5 0 2.461936204519935 9.000000000000004 
-4 -6 0 0.5314510173040184 11.100431985525024 
-4 -7 0 0.5314510173040192 11.10043193460858 
-4 -8 1 0.7615573908134348 10.484595705994096 
-4 -9 1 0.7615573908134384 10.484595711041715 
-4 -10 1 1.1818850716164642 6.699315195763725 
-4 -11 1 1.1818850716164637 6.699315195763726 
-5 -4 0 7.0 7.0 
-5 -5 0 7.0 7.0 
-5 -6 0 4.033552010856627 9.332749067257259 
-5 -7 0 4.033552010856627 9.332749067257257 
-5 -8 0 1.9037749767958176 10.48459571104171 
-5 -9 0 1.9037749767958159 10.484595711041711 
-5 -10 0 1.1818850716164642 6.699315195763725 
-5 -11 0 1.181885071616465 6.699315195763725 
-5 -12 0 1.0 1.0 
-4 -12 0 1.0 1.0 
-5 -13 0 1.0 1.0 
-4 -13 0 1.0 1.0 
