3 5 0 1.9082172664456196 7.999999999999999 
4 5 0 8.0 8.0 
3 4 0 1.908217266445619 8.0 
4 4 0 8.0 8.0 
3 3 0 3.1362294900460355 16.0 
4 3 0 16.0 16.0 
3 2 0 3.1362294900460324 15.999999999999995 
4 2 0 16.0 16.0 
2 5 0 0.933838599467396 7.200252772199893 
2 4 0 0.9338385994673959 7.200252772199895 
2 3 0 0.9368370848892232 15.106865666577145 
2 2 0 0.9368370848889309 15.106865678734883 
2 1 0 1.2332439600604628 15.999999883509329 
3 1 0 4.369510026597886 13.8553988884203 
2 0 0 1.23324396006047 15.999999955672285 
3 0 0 4.369510026597884 13.8553988884203 
1 5 0 0.9338385994673947 6.637384209596946 
1 4 0 0.9338385994673949 6.637384209596947 
1 3 0 0.36364861681087424 13.107658960291758 
1 2 0 0.3636486167770405 13.10765902802158 
1 1 0 0.5120599592577462 15.99999951186099 
1 0 0 0.512059959284655 15.999999879709987 
1 -1 0 0.7371044908315784 13.999999996598886 
2 -1 0 2.6557151878224907 11.0 
1 -2 0 0.7371044908154624 13.999999997148729 
2 -2 0 2.65571518782249 11.000000000000002 
0 5 0 2.5857864376269046 5.414213562373096 
0 4 0 2.585786437626905 5.414213562373097 
0 3 0 0.3636486167729983 11.553619484177574 
0 2 0 0.363648616772997 11.553619505981088 
0 1 1 0.5120599591702958 15.812227487088153 
0 0 1 0.5120599594429202 15.812227806688394 
0 -1 1 0.39374507237888 15.886531823406994 
0 -2 1 0.3937450723788784 15.886532080566749 
0 -3 0 0.2450117895203951 11.561105879862058 
1 -3 0 1.965956034695365 8.868737670421261 
0 -4 0 0.24501178952039582 11.561106518246373 
1 -4 0 1.9659560346953608 8.868737670421265 
-1 3 0 2.2741680046775183 9.801795984702785 
-1 2 0 2.2741680046775197 9.801795984702785 
-1 1 0 0.5305605188086763 13.839268723905088 
-1 0 0 0.5305605188086755 13.839268716536994 
-1 -1 0 0.39374507239180884 15.999999996024457 
-1 -2 0 0.3937450723852922 15.999999995042133 
-1 -3 0 0.24501178952039568 13.716799594689897 
-1 -4 0 0.24501178952039598 13.716799144514937 
-1 -5 0 0.6220925974925757 8.879372427668564 
0 -5 0 2.585786437626905 5.414213562373095 
-1 -6 0 0.6220925974925765 8.879372427668567 
0 -6 0 2.585786437626905 5.414213562373095 
-2 3 0 6.0 6.0 
-2 2 0 6.0 6.0 
-2 1 0 2.9836331234722335 11.999999995026274 
-2 0 0 2.983633123472234 11.9999999812748 
-2 -1 0 1.3460405021323132 15.999999999955097 
-2 -2 0 1.3460405021304283 15.999999999407908 
-2 -3 0 0.695435260105445 15.312144961040898 
-2 -4 0 0.6954352601136017 15.312144960847032 
-2 -5 0 0.6220925974925745 10.850231262151738 
-2 -6 0 0.6220925974925752 10.850231262151736 
-3 1 0 7.999999999999999 8.0 
-3 0 0 8.0 8.0 
-3 -1 0 3.6242562894612447 14.000000000000004 
-3 -2 0 3.624256289461255 14.0 
-3 -3 0 1.9255954244109401 15.312145088174127 
-3 -4 0 1.925595424451778 15.312145089531937 
-3 -5 0 1.8036244212022976 12.424428900898056 
-3 -6 0 1.8036244212023014 12.424428900898054 
-3 -7 0 2.0 2.0 
-2 -7 0 2.0 2.0 
-3 -8 0 2.0 2.0 
-2 -8 0 2.0 2.0 
-4 -1 0 10.0 10.0 
-4 -2 0 10.0 10.0 
-4 -3 0 4.611645138055125 13.594855934365672 
-4 -4 0 4.611645138055124 13.594855934365672 
-4 -5 0 2.5755710991019476 12.424428900898054 
-4 -6 0 2.5755710991019476 12.42442890089805 
-4 -7 0 2.0 2.0 
-4 -8 0 2.0 2.0 
