3 5 0 2.5857864376269055 6.0 
4 5 0 6.0 6.0 
3 4 0 2.585786437626905 6.000000000000001 
4 4 0 6.0 6.0 
3 3 0 2.962819232238959 15.806256759038625 
4 3 0 7.3745188014736955 15.806256759038623 
3 2 0 2.9628192296844955 15.80625675903862 
4 2 0 7.374518801473696 15.80625675903862 
3 1 0 4.177797274816641 18.616091308416024 
4 1 0 9.325526643062604 17.606872109000562 
3 0 0 4.177797274816409 18.61609130365723 
4 0 0 9.325526643062606 17.60687210900056 
3 -1 0 5.732052377899279 17.99999999663897 
4 -1 0 16.0 16.0 
3 -2 0 5.7320523778992785 17.999999998639467 
4 -2 0 16.0 16.0 
2 5 0 2.5857864376269046 6.000000000000003 
2 4 0 2.585786437626905 6.000000000000001 
2 3 0 0.7475937957359085 14.269181315820942 
2 2 0 0.747593795735909 14.26918131581484 
2 1 0 1.2429302649652054 18.616090332133247 
2 0 0 1.2429302649653176 18.616091308453314 
2 -1 0 1.8611707015935535 19.999999999502517 
2 -2 0 1.8611707033685156 19.999999999947967 
2 -3 0 3.398277778269381 15.93700452032968 
3 -3 0 7.889907928977185 15.0 
2 -4 0 3.3982777782813582 15.937004762856919 
3 -4 0 7.889907928977181 15.0 
1 5 0 2.5857864376269046 6.0 
1 4 0 2.585786437626905 6.000000000000001 
1 3 0 0.747593795744125 12.73259690081993 
1 2 0 0.747593795736862 12.732596558752865 
1 1 0 0.47863731630426487 17.12448294624682 
1 0 0 0.4786373163984973 17.124483094465553 
1 -1 0 0.6140793565930698 19.999999666011433 
1 -2 0 0.6140793565923216 19.999999132250608 
1 -3 0 1.4642327327082822 17.999999709206367 
1 -4 0 1.4642327309911247 17.999999087439516 
1 -5 0 2.846279004905318 14.765962176203104 
2 -5 0 5.744873500176789 13.0 
1 -6 0 2.8462790049052957 14.765962187086167 
2 -6 0 5.74487350017679 13.0 
0 5 0 2.585786437626905 5.414213562373095 
0 4 0 2.5857864376269046 5.414213562373095 
0 3 0 0.9589369724095924 11.45443103360454 
0 2 0 0.9589369720132627 11.454431033073753 
0 1 1 0.4786373163027196 15.914806560790854 
0 0 1 0.4786373163027268 15.914806576011477 
0 -1 1 0.25114281529381743 19.512536974944723 
0 -2 1 0.2511428152938222 19.51253693812064 
0 -3 0 0.11154835485716662 19.99999994226269 
0 -4 0 0.1115483548415033 19.99999998367811 
0 -5 0 1.2341693231888589 15.999999976314868 
0 -6 0 1.234169323191417 15.999996149525025 
0 -7 0 2.6070197430288795 12.42131273779218 
1 -7 0 4.967371135908357 10.676398001918129 
0 -8 0 2.6070197428828115 12.421312737792094 
1 -8 0 4.9673711359083565 10.67639800191813 
-1 3 0 2.882375475022351 10.0919455874563 
-1 2 0 2.8823754750223505 10.091945587456298 
-1 1 0 0.8103845800699071 14.560117221068436 
-1 0 0 0.8103845806805174 14.560117256369942 
-1 -1 0 0.2511428153123405 17.793377271436725 
-1 -2 0 0.25114281529488425 17.793377498327494 
-1 -3 0 0.11154835484151035 19.999999255730444 
-1 -4 0 0.11154835484149193 19.999997566101083 
-1 -5 0 0.23154648974968772 17.784229112611943 
-1 -6 0 0.23154648972498443 17.83361760444136 
-1 -7 0 1.4610208640851305 13.731127240820364 
-1 -8 0 1.4610208641588056 13.731127893091484 
-1 -9 0 4.585786437626904 7.999999999999998 
0 -9 0 4.585786437626907 7.414213562373096 
-1 -10 0 4.585786437626904 8.0 
0 -10 0 4.585786437626905 7.414213562373095 
-2 1 0 3.3471901499503574 12.925643377397044 
-2 0 0 3.3471901499418095 12.925643377424484 
-2 -1 0 1.085159391683063 16.66530636136367 
-2 -2 0 1.085159389887987 16.665306557625463 
-2 -3 0 0.2933531832252634 19.999998802473353 
-2 -4 0 0.29335318321416454 19.99999996867023 
-2 -5 0 0.2315464897198415 19.520594201300263 
-2 -6 0 0.23154648973243808 19.520594300074595 
-2 -7 0 0.2934701897112816 15.624100937113838 
-2 -8 0 0.29347018974401395 15.62410108499321 
-2 -9 0 2.0174743011144574 11.030896331153837 
-2 -10 0 2.017474301114461 11.03089633115384 
-3 1 0 5.999999999999999 8.0 
-3 0 0 6.000000000000002 8.0 
-3 -1 0 2.6412294124979234 14.930817779007281 
-3 -2 0 2.641229412648218 14.930818058685157 
-3 -3 0 0.9764706455121409 17.999999784978062 
-3 -4 0 0.9764706456303112 17.99999971316118 
-3 -5 0 0.4863409283201385 19.99999999658719 
-3 -6 0 0.4863409283179532 19.999999657926484 
-3 -7 0 0.2934701897116248 17.292283078164 
-3 -8 0 0.2934701897129442 17.292282786374326 
-3 -9 0 0.9325472845115964 12.72270425565284 
-3 -10 0 0.93254728442349 12.722704323738114 
-4 -1 0 7.06456766802997 11.472833908995257 
-4 -2 0 7.06456766802997 11.472833908995256 
-4 -3 0 3.5139697525459646 16.869057421520182 
-4 -4 0 3.513969758451426 16.869057420920402 
-4 -5 0 1.714593224919597 19.99999996442046 
-4 -6 0 1.7145932254965814 19.99999998284324 
-4 -7 0 1.0516328476911494 18.890428989800633 
-4 -8 0 1.0516328476625452 18.89042898979946 
-4 -9 0 0.9325472845054338 14.643739771517843 
-4 -10 0 0.9325472853324374 14.6437399312524 
-4 -11 0 1.9999999999999998 4.0 
-3 -11 0 2.0 4.0 
-4 -12 0 2.0 4.0 
-3 -12 0 2.0 4.0 
-5 -3 0 8.438447187191171 13.0 
-5 -4 0 8.438447187191171 13.0 
-5 -5 0 4.6964697141972565 18.000000000000004 
-5 -6 0 4.696469714197242 17.999999999999996 
-5 -7 0 3.014992649733506 18.890428989531152 
-5 -8 0 3.014992635959638 18.89042618766534 
-5 -9 0 2.4348862386458503 16.312650349317327 
-5 -10 0 2.4348862386458436 16.312650349317316 
-5 -11 0 1.9999999999999996 4.0 
-5 -12 0 2.0 4.0 
-6 -5 0 14.0 14.0 
-6 -6 0 14.0 14.0 
-6 -7 0 7.101020514433645 16.898979485566358 
-6 -8 0 7.101020514433645 16.898979485566358 
-6 -9 0 4.949144878312966 16.312650349317327 
-6 -10 0 4.949144878312965 16.312650349317323 
-6 -11 0 4.0 4.0 
-6 -12 0 4.0 4.0 
