5 17 0 1.0 1.0 
6 17 0 1.0 1.0 
5 16 0 1.0 1.0 
6 16 0 1.0 1.0 
5 15 0 0.46337037879419685 7.701562118716423 
6 15 0 1.2984378812835764 7.701562118716428 
5 14 0 0.4633703787941966 7.701562118716425 
6 14 0 1.2984378812835753 7.701562118716425 
5 13 0 0.6296724571202877 11.701562118716428 
6 13 0 2.2984378812835735 11.70156211871643 
5 12 0 0.6296724571202883 11.701562118716414 
6 12 0 2.2984378812835753 11.701562118716426 
5 11 0 1.2984378812993045 13.701562108927806 
6 11 0 3.2984378812835766 12.701562118716422 
5 10 0 1.2984378813030324 13.701562117463098 
6 10 0 3.2984378812835757 12.701562118716426 
5 9 0 2.629672331945395 14.668363223399602 
6 9 0 4.298437881283576 13.372281323269014 
5 8 0 2.6277186767412637 14.668363223376067 
6 8 0 4.298437881283576 13.37228132326901 
5 7 0 3.629672457120288 13.000000000000007 
6 7 0 5.627718676730986 11.372281323269014 
5 6 0 3.6296724868519217 12.999999999999995 
6 6 0 5.6277186767309875 11.372281323269014 
5 5 0 4.880330857388411 11.0 
6 5 0 9.0 9.0 
5 4 0 4.880330857388408 11.0 
6 4 0 9.0 9.0 
4 15 0 0.46337037879419657 5.843404487333674 
4 14 0 0.4633703787941965 5.843404487333673 
4 13 1 0.6296724571202876 11.701562118716389 
4 12 1 0.6296724571202901 11.701562118716408 
4 11 1 0.46337037879419607 13.70156172379096 
4 10 1 0.4633703787941944 13.701562118715508 
4 9 0 0.6296724571561145 15.668363222893426 
4 8 0 0.6296724573297395 15.668363219015319 
4 7 0 1.8803308573884119 14.999999999925507 
4 6 0 1.8803308580237679 14.999999993308055 
4 5 0 3.0000000000377827 12.999999911694438 
4 4 0 3.0000000000655573 12.999999806339702 
4 3 0 5.0 9.732050807568879 
5 3 0 7.0 7.0 
4 2 0 5.000000000000001 9.732050807568879 
5 2 0 7.0 7.0 
3 15 0 3.0 3.0 
3 14 0 3.0 3.0 
3 13 0 0.81970451914144 9.84340448733367 
3 12 0 0.8197045191414409 9.843404487333672 
3 11 0 0.4633703788310256 13.701562084440045 
3 10 0 0.46337037880441895 13.70156182857851 
3 9 1 0.5920853297645707 15.66836321905211 
3 8 1 0.5920853283395042 15.66836322245744 
3 7 1 1.1804315303285986 15.999999999734975 
3 6 1 1.1804315303286639 15.99999947395361 
3 5 0 2.0000000000065676 13.999999999998671 
3 4 0 2.000000001511568 13.999999999983027 
3 3 0 3.592085327820142 10.740486792068047 
3 2 0 3.5920853278201412 10.740486792068037 
2 13 0 2.585786437626904 7.0 
2 12 0 2.5857864376269046 7.000000000000002 
2 11 0 0.4684951166427191 11.999999999976158 
2 10 0 0.4684951166427194 11.999999999997172 
2 9 1 0.46337037879419796 15.668363223215062 
2 8 1 0.4633703787941997 15.668363223328686 
2 7 1 0.46337037884461474 15.999999581715942 
2 6 1 0.4633703804117089 15.999999881217077 
2 5 0 0.5920853278214625 15.999999999956325 
2 4 0 0.5920853278204002 15.999999998935674 
2 3 0 1.880330857388411 12.732050807554852 
2 2 0 1.8803308573884123 12.732050806828369 
2 1 0 3.0 6.0 
3 1 0 5.0 5.0 
2 0 0 3.0000000000000004 5.999999999999999 
3 0 0 5.0 5.0 
1 11 0 3.4633703787941967 9.999999999999998 
1 10 0 3.463370378794196 10.000000000000002 
1 9 0 0.4633703791943123 13.999999999970665 
1 8 0 0.46337037879419773 13.999999999981458 
1 7 1 0.4633703789008925 15.999999800232732 
1 6 1 0.4633703788041628 15.999999926942447 
1 5 3 0.8197045191414335 15.99999999167514 
1 4 3 0.8197045191416023 15.9999999956019 
1 3 2 1.1804315303285888 13.740486792068037 
1 2 2 1.1804315303285868 13.740486792068037 
1 1 0 2.0000000000000013 8.000000000000002 
1 0 0 2.0 7.999999999999998 
0 11 0 6.0 6.0 
0 10 0 6.0 6.0 
0 9 0 2.9999999999999982 12.0 
0 8 0 3.0000000000000053 11.999999999999996 
0 7 0 0.8197045191873393 15.999999971345899 
0 6 0 0.8197045192666327 15.999999984902113 
0 5 0 0.46849511664271976 15.999999999744087 
0 4 0 0.46849511664271914 15.999999997966173 
0 3 0 0.46849511664271853 14.999999969157422 
0 2 0 0.46849511664278354 14.99999999935896 
0 1 0 0.5920853278201428 9.0 
0 0 0 0.5920853278201413 9.0 
-1 9 0 5.585786437626904 9.0 
-1 8 0 5.585786437626904 9.0 
-1 7 0 2.585786437626905 13.999999999999998 
-1 6 0 2.585786437626904 14.000000000000004 
-1 5 0 0.46849511669518296 15.999999999999991 
-1 4 0 0.4684951168081166 15.99999996969778 
-1 3 1 0.46849511664271903 14.999999999915117 
-1 2 1 0.4684951166427179 14.999999999883375 
-1 1 2 0.5920853278201426 9.000000000000007 
-1 0 2 0.592085327820141 9.000000000000004 
-1 -1 1 2.0 3.0 
0 -1 0 2.0 2.0 
-1 -2 1 2.0 3.0 
0 -2 0 2.0 2.0 
-2 7 0 11.0 11.0 
-2 6 0 11.0 11.0 
-2 5 0 6.999999999999999 14.0 
-2 4 0 7.0 14.000000000000004 
-2 3 0 4.000000000000001 15.000000000000005 
-2 2 0 3.999999999999999 15.0 
-2 1 0 3.0 9.000000000000002 
-2 0 0 3.0 9.0 
-2 -1 0 3.0 3.0 
-2 -2 0 3.0 3.0 
