3 9 0 2.9999999999999996 5.0 
4 9 0 5.0 5.0 
3 8 0 2.9999999999999996 5.0 
4 8 0 5.0 5.0 
3 7 0 1.9008025238797168 10.000000000000002 
4 7 0 10.0 10.0 
3 6 0 1.9008025238797186 9.999999999999998 
4 6 0 10.0 10.0 
2 9 0 1.0 5.0 
2 8 0 1.0000000000000004 5.0 
2 7 0 0.7250827823646239 9.147816775333881 
2 6 0 0.7250827823646255 9.147816775333874 
2 5 0 0.590958689648255 9.43449494333855 
3 5 0 3.1715728752538093 8.828427124746192 
2 4 0 0.5909586897113935 9.434494943338551 
3 4 0 3.1715728752538097 8.82842712474619 
1 9 0 1.0000000000000007 5.0 
1 8 0 0.9999999999999999 5.0 
1 7 1 0.7250827823646248 8.274917217635375 
1 6 1 0.7250827823646245 8.274917217635377 
1 5 3 1.0806685097450854 9.683382701048311 
1 4 3 1.080668509745087 9.683382701069947 
1 3 3 0.8972249509033579 8.156325174658662 
2 3 0 0.89722495090336 6.732050807568876 
1 2 3 0.8972249509033593 8.156325174658665 
2 2 0 0.8972249509033594 6.732050807568876 
0 7 0 2.999999999999999 7.000000000000001 
0 6 0 3.0000000000000004 7.000000000000002 
0 5 0 1.6072245818725943 9.683382701070245 
0 4 0 1.607224581872595 9.683382701070252 
0 3 0 1.107814121136778 9.236067977499793 
0 2 0 1.1078141211367762 9.236067977499792 
0 1 0 1.9999999999999998 4.0 
1 1 1 2.0 4.0 
0 0 0 2.0 4.000000000000001 
1 0 1 2.0 4.0 
-1 5 0 9.0 9.0 
-1 4 0 9.0 9.0 
-1 3 0 4.76393202250021 9.23606797749979 
-1 2 0 4.76393202250021 9.23606797749979 
-1 1 0 4.0 4.0 
-1 0 0 4.0 4.0 
