-1 -5 0 0.7129027517109808 8.662363340087184 
0 -5 1 0.712902751710982 8.66236334008718 
-1 -6 0 0.7129027517109798 8.662363340087179 
0 -6 1 0.7129027517109799 8.662363340087182 
-1 -7 0 0.5027071800126227 12.516580126766277 
0 -7 0 0.502707180012483 12.093418466639948 
-1 -8 0 0.5027071800125322 12.516580126208073 
0 -8 0 0.5027071800124827 12.093418466639946 
-1 -9 0 1.4901593420932582 14.0826984995582 
0 -9 0 1.7300250108282862 12.907703222727577 
-1 -10 0 1.4901593420932568 14.082698858026346 
0 -10 0 1.7300250108282813 12.907703222727571 
-1 -11 0 3.656232483185091 13.643703861742978 
0 -11 0 3.973698651252246 12.026301348747754 
-1 -12 0 3.656232483305385 13.64370348485393 
0 -12 0 3.973698651252246 12.026301348747754 
-1 -13 0 7.999999999999999 11.000000000000002 
0 -13 0 8.0 8.0 
-1 -14 0 7.999999999999999 11.0 
0 -14 0 8.0 8.0 
-2 -5 0 1.9999999999999998 3.0 
-2 -6 0 2.0 3.0 
-2 -7 1 0.5558587627380259 12.516580128021735 
-2 -8 1 0.5558587627380255 12.516580117325008 
-2 -9 0 0.5272492301299812 14.862087855246289 
-2 -10 0 0.5272492301282097 14.862087596264805 
-2 -11 0 1.508115810051255 15.086662572229454 
-2 -12 0 1.5081158100516585 15.086662597826455 
-2 -13 0 2.9107032825815122 12.999999941385527 
-2 -14 0 2.910703282581514 12.99999994941067 
-3 -5 0 3.0 3.0 
-3 -6 0 3.0 3.0 
-3 -7 0 0.5558587627408353 9.226112859254492 
-3 -8 0 0.5558587627391182 9.22611285970662 
-3 -9 0 0.5272492301286066 14.862087855766154 
-3 -10 0 0.5272492301286975 14.86208784961133 
-3 -11 1 0.7157410308567473 15.999999837608843 
-3 -12 1 0.7157410308567511 15.999999660522956 
-3 -13 0 0.736057651129177 14.999999999741144 
-3 -14 0 0.7360576511290685 14.99999999910399 
-3 -15 0 2.803237842132301 10.59773518811887 
-2 -15 0 6.0 9.0 
-3 -16 0 2.803237842132302 10.597735188118873 
-2 -16 0 6.0 9.0 
-4 -7 0 2.2614726926119384 7.232692062071585 
-4 -8 0 2.261472692611939 7.232692062071586 
-4 -9 0 0.7274208733760316 12.272176268438017 
-4 -10 0 0.7274208734814158 12.272176275542133 
-4 -11 1 0.5842700071619881 15.999999547423139 
-4 -12 1 0.5842700071619839 15.999999939184018 
-4 -13 0 0.36543688107353384 15.676094234660578 
-4 -14 0 0.3654368810701989 15.676094401423743 
-4 -15 0 1.0575012552963798 12.18514673069266 
-4 -16 0 1.0575012552959624 12.185146731293155 
-4 -17 0 2.999999999999999 6.0 
-3 -17 0 5.0 5.0 
-4 -18 0 2.9999999999999996 6.0 
-3 -18 0 5.0 5.0 
-5 -9 0 1.487278857236241 9.999999999999993 
-5 -10 0 1.4872788572362463 10.000000000000002 
-5 -11 0 0.5842700072322324 14.815127423764439 
-5 -12 0 0.5842700071704405 14.814927221913678 
-5 -13 0 0.36543688107006006 15.999999793728461 
-5 -14 0 0.36543688107008576 15.999999989989266 
-5 -15 1 1.0575012552959588 14.257555637784884 
-5 -16 1 1.0575012552959493 14.257555637967831 
-5 -17 0 0.9999999999999987 7.414213562373097 
-5 -18 0 1.000000000000002 7.414213562373096 
-6 -11 0 2.4060997482434012 12.000000000000002 
-6 -12 0 2.406099748243402 12.000000000000002 
-6 -13 0 1.6933952739119176 15.99999995868015 
-6 -14 0 1.6933952739691311 15.99999999849554 
-6 -15 0 1.17248825498951 15.078586781575698 
-6 -16 0 1.1724882549862856 15.078586794968743 
-6 -17 0 0.9999999999999996 8.0 
-6 -18 0 0.9999999999999991 8.000000000000002 
-7 -13 0 4.871130932406847 14.783908881327834 
-7 -14 0 4.8711309324068495 14.78390888132783 
-7 -15 0 3.2769893308997737 16.0 
-7 -16 0 3.2769893308997746 16.0 
-7 -17 0 2.585786437626905 8.0 
-7 -18 0 2.5857864376269055 8.000000000000002 
-8 -15 0 16.0 16.0 
-8 -16 0 16.0 16.0 
-8 -17 0 8.0 8.0 
-8 -18 0 8.0 8.0 
