1 3 0 2.0 4.0 
2 3 0 4.0 4.0 
1 2 0 2.0000000000000004 4.0 
2 2 0 4.0 4.0 
1 1 0 1.912640758858535 8.000000000000004 
2 1 0 5.999999999999999 8.0 
1 0 0 1.912640758858535 7.999999999999999 
2 0 0 6.0 8.0 
1 -1 0 2.3543308920701627 9.742735096768152 
2 -1 0 9.0 9.0 
1 -2 0 2.354330892070159 9.742735096768154 
2 -2 0 9.0 9.0 
0 3 0 1.9999999999999998 4.0 
0 2 0 2.0 4.0 
0 1 0 0.5335635592934992 7.7044634942911365 
0 0 0 0.5335635592935634 7.7044636048195905 
0 -1 0 0.5134484671467351 9.74273509673907 
0 -2 0 0.5134484671467365 9.742735096766252 
0 -3 0 0.7306784287074651 8.601056178055929 
1 -3 0 5.0 8.000000000000002 
0 -4 0 0.7306784287074768 8.601056223329152 
1 -4 0 5.0 7.999999999999999 
-1 3 0 2.0 4.0 
-1 2 0 2.0 4.0 
-1 1 0 0.5335635592934964 7.440672494532024 
-1 0 0 0.533563559293497 7.440672494532024 
-1 -1 1 0.513448467146736 9.492609119460608 
-1 -2 1 0.5134484671467391 9.492608987407264 
-1 -3 2 0.7306784287074636 9.393935424593442 
-1 -4 2 0.7306784287074676 9.393935457477166 
-1 -5 1 0.6933366783248565 6.463565909016464 
0 -5 0 1.9999999999999993 6.0 
-1 -6 1 0.6933366783248565 6.463565909016464 
0 -6 0 1.9999999999999998 6.0 
-2 1 0 3.267949192431123 6.7320508075688785 
-2 0 0 3.2679491924311233 6.732050807568877 
-2 -1 0 1.6588493131043835 8.739201006729115 
-2 -2 0 1.6588493131043867 8.739201006729122 
-2 -3 0 0.89724476246277 9.393935457475807 
-2 -4 0 0.8972447624627732 9.393935457469341 
-2 -5 0 0.6933366783248559 7.460504870018761 
-2 -6 0 0.6933366783248556 7.460504870018763 
-2 -7 0 0.9999999999999999 3.0 
-1 -7 0 1.0000000000000002 3.0 
-2 -8 0 0.9999999999999998 3.0 
-1 -8 0 1.0 3.0 
-3 -1 0 8.0 8.0 
-3 -2 0 8.0 8.0 
-3 -3 0 4.669941260432017 9.128419063844579 
-3 -4 0 4.669941260432018 9.128419063844577 
-3 -5 0 3.300371851724682 7.460504870018765 
-3 -6 0 3.3003718517246834 7.460504870018763 
-3 -7 0 3.0 3.0 
-3 -8 0 3.0 3.0 
