2 6 0 3.0 5.0 
3 6 0 5.0 5.0 
2 5 0 3.0 5.000000000000001 
3 5 0 5.0 5.0 
2 4 0 1.8944926122833623 11.192582403567254 
3 4 0 5.807417596432749 11.19258240356725 
2 3 0 1.8944926122833696 11.192582403567256 
3 3 0 5.807417596432748 11.192582403567252 
2 2 0 2.619219063303984 11.748836889506334 
3 2 0 11.0 11.0 
2 1 0 2.619219063303985 11.748836889506336 
3 1 0 11.0 11.0 
1 6 0 0.9999999999999993 5.000000000000001 
1 5 0 1.0000000000000002 5.0 
1 4 0 0.6572059032723191 9.971960768396645 
1 3 0 0.6572059032723202 9.971960768396482 
1 2 0 0.539577438286942 11.74883657444553 
1 1 0 0.5395774382871721 11.74883676216977 
1 0 0 0.7854109526834905 10.553509692733746 
2 0 0 4.171572875253811 9.828427124746188 
1 -1 0 0.7854109528174026 10.553509673714887 
2 -1 0 4.171572875253811 9.82842712474619 
0 6 0 0.9999999999999997 5.0 
0 5 0 1.0000000000000004 5.0 
0 4 1 0.6572059032723147 8.593071702268144 
0 3 1 0.6572059032723178 8.593071702268704 
0 2 3 0.9416323188813053 11.274105718193006 
0 1 3 0.9416323188813063 11.274105717478337 
0 0 3 0.822673519944624 11.357546345890025 
0 -1 3 0.8226735199446245 11.357546239893093 
0 -2 1 0.8338813153767178 8.712464467990534 
1 -2 0 1.7639320225002102 7.732050807568878 
0 -3 1 0.833881315376717 8.712464185541453 
1 -3 0 1.7639320225002104 7.732050807568877 
-1 4 0 2.267949192431122 7.7320508075688785 
-1 3 0 2.2679491924311224 7.732050807568877 
-1 2 0 1.258084596083591 10.544418468268741 
-1 1 0 1.258084596083591 10.544418449612673 
-1 0 0 0.8226735199597329 11.744091027965478 
-1 -1 0 0.8226735199676608 11.744091025507776 
-1 -2 0 0.8338813153767167 9.366568495243392 
-1 -3 0 0.8338813153767178 9.366568472685996 
-1 -4 0 0.9999999999999996 5.0 
0 -4 0 1.0000000000000007 4.999999999999999 
-1 -5 0 1.0000000000000004 5.0 
0 -5 0 1.0 5.0 
-2 2 0 6.267949192431124 9.732050807568877 
-2 1 0 6.267949192431122 9.732050807568877 
-2 0 0 3.285936984900029 11.74409102806549 
-2 -1 0 3.2859369849000357 11.744091028065492 
-2 -2 0 2.808836437221402 9.618033988749893 
-2 -3 0 2.8088364372214025 9.618033988749897 
-2 -4 0 2.9999999999999996 5.0 
-2 -5 0 3.0 5.0 
-3 0 0 11.0 11.0 
-3 -1 0 11.0 11.0 
-3 -2 0 7.381966011250105 9.618033988749895 
-3 -3 0 7.381966011250106 9.618033988749895 
-3 -4 0 5.0 5.0 
-3 -5 0 5.0 5.0 
