4 14 0 0.9999999999999996 3.0 
5 14 0 3.0 3.0 
4 13 0 1.0000000000000004 3.0 
5 13 0 3.0 3.0 
4 12 0 0.7639320225002106 7.0 
5 12 0 3.0 7.000000000000002 
4 11 0 0.76393202250021 7.000000000000002 
5 11 0 3.0000000000000004 6.999999999999999 
4 10 0 0.7639320225002123 10.0 
5 10 0 4.999999999999999 10.0 
4 9 0 0.7639320225002103 10.000000000000005 
5 9 0 5.0 10.000000000000002 
4 8 0 1.267949192431121 10.000000000000004 
5 8 0 8.0 8.0 
4 7 0 1.2679491924311215 10.0 
5 7 0 8.0 8.0 
3 14 0 1.0 3.0 
3 13 0 0.9999999999999998 3.0 
3 12 1 0.7639320225002102 7.000000000000006 
3 11 1 0.7639320225002116 7.000000000000003 
3 10 3 1.4384471871911686 9.999999999996675 
3 9 3 1.4384471871911717 9.999999999994284 
3 8 3 1.2679491924311213 9.999999989334956 
3 7 3 2.5857864376222865 9.999999986211549 
3 6 1 2.000000000000001 8.73205080756888 
4 6 0 3.267949192431123 6.732050807568877 
3 5 1 1.9999999999999993 8.732050807568879 
4 5 0 3.2679491924311237 6.7320508075688785 
2 12 0 3.0 6.9999999999999964 
2 11 0 3.0000000000000004 6.999999999999999 
2 10 0 0.9999999999999996 9.56155281280883 
2 9 0 1.0000000000000013 9.561552812808829 
2 8 0 0.7639320225002111 9.999999814171545 
2 7 0 0.7639320225002103 9.99999997280859 
2 6 0 0.7639320225002091 9.414213562373096 
2 5 0 0.763932022500206 9.414213562373092 
2 4 0 1.2679491924311226 6.000000000000001 
3 4 0 2.0 4.0 
2 3 0 1.2679491924311237 6.0 
3 3 0 2.0000000000000004 3.9999999999999996 
1 12 0 2.9999999999999996 5.0 
1 11 0 3.0 5.0 
1 10 0 0.9999999999999999 8.999999999999998 
1 9 0 0.9999999999999992 8.999999999999998 
1 8 1 0.7639320225002108 9.561552812440484 
1 7 1 0.7639320225002111 9.561552812233103 
1 6 3 1.267949192431124 9.414213562373098 
1 5 3 0.7639320225002108 9.4142135623731 
1 4 3 1.2679491924311226 6.0 
1 3 3 1.2679491924311235 6.000000000000002 
0 10 0 7.0 7.0 
0 9 0 7.0 7.0 
0 8 0 4.585786437626906 9.000000000000002 
0 7 0 4.585786437626904 9.0 
0 6 0 2.585786437626904 9.414213562373096 
0 5 0 2.5857864376269046 9.414213562373094 
0 4 0 2.0 6.000000000000001 
0 3 0 1.9999999999999998 6.0 
0 2 0 2.0 2.0 
1 2 1 2.0 2.0 
0 1 0 2.0 2.0 
1 1 1 2.0 2.0 
