2 4 0 3.0000000000000004 6.0 
3 4 0 6.0 6.0 
2 3 0 3.0000000000000004 6.0 
3 3 0 6.0 6.0 
2 2 0 2.845639540235795 13.162277660168376 
3 2 0 6.837722339831618 13.16227766016838 
2 1 0 2.845639540235791 13.162277660168376 
3 1 0 6.837722339831621 13.162277660168378 
2 0 0 3.4734081822193326 13.762210135129788 
3 0 0 13.0 13.0 
2 -1 0 3.4734081822193295 13.762210135129797 
3 -1 0 13.0 13.0 
1 4 0 1.0 6.0 
1 3 0 0.9999999999999998 6.000000000000001 
1 2 0 0.9712635323093579 12.27453851584857 
1 1 0 0.9712635320591178 12.274538734846994 
1 0 0 1.0774210018680614 13.762210134305498 
1 -1 0 1.0774210018797281 13.762210135075314 
1 -2 0 1.7375299551307999 12.740165718099789 
2 -2 0 4.943939693694011 11.841222070050058 
1 -3 0 1.7375299551310872 12.740165727029165 
2 -3 0 4.943939693694012 11.84122207005006 
0 4 0 1.0000000000000018 6.000000000000002 
0 3 0 1.0000000000000009 6.000000000000002 
0 2 1 0.9712635320439056 11.047578714196097 
0 1 1 0.971263532043977 11.047578714377364 
0 0 2 0.9766817818229595 13.158167521730768 
0 -1 2 0.9766817818673157 13.158170945221944 
0 -2 1 0.3810913678551057 13.4586939130179 
0 -3 1 0.3810913678551053 13.458693452332414 
0 -4 0 0.5418609988209049 11.507123089400356 
1 -4 0 2.794049740912461 10.000000000000004 
0 -5 0 0.5418609988192002 11.507123113888596 
1 -5 0 2.7940497409124614 9.999999999999998 
-1 4 0 2.9999999999999996 5.0 
-1 3 0 3.0000000000000004 5.0 
-1 2 0 1.5421362718725782 9.254169471854459 
-1 1 0 1.54213627186811 9.254169471854471 
-1 0 0 0.641132684686738 12.448455866388793 
-1 -1 0 0.6411326850523653 12.448457292216384 
-1 -2 0 0.38109136785532904 13.745275458318435 
-1 -3 0 0.3810913678557813 13.745274914420726 
-1 -4 0 0.5418609992219848 12.286313799475488 
-1 -5 0 0.5418609992399103 12.286313781021445 
-1 -6 0 1.0076657577517916 9.751529827878295 
0 -6 0 1.5857864376269046 8.449489742783179 
-1 -7 0 1.0076657577515877 9.751529827878294 
0 -7 0 1.585786437626902 8.449489742783179 
-2 2 0 4.267949192431122 7.732050807568877 
-2 1 0 4.2679491924311215 7.732050807568878 
-2 0 0 2.0869334434189395 11.810695871158568 
-2 -1 0 2.0869334441402874 11.810695871158584 
-2 -2 0 1.1454228953081917 13.745275567190559 
-2 -3 0 1.1454228953095442 13.745275567188859 
-2 -4 0 1.0351320947543863 13.165579238795225 
-2 -5 0 1.0351320947533922 13.165579238260015 
-2 -6 0 1.0076657577515806 10.594970545449787 
-2 -7 0 1.0076657577515824 10.594970545785914 
-2 -8 0 1.9999999999999996 4.0 
-1 -8 0 2.0 4.0 
-2 -9 0 2.0 4.0 
-1 -9 0 2.0000000000000004 4.0 
-3 0 0 6.267949192431122 9.732050807568877 
-3 -1 0 6.2679491924311215 9.732050807568877 
-3 -2 0 3.3093323372556234 13.000000000000007 
-3 -3 0 3.3093323372556234 12.999999999999998 
-3 -4 0 2.164173787276359 13.165579237634121 
-3 -5 0 2.1641737872764204 13.16557923849498 
-3 -6 0 1.7298939762010057 11.131312518250573 
-3 -7 0 1.7298939762010033 11.131312518250573 
-3 -8 0 2.0 4.0 
-3 -9 0 1.9999999999999998 4.0 
-4 -2 0 11.0 11.0 
-4 -3 0 11.0 11.0 
-4 -4 0 6.5973211704788115 11.718709690391915 
-4 -5 0 6.5973211704788115 11.718709690391915 
-4 -6 0 4.71681400871383 11.13131251825057 
-4 -7 0 4.716814008713833 11.131312518250573 
-4 -8 0 4.0 4.0 
-4 -9 0 4.0 4.0 
