1 5 0 1.0000000000000002 3.0 
2 5 0 3.0 3.0 
1 4 0 1.0000000000000002 3.0 
2 4 0 3.0 3.0 
1 3 0 1.0 6.414213562373096 
2 3 0 3.5857864376269046 6.414213562373096 
1 2 0 1.0000000000000002 6.414213562373097 
2 2 0 3.5857864376269046 6.414213562373096 
1 1 0 1.0000000000000002 7.414213562373097 
2 1 0 4.585786437626904 7.414213562373096 
1 0 0 0.9999999999999984 7.414213562373096 
2 0 0 4.585786437626904 7.414213562373096 
1 -1 0 2.0000000000000004 7.5615528128088325 
2 -1 0 7.0 7.0 
1 -2 0 2.0 7.561552812808831 
2 -2 0 7.0 7.0 
0 5 0 1.0 3.0 
0 4 0 1.0 3.0 
0 3 1 1.0000000000000007 6.414213562373096 
0 2 1 1.0000000000000002 6.414213562373094 
0 1 3 1.2679491924311226 7.4142135623730985 
0 0 3 0.9999999999999978 7.414213562373094 
0 -1 3 0.76393202250021 8.000000000000005 
0 -2 3 0.7639320225002096 8.000000000000002 
0 -3 1 0.7639320225002106 5.561552812808831 
1 -3 0 3.0 5.0 
0 -4 1 0.7639320225002104 5.56155281280883 
1 -4 0 3.0000000000000004 5.0 
-1 3 0 2.267949192431123 5.732050807568877 
-1 2 0 2.267949192431123 5.732050807568878 
-1 1 0 1.2679491924311235 7.0 
-1 0 0 1.2679491924311233 7.000000000000002 
-1 -1 0 0.7639320225002099 8.0 
-1 -2 0 0.7639320225002105 8.0 
-1 -3 0 0.7639320225002098 6.0 
-1 -4 0 0.7639320225002102 6.000000000000001 
-1 -5 0 0.9999999999999999 3.0 
0 -5 0 0.9999999999999998 3.0 
-1 -6 0 1.0000000000000004 3.0 
0 -6 0 1.0 3.0 
-2 1 0 7.0 7.0 
-2 0 0 7.0 7.0 
-2 -1 0 4.000000000000001 8.0 
-2 -2 0 4.0 8.0 
-2 -3 0 3.0000000000000004 6.000000000000001 
-2 -4 0 2.9999999999999996 6.0 
-2 -5 0 3.0 3.0 
-2 -6 0 3.0 3.0 
