1 -1 0 3.9999999999999987 8.000000000000002 
2 -1 0 8.0 8.0 
1 -2 0 3.999999999999999 8.0 
2 -2 0 8.0 8.0 
1 -3 0 3.477806333856204 18.472135954935634 
2 -3 0 9.52786404500042 18.47213595499958 
1 -4 0 3.477806333855945 18.472135954999082 
2 -4 0 9.52786404500042 18.47213595499958 
1 -5 0 4.734568212110939 19.999999999936755 
2 -5 0 18.0 18.0 
1 -6 0 4.734568212110868 19.999999999730697 
2 -6 0 18.0 18.0 
0 -1 1 2.9999999999999987 8.0 
0 -2 1 2.999999999999999 8.000000000000004 
0 -3 1 0.8777767734753588 16.94711270928178 
0 -4 1 0.8777767734753503 16.9471129615889 
0 -5 0 0.5975226029076414 19.9999999939156 
0 -6 0 0.597522602906132 19.99999999436205 
0 -7 0 1.917929619104195 17.999999923047163 
1 -7 0 7.394448724536008 16.000000000000004 
0 -8 0 1.9179296191042008 17.999999002386232 
1 -8 0 7.39444872453601 16.0 
-1 -1 0 2.9999999999999982 7.000000000000001 
-1 -2 0 2.999999999999997 7.000000000000001 
-1 -3 0 0.8018337300890669 15.7858599186141 
-1 -4 0 0.8018337303715147 15.785859926342269 
-1 -5 0 0.5975226029714656 18.931140185300734 
-1 -6 0 0.5975226029534028 18.93114020256313 
-1 -7 0 1.0881246835355884 19.999999707881045 
-1 -8 0 1.0881246835233482 19.999999098846768 
-1 -9 0 2.248432250529879 16.78730989484251 
0 -9 0 4.156702244560415 14.820973420680778 
-1 -10 0 2.2484322489341753 16.78730993040359 
0 -10 0 4.156702244560416 14.820973420680783 
-2 -1 0 3.0 7.000000000000002 
-2 -2 0 3.0 7.0 
-2 -3 0 0.8018337300821725 14.880923452163245 
-2 -4 0 0.8018337303166353 14.880923216595003 
-2 -5 3 1.2388032276711884 17.708204913955413 
-2 -6 3 1.2388032276711904 17.70820507409019 
-2 -7 3 0.906075325594758 19.999999942481786 
-2 -8 3 0.9539144853191663 19.999999910525965 
-2 -9 0 0.5429996472131344 17.99999863438447 
-2 -10 0 0.5429996472689872 17.999998419372623 
-2 -11 0 1.650533389936393 14.61923540764517 
-1 -11 0 4.36585767644416 12.999999732419003 
-2 -12 0 1.650533389936402 14.619232588191881 
-1 -12 0 4.365857676444167 12.999999949336138 
-3 -1 0 6.0 6.0 
-3 -2 0 6.0 6.000000000000001 
-3 -3 0 3.3388803820899042 13.397184388556058 
-3 -4 0 3.3388803474366027 13.397184393060543 
-3 -5 0 1.4683253943946373 16.534413738883945 
-3 -6 0 1.4683253948110409 16.534413321605136 
-3 -7 0 0.6568157550496442 19.99999997722099 
-3 -8 0 0.6568157571319674 19.999999927520363 
-3 -9 0 0.5429996472094807 19.759628266491283 
-3 -10 0 0.5429996472166055 19.759627912045296 
-3 -11 0 1.1128167943657323 16.814957089188034 
-3 -12 0 1.1128167940114344 16.81495751700231 
-3 -13 0 2.072916197236013 12.538229337777162 
-2 -13 0 3.912256880795405 11.203196355945806 
-3 -14 0 2.072916197240251 12.538229423387186 
-2 -14 0 3.912256880795406 11.20319635594581 
-4 -1 0 6.0 6.0 
-4 -2 0 6.0 6.0 
-4 -3 0 3.7239784004326673 11.298699547917135 
-4 -4 0 3.7239784004330043 11.298699547916843 
-4 -5 0 1.9035080825528188 15.797451017224441 
-4 -6 0 1.903508082406248 15.797450975085884 
-4 -7 0 0.6568157550384297 17.89961470180351 
-4 -8 0 0.6568157554752764 17.899614632513952 
-4 -9 3 1.089999297973019 19.999999860686824 
-4 -10 3 1.0899992979730224 19.99999990577322 
-4 -11 3 1.0690867910979753 17.774367895507314 
-4 -12 3 1.069086791098002 17.77438244068079 
-4 -13 0 0.5777999319532837 14.4198498252871 
-4 -14 0 0.5777999319523314 14.419849805310351 
-4 -15 0 1.768341752703036 10.141242162922875 
-3 -15 0 4.260322690258354 8.33420053154293 
-4 -16 0 1.7683417527030352 10.141242162922879 
-3 -16 0 4.260322690258354 8.334200531542926 
-5 -3 0 6.381966011250106 9.618033988749895 
-5 -4 0 6.381966011250105 9.618033988749897 
-5 -5 0 4.393470460470193 13.649324537695781 
-5 -6 0 4.39347046098781 13.649324537701192 
-5 -7 0 2.619976910903339 16.99999999782627 
-5 -8 0 2.6199769001051347 16.99999999917266 
-5 -9 0 1.341501234880873 19.99999926608854 
-5 -10 0 1.341501234876418 19.999998856135587 
-5 -11 0 0.7115104700437409 18.99480420446156 
-5 -12 0 0.7115104703345985 18.99480416967916 
-5 -13 0 0.5777999319530093 15.887121768864516 
-5 -14 0 0.5777999320212212 15.887121782362446 
-5 -15 0 1.3079940446455183 11.520248033539598 
-5 -16 0 1.3079940445783806 11.520248140229636 
-5 -17 0 4.0 4.0 
-4 -17 0 4.0 4.0 
-5 -18 0 4.0 4.0 
-4 -18 0 4.0 4.0 
-6 -5 0 6.049833662196494 12.000000000000002 
-6 -6 0 6.0498336621964945 11.999999999999996 
-6 -7 0 3.752089206804499 15.763744070831727 
-6 -8 0 3.7520892069031975 15.76374407083491 
-6 -9 0 1.9634125292469449 17.999999928833354 
-6 -10 0 1.9634125292479632 17.999998803020496 
-6 -11 0 0.7115104698312612 18.994803986347527 
-6 -12 0 0.7115104699325666 18.99480427753667 
-6 -13 1 1.10776166232888 17.116637960781677 
-6 -14 1 1.1077616623288864 17.11663797141363 
-6 -15 1 1.3079940446478633 13.263231422390037 
-6 -16 1 1.307994044572426 13.26323130262163 
-6 -17 0 0.9999999999999994 4.999999999999999 
-6 -18 0 1.0000000000000004 5.0 
-7 -7 0 7.572121127629257 13.803542495682597 
-7 -8 0 7.572121127629257 13.803542495682594 
-7 -9 0 5.120387161718819 16.999999981086557 
-7 -10 0 5.120387161718905 16.99999999753066 
-7 -11 0 3.6371309757284997 18.248760293937064 
-7 -12 0 3.6371309598193022 18.248760318277256 
-7 -13 0 2.365713722030634 17.116637974216754 
-7 -14 0 2.365713722054152 17.116637976798025 
-7 -15 0 1.3570134795460496 14.806256759038629 
-7 -16 0 1.3570134795532893 14.806256759038625 
-7 -17 0 0.9999999999999998 5.000000000000001 
-7 -18 0 0.9999999999999999 5.0 
-8 -9 0 15.0 15.0 
-8 -10 0 15.0 15.0 
-8 -11 0 9.041302282507912 16.51585288356796 
-8 -12 0 9.04130228250791 16.51585288356796 
-8 -13 0 7.394448724536011 16.872983346207416 
-8 -14 0 7.394448724536009 16.872983346207413 
-8 -15 0 6.000000000000001 14.806256759038622 
-8 -16 0 5.999999999999999 14.806256759038623 
-8 -17 0 5.0 5.0 
-8 -18 0 5.0 5.0 
