7 19 0 2.000000000000001 4.0 
8 19 0 4.0 4.0 
7 18 0 2.0 4.0 
8 18 0 4.0 4.0 
7 17 0 1.5646609288328905 15.291502622129181 
8 17 0 4.70849737787082 15.291502622129183 
7 16 0 1.5646609288328914 15.291502622129185 
8 16 0 4.708497377870819 15.29150262212918 
7 15 0 2.0465353535344364 17.244609549475825 
8 15 0 6.0 15.999999999999998 
7 14 0 2.046535353534433 17.24460975524393 
8 14 0 6.0 15.999999999999998 
7 13 0 3.251250510327653 17.513888925713978 
8 13 0 7.999999999999999 16.0 
7 12 0 3.251250490444639 17.513888925416463 
8 12 0 7.999999999999998 16.0 
7 11 0 5.134350846349004 16.111076575771925 
8 11 0 14.0 14.0 
7 10 0 5.134350846349001 16.111076576848152 
8 10 0 14.0 14.0 
6 19 0 2.0 4.0 
6 18 0 2.0 4.0 
6 17 0 0.9401437094442792 13.718632780921713 
6 16 0 0.9401437094455335 13.718632455082846 
6 15 0 0.8669717529384445 17.244609746853627 
6 14 0 0.8669717529534523 17.244590591622575 
6 13 0 1.1591657041265515 19.19416900417179 
6 12 0 1.159165704151871 19.194169287758584 
6 11 0 2.50764831634255 17.999999990807297 
6 10 0 2.5076483251899253 17.99999998894587 
6 9 0 4.162316932709848 14.99999999999805 
7 9 0 8.438447187191171 13.000000000000002 
6 8 0 4.1623169327098495 14.999999978882526 
7 8 0 8.43844718719117 12.999999999999998 
5 19 0 2.000000000000001 4.0 
5 18 0 2.0 4.0 
5 17 0 0.9401437094441963 11.874113930661487 
5 16 0 0.9401437094441936 11.874113930447294 
5 15 0 0.552802379171195 15.68837236859804 
5 14 0 0.5528023791604781 15.688369703020598 
5 13 0 0.506837644821436 19.194168876390687 
5 12 0 0.5068376453907995 19.194169058602032 
5 11 0 0.6679637309177459 19.999999500846446 
5 10 0 0.6679637314483586 19.9999998466354 
5 9 0 2.1538386740924067 16.864578393490888 
5 8 0 2.1538386741473263 16.86428778171482 
5 7 0 3.7682984224749627 13.509897959990898 
6 7 0 6.657076917222829 10.999999999999998 
5 6 0 3.7682984212931405 13.509897844381145 
6 6 0 6.65707691722283 11.0 
4 17 0 1.211458151485723 9.717741117464001 
4 16 0 1.2114581514857228 9.717741117464007 
4 15 0 0.5528023791599124 14.374246483415744 
4 14 0 0.5528023791595339 14.374246190544445 
4 13 0 0.2652028745883645 17.641332453629374 
4 12 0 0.2652028745806744 17.64133247389943 
4 11 0 0.2623590331216728 19.999999462202073 
4 10 0 0.2623590330914226 19.999999997415948 
4 9 0 0.35410346992920305 17.999998194252854 
4 8 0 0.35410346988392966 17.999999895025418 
4 7 0 1.8806411368435927 14.809793522524634 
4 6 0 1.8806411367996774 14.808927533233154 
4 5 0 3.9999999999999996 11.23606797749979 
5 5 0 5.999999999999999 8.0 
4 4 0 4.000000000000001 11.236067977499783 
5 4 0 5.999999999999999 8.0 
3 17 0 4.0 6.0 
3 16 0 4.0 6.0 
3 15 0 0.6775375962441258 12.422161594000464 
3 14 0 0.6775375962883954 12.422161102622816 
3 13 0 0.2652028745759465 16.344992171668594 
3 12 0 0.2652028745759745 16.34499294092787 
3 11 1 0.2623590330903594 19.591038555290726 
3 10 1 0.2623590330903604 19.591038491918873 
3 9 2 0.45515648835268907 19.517861392249426 
3 8 2 0.455156488353804 19.517862148563843 
3 7 1 0.5683723613390194 16.108614687965375 
3 6 1 0.5683723613390209 16.10861509885234 
3 5 0 2.000000000000287 12.105609454781538 
3 4 0 2.000000000001081 12.105609530237842 
2 15 0 3.4633703787941954 8.999999999999998 
2 14 0 3.4633703787941963 9.0 
2 13 0 0.9649451474893732 14.60667897993489 
2 12 0 0.9649451474547606 14.606678974798584 
2 11 0 0.4826413686240511 17.846052174453437 
2 10 0 0.48264136813731034 17.846050136948257 
2 9 0 0.2514476665959668 19.787959437196566 
2 8 0 0.2514476665022863 19.788446590114994 
2 7 0 0.23881103070965073 17.33998970150034 
2 6 0 0.2388110307134941 17.339990057228434 
2 5 0 0.32437728043632275 13.475518817805805 
2 4 0 0.3243772804426693 13.475518827259544 
2 3 0 1.9999999999999996 7.0 
3 3 0 4.000000000000001 6.0 
2 2 0 1.999999999999998 7.0 
3 2 0 4.000000000000001 6.000000000000001 
1 13 0 3.049156816421104 11.999999999999769 
1 12 0 3.0491568164211005 11.999999999888445 
1 11 0 0.7396788067500643 16.607081896340503 
1 10 0 0.7396788067490108 16.607081868598716 
1 9 0 0.2514476664841081 19.788497118699198 
1 8 0 0.2514476664830877 19.788496491375575 
1 7 1 0.2388110307093146 18.887265249282773 
1 6 1 0.23881103070931026 18.88726516395984 
1 5 2 0.5711129774055131 14.863262279359901 
1 4 2 0.5711129774055147 14.863262282680774 
1 3 1 1.9999999999999991 8.0 
1 2 1 2.0000000000000004 8.0 
0 11 0 5.349718460127112 14.0 
0 10 0 5.349718460127122 14.000000000000004 
0 9 0 2.4612440797901116 17.99999985003936 
0 8 0 2.461244079848835 17.999999872386077 
0 7 0 1.6857957617120398 19.99999999990238 
0 6 0 1.6857957617100205 19.999999998459582 
0 5 0 1.5267732597147963 15.823241649502613 
0 4 0 1.5267732597151142 15.823241262380249 
0 3 0 1.9999999999999996 8.000000000000002 
0 2 0 1.9999999999999964 8.000000000000002 
-1 9 0 10.763932022500208 16.0 
-1 8 0 10.76393202250021 16.0 
-1 7 0 5.829530142153573 19.99999999972182 
-1 6 0 5.8295301421535735 19.999999999973188 
-1 5 0 4.318688365964711 16.23606797366583 
-1 4 0 4.318688365964734 16.236067977039507 
-1 3 0 4.999999999999998 8.000000000000002 
-1 2 0 4.999999999999998 8.0 
-2 7 0 18.0 18.0 
-2 6 0 18.0 18.0 
-2 5 0 11.763932022500212 16.236067977499786 
-2 4 0 11.763932022500208 16.23606797749979 
-2 3 0 8.0 8.0 
-2 2 0 8.0 8.0 
