1 1 0 4.0 4.0 
2 1 0 4.0 4.0 
1 0 0 4.0 4.0 
2 0 0 4.0 4.0 
1 -1 0 2.731368947156339 13.430770603224097 
2 -1 0 4.465049202289547 13.430770603224097 
1 -2 0 2.73136894713666 13.430770603224097 
2 -2 0 4.4650492022895465 13.430770603224095 
1 -3 0 3.282854423060426 17.28353503000264 
2 -3 0 5.930551340540028 16.17889784741303 
1 -4 0 3.2828544230602743 17.283535174369693 
2 -4 0 5.930551340540026 16.178897847413026 
1 -5 0 4.299040315081016 17.99312265885171 
2 -5 0 8.88579809068025 16.70468283707372 
1 -6 0 4.299040315659804 17.993122624628775 
2 -6 0 8.885798090680249 16.70468283707371 
1 -7 0 6.162428551717425 16.999999999999936 
2 -7 0 14.0 14.0 
1 -8 0 6.162428551717422 16.999999999999805 
2 -8 0 14.0 14.0 
0 1 0 4.0 4.0 
0 0 0 3.9999999999999996 4.0 
0 -1 1 2.41084678561449 13.096281020734509 
0 -2 1 2.4108467856145372 13.096281020734486 
0 -3 1 0.8976377181916145 17.283535174336365 
0 -4 1 0.8976377181916115 17.2835351743485 
0 -5 0 0.581989080895049 19.116692765971134 
0 -6 0 0.5819890808950656 19.115699287488166 
0 -7 0 1.7947477063996735 18.999999982639867 
0 -8 0 1.7947477063996649 18.999999993285517 
0 -9 0 4.74883490866014 15.999999993162463 
1 -9 0 11.0 13.0 
0 -10 0 4.748834908017625 15.999999993995283 
1 -10 0 10.999999999999998 13.0 
-1 1 0 4.0 4.0 
-1 0 0 4.0 4.0 
-1 -1 0 2.392173223503267 13.069114396168523 
-1 -2 0 2.3921732195073697 13.069114396168523 
-1 -3 0 0.8976377183811732 15.813704493320598 
-1 -4 0 0.8976377181917774 15.813704508455372 
-1 -5 0 0.5819890808950596 19.1153218957894 
-1 -6 0 0.5819890808952064 19.11675273229163 
-1 -7 0 1.6829228806537007 19.725013134397688 
-1 -8 0 1.6829228806722412 19.72501316292842 
-1 -9 0 2.5841152269690264 16.870533912542818 
-1 -10 0 2.584115233929139 16.87053417340283 
-1 -11 0 4.4406409375619535 13.889761449600838 
0 -11 0 8.000000000000004 12.0 
-1 -12 0 4.440640937562202 13.889761449620712 
0 -12 0 7.9999999999999964 12.0 
-2 1 0 4.0 4.0 
-2 0 0 4.0 4.0 
-2 -1 0 2.392173219506494 10.648417632285932 
-2 -2 0 2.3921732195064953 10.648417632285932 
-2 -3 0 1.0184761789764578 15.553747035408026 
-2 -4 0 1.0184761813604186 15.553745733447814 
-2 -5 1 0.4754130510222063 18.760341313068874 
-2 -6 1 0.4754130510222067 18.760341303827758 
-2 -7 0 0.4278440253194004 19.99999982644286 
-2 -8 0 0.4278440252217551 19.99999928526613 
-2 -9 0 0.810759081465829 18.999999996562885 
-2 -10 0 0.8107590817016961 18.99999999623325 
-2 -11 0 1.7941682687464897 15.43722773301625 
-2 -12 0 1.794168268842247 15.437227574211093 
-2 -13 0 3.5811315704370834 10.897041205665207 
-1 -13 0 6.999999999999999 9.0 
-2 -14 0 3.581131570675083 10.897041205668652 
-1 -14 0 7.0 9.0 
-3 -1 0 2.7309814470650777 9.165247433462758 
-3 -2 0 2.730981447065079 9.165247433462762 
-3 -3 0 1.1731352366774266 13.89800528099891 
-3 -4 0 1.1731352366771646 13.898005111325881 
-3 -5 0 0.4754130514049686 16.6010429277337 
-3 -6 0 0.4754130511523331 16.60104349539622 
-3 -7 0 0.40542434350493733 19.999999743123738 
-3 -8 0 0.40542434350486856 19.999998778843235 
-3 -9 1 0.582212318778727 19.674166448599617 
-3 -10 1 0.5822123187787254 19.674165063792245 
-3 -11 0 0.7572065705550862 16.35134843538847 
-3 -12 0 0.7572065705551685 16.35135137455964 
-3 -13 0 1.688427012730116 12.552992568633744 
-3 -14 0 1.688427012955664 12.55299242882485 
-3 -15 0 3.000000000000001 7.618033988749895 
-2 -15 0 6.0 6.0 
-3 -16 0 3.0 7.618033988749894 
-2 -16 0 6.0 6.0 
-4 -3 0 3.541071337395875 11.555000886818767 
-4 -4 0 3.541071307446894 11.555000886818378 
-4 -5 0 1.5246727946390772 15.898466088616344 
-4 -6 0 1.5246727947922833 15.898466128893268 
-4 -7 0 0.40542434374418873 18.747826644906116 
-4 -8 0 0.40542434350697504 18.747826582935346 
-4 -9 1 0.5822123187787243 19.99999877184255 
-4 -10 1 0.5822123187787246 19.999999917926445 
-4 -11 1 0.7572065705550635 18.071238382944152 
-4 -12 1 0.7572065705550702 18.07123817642242 
-4 -13 0 0.9828008974029901 14.06978735777515 
-4 -14 0 0.9828008947884236 14.069787636788398 
-4 -15 0 2.9999999999999996 8.0 
-4 -16 0 2.9999999999999987 8.000000000000004 
-5 -5 0 4.682493518546004 14.369145027611609 
-5 -6 0 4.682493518546008 14.369145027849472 
-5 -7 0 2.582520356669745 16.910933840589657 
-5 -8 0 2.582520365418345 16.910933721116237 
-5 -9 0 1.5426452032308784 19.999999966025182 
-5 -10 0 1.5426452031986044 19.999999916512152 
-5 -11 0 1.015753088819186 19.072261729995457 
-5 -12 0 1.0157530887099846 19.072262429965182 
-5 -13 0 0.9828008947451362 15.713569198193742 
-5 -14 0 0.9828008947448577 15.71356922806243 
-5 -15 0 2.9999999999999996 8.0 
-5 -16 0 3.0 8.0 
-6 -7 0 6.044083015037276 16.0 
-6 -8 0 6.044083015037282 15.999999999999998 
-6 -9 0 4.0712618504031015 18.815857989447533 
-6 -10 0 4.071261850331808 18.815858016465114 
-6 -11 0 3.3684762452421864 19.999999984388243 
-6 -12 0 3.3684762253549083 19.999999998475822 
-6 -13 0 2.642071200882879 17.57950613700201 
-6 -14 0 2.6420712007633997 17.57950617851234 
-6 -15 0 3.0000000000000004 8.0 
-6 -16 0 3.0 8.000000000000002 
-7 -9 0 7.906972551859186 17.0 
-7 -10 0 7.906972551859186 17.0 
-7 -11 0 5.882958228458933 19.99999999999341 
-7 -12 0 5.882958228458999 19.999999999997478 
-7 -13 0 5.22336483158013 18.472135954999498 
-7 -14 0 5.223364831580124 18.47213595498945 
-7 -15 0 4.381966011250105 8.0 
-7 -16 0 4.381966011250103 8.0 
-8 -11 0 18.0 18.0 
-8 -12 0 18.0 18.0 
-8 -13 0 9.527864045000419 18.47213595499958 
-8 -14 0 9.527864045000419 18.47213595499958 
-8 -15 0 8.0 8.0 
-8 -16 0 8.0 8.0 
