2 8 0 1.9999999999999998 4.0 
3 8 0 4.0 4.0 
2 7 0 2.0 4.0 
3 7 0 4.0 4.0 
2 6 0 1.7639320225002115 7.000000000000001 
3 6 0 5.000000000000001 6.999999999999999 
2 5 0 1.763932022500213 7.0 
3 5 0 5.0 7.0 
2 4 0 2.267949192431122 8.0 
3 4 0 8.0 8.0 
2 3 0 2.267949192431124 8.0 
3 3 0 8.0 8.0 
1 8 0 1.9999999999999993 4.0 
1 7 0 2.0 4.0 
1 6 0 0.9999999999999998 6.999999999999999 
1 5 0 0.9999999999999981 7.0 
1 4 0 0.7639320225002113 7.999999999999995 
1 3 0 0.7639320225002103 8.000000000000002 
1 2 0 0.7639320225002122 7.414213562373094 
2 2 0 3.267949192431122 6.732050807568878 
1 1 0 0.7639320225002119 7.414213562373096 
2 1 0 3.2679491924311237 6.732050807568877 
0 8 0 2.0 4.0 
0 7 0 2.0 4.0 
0 6 0 1.0000000000000004 6.561552812808829 
0 5 0 1.0000000000000007 6.561552812808832 
0 4 1 0.7639320225002115 7.561552812808829 
0 3 1 0.7639320225002123 7.561552812808834 
0 2 3 1.2679491924311235 7.414213562373096 
0 1 3 1.2679491924311226 7.4142135623730985 
0 0 3 1.2679491924311215 5.414213562373093 
1 0 0 1.2679491924311224 4.7320508075688785 
0 -1 3 1.2679491924311233 5.414213562373095 
1 -1 0 1.2679491924311224 4.7320508075688785 
-1 6 0 6.0 6.0 
-1 5 0 6.0 6.0 
-1 4 0 3.585786437626905 7.0 
-1 3 0 3.585786437626905 7.0 
-1 2 0 2.5857864376269046 7.414213562373093 
-1 1 0 2.585786437626904 7.414213562373095 
-1 0 0 1.9999999999999987 5.414213562373096 
-1 -1 0 1.9999999999999998 5.414213562373095 
-1 -2 0 2.0 2.0 
0 -2 1 2.0 2.0 
-1 -3 0 2.0 2.0 
0 -3 1 2.0 2.0 
