3 7 0 2.0 2.0 
4 7 0 2.0 2.0 
3 6 0 2.0 2.0 
4 6 0 2.0 2.0 
3 5 0 0.5229041587470877 12.662508861396415 
4 5 0 2.9999999999999996 12.662508861396413 
3 4 0 0.5229041587470885 12.662508861396415 
4 4 0 3.0000000000000004 12.662508861396411 
3 3 0 0.8447631539785242 15.300893636581051 
4 3 0 4.227998127341235 15.036470882064652 
3 2 0 0.8447631539787808 15.300893636762869 
4 2 0 4.227998127341233 15.036470882064654 
3 1 0 1.9636820482531394 16.274917217591288 
4 1 0 5.677539187697829 14.45149727090499 
3 0 0 1.9636820482531423 16.274917217608788 
4 0 0 5.677539187697825 14.45149727090499 
3 -1 0 3.720116827561804 15.000000000000005 
4 -1 0 11.0 11.0 
3 -2 0 3.7201168275618035 15.00000000000001 
4 -2 0 11.0 11.0 
2 7 0 2.0 2.0 
2 6 0 2.0 2.0 
2 5 0 0.5229041587470854 11.229222321019419 
2 4 0 0.5229041587470858 11.229222321019428 
2 3 1 0.8447631539785221 15.300893635974024 
2 2 1 0.8447631539785253 15.300893062932698 
2 1 1 1.238555329661087 17.449684257243188 
2 0 1 1.238555329661091 17.449684265788065 
2 -1 0 1.1730590332258561 15.986732005870463 
2 -2 0 1.1730590327549402 15.987074538192036 
2 -3 0 2.9960436086607607 14.000000000000004 
3 -3 0 7.999999999999998 10.0 
2 -4 0 2.9960436086607634 14.0 
3 -4 0 7.999999999999999 10.0 
1 5 0 2.585786437626904 10.0 
1 4 0 2.585786437626906 9.999999999999996 
1 3 0 1.1243299115528085 14.426943708960398 
1 2 0 1.1243299115886254 14.426943732235129 
1 1 0 0.38739154397771036 17.449684235977088 
1 0 0 0.3873915439856133 17.449683888890046 
1 -1 0 0.8031610823411386 17.999999993227984 
1 -2 0 0.803161082328419 17.999999998914262 
1 -3 0 2.463276005790502 14.927176690251136 
1 -4 0 2.4632760080832847 14.927175664785757 
1 -5 0 4.334749975636862 12.0 
2 -5 0 7.0 7.0 
1 -6 0 4.334749975636858 12.000000000000002 
2 -6 0 7.0 7.0 
0 5 0 6.0 6.0 
0 4 0 6.0 6.000000000000001 
0 3 0 1.8488320615488882 13.414213562342887 
0 2 0 1.8488320618792364 13.414213562357432 
0 1 0 0.38739154397726544 16.658688572854338 
0 0 0 0.38739154397748754 16.65868867789261 
0 -1 2 0.8031610823279207 17.99999999833958 
0 -2 2 0.7768328444519539 17.999999998694133 
0 -3 1 0.2041539612849845 16.860363571739548 
0 -4 1 0.2041539612849878 16.86036027249247 
0 -5 0 1.45643386354195 12.996160741071229 
0 -6 0 1.4564338638123069 12.996160722901081 
-1 5 0 6.0 6.0 
-1 4 0 6.0 6.0 
-1 3 0 3.5901872808474233 11.101938237248332 
-1 2 0 3.5901872758214988 11.101938239911515 
-1 1 0 1.8824071523918129 14.999999999869855 
-1 0 0 1.882407152146013 14.999999999972987 
-1 -1 0 0.7768328444972215 17.72098775659697 
-1 -2 0 0.7768328444533548 17.72098806118927 
-1 -3 0 0.20415396129644497 17.318241110823358 
-1 -4 0 0.20415396128692057 17.318088890946054 
-1 -5 1 0.38072814488918266 14.999999999945462 
-1 -6 1 0.3807281448891771 14.99999999909733 
-1 -7 0 1.177932362948391 10.971543433118534 
0 -7 0 3.2900507209316046 10.2791725394814 
-1 -8 0 1.1779323628572613 10.971543274854154 
0 -8 0 3.2900507209316054 10.2791725394814 
-2 5 0 6.0 6.0 
-2 4 0 6.0 6.0 
-2 3 0 3.7827602191075056 10.443646777199953 
-2 2 0 3.782760219107506 10.443646777199946 
-2 1 0 2.1423108658355323 13.437067681714389 
-2 0 0 2.1423108658539407 13.437067681471598 
-2 -1 0 0.9706375279506518 16.999999827011628 
-2 -2 0 0.9706375279538829 16.999999999983203 
-2 -3 0 0.24920052497529488 17.318152398117647 
-2 -4 0 0.24920052494554448 17.318202372088056 
-2 -5 2 0.380728144889179 15.397765426314677 
-2 -6 2 0.3807281448891769 15.397765419088172 
-2 -7 1 0.22992226802867188 12.71482700397815 
-2 -8 1 0.2299222680286753 12.71482710204246 
-2 -9 0 1.1784704103419859 7.727000665975404 
-1 -9 0 2.9999999999999996 7.561552812808829 
-2 -10 0 1.178470410341988 7.727000665975402 
-1 -10 0 2.999999999999999 7.56155281280883 
-3 3 0 6.585786437626904 9.414213562373096 
-3 2 0 6.585786437626905 9.414213562373096 
-3 1 0 4.324896029323816 12.673758053110285 
-3 0 0 4.324896029323814 12.673757473877346 
-3 -1 0 2.6709834582344487 14.726728094093374 
-3 -2 0 2.670983456186222 14.726708289105918 
-3 -3 0 1.571954541801688 17.068039942683534 
-3 -4 0 1.5719545418035124 17.06821199859476 
-3 -5 0 0.7701056766779715 15.601626075743194 
-3 -6 0 0.7701056766830174 15.601626097610472 
-3 -7 0 0.22992226804426366 13.287098821273418 
-3 -8 0 0.22992226806308066 13.287098824379186 
-3 -9 1 0.3919458625733563 8.657971264319656 
-3 -10 1 0.39194586257335434 8.65797126431813 
-3 -11 0 3.0 3.0 
-2 -11 0 3.0 3.0 
-3 -12 0 3.0 3.0 
-2 -12 0 3.0 3.0 
-4 1 0 6.267949192431122 11.0 
-4 0 0 6.2679491924311215 11.000000000000002 
-4 -1 0 4.003477188084437 13.693715172521287 
-4 -2 0 4.00347718808379 13.693715352666432 
-4 -3 0 2.3159896837789224 16.050286334913952 
-4 -4 0 2.315989681673145 16.050286328096572 
-4 -5 0 1.0364383128402472 15.601625684058538 
-4 -6 0 1.0364383128418602 15.601626119973858 
-4 -7 0 0.2705483233869827 13.287098570689299 
-4 -8 0 0.27054832338655693 13.287098530423686 
-4 -9 1 0.39194586257335795 9.536629621204687 
-4 -10 1 0.3919458625733554 9.53662962120382 
-4 -11 1 3.0 4.0 
-4 -12 1 2.9999999999999996 3.999999999999999 
-5 -1 0 13.0 13.0 
-5 -2 0 13.0 13.0 
-5 -3 0 8.732678750158781 15.043576170218063 
-5 -4 0 8.73267875015878 15.043576170218062 
-5 -5 0 6.514605090290414 15.476893412812755 
-5 -6 0 6.514605090290414 15.47689341281276 
-5 -7 0 4.960881426623478 13.263126487161205 
-5 -8 0 4.960881426623479 13.263126487161202 
-5 -9 0 4.156595512666325 9.536629621205805 
-5 -10 0 4.1565955126663265 9.536629621205803 
-5 -11 0 4.0 4.0 
-5 -12 0 4.0 4.0 
