5 13 0 1.9999999999999998 4.0 
6 13 0 4.0 4.0 
5 12 0 1.9999999999999998 4.0 
6 12 0 4.0 4.0 
5 11 0 1.883589181296192 11.522947893368253 
6 11 0 4.349309018094574 11.522947893368281 
5 10 0 1.8835891812961916 11.522947893368194 
6 10 0 4.3493090180945755 11.52294789336828 
5 9 0 2.2101094039776834 14.691595650023146 
6 9 0 5.415918922889874 14.691595812859834 
5 8 0 2.21010940372712 14.691595804844338 
6 8 0 5.41591892288987 14.691595812859834 
5 7 0 2.814749785896278 17.31117757808117 
6 7 0 7.206703648830907 16.15440547989936 
5 6 0 2.814749785711825 17.31117757981219 
6 6 0 7.206703648830912 16.154405479899367 
5 5 0 4.083350144040492 17.55465210579192 
6 5 0 9.720547684231391 15.820089374374787 
5 4 0 4.083350150353289 17.55465215680185 
6 4 0 9.720547684231397 15.820089374374788 
5 3 0 6.0282596537585205 15.999999998883414 
6 3 0 14.0 14.0 
5 2 0 6.028259653758547 15.999999999706462 
6 2 0 14.0 14.0 
4 13 1 1.9999999999999998 4.0 
4 12 1 1.9999999999999998 4.0 
4 11 2 0.6971974817727772 11.055436612581763 
4 10 2 0.697197481772778 11.055436612670775 
4 9 1 0.23217218078901597 14.681539111988517 
4 8 1 0.23217218078901725 14.681537761280806 
4 7 0 0.2723486251205921 17.311177575976934 
4 6 0 0.27234862512283103 17.311177402936263 
4 5 0 0.8700006103781824 18.326070960407296 
4 4 0 0.8700006116190752 18.326070994062288 
4 3 0 2.140382900255527 16.795584225332007 
4 2 0 2.140382900250423 16.795584231119836 
4 1 0 3.852789097391298 13.999999969085893 
5 1 0 10.000000000000002 12.0 
4 0 0 3.852789097395672 13.999999905975995 
5 0 0 10.0 12.0 
3 11 1 0.6971974817727749 9.575556254611264 
3 10 1 0.6971974817727736 9.575556254611266 
3 9 1 0.23217218078901142 14.008712773350968 
3 8 1 0.2321721807890203 14.008712492905651 
3 7 0 0.26634765047239234 17.288506747059685 
3 6 0 0.26634765034483404 17.28850592311549 
3 5 0 0.8700006101000934 19.081874673559728 
3 4 0 0.8700006100752978 19.08188985685703 
3 3 0 1.4954696333372388 17.999999988534743 
3 2 0 1.4954696333385045 17.9999999987564 
3 1 0 2.867141691974332 15.67760109980157 
3 0 0 2.8671416919761623 15.677601100513504 
3 -1 0 4.863134983061132 11.831356705122124 
4 -1 0 6.0 10.0 
3 -2 0 4.863134983061129 11.831356705122118 
4 -2 0 5.999999999999999 9.999999999999998 
2 11 0 2.9999999999999996 5.0 
2 10 0 3.0000000000000004 5.0 
2 9 0 0.607034339616981 12.502850540294885 
2 8 0 0.6070343395807695 12.502850539570838 
2 7 1 0.26634765022551377 16.26463508158678 
2 6 1 0.26634765022551476 16.264635186641886 
2 5 1 0.7402464278365003 19.081901035338745 
2 4 1 0.7402464307569434 19.081900906113173 
2 3 0 0.2968421559956145 19.99999968943692 
2 2 0 0.29684215612688925 19.99999996815157 
2 1 0 1.6321637016756734 16.412726319124314 
2 0 0 1.6321637015120716 16.412726555207893 
2 -1 0 3.0032787797709384 13.680676808933274 
2 -2 0 3.003278779783306 13.680676807362227 
1 9 0 2.9999999999999996 9.0 
1 8 0 2.9999999999999982 9.0 
1 7 0 1.0214884927586085 14.738600301865509 
1 6 0 1.0214884944349554 14.738598688455825 
1 5 0 0.7402464268664036 17.676353040070435 
1 4 0 0.7402464289916336 17.67635355988434 
1 3 0 0.2968421560299652 19.999999996756518 
1 2 0 0.2968421559963829 19.999999997245013 
1 1 0 0.8645418417644312 17.99999974093497 
1 0 0 0.8645418435031316 17.999999998587345 
1 -1 0 3.003277432830599 14.609533527502823 
1 -2 0 3.003269511268542 14.609533539066543 
1 -3 0 4.999999999999999 7.0 
2 -3 0 5.0 7.0 
1 -4 0 4.999999999999998 7.000000000000001 
2 -4 0 5.0 7.0 
0 7 0 3.88104083714512 11.592445818633374 
0 6 0 3.8810408371451164 11.59244581863337 
0 5 1 1.1853008262542744 16.767437273195142 
0 4 1 1.1853008262542768 16.7674372762336 
0 3 2 0.8261792399207483 19.58523209894284 
0 2 2 0.8261792399437908 19.585152020812306 
0 1 1 0.2567789198143737 19.728247040798873 
0 0 1 0.2567789198143729 19.72824704361524 
0 -1 0 0.2993284215628123 15.863144619961446 
0 -2 0 0.29932842160222684 15.863145320078145 
0 -3 0 1.9999999999999993 7.000000000000001 
0 -4 0 1.9999999999999987 7.000000000000002 
-1 5 0 4.697224362278455 13.592445816317642 
-1 4 0 4.697224362268312 13.592445815307677 
-1 3 0 0.7197433002445011 17.99999988511204 
-1 2 0 0.7197433004915305 17.99999990765801 
-1 1 0 0.2567789198146856 19.999999996121538 
-1 0 0 0.25677891981824225 19.999999996781337 
-1 -1 0 0.2993284215673114 17.651347462726424 
-1 -2 0 0.29932842156481027 17.65134732302784 
-1 -3 0 0.8590963032335409 13.050034892969338 
-1 -4 0 0.8590963032335418 13.050034892969336 
-2 5 0 6.999999999999998 9.0 
-2 4 0 7.0 9.0 
-2 3 0 2.7481160120325603 15.0 
-2 2 0 2.7481160120325567 15.000000000000002 
-2 1 0 1.0180124740118257 19.999999996773024 
-2 0 0 1.0180124740120513 19.99999999690547 
-2 -1 0 0.8844010929731847 19.017351351704196 
-2 -2 0 0.8844010932493604 19.017351719708984 
-2 -3 0 0.8590963032335389 14.61975611792538 
-2 -4 0 0.8590963032335396 14.619756117925384 
-3 3 0 9.0 11.0 
-3 2 0 9.0 11.0 
-3 1 0 4.345687231930126 17.000000000000004 
-3 0 0 4.3456872319301265 17.0 
-3 -1 0 1.2644956297790368 19.017351453964288 
-3 -2 0 1.2644956297862506 19.01735180913647 
-3 -3 0 1.029716502188656 15.090169943749471 
-3 -4 0 1.0297165021886578 15.090169943749476 
-3 -5 0 0.9999999999999998 3.0 
-2 -5 0 0.9999999999999999 3.0 
-3 -6 0 1.0000000000000002 3.0 
-2 -6 0 0.9999999999999998 3.0 
-4 1 0 13.0 13.0 
-4 0 0 13.0 13.0 
-4 -1 0 6.735997194846246 16.916231218182137 
-4 -2 0 6.735997194846244 16.916231218182137 
-4 -3 0 3.9098300562505255 15.090169943749473 
-4 -4 0 3.9098300562505255 15.090169943749473 
-4 -5 0 3.0 3.0 
-4 -6 0 3.0 3.0 
