0 0 0 2.000000000000001 5.0 
1 0 0 5.0 5.0 
0 -1 0 1.9999999999999998 4.999999999999999 
1 -1 0 5.0 5.0 
0 -2 0 1.6459500704026981 9.999999999999998 
1 -2 0 10.0 10.0 
0 -3 0 1.6459500704026968 9.999999999999998 
1 -3 0 10.0 10.0 
-1 0 1 2.0 5.0 
-1 -1 1 2.0 4.999999999999999 
-1 -2 2 1.6459500704026955 9.191651695259491 
-1 -3 2 0.5920853278201406 9.191651582823283 
-1 -4 1 0.46849511664271626 9.668363222201005 
0 -4 0 2.76393202250021 8.000000000000002 
-1 -5 1 0.46849511664272053 9.668363220887283 
0 -5 0 2.7639320225002115 8.000000000000002 
-2 0 0 2.0 4.0 
-2 -1 0 1.9999999999999998 4.0 
-2 -2 0 0.592085327820141 8.000000000000002 
-2 -3 0 0.5920853278201412 7.999999999999999 
-2 -4 0 0.46849511664271803 9.999999767218142 
-2 -5 0 0.46849511664271903 9.999999588135067 
-2 -6 0 0.4633703787941976 7.719586805216538 
-1 -6 0 0.46337037879419596 6.000000000000001 
-2 -7 0 0.4633703787941971 7.719586805216541 
-1 -7 0 0.4633703787941971 6.000000000000001 
-3 -2 0 3.267949192431123 6.732050807568875 
-3 -3 0 3.267949192431123 6.7320508075688785 
-3 -4 0 1.1804315303285868 10.0 
-3 -5 0 1.180431530328586 10.000000000000002 
-3 -6 0 0.819704519141442 9.0 
-3 -7 0 0.8197045191414412 8.999999999999998 
-3 -8 0 1.0000000000000002 3.0 
-2 -8 0 1.0 3.0 
-3 -9 0 1.0 3.0 
-2 -9 0 1.0 2.9999999999999996 
-4 -4 0 8.0 8.0 
-4 -5 0 8.0 8.0 
-4 -6 0 3.9999999999999996 9.0 
-4 -7 0 4.0 9.0 
-4 -8 0 3.0 3.0 
-4 -9 0 3.0 3.0 
