2 6 0 3.0 3.0 
3 6 0 3.0 3.0 
2 5 0 3.0 3.0 
3 5 0 3.0 3.0 
2 4 0 1.3778543120034978 9.000000000000002 
3 4 0 3.9999999999999996 9.0 
2 3 0 1.3778543120034963 9.000000000000002 
3 3 0 3.9999999999999996 9.0 
2 2 0 2.1487684729821064 10.000000000000002 
3 2 0 8.0 8.0 
2 1 0 2.1487684729821064 10.0 
3 1 0 8.0 8.0 
1 6 0 3.0 3.0 
1 5 0 3.0 3.0 
1 4 0 0.9661008820623295 8.280645821641505 
1 3 0 0.9661008820623269 8.28064582164151 
1 2 0 0.5576797422436476 9.999999999999979 
1 1 0 0.557679742330028 9.999999999999993 
1 0 0 0.8760615787963918 8.697445034968254 
2 0 0 3.999999999999999 7.0 
1 -1 0 0.8760615787963957 8.697445034968254 
2 -1 0 4.0 7.000000000000001 
0 6 0 3.0 3.0 
0 5 0 3.0 3.0 
0 4 0 0.9661008820623284 6.673726171237111 
0 3 0 0.9661008820623286 6.673726171237111 
0 2 1 0.557679742190794 9.586237152256597 
0 1 1 0.557679742190795 9.58623699001386 
0 0 2 1.3367791456834006 9.433893131138925 
0 -1 2 0.876061578796396 9.433893167753155 
0 -2 1 0.8401089842282612 6.225115847087736 
1 -2 0 2.585786437626905 5.414213562373096 
0 -3 1 0.8401089842282605 6.225115847087735 
1 -3 0 2.585786437626905 5.414213562373095 
-1 4 0 3.9999999999999996 6.0 
-1 3 0 4.0 6.0 
-1 2 0 2.540579099274066 9.000000000000002 
-1 1 0 2.5405790992740656 9.000000000000002 
-1 0 0 1.3367791456834008 9.433893175341158 
-1 -1 0 1.3367791456834013 9.43389317534115 
-1 -2 0 0.840108984228261 8.156325174658663 
-1 -3 0 0.8401089842282609 8.156325174658663 
-1 -4 0 2.0 2.0 
0 -4 0 2.0 2.0 
-1 -5 0 2.0 2.0 
0 -5 0 2.0 2.0 
-2 2 0 7.0 7.0 
-2 1 0 7.0 7.0 
-2 0 0 3.550510257216823 8.449489742783177 
-2 -1 0 3.550510257216823 8.449489742783175 
-2 -2 0 2.4745724391564825 8.156325174658662 
-2 -3 0 2.474572439156484 8.156325174658662 
-2 -4 0 2.0 2.0 
-2 -5 0 2.0 2.0 
