1 1 0 1.2223244197081955 7.000000000000001 
2 1 0 7.0 7.0 
1 0 0 1.222324419708196 6.999999999999999 
2 0 0 7.0 7.0 
1 -1 0 2.226963781300437 14.000000000000002 
2 -1 0 14.0 14.0 
1 -2 0 2.226963781300441 13.999999999999998 
2 -2 0 14.0 14.0 
0 1 1 1.2223244197081966 6.027156551075862 
0 0 1 1.222324419708197 6.027156551075865 
0 -1 1 0.43328962880999133 13.412338071277631 
0 -2 1 0.43328962880999583 13.41233807066495 
0 -3 0 0.2560782970832409 13.999999999909647 
1 -3 0 3.3457265070200957 11.0 
0 -4 0 0.25607829711600405 13.999999999958122 
1 -4 0 3.3457265070200957 11.000000000000002 
-1 1 0 2.0000000000000004 5.000000000000001 
-1 0 0 2.0 4.999999999999999 
-1 -1 0 0.43328962880999305 11.139355231806766 
-1 -2 0 0.43328962880999305 11.139355236435135 
-1 -3 0 0.25607829708389723 13.999999993863765 
-1 -4 0 0.2560782971339841 13.999999996975946 
-1 -5 0 0.6281259081609197 11.719914795799172 
0 -5 0 1.7872119258406893 9.000000000000002 
-1 -6 0 0.6281259080620176 11.719914748409032 
0 -6 0 1.7872119258406884 9.000000000000002 
-2 1 0 4.0 4.0 
-2 0 0 4.0 4.0 
-2 -1 0 1.279796178325186 9.741710897668407 
-2 -2 0 1.2797961783251919 9.741710897330785 
-2 -3 1 0.7177034179704411 13.99999962538214 
-2 -4 1 0.7177034179704382 13.999999994940135 
-2 -5 1 0.3362426945792825 13.804603117026623 
-2 -6 1 0.33624269457927364 13.804603115067826 
-2 -7 0 0.27215830166141153 8.999999979029694 
-1 -7 0 2.4559428898038522 6.64602096672205 
-2 -8 0 0.2721583016612836 8.999999999568178 
-1 -8 0 2.455942889803852 6.64602096672205 
-3 -1 0 3.2019808294522427 7.450296206346289 
-3 -2 0 3.201980829452244 7.450296206346293 
-3 -3 0 1.4625174690747658 11.999999999998316 
-3 -4 0 1.4625174710681454 11.99999999998866 
-3 -5 0 0.3362426945795113 13.999999931592006 
-3 -6 0 0.33624269457933437 13.999999820031318 
-3 -7 0 0.27215830195690693 11.227598705018494 
-3 -8 0 0.2721583016612224 11.22759885202518 
-3 -9 0 0.5188056959079845 4.170086486626033 
-2 -9 0 3.0 3.0 
-3 -10 0 0.5188056959079849 4.170086486626033 
-2 -10 0 3.0 3.0 
-4 -3 0 3.919395599429073 9.809785920127421 
-4 -4 0 3.9193955994290746 9.80978592012742 
-4 -5 0 1.8505799211991938 13.999999999999998 
-4 -6 0 1.850579921199196 13.999999999999998 
-4 -7 0 0.9791745284316897 12.701562118716424 
-4 -8 0 0.9791745284316884 12.701562118716422 
-4 -9 0 0.5188056959079844 4.999999999999999 
-4 -10 0 0.5188056959079842 5.0 
-5 -5 0 12.0 12.0 
-5 -6 0 12.0 12.0 
-5 -7 0 6.298437881283576 12.701562118716424 
-5 -8 0 6.298437881283574 12.701562118716424 
-5 -9 0 5.0 5.0 
-5 -10 0 5.0 5.0 
