1 3 0 2.0 5.0 
2 3 0 5.0 5.0 
1 2 0 1.9999999999999993 5.0 
2 2 0 5.0 5.0 
1 1 0 2.123934059580452 9.618033988749895 
2 1 0 7.381966011250106 9.618033988749895 
1 0 0 2.1239340595804532 9.618033988749895 
2 0 0 7.381966011250104 9.618033988749895 
1 -1 0 2.8465199706969364 11.707219723007464 
2 -1 0 11.0 11.0 
1 -2 0 2.8465199706969373 11.707219723007464 
2 -2 0 11.0 11.0 
0 3 1 1.9999999999999991 5.000000000000001 
0 2 1 2.0 5.0 
0 1 2 0.4417078870192589 9.362570625616332 
0 0 2 0.4417078870192581 9.362570414755345 
0 -1 1 0.3339738183311121 11.70721971654157 
0 -2 1 0.3339738183311108 11.707219353615157 
0 -3 0 0.38273524137953097 10.581423263881407 
1 -3 0 5.585786437626904 9.000000000000002 
0 -4 0 0.3827352415062076 10.58142326293676 
1 -4 0 5.585786437626903 9.0 
-1 3 0 2.0000000000000004 4.0 
-1 2 0 2.0 4.0 
-1 1 0 0.4417078870192616 8.656369338847558 
-1 0 0 0.4417078870192599 8.656369338841385 
-1 -1 0 0.3339738184328104 11.475801295290232 
-1 -2 0 0.3339738183311131 11.475801295038876 
-1 -3 0 0.38273524124631264 11.418054711518671 
-1 -4 0 0.3827352414812964 11.418054719869394 
-1 -5 0 0.7005689032978227 8.59888849640654 
0 -5 0 1.585786437626905 7.000000000000002 
-1 -6 0 0.7005689032978217 8.598888496406538 
0 -6 0 1.585786437626905 7.000000000000001 
-2 1 0 2.657076917222829 6.999999999999999 
-2 0 0 2.65707691722283 7.0 
-2 -1 0 0.9035726296307935 10.809222806796075 
-2 -2 0 0.9035726296308476 10.809222808638413 
-2 -3 0 0.6572825025853165 11.999999999998943 
-2 -4 0 0.6572825025852829 11.99999999996787 
-2 -5 0 0.7005689033120573 9.464101615137752 
-2 -6 0 0.7005689033017936 9.464101615137752 
-2 -7 0 1.9999999999999993 4.0 
-1 -7 0 2.0000000000000004 4.0 
-2 -8 0 1.9999999999999998 4.0 
-1 -8 0 2.0 4.0 
-3 -1 0 4.438447187191169 9.0 
-3 -2 0 4.43844718719117 9.000000000000002 
-3 -3 0 2.108319801591603 11.999999999999998 
-3 -4 0 2.1083198015916045 12.000000000000004 
-3 -5 0 1.443003470486668 10.828427124746193 
-3 -6 0 1.4430034704866694 10.828427124746192 
-3 -7 0 1.9999999999999996 4.0 
-3 -8 0 2.0 4.0 
-4 -3 0 10.0 10.0 
-4 -4 0 10.0 10.0 
-4 -5 0 5.171572875253809 10.82842712474619 
-4 -6 0 5.17157287525381 10.82842712474619 
-4 -7 0 4.0 4.0 
-4 -8 0 4.0 4.0 
