1 5 0 1.0 1.0 
2 5 0 1.0 1.0 
1 4 0 1.0 1.0 
2 4 0 1.0 1.0 
1 3 0 0.5857864376269047 5.561552812808831 
2 3 0 1.43844718719117 5.56155281280883 
1 2 0 0.5857864376269049 5.561552812808831 
2 2 0 1.4384471871911697 5.561552812808831 
1 1 0 0.7639320225002106 6.0 
2 1 0 4.0 4.0 
1 0 0 0.7639320225002092 6.0 
2 0 0 4.0 4.0 
0 3 0 0.5857864376269049 3.9999999999999996 
0 2 0 0.5857864376269047 4.0 
0 1 1 0.7639320225002111 6.000000000000001 
0 0 1 0.7639320225002102 6.000000000000001 
0 -1 1 2.0000000000000004 2.9999999999999996 
1 -1 0 2.0 2.0 
0 -2 1 2.0 3.0 
1 -2 0 2.0 2.0 
-1 1 0 6.0 6.0 
-1 0 0 6.0 6.0 
-1 -1 0 3.0 3.0 
-1 -2 0 3.0 3.0 
