3 7 0 4.0 4.0 
4 7 0 4.0 4.0 
3 6 0 4.0 4.0 
4 6 0 4.0 4.0 
3 5 0 2.57590558109935 11.372281323269014 
4 5 0 5.627718676730986 11.372281323269014 
3 4 0 2.575905581099346 11.372281323269014 
4 4 0 5.627718676730987 11.372281323269014 
3 3 0 3.1903900695232807 14.787530305376858 
4 3 0 8.0 13.414213562373096 
3 2 0 3.190390069567285 14.787530419684808 
4 2 0 7.999999999999999 13.414213562373096 
3 1 0 5.126536989964333 14.000000000000004 
4 1 0 12.0 12.0 
3 0 0 5.126536989964334 14.0 
4 0 0 12.0 12.0 
2 7 0 4.0 4.0 
2 6 0 4.0 4.0 
2 5 0 0.9852404918844604 10.503757792921144 
2 4 0 0.9852404918862973 10.50375779292116 
2 3 0 0.9652827701822352 14.787530419517559 
2 2 0 0.965282770182149 14.787530418817665 
2 1 0 1.4112476622380146 15.99999999999579 
2 0 0 1.411247662235334 15.999999772062427 
2 -1 0 3.343544710897885 12.742010754776217 
3 -1 0 8.999999999999998 11.000000000000002 
2 -2 0 3.3435447108889607 12.742010754753748 
3 -2 0 9.0 11.000000000000002 
1 7 0 3.9999999999999996 4.0 
1 6 0 4.0 4.0 
1 5 0 0.9852404918855004 9.90883520119607 
1 4 0 0.9852404918881239 9.908835268880486 
1 3 0 0.29284734454892286 13.349308419591587 
1 2 0 0.29284734468375 13.349308295750598 
1 1 0 0.4710767740036903 15.999999152416933 
1 0 0 0.47107677399878956 15.999999672487178 
1 -1 0 0.7338849650416295 13.999999999457069 
1 -2 0 0.7338849650424962 13.999999995907697 
1 -3 0 2.3095661076263334 10.890562742528305 
2 -3 0 5.999999999999999 10.0 
1 -4 0 2.309566107854683 10.890562747269533 
2 -4 0 6.000000000000001 10.0 
0 7 0 4.0 4.0 
0 6 0 4.0 4.0 
0 5 0 2.382516561713959 8.424580802746027 
0 4 0 2.3825165617139588 8.424580802746036 
0 3 0 0.2928473445456358 12.331601509936048 
0 2 0 0.2928473445456411 12.33160149437613 
0 1 1 0.4710767739960102 15.661348497938983 
0 0 1 0.4710767739960043 15.661348888582681 
0 -1 1 0.469499631597656 15.661431319439048 
0 -2 1 0.4694996315976498 15.661431324501018 
0 -3 0 0.3129477182700932 12.258612161442137 
0 -4 0 0.312947718270094 12.258612192696928 
0 -5 0 2.347002284217282 8.926501323043793 
1 -5 0 4.999999999999999 7.0 
0 -6 0 2.3470022842172806 8.926501323043793 
1 -6 0 5.0 7.0 
-1 5 0 4.585786437626906 7.414213562373095 
-1 4 0 4.585786437626905 7.414213562373095 
-1 3 0 2.2495434527530804 10.904009968471048 
-1 2 0 2.2495434526075635 10.904009671959356 
-1 1 0 0.6625140716891117 13.999999224588311 
-1 0 0 0.6625140716891659 13.99999999895459 
-1 -1 0 0.4694996316169593 15.999999998657179 
-1 -2 0 0.46949963160379016 15.999999910521494 
-1 -3 0 0.312947718275208 13.369115919219581 
-1 -4 0 0.31294771827009576 13.369116226639152 
-1 -5 0 0.9993398035266097 9.410565342027125 
-1 -6 0 0.9993398035166556 9.410565341424851 
-1 -7 0 4.0 4.0 
0 -7 0 4.0 4.0 
-1 -8 0 4.0 4.0 
0 -8 0 4.0 4.0 
-2 3 0 6.0 9.414213562373096 
-2 2 0 5.999999999999999 9.414213562373096 
-2 1 0 3.297815717999277 12.749495260099025 
-2 0 0 3.2978157180077203 12.749495372432314 
-2 -1 0 1.4009481869303582 15.999999999992157 
-2 -2 0 1.4009481869298697 15.999999727266204 
-2 -3 0 0.9349480251220083 14.813525137542598 
-2 -4 0 0.9349480251315979 14.813525254726365 
-2 -5 0 0.999339803518566 11.036649221728045 
-2 -6 0 0.9993398035169204 11.03664922179034 
-2 -7 0 3.9999999999999996 4.0 
-2 -8 0 4.0 4.0 
-3 1 0 7.999999999999998 11.0 
-3 0 0 8.0 11.0 
-3 -1 0 5.118726392222997 14.0 
-3 -2 0 5.118726392223 13.999999999999998 
-3 -3 0 3.2589173074880198 14.813525255471363 
-3 -4 0 3.2589173074859668 14.813525255471367 
-3 -5 0 2.472575854669 11.577089445136464 
-3 -6 0 2.4725758546689987 11.577089445136465 
-3 -7 0 3.9999999999999996 4.0 
-3 -8 0 4.0 4.0 
-4 -1 0 12.0 12.0 
-4 -2 0 12.0 12.0 
-4 -3 0 7.736457152590022 13.507902771376559 
-4 -4 0 7.73645715259002 13.507902771376557 
-4 -5 0 5.576377860009301 11.577089445136464 
-4 -6 0 5.576377860009302 11.57708944513646 
-4 -7 0 4.0 4.0 
-4 -8 0 4.0 4.0 
