4 8 0 2.8357520615397886 8.0 
5 8 0 8.0 8.0 
4 7 0 2.8357520615397864 8.0 
5 7 0 8.0 8.0 
4 6 0 3.739772615297727 18.472135954982004 
5 6 0 9.52786404500042 18.47213595499958 
4 5 0 3.7397726152540494 18.47213595499947 
5 5 0 9.52786404500042 18.47213595499958 
4 4 0 4.9744869413616595 19.999999999972943 
5 4 0 18.0 18.0 
4 3 0 4.974486941410641 19.999999999855913 
5 3 0 18.0 18.0 
3 8 0 1.0000000000000033 7.999999999999998 
3 7 0 0.9999999999999998 8.0 
3 6 0 1.0283571948211674 17.57646676365934 
3 5 0 1.028357194134227 17.57646694479511 
3 4 0 1.588068173866027 19.999999995136367 
3 3 0 1.5880681716550051 19.99999999301456 
3 2 0 2.831164412868759 18.768425547436255 
4 2 0 6.885769700198717 16.79957206079458 
3 1 0 2.8311644128860145 18.768425536353746 
4 1 0 6.885769700198709 16.799572060794578 
2 8 0 0.9999999999999991 7.391382380630901 
2 7 0 0.9999999999999986 7.391382380630902 
2 6 1 0.9822685734342345 15.768750114911162 
2 5 1 0.9822685737865245 15.768749635782285 
2 4 1 0.6330229611365926 19.08535091256922 
2 3 1 0.6330229611365882 19.0853453531687 
2 2 0 0.37447479146810597 19.999999997709367 
2 1 0 0.37447479149284424 19.99999998672109 
2 0 0 1.6287215034718177 16.80517898961158 
3 0 0 4.638092643744547 14.566265685508275 
2 -1 0 1.6287215034755764 16.80517976141526 
3 -1 0 4.638092643744547 14.566265685508277 
1 8 0 2.3248691294333543 6.214319743377535 
1 7 0 2.3248691294333534 6.214319743377535 
1 6 0 0.9822685735537269 13.657669874066858 
1 5 0 0.9822685741212737 13.657669877078925 
1 4 1 0.633022961211476 18.361051818468155 
1 3 1 0.6330229611376818 18.361051209913132 
1 2 0 0.3744747915011811 19.999999621780454 
1 1 0 0.37447479179191906 19.99999891841073 
1 0 0 0.49055636861761814 18.822665306510924 
1 -1 0 0.49055636865183805 18.822677359822773 
1 -2 0 1.85516254861786 14.680833252659397 
2 -2 0 3.4926217129665305 11.69826888233486 
1 -3 0 1.8551625415298798 14.680833089854465 
2 -3 0 3.4926217129665287 11.698268882334856 
0 8 0 5.0 5.0 
0 7 0 5.0 5.0 
0 6 0 1.9699145502456261 11.457212001890305 
0 5 0 1.9699145493234549 11.457212001890355 
0 4 0 0.6344670758266578 16.698487814480057 
0 3 0 0.634467075825507 16.698487818122192 
0 2 1 0.44543061572156045 19.736304553123926 
0 1 1 0.44543061572156534 19.736304824734294 
0 0 2 0.7255614748685513 19.999999968881202 
0 -1 2 0.49055636848543477 19.999999945207918 
0 -2 0 0.40282030126973173 16.435691775779297 
0 -3 0 0.4028203012735811 16.435689924075756 
0 -4 0 2.361742327399994 12.157268926971682 
1 -4 0 4.071909861485928 9.344500246862832 
0 -5 0 2.361742327449886 12.157268926989994 
1 -5 0 4.071909861485929 9.344500246862825 
-1 6 0 4.585786437626904 9.0 
-1 5 0 4.585786437626906 9.0 
-1 4 0 2.0041333900943292 13.999995002482029 
-1 3 0 2.0041333900530542 13.999999697602956 
-1 2 0 0.6873760199142565 18.99999950484279 
-1 1 0 0.6873760199208732 18.999999992957463 
-1 0 1 0.6901829369574018 19.999999333516996 
-1 -1 1 0.6901829377672429 19.999999478321758 
-1 -2 0 0.40091496508802626 18.82584970865758 
-1 -3 0 0.4009149651618267 18.825850726731012 
-1 -4 0 0.5059532085662578 14.024712611714145 
-1 -5 0 0.5059532089271018 14.02471261251236 
-1 -6 0 3.0 6.0 
0 -6 0 5.0 5.0 
-1 -7 0 3.0 6.0 
0 -7 0 5.0 5.0 
-2 4 0 4.674854409729299 12.000000000000002 
-2 3 0 4.674854409729298 12.0 
-2 2 0 1.853540551455426 16.77028282744573 
-2 1 0 1.853540551293565 16.770282830146005 
-2 0 0 0.69018293662531 19.755649510969704 
-2 -1 0 0.6901829366384364 19.7556428296183 
-2 -2 1 0.40091496508792424 19.26327994690064 
-2 -3 1 0.4009149650879263 19.26328099062262 
-2 -4 2 1.2318851940343492 15.818656197264083 
-2 -5 2 1.23188519246271 15.818656244512905 
-2 -6 0 0.6689864564186453 10.27376155927585 
-2 -7 0 0.6689864564186508 10.27376155927585 
-3 4 0 8.0 8.0 
-3 3 0 8.0 8.0 
-3 2 0 4.316495315378824 13.999999999999998 
-3 1 0 4.316495315378824 14.0 
-3 0 0 2.7264441800841865 18.99999999996169 
-3 -1 0 2.726444182966934 18.99999999988183 
-3 -2 0 1.291383936662202 19.263281087955722 
-3 -3 0 1.291383936640439 19.26328097734196 
-3 -4 0 0.452467446918969 18.002835638675663 
-3 -5 0 0.4524674469189563 18.002835483682414 
-3 -6 0 0.6689864564186485 11.81478499613158 
-3 -7 0 0.6689864564186477 11.814784996131584 
-4 2 0 7.585786437626904 11.000000000000002 
-4 1 0 7.585786437626906 11.000000000000002 
-4 0 0 3.3466471284807207 16.000000000000007 
-4 -1 0 3.3466471284807233 16.000000000000004 
-4 -2 0 1.4424715596163846 18.19031396132443 
-4 -3 0 1.4424715596163904 18.190313961343488 
-4 -4 0 0.45246744691905005 18.00283559634261 
-4 -5 0 0.4524674469197284 18.00283595350763 
-4 -6 1 0.8763258903664853 13.181897134674077 
-4 -7 1 0.8763258903664883 13.18189713467408 
-4 -8 1 2.0000000000000004 3.0 
-3 -8 0 2.0 2.0 
-4 -9 1 2.0 3.0 
-3 -9 0 2.0 2.0 
-5 0 0 13.0 13.0 
-5 -1 0 13.0 13.0 
-5 -2 0 7.493807515780008 16.770468946629713 
-5 -3 0 7.493807515780009 16.770468946629716 
-5 -4 0 4.394035493448738 16.852507222322693 
-5 -5 0 4.394035493448741 16.852507222322693 
-5 -6 0 3.477898547819358 13.181897134674077 
-5 -7 0 3.4778985478193585 13.181897134674077 
-5 -8 0 3.0 3.0 
-5 -9 0 3.0 3.0 
