5 15 1 2.0 3.0 
6 15 0 3.0 3.0 
5 14 1 2.0 3.0 
6 14 0 3.0 3.0 
5 13 0 0.4929197822248548 11.274917217635373 
6 13 0 3.725082782364625 11.274917217635377 
5 12 0 0.4929197822248536 11.274917217635377 
6 12 0 3.7250827823646255 11.274917217635377 
5 11 0 0.9949297858812992 13.195249020183889 
6 11 0 5.298437881283576 11.701562118716424 
5 10 0 0.9949297867316544 13.195249014860744 
6 10 0 5.298437881283576 11.701562118716424 
5 9 0 2.3542545948360303 12.000000000000002 
6 9 0 10.0 10.0 
5 8 0 2.3542545948360294 12.000000000000002 
6 8 0 10.0 10.0 
4 15 0 2.0 2.0 
4 14 0 2.0 2.0 
4 13 0 0.49291978222485694 9.768500348892692 
4 12 0 0.4929197822248567 9.768500348892701 
4 11 1 0.9949297858812988 13.19524899475709 
4 10 1 0.9949297858812965 13.195249021495037 
4 9 0 1.0984016247009047 13.999999852340313 
4 8 0 1.0984016247206903 13.999999999951495 
4 7 0 2.646663145897456 9.999999844430157 
5 7 0 4.585786437626904 7.999999999999999 
4 6 0 2.6466631458974548 9.999999930848599 
5 6 0 4.585786437626903 8.0 
3 13 0 1.1593239193678533 7.643493697029878 
3 12 0 1.1593239193678533 7.643493697029876 
3 11 1 1.069521844007665 11.999999997889068 
3 10 1 1.0695218440075442 11.999999998047834 
3 9 0 0.4495425611601249 13.99999905991039 
3 8 0 0.44954256115991237 13.999999771190124 
3 7 0 0.8579749362163915 11.774164131544234 
3 6 0 0.8579749367852846 11.774164132083364 
3 5 0 2.518805695907985 7.81360650264833 
4 5 0 5.0 5.0 
3 4 0 2.5188056959079845 7.813606502648328 
4 4 0 5.0 5.0 
2 13 0 4.0 4.0 
2 12 0 4.0 4.0 
2 11 0 1.069521844007546 9.844620887708867 
2 10 0 1.0695218440075442 9.844620885056539 
2 9 1 0.4495425611599024 13.999999663728747 
2 8 1 0.4495425611599016 13.999999984244976 
2 7 2 1.6807390063071657 13.999999977491314 
2 6 2 1.6807390060024727 13.999999999939252 
2 5 0 0.8500763144902271 9.09900694127555 
2 4 0 0.8500763144902267 9.099006941275542 
1 11 0 4.585786437626905 7.414213562373096 
1 10 0 4.585786437626903 7.414213562373095 
1 9 0 1.9959497108360478 11.999999999995495 
1 8 0 1.99594971083592 11.999999999999897 
1 7 0 1.151846774389709 13.999999999991154 
1 6 0 1.1518467744223073 13.999999271925605 
1 5 0 0.8500763146651896 11.14063361245318 
1 4 0 0.8500763157645955 11.140633612450046 
1 3 0 3.0 3.0 
2 3 0 3.0 3.0 
1 2 0 3.0 3.0 
2 2 0 3.0 3.0 
0 9 0 4.267949192431123 9.0 
0 8 0 4.267949192431121 9.0 
0 7 0 1.151846774388406 14.0 
0 6 0 1.1518467743884078 14.000000000000004 
0 5 1 1.8724726006101233 12.605551275463988 
0 4 1 1.8724726006101164 12.605551275463988 
0 3 1 3.0 4.0 
0 2 1 2.9999999999999996 4.000000000000001 
-1 7 0 11.0 11.0 
-1 6 0 11.0 11.0 
-1 5 0 5.39444872453601 12.605551275463988 
-1 4 0 5.394448724536011 12.60555127546399 
-1 3 0 4.0 4.0 
-1 2 0 4.0 4.0 
