6 18 0 1.0 1.0 
7 18 0 1.0 1.0 
6 17 0 1.0 1.0 
7 17 0 1.0 1.0 
6 16 0 0.3627861816171252 9.106691523327564 
7 16 0 1.4699097673120727 9.106691523327566 
6 15 0 0.362786181617125 9.10669152332756 
7 15 0 1.469909767312073 9.106691523327568 
6 14 0 0.7845150082531077 14.982759376803285 
7 14 0 2.0564536915260874 14.982759632423079 
6 13 0 0.784515008253109 14.982759632423083 
7 13 0 2.056453691526088 14.982759632423072 
6 12 0 1.5026240863671794 16.580696262618147 
7 12 0 3.0876294725915385 15.820238278988688 
6 11 0 1.502624086417069 16.580694956540196 
7 11 0 3.0876294725915385 15.820238278988686 
6 10 0 2.6194965072598353 16.96101596176016 
7 10 0 4.457325318241057 16.073544089622455 
6 9 0 2.6194965072546412 16.961015990128043 
7 9 0 4.457325318241058 16.073544089622455 
6 8 0 3.949951615279828 16.317449926876435 
7 8 0 7.497756099496148 14.477727228119608 
6 7 0 3.949951615279827 16.317449916048304 
7 7 0 7.497756099496147 14.477727228119615 
6 6 0 5.65890952447391 14.000000000000002 
7 6 0 11.0 11.0 
6 5 0 5.658909524473907 13.999999999999998 
7 5 0 11.0 11.0 
5 16 0 0.3627861816171237 8.59272494367984 
5 15 0 0.36278618161712406 8.592724943679842 
5 14 1 0.7845150082537119 14.948285693440932 
5 13 1 0.7845150082661825 14.948285695104017 
5 12 0 0.23436997088972383 16.707187133932685 
5 11 0 0.23436997097034507 16.70718734075932 
5 10 0 1.0746933443336506 17.754892650527694 
5 9 0 1.0746933454443393 17.754892938428164 
5 8 0 2.164112367939062 17.351956838609382 
5 7 0 2.164112367940493 17.35195645663908 
5 6 0 3.588030425370481 15.999999964246488 
5 5 0 3.588030425414474 15.99999988816956 
5 4 0 6.999999999999999 12.0 
6 4 0 9.0 9.0 
5 3 0 7.000000000000001 12.0 
6 3 0 9.0 9.0 
4 16 0 4.0 4.0 
4 15 0 4.0 4.0 
4 14 0 0.79158643421951 12.869847594055326 
4 13 0 0.7915864342466353 12.869847628871328 
4 12 0 0.23436997088744277 16.707187702060384 
4 11 0 0.23436997088877748 16.707187689663137 
4 10 1 0.747416973673704 18.66445132578527 
4 9 1 0.7474169736737007 18.664338736684414 
4 8 0 0.9693097454232759 18.823100196429625 
4 7 0 0.9693097455928715 18.8231010330886 
4 6 0 2.708611173976455 16.999999256233373 
4 5 0 2.7086111658738905 16.99999977359461 
4 4 0 4.522947509750882 13.999999964964664 
4 3 0 4.522947509750908 13.999999999982279 
3 16 0 4.0 4.0 
3 15 0 4.0 4.0 
3 14 0 2.6159040547699695 11.276176206237396 
3 13 0 2.615904069137717 11.276176206237396 
3 12 0 0.3629464775339353 15.193614129815503 
3 11 0 0.3629464775553072 15.193613849109518 
3 10 1 0.3210574884626836 18.664304863924553 
3 9 1 0.3210574884626864 18.66451275789689 
3 8 0 0.21699712693121576 19.78712983457624 
3 7 0 0.21699712693028383 19.78629070996223 
3 6 0 1.1095198794173764 18.999999856414895 
3 5 0 1.1095198786263252 18.999999837879013 
3 4 0 2.432485617275703 15.79481379724635 
3 3 0 2.432485619151154 15.794813776777474 
3 2 0 3.9165117916433845 11.312412440699907 
4 2 0 7.0 10.0 
3 1 0 3.9165117916433845 11.312412440699905 
4 1 0 7.0 10.000000000000002 
2 14 0 3.3882583580019046 9.196074139464487 
2 13 0 3.3882583580019037 9.196074139464487 
2 12 0 1.9213457794734892 13.365495315366356 
2 11 0 1.9213457761823476 13.365495372297287 
2 10 0 0.32105748846521903 16.903313839723218 
2 9 0 0.32105748851094784 16.90331388423711 
2 8 1 0.2169971269300301 19.786122310739042 
2 7 1 0.21699712693002682 19.78713380362515 
2 6 1 0.2538870286132286 19.747049510255 
2 5 1 0.2538870286132283 19.74704950557215 
2 4 0 0.9141829404221222 16.80105966133561 
2 3 0 0.9141829404531048 16.80106002740472 
2 2 0 2.1863932623463906 12.880246621247132 
2 1 0 2.1863932642739528 12.880246621050896 
2 0 0 4.000000000000001 6.999999999999999 
3 0 0 6.0 6.0 
2 -1 0 4.000000000000001 6.999999999999999 
3 -1 0 6.0 6.0 
1 12 0 3.8914335502921795 11.548933474858844 
1 11 0 3.89143355029218 11.548933474858845 
1 10 0 1.3219237935484456 14.88085150266849 
1 9 0 1.3219237935484747 14.880851545866669 
1 8 0 0.7411534383782149 18.88590876420627 
1 7 0 0.7411534386937203 18.88590876688701 
1 6 0 0.2538870286134477 19.999999522721517 
1 5 0 0.25388702865039214 19.999999737332324 
1 4 1 0.4389231571259169 18.121022397101505 
1 3 1 0.4389231571259141 18.12102296118951 
1 2 0 0.9950152514022718 14.9327331148014 
1 1 0 0.9950152513461062 14.93273311301578 
1 0 0 2.999999999999999 7.000000000000001 
1 -1 0 2.9999999999999996 7.000000000000001 
0 10 0 3.583973099391873 13.622665747697921 
0 9 0 3.5839730993922023 13.62266574743162 
0 8 0 1.3841557601323586 16.735824794113956 
0 7 0 1.3841557601326875 16.7358250966093 
0 6 0 0.3225893354085131 19.99999999684234 
0 5 0 0.32258933540185847 19.999999996284867 
0 4 1 0.43892315712591473 19.067518009450996 
0 3 1 0.4389231571259117 19.06751816348683 
0 2 1 0.9950152513465129 16.027791532305482 
0 1 1 0.9950152521479443 16.02779163495696 
0 0 0 1.0000000000000007 8.0 
0 -1 0 0.9999999999999998 7.999999999999999 
-1 8 0 4.841990985295194 15.0 
-1 7 0 4.841990985295196 14.999999999999996 
-1 6 0 2.6845323528047706 18.83490553835759 
-1 5 0 2.684532352650644 18.83490554398262 
-1 4 0 1.6455129749844788 19.99999999805232 
-1 3 0 1.6455129748734036 19.99999999206418 
-1 2 0 1.02156513503574 17.578918927803567 
-1 1 0 1.0215651350308979 17.57891860819966 
-1 0 0 0.999999999999999 8.000000000000002 
-1 -1 0 1.0000000000000038 8.000000000000002 
-2 6 0 7.655618139929582 16.8690574219677 
-2 5 0 7.655618139929581 16.869057421967682 
-2 4 0 5.174059588991495 19.999999999986805 
-2 3 0 5.174059588991499 19.999999999956845 
-2 2 0 3.964876411754642 18.472135954998123 
-2 1 0 3.9648764118690396 18.472135954999377 
-2 0 0 3.9999999999999987 8.0 
-2 -1 0 3.9999999999999987 8.0 
-3 4 0 18.0 18.0 
-3 3 0 18.0 18.0 
-3 2 0 9.52786404500042 18.47213595499958 
-3 1 0 9.52786404500042 18.47213595499958 
-3 0 0 8.0 8.0 
-3 -1 0 8.0 8.0 
