2 6 0 2.0 5.0 
3 6 0 5.0 5.0 
2 5 0 1.9999999999999998 5.0 
3 5 0 5.0 5.0 
2 4 0 2.1519648300709684 10.30277563773199 
3 4 0 6.697224362268006 10.302775637731994 
2 3 0 2.1519648300709706 10.302775637731994 
3 3 0 6.697224362268006 10.302775637731994 
2 2 0 2.9567853639684403 11.758422545822762 
3 2 0 11.0 11.0 
2 1 0 2.956785363968447 11.758422545822762 
3 1 0 11.0 11.0 
1 6 0 1.9999999999999998 5.0 
1 5 0 1.9999999999999998 5.0 
1 4 0 0.7938700068856605 10.240974120784333 
1 3 0 0.7938700070241325 10.24097412195235 
1 2 0 0.9131353717335029 11.758422545818345 
1 1 0 0.9131353717306538 11.758422545809166 
1 0 0 1.4074303627149143 10.748877892055539 
2 0 0 4.875114580235426 9.76155718183189 
1 -1 0 1.4074303625374551 10.748877891852215 
2 -1 0 4.875114580235425 9.761557181831893 
0 6 0 2.0 4.999999999999999 
0 5 0 2.000000000000001 5.0 
0 4 0 0.7938700068742932 9.301080782843364 
0 3 0 0.7938700068764558 9.301080781873695 
0 2 1 0.9131353717417092 11.348230585713468 
0 1 1 0.9131353717295887 11.348230582900321 
0 0 1 0.8176403567608295 11.45212136297883 
0 -1 1 0.8176403567608249 11.45212136154847 
0 -2 0 0.5574871528059447 9.125897288525495 
1 -2 0 2.8751145802354268 8.0 
0 -3 0 0.5574871529250157 9.125897291458983 
1 -3 0 2.8751145802354254 8.0 
-1 6 0 4.0 4.0 
-1 5 0 4.0 4.0 
-1 4 0 2.2349916237941785 7.999999999999999 
-1 3 0 2.2349916237941767 8.000000000000002 
-1 2 0 1.184537734344691 10.701446865896637 
-1 1 0 1.184537735244524 10.701446873869436 
-1 0 0 0.8176403567608268 11.45212134240371 
-1 -1 0 0.8176403567608305 11.452121363940226 
-1 -2 0 0.557487152775985 10.312095461504711 
-1 -3 0 0.5574871527760111 10.31209545971616 
-1 -4 0 1.0080644470422708 7.129807758706903 
0 -4 0 1.5857864376269046 6.0 
-1 -5 0 1.0080644470422688 7.129807758706902 
0 -5 0 1.585786437626905 6.0 
-2 4 0 5.999999999999999 6.0 
-2 3 0 6.0 6.0 
-2 2 0 3.2352253610272856 9.999999999999998 
-2 1 0 3.235225361027285 9.999999999999998 
-2 0 0 2.0232161696134257 10.704100417875562 
-2 -1 0 2.0232161694199906 10.704100417875567 
-2 -2 0 1.1415739107306075 10.312095431188684 
-2 -3 0 1.1415739166586605 10.31209545945328 
-2 -4 0 1.008064447042269 7.26180224525997 
-2 -5 0 1.0080644470422686 7.261802245259972 
-2 -6 0 2.0 2.0 
-1 -6 0 2.0 2.0 
-2 -7 0 2.0 2.0 
-1 -7 0 2.0 2.0 
-3 2 0 8.0 8.0 
-3 1 0 8.0 8.0 
-3 0 0 5.157764320675694 9.842235679324308 
-3 -1 0 5.157764320675695 9.84223567932431 
-3 -2 0 3.2182432029750143 10.18398467164721 
-3 -3 0 3.218243202975014 10.183984671647206 
-3 -4 0 2.3983208681168464 7.261802245259972 
-3 -5 0 2.3983208681168455 7.261802245259972 
-3 -6 0 2.0 2.0 
-3 -7 0 2.0 2.0 
