2 6 0 3.0 3.0 
3 6 0 3.0 3.0 
2 5 0 3.0 3.0 
3 5 0 3.0 3.0 
2 4 0 1.5589955928572101 11.706816623280861 
3 4 0 3.6164976924826724 11.70681662328087 
2 3 0 1.5589955928572083 11.706816623280869 
3 3 0 3.616497692482672 11.706816623280869 
2 2 0 2.255046163568903 13.176937422097275 
3 2 0 5.000000000000001 12.000000000000002 
2 1 0 2.255046163531507 13.176937422097286 
3 1 0 4.999999999999998 12.0 
2 0 0 3.6387141493453816 13.0 
3 0 0 10.0 10.0 
2 -1 0 3.6387141493453834 13.000000000000004 
3 -1 0 10.0 10.0 
1 6 0 3.0 3.0 
1 5 0 3.0 3.0 
1 4 0 0.5574981193420726 9.638041235328028 
1 3 0 0.5574981193395872 9.638041235332956 
1 2 0 0.5823173178991665 13.176937287782417 
1 1 0 0.5823173178841128 13.176937422096747 
1 0 0 0.8259901867467535 13.6981526805943 
1 -1 0 0.8259901867467995 13.69815271667139 
1 -2 0 1.9150126841852593 10.999999341249474 
2 -2 0 6.0 9.0 
1 -3 0 1.9150126841852964 10.99999999999998 
2 -3 0 6.0 9.0 
0 6 0 3.0 3.0 
0 5 0 3.0 3.0 
0 4 0 0.5574981193395063 8.796751240045152 
0 3 0 0.5574981193395032 8.796751240045158 
0 2 1 0.5823173178821056 12.480622927019143 
0 1 1 0.5823173178821051 12.48062292579693 
0 0 1 0.45146898244792316 13.837003424870916 
0 -1 1 0.4514689824479235 13.837003406828163 
0 -2 0 0.26430975892056435 12.671516748621213 
0 -3 0 0.2643097589206919 12.671516780826693 
0 -4 0 1.3064493446514054 8.717619480938263 
1 -4 0 4.585786437626903 7.414213562373095 
0 -5 0 1.3064493446514023 8.717619480937776 
1 -5 0 4.585786437626904 7.414213562373095 
-1 4 0 2.4750183760683107 7.173241315799588 
-1 3 0 2.4750183760683107 7.173241315799587 
-1 2 0 0.8379999335611901 10.76086156829041 
-1 1 0 0.8379999335611962 10.760861567643126 
-1 0 0 0.45146898244797556 13.837003427257041 
-1 -1 0 0.4514689824479514 13.837003411135454 
-1 -2 0 0.26430975893108494 13.384928656911272 
-1 -3 0 0.26430975897002273 13.38492861283797 
-1 -4 0 0.8221656727389519 10.471829989901513 
-1 -5 0 0.8221656727390066 10.471830045286348 
-1 -6 0 2.0 5.0 
0 -6 0 4.0 4.0 
-1 -7 0 2.0000000000000004 5.0 
0 -7 0 4.0 4.0 
-2 2 0 3.669977467443872 9.539517528997662 
-2 1 0 3.669977467443872 9.539517528997658 
-2 0 0 1.6872762150877545 12.785386490773014 
-2 -1 0 1.687276215087755 12.785386483229864 
-2 -2 0 1.0205073618439582 13.99999998266612 
-2 -3 0 1.0205073619803435 13.999999999381858 
-2 -4 0 0.822165674412138 11.880875147868059 
-2 -5 0 0.8221656745709337 11.880875144714153 
-2 -6 0 2.0000000000000004 4.999999999999999 
-2 -7 0 1.9999999999999991 5.0 
-3 0 0 5.082714006906467 11.0 
-3 -1 0 5.082714006906468 10.999999999999996 
-3 -2 0 3.0693002001794985 14.0 
-3 -3 0 3.0693002001795007 14.000000000000002 
-3 -4 0 2.259466658058975 12.701562118716428 
-3 -5 0 2.2594666580589773 12.701562118716424 
-3 -6 0 1.9999999999999998 5.000000000000001 
-3 -7 0 2.0 5.0 
-4 -2 0 12.0 12.0 
-4 -3 0 12.0 12.0 
-4 -4 0 6.298437881283576 12.701562118716424 
-4 -5 0 6.298437881283576 12.701562118716424 
-4 -6 0 5.0 5.0 
-4 -7 0 5.0 5.0 
