1 1 0 2.7716717840533645 7.000000000000002 
2 1 0 7.0 7.0 
1 0 0 2.7716717840533645 7.000000000000001 
2 0 0 7.0 7.0 
1 -1 0 2.8643893685603956 14.000000000000004 
2 -1 0 14.0 14.0 
1 -2 0 2.8643893685603956 13.999999999999996 
2 -2 0 14.0 14.0 
0 1 1 1.7856802566224652 6.77462289950449 
0 0 1 1.7856802566224654 6.774622899504488 
0 -1 1 0.7678166185240589 12.892608789852746 
0 -2 1 0.7678166185240562 12.892608479978957 
0 -3 0 0.4992229462116285 13.915876231260949 
1 -3 0 4.212445498746507 12.000000000000002 
0 -4 0 0.49922294621162655 13.915876232571492 
1 -4 0 4.212445498746506 12.000000000000002 
-1 1 0 1.7856802566224648 6.000000000000002 
-1 0 0 1.785680256622465 6.0 
-1 -1 0 0.7678166185240596 11.45568113224738 
-1 -2 0 0.7678166186324586 11.45568113415277 
-1 -3 0 0.499222946611452 13.999999896624876 
-1 -4 0 0.49922294621163527 13.999999630050338 
-1 -5 0 1.1377159444627238 11.797551964362304 
0 -5 0 1.6443555212765262 10.0 
-1 -6 0 1.137715944463421 11.797551979503517 
0 -6 0 1.6443555212765246 10.0 
-2 1 0 2.585786437626904 5.414213562373095 
-2 0 0 2.5857864376269046 5.414213562373095 
-2 -1 0 0.8743653331773398 10.389128947548036 
-2 -2 0 0.8743653331781681 10.389128947548043 
-2 -3 1 0.9499825692851749 13.999999999976183 
-2 -4 1 0.9499825692851768 13.999999913740908 
-2 -5 1 0.7847679543625156 13.5433299485995 
-2 -6 1 0.7847679543625172 13.543329818433445 
-2 -7 0 0.3838112190803953 9.455411397049714 
-1 -7 0 1.8257994932581716 7.84472431855132 
-2 -8 0 0.38381121915609867 9.45541139704715 
-1 -8 0 1.8257994932581707 7.844724318551322 
-3 -1 0 3.1294573363175915 8.568707140779978 
-3 -2 0 3.129457336317589 8.568707140779978 
-3 -3 0 1.3431939671130988 11.857126082778752 
-3 -4 0 1.343193967633769 11.857126110962625 
-3 -5 0 0.7847679548152391 13.99999995371119 
-3 -6 0 0.784767954364464 13.999999847659499 
-3 -7 0 0.38381121908035304 11.259823680886791 
-3 -8 0 0.38381121908035154 11.259823467200393 
-3 -9 0 1.5857864376269049 5.0 
-2 -9 0 1.585786437626905 4.414213562373095 
-3 -10 0 1.5857864376269044 4.999999999999999 
-2 -10 0 1.5857864376269053 4.414213562373096 
-4 -3 0 4.69410247066657 10.785667011198 
-4 -4 0 4.6941024706665715 10.785667011198003 
-4 -5 0 2.935430925760032 14.000000000000002 
-4 -6 0 2.935430925760034 14.000000000000004 
-4 -7 0 2.2044232968624144 12.701562118716424 
-4 -8 0 2.2044232968624113 12.701562118716428 
-4 -9 0 1.5857864376269062 5.0 
-4 -10 0 1.585786437626905 5.000000000000001 
-5 -5 0 12.0 12.0 
-5 -6 0 12.0 12.0 
-5 -7 0 6.298437881283576 12.701562118716424 
-5 -8 0 6.298437881283576 12.701562118716424 
-5 -9 0 5.0 5.0 
-5 -10 0 5.0 5.0 
