3 9 0 1.9999999999999998 4.0 
4 9 0 4.0 4.0 
3 8 0 2.0 4.0 
4 8 0 4.0 4.0 
3 7 0 1.4530484824648853 7.999999999999999 
4 7 0 8.0 8.0 
3 6 0 1.453048482464885 7.999999999999999 
4 6 0 8.0 8.0 
2 9 0 1.9999999999999998 4.000000000000001 
2 8 0 2.0 4.0 
2 7 0 0.5258063413896237 7.236067977499792 
2 6 0 0.5258063413896223 7.236067977499788 
2 5 0 0.43636210766567635 7.5061724137726555 
3 5 0 2.4384471871911684 7.000000000000001 
2 4 0 0.43636210766567946 7.5061724137726555 
3 4 0 2.4384471871911697 6.999999999999999 
1 9 0 2.000000000000001 4.0 
1 8 0 2.0 3.9999999999999996 
1 7 0 0.5258063413896228 6.5868745120184276 
1 6 0 0.5258063413896227 6.586874512018425 
1 5 1 0.436362107665681 7.506172413772654 
1 4 1 0.43636210766567735 7.5061724137726555 
1 3 2 0.6570769172228285 5.732050807568878 
2 3 0 0.6570769172228291 5.0 
1 2 2 0.6570769172228302 5.732050807568877 
2 2 0 0.6570769172228288 5.0 
0 7 0 6.0 6.0 
0 6 0 6.0 6.0 
0 5 0 3.5188056959079845 7.170086486626035 
0 4 0 3.518805695907984 7.170086486626033 
0 3 0 2.267949192431122 5.732050807568877 
0 2 0 2.2679491924311224 5.732050807568878 
0 1 0 2.0 2.0 
1 1 1 2.0 2.0 
0 0 0 2.0 2.0 
1 0 1 2.0 2.0 
