3 7 0 5.0 5.000000000000001 
4 7 0 5.0 5.0 
3 6 0 5.0 5.0 
4 6 0 5.0 5.0 
3 5 0 2.504455636739912 12.701562118716424 
4 5 0 6.298437881283577 12.701562118716424 
3 4 0 2.504455636739917 12.701562118716426 
4 4 0 6.298437881283576 12.701562118716424 
3 3 0 3.758726137029465 14.0 
4 3 0 12.0 12.0 
3 2 0 3.7587261370294627 14.0 
4 2 0 12.0 12.0 
2 7 0 5.0 5.0 
2 6 0 5.0 5.0 
2 5 0 1.9695853310808606 11.883164151158581 
2 4 0 1.9695853224572766 11.883164150685642 
2 3 0 1.2438103832749945 13.999999999403983 
2 2 0 1.2438103832749934 13.999999999985073 
2 1 0 1.9376570408769636 12.999999999999561 
3 1 0 5.999999999999999 11.000000000000002 
2 0 0 1.9376570408764235 12.999999999982146 
3 0 0 6.000000000000001 11.0 
1 7 0 5.0 5.0 
1 6 0 5.0 5.0 
1 5 0 1.9695853225043187 11.053610474973762 
1 4 0 1.9695853224964825 11.053610474973187 
1 3 0 0.4853714433456419 13.231406937717875 
1 2 0 0.4853714433482679 13.2314065420132 
1 1 0 0.49308641306810685 13.572222405747636 
1 0 0 0.4930864130362543 13.57222240592421 
1 -1 0 0.7138457420808287 10.843499774296188 
2 -1 0 3.7925966242578326 10.0 
1 -2 0 0.7138457421025377 10.84349977324245 
2 -2 0 3.7925966242578357 10.0 
0 7 0 5.0 5.000000000000001 
0 6 0 5.0 5.0 
0 5 0 1.9894515989486714 9.332859152751528 
0 4 0 1.9894515975001232 9.332859309839838 
0 3 0 0.4853714433511405 12.577518043654447 
0 2 0 0.4853714433452776 12.577518030637151 
0 1 1 0.4930864130339207 13.57222240563313 
0 0 1 0.4930864130339253 13.57222240370822 
0 -1 1 0.29641995767587853 12.406863597367789 
0 -2 1 0.2964199576758783 12.40686321599577 
0 -3 0 0.22815787788237787 9.046414965969197 
1 -3 0 2.7782924731758882 8.549241456087962 
0 -4 0 0.228157877882976 9.046415417238476 
1 -4 0 2.7782924731758887 8.549241456087962 
-1 7 0 5.0 5.0 
-1 6 0 5.0 5.0 
-1 5 0 3.221161798952441 8.473783848824947 
-1 4 0 3.2211617989524393 8.47378384882495 
-1 3 0 1.7660771930496313 11.999999990871435 
-1 2 0 1.7660771930496306 11.999999995153258 
-1 1 0 0.8147343077666404 13.093760657413943 
-1 0 0 0.8147343077670569 13.093760666502849 
-1 -1 0 0.2964199578285605 12.406863706645101 
-1 -2 0 0.2964199576823393 12.406863708733043 
-1 -3 0 0.22815787788225408 10.395708963016364 
-1 -4 0 0.22815787788231423 10.395708958922723 
-1 -5 0 0.4562825993738975 6.306615761209001 
0 -5 0 2.267949192431123 5.7320508075688785 
-1 -6 0 0.456282599373898 6.306615761209003 
0 -6 0 2.267949192431123 5.732050807568879 
-2 5 0 6.000000000000002 8.0 
-2 4 0 6.0 8.0 
-2 3 0 3.8940400317629273 10.084402265748796 
-2 2 0 3.8940400317629273 10.084402265748798 
-2 1 0 2.271171374635512 11.619687178197367 
-2 0 0 2.2711713739019928 11.619687073548059 
-2 -1 0 1.0705713166221933 12.350342748212267 
-2 -2 0 1.0705713168329933 12.350342748212201 
-2 -3 0 0.5866232665366544 10.395708958931575 
-2 -4 0 0.5866232665465476 10.395708964376615 
-2 -5 0 0.45628259937389404 7.94599520222806 
-2 -6 0 0.45628259937389515 7.945995202228059 
-2 -7 0 2.0 2.0 
-1 -7 0 2.0 2.0 
-2 -8 0 2.0 2.0 
-1 -8 0 2.0 2.0 
-3 3 0 9.0 9.0 
-3 2 0 9.0 9.0 
-3 1 0 6.0967880740884475 10.709275359436925 
-3 0 0 6.096788074088445 10.709275359436921 
-3 -1 0 4.669941260432017 11.633721118744553 
-3 -2 0 4.669941260432015 11.633721118744553 
-3 -3 0 3.300371851724682 10.208327452043907 
-3 -4 0 3.300371851724682 10.208327452043907 
-3 -5 0 2.3060051829444514 7.94599520222806 
-3 -6 0 2.3060051829444523 7.94599520222806 
-3 -7 0 2.0 2.0 
-3 -8 0 2.0 2.0 
