3 5 0 2.589644813786712 9.000000000000004 
4 5 0 9.0 9.0 
3 4 0 2.589644813786717 9.000000000000004 
4 4 0 9.0 9.0 
3 3 0 3.8824099383906905 17.999999999999996 
4 3 0 18.0 18.0 
3 2 0 3.882409938390693 17.999999999999993 
4 2 0 18.0 18.0 
2 5 0 2.589644813786715 8.532784903180055 
2 4 0 2.589644813786715 8.532784903180055 
2 3 0 1.7399911778696084 16.833346365872764 
2 2 0 1.7399911778693828 16.833346243270494 
2 1 0 2.5309883982516688 17.999999910723925 
3 1 0 5.733077332960201 16.000000000000004 
2 0 0 2.530988398252973 17.99999999611997 
3 0 0 5.7330773329602 16.0 
1 5 0 2.875114580235426 7.999999999999999 
1 4 0 2.8751145802354223 8.000000000000002 
1 3 0 0.470128278126273 15.285585167567106 
1 2 0 0.4701282781270803 15.285585036146058 
1 1 0 0.7222173953052679 17.999999061703456 
1 0 0 0.7222173953053884 17.999999803256905 
1 -1 0 1.0610453537932643 15.868278630149547 
2 -1 0 3.4998753074734807 14.833650460022985 
1 -2 0 1.061045353773395 15.868277046454104 
2 -2 0 3.4998753074734807 14.83365046002285 
0 5 0 2.913869802348508 7.999999999999998 
0 4 0 2.913869802348506 8.000000000000002 
0 3 0 0.4701282781263277 14.286844425877051 
0 2 0 0.47012827812630875 14.286844468604926 
0 1 1 0.7222173953048637 17.873658309563623 
0 0 1 0.7222173953048641 17.87365827142838 
0 -1 1 0.7033697877654811 17.580007941937694 
0 -2 1 0.703369787765461 17.58000736411271 
0 -3 0 0.474294832365243 14.517307399381613 
1 -3 0 2.7142971462019583 12.783879559379864 
0 -4 0 0.47429483238779924 14.51730739938149 
1 -4 0 2.714297146201486 12.783879559389995 
-1 5 0 3.829913513373967 7.481194304092013 
-1 4 0 3.8299135133739677 7.481194304092017 
-1 3 0 2.0710460650517564 13.245645218927066 
-1 2 0 2.071046065051501 13.24564528842015 
-1 1 0 0.7887417402884769 15.683558951775378 
-1 0 0 0.7887417402883498 15.683558834176184 
-1 -1 0 0.39579626585188254 17.999999989588346 
-1 -2 0 0.3957962658662605 17.999999970062937 
-1 -3 0 0.474294832365421 15.577749533308332 
-1 -4 0 0.4742948323660644 15.577748557833972 
-1 -5 0 0.79459278156593 12.288419845635703 
0 -5 0 2.3157943350855943 10.610486339848476 
-1 -6 0 0.794592781607813 12.28841984307732 
0 -6 0 2.315794335071278 10.610486364477863 
-2 5 0 5.0 7.0 
-2 4 0 4.999999999999999 6.999999999999999 
-2 3 0 3.1598488233879554 11.78624857579104 
-2 2 0 3.1598488235995 11.786248415988064 
-2 1 0 1.5037003041042136 14.745673978282971 
-2 0 0 1.5037003041057795 14.745673197476075 
-2 -1 0 0.39579626590456696 17.999999957123517 
-2 -2 0 0.3957962660461564 17.999999999982492 
-2 -3 1 0.704879918544357 17.12353150039235 
-2 -4 1 0.7048799185443624 17.12348876055839 
-2 -5 1 0.794592781553899 14.02436181048013 
-2 -6 1 0.7945927815539048 14.02436180985449 
-2 -7 0 0.8838117751923755 9.467250085987658 
-1 -7 0 2.060792344251849 7.702460946876536 
-2 -8 0 0.8838117751923765 9.4672500866899 
-1 -8 0 2.0607923442518477 7.702460946876542 
-3 3 0 6.064567668029971 10.472833908995254 
-3 2 0 6.064567668029971 10.472833908995254 
-3 1 0 4.184971229690027 13.760171213891267 
-3 0 0 4.1849712296353045 13.760171511455864 
-3 -1 0 2.512560687345099 15.99999999587231 
-3 -2 0 2.512560687343705 15.999999995803714 
-3 -3 0 1.3227905578193988 17.123531513780666 
-3 -4 0 1.3227905578192625 17.12353148160244 
-3 -5 0 0.9076323864774125 15.241585881486845 
-3 -6 0 0.9076323864813604 15.241585885051432 
-3 -7 0 0.8838117751924499 11.1899448265232 
-3 -8 0 0.883811775192387 11.189944819471897 
-3 -9 0 1.9999999999999998 4.0 
-2 -9 0 1.9999999999999998 3.9999999999999996 
-3 -10 0 1.9999999999999996 4.0 
-2 -10 0 2.0 4.0 
-4 1 0 7.438447187191168 12.0 
-4 0 0 7.43844718719117 11.999999999999998 
-4 -1 0 5.414954096932832 14.999999999912799 
-4 -2 0 5.4149540969331 14.999999999992644 
-4 -3 0 3.6387567405945527 16.284129770404554 
-4 -4 0 3.6387567405944843 16.284129770509224 
-4 -5 0 2.440913653799688 15.241585886419413 
-4 -6 0 2.440913653799646 15.241585886338848 
-4 -7 0 2.066011993979749 12.916381551744974 
-4 -8 0 2.066011993979227 12.916381551744976 
-4 -9 0 1.9999999999999998 4.0 
-4 -10 0 1.9999999999999996 4.0 
-5 -1 0 13.0 13.0 
-5 -2 0 13.0 13.0 
-5 -3 0 7.889907928977185 14.629813271691877 
-5 -4 0 7.889907928977185 14.629813271691878 
-5 -5 0 6.2984378812835775 15.0 
-5 -6 0 6.298437881283577 15.000000000000004 
-5 -7 0 5.0 12.91638155174497 
-5 -8 0 5.000000000000001 12.916381551744974 
-5 -9 0 4.0 4.0 
-5 -10 0 4.0 4.0 
