1 3 0 2.0 2.0 
2 3 0 2.0 2.0 
1 2 0 2.0 2.0 
2 2 0 2.0 2.0 
1 1 0 0.8011979701673375 11.20982192477145 
2 1 0 2.5930188199101214 11.209821924771456 
1 0 0 0.8011979701673402 11.20982192477146 
2 0 0 2.593018819910122 11.209821924771454 
1 -1 0 1.019597968022691 13.308294697005755 
2 -1 0 4.31415383444566 12.62721300529666 
1 -2 0 1.0195979680226912 13.308294697005753 
2 -2 0 4.314153834445659 12.62721300529666 
1 -3 0 2.276887340228396 13.0 
2 -3 0 9.0 9.0 
1 -4 0 2.276887340228396 13.0 
2 -4 0 9.0 9.0 
0 3 0 2.0 2.0 
0 2 0 2.0 2.0 
0 1 0 0.8011979701673342 11.199400917398764 
0 0 0 0.8011979701673386 11.199400917398762 
0 -1 1 1.0195979680226934 13.308294696893379 
0 -2 1 1.0195979680226905 13.308294696953046 
0 -3 1 1.1978081298880785 13.787955568991919 
0 -4 1 1.197808129888076 13.787979358959944 
0 -5 0 0.9934313788268323 11.828427124746195 
1 -5 0 7.0 7.0 
0 -6 0 0.9934313788268393 11.828427124746193 
1 -6 0 7.0 7.0 
-1 1 0 4.0 10.0 
-1 0 0 4.0 10.0 
-1 -1 0 1.8493614312849391 12.674673645971515 
-1 -2 0 1.849361431285027 12.674673645797627 
-1 -3 0 0.6764435613426655 13.787897452790014 
-1 -4 0 0.6764435613432079 13.788343404413142 
-1 -5 0 0.9934313788268353 12.763011188417702 
-1 -6 0 0.9934313788268354 12.763022546244404 
-1 -7 0 3.6515955372065476 10.000000000000002 
0 -7 0 5.0 5.0 
-1 -8 0 3.651595537206545 10.000000000000005 
0 -8 0 5.0 5.0 
-2 1 0 6.0 6.000000000000001 
-2 0 0 6.0 6.0 
-2 -1 0 1.857435022720627 11.999999999994474 
-2 -2 0 1.857435022718255 11.999999998590816 
-2 -3 0 0.676443561341871 12.90131566222134 
-2 -4 0 0.6764435613418864 12.901315659660835 
-2 -5 1 1.075270693026056 12.762980458403288 
-2 -6 1 1.0752706930260572 12.762997570204261 
-2 -7 0 0.3493493623624903 10.826378724976351 
-2 -8 0 0.34934936236249076 10.826378725814765 
-3 1 0 5.999999999999999 6.000000000000001 
-3 0 0 6.0 6.0 
-3 -1 0 3.7775425563132843 9.790979799594375 
-3 -2 0 3.777542537105212 9.790979719368087 
-3 -3 0 2.2031509341345705 12.125617620507315 
-3 -4 0 2.2031509348052007 12.125617373586717 
-3 -5 0 1.0752706956856928 12.620376287822126 
-3 -6 0 1.0752706930261182 12.620378796410954 
-3 -7 0 0.33521489771713164 11.088728034630723 
-3 -8 0 0.33521489771710844 11.088728184657972 
-3 -9 1 0.5502510860509063 8.853307441209882 
-2 -9 0 1.651595537206545 8.000000000000002 
-3 -10 1 0.5502510860509064 8.853307433839158 
-2 -10 0 1.651595537206543 8.0 
-4 1 0 6.0 6.0 
-4 0 0 6.0 6.0 
-4 -1 0 3.8200510877607745 8.895806412034666 
-4 -2 0 3.820051087760773 8.895806412034668 
-4 -3 0 2.2488161769199837 11.099073866686885 
-4 -4 0 2.248816176924506 11.099073867118813 
-4 -5 0 1.147893398913811 11.68193069863559 
-4 -6 0 1.1478933989136035 11.681930663906744 
-4 -7 0 0.335214897716954 11.08872810739027 
-4 -8 0 0.33521489771695584 11.088728184928918 
-4 -9 1 0.5502510860509034 8.954678260383371 
-4 -10 1 0.5502510860509096 8.954678260507817 
-4 -11 1 0.9999999999999996 5.709275359436921 
-3 -11 0 1.0000000000000004 5.481194304092016 
-4 -12 1 0.9999999999999993 5.709275359436923 
-3 -12 0 0.9999999999999998 5.481194304092017 
-5 -1 0 8.0 8.0 
-5 -2 0 8.0 8.0 
-5 -3 0 5.631350628112763 10.10709637672548 
-5 -4 0 5.631350628112763 10.107096376725478 
-5 -5 0 3.7450060542092287 10.89863323211131 
-5 -6 0 3.7450060542092274 10.898633232111312 
-5 -7 0 2.343949514070889 11.03560974880088 
-5 -8 0 2.3439495140708875 11.035609748800878 
-5 -9 0 1.5515648344629986 8.954678260508114 
-5 -10 0 1.5515648344630004 8.954678260508121 
-5 -11 0 1.0967880740884464 5.709275359436924 
-5 -12 0 1.0967880740884468 5.709275359436924 
-5 -13 0 1.0 1.0 
-4 -13 0 1.0 1.0 
-5 -14 0 1.0 1.0 
-4 -14 0 1.0 1.0 
