1 5 1 1.9999999999999998 1.9999999999999998 
2 5 0 2.0 2.0 
1 4 1 2.0 2.0 
2 4 0 2.0 2.0 
1 3 2 1.2679491924311235 5.414213562373095 
2 3 0 2.585786437626905 5.414213562373095 
1 2 2 1.2679491924311228 5.414213562373097 
2 2 0 2.585786437626905 5.414213562373096 
1 1 1 0.7639320225002096 5.561552812808831 
2 1 0 5.0 5.0 
1 0 1 0.7639320225002113 5.56155281280883 
2 0 0 5.0 5.0 
0 3 0 1.2679491924311224 4.732050807568878 
0 2 0 1.2679491924311226 4.732050807568878 
0 1 0 0.7639320225002095 6.0 
0 0 0 0.7639320225002104 5.999999999999998 
0 -1 0 0.9999999999999996 3.0 
1 -1 0 1.0 3.0 
0 -2 0 0.9999999999999998 3.0 
1 -2 0 0.9999999999999998 3.0 
-1 1 0 6.0 6.0 
-1 0 0 6.0 6.0 
-1 -1 0 3.0 3.0 
-1 -2 0 3.0 3.0 
