4 10 0 1.9999999999999998 4.0 
5 10 0 4.0 4.0 
4 9 0 2.0000000000000004 4.0 
5 9 0 4.0 4.0 
4 8 0 2.0000000000000004 12.162277660168378 
5 8 0 4.0 12.162277660168376 
4 7 0 1.999999999999998 12.162277660168371 
5 7 0 4.000000000000002 12.162277660168378 
4 6 0 2.1006099862641405 16.162277653357187 
5 6 0 5.83772233983162 16.16227766016838 
4 5 0 2.100609986264143 16.162277660072824 
5 5 0 5.83772233983162 16.162277660168378 
4 4 0 2.798304167507932 17.999999998168814 
5 4 0 7.837722339831622 15.0 
4 3 0 2.798304167287415 17.99999999952181 
5 3 0 7.83772233983162 15.0 
4 2 0 4.798304167287415 16.0 
5 2 0 13.0 13.0 
4 1 0 4.798304167287413 16.0 
5 1 0 13.0 13.0 
3 10 0 2.0 4.0 
3 9 0 2.0 4.0 
3 8 0 1.2635269222081815 11.106664302718702 
3 7 0 1.263526922231158 11.106664304099663 
3 6 0 1.2635269222153251 16.16227762594501 
3 5 0 1.263526922211307 16.162277650822258 
3 4 0 1.3258471172576822 17.99999999938633 
3 3 0 1.325847114138041 17.999999997603762 
3 2 0 1.8577675377977316 17.99999995342329 
3 1 0 1.8577675377770173 17.999999987797523 
3 0 0 3.857767537776805 13.999999985319558 
4 0 0 8.267949192431121 11.732050807568877 
3 -1 0 3.857767537776796 13.999999980027084 
4 -1 0 8.267949192431121 11.732050807568877 
2 10 0 2.0 4.0 
2 9 0 1.9999999999999996 4.0 
2 8 1 1.2635269222079877 9.706453653601615 
2 7 1 1.2635269222079863 9.706453653753002 
2 6 3 1.1861383692870886 15.106664318148399 
2 5 3 0.6362299491846475 15.106664315024796 
2 4 3 0.6362299491846396 17.999999996143547 
2 3 3 0.6362299491846414 17.999999993820825 
2 2 1 0.43119616599734484 17.9999989044878 
2 1 1 0.43119616640284225 17.99999999712161 
2 0 0 0.49492183264870243 15.999999992878214 
2 -1 0 0.4949218324449124 15.99999999326518 
2 -2 0 2.4949218330871177 11.833127649981318 
3 -2 0 6.267949192431122 9.732050807568875 
2 -3 0 2.494921841560235 11.833127728624934 
3 -3 0 6.267949192431122 9.732050807568879 
1 8 0 1.4677885471067385 8.0 
1 7 0 1.4677885471067427 8.000000000000004 
1 6 0 0.6362299495789066 13.706453653442837 
1 5 0 0.6362299496203152 13.706453644709176 
1 4 0 0.4311961659975106 17.317902172179657 
1 3 0 0.4311961660152882 17.317902021980444 
1 2 0 0.43119616600263944 17.999999840846186 
1 1 0 0.43119616602427535 17.99999853805352 
1 0 0 0.4949218324816768 17.714470092397157 
1 -1 0 0.4949218324448052 17.714470679085387 
1 -2 0 0.9355654662046489 13.83312772608861 
1 -3 0 0.9355654662034435 13.833127726642724 
1 -4 0 2.935565466203424 8.999999999999995 
2 -4 0 5.0 7.0 
1 -5 0 2.9355654662034243 8.999999999999998 
2 -5 0 4.999999999999999 7.0 
0 8 0 4.000000000000001 6.0 
0 7 0 4.0 6.0 
0 6 0 2.000000004289474 11.706453653653414 
0 5 0 2.0000000000000067 11.70645365376903 
0 4 1 1.0239884439642049 15.83316382469878 
0 3 1 1.0239884439641938 15.833163851968076 
0 2 3 0.790903973775625 17.999999980329708 
0 1 3 0.7909039737756269 17.999999297456398 
0 0 3 0.6922918991573913 17.99999992347614 
0 -1 3 0.6922918991302106 17.999998911418622 
0 -2 1 0.4311961659973453 15.526512553081437 
0 -3 1 0.4311961659973467 15.526512783035034 
0 -4 0 0.494921832446807 9.891954422127467 
0 -5 0 0.49492183244554633 9.891954440643639 
-1 6 0 3.4677885471067413 9.599600951952675 
-1 5 0 3.4677885471067444 9.599600951952675 
-1 4 0 1.4677885474364114 13.999999990968389 
-1 3 0 1.467788547106779 13.99999999019255 
-1 2 0 0.6362299509220073 17.999999986026378 
-1 1 0 0.6362299491853217 17.9999996256476 
-1 0 0 0.431196165997568 17.999999218361673 
-1 -1 0 0.4311961659987845 17.99999912338796 
-1 -2 0 0.4311961659988165 17.08331821823934 
-1 -3 0 0.4311961659982341 17.083318211247345 
-1 -4 0 0.49492183244478594 11.52651278712298 
-1 -5 0 0.49492183244475196 11.52651278736024 
-1 -6 0 0.9355654662034232 5.891954440663914 
0 -6 0 3.0000000000000004 5.0 
-1 -7 0 0.935565466203424 5.891954440663915 
0 -7 0 3.0 5.0 
-2 4 0 4.169224989786793 12.0 
-2 3 0 4.169224989786794 12.000000000000004 
-2 2 0 2.169224989786859 15.999999764639036 
-2 1 0 2.1692249897874722 15.999999954134784 
-2 0 0 1.0239884439770488 17.9999999801978 
-2 -1 0 1.0239884442445613 17.999999989538107 
-2 -2 0 0.7909039738077047 17.999999998153697 
-2 -3 0 0.7909039738870403 17.99999999951363 
-2 -4 0 0.7909039740205683 13.083318022721816 
-2 -5 0 0.790903973775633 13.083318215928749 
-2 -6 0 0.9355654662034253 6.414213562373095 
-2 -7 0 0.9355654662034254 6.414213562373096 
-3 2 0 5.879286723515356 14.0 
-3 1 0 5.8792867235153565 14.0 
-3 0 0 3.879286723515386 17.99999999999999 
-3 -1 0 3.8792867235153548 18.0 
-3 -2 0 2.7635378834554 17.999999982066228 
-3 -3 0 2.7635378906169175 17.999999997224858 
-3 -4 0 1.9696781528219536 13.999999999768374 
-3 -5 0 1.9696781528524923 13.99999951338832 
-3 -6 0 1.9696781528153557 7.000000000000001 
-3 -7 0 1.969678152815354 7.000000000000002 
-4 0 0 16.0 16.0 
-4 -1 0 16.0 16.0 
-4 -2 0 9.0 18.0 
-4 -3 0 9.000000000000002 18.0 
-4 -4 0 7.0 14.0 
-4 -5 0 6.999999999999998 14.0 
-4 -6 0 7.0 7.0 
-4 -7 0 7.0 7.0 
