2 6 0 1.9999999999999993 4.0 
3 6 0 4.0 4.0 
2 5 0 2.0 4.0 
3 5 0 4.0 4.0 
2 4 0 1.8972249509033594 8.000000000000002 
3 4 0 8.0 8.0 
2 3 0 1.8972249509033583 7.999999999999999 
3 3 0 8.0 8.0 
1 6 0 2.0000000000000004 4.0 
1 5 0 2.0 4.0 
1 4 0 0.8842287850219464 7.24914053812955 
1 3 0 0.8842287850219517 7.249140538129548 
1 2 0 0.604097666773499 7.5188166932722975 
2 2 0 2.43844718719117 7.0 
1 1 0 0.6040976667734994 7.5188166932722975 
2 1 0 2.4384471871911693 6.999999999999999 
0 6 0 2.000000000000001 4.0 
0 5 0 2.0 3.9999999999999996 
0 4 0 0.8842287850219469 6.660484125198153 
0 3 0 0.8842287850219468 6.6604841251981535 
0 2 1 0.6040976667734997 7.518816693272297 
0 1 1 0.6040976667734989 7.518816693272296 
0 0 2 1.0645676680299705 6.56155281280883 
1 0 0 1.0645676680299705 5.472833908995255 
0 -1 2 1.0645676680299687 6.561552812808829 
1 -1 0 1.0645676680299705 5.472833908995255 
-1 4 0 6.0 6.0 
-1 3 0 6.0 6.0 
-1 2 0 3.2679491924311237 6.732050807568877 
-1 1 0 3.2679491924311237 6.732050807568878 
-1 0 0 2.4384471871911706 6.56155281280883 
-1 -1 0 2.43844718719117 6.561552812808831 
-1 -2 0 2.0 2.0 
0 -2 1 2.0 2.0 
-1 -3 0 2.0 2.0 
0 -3 1 2.0 2.0 
