3 9 0 3.0 5.000000000000001 
4 9 0 5.0 5.0 
3 8 0 2.9999999999999996 5.0 
4 8 0 5.0 5.0 
3 7 0 2.211911509936978 10.000000000000002 
4 7 0 10.0 10.0 
3 6 0 2.211911509936977 10.0 
4 6 0 10.0 10.0 
2 9 0 1.0000000000000004 5.000000000000001 
2 8 0 0.9999999999999999 5.0 
2 7 0 0.8092949941260732 9.14640702846778 
2 6 0 0.8092949941260739 9.146407028467772 
2 5 0 0.6921903473138875 9.43893929964857 
3 5 0 3.1715728752538124 8.82842712474619 
2 4 0 0.6921903474433251 9.43893929964857 
3 4 0 3.1715728752538097 8.82842712474619 
1 9 0 0.9999999999999998 5.0 
1 8 0 0.9999999999999999 5.0 
1 7 1 0.8092949941260731 8.28368307541907 
1 6 1 0.8092949941260744 8.283683075419075 
1 5 3 0.6921903472342553 9.683621791470998 
1 4 3 0.6921903472342588 9.683622059298559 
1 3 3 2.061748279783673 8.156325174658663 
2 3 0 1.142045748523351 6.795050084200379 
1 2 3 2.061748279783673 8.156325174658663 
2 2 0 1.1420457485233502 6.7950500842003825 
0 7 0 2.999999999999999 7.000000000000001 
0 6 0 3.0000000000000004 7.000000000000002 
0 5 0 1.814983728491021 9.683622059298628 
0 4 0 1.8149837284910222 9.683622059298623 
0 3 0 1.2263357767899548 9.236067977499792 
0 2 0 1.2263357767899499 9.23606797749979 
0 1 0 2.0000000000000004 4.0 
1 1 1 2.0 4.0 
0 0 0 2.0 4.0 
1 0 1 2.0 4.0 
-1 5 0 9.0 9.0 
-1 4 0 9.0 9.0 
-1 3 0 4.763932022500211 9.23606797749979 
-1 2 0 4.76393202250021 9.23606797749979 
-1 1 0 4.0 4.0 
-1 0 0 4.0 4.0 
