2 4 0 3.9999999999999987 6.000000000000001 
3 4 0 6.0 6.0 
2 3 0 4.0 6.000000000000001 
3 3 0 6.0 6.0 
2 2 0 3.6447336499318364 14.815736116938952 
3 2 0 6.813341700831965 14.81573611693895 
2 1 0 3.6447336499227405 14.815736116938936 
3 1 0 6.813341700831969 14.815736116938952 
2 0 0 4.46792523744676 17.130612596462825 
3 0 0 9.028039231602905 15.39542603472589 
2 -1 0 4.467925237446604 17.130612600991604 
3 -1 0 9.028039231602902 15.395426034725888 
2 -2 0 5.677803069427613 16.99999999997632 
3 -2 0 15.0 15.0 
2 -3 0 5.677803069427609 16.999999999546922 
3 -3 0 15.0 15.0 
1 4 0 3.999999999999999 6.000000000000002 
1 3 0 3.999999999999999 6.000000000000001 
1 2 0 1.9459703665349686 14.424232783220088 
1 1 0 1.9459703665338863 14.424232783243601 
1 0 0 1.7863924986316893 17.13061256577291 
1 -1 0 1.7863924986325426 17.130612611559254 
1 -2 0 2.5447119610512545 17.742229096047136 
1 -3 0 2.5447119608680686 17.742229096204237 
1 -4 0 3.847176364630236 14.999999951004819 
2 -4 0 8.550510257216825 14.000000000000002 
1 -5 0 3.8471763681527245 14.999999950851398 
2 -5 0 8.550510257216823 13.999999999999998 
0 4 0 3.999999999999999 6.000000000000001 
0 3 0 3.999999999999999 6.000000000000003 
0 2 1 1.9459703665324037 12.924708536998073 
0 1 1 1.9459703665322585 12.924708535239406 
0 0 2 1.080454266570766 15.969371543652601 
0 -1 2 1.0804542665707606 15.969371624957803 
0 -2 1 0.6253459638306632 17.74222907819335 
0 -3 1 0.6253459638306645 17.742229008345053 
0 -4 0 0.8276972200050805 16.546222129394902 
0 -5 0 0.8276972200050922 16.546222362445103 
0 -6 0 1.8430949020427947 13.801405260942886 
1 -6 0 6.550510257216822 12.759364390099226 
0 -7 0 1.8430949007196957 13.801405852129104 
1 -7 0 6.550510257216821 12.759364390099224 
-1 4 0 3.9999999999999996 6.0 
-1 3 0 3.999999999999999 6.0 
-1 2 0 2.133953777776766 11.547889813505424 
-1 1 0 2.1339537821732066 11.547889813544485 
-1 0 0 0.9607651449955726 14.55434453528065 
-1 -1 0 0.9607651454583738 14.554344461891425 
-1 -2 0 0.6253459640278421 17.346091936312316 
-1 -3 0 0.625345963871894 17.346091939306884 
-1 -4 0 0.8276972203727964 17.285408796512545 
-1 -5 0 0.8276972200167502 17.285408796369758 
-1 -6 0 1.305125208839439 14.632223189009931 
-1 -7 0 1.305125210132815 14.63222471708449 
-1 -8 0 2.295026646070307 12.316380799785469 
0 -8 0 4.747102470620025 10.759364390099227 
-1 -9 0 2.295026649291899 12.316380800124032 
0 -9 0 4.747102470620025 10.759364390099229 
-2 4 0 4.0 6.0 
-2 3 0 3.9999999999999996 6.0 
-2 2 0 2.269226528676327 10.281132297312332 
-2 1 0 2.2692265286765245 10.281132326106116 
-2 0 0 0.9607651443926214 13.534950286899095 
-2 -1 0 0.9607651443924423 13.534950286025039 
-2 -2 1 0.7386001889231147 16.804013963278184 
-2 -3 1 0.7386001889231169 16.804013960057873 
-2 -4 2 1.0529492662986186 17.999999995866855 
-2 -5 2 1.0529492662986102 17.999999989017443 
-2 -6 1 0.6612696883778127 15.93609947037416 
-2 -7 1 0.6612696883778139 15.936100133718542 
-2 -8 0 0.7501925674691174 13.392489030302496 
-2 -9 0 0.750192567872813 13.392489078297618 
-2 -10 0 1.7528192780270773 9.77859877929264 
-1 -10 0 3.537215815721985 8.616696499565515 
-2 -11 0 1.7528192778084817 9.778598589086332 
-1 -11 0 3.537215815721984 8.616696499565517 
-3 2 0 5.267949192431122 8.732050807568877 
-3 1 0 5.267949192431121 8.732050807568879 
-3 0 0 3.529741650127584 12.484389224796118 
-3 -1 0 3.5297416480802974 12.484389224822483 
-3 -2 0 2.077584847436414 14.706863571273573 
-3 -3 0 2.0775848517372535 14.706864474087842 
-3 -4 0 1.1476729582910334 17.99999999994377 
-3 -5 0 1.1476729582518763 17.999999999870802 
-3 -6 0 0.6612696883795564 16.73899429732434 
-3 -7 0 0.661269688377987 16.738994297249352 
-3 -8 0 0.7501925674691339 14.200101535614293 
-3 -9 0 0.7501925674691942 14.200101534829054 
-3 -10 0 1.752819276905501 10.536953615789542 
-3 -11 0 1.7528192769104172 10.53695407774273 
-3 -12 0 3.0 5.0 
-2 -12 0 2.9999999999999996 5.0 
-3 -13 0 3.0 5.0 
-2 -13 0 3.0000000000000004 4.999999999999999 
-4 0 0 7.267949192431123 10.732050807568877 
-4 -1 0 7.267949192431121 10.732050807568877 
-4 -2 0 4.848982939258254 13.787827674637184 
-4 -3 0 4.848982939258062 13.787827705789091 
-4 -4 0 3.325167536710683 15.829951971642519 
-4 -5 0 3.325167538199966 15.829953736766297 
-4 -6 0 2.2317120253712712 16.73899429340171 
-4 -7 0 2.231712024839387 16.73899429842122 
-4 -8 0 1.8159339746677523 14.403253962390725 
-4 -9 0 1.8159339728684023 14.403252750868134 
-4 -10 0 1.7568664230209219 10.698814452275213 
-4 -11 0 1.7568664230209077 10.698814157939577 
-4 -12 0 3.0 5.0 
-4 -13 0 3.0 5.000000000000001 
-5 -2 0 9.267949192431123 12.73205080756888 
-5 -3 0 9.267949192431123 12.732050807568875 
-5 -4 0 6.574050641898926 14.869436743522776 
-5 -5 0 6.574050641898924 14.869436743576394 
-5 -6 0 4.648450843376463 15.965701610847377 
-5 -7 0 4.648450844969855 15.965701610776398 
-5 -8 0 3.5149360256296327 14.463075718501734 
-5 -9 0 3.5149360256296336 14.463075742998305 
-5 -10 0 2.9842692578498067 10.797743327695606 
-5 -11 0 2.984269257789041 10.797743327695606 
-5 -12 0 2.9999999999999996 5.0 
-5 -13 0 2.9999999999999996 5.0 
-6 -4 0 14.0 14.0 
-6 -5 0 14.0 14.0 
-6 -6 0 10.202256672304394 15.097866790222838 
-6 -7 0 10.202256672304395 15.097866790222842 
-6 -8 0 7.606572161481383 14.463075815445148 
-6 -9 0 7.606572161481384 14.463075815445148 
-6 -10 0 5.902133209777161 10.797743327695605 
-6 -11 0 5.902133209777162 10.797743327695603 
-6 -12 0 5.0 5.0 
-6 -13 0 5.0 5.0 
