2 6 0 3.0 3.0 
3 6 0 3.0 3.0 
2 5 0 3.0 3.0 
3 5 0 3.0 3.0 
2 4 0 2.300371851724681 10.854101966249685 
3 4 0 4.145898033750315 10.854101966249685 
2 3 0 2.300371851724678 10.854101966249685 
3 3 0 4.145898033750315 10.854101966249685 
2 2 0 2.7298496755873214 12.000000000000002 
3 2 0 9.0 9.0 
2 1 0 2.729849675587321 12.000000000000002 
3 1 0 9.0 9.0 
1 6 0 3.0 3.0 
1 5 0 3.0 3.0 
1 4 0 1.3195830860444786 9.000000000000007 
1 3 0 1.3195830860444753 8.999999999999996 
1 2 0 0.7110260123743459 12.000000000000002 
1 1 0 0.7110260123541987 11.999999910661721 
1 0 0 1.714572610400797 10.0 
2 0 0 5.0 8.0 
1 -1 0 1.7145726104007981 10.0 
2 -1 0 5.0 8.0 
0 6 0 3.0 3.0 
0 5 0 3.0 3.0 
0 4 1 1.3195830860444795 7.566460719776007 
0 3 1 1.3195830860444775 7.566460719776009 
0 2 3 1.708370308084732 11.481528405773238 
0 1 3 1.708370308084732 11.48152824508799 
0 0 3 1.7083703080847346 11.481528405772973 
0 -1 3 1.7083703080847348 11.481528128154114 
0 -2 1 1.319583086044478 7.566460719776005 
1 -2 0 3.999999999999999 7.0 
0 -3 1 1.3195830860444757 7.566460719776005 
1 -3 0 4.0 7.0 
-1 4 0 3.9999999999999996 7.0 
-1 3 0 3.9999999999999996 7.0 
-1 2 0 1.7145726104007948 10.000000000000004 
-1 1 0 1.714572610400798 9.999999999999998 
-1 0 0 0.7110260123400886 11.999999987364275 
-1 -1 0 0.7110260123401634 11.999999976780947 
-1 -2 0 1.319583086044478 9.000000000000004 
-1 -3 0 1.319583086044479 8.999999999999996 
-1 -4 0 3.0 3.0 
0 -4 0 3.0 3.0 
-1 -5 0 3.0 3.0000000000000004 
0 -5 0 3.0 3.0 
-2 2 0 5.0 8.0 
-2 1 0 5.000000000000001 8.0 
-2 0 0 2.7298496755873223 12.000000000000002 
-2 -1 0 2.7298496755873245 12.000000000000002 
-2 -2 0 2.3003718517246803 10.854101966249683 
-2 -3 0 2.300371851724682 10.854101966249686 
-2 -4 0 3.0 3.0 
-2 -5 0 3.0 3.0 
-3 0 0 9.0 9.0 
-3 -1 0 9.0 9.0 
-3 -2 0 4.145898033750315 10.854101966249685 
-3 -3 0 4.145898033750316 10.854101966249685 
-3 -4 0 3.0 3.0 
-3 -5 0 3.0 3.0 
