2 0 0 2.5729707363948715 10.000000000000002 
3 0 0 10.0 10.0 
2 -1 0 2.5729707363948724 9.999999999999998 
3 -1 0 10.0 10.0 
2 -2 0 4.075044117510936 20.0 
3 -2 0 20.0 20.0 
2 -3 0 4.075044117510944 20.0 
3 -3 0 20.0 20.0 
1 0 0 1.6166691107743152 9.583687727162216 
1 -1 0 1.616669110774296 9.583687727162241 
1 -2 0 1.3724153017526692 18.795115823692793 
1 -3 0 1.3724153017163883 18.795116064539172 
1 -4 0 1.9134805821671947 19.999999800256898 
2 -4 0 6.17058258034507 17.886950935908033 
1 -5 0 1.9134805821673018 19.99999997121976 
2 -5 0 6.1705825803450685 17.886950935908025 
0 0 1 1.6166691107742974 8.870641528459855 
0 -1 1 1.6166691107742959 8.87064152845986 
0 -2 1 0.4672667281289101 17.090204820554955 
0 -3 1 0.46726672812891057 17.09020498619029 
0 -4 0 0.14689523655289635 19.999999871322775 
0 -5 0 0.1468952365512363 19.99999983292672 
0 -6 0 0.6945857425750692 17.99999999203181 
1 -6 0 3.685079589754136 15.851741499888917 
0 -7 0 0.6945857426102839 17.99999990809067 
1 -7 0 3.685079589754139 15.851741499892523 
-1 0 0 2.9999999999999987 8.000000000000002 
-1 -1 0 2.9999999999999996 8.000000000000004 
-1 -2 0 0.4672667281289462 15.768770588534215 
-1 -3 0 0.4672667281289557 15.768770614042033 
-1 -4 0 0.14689523656491368 19.601837565994114 
-1 -5 0 0.14689523655313425 19.60183728885083 
-1 -6 0 0.6025610902800147 19.893805584910698 
-1 -7 0 0.6025610901642358 19.89370174647751 
-1 -8 0 0.8776305654129795 15.949714139912935 
0 -8 0 2.403241557176646 13.878741966237438 
-1 -9 0 0.8776305654547354 15.949714018760302 
0 -9 0 2.4032415571767056 13.878742336647369 
-2 0 0 3.0 8.0 
-2 -1 0 3.0 8.0 
-2 -2 0 1.1634479904142179 14.37880454266527 
-2 -3 0 1.1634479904141666 14.378804535259649 
-2 -4 1 0.6194000399566196 17.853031331978926 
-2 -5 1 0.6194000399566201 17.853030158423056 
-2 -6 1 0.4362529918079203 19.999998664589725 
-2 -7 1 0.4362529915833253 19.99999994216092 
-2 -8 0 0.17906460530010312 17.873478061660574 
-2 -9 0 0.17906460530155546 17.873477922182968 
-2 -10 0 0.6492986138259952 13.658262797242672 
-1 -10 0 2.669753912353747 11.558695711895211 
-2 -11 0 0.6492986132179832 13.65826274139435 
-1 -11 0 2.669753912353745 11.558695717748769 
-3 0 0 4.999999999999999 7.0 
-3 -1 0 4.999999999999999 7.0 
-3 -2 0 3.2031241615499892 12.801321981613597 
-3 -3 0 3.20312416154993 12.80132203682762 
-3 -4 0 1.5594927556267466 16.421880514163437 
-3 -5 0 1.5594927549221347 16.421879473833688 
-3 -6 0 0.43625299194971484 19.999999468024924 
-3 -7 0 0.4362529915832309 19.99999917804054 
-3 -8 0 0.17906460530231247 19.586756292055217 
-3 -9 0 0.17906460530653076 19.58272183438229 
-3 -10 0 0.5704515457801017 15.740423168203824 
-3 -11 0 0.570451545781605 15.740423221172065 
-3 -12 0 1.0498870256425354 10.801905236460934 
-2 -12 0 2.348184144784085 8.754130509061802 
-3 -13 0 1.0498870256426978 10.80190523519053 
-2 -13 0 2.3481841447840823 8.754130509061802 
-4 -2 0 4.901892053197495 10.593463552193782 
-4 -3 0 4.901892053197496 10.593463552193779 
-4 -4 0 2.973377433148113 14.999999972363213 
-4 -5 0 2.973377433147857 14.999999790443624 
-4 -6 0 1.575251431854392 17.86585625811966 
-4 -7 0 1.575251431854226 17.86585645275514 
-4 -8 0 0.6496958975098434 19.999999999283794 
-4 -9 0 0.649695897476384 19.999999987513643 
-4 -10 0 0.5704515458809065 17.47842173494758 
-4 -11 0 0.5704515458057524 17.47842168256213 
-4 -12 0 0.7384560494125327 12.91549457390955 
-4 -13 0 0.7384560495533022 12.915494570341567 
-4 -14 0 1.438447187191169 5.56155281280883 
-3 -14 0 3.0 5.0 
-4 -15 0 1.4384471871911704 5.561552812808831 
-3 -15 0 2.9999999999999996 5.0 
-5 -4 0 5.492015404521943 12.82596082429355 
-5 -5 0 5.492015404521942 12.825960824293547 
-5 -6 0 3.496467144660597 16.999999736179785 
-5 -7 0 3.4964671446608997 16.999999996757367 
-5 -8 0 1.8894988970277136 19.999999835629126 
-5 -9 0 1.8894988970717668 19.99999999956622 
-5 -10 0 0.9236432575880363 18.639886379038877 
-5 -11 0 0.9236432570930505 18.639886376641623 
-5 -12 0 0.7384560495438568 14.777906816205785 
-5 -13 0 0.7384560494124344 14.777906889982003 
-5 -14 0 1.3186693563950225 6.323404276086477 
-5 -15 0 1.3186693563950234 6.323404276086477 
-6 -6 0 6.558860688715346 14.999999999999998 
-6 -7 0 6.558860688715345 14.999999999999996 
-6 -8 0 4.761148375022924 17.82983491983641 
-6 -9 0 4.761148375044477 17.82983491983706 
-6 -10 0 3.380528829683614 18.639886379087894 
-6 -11 0 3.3805288296773837 18.63988616981291 
-6 -12 0 2.1441071390754147 16.316624790085044 
-6 -13 0 2.1441071370980547 16.316624790340594 
-6 -14 0 1.3186693563950225 7.0 
-6 -15 0 1.3186693563950234 7.000000000000002 
-7 -8 0 17.0 17.0 
-7 -9 0 17.0 17.0 
-7 -10 0 9.757359312880713 18.242640687119284 
-7 -11 0 9.757359312880713 18.24264068711928 
-7 -12 0 8.000000000000002 16.316624790355398 
-7 -13 0 8.0 16.316624790355398 
-7 -14 0 7.0 7.0 
-7 -15 0 7.0 7.0 
