1 3 0 2.0 2.0 
2 3 0 2.0 2.0 
1 2 0 2.0 2.0 
2 2 0 2.0 2.0 
1 1 0 1.1715728752538088 9.46410161513775 
2 1 0 2.535898384862245 9.464101615137757 
1 0 0 1.1715728752538077 9.46410161513775 
2 0 0 2.535898384862245 9.464101615137753 
1 -1 0 1.9406798573430792 11.372281323269016 
2 -1 0 4.0 10.0 
1 -2 0 1.940679857343081 11.37228132326901 
2 -2 0 4.0 10.0 
1 -3 0 3.298437881283573 10.000000000000002 
2 -3 0 8.0 8.0 
1 -4 0 3.298437881283576 10.0 
2 -4 0 8.0 8.0 
0 3 0 2.0 2.0 
0 2 0 2.0 2.0 
0 1 2 1.1715728752538104 6.8284271247461925 
0 0 2 1.1715728752538102 6.828427124746188 
0 -1 3 1.9406798573430808 11.372281312437623 
0 -2 3 1.8451166748827519 11.372281318025355 
0 -3 1 0.6399206864746765 11.99999999999998 
0 -4 1 0.6399206864746767 11.999999906265883 
0 -5 0 1.7255062106407293 7.879914958782004 
1 -5 0 5.0 7.0 
0 -6 0 1.7255062106407308 7.879914958782006 
1 -6 0 4.999999999999999 7.0 
-1 1 0 2.0 6.0 
-1 0 0 2.0000000000000004 6.0 
-1 -1 1 1.8451166748827466 9.513860970822662 
-1 -2 1 1.8451166748827543 9.513860970822662 
-1 -3 0 0.6399206864756022 11.9999995294594 
-1 -4 0 0.6399206864822108 11.99999940696978 
-1 -5 0 1.3411153721734126 9.49373676080016 
-1 -6 0 1.3411153721721236 9.493736760804712 
-1 -7 0 4.0 4.0 
0 -7 0 4.0 4.0 
-1 -8 0 4.0 4.0 
0 -8 0 4.0 4.0 
-2 -1 0 4.0 8.0 
-2 -2 0 3.9999999999999996 8.0 
-2 -3 0 1.5278640450004228 11.99999999995541 
-2 -4 0 1.527864045000419 11.999999999961744 
-2 -5 1 1.341115372135261 11.999999999999998 
-2 -6 1 1.341115372135265 11.999999999999996 
-2 -7 0 2.0 4.0 
-2 -8 0 2.0 4.0 
-3 -3 0 5.999999999999999 10.0 
-3 -4 0 5.999999999999998 10.0 
-3 -5 0 1.5278640450004186 11.999999999999996 
-3 -6 0 1.5278640450004228 12.0 
-3 -7 0 2.0 9.464101615137755 
-3 -8 0 2.0000000000000004 9.464101615137757 
-4 -3 0 6.0 6.0 
-4 -4 0 6.0 6.0 
-4 -5 0 1.5278640450004197 10.47213595499958 
-4 -6 0 1.5278640450004213 10.47213595499958 
-4 -7 1 2.535898384862246 9.464101615137753 
-4 -8 1 2.535898384862245 9.464101615137753 
