3 7 0 5.0 5.000000000000001 
4 7 0 5.0 5.0 
3 6 0 5.0 5.0 
4 6 0 5.0 5.0 
3 5 0 2.914629515606219 11.086130197650615 
4 5 0 6.485863070664709 11.086130197651496 
3 4 0 2.9146295156062214 11.086130197650911 
4 4 0 6.485863070664709 11.086130197651496 
3 3 0 3.748597416303234 14.706231553718222 
4 3 0 9.34455761845017 13.866198262509021 
3 2 0 3.7485974165675957 14.706231562945913 
4 2 0 9.34455761845017 13.866198262509023 
3 1 0 5.696516437722238 14.012052762881074 
4 1 0 13.0 13.0 
3 0 0 5.696516437722241 14.01205276122018 
4 0 0 13.0 13.0 
2 7 0 5.0 5.0 
2 6 0 5.0 5.0 
2 5 0 2.914629515606227 10.881894167113797 
2 4 0 2.914629558687039 10.881894165167505 
2 3 0 1.5902575196640358 14.706231574645722 
2 2 0 1.5902575203767428 14.70623157460976 
2 1 0 2.193776752689467 15.999999999999945 
2 0 0 2.1937767513425057 15.999999570708532 
2 -1 0 3.8389086152244754 12.946817457155339 
3 -1 0 9.0 12.000000000000002 
2 -2 0 3.8389086147669507 12.946817283893566 
3 -2 0 9.0 12.000000000000002 
1 7 0 5.0 5.0 
1 6 0 5.0 5.0 
1 5 0 2.9568436168638894 10.549680851934792 
1 4 0 2.9568436168647785 10.549680850725766 
1 3 0 0.963992438135191 13.926564285766696 
1 2 0 0.9639924382125417 13.926564334945407 
1 1 0 0.7261336692587622 15.999999999648901 
1 0 0 0.7261336694309509 15.999999811419519 
1 -1 0 1.1216029175267064 14.740549448739968 
1 -2 0 1.1216029175211657 14.740549128030564 
1 -3 0 2.868579229283738 11.822527333970038 
2 -3 0 5.999999999999999 11.0 
1 -4 0 2.8685792292805883 11.822528030837045 
2 -4 0 5.999999999999999 11.0 
0 7 0 5.0 5.0 
0 6 0 5.0 5.0 
0 5 0 2.9668228133552894 9.692147873349015 
0 4 0 2.96682281363641 9.692147858832106 
0 3 0 0.9639924379979258 12.617542921365938 
0 2 0 0.963992438000013 12.617542889801198 
0 1 1 0.7261336692587606 15.587070117552912 
0 0 1 0.7261336692587598 15.587070152698839 
0 -1 1 0.29700167626295354 15.355517337006491 
0 -2 1 0.29700167626294993 15.355517323006055 
0 -3 0 0.21020840531453974 12.768264609141477 
0 -4 0 0.21020840531459853 12.768264143899751 
0 -5 0 1.895086936408753 10.255887658379098 
1 -5 0 4.585786437626904 9.414213562373096 
0 -6 0 1.895086928929729 10.255887931854655 
1 -6 0 4.585786437626904 9.41421356237309 
-1 7 0 5.0 5.0 
-1 6 0 5.0 5.0 
-1 5 0 3.2916448293774 9.00966898992888 
-1 4 0 3.291644829377398 9.00966898992888 
-1 3 0 1.9079052330118313 11.64545792091564 
-1 2 0 1.907905233011836 11.645457914735907 
-1 1 0 0.9080197575303323 14.999999999724078 
-1 0 0 0.9080197580526451 14.999999434082422 
-1 -1 0 0.2970016762629997 15.355517327685876 
-1 -2 0 0.29700167626355134 15.355517266039536 
-1 -3 0 0.21020840531452387 14.160972413403089 
-1 -4 0 0.21020840541716995 14.160972371894493 
-1 -5 0 0.4250697868697881 11.651480390696436 
-1 -6 0 0.4250697868699254 11.651480262533212 
-1 -7 0 1.4318976790023834 7.205027301371713 
0 -7 0 3.5857864376269055 6.414213562373098 
-1 -8 0 1.4318976790023836 7.205027301371713 
0 -8 0 3.585786437626905 6.414213562373096 
-2 5 0 5.999999999999999 8.0 
-2 4 0 6.0 8.0 
-2 3 0 4.056460609375036 10.844848621452584 
-2 2 0 4.056460609355786 10.844848621343854 
-2 1 0 2.425221052651777 12.873857213095244 
-2 0 0 2.4252210501147395 12.873858336335262 
-2 -1 0 1.27126384515254 14.364384335458258 
-2 -2 0 1.271263845157207 14.364384543160394 
-2 -3 0 0.5349961546373717 14.160972429680928 
-2 -4 0 0.5349961546405725 14.160972429366558 
-2 -5 0 0.4250697868698662 11.96301647236743 
-2 -6 0 0.42506978686979735 11.963016529678878 
-2 -7 0 1.3576093574631334 8.724884934123843 
-2 -8 0 1.3576093573184789 8.724884934123837 
-2 -9 0 3.0 3.0000000000000004 
-1 -9 0 3.0 3.0 
-2 -10 0 3.0 3.0000000000000004 
-1 -10 0 3.0 3.0 
-3 3 0 7.999999999999999 10.000000000000002 
-3 2 0 7.999999999999999 10.0 
-3 1 0 5.5951369885592825 11.979659324499897 
-3 0 0 5.595136988559283 11.979659711344494 
-3 -1 0 4.00898437419516 13.487956383467715 
-3 -2 0 4.008984357749551 13.487956377789061 
-3 -3 0 2.829041083667266 13.583037818989496 
-3 -4 0 2.8290410841934923 13.583037799151997 
-3 -5 0 1.9524611604189681 12.074194808623892 
-3 -6 0 1.952461160428721 12.074194808733973 
-3 -7 0 1.3576093573080084 8.911192553306426 
-3 -8 0 1.3576093573080112 8.911192553306423 
-3 -9 0 3.0 3.0 
-3 -10 0 3.0 3.0 
-4 1 0 11.0 11.0 
-4 0 0 11.0 11.0 
-4 -1 0 7.728274802633275 12.572980782860762 
-4 -2 0 7.728274802633274 12.572980782860764 
-4 -3 0 5.533178865308102 12.932013911244958 
-4 -4 0 5.533178865308104 12.932013911244956 
-4 -5 0 4.152606288963649 12.07419480884025 
-4 -6 0 4.152606288963652 12.07419480884025 
-4 -7 0 3.417760511385628 8.911192553306428 
-4 -8 0 3.41776051138563 8.911192553306428 
-4 -9 0 3.0 3.0 
-4 -10 0 3.0 3.0 
