4 10 0 3.0 3.0 
5 10 0 3.0 3.0 
4 9 0 3.0 3.0 
5 9 0 3.0 3.0 
4 8 0 1.7183629571312247 11.803619233152029 
5 8 0 3.4640490166364435 11.803619233152032 
4 7 0 1.7183629571297847 11.803619233152038 
5 7 0 3.4640490166364457 11.803619233152034 
4 6 0 2.337580014033901 15.406972695597695 
5 6 0 4.349780851795314 15.244318751136618 
4 5 0 2.3375800066129173 15.40697315852982 
5 5 0 4.3497808517953125 15.244318751136625 
4 4 0 3.207754961084593 17.16682834280808 
5 4 0 5.988250180145093 15.907544329179796 
4 3 0 3.207754965438604 17.166828341680624 
5 3 0 5.988250180145095 15.9075443291798 
4 2 0 4.53150296499345 17.02321977039271 
5 2 0 8.542817095691507 15.670567831940001 
4 1 0 4.5315029649899 17.023219770372364 
5 1 0 8.542817095691506 15.670567831940001 
4 0 0 6.593232042422789 15.999999999999998 
5 0 0 13.0 13.0 
4 -1 0 6.5932320424227875 15.999999999999996 
5 -1 0 13.0 13.0 
3 10 0 3.0 3.0 
3 9 0 3.0 3.0000000000000004 
3 8 0 1.718362957132414 11.759855823645507 
3 7 0 1.7183629571352266 11.759855823645552 
3 6 0 1.0577728677887868 15.406973020439828 
3 5 0 1.0577728690673018 15.406973132761948 
3 4 0 1.0622089581702308 18.020647769734353 
3 3 0 1.062208957738421 18.020647876824064 
3 2 0 1.8774518042279378 18.21093809642399 
3 1 0 1.8774517985417145 18.210937518629677 
3 0 0 3.2477267211239482 16.96498692531508 
3 -1 0 3.247726721222703 16.964985600554392 
3 -2 0 4.937531821535241 14.809785651026235 
4 -2 0 11.0 11.0 
3 -3 0 4.937531821546761 14.80978592012742 
4 -3 0 10.999999999999998 11.000000000000002 
2 10 0 3.0 3.0 
2 9 0 3.0 3.0 
2 8 0 1.7579836958292547 11.094385536523127 
2 7 0 1.7579836959880546 11.094385536523125 
2 6 0 1.0577728678683496 14.862838482880614 
2 5 0 1.0577728678050895 14.862838482891204 
2 4 0 0.7355826787609616 18.02064768308423 
2 3 0 0.7355826777917993 18.0206477730672 
2 2 0 1.0022574354390512 19.266620205148318 
2 1 0 1.0022574353976605 19.266618900945154 
2 0 0 1.8994075811607674 18.99999999230876 
2 -1 0 1.8994075797346046 18.999999998556394 
2 -2 0 3.1156463829239844 15.795343852811094 
2 -3 0 3.1156463815151207 15.795344348945696 
2 -4 0 4.769082936790703 12.809785920127421 
3 -4 0 9.0 9.0 
2 -5 0 4.769082936790324 12.809754692323468 
3 -5 0 9.0 9.0 
1 8 0 2.5149710059537447 8.3148725312823 
1 7 0 2.5149710059537473 8.314872531282301 
1 6 0 1.3095354727941921 13.381543407148365 
1 5 0 1.309535472861251 13.381543403309303 
1 4 0 0.7355826777786489 16.667335678770925 
1 3 0 0.7355826777788018 16.66733493173082 
1 2 0 0.19035999973720666 19.266620276456365 
1 1 0 0.19035999971518566 19.26661964745704 
1 0 0 0.6546376499193226 19.71972936233784 
1 -1 0 0.6546376500079792 19.719729364163065 
1 -2 0 1.6310693152333753 16.733204459347682 
1 -3 0 1.6310693178011977 16.733204171928016 
1 -4 0 2.8392897024871786 14.237177808341686 
1 -5 0 2.8392897027294293 14.237177805810468 
1 -6 0 4.475434932075282 10.795862283097556 
2 -6 0 7.0 7.0 
1 -7 0 4.475434932075282 10.795862283097556 
2 -7 0 7.0 7.0 
0 8 0 3.9999999999999996 6.0 
0 7 0 3.999999999999999 6.0 
0 6 0 2.0695699076936993 11.563615002414016 
0 5 0 2.0695699076937064 11.5636150024189 
0 4 0 0.7849931886987651 15.358195636662023 
0 3 0 0.7849931904854325 15.358195531705993 
0 2 1 0.19035999967515077 18.64051599379108 
0 1 1 0.190359999675151 18.640515990382372 
0 0 2 0.654637649916221 19.903115666453566 
0 -1 2 0.6388474712290692 19.90311561633295 
0 -2 1 0.4399436771456844 18.693393975865135 
0 -3 1 0.4399436771456799 18.693392995795683 
0 -4 0 0.9889667348831449 15.230159898384025 
0 -5 0 0.9889667348836969 15.230159903774284 
0 -6 0 2.4075521064655634 12.240759603418377 
0 -7 0 2.4075521062274823 12.240759603021079 
-1 6 0 4.608088285198356 9.563956233428343 
-1 5 0 4.60808828519835 9.56395623342834 
-1 4 0 2.6335238210533083 13.7709814963001 
-1 3 0 2.633523828875934 13.770981051283481 
-1 2 0 1.1023634894565297 16.88689543399872 
-1 1 0 1.102363489445961 16.886895419955337 
-1 0 0 0.6388474718762361 19.90311550484909 
-1 -1 0 0.6388474716041831 19.903115621684623 
-1 -2 0 0.4399436771480826 19.410200986811585 
-1 -3 0 0.4399436771471221 19.410200939994436 
-1 -4 0 0.6989501966007305 16.432094196849196 
-1 -5 0 0.6989501966385155 16.432094945349192 
-1 -6 0 1.7335183915845178 13.16761288696241 
-1 -7 0 1.733518392175377 13.16761288852329 
-1 -8 0 3.9999999999999996 6.0 
0 -8 0 4.0 6.0 
-1 -9 0 3.9999999999999996 6.0 
0 -9 0 3.9999999999999996 6.000000000000001 
-2 4 0 5.70458137554279 11.759948994638663 
-2 3 0 5.704581375542784 11.759948994638664 
-2 2 0 3.3792513520870706 15.7708933900924 
-2 1 0 3.3792513519060057 15.770893392494958 
-2 0 0 1.4888486467530762 18.824345813332332 
-2 -1 0 1.4888486431180592 18.824345736070487 
-2 -2 0 1.0252926457383602 19.999999990746456 
-2 -3 0 1.0252926459732938 19.99999999486114 
-2 -4 0 0.6989501967793023 17.751483111525584 
-2 -5 0 0.6989501980105838 17.751482820085112 
-2 -6 0 1.733518391559595 14.891919838830635 
-2 -7 0 1.7335183915452457 14.89191985111301 
-2 -8 0 3.999999999999999 6.0 
-2 -9 0 4.0 6.0 
-3 2 0 7.550510257216822 13.75994899463866 
-3 1 0 7.550510257216823 13.759948994638663 
-3 0 0 4.575490557915822 16.99999984302738 
-3 -1 0 4.575490571227752 16.999999911891887 
-3 -2 0 2.6769112404094093 19.999999798882463 
-3 -3 0 2.6769112405773052 19.999999971377594 
-3 -4 0 2.1182614727085882 18.60453477359801 
-3 -5 0 2.1182614727078897 18.604535005926525 
-3 -6 0 1.7400428721050036 15.75678783486265 
-3 -7 0 1.7400428721053 15.756787998968692 
-3 -8 0 3.9999999999999987 6.000000000000001 
-3 -9 0 3.9999999999999996 6.0 
-4 0 0 9.550510257216825 15.0 
-4 -1 0 9.550510257216823 15.0 
-4 -2 0 6.769366365666034 17.999999996900534 
-4 -3 0 6.769366365667436 17.999999991609926 
-4 -4 0 4.778586665912654 18.604535031242797 
-4 -5 0 4.778586657923267 18.604535031295306 
-4 -6 0 3.68427823934278 16.06249624466392 
-4 -7 0 3.684278239342735 16.06249624466392 
-4 -8 0 3.9999999999999987 6.0 
-4 -9 0 4.0 6.000000000000001 
-5 -2 0 16.0 16.0 
-5 -3 0 16.0 16.0 
-5 -4 0 9.627718676730984 17.0 
-5 -5 0 9.627718676730986 17.000000000000004 
-5 -6 0 7.263698186633911 16.062496244663915 
-5 -7 0 7.263698186633912 16.062496244663915 
-5 -8 0 6.0 6.0 
-5 -9 0 6.0 6.0 
