0 2 1 2.0 3.0 
1 2 0 3.0 3.0 
0 1 1 2.0 3.0 
1 1 0 3.0 3.0 
0 0 1 0.5761431456478668 7.30277563773199 
1 0 0 3.697224362268005 7.302775637731994 
0 -1 1 0.5761431456478651 7.302775637731995 
1 -1 0 3.697224362268005 7.302775637731995 
0 -2 0 0.4334418335148574 7.608699240976153 
1 -2 0 7.0 7.0 
0 -3 0 0.4334418335148588 7.608699240976153 
1 -3 0 7.0 7.0 
-1 2 0 2.0 2.0 
-1 1 0 2.0 2.0 
-1 0 0 0.5761431456478675 6.656139962907153 
-1 -1 0 0.5761431456478656 6.656139962907153 
-1 -2 0 0.43344183351485743 8.000000000000002 
-1 -3 0 0.4334418335148584 7.999999999999997 
-1 -4 0 0.7639320225002108 6.590564251509899 
0 -4 0 1.5857864376269046 5.0 
-1 -5 0 0.763932022500211 6.5905642515099 
0 -5 0 1.5857864376269055 4.999999999999999 
-2 0 0 3.0 5.0 
-2 -1 0 3.000000000000001 5.0 
-2 -2 0 1.121818717078158 8.0 
-2 -3 0 1.1218187170781584 8.0 
-2 -4 0 0.7639320225002116 7.23606797749979 
-2 -5 0 0.7639320225002101 7.236067977499788 
-2 -6 0 2.0 2.0 
-1 -6 0 2.0 2.0 
-2 -7 0 2.0 2.0 
-1 -7 0 2.0 2.0 
-3 -2 0 6.0 6.0 
-3 -3 0 6.0 6.0 
-3 -4 0 2.763932022500211 7.23606797749979 
-3 -5 0 2.76393202250021 7.23606797749979 
-3 -6 0 2.0 2.0 
-3 -7 0 2.0 2.0 
