4 10 0 3.0 6.0 
5 10 0 6.0 6.0 
4 9 0 3.0000000000000004 6.000000000000001 
5 9 0 6.0 6.0 
4 8 0 2.830066283055892 13.442087121873536 
5 8 0 6.612730131439145 13.442087123179348 
4 7 0 2.830066282914195 13.442087105878123 
5 7 0 6.612730131439143 13.44208712317935 
4 6 0 3.4084865120461885 16.639574681490416 
5 6 0 8.140716244658572 16.639574681499663 
4 5 0 3.4084865137985565 16.639574681499194 
5 5 0 8.140716244658568 16.639574681499653 
4 4 0 4.656205686493449 18.17730416863686 
5 4 0 10.557912876820653 17.387269868560857 
4 3 0 4.656205684736172 18.1773042746306 
5 3 0 10.557912876820653 17.387269868560857 
4 2 0 6.576854431464335 16.880875820074028 
5 2 0 16.0 16.0 
4 1 0 6.576854431401272 16.88087584434528 
5 1 0 16.0 16.0 
3 10 0 3.0000000000000013 6.000000000000001 
3 9 0 2.9999999999999982 6.000000000000002 
3 8 0 1.353043212973227 13.355988298410296 
3 7 0 1.3530432129735117 13.355988298444437 
3 6 0 1.5054170304555503 16.615584548106124 
3 5 0 1.5054170261661592 16.615584482307035 
3 4 0 2.209788776592741 18.760685827445073 
3 3 0 2.209788776619905 18.76068580781678 
3 2 0 3.108309497419099 17.812433589728034 
3 1 0 3.1083094959293236 17.812433737832084 
3 0 0 4.723446774774506 15.80849516780551 
4 0 0 9.082714006906468 15.0 
3 -1 0 4.723446774774487 15.808487982673672 
4 -1 0 9.082714006906466 15.0 
2 10 0 3.0000000000000004 6.0 
2 9 0 2.9999999999999996 6.0 
2 8 0 1.3530432130140804 11.994958173758146 
2 7 0 1.353043212988634 11.994958173687616 
2 6 0 0.4104664960914891 16.32161496911937 
2 5 0 0.4104664959652724 16.321614969610792 
2 4 0 0.49418403312431003 18.756462529390603 
2 3 0 0.49418403337357153 18.760594136896877 
2 2 0 0.8135925159942949 19.999999989301916 
2 1 0 0.8135925160575308 19.999999999919762 
2 0 0 1.8714626961677232 16.689544244112813 
2 -1 0 1.871462696133379 16.689544227375844 
2 -2 0 3.267734210283587 14.61626622189469 
3 -2 0 7.082714006906463 13.0 
2 -3 0 3.2677342102835163 14.616266250796745 
3 -3 0 7.082714006906468 13.000000000000002 
1 10 0 2.9999999999999996 6.0 
1 9 0 2.9999999999999987 5.999999999999999 
1 8 0 1.4116268232345075 10.811557300951788 
1 7 0 1.4116268232726823 10.811557311001145 
1 6 0 0.4104664959834201 14.984707093882676 
1 5 0 0.4104664959544543 14.984706503938671 
1 4 0 0.18816417508996827 17.449899684987553 
1 3 0 0.1881641750899785 17.449899014884455 
1 2 0 0.26988328286316443 19.999999947623778 
1 1 0 0.2698832829146021 19.99999994810016 
1 0 0 0.6406710615325262 17.99999980928136 
1 -1 0 0.6406710621133961 17.999999654070503 
1 -2 0 1.5453992225567437 15.649559150432045 
1 -3 0 1.5453992212490668 15.64955926160525 
1 -4 0 2.735498435676917 12.719865066227552 
2 -4 0 5.098352038689 11.000000000000002 
1 -5 0 2.7354984372663083 12.719865472597487 
2 -5 0 5.098352038688999 11.000000000000002 
0 10 0 5.0 5.0 
0 9 0 5.0 5.0 
0 8 0 3.3392347130109075 9.657571096268413 
0 7 0 3.339234727044784 9.657571077737945 
0 6 0 1.8784154573127023 13.85980415746318 
0 5 0 1.8784154581171624 13.859804062458645 
0 4 0 0.18816417508994543 16.543235688012153 
0 3 0 0.18816417508996144 16.543235648319765 
0 2 1 0.2698832828231032 19.329841583166996 
0 1 1 0.269883282823105 19.329841460209245 
0 0 1 0.4380779646664666 19.668377066890447 
0 -1 1 0.43807796466646587 19.668377325799266 
0 -2 0 0.3747154371286398 16.337818859963782 
0 -3 0 0.37471543715997546 16.337817829956602 
0 -4 0 2.0092137777029 14.215399135186743 
0 -5 0 2.0092137757117188 14.215399138269953 
0 -6 0 3.2862960522157665 10.597291207806686 
1 -6 0 4.455942889803852 8.646020966722048 
0 -7 0 3.2862960522157554 10.597291207806684 
1 -7 0 4.455942889803853 8.646020966722046 
-1 8 0 5.585786437626905 8.414213562373096 
-1 7 0 5.585786437626904 8.414213562373096 
-1 6 0 3.826981097005782 13.071241953612779 
-1 5 0 3.8269810762561938 13.071241737050673 
-1 4 0 2.1535065374473414 15.751165537461354 
-1 3 0 2.153506536928636 15.751165558482535 
-1 2 0 0.6148709736424991 17.742377425947378 
-1 1 0 0.6148709736425229 17.742377741630854 
-1 0 0 0.4380779646707278 19.999999202983492 
-1 -1 0 0.43807796466693916 19.999999998156625 
-1 -2 0 0.3747154371394345 17.41172609874158 
-1 -3 0 0.37471543723585504 17.41172608439217 
-1 -4 0 0.9744005261720621 14.843219193178298 
-1 -5 0 0.9744005267420673 14.843219170555608 
-1 -6 0 2.967791446840224 12.142427463611561 
-1 -7 0 2.9677914474639637 12.14242746361155 
-1 -8 0 5.0 5.0 
0 -8 0 5.0 5.0 
-1 -9 0 5.0 5.0 
0 -9 0 5.0 5.0 
-2 6 0 6.585786437626905 11.414213562373094 
-2 5 0 6.585786437626905 11.414213562373096 
-2 4 0 4.470758905314894 14.656931341674724 
-2 3 0 4.470758905326368 14.656933650038248 
-2 2 0 2.7665832003573123 16.829002358845862 
-2 1 0 2.7665832084158137 16.829002377343496 
-2 0 0 1.1831494436100105 19.999999755058465 
-2 -1 0 1.1831494436107428 19.99999978479117 
-2 -2 0 0.8425686284029619 18.930154941647054 
-2 -3 0 0.8425686283678825 18.9301549500351 
-2 -4 0 0.9744005261662655 15.894967328837527 
-2 -5 0 0.9744005261662789 15.894967394054994 
-2 -6 0 2.9574766804131647 12.16939313228889 
-2 -7 0 2.9574764260293134 12.169393132753838 
-2 -8 0 5.0 5.0 
-2 -9 0 5.0 5.0 
-3 4 0 8.0 13.0 
-3 3 0 7.9999999999999964 13.0 
-3 2 0 5.592099449414988 15.9999999996149 
-3 1 0 5.592099535332522 15.999999999935714 
-3 0 0 3.8696496295058673 17.999999689345135 
-3 -1 0 3.8696496295124394 17.999999981578227 
-3 -2 0 2.355893184644091 18.930154955046365 
-3 -3 0 2.355893184335179 18.930154471291875 
-3 -4 0 1.711614780573551 17.026921155099465 
-3 -5 0 1.711614780572561 17.026921156352078 
-3 -6 0 2.9101394893393424 12.21926600244092 
-3 -7 0 2.9101394892999464 12.219266003688096 
-3 -8 0 5.0 5.0 
-3 -9 0 5.0 5.0 
-4 2 0 11.000000000000002 14.000000000000002 
-4 1 0 11.0 14.000000000000004 
-4 0 0 7.010451751012221 16.99999999996746 
-4 -1 0 7.010451751012223 16.999999999916707 
-4 -2 0 4.912947156444569 17.782780132186495 
-4 -3 0 4.912947161018208 17.782780100229285 
-4 -4 0 3.5857830307258802 17.02692104596456 
-4 -5 0 3.5857830284756935 17.026921156386035 
-4 -6 0 2.910139489299485 12.507902611091529 
-4 -7 0 2.910139489299492 12.50790277137656 
-4 -8 0 5.0 5.0 
-4 -9 0 5.0 5.0 
-5 0 0 15.0 15.0 
-5 -1 0 15.0 15.0 
-5 -2 0 11.000000000000002 16.655442381549832 
-5 -3 0 11.0 16.655442381549832 
-5 -4 0 7.55051025721682 16.586874512018426 
-5 -5 0 7.550510257216821 16.58687451201843 
-5 -6 0 6.000000000000001 12.507902771376557 
-5 -7 0 6.0 12.507902771376557 
-5 -8 0 5.0 5.0 
-5 -9 0 5.0 5.0 
