3 9 1 2.0 2.0 
4 9 0 2.0 2.0 
3 8 1 2.0000000000000004 2.0000000000000004 
4 8 0 2.0 2.0 
3 7 0 0.30229990037919474 10.000000000000004 
4 7 0 3.9999999999999996 10.0 
3 6 0 0.30229990037919724 10.000000000000002 
4 6 0 3.9999999999999996 10.0 
3 5 0 0.983930567352832 13.300105790849761 
4 5 0 5.298437881283576 11.701562118716422 
3 4 0 0.983930567373738 13.300105788289327 
4 4 0 5.298437881283574 11.701562118716424 
3 3 0 3.1592262276457688 11.000000000000002 
4 3 0 9.0 9.0 
3 2 0 3.1592262276457697 11.000000000000002 
4 2 0 9.0 9.0 
2 7 1 0.3022999003791954 8.631880858110627 
2 6 1 0.3022999003791951 8.63188085811063 
2 5 1 0.7708151333284512 13.300105790646143 
2 4 1 0.7708151333284531 13.300105790747565 
2 3 0 0.50487837895064 13.999999997774875 
2 2 0 0.5048783789506405 13.999999997532859 
2 1 0 3.875114580235424 8.761557181831892 
3 1 0 5.0 7.0 
2 0 0 3.875114580235426 8.761557181831893 
3 0 0 5.0 7.0 
1 7 0 3.0 3.0 
1 6 0 3.0 3.0 
1 5 0 0.7708151333284515 11.862043237806413 
1 4 0 0.7708151333284514 11.862043240346827 
1 3 1 0.50487837895064 13.999999993379294 
1 2 1 0.5048783789506402 13.999999993202726 
1 1 0 0.8913837924848322 11.863516568830741 
1 0 0 0.8913837924864828 11.863484443325131 
0 5 0 2.999999999999999 9.64575131106459 
0 4 0 2.9999999999999973 9.645751311064588 
0 3 2 1.230756689633219 13.999999997254715 
0 2 2 1.2555212757434258 13.999999995088238 
0 1 2 0.816785317354636 13.68201677848819 
0 0 2 0.8167853173546368 13.682016602044342 
0 -1 0 0.6471895769779524 9.4414281949493 
1 -1 0 4.0 4.0 
0 -2 0 0.6471895769779545 9.4414281949493 
1 -2 0 4.0 4.0 
-1 5 0 6.0 6.0 
-1 4 0 6.0 6.000000000000001 
-1 3 0 2.3598070385575403 10.999999999993875 
-1 2 0 2.3598070385535452 10.999999999999675 
-1 1 1 0.8167853173546333 13.682016764065962 
-1 0 1 0.8167853173546322 13.68201678653673 
-1 -1 0 0.501666500139708 10.576415999124656 
-1 -2 0 0.501666500139709 10.576416018383533 
-2 5 0 6.0 6.0 
-2 4 0 6.0 6.0 
-2 3 0 4.046519465596997 9.606811154550089 
-2 2 0 4.046519465596995 9.606811154550089 
-2 1 0 2.338190555098754 12.109878885324417 
-2 0 0 2.338190555099694 12.109861190599027 
-2 -1 0 0.5016665001397028 10.576416019649212 
-2 -2 0 0.5016665001397076 10.576416019649216 
-2 -3 1 1.0000000000000004 7.302775637731993 
-1 -3 0 1.0 6.467932364866081 
-2 -4 1 1.0000000000000009 7.302775637731992 
-1 -4 0 1.0 6.46793236486608 
-3 3 0 8.0 8.0 
-3 2 0 8.0 8.0 
-3 1 0 6.20871215252208 10.791287847477921 
-3 0 0 6.20871215252208 10.791287847477921 
-3 -1 0 4.381966011250105 10.561552812808829 
-3 -2 0 4.381966011250105 10.561552812808829 
-3 -3 0 2.9999999999999987 7.302775637731994 
-3 -4 0 3.0 7.302775637731994 
-3 -5 0 1.0 1.0 
-2 -5 0 1.0 1.0 
-3 -6 0 1.0 1.0 
-2 -6 0 1.0 1.0 
