-1 -1 0 0.7639320225002095 5.23606797749979 
0 -1 1 0.76393202250021 5.23606797749979 
-1 -2 0 0.7639320225002108 5.236067977499789 
0 -2 1 0.7639320225002094 5.236067977499788 
-1 -3 0 0.498230151096081 7.000000000000001 
0 -3 0 0.4982301510960813 6.436010714004153 
-1 -4 0 0.4982301510960824 7.0 
0 -4 0 0.49823015109608204 6.436010714004156 
-1 -5 0 1.492097228623443 7.263542847409978 
0 -5 0 1.5857864376269049 6.414213562373096 
-1 -6 0 1.492097228623442 7.26354284740998 
0 -6 0 1.585786437626905 6.414213562373095 
-1 -7 0 4.0 6.0 
0 -7 0 4.0 4.0 
-1 -8 0 3.9999999999999996 6.0 
0 -8 0 4.0 4.0 
-2 -1 0 2.0 2.0 
-2 -2 0 2.0 2.0 
-2 -3 1 2.438447187191169 6.999999999999998 
-2 -4 1 2.4384471871911697 7.0 
-2 -5 1 1.0904840338440478 7.999999999999997 
-2 -6 1 1.0904840338440498 7.999999999999999 
-2 -7 0 0.6791155005525139 6.672823701000949 
-2 -8 0 0.6791155005525134 6.672823701000946 
-3 -3 0 3.0000000000000004 5.0 
-3 -4 0 2.9999999999999996 5.0 
-3 -5 0 1.09048403384405 7.999999999999998 
-3 -6 0 1.0904840338440527 8.0 
-3 -7 0 0.6791155005525117 7.23606797749979 
-3 -8 0 0.6791155005525126 7.236067977499788 
-3 -9 0 2.0 2.0 
-2 -9 0 2.0 2.0 
-3 -10 0 2.0 2.0 
-2 -10 0 2.0 2.0 
-4 -5 0 6.0 6.0 
-4 -6 0 6.0 6.0 
-4 -7 0 2.763932022500211 7.23606797749979 
-4 -8 0 2.7639320225002098 7.23606797749979 
-4 -9 0 2.0 2.0 
-4 -10 0 2.0 2.0 
