3 7 0 4.0 4.0 
4 7 0 4.0 4.0 
3 6 0 4.0 4.0 
4 6 0 4.0 4.0 
3 5 0 2.210093141113628 11.372281323268997 
4 5 0 5.000000000000001 11.372281323269016 
3 4 0 2.2100931411136258 11.372281323269005 
4 4 0 5.0 11.372281323269014 
3 3 0 2.6644878489132995 15.163517169724138 
4 3 0 6.476386175380657 14.730222213462593 
3 2 0 2.664487846063461 15.163516228548954 
4 2 0 6.476386175380659 14.730222213462591 
3 1 0 4.019153058856197 15.882455537338911 
4 1 0 9.28480547229687 14.715194527703126 
3 0 0 4.019153049481919 15.882455739565327 
4 0 0 9.284805472296874 14.71519452770313 
3 -1 0 6.078708902764414 14.999999998785226 
4 -1 0 13.0 13.0 
3 -2 0 6.078708902764407 14.999999994223302 
4 -2 0 13.0 13.0 
2 7 0 4.0 4.0 
2 6 0 4.0 4.000000000000001 
2 5 0 2.21009314111363 11.175111717791504 
2 4 0 2.210093141113632 11.175111717791387 
2 3 0 1.0195538739804357 15.163517411586843 
2 2 0 1.0195538739803034 15.163517411213215 
2 1 0 1.629813227462458 17.075210951285865 
2 0 0 1.6298132275266788 17.075210944304086 
2 -1 0 2.981661061010325 15.999999347984284 
2 -2 0 2.981661061805322 15.999999998245228 
2 -3 0 4.53538880719641 13.99999935706682 
3 -3 0 9.999999999999996 12.0 
2 -4 0 4.535388807196416 13.999999609871791 
3 -4 0 10.0 12.0 
1 7 0 4.0 4.0 
1 6 0 4.0 4.0 
1 5 0 2.2142078726628456 11.142706872857406 
1 4 0 2.2142078726648795 11.142706872857408 
1 3 1 0.8976154067627551 14.009722491077275 
1 2 1 0.8976154067627571 14.009722483579319 
1 1 1 0.34466235991049515 17.07521075294502 
1 0 1 0.3446623599104971 17.0752109023091 
1 -1 0 0.24607392458700683 17.999999973094667 
1 -2 0 0.24607392460536207 17.999999996909853 
1 -3 0 1.8397418605659854 14.849591402519561 
1 -4 0 1.8397418529601455 14.849591043000325 
1 -5 0 3.531721585024663 12.999999999397462 
2 -5 0 7.0 11.0 
1 -6 0 3.5317215850246595 12.999999998795241 
2 -6 0 7.0 11.0 
0 7 0 4.0 4.0 
0 6 0 4.0 4.0 
0 5 0 2.37310112581822 9.524183774966422 
0 4 0 2.3731011258182226 9.52418377496642 
0 3 0 0.8976154067628584 13.311021123394069 
0 2 0 0.8976154067627562 13.311021123435147 
0 1 0 0.344662359914038 15.635058681962795 
0 0 0 0.3446623599106002 15.635058147299132 
0 -1 0 0.2460739245881383 17.999999847918616 
0 -2 0 0.2460739245871437 17.999999976986217 
0 -3 0 0.38944118037825987 15.806712279225268 
0 -4 0 0.38944118028878905 15.806710907435784 
0 -5 0 1.3740279110369549 13.614137647432948 
0 -6 0 1.3740279110369207 13.614138351323422 
0 -7 0 2.752054418765884 10.81360650264833 
1 -7 0 6.0 8.0 
0 -8 0 2.7520544187658844 10.813606502648334 
1 -8 0 5.999999999999999 8.0 
-1 5 0 4.657076917222831 8.81360650264833 
-1 4 0 4.65707691722283 8.813606502648332 
-1 3 0 2.887266014263487 11.890478998104616 
-1 2 0 2.887266014279437 11.890478988565011 
-1 1 0 1.3503339617873216 14.673431942156212 
-1 0 0 1.350333961787624 14.673432106925857 
-1 -1 1 0.4676531000754893 17.99999999746044 
-1 -2 1 0.46765310007548916 17.99999987413664 
-1 -3 1 0.3384838816820361 17.314519524472622 
-1 -4 1 0.3384838816820318 17.31453412968191 
-1 -5 0 0.22071254503624377 14.361449831923329 
-1 -6 0 0.220712545049843 14.361449913676426 
-1 -7 0 2.0032224032075936 11.711085285312187 
-1 -8 0 2.003222403433153 11.711085285334333 
-1 -9 0 3.6570769172228297 7.813606502648331 
0 -9 0 5.0 5.0 
-1 -10 0 3.657076917222831 7.81360650264833 
0 -10 0 5.0 5.0 
-2 5 0 6.0 6.0 
-2 4 0 6.0 6.0 
-2 3 0 3.753670834091609 11.000000000000002 
-2 2 0 3.7536708340916105 10.999999999999996 
-2 1 0 2.206151957854643 13.799950183168008 
-2 0 0 2.206151957854007 13.799950051375186 
-2 -1 0 0.8465794918255887 15.999999866538454 
-2 -2 0 0.8465794918256976 15.999999768377952 
-2 -3 0 0.3384838816837619 17.31453479996252 
-2 -4 0 0.33848388168394034 17.31453499867025 
-2 -5 0 0.22071254503611823 15.406131917515083 
-2 -6 0 0.22071254503602022 15.406132490459704 
-2 -7 0 0.443745150119469 12.444496660888184 
-2 -8 0 0.4437451501195213 12.444496597392716 
-2 -9 0 1.4342119114929055 8.528212735522478 
-2 -10 0 1.4342119114929046 8.528212735522478 
-3 3 0 7.0 9.0 
-3 2 0 7.000000000000001 9.0 
-3 1 0 4.535330292098616 12.999999999684588 
-3 0 0 4.535330291724869 12.999999997452422 
-3 -1 0 2.7865295682517197 14.862492314125682 
-3 -2 0 2.786529568249723 14.862492318726508 
-3 -3 0 1.354168148030729 16.134183618980785 
-3 -4 0 1.354168147923173 16.13418360648833 
-3 -5 0 0.5409983329200666 15.4061323218077 
-3 -6 0 0.5409983329212424 15.406132286945223 
-3 -7 0 0.4437451501190212 13.860424422361369 
-3 -8 0 0.4437451501191443 13.860424572074358 
-3 -9 0 1.3924594297249615 10.1730725329633 
-3 -10 0 1.392459429724986 10.17307253296376 
-3 -11 0 3.0 3.0 
-2 -11 0 3.0 3.0 
-3 -12 0 3.0 3.0000000000000004 
-2 -12 0 3.0 3.0 
-4 1 0 9.000000000000002 11.000000000000002 
-4 0 0 9.000000000000004 11.0 
-4 -1 0 6.314659264464793 13.999999999802478 
-4 -2 0 6.314659264459359 13.999999999968312 
-4 -3 0 4.421189759428546 15.263542834693105 
-4 -4 0 4.421189759430777 15.263542814641166 
-4 -5 0 3.08199120693714 15.33033697448268 
-4 -6 0 3.081991225036981 15.330336974703826 
-4 -7 0 1.9728298482702349 13.913350709605089 
-4 -8 0 1.9728298490630458 13.91335070960854 
-4 -9 0 1.3924594297249617 10.194085024739113 
-4 -10 0 1.3924594297249628 10.194085024739117 
-4 -11 0 3.0 3.0 
-4 -12 0 2.9999999999999996 3.0 
-5 -1 0 12.0 12.0 
-5 -2 0 12.0 12.0 
-5 -3 0 8.26385967351789 13.863413948500936 
-5 -4 0 8.263859673517889 13.863413948500936 
-5 -5 0 5.925530478734216 14.515741742371826 
-5 -6 0 5.925530478734211 14.515741742371828 
-5 -7 0 4.435798395628336 13.913350709609615 
-5 -8 0 4.435798395628333 13.913350709609613 
-5 -9 0 3.4970717489507903 10.194085024739119 
-5 -10 0 3.4970717489507903 10.194085024739119 
-5 -11 0 3.0 3.0 
-5 -12 0 3.0 3.0 
