1 1 0 1.7856802566224645 5.999999999999999 
2 1 0 6.0 6.0 
1 0 0 1.7856802566224648 6.0 
2 0 0 6.0 6.0 
1 -1 0 2.0233527378958667 14.71602188534793 
2 -1 0 6.4933580536136715 14.71602188534797 
1 -2 0 2.0233527431487928 14.716021885306693 
2 -2 0 6.493358053613672 14.71602188534797 
1 -3 0 2.471415116039811 17.123105625606712 
2 -3 0 8.381512967926355 16.310334496380612 
1 -4 0 2.471415116597464 17.12310562561443 
2 -4 0 8.381512967926358 16.31033449638061 
1 -5 0 3.70618124964841 16.99999999999719 
2 -5 0 15.0 15.0 
1 -6 0 3.706181249648327 16.99999999986445 
2 -6 0 15.0 15.0 
0 1 1 1.7856802566224643 5.675130870566647 
0 0 1 1.7856802566224657 5.6751308705666474 
0 -1 1 0.29336309564754176 13.24640245630804 
0 -2 1 0.2933630956475448 13.246402447710642 
0 -3 0 0.15036578623972027 17.12310558486232 
0 -4 0 0.15036578623632954 17.123105625541605 
0 -5 0 0.796405882966344 17.768907905377745 
0 -6 0 0.7964058822341208 17.768907945448348 
0 -7 0 1.757940337159386 14.999999999336136 
1 -7 0 6.233564516147294 13.0 
0 -8 0 1.7579403367230946 14.999999995575935 
1 -8 0 6.233564516147298 13.000000000000002 
-1 1 0 1.9999999999999998 5.0 
-1 0 0 2.0000000000000004 5.0 
-1 -1 0 0.2933630956476269 12.213529109463643 
-1 -2 0 0.2933630956476749 12.21352911377415 
-1 -3 0 0.15036578624297875 16.176214574901294 
-1 -4 0 0.1503657862356152 16.176213752259695 
-1 -5 0 0.4742167402973909 17.768907952139244 
-1 -6 0 0.4742167402944518 17.768907955918177 
-1 -7 0 1.0205556362940136 16.901375160200836 
-1 -8 0 1.0205556362923882 16.901374848329773 
-1 -9 0 2.0238921397575953 12.99999999466653 
0 -9 0 4.110022271480686 10.999999999999998 
-1 -10 0 2.023892139469341 12.999999880969513 
0 -10 0 4.110022271480685 11.000000000000004 
-2 1 0 4.0 4.0 
-2 0 0 4.0 4.0 
-2 -1 0 1.9999999999999984 10.773037872182076 
-2 -2 0 2.0000000000000013 10.773037872196484 
-2 -3 1 0.7185324540551825 14.576624769707628 
-2 -4 1 0.7185324540551798 14.576624768004127 
-2 -5 1 0.3442244768063017 17.509397736005088 
-2 -6 1 0.3442244768062979 17.50939739738874 
-2 -7 0 0.17064194718365797 17.634496634851892 
-2 -8 0 0.17064194715361897 17.63449663380308 
-2 -9 0 0.9538358372128891 14.829688185391468 
-2 -10 0 0.9538358371115844 14.829688779005831 
-2 -11 0 2.0482017014250378 11.240405207924791 
-1 -11 0 4.455942889803855 8.646020966722045 
-2 -12 0 2.048201701394667 11.240405207781784 
-1 -12 0 4.455942889803851 8.646020966722046 
-3 -1 0 3.9999999999999996 9.23606797749979 
-3 -2 0 3.9999999999999996 9.23606797749979 
-3 -3 0 1.9696726427112674 13.565272765496319 
-3 -4 0 1.9696726427028766 13.565272722149782 
-3 -5 0 0.3442244768295443 16.849973968140876 
-3 -6 0 0.3442244768066743 16.849973969301484 
-3 -7 0 0.17064194715218067 17.999999996020282 
-3 -8 0 0.1706419471931984 17.999999050221085 
-3 -9 0 0.5010752812590655 16.46802601916144 
-3 -10 0 0.5010752811707568 16.46802607863633 
-3 -11 0 1.166868171103015 12.762750499516388 
-3 -12 0 1.1668681750029086 12.762750552947239 
-3 -13 0 2.3514843811836452 7.853286665731051 
-2 -13 0 5.0 5.0 
-3 -14 0 2.351484381183646 7.8532866657310505 
-2 -14 0 5.0 5.0 
-4 -1 0 6.0 6.0 
-4 -2 0 6.0 6.0 
-4 -3 0 3.82636126039067 11.446446533483067 
-4 -4 0 3.826361260390469 11.446446533483076 
-4 -5 0 2.0281087373128828 14.999999997266812 
-4 -6 0 2.028108737435637 14.999999113542293 
-4 -7 0 0.7057386279461859 17.999999898734604 
-4 -8 0 0.705738627937684 17.999999783326036 
-4 -9 0 0.5010752811715504 17.24998080098798 
-4 -10 0 0.501075281170427 17.249981621871793 
-4 -11 0 0.8414304694760639 14.49049577520418 
-4 -12 0 0.8414304694732793 14.490495733219525 
-4 -13 0 1.759749039083635 10.631244427865354 
-4 -14 0 1.759749039083638 10.63124442786535 
-5 -3 0 7.0 9.0 
-5 -4 0 7.000000000000001 9.0 
-5 -5 0 4.194761785362807 12.999999997784366 
-5 -6 0 4.194761787055028 12.999999961509735 
-5 -7 0 2.303598068128663 15.999999563360747 
-5 -8 0 2.3035980681290984 15.999999915471582 
-5 -9 0 0.9457655610984436 17.24998161597919 
-5 -10 0 0.9457655610921097 17.24998162052524 
-5 -11 0 0.8414304694740512 15.277041724870312 
-5 -12 0 0.8414304695770208 15.277041774053925 
-5 -13 0 1.6328648613583934 11.418669644716726 
-5 -14 0 1.6328648571685327 11.418669644716838 
-5 -15 0 2.9999999999999996 3.0 
-4 -15 0 3.0 3.0 
-5 -16 0 3.0 3.0 
-4 -16 0 3.0 3.0 
-6 -5 0 8.999999999999998 11.000000000000002 
-6 -6 0 9.0 11.0 
-6 -7 0 5.544632522743179 14.078325975202258 
-6 -8 0 5.544632522743181 14.07832597520226 
-6 -9 0 3.604084441038477 15.705014182162921 
-6 -10 0 3.6040844410384922 15.705014121344812 
-6 -11 0 2.211609797575463 15.27704177952561 
-6 -12 0 2.2116097975754534 15.27704177958792 
-6 -13 0 1.6328648571685243 11.745195366929387 
-6 -14 0 1.6328648571685243 11.745195366929385 
-6 -15 0 3.0 3.0 
-6 -16 0 3.0 3.0 
-7 -7 0 12.0 12.0 
-7 -8 0 12.0 12.0 
-7 -9 0 7.775689055368031 14.28185445846267 
-7 -10 0 7.775689055368032 14.281854458462673 
-7 -11 0 5.547547023128573 14.285754115541272 
-7 -12 0 5.547547023128572 14.285754115541268 
-7 -13 0 4.084831278286854 11.745195366929387 
-7 -14 0 4.084831278286851 11.745195366929389 
-7 -15 0 3.0 3.0 
-7 -16 0 3.0 3.0 
