1 1 0 0.43844718719116976 6.0 
2 1 0 6.0 6.0 
1 0 0 0.4384471871911694 5.999999999999999 
2 0 0 6.0 6.0 
1 -1 0 1.0851621732039032 13.162277660168382 
2 -1 0 6.83772233983162 13.162277660168378 
1 -2 0 1.0851621732038974 13.16227766016838 
2 -2 0 6.837722339831622 13.162277660168378 
1 -3 0 2.0489306677892274 13.63832752638215 
2 -3 0 13.0 13.0 
1 -4 0 2.048930667789229 13.63832752638215 
2 -4 0 13.0 13.0 
0 1 0 0.4384471871911695 4.561552812808831 
0 0 0 0.4384471871911698 4.56155281280883 
0 -1 1 1.0542964512898145 12.375752067789975 
0 -2 1 1.0542964512467063 12.375751928965911 
0 -3 1 0.8248866115088365 13.828271035530333 
0 -4 1 0.8248866115088386 13.828271020398722 
0 -5 0 0.877430571750409 12.999999958949251 
1 -5 0 3.298437881283577 10.0 
0 -6 0 0.8774305717504067 12.999999999999961 
1 -6 0 3.2984378812835766 10.0 
-1 1 0 3.0 3.0 
-1 0 0 3.0 3.0 
-1 -1 0 1.054296451306715 10.312346139769131 
-1 -2 0 1.0542964542562638 10.31234620090379 
-1 -3 0 0.7306327155275102 13.82827103812292 
-1 -4 0 0.7306327148804401 13.828270634837208 
-1 -5 0 0.8624547795083657 13.729939858673125 
-1 -6 0 0.8624547795083669 13.729940851883278 
-1 -7 0 1.7084014819835018 10.999999988901912 
0 -7 0 2.9138698023485046 7.51413692933529 
-1 -8 0 1.708401481983501 10.999999992836747 
0 -8 0 2.9138698023485063 7.51413692933529 
-2 -1 0 2.7225728425145435 8.571932338309203 
-2 -2 0 2.7225728425145435 8.571932338309205 
-2 -3 0 0.7306327148806075 12.754552154407898 
-2 -4 0 0.7306327148822148 12.75455215441375 
-2 -5 1 0.6411100502484641 13.999999999666537 
-2 -6 1 0.6411100502484601 13.999999999904945 
-2 -7 0 0.37039881759178656 12.421768575553884 
-2 -8 0 0.3703988176438964 12.42176857082234 
-2 -9 0 1.4668970652671829 8.229847575835848 
-1 -9 0 4.0 4.0 
-2 -10 0 1.4668970652671824 8.229847575835851 
-1 -10 0 4.0 4.0 
-3 -1 0 4.0 6.0 
-3 -2 0 3.9999999999999996 6.0 
-3 -3 0 2.078886998970865 10.742425287034383 
-3 -4 0 2.0788869989704315 10.742537639799245 
-3 -5 0 0.6411100502484784 13.999999892508285 
-3 -6 0 0.6411100502484663 13.999999999994323 
-3 -7 0 0.3703988178265664 13.205145931666689 
-3 -8 0 0.3703988175804327 13.20514593163146 
-3 -9 1 1.2255198556020348 10.490734123522856 
-3 -10 1 1.225519855602033 10.490734123522856 
-4 -3 0 5.267949192431123 8.732050807568875 
-4 -4 0 5.267949192431123 8.73205080756888 
-4 -5 0 3.2738250484261116 12.000000000000002 
-4 -6 0 3.273825048426108 12.000000000000004 
-4 -7 0 1.8627519791975515 13.205145931633986 
-4 -8 0 1.862751980342723 13.205145931600303 
-4 -9 0 1.2255198556020361 11.274917217635375 
-4 -10 0 1.2255198556020328 11.27491721763538 
-4 -11 0 0.9999999999999996 3.0 
-3 -11 0 1.0 3.0 
-4 -12 0 0.9999999999999999 3.0 
-3 -12 0 0.9999999999999998 3.0 
-5 -5 0 10.0 10.0 
-5 -6 0 10.0 10.0 
-5 -7 0 5.2984378812835775 11.701562118716424 
-5 -8 0 5.298437881283577 11.701562118716424 
-5 -9 0 3.725082782364625 11.274917217635375 
-5 -10 0 3.7250827823646255 11.274917217635377 
-5 -11 0 3.0 3.0 
-5 -12 0 3.0 3.0 
