8 22 0 1.9999999999999998 4.0 
9 22 0 4.0 4.0 
8 21 0 1.9999999999999998 4.0 
9 21 0 4.0 4.0 
8 20 0 1.3027154970311556 12.884342548980005 
9 20 0 4.378538374168714 12.884342548980005 
8 19 0 1.3027154970280614 12.884342548979996 
9 19 0 4.378538374168714 12.884342548980007 
8 18 0 1.5747914018810094 15.91137834065716 
9 18 0 5.352200205527931 15.911378341970835 
8 17 0 1.5747914045432896 15.911378338521436 
9 17 0 5.352200205527933 15.911378341970828 
8 16 0 2.3301662735767397 17.379954928913335 
9 16 0 6.791301800478533 16.480471501652193 
8 15 0 2.3301662735829978 17.379954919792816 
9 15 0 6.791301800478537 16.480471501652186 
8 14 0 3.629650561417279 17.552799107419496 
9 14 0 8.812434674397247 15.735441238611916 
8 13 0 3.629650556543372 17.552799107422526 
9 13 0 8.812434674397249 15.735441238611921 
8 12 0 5.509300301802376 15.999999999032232 
9 12 0 14.0 14.0 
8 11 0 5.509300301802376 15.999999984632888 
9 11 0 14.0 14.0 
7 22 1 1.9999999999999998 4.0 
7 21 1 1.9999999999999998 4.0 
7 20 3 0.8697859141751164 11.480415808418519 
7 19 3 0.8697859141751155 11.480416109505198 
7 18 3 0.9357638484603357 15.846854284563873 
7 17 3 0.9357638484603333 15.8468542855856 
7 16 1 0.4444922713768869 17.379954863396613 
7 15 1 0.4444922713768849 17.379954112042178 
7 14 0 0.5390444319691041 18.32571999989269 
7 13 0 0.5390444323182286 18.325720379966057 
7 12 0 1.7333888269263287 16.831522517331425 
7 11 0 1.733388826919077 16.831522518580684 
7 10 0 3.5470619881311904 13.999999999977634 
8 10 0 8.0 12.000000000000002 
7 9 0 3.5470619879817655 13.999999999323586 
8 9 0 7.999999999999998 12.000000000000002 
6 20 1 0.8697859141751141 9.7844034228869 
6 19 1 0.8697859141751153 9.7844034228869 
6 18 2 0.5603653615446678 14.436001611806738 
6 17 2 0.5603653615446647 14.436001611333882 
6 16 1 0.4444922713768999 17.33715963099439 
6 15 1 0.4444922713804777 17.337157784551977 
6 14 0 0.5390444319791964 19.199331104466715 
6 13 0 0.539044431969883 19.199337803196848 
6 12 0 1.7071159845548196 17.999999926400125 
6 11 0 1.7071159842536725 17.999999998634692 
6 10 0 3.474979052877493 15.465945708384162 
6 9 0 3.4757490543634937 15.465945559057825 
6 8 0 5.550510257216822 12.000000000000002 
7 8 0 6.0 10.0 
6 7 0 5.550510257216822 12.000000000000002 
7 7 0 6.0 9.999999999999998 
5 20 0 1.9999999999999998 6.0 
5 19 0 1.9999999999999991 6.0 
5 18 1 0.5603653615446659 12.755265546733886 
5 17 1 0.5603653615446625 12.755265546503196 
5 16 4 0.8554207193753196 16.308604746488523 
5 15 4 0.855420719375321 16.308604184174477 
5 14 5 1.0382501287693868 19.199338052382075 
5 13 5 1.0382501287693897 19.199338059842987 
5 12 2 0.5996544084110744 19.999999527128004 
5 11 2 0.5996544084110722 19.999999720003228 
5 10 0 0.6243069974539813 16.21234844219406 
5 9 0 0.6243069974444941 16.212172225212957 
5 8 0 2.0000000016959176 13.617651672721655 
5 7 0 2.000000000010309 13.617651672372832 
4 18 0 2.000000000000001 10.0 
4 17 0 1.9999999999999998 9.999999999999995 
4 16 1 0.991016636878062 14.783195746045156 
4 15 1 0.9910166368780652 14.783195747781892 
4 14 2 0.5667424411810045 17.72008188327316 
4 13 2 0.566742441181008 17.720068852726076 
4 12 1 0.5234598751813038 19.999999984627944 
4 11 1 0.5234598751067184 19.999999960842604 
4 10 0 0.44874718686191173 17.999999518151096 
4 9 0 0.44874718645760464 17.999999657155872 
4 8 0 2.000000000000056 14.848993146094447 
4 7 0 2.000000005568049 14.84899314620652 
4 6 0 3.9999999999999987 8.0 
5 6 0 3.999999999999999 8.0 
4 5 0 3.999999999999999 8.0 
5 5 0 4.0 8.0 
3 16 0 3.9999999999999973 12.000000000000002 
3 15 0 4.0 12.000000000000007 
3 14 1 0.6004647696334869 16.782040303546896 
3 13 1 0.6004647696334859 16.782040129460736 
3 12 4 1.1074925198749273 19.600112951252676 
3 11 4 1.1074925198749284 19.600107238434497 
3 10 5 1.6780529763919416 19.509979381888922 
3 9 5 1.6780529763919407 19.502918668165215 
3 8 2 1.3864175463981814 15.999999999067715 
3 7 2 1.3864175463981794 15.99999999939688 
3 6 0 2.000000000000001 8.0 
3 5 0 2.0000000000000027 8.0 
2 14 0 5.550510257216819 14.000000000000004 
2 13 0 5.550510257216823 14.000000000000005 
2 12 0 1.3549082301369657 17.999999495779853 
2 11 0 1.3549082303667004 17.999999729715135 
2 10 0 0.9075217017009319 19.999999865722046 
2 9 0 0.9075217014965762 19.999999999142048 
2 8 0 0.7355381590958883 17.59384484194138 
2 7 0 0.7355381589870438 17.5938448385111 
2 6 0 1.1301055820815349 13.464101615137753 
2 5 0 1.1301055820815396 13.464101615137755 
1 14 0 5.999999999999999 10.0 
1 13 0 6.0 10.0 
1 12 0 1.3549082298649306 15.999999999999655 
1 11 0 1.3549082298649089 15.999999999999787 
1 10 1 0.9075217014964568 19.99999999710024 
1 9 1 0.907521701496458 19.999999996045435 
1 8 3 1.3231570230460183 18.986435486438364 
1 7 3 1.6300867319216523 18.986434741733813 
1 6 3 1.1301055820815369 13.59146469404667 
1 5 3 1.130105582081535 13.59146469404667 
0 12 0 8.000000000000002 12.0 
0 11 0 8.0 12.000000000000002 
0 10 0 3.2941491047800335 18.0 
0 9 0 3.2941491047800313 17.999999999999996 
0 8 0 1.7356768559519613 18.98643485324078 
0 7 0 1.735676855984125 18.986435486626096 
0 6 0 1.2618742214239993 13.806423851823105 
0 5 0 1.2618742214239989 13.806423851823107 
0 4 0 2.0 4.0 
1 4 1 1.9999999999999996 4.0 
0 3 0 1.9999999999999996 4.0 
1 3 1 1.9999999999999998 4.0 
-1 10 0 14.0 14.0 
-1 9 0 14.0 14.0 
-1 8 0 8.476885636336219 18.24977083952915 
-1 7 0 8.47688563633622 18.24977083952915 
-1 6 0 4.581449281126156 13.806423851823105 
-1 5 0 4.581449281126155 13.806423851823107 
-1 4 0 4.0 4.0 
-1 3 0 4.0 4.0 
