1 -3 0 3.9444941987444286 10.000000000000002 
2 -3 0 10.0 10.0 
1 -4 0 3.9444941987444313 10.0 
2 -4 0 10.0 10.0 
1 -5 0 4.398371106064337 20.00000000000001 
2 -5 0 20.0 20.0 
1 -6 0 4.398371106064328 20.0 
2 -6 0 20.0 20.0 
0 -3 1 2.9384655602224234 9.84877772803294 
0 -4 1 2.9384655602224243 9.84877772803294 
0 -5 1 1.8047525157792412 18.56366585520462 
0 -6 1 1.8047525157792381 18.56366568792445 
0 -7 0 1.098464207072744 19.95766913232706 
1 -7 0 7.005636641564237 18.000000000000007 
0 -8 0 1.098464207072746 19.95766811080784 
1 -8 0 7.005636641564232 18.000000000000004 
-1 -3 0 2.938465560222423 9.0 
-1 -4 0 2.938465560222424 9.0 
-1 -5 0 1.4012445562986475 17.239424609950277 
-1 -6 0 1.4012445564118952 17.23942466890738 
-1 -7 0 1.0984642071852815 19.999999880640775 
-1 -8 0 1.0984642070729815 19.999999312296335 
-1 -9 0 1.8475018294127674 17.899059531837548 
0 -9 0 3.3046964847907665 16.999999995597854 
-1 -10 0 1.8475018291452896 17.899071836600765 
0 -10 0 3.304696484790766 16.99999999927626 
-2 -3 0 2.9486257582689634 9.0 
-2 -4 0 2.9486257582689634 9.000000000000005 
-2 -5 0 1.4012445577905706 16.24787634159078 
-2 -6 0 1.401244557113102 16.24787635880002 
-2 -7 1 0.6699189458965262 19.999999996136502 
-2 -8 1 0.6699189458965304 19.99999998671484 
-2 -9 0 0.8272565844286449 19.727324859850466 
-2 -10 0 0.8272565846086354 19.727325464392678 
-2 -11 0 1.6196467736199183 16.80674237389396 
-1 -11 0 3.249748241379278 15.257380335566374 
-2 -12 0 1.6196467736236921 16.806743301346938 
-1 -12 0 3.249748251444983 15.25738033451986 
-3 -3 0 4.829913513373966 8.999999999999998 
-3 -4 0 4.829913513373965 9.000000000000004 
-3 -5 0 2.641234980615296 15.283425110524826 
-3 -6 0 2.6412349678147717 15.28342523847287 
-3 -7 0 0.6699189458965621 17.5708500064171 
-3 -8 0 0.6699189458967845 17.570849245219513 
-3 -9 0 0.5617063563626981 19.999999719846702 
-3 -10 0 0.5617063561830347 19.999998284636355 
-3 -11 1 0.8234861697943274 17.620703456817544 
-3 -12 1 0.8234861697943283 17.620703338369452 
-3 -13 0 1.2341519500125526 14.927387372369738 
-2 -13 0 2.702021872930193 13.592352138734292 
-3 -14 0 1.2341519509671963 14.92738735815947 
-2 -14 0 2.702021896458118 13.592352138816896 
-4 -3 0 4.829913513373967 8.48119430409202 
-4 -4 0 4.829913513373966 8.481194304092014 
-4 -5 0 2.967190549536289 14.286109897576859 
-4 -6 0 2.9671905171536777 14.286109915418049 
-4 -7 0 1.5277460218346575 16.530353868379276 
-4 -8 0 1.5277460218357506 16.530354556666435 
-4 -9 0 0.5617063561735223 19.99999999426768 
-4 -10 0 0.5617063561734662 19.999999883251448 
-4 -11 1 0.5386779533609016 19.112439317600206 
-4 -12 1 0.5386779533609024 19.1125882738928 
-4 -13 0 0.18415945617013466 16.186353142467066 
-4 -14 0 0.18415945615405516 16.1863530532206 
-4 -15 0 1.012492675575481 13.21286285578502 
-3 -15 0 2.4360553981184414 11.388891508155691 
-4 -16 0 1.0124926771625216 13.212862855784847 
-3 -16 0 2.4360553981184383 11.38889150819739 
-5 -3 0 6.0 7.999999999999999 
-5 -4 0 5.999999999999999 8.0 
-5 -5 0 4.167552558249755 12.627884302825352 
-5 -6 0 4.167552553890266 12.627884302825345 
-5 -7 0 2.5930597562552866 15.717517002631656 
-5 -8 0 2.593059755253347 15.717516983135745 
-5 -9 0 1.295906429319478 17.999998513637355 
-5 -10 0 1.295906429319945 17.999999991853567 
-5 -11 0 0.5386779534390365 19.11256138931148 
-5 -12 0 0.5386779535475567 19.11258615701895 
-5 -13 0 0.18415945618199853 17.293875276616507 
-5 -14 0 0.18415945614719356 17.29387529730597 
-5 -15 1 0.938794588992489 14.634215293049817 
-5 -16 1 0.9387945885878406 14.634215292386214 
-5 -17 0 0.8443950669646396 9.941431576175772 
-4 -17 0 2.1866165484991957 7.961679011898485 
-5 -18 0 0.8443950659876722 9.941431575960195 
-4 -18 0 2.186616548499196 7.961679011898483 
-6 -5 0 7.267949192431122 10.732050807568875 
-6 -6 0 7.267949192431124 10.732050807568875 
-6 -7 0 5.157526407754339 14.760187103558987 
-6 -8 0 5.157526407754303 14.760187485622103 
-6 -9 0 3.3685276607309276 16.834776556153276 
-6 -10 0 3.368527661843187 16.834776552106796 
-6 -11 0 2.0448669364155756 18.330102055534436 
-6 -12 0 2.0448669294321418 18.330102135097718 
-6 -13 0 1.27259609923574 17.317844877692544 
-6 -14 0 1.2725960984768268 17.31783213938509 
-6 -15 0 0.9387945886052581 15.094829273840952 
-6 -16 0 0.9387945885909604 15.094829359749014 
-6 -17 0 0.844395065987716 11.693821578339556 
-6 -18 0 0.8443950659876711 11.693821578358463 
-6 -19 0 2.0 4.0 
-5 -19 0 2.0000000000000004 4.0 
-6 -20 0 1.9999999999999996 4.0 
-5 -20 0 2.0000000000000004 4.0 
-7 -7 0 9.267949192431123 12.732050807568877 
-7 -8 0 9.267949192431123 12.732050807568877 
-7 -9 0 6.619844228728015 15.999999999909583 
-7 -10 0 6.619844228727987 15.999999999804293 
-7 -11 0 4.751838081347384 17.55688127397086 
-7 -12 0 4.751838081347683 17.55688127404943 
-7 -13 0 3.3973634375261943 17.317847935887873 
-7 -14 0 3.397363439102109 17.317847738418262 
-7 -15 0 2.576870552303813 15.191936400239465 
-7 -16 0 2.576870552860982 15.19193611471716 
-7 -17 0 2.006064873149342 12.125334516375172 
-7 -18 0 2.006064873236484 12.125334516375169 
-7 -19 0 1.9999999999999998 4.0 
-7 -20 0 2.0 4.0 
-8 -9 0 14.0 14.0 
-8 -10 0 14.0 14.0 
-8 -11 0 9.406075606324949 15.749872690603134 
-8 -12 0 9.40607560632495 15.749872690603132 
-8 -13 0 7.174739061102788 16.140364600147688 
-8 -14 0 7.174739061102788 16.14036460014768 
-8 -15 0 5.457590586840861 15.191936462628135 
-8 -16 0 5.457590586840859 15.191936462628135 
-8 -17 0 4.376152146500341 12.125334516375172 
-8 -18 0 4.376152146500341 12.125334516375172 
-8 -19 0 4.0 4.0 
-8 -20 0 4.0 4.0 
