5 13 0 1.3819660112501047 5.0 
6 13 0 5.0 5.0 
5 12 0 1.381966011250105 5.000000000000001 
6 12 0 5.0 5.0 
5 11 0 1.973165053576798 15.000000000000005 
6 11 0 6.0 14.999999999999998 
5 10 0 1.9731650536011538 14.999999999999993 
6 10 0 5.999999999999999 14.999999999999998 
5 9 0 2.7330092126770453 16.907021635457927 
6 9 0 7.725082782364623 15.274917217635375 
5 8 0 2.7330092126787027 16.907021527976703 
6 8 0 7.725082782364627 15.274917217635377 
5 7 0 4.228071141331321 15.999999999982522 
6 7 0 14.0 14.0 
5 6 0 4.228071141331291 15.999999999974237 
6 6 0 14.0 14.0 
4 13 1 1.3819660112501044 4.618033988749895 
4 12 1 1.3819660112501053 4.618033988749896 
4 11 1 0.5347194526229933 13.430948504038687 
4 10 1 0.5347194526229883 13.430948474634375 
4 9 0 0.15716441902996472 16.90702161540195 
4 8 0 0.15716441901538397 16.907021620447768 
4 7 0 0.9245219097528528 17.9999999999189 
4 6 0 0.9245219093578124 17.99999999992352 
4 5 0 2.5049536070105716 13.999999778329965 
5 5 0 6.35424868893541 12.0 
4 4 0 2.5049536070105516 13.999999998869479 
5 4 0 6.354248688935408 11.999999999999995 
3 13 0 3.0 3.0 
3 12 0 3.0 3.0 
3 11 1 0.5347194526229949 11.342944226507445 
3 10 1 0.5347194526229917 11.342944226558107 
3 9 0 0.157164419012567 15.632059536820373 
3 8 0 0.15716441903960468 15.632059128983022 
3 7 0 0.5426757821853063 17.99999999016948 
3 6 0 0.5426757819057174 17.999999875657213 
3 5 0 1.3858982152711459 15.999999941690103 
3 4 0 1.3858982141912473 15.999999630955976 
3 3 0 3.21924493502697 11.999999829318204 
4 3 0 4.763932022500209 10.0 
3 2 0 3.219244945323636 11.999999856211275 
4 2 0 4.76393202250021 10.0 
2 11 0 3.0000000000000004 9.602685229519011 
2 10 0 3.0 9.602685229519007 
2 9 0 0.3788016693094027 13.999999999760188 
2 8 0 0.3788016693475417 13.99999999740109 
2 7 1 0.5426757819162302 17.61539803253638 
2 6 1 0.54267578193248 17.615397902023805 
2 5 0 0.36695824837647917 17.99999999911562 
2 4 0 0.36695824866717036 17.999999999687084 
2 3 0 1.5068168690756296 13.86266524208521 
2 2 0 1.5068168690346158 13.862665208969062 
2 1 0 3.460981434886643 9.02023050105267 
3 1 0 6.0 6.0 
2 0 0 3.460981434886643 9.020230501052671 
3 0 0 6.0 6.0 
1 11 0 5.0 5.0 
1 10 0 5.0 5.0 
1 9 0 2.1502025026041305 11.859793677586271 
1 8 0 2.150202503955693 11.859793677587804 
1 7 0 0.5896411283200951 15.999999987998494 
1 6 0 0.5896411283657328 15.999999993066714 
1 5 0 0.3669582483856509 17.999999796573555 
1 4 0 0.3669582483799678 17.99999993085037 
1 3 0 0.8090731514134203 15.816955623093376 
1 2 0 0.8090731513978249 15.816955651429913 
1 1 0 2.0967381902292073 10.956090265756103 
1 0 0 2.0967381860570105 10.956090265793508 
0 9 0 5.381966011250105 8.618033988749897 
0 8 0 5.381966011250106 8.618033988749898 
0 7 0 2.0831761722544955 13.854101966093188 
0 6 0 2.0831761722542628 13.854101966144237 
0 5 1 0.8166215890982838 17.99999962672695 
0 4 1 0.8166215890982765 17.999999980286937 
0 3 1 0.8090731513766994 17.654857565985537 
0 2 1 0.8090731514669186 17.65485745321017 
0 1 0 0.23360996642348092 12.718830042121107 
0 0 0 0.2336099664234815 12.718830040996037 
0 -1 0 3.0 4.0 
1 -1 0 4.0 4.0 
0 -2 0 3.0 4.0 
1 -2 0 4.0 4.0 
-1 7 0 4.321814729568882 11.000000000000002 
-1 6 0 4.321814729568883 11.000000000000002 
-1 5 0 1.7649452637060925 15.838983066205747 
-1 4 0 1.7649452636572016 15.838983073348553 
-1 3 0 0.8166553580361368 17.99999973214495 
-1 2 0 0.8166553580383022 17.999999774142285 
-1 1 0 0.23360996642348256 14.153594413702118 
-1 0 0 0.2336099664235383 14.153594413843328 
-1 -1 0 0.999999999999998 6.0 
-1 -2 0 0.9999999999999997 5.999999999999998 
-2 5 0 5.856743305716277 13.713311151958056 
-2 4 0 5.856743305716278 13.713311151958056 
-2 3 0 2.9473784300733707 18.0 
-2 2 0 2.947378430073372 18.000000000000004 
-2 1 0 1.7082891551047867 16.242640687119284 
-2 0 0 1.7082891551047756 16.24264068711928 
-2 -1 0 0.9999999999999999 6.0 
-2 -2 0 0.9999999999999992 6.000000000000001 
-3 3 0 15.0 15.0 
-3 2 0 15.0 15.0 
-3 1 0 7.757359312880714 16.242640687119287 
-3 0 0 7.757359312880716 16.242640687119284 
-3 -1 0 6.0 6.0 
-3 -2 0 6.0 6.0 
