2 6 0 2.0 4.0 
3 6 0 4.0 4.0 
2 5 0 2.0 4.0 
3 5 0 4.0 4.0 
2 4 0 1.505020025917291 9.23606797749979 
3 4 0 4.76393202250021 9.23606797749979 
2 3 0 1.505020025917293 9.236067977499793 
3 3 0 4.76393202250021 9.23606797749979 
2 2 0 2.216279858485717 9.747927523673921 
3 2 0 9.0 9.0 
2 1 0 2.2162798584857173 9.74792752367392 
3 1 0 9.0 9.0 
1 6 0 1.9999999999999998 4.0 
1 5 0 2.0 4.0 
1 4 0 0.5162216087689059 8.410343358614474 
1 3 0 0.5162216087704999 8.41034335781588 
1 2 0 0.45098644686835426 9.747927452461663 
1 1 0 0.4509864468683569 9.747927522149952 
1 0 0 0.6683351600586619 8.593724088206601 
2 0 0 3.4384471871911697 7.999999999999999 
1 -1 0 0.6683351600592613 8.593724088206596 
2 -1 0 3.43844718719117 8.000000000000002 
0 6 0 2.0 4.0 
0 5 0 2.0 4.0 
0 4 0 0.5162216087688997 7.5385501591708675 
0 3 0 0.5162216087689013 7.538550159170865 
0 2 1 0.45098644686835404 9.454460604112038 
0 1 1 0.4509864468683551 9.454460781604054 
0 0 2 0.668335160058663 9.394319314531995 
0 -1 2 0.6683351600586589 9.394319343071318 
0 -2 1 0.8325981838317398 6.801917234541479 
1 -2 0 1.6570769172228301 6.0 
0 -3 1 0.8325981838317411 6.801917234541481 
1 -3 0 1.6570769172228295 6.0 
-1 4 0 3.2679491924311233 6.732050807568877 
-1 3 0 3.267949192431123 6.732050807568877 
-1 2 0 1.7741157227576902 8.717304343370913 
-1 1 0 1.7741157227576907 8.717304343370907 
-1 0 0 1.170233527531028 9.394319352582833 
-1 -1 0 1.1702335275312412 9.394319352517293 
-1 -2 0 0.83259818383174 7.460504870018765 
-1 -3 0 0.8325981838317427 7.460504870018763 
-1 -4 0 1.0 3.0 
0 -4 0 0.9999999999999998 3.0 
-1 -5 0 1.0000000000000002 3.0 
0 -5 0 1.0000000000000002 3.0 
-2 2 0 8.0 8.0 
-2 1 0 8.0 8.0 
-2 0 0 4.669941260432019 9.128419063844577 
-2 -1 0 4.669941260432017 9.128419063844575 
-2 -2 0 3.300371851724683 7.460504870018763 
-2 -3 0 3.3003718517246816 7.460504870018763 
-2 -4 0 3.0 3.0 
-2 -5 0 3.0 3.0 
