0 2 1 2.0 2.0 
1 2 0 2.0 2.0 
0 1 1 2.0000000000000004 2.0000000000000004 
1 1 0 2.0 2.0 
0 0 1 0.6972243622680044 7.23606797749979 
1 0 0 2.7639320225002106 7.23606797749979 
0 -1 1 0.6972243622680045 7.236067977499792 
1 -1 0 2.7639320225002106 7.23606797749979 
0 -2 0 0.26160317386839466 7.999999999999999 
1 -2 0 6.0 6.0 
0 -3 0 0.2616031738683962 8.0 
1 -3 0 6.0 6.0 
-1 0 0 0.697224362268005 6.000000000000001 
-1 -1 0 0.6972243622680052 5.999999999999998 
-1 -2 0 0.26160317386839566 8.0 
-1 -3 0 0.2616031738683956 8.0 
-1 -4 0 0.8751145802354262 5.76155718183189 
0 -4 0 2.0000000000000004 4.0 
-1 -5 0 0.8751145802354259 5.76155718183189 
0 -5 0 2.0 4.0 
-2 0 0 3.0 3.0 
-2 -1 0 3.0 3.0 
-2 -2 0 0.9208811354705225 8.0 
-2 -3 0 0.920881135470522 8.000000000000002 
-2 -4 0 0.8751145802354267 7.541381265149107 
-2 -5 0 0.8751145802354264 7.54138126514911 
-3 -2 0 5.0 5.0 
-3 -3 0 5.0 5.0 
-3 -4 0 1.4586187348508894 7.541381265149109 
-3 -5 0 1.4586187348508899 7.541381265149109 
-3 -6 0 1.0 1.0 
-2 -6 0 1.0 1.0 
-3 -7 0 1.0 1.0 
-2 -7 0 1.0 1.0 
