4 10 0 2.9999999999999996 7.000000000000002 
5 10 0 7.0 7.0 
4 9 0 3.0000000000000004 7.0 
5 9 0 7.0 7.0 
4 8 0 3.056341457948069 12.999999999986526 
5 8 0 8.0 13.0 
4 7 0 3.056341457948086 12.999999999997044 
5 7 0 8.0 12.999999999999998 
4 6 0 4.056341457948506 17.414212592573342 
5 6 0 9.267949192431123 17.414213562373092 
4 5 0 4.0563414579494586 17.41421354010809 
5 5 0 9.267949192431121 17.414213562373092 
4 4 0 5.324290650425735 19.645751271002265 
5 4 0 11.0 18.73205080756888 
4 3 0 5.3242906512873365 19.645751292749665 
5 3 0 11.0 18.73205080756888 
4 2 0 6.818459449731147 17.999999999590095 
5 2 0 17.0 17.0 
4 1 0 6.818459449869679 17.999999999706368 
5 1 0 17.0 17.0 
3 10 0 1.0000000000000033 7.000000000000002 
3 9 0 0.9999999999999996 7.0 
3 8 0 0.999999999999999 12.999999996691184 
3 7 0 1.0000000021440638 12.999999991097802 
3 6 0 1.0000000000274547 17.41421356168327 
3 5 0 1.0000000000448088 17.414213562338656 
3 4 0 2.0000000000007896 19.645751310571335 
3 3 0 2.0000000015894517 19.645751310133555 
3 2 0 3.021477457720516 19.999999999991687 
3 1 0 3.0214774371458444 19.999999999989285 
3 0 0 4.289426626612461 16.718658476033806 
4 0 0 8.550510257216821 15.0 
3 -1 0 4.289426626688804 16.718659269636888 
4 -1 0 8.550510257216821 15.000000000000002 
2 10 0 1.0000000000000002 7.0 
2 9 0 0.9999999999999984 7.000000000000001 
2 8 1 0.9999999999999984 12.156671214634631 
2 7 1 0.9999999999999997 12.156671275212831 
2 6 3 1.139969608126968 16.570884700139143 
2 5 3 0.9999999999999998 16.57088482650304 
2 4 3 0.9129481310781469 19.645751310361288 
2 3 3 1.1399696081269748 19.6457512897516 
2 2 1 0.9129481311927471 19.99999991483976 
2 1 1 0.9129481354287464 19.999999916690676 
2 0 0 1.0214774341694266 17.999999289938415 
2 -1 0 1.0214774341694377 17.999999791194046 
2 -2 0 2.207870931521094 14.804086911449636 
3 -2 0 6.021477434169427 13.75943778688021 
2 -3 0 2.2078709329849704 14.80408679429889 
3 -3 0 6.021477434169418 13.759437786880214 
1 10 0 3.9999999999999996 6.000000000000001 
1 9 0 3.9999999999999996 6.0 
1 8 0 1.5857864376269035 10.999999999951125 
1 7 0 1.5857864376269053 10.999999999632834 
1 6 0 1.0000000017250679 15.57088468272005 
1 5 0 1.0000000000002878 15.570884812375258 
1 4 0 0.9129481320977839 18.802422566025445 
1 3 0 0.9129481339644671 18.802422585783763 
1 2 0 0.91294813129793 19.99999999623727 
1 1 0 0.9129481312174196 19.999999999087446 
1 0 0 1.0214774344662216 19.7186592102689 
1 -1 0 1.0214774349292872 19.717229594896306 
1 -2 0 1.407137632111893 16.759437786017084 
1 -3 0 1.4071376319558182 16.759437783762188 
1 -4 0 2.5935311293002123 12.804086876221222 
2 -4 0 4.021477434169422 11.759437786880207 
1 -5 0 2.593531129358086 12.804086943727665 
2 -5 0 4.021477434169422 11.759437786880211 
0 10 0 4.0 6.0 
0 9 0 3.999999999999999 5.999999999999999 
0 8 0 2.1768766374856696 10.414213562370515 
0 7 0 2.1768766374919264 10.414213562370318 
0 6 0 1.0000000000019684 14.414212996620835 
0 5 0 1.0000000000000335 14.41421355404896 
0 4 2 0.9999999999150285 17.645751297428447 
0 3 2 0.9846475915032653 17.645750858832322 
0 2 6 1.2855750472328444 19.99999985577258 
0 1 6 1.2855750472346432 19.99999999435094 
0 0 6 1.2179229994391427 19.99999877372528 
0 -1 6 1.2179229994391958 19.99999943908583 
0 -2 2 0.7532887354828425 17.804086968349086 
0 -3 2 0.7532887354828439 17.804086982841202 
0 -4 0 1.0000000000001772 14.414213434875903 
0 -5 0 1.0000000000028633 14.414213450029576 
0 -6 0 2.1863934973522894 10.56226520323426 
1 -6 0 4.4071376319485465 9.414213562373098 
0 -7 0 2.1863934973517374 10.562265194138286 
1 -7 0 4.407137631948547 9.4142135623731 
-1 8 0 4.585786437626907 9.414213562373094 
-1 7 0 4.585786437626904 9.41421356237309 
-1 6 0 2.762663075492428 13.146264285123305 
-1 5 0 2.762663076275313 13.14626435399185 
-1 4 0 1.5857864387723881 16.414213248023668 
-1 3 0 1.5857864376275161 16.41421355181153 
-1 2 0 1.139969608128529 19.645751268482865 
-1 1 0 1.1399696081517148 19.64575088654584 
-1 0 0 0.7532887356359836 19.99999997727114 
-1 -1 0 0.7532887354967378 19.999999931914537 
-1 -2 0 0.753288736652158 19.134544552614113 
-1 -3 0 0.75328873598652 19.13454450850104 
-1 -4 0 1.000000000054106 15.56226516199226 
-1 -5 0 1.0000000000363634 15.562265204585755 
-1 -6 0 1.4071376335319652 11.732050804758467 
-1 -7 0 1.4071376388137755 11.732050801858051 
-1 -8 0 4.0 6.0 
0 -8 0 4.0 6.0 
-1 -9 0 3.999999999999999 6.0 
0 -9 0 3.9999999999999996 6.0 
-2 6 0 4.26794919243112 12.146264369941974 
-2 5 0 4.267949192431121 12.146264369941973 
-2 4 0 2.4448258436520582 15.377802000152828 
-2 3 0 2.4448258299167867 15.377802118607827 
-2 2 0 1.176876637494368 17.9999993219093 
-2 1 0 1.1768766374857973 17.999999488051436 
-2 0 1 0.9846475915035258 19.99999999286244 
-2 -1 1 0.984647591503274 19.99999999842646 
-2 -2 3 1.2679491924311292 19.134543857277656 
-2 -3 3 0.9846475915032645 19.134543872795227 
-2 -4 3 1.2855750472328078 16.732050807526885 
-2 -5 3 1.285575047232809 16.73205080713911 
-2 -6 1 0.7532887354828421 11.732050805773966 
-2 -7 1 0.7532887354828404 11.732050795221145 
-2 -8 0 1.000000000000001 7.000000000000001 
-2 -9 0 1.0000000000000007 7.0 
-3 4 0 5.535898384862241 13.732050807568877 
-3 3 0 5.5358983848622465 13.732050807568882 
-3 2 0 3.9555286796447504 16.645751310931914 
-3 1 0 3.9555286796448033 16.64575130971833 
-3 0 0 2.6875794873638603 19.9999999994463 
-3 -1 0 2.6875794890479696 19.999999999499014 
-3 -2 0 1.5400357575113783 19.134544529626883 
-3 -3 0 1.54003575750749 19.134544504433762 
-3 -4 0 0.753288735493615 16.732050308153042 
-3 -5 0 0.7532887355618025 16.73205061191124 
-3 -6 0 0.7532887354828541 12.732050806615607 
-3 -7 0 0.7532887354828448 12.732050715284428 
-3 -8 0 1.0000000000000013 7.0 
-3 -9 0 1.0 7.000000000000002 
-4 2 0 10.267949192431123 15.732050807568877 
-4 1 0 10.267949192431121 15.732050807568879 
-4 0 0 6.818459449647957 17.943238489737354 
-4 -1 0 6.818459449651158 17.94323894354056 
-4 -2 0 5.267949192431335 19.134542553361122 
-4 -3 0 5.267949192431159 19.13454449205386 
-4 -4 0 4.000000000000004 16.73205080464771 
-4 -5 0 4.000000000000007 16.732050804309015 
-4 -6 0 3.0000000000011435 12.732050807568385 
-4 -7 0 3.000000000000113 12.73205080756058 
-4 -8 0 3.0000000000000004 7.0 
-4 -9 0 3.0 7.0 
-5 0 0 17.0 17.0 
-5 -1 0 17.0 17.0 
-5 -2 0 13.0 18.449489742783182 
-5 -3 0 12.999999999999998 18.44948974278318 
-5 -4 0 9.550510257216821 16.732050807568875 
-5 -5 0 9.550510257216821 16.73205080756888 
-5 -6 0 8.000000000000002 12.732050807568877 
-5 -7 0 7.999999999999997 12.732050807568875 
-5 -8 0 7.0 7.0 
-5 -9 0 7.0 7.0 
