3 5 0 3.0 6.0 
4 5 0 6.0 6.0 
3 4 0 2.9999999999999996 6.0 
4 4 0 6.0 6.0 
3 3 0 2.837510781834573 16.89897948556635 
4 3 0 7.1010205144336425 16.89897948556636 
3 2 0 2.837510781833309 16.898979485566354 
4 2 0 7.101020514433647 16.898979485566358 
3 1 0 3.639213003072733 18.8156545147768 
4 1 0 8.87689437438234 17.12310562561766 
3 0 0 3.6392130220851016 18.815654514712207 
4 0 0 8.87689437438234 17.12310562561766 
3 -1 0 5.2490961801240825 17.999999998684686 
4 -1 0 16.0 16.0 
3 -2 0 5.249096180123997 17.999999998195356 
4 -2 0 16.0 16.0 
2 5 0 0.9999999999999993 6.0 
2 4 0 1.0 6.000000000000002 
2 3 0 0.9698251410090981 15.30377224123215 
2 2 0 0.9698251410345068 15.303772073212048 
2 1 0 1.1324092195430628 18.815654513785255 
2 0 0 1.1324092195462103 18.815654508356563 
2 -1 0 1.6601489278612847 19.999999982253108 
2 -2 0 1.6601489279192896 19.999999229356472 
2 -3 0 3.4293563239421347 16.847369222314136 
3 -3 0 7.943939693694011 14.84122207005006 
2 -4 0 3.429356323941994 16.84736922249051 
3 -4 0 7.943939693694011 14.841222070050065 
1 5 0 1.0000000000000004 5.999999999999998 
1 4 0 1.0000000000000002 6.0 
1 3 0 0.3647284941813591 14.26538372546975 
1 2 0 0.3647284942812722 14.26538375730621 
1 1 0 0.41586883155689613 17.35162797287208 
1 0 0 0.4158688315545133 17.351627900190923 
1 -1 0 0.603233101175753 19.999999908977934 
1 -2 0 0.6032331011751336 19.999999450463456 
1 -3 0 0.9929349486712432 17.99999969787401 
1 -4 0 0.9929349487837072 17.999998671434245 
1 -5 0 2.5972995410253743 14.819946938007908 
2 -5 0 5.622102901639625 12.840470012826222 
1 -6 0 2.597299541015643 14.819946940391626 
2 -6 0 5.622102901639629 12.840470012826218 
0 5 0 2.9999999999999996 5.0 
0 4 0 2.9999999999999996 5.0 
0 3 0 0.36472849427720067 12.342739461591398 
0 2 0 0.36472849446854555 12.34273945947346 
0 1 1 0.4158688315544455 16.21444622830615 
0 0 1 0.4158688315544447 16.21444694820116 
0 -1 1 0.31957551439665116 19.32165349234697 
0 -2 1 0.3195755143966538 19.321651603765396 
0 -3 0 0.1878883873445984 19.751857599260674 
0 -4 0 0.18788838734225352 19.75185715920067 
0 -5 0 0.6019422016230478 16.58900019203568 
0 -6 0 0.6019422019403375 16.589000205462785 
0 -7 0 2.408191321578498 12.730172605055492 
1 -7 0 4.417770308865587 10.64214488163307 
0 -8 0 2.408191321578498 12.730172333610376 
1 -8 0 4.417770308865589 10.64214488163307 
-1 3 0 2.382180167971691 9.851672470464987 
-1 2 0 2.3821801679716943 9.851672470464987 
-1 1 0 0.7772091593258825 14.673840461391784 
-1 0 0 0.7772091593401109 14.673841029794712 
-1 -1 0 0.3195755144873407 17.78957932562293 
-1 -2 0 0.3195755146595632 17.789578978023474 
-1 -3 0 0.18788838734107471 19.77050731469562 
-1 -4 0 0.1878883873413513 19.770507597875373 
-1 -5 0 0.5134450462414756 17.759769338296497 
-1 -6 0 0.5134450462375026 17.75977255871226 
-1 -7 0 0.9265300107882264 14.616520168099917 
-1 -8 0 0.9265300093014596 14.616521113774684 
-1 -9 0 3.0000000000000004 9.038443879122559 
0 -9 0 5.0 6.999999999999998 
-1 -10 0 2.999999999999999 9.038443879122564 
0 -10 0 5.000000000000001 7.0 
-2 3 0 6.0 6.0 
-2 2 0 6.0 6.0 
-2 1 0 2.827818618607617 12.747658244432925 
-2 0 0 2.827818618607057 12.747658762898489 
-2 -1 0 1.0262570436035061 16.640445976173318 
-2 -2 0 1.0262570435248834 16.64044740539917 
-2 -3 0 0.6285539854478939 19.77050762264626 
-2 -4 0 0.6285539854519789 19.770507405118334 
-2 -5 0 0.5134450468202548 19.480808678032385 
-2 -6 0 0.513445046247651 19.480808154052593 
-2 -7 0 0.8476776388046832 16.311225523965554 
-2 -8 0 0.8476776386239415 16.311225127777124 
-2 -9 0 1.3839879888787414 12.156979409526862 
-2 -10 0 1.383987988126912 12.156979409526874 
-3 1 0 5.425888944516218 10.211613816228255 
-3 0 0 5.425888944516215 10.211613816228253 
-3 -1 0 3.0611280179432496 14.871639944852996 
-3 -2 0 3.0611279982346975 14.871639944762881 
-3 -3 0 1.4783114644420887 17.999999993977386 
-3 -4 0 1.478311466174153 17.999999555753128 
-3 -5 0 0.9835333657497949 19.99999999426982 
-3 -6 0 0.9835333649582105 19.99999988946592 
-3 -7 0 0.8476776386242942 17.363447487544327 
-3 -8 0 0.8476776386234258 17.36344690571122 
-3 -9 0 1.2959633471308991 13.941252715490204 
-3 -10 0 1.2959633471630532 13.941252714961882 
-3 -11 0 2.0000000000000004 4.999999999999999 
-2 -11 0 4.0 4.0 
-3 -12 0 2.0 5.0 
-2 -12 0 4.0 4.0 
-4 -1 0 6.710054917062521 12.58422544321652 
-4 -2 0 6.7100549170625206 12.58422544321652 
-4 -3 0 3.527628530136457 16.871850449777902 
-4 -4 0 3.527628522317456 16.871850335720787 
-4 -5 0 2.022553226899555 19.999999999983608 
-4 -6 0 2.0225532269062456 19.999999999665768 
-4 -7 0 1.5350425061113913 18.81284746307168 
-4 -8 0 1.5350425063682493 18.812847491095972 
-4 -9 0 1.2959633471436252 14.908221074945821 
-4 -10 0 1.2959633473212342 14.908221073727647 
-4 -11 0 2.0 5.0 
-4 -12 0 1.9999999999999993 5.000000000000001 
-5 -3 0 8.082714006906466 14.0 
-5 -4 0 8.082714006906464 13.999999999999998 
-5 -5 0 4.782616050951906 17.99999999998284 
-5 -6 0 4.782616050951895 17.99999999998706 
-5 -7 0 2.7368835590766922 18.812847890918537 
-5 -8 0 2.736883566824093 18.81284789079749 
-5 -9 0 2.165020403400136 16.48278869267592 
-5 -10 0 2.1650204034000464 16.482788692675914 
-5 -11 0 2.0 5.0 
-5 -12 0 2.0 5.0 
-6 -5 0 15.0 15.0 
-6 -6 0 15.0 15.0 
-6 -7 0 8.11251780630394 16.887482193696066 
-6 -8 0 8.11251780630394 16.88748219369606 
-6 -9 0 6.065721771193354 16.482788692675932 
-6 -10 0 6.0657217711933535 16.482788692675925 
-6 -11 0 5.0 5.0 
-6 -12 0 5.0 5.0 
