5 13 0 2.0 2.0 
6 13 0 2.0 2.0 
5 12 0 2.0 2.0 
6 12 0 2.0 2.0 
5 11 0 0.6246010340572171 12.053754570288582 
6 11 0 2.999999999999999 12.053754570288582 
5 10 0 0.6246010340572176 12.053754570288579 
6 10 0 3.0 12.053754570288584 
5 9 0 1.172634198771874 15.35939792058028 
6 9 0 4.560066896117692 14.623111680650046 
5 8 0 1.1726341987870523 15.359398074215825 
6 8 0 4.560066896117694 14.623111680650045 
5 7 0 2.3052531979741535 17.36756093761572 
6 7 0 6.116837643818262 15.961898367402416 
5 6 0 2.30525319779891 17.367560935145583 
6 6 0 6.116837643818263 15.96189836740242 
5 5 0 3.926972473649681 16.679166339804652 
6 5 0 7.573503697494781 15.144852190758622 
5 4 0 3.9269724736030898 16.67916633992252 
6 4 0 7.573503697494783 15.144852190758622 
5 3 0 5.7946977314920005 15.000000000000007 
6 3 0 12.0 12.0 
5 2 0 5.794697731492003 15.000000000000002 
6 2 0 12.0 12.0 
4 13 0 2.0 2.0 
4 12 0 2.0 2.0 
4 11 0 0.6246010340572157 10.669507816099172 
4 10 0 0.6246010340572176 10.669507816099173 
4 9 1 1.1466940465646953 15.359398073995164 
4 8 1 1.1466940462765391 15.359398074758907 
4 7 1 1.1980163906284482 17.573136778679537 
4 6 1 1.198016390628452 17.573137744840277 
4 5 0 1.0305939292081545 18.251287071654684 
4 4 0 1.030593929208238 18.251287061953583 
4 3 0 2.6442293245330597 16.999999998070567 
4 2 0 2.644229324533054 16.999999995147267 
4 1 0 4.609847153393913 14.0 
5 1 0 9.000000000000002 11.0 
4 0 0 4.609847153393909 14.000000000000002 
5 0 0 8.999999999999998 11.0 
3 11 0 2.2386141352051374 9.199232594564268 
3 10 0 2.2386141352051347 9.199232594564265 
3 9 0 1.146694046335477 13.730277043488377 
3 8 0 1.1466940462781516 13.730276370705482 
3 7 0 0.6777475468786565 17.573137821302627 
3 6 0 0.6777475468757975 17.573137806892245 
3 5 0 0.9096891521167648 19.532223244967188 
3 4 0 0.9096891518678644 19.532250151214484 
3 3 0 2.499581480706976 17.999998059155487 
3 2 0 2.4995814892953363 17.99999986030103 
3 1 0 4.313676998668697 15.832761852004253 
3 0 0 4.313676997238924 15.832761472840662 
3 -1 0 6.3186693563950245 12.645751311064586 
4 -1 0 8.0 8.0 
3 -2 0 6.318669356395025 12.64575131106459 
4 -2 0 8.0 8.0 
2 11 0 5.0 5.0 
2 10 0 5.0 5.0 
2 9 0 1.6984471651330582 12.291829698742543 
2 8 0 1.6984471651331619 12.291829154655696 
2 7 0 0.6777475468036027 16.511334386942746 
2 6 0 0.6777475467995334 16.511334387458003 
2 5 1 0.5447167066219509 19.532249704686365 
2 4 1 0.5447167066219437 19.532250144457695 
2 3 0 0.5466916712090917 19.999999998260595 
2 2 0 0.5466916711845079 19.999999406449113 
2 1 0 1.717142344693213 16.802568551594167 
2 0 0 1.7171423445613254 16.802568108387707 
2 -1 0 3.5249161342836324 13.74412016645508 
2 -2 0 3.5249161343052036 13.74412014567467 
1 11 0 5.0 5.0 
1 10 0 5.0 5.0 
1 9 0 3.1844007756238204 10.052686469044492 
1 8 0 3.1844007756237733 10.052686469044485 
1 7 0 1.3367675318235754 14.739485984629383 
1 6 0 1.3367675318236019 14.73948521652444 
1 5 0 0.5447167066374062 17.828915884929426 
1 4 0 0.5447167066521998 17.82891582254931 
1 3 0 0.2829469778215694 19.999999931479568 
1 2 0 0.2829469777965204 19.999998832437377 
1 1 1 0.6074828654277005 17.787196409286928 
1 0 1 0.6074828654276997 17.787195750981443 
1 -1 0 1.2358003769998507 15.115987782675512 
1 -2 0 1.235800379296404 15.11598782654967 
1 -3 0 2.999749341292354 11.344740059415093 
2 -3 0 5.318669356395023 10.323404276086478 
1 -4 0 2.999749341942826 11.344740059353446 
2 -4 0 5.318669356395023 10.323404276086478 
0 9 0 4.585786437626905 8.414213562373092 
0 8 0 4.585786437626904 8.414213562373096 
0 7 0 2.62831678261694 13.166488052588377 
0 6 0 2.6283167789307753 13.166488051743384 
0 5 0 1.0030170529344105 16.81070363796304 
0 4 0 1.0030170529239186 16.81070361866861 
0 3 1 0.28294697779631617 19.8044330394079 
0 2 1 0.28294697779631545 19.804432790142087 
0 1 3 0.8204025989010691 19.47244622015505 
0 0 3 0.698945866190359 19.472446756265096 
0 -1 2 0.5101479194906566 16.011671446496194 
0 -2 2 1.1883313508026598 16.011671027885832 
0 -3 0 1.2524435030959091 12.718936074402292 
0 -4 0 1.2524435027469318 12.718936075808507 
0 -5 0 3.0 6.0 
1 -5 0 5.0 5.0 
0 -6 0 2.9999999999999996 6.0 
1 -6 0 5.0 5.0 
-1 7 0 5.1715728752538075 11.414213562373098 
-1 6 0 5.17157287525381 11.414213562373094 
-1 5 0 3.1874510941400844 14.69154174439958 
-1 4 0 3.187451094154688 14.69154174046409 
-1 3 0 1.5428481224131774 17.99999991444947 
-1 2 0 1.5428481224160895 17.99999980841728 
-1 1 0 0.8204025989398498 19.999999926110362 
-1 0 0 0.8204025989012221 19.99999984550209 
-1 -1 0 0.5101479194933732 17.117758977811892 
-1 -2 0 0.5101479194913947 17.11775935532447 
-1 -3 0 0.8495422041326169 12.806607694329067 
-1 -4 0 0.8495422041331264 12.806607544226994 
-1 -5 0 2.999999999999999 6.000000000000001 
-1 -6 0 3.0 6.000000000000001 
-2 5 0 6.585786437626905 13.414213562373096 
-2 4 0 6.585786437626904 13.414213562373094 
-2 3 0 3.902976747373481 16.0174618632815 
-2 2 0 3.902976745312749 16.017467582347088 
-2 1 0 2.0348302646864576 19.99999999986691 
-2 0 0 2.0348302646865517 19.999999999974193 
-2 -1 0 1.2024132197100197 18.49395909440958 
-2 -2 0 1.202413219708202 18.493959219243784 
-2 -3 0 0.8495422041394617 13.490807758915121 
-2 -4 0 0.8495422041399424 13.49080775410909 
-2 -5 0 3.0 6.000000000000001 
-2 -6 0 2.999999999999999 6.000000000000001 
-3 3 0 10.585786437626904 15.000000000000002 
-3 2 0 10.585786437626904 15.0 
-3 1 0 6.189681864477395 17.99999999944934 
-3 0 0 6.189681864477395 17.999999984711227 
-3 -1 0 4.500470777776211 18.493959219311638 
-3 -2 0 4.500470769285834 18.493959219311467 
-3 -3 0 3.5573442482401414 14.316624790355231 
-3 -4 0 3.5573442482401885 14.316624790323754 
-3 -5 0 3.000000000000001 6.000000000000001 
-3 -6 0 3.0000000000000004 6.000000000000001 
-4 1 0 16.0 16.0 
-4 0 0 16.0 16.0 
-4 -1 0 11.0 17.0 
-4 -2 0 11.0 17.0 
-4 -3 0 7.6833752096446 14.3166247903554 
-4 -4 0 7.683375209644603 14.316624790355398 
-4 -5 0 6.0 6.0 
-4 -6 0 6.0 6.0 
