7 19 0 1.9999999999999993 4.0 
8 19 0 4.0 4.0 
7 18 0 2.0 4.0 
8 18 0 4.0 4.0 
7 17 0 2.0700264795066716 14.239115125021739 
8 17 0 5.25146821406722 14.23911512502174 
7 16 0 2.070026479509467 14.239115125021742 
8 16 0 5.251468214067217 14.239115125021744 
7 15 0 2.758531692202959 17.160658401813397 
8 15 0 6.610651663771556 16.296818588807696 
7 14 0 2.7585316921987744 17.160658943441653 
8 14 0 6.61065166377156 16.296818588807696 
7 13 0 4.232937329189163 17.625095153187882 
8 13 0 8.475686411229471 16.110100026397426 
7 12 0 4.232937329002132 17.625095215774724 
8 12 0 8.475686411229473 16.110100026397433 
7 11 0 5.891474125150478 15.99999993821965 
8 11 0 14.0 14.0 
7 10 0 5.891474125150485 15.999999997051013 
8 10 0 14.0 14.0 
6 19 0 1.9999999999999998 4.0 
6 18 0 1.9999999999999998 4.0 
6 17 0 0.7700825431242728 13.429793329264175 
6 16 0 0.7700825431242705 13.429793329232258 
6 15 0 0.9505796403130349 17.160658749368455 
6 14 0 0.9505796402933371 17.16065901964221 
6 13 0 1.49626947927269 19.10129030976702 
6 12 0 1.496269479273765 19.101290306605595 
6 11 0 2.911057448840679 17.999999679859545 
6 10 0 2.911057448842787 17.999999839858994 
6 9 0 4.587910100840006 14.810608656818918 
7 9 0 8.438447187191171 13.0 
6 8 0 4.587910114539706 14.810608662947235 
7 8 0 8.43844718719117 13.0 
5 19 0 2.0 4.0 
5 18 0 2.0000000000000004 4.0 
5 17 0 0.7700825431242699 11.882062860151176 
5 16 0 0.7700825431242716 11.88206286013849 
5 15 0 0.2369286699438784 16.32969920469106 
5 14 0 0.23692867006463436 16.329699193575518 
5 13 0 0.4415143414383417 19.10129031130531 
5 12 0 0.44151434143861273 19.101290238355823 
5 11 0 0.7808635494858847 19.999999874370122 
5 10 0 0.7808635494684188 19.99999988553755 
5 9 0 2.1756620130134943 16.813931150684724 
5 8 0 2.1756620079355136 16.81393115501413 
5 7 0 3.972578060080268 13.0672404524377 
6 7 0 7.0 11.561552812808829 
5 6 0 3.9725780513585005 13.067240999779642 
6 6 0 7.000000000000002 11.561552812808829 
4 17 0 1.2590743638558397 8.977695803500058 
4 16 0 1.2590743638558406 8.977695803500065 
4 15 0 0.23692866994183978 14.77710665615092 
4 14 0 0.2369286699419485 14.777107843549366 
4 13 1 0.2290979823371755 18.268877040559634 
4 12 1 0.2290979823371743 18.26887696385428 
4 11 1 0.41276357795151863 19.999999955201247 
4 10 1 0.41276357795151497 19.99999999124562 
4 9 0 0.37265092873059485 18.809647223802408 
4 8 0 0.37265092872439737 18.80964721494266 
4 7 0 1.8556952890881324 14.79346951000662 
4 6 0 1.8556952891323812 14.793469529601534 
4 5 0 4.000000000000001 8.999999999999998 
5 5 0 6.0 8.0 
4 4 0 3.9999999999999973 8.999999999999996 
5 4 0 6.000000000000001 8.000000000000002 
3 15 0 1.254131370495316 12.317437742021276 
3 14 0 1.254131370495315 12.317437742651745 
3 13 0 0.2290979823419311 16.760295144837162 
3 12 0 0.22909798234313367 16.76029493742703 
3 11 1 0.41276357795151286 19.5834035434688 
3 10 1 0.41276357795151447 19.583402807663813 
3 9 0 0.21829163975828356 19.99999855780895 
3 8 0 0.2182916396260814 19.999999922820386 
3 7 0 0.9194058073885158 16.6124993013854 
3 6 0 0.9194058074420504 16.61250002353911 
3 5 0 2.6813778104204737 11.985242011196013 
3 4 0 2.6813778104269734 11.985242011196007 
2 15 0 5.000000000000001 7.0 
2 14 0 5.000000000000001 6.999999999999999 
2 13 0 1.5781114631671824 14.99999928782054 
2 12 0 1.5781114631686044 14.999999965537945 
2 11 0 0.5787998575879513 18.84306265320683 
2 10 0 0.5787998575884523 18.84306093382617 
2 9 0 0.21829163964095508 19.99999850429327 
2 8 0 0.21829163964811796 19.999999867820875 
2 7 1 0.7327257247651504 18.745287824946715 
2 6 1 0.7327257247651482 18.74528769984489 
2 5 0 1.1540703258136398 14.107951309050703 
2 4 0 1.154070325813629 14.107951308978373 
1 13 0 5.475434932075283 11.795862283097561 
1 12 0 5.475434932075283 11.795862283097561 
1 11 0 2.012853845276577 16.999998830714258 
1 10 0 2.012853845328987 16.999999035614938 
1 9 0 0.9683861023851709 19.779209178115877 
1 8 0 0.9683861023817094 19.77921015618193 
1 7 0 0.24174983492676644 19.40979914047043 
1 6 0 0.24174983493182559 19.409799116549387 
1 5 0 0.5646844520235339 16.077707767242693 
1 4 0 0.5646844520216814 16.07770779109474 
1 3 0 1.5074993178926137 9.560445162812433 
2 3 0 3.0 4.999999999999999 
1 2 0 1.5074993178926146 9.560445162812432 
2 2 0 3.0 5.0 
0 13 0 8.0 8.0 
0 12 0 8.0 8.0 
0 11 0 4.641552801143642 13.809785920127425 
0 10 0 4.641552801143643 13.80978592012742 
0 9 0 1.2724079738613692 18.999999835701892 
0 8 0 1.2724079738613776 18.999999880690822 
0 7 0 0.24174983489859272 19.40979915968736 
0 6 0 0.24174983489689902 19.409795663990575 
0 5 1 0.5646844520216654 18.047857071646817 
0 4 1 0.564684452021666 18.047857161242426 
0 3 1 1.181734422826002 11.454573891584632 
0 2 1 1.1817344228259994 11.454573891584639 
-1 11 0 9.0 11.0 
-1 10 0 9.0 11.0 
-1 9 0 5.601619808078568 15.143829332415253 
-1 8 0 5.601619808078571 15.143829332415264 
-1 7 0 2.5549760074515158 18.347340941591643 
-1 6 0 2.5549760077770696 18.347340934955053 
-1 5 0 1.5930901856710171 18.04785716008205 
-1 4 0 1.5930901856710094 18.04785716065517 
-1 3 0 1.181734422826001 13.012641760161184 
-1 2 0 1.1817344228260027 13.012641760161193 
-1 1 0 2.0 2.0 
0 1 0 2.0 2.0 
-1 0 0 1.9999999999999998 2.0 
0 0 0 2.0 2.0 
-2 9 0 12.0 12.0 
-2 8 0 12.0 12.0 
-2 7 0 7.6078019130488315 16.146354106139754 
-2 6 0 7.607801913048833 16.14635410613976 
-2 5 0 5.179444841673722 16.02683253629905 
-2 4 0 5.179444841673721 16.026832536299054 
-2 3 0 2.796610115884159 13.012641760161184 
-2 2 0 2.7966101158841594 13.012641760161186 
-2 1 0 2.0 2.0 
-2 0 0 2.0 2.0 
