2 6 0 1.0 1.0 
3 6 0 1.0 1.0 
2 5 0 1.0 1.0 
3 5 0 1.0 1.0 
2 4 0 0.4158894331922695 8.858572526849558 
3 4 0 1.8082300898896397 8.85857252684956 
2 3 0 0.41588943319227045 8.858572526849555 
3 3 0 1.808230089889639 8.858572526849562 
2 2 0 0.6008891234933965 11.726348350865626 
3 2 0 3.091702947461554 10.98827769672112 
2 1 0 0.6008891235001284 11.726347853439538 
3 1 0 3.091702947461555 10.988277696721124 
2 0 0 1.9847456471932734 12.288791569966921 
3 0 0 4.59547513586755 10.891288555988037 
2 -1 0 1.984745647200801 12.288791569965118 
3 -1 0 4.595475135867551 10.891288555988037 
2 -2 0 3.8079863589534773 10.018181699520916 
3 -2 0 8.0 8.0 
2 -3 0 3.807986358953476 10.018181699520918 
3 -3 0 8.0 8.0 
1 4 0 0.41588943319226906 6.93503751186325 
1 3 0 0.41588943319226873 6.935037511863251 
1 2 1 0.6008891234894316 11.7263486877484 
1 1 1 0.6008891234894287 11.726348687755099 
1 0 1 0.9909948497264962 13.709258648148095 
1 -1 1 0.990994849726496 13.709258660966618 
1 -2 0 1.7812456946653028 11.999998897424526 
1 -3 0 1.781245700254603 11.99999997025212 
1 -4 0 3.9999999999999987 8.732050807568877 
2 -4 0 6.0 6.0 
1 -5 0 3.9999999999999987 8.732050807568875 
2 -5 0 6.0 6.0 
0 4 0 3.0 3.0 
0 3 0 3.0 3.0 
0 2 0 0.8535503324454984 9.99999999980605 
0 1 0 0.8535503324683374 10.000000000000002 
0 0 0 0.2997197064068201 13.709258664440767 
0 -1 0 0.2997197064068188 13.709258644588202 
0 -2 0 0.5593816629481888 13.999999999462132 
0 -3 0 0.5593816628884457 13.999999999952498 
0 -4 0 2.1483343559975006 9.854058182171757 
0 -5 0 2.148334355997501 9.854058182171755 
-1 2 0 2.463779587900981 7.566540854411102 
-1 1 0 2.4637795879009805 7.5665408544111035 
-1 0 0 0.2997197064068421 11.999999966596285 
-1 -1 0 0.299719706406815 11.999999983826783 
-1 -2 2 0.559381662888435 13.999999998160046 
-1 -3 2 0.7723114615550769 13.999999998525206 
-1 -4 2 1.028154824975891 11.99999999981343 
-1 -5 2 1.0281548249758916 11.999999997143377 
-1 -6 0 2.0 4.999999999999999 
0 -6 0 4.0 4.0 
-1 -7 0 2.0 4.999999999999999 
0 -7 0 4.0 4.0 
-2 0 0 3.572121127629257 10.000000000000005 
-2 -1 0 3.5721211276292566 10.0 
-2 -2 0 1.227729962014567 13.999999999992891 
-2 -3 0 1.2277299620149156 13.99999943554547 
-2 -4 0 0.27017871830032053 13.382589063595045 
-2 -5 0 0.2701787183003119 13.382589490662504 
-2 -6 0 0.657766386890974 9.546076590357794 
-2 -7 0 0.6577663868909724 9.546076590357794 
-3 0 0 5.0 7.0 
-3 -1 0 4.999999999999999 7.0 
-3 -2 0 1.9100811328895015 12.000000000000002 
-3 -3 0 1.9100811328895027 12.0 
-3 -4 0 0.2701787183003091 13.382589481733577 
-3 -5 0 0.2701787183004486 13.382589490609679 
-3 -6 1 0.6577663868909739 11.053754570288582 
-3 -7 1 0.6577663868909732 11.05375457028858 
-4 -2 0 9.0 9.0 
-4 -3 0 9.0 9.0 
-4 -4 0 4.258342613226057 11.741657386773944 
-4 -5 0 4.258342613226059 11.74165738677394 
-4 -6 0 2.554061477796152 11.053754570288582 
-4 -7 0 2.5540614777961492 11.05375457028858 
-4 -8 0 2.0 2.0 
-3 -8 1 2.0 2.0 
-4 -9 0 2.0 2.0 
-3 -9 1 2.0 2.0 
