5 11 0 5.0 5.000000000000001 
6 11 0 5.0 5.0 
5 10 0 5.0 5.0 
6 10 0 5.0 5.0 
5 9 0 3.0551362804054354 15.782416251492341 
6 9 0 6.1481948094769585 15.78241625149234 
5 8 0 3.0551362804054287 15.782416251492341 
6 8 0 6.14819480947696 15.782416251492347 
5 7 0 4.111098855016408 18.679240171076767 
6 7 0 8.67672702949723 16.69621206568944 
5 6 0 4.11109887244631 18.679241228039974 
6 6 0 8.676727029497231 16.696212065689437 
5 5 0 5.998652676269175 17.9999999999907 
6 5 0 15.0 15.0 
5 4 0 5.998652676269173 17.99999999999598 
6 4 0 15.0 15.0 
4 11 0 5.0 5.0 
4 10 0 5.0 5.0 
4 9 0 2.9253010253401626 15.644375881491417 
4 8 0 2.925301024459389 15.644375881558588 
4 7 0 2.068118096672116 18.679241497048885 
4 6 0 2.0681180924269924 18.679241521608006 
4 5 0 2.597405153909583 19.999999895130586 
4 4 0 2.5974051585960085 19.999999998203073 
4 3 0 4.373091754900354 16.999999997426155 
5 3 0 9.999999999999998 14.000000000000002 
4 2 0 4.373091754276396 16.999999999152756 
5 2 0 10.000000000000002 14.0 
3 11 0 5.0 5.0 
3 10 0 5.0 5.0 
3 9 0 2.925301024471034 13.880226774133122 
3 8 0 2.9253010246254427 13.880226774168078 
3 7 0 1.8684390942402056 17.977198269640535 
3 6 0 1.8684391022172386 17.977198557003447 
3 5 0 1.318144260037554 19.999999988267597 
3 4 0 1.31814426026277 19.99999999942869 
3 3 0 1.6856227342692527 18.851873075215092 
3 2 0 1.685622734269091 18.851873072856716 
3 1 0 3.6113275295444494 15.809561653416402 
4 1 0 8.000000000000002 13.0 
3 0 0 3.611327529561688 15.809561651560971 
4 0 0 8.0 13.000000000000002 
2 11 0 5.0 5.0 
2 10 0 5.0 5.0 
2 9 0 2.9346866480124643 13.010535054732225 
2 8 0 2.9346866479903615 13.010535055065167 
2 7 0 1.7151047373777493 16.342471708089946 
2 6 0 1.7151047435164242 16.342471172469992 
2 5 0 1.0084549601254076 19.110411772412448 
2 4 0 1.0084549601838881 19.110412518646655 
2 3 0 0.8755581476382391 19.641799932064124 
2 2 0 0.8755581476448143 19.64179936704024 
2 1 0 1.0984059158215869 16.764678563393666 
2 0 0 1.0984059185109873 16.764679020426517 
2 -1 0 2.9720173839879123 13.70919981455989 
3 -1 0 6.186393497351668 11.000000000000004 
2 -2 0 2.9720173845671005 13.709199815826791 
3 -2 0 6.186393497351669 11.0 
1 11 0 5.0 5.0 
1 10 0 5.0 5.0 
1 9 0 2.9658333575651166 11.034478109491895 
1 8 0 2.9658333578667637 11.034478109492177 
1 7 0 1.7151047365149745 15.268790989703351 
1 6 0 1.7151047336807652 15.268790987306126 
1 5 0 0.5219231813053365 18.413429646142315 
1 4 0 0.5219231812913141 18.413429327330423 
1 3 0 0.35813077695685147 19.641800048962455 
1 2 0 0.3581307767120452 19.6417863003311 
1 1 0 0.27511798353796835 18.41954720257406 
1 0 0 0.2751179834607693 18.41954800384716 
1 -1 0 0.5688815034673306 15.222420347513884 
1 -2 0 0.5688815034808449 15.222420347328491 
1 -3 0 2.4387481863700664 10.966401279355194 
2 -3 0 5.381966011250104 8.618033988749895 
1 -4 0 2.4387481863700295 10.966401254235704 
2 -4 0 5.381966011250105 8.61803398874989 
0 9 0 3.7444642121366387 9.219773869603372 
0 8 0 3.7444642121366405 9.219773869603374 
0 7 0 1.724408038406685 13.70732998943208 
0 6 0 1.724408038409573 13.707330137314838 
0 5 0 0.5219231812897325 16.711092675983018 
0 4 0 0.5219231812918651 16.711093661960394 
0 3 1 0.35813077671180316 19.612362837405133 
0 2 1 0.3581307767118086 19.612363636124556 
0 1 3 0.6495470516367318 19.220769974452317 
0 0 3 0.6736913464293744 19.22076855374399 
0 -1 3 0.6001945581686654 16.449164605014552 
0 -2 3 0.6001945581686631 16.44916406476056 
0 -3 1 0.7664037339814905 12.959612434067223 
0 -4 1 0.7664037339814912 12.959612434320718 
0 -5 0 1.9999999999999991 6.618033988749895 
1 -5 0 5.0 5.0 
0 -6 0 2.0000000000000004 6.618033988749897 
1 -6 0 5.0 5.0 
-1 7 0 4.1708151254962855 12.000000000000002 
-1 6 0 4.170815125496282 11.999999999999998 
-1 5 0 2.336797417952857 15.847278514377237 
-1 4 0 2.336797417931644 15.84727926656026 
-1 3 0 1.2412014718471456 18.882460135713536 
-1 2 0 1.2412014718472812 18.882460241566722 
-1 1 0 0.8570386250378661 19.7616968587223 
-1 0 0 0.8570386249815406 19.76169727276109 
-1 -1 0 0.6001945582507245 17.96182086095492 
-1 -2 0 0.6001945581709678 17.96182037988075 
-1 -3 0 0.7664037340966997 14.420439587920914 
-1 -4 0 0.7664037345235777 14.420439585656357 
-1 -5 0 1.9999999999999998 7.000000000000001 
-1 -6 0 2.0000000000000013 6.999999999999998 
-2 5 0 5.178306161679334 14.0 
-2 4 0 5.178306161679338 13.999999999999998 
-2 3 0 3.3613735723277687 16.999999971312157 
-2 2 0 3.361373572328416 16.999999908032457 
-2 1 0 2.2855283310071446 19.76169745174923 
-2 0 0 2.285528330519735 19.76169745161947 
-2 -1 0 1.6760435132189977 19.113303318104805 
-2 -2 0 1.676043519452404 19.11330307911759 
-2 -3 0 1.4326860435299607 15.969947976016972 
-2 -4 0 1.4326860436015807 15.96994797403905 
-2 -5 0 2.0000000000000018 7.000000000000003 
-2 -6 0 1.9999999999999993 7.000000000000003 
-3 3 0 7.761860637298005 16.0 
-3 2 0 7.761860637298005 16.0 
-3 1 0 5.149623159182139 18.999999975656053 
-3 0 0 5.149623159181933 18.999999995332313 
-3 -1 0 3.9385151513102286 19.11330371682631 
-3 -2 0 3.938515151310241 19.113303716825552 
-3 -3 0 3.134719911108659 17.571161720518635 
-3 -4 0 3.134719913093336 17.57116172052 
-3 -5 0 3.3819660112501038 7.000000000000002 
-3 -6 0 3.381966011250105 7.000000000000001 
-4 1 0 17.0 17.0 
-4 0 0 17.0 17.0 
-4 -1 0 9.346688068540963 17.653311931459033 
-4 -2 0 9.346688068540963 17.653311931459037 
-4 -3 0 7.826532439351193 17.571161720520106 
-4 -4 0 7.826532439351196 17.571161720520106 
-4 -5 0 7.0 7.0 
-4 -6 0 7.0 7.0 
