7 21 0 3.0 3.0 
8 21 0 3.0 3.0 
7 20 0 3.0 3.0 
8 20 0 3.0 3.0 
7 19 0 1.3994637536655403 10.06124185239381 
8 19 0 4.000000000000001 10.061241852393813 
7 18 0 1.3994637536655399 10.061241852393813 
8 18 0 4.0 10.06124185239381 
7 17 0 1.6771983348709165 13.149550042898479 
8 17 0 5.344557618450171 12.90023226149091 
7 16 0 1.6771983322534878 13.149550048630243 
8 16 0 5.344557618450168 12.90023226149091 
7 15 0 2.6704119427869992 15.19428954348152 
8 15 0 6.885183227561132 14.542931402904808 
7 14 0 2.6704119517233784 15.194282915200418 
8 14 0 6.885183227561128 14.542931402904811 
7 13 0 4.267419125898455 14.855625188381797 
8 13 0 8.924059273832595 13.864322535128492 
7 12 0 4.2674191258986065 14.855625184963845 
8 12 0 8.924059273832594 13.864322535128489 
7 11 0 6.348450417902083 13.215026959407227 
8 11 0 12.0 12.0 
7 10 0 6.348450417902088 13.21502700746772 
8 10 0 12.0 12.0 
6 21 0 3.0 3.0 
6 20 0 3.0 3.0000000000000004 
6 19 0 1.3845767582903314 9.900016802742101 
6 18 0 1.38457675829033 9.900016802742106 
6 17 0 0.6315004143798713 13.149550047392447 
6 16 0 0.6315004143791993 13.14955004401927 
6 15 0 0.9852969747518361 15.412681727843989 
6 14 0 0.9852969744557311 15.412682740593297 
6 13 0 1.7909083819195144 16.302530795832965 
6 12 0 1.790908384770828 16.302530795816168 
6 11 0 3.1228438760908426 14.999999669400367 
6 10 0 3.1228438761328854 14.999999367958782 
6 9 0 4.80043054729917 11.896224957139674 
7 9 0 9.0 11.000000000000002 
6 8 0 4.800430547261626 11.896224957132867 
7 8 0 8.999999999999998 10.999999999999998 
5 21 0 3.0 3.0 
5 20 0 3.0 3.0 
5 19 0 1.3845767582903301 7.59402622384014 
5 18 0 1.3845767582903288 7.594026223840144 
5 17 1 0.6315004143788401 12.325096318234563 
5 16 1 0.6315004143788444 12.325096318481632 
5 15 0 0.11915993434092428 15.41268258064006 
5 14 0 0.11915993434655703 15.412682645812934 
5 13 0 0.27275414506289664 17.300725559510774 
5 12 0 0.27275414509496804 17.300725555578698 
5 11 0 1.2123127590736598 15.79631041088161 
5 10 0 1.2123127591181992 15.796310511409839 
5 9 0 2.6403511708236618 12.999999765651587 
5 8 0 2.6403511709315737 12.99999999609773 
5 7 0 4.2013462829287285 10.038800587507607 
6 7 0 7.0 9.0 
5 6 0 4.201346282928726 10.03880058750761 
6 6 0 6.999999999999999 9.000000000000004 
4 19 0 3.1980622641951615 6.80193773580484 
4 18 0 3.198062264195162 6.801937735804839 
4 17 0 1.1752905705025372 10.667186606085709 
4 16 0 1.1752905673028997 10.667186610841634 
4 15 0 0.11915993434107808 14.339752268948939 
4 14 0 0.11915993434586297 14.339752529843164 
4 13 2 0.9254804939937253 17.300725575007107 
4 12 2 0.9254804939896686 17.298497373040483 
4 11 1 0.6191000590484633 17.999999998998124 
4 10 1 0.6191000590484588 17.999999991769318 
4 9 0 1.2669059951019292 14.332175897936748 
4 8 0 1.2669059951115247 14.332177105875449 
4 7 0 2.9721987797925262 10.814011683228616 
4 6 0 2.972198778186491 10.814011632765684 
4 5 0 6.0 6.0 
5 5 0 6.0 6.0 
4 4 0 6.0 6.000000000000001 
5 4 0 6.0 6.0 
3 17 0 3.5474988010855886 9.922012775457393 
3 16 0 3.547498801085591 9.922012775457397 
3 15 0 1.575795234566747 12.81829407273661 
3 14 0 1.575795234565635 12.81829426191061 
3 13 1 1.3594358097111965 15.999999984932487 
3 12 1 1.3594358135806037 15.999999987795475 
3 11 0 0.6191000590486888 17.999999940189692 
3 10 0 0.6191000590489275 17.99999999092624 
3 9 0 1.2669059963652196 15.328983008028635 
3 8 0 1.2669059950996857 15.328983190056091 
3 7 0 2.9501958380802487 12.255258484735299 
3 6 0 2.9501958489173217 12.255258533550323 
3 5 0 6.0 6.0 
3 4 0 6.0 6.0 
2 15 0 4.182124660523605 12.000000000000004 
2 14 0 4.18212466052361 11.999999999999998 
2 13 0 2.2533531452122215 14.776623794673215 
2 12 0 2.253353145212205 14.776623769958837 
2 11 0 1.3295957318159726 17.9999999645729 
2 10 0 1.3295957284238937 17.99999991599229 
2 9 1 1.3276887952694925 17.99999999481476 
2 8 1 1.3276887952694916 17.999999999386343 
2 7 0 1.600304102034722 13.894648158787259 
2 6 0 1.6003041020560347 13.894648177025195 
2 5 0 6.0 6.0 
2 4 0 5.999999999999999 6.000000000000001 
1 13 0 5.401519497396955 13.000000000000002 
1 12 0 5.401519497396949 13.0 
1 11 0 3.4455493624525944 15.999999427126827 
1 10 0 3.4455493579038814 15.999999981526999 
1 9 0 1.5733830305712992 17.999999999238014 
1 8 0 1.5733830305711138 17.999999998212296 
1 7 0 1.6003041048180184 15.273080085474295 
1 6 0 1.6003041045638522 15.273080087421294 
1 5 0 6.0 6.0 
1 4 0 6.0 6.000000000000001 
0 11 0 5.550510257216825 14.0 
0 10 0 5.550510257216822 14.0 
0 9 0 1.5733830305711096 17.99999999999672 
0 8 0 1.5733830305711176 17.999999999931696 
0 7 1 2.562364869761605 16.53112887414927 
0 6 1 2.5623648697616153 16.531128874149278 
0 5 1 6.0 7.0 
0 4 1 6.0 7.0 
-1 9 0 16.0 16.0 
-1 8 0 16.0 16.0 
-1 7 0 8.468871125850725 16.531128874149275 
-1 6 0 8.468871125850725 16.531128874149275 
-1 5 0 7.0 7.0 
-1 4 0 7.0 7.0 
