3 9 0 2.000000000000001 4.0 
4 9 0 4.0 4.0 
3 8 0 2.0 4.0 
4 8 0 4.0 4.0 
3 7 0 1.7581441805582758 9.866198262509021 
4 7 0 5.344557618450168 9.866198262509023 
3 6 0 1.7581441805582798 9.866198262509023 
4 6 0 5.34455761845017 9.866198262509025 
3 5 0 2.612243061821254 12.85790536543237 
4 5 0 7.485863070664708 12.086130197651496 
3 4 0 2.6122430618697434 12.857905220163586 
4 4 0 7.485863070664709 12.086130197651494 
3 3 0 4.114643247855376 11.977675409520932 
4 3 0 11.0 11.0 
3 2 0 4.114643247855379 11.97767540952093 
4 2 0 11.0 11.0 
2 9 0 1.9999999999999998 4.0 
2 8 0 1.9999999999999998 4.0 
2 7 0 0.8245277471490281 9.740079071727804 
2 6 0 0.8245277477991336 9.740079071765432 
2 5 0 0.6618889781866718 12.857905365426573 
2 4 0 0.6618889781631506 12.857905364949662 
2 3 0 1.0903307129791933 13.999999999998684 
2 2 0 1.0903307129831863 13.999999980265097 
2 1 0 2.567734545451054 10.838028675743395 
3 1 0 6.267949192431123 9.732050807568877 
2 0 0 2.5677345454510543 10.838028675691428 
3 0 0 6.2679491924311215 9.732050807568877 
1 9 0 1.9999999999999996 4.0 
1 8 0 2.0 4.0 
1 7 0 0.8245277463581611 8.584698407601921 
1 6 0 0.824527746358141 8.584698458497448 
1 5 1 0.6618889781590707 12.16822862017381 
1 4 1 0.6618889781590698 12.168228920034426 
1 3 2 1.271097601192596 13.999999989454505 
1 2 2 1.090330712979152 13.999999997102778 
1 1 1 0.9614051572860676 12.80113073635613 
1 0 1 0.9614051572860642 12.801130810360402 
1 -1 0 1.194621586885849 9.333374506960608 
2 -1 0 4.267949192431122 7.732050807568878 
1 -2 0 1.1946215868858445 9.333374506960608 
2 -2 0 4.267949192431122 7.732050807568877 
0 7 0 2.407137631948546 7.414213562373095 
0 6 0 2.4071376319485447 7.414213562373094 
0 5 0 1.3797129558345558 10.833044926192448 
0 4 0 1.3797129558365564 10.833044911997186 
0 3 0 0.6636682933969684 13.465604367163113 
0 2 0 0.6636682934019598 13.46560436834689 
0 1 0 0.5654728178253818 13.364034194921317 
0 0 0 0.5654728178248933 13.364034624230923 
0 -1 0 0.9015013680089372 10.628911890095466 
0 -2 0 0.9015013680089531 10.62891195678335 
0 -3 0 2.9999999999999996 5.0 
1 -3 0 3.0 5.0 
0 -4 0 2.9999999999999996 5.0 
1 -4 0 2.9999999999999996 5.0 
-1 5 0 2.021477434169423 9.75943778688021 
-1 4 0 2.021477434169422 9.759437786880207 
-1 3 0 0.6636682932417567 12.731336958256282 
-1 2 0 0.6636682932417578 12.7313369581145 
-1 1 1 0.5654728178248913 13.734628369998724 
-1 0 1 0.5654728178248883 13.73462837078645 
-1 -1 2 0.9015013680089364 11.887508457374699 
-1 -2 2 0.901501368008938 11.88750843826883 
-1 -3 1 2.0 6.0 
-1 -4 1 2.000000000000001 6.0 
-2 3 0 4.550510257216823 11.0 
-2 2 0 4.550510257216822 11.000000000000002 
-2 1 0 2.8707918600967597 13.734628382325877 
-2 0 0 2.8707918600967566 13.734628382325873 
-2 -1 0 2.0388359775036062 13.162277660168375 
-2 -2 0 2.0388359775036062 13.162277660168373 
-2 -3 0 2.0000000000000013 6.000000000000001 
-2 -4 0 1.9999999999999998 6.000000000000001 
-3 1 0 13.0 13.0 
-3 0 0 13.0 13.0 
-3 -1 0 6.837722339831622 13.162277660168378 
-3 -2 0 6.837722339831622 13.162277660168378 
-3 -3 0 6.0 6.0 
-3 -4 0 6.0 6.0 
