0 2 0 1.0 1.0 
1 2 0 1.0 1.0 
0 1 0 1.0 1.0 
1 1 0 1.0 1.0 
0 0 1 1.1791777241177936 5.947412642480455 
1 0 0 1.1791777241177939 5.947412642480456 
0 -1 1 1.1791777241177936 5.947412642480455 
1 -1 0 1.1791777241177939 5.947412642480456 
0 -2 1 0.8418478599176877 8.745056696701642 
1 -2 0 1.7591686097490309 8.621322626914178 
0 -3 1 0.84184785991769 8.745056696701 
1 -3 0 1.7591686097490309 8.621322626914177 
0 -4 0 0.6004287615143297 8.92557475380119 
1 -4 0 3.4964955010604717 8.19116857593862 
0 -5 0 0.6004287615143296 8.925574745473364 
1 -5 0 3.4964955010604726 8.19116857593862 
0 -6 0 1.6942020218829381 8.0 
1 -6 0 6.0 6.0 
0 -7 0 1.694202021882938 7.999999999999999 
1 -7 0 6.0 6.0 
-1 0 0 2.2679491924311224 5.732050807568877 
-1 -1 0 2.267949192431123 5.7320508075688785 
-1 -2 0 0.8418478606052797 8.745056696652185 
-1 -3 0 0.841847859960559 8.745056696695865 
-1 -4 0 0.6004287628114214 9.749180256843207 
-1 -5 0 0.6004287615143296 9.749180316290273 
-1 -6 0 1.6729263532098726 8.725546556689636 
-1 -7 0 1.6729263532098695 8.725546609290586 
-1 -8 0 3.9999999999999996 6.0 
0 -8 0 4.0 4.0 
-1 -9 0 3.9999999999999996 6.0 
0 -9 0 4.0 4.0 
-2 0 0 3.0 3.0 
-2 -1 0 3.0 3.0 
-2 -2 0 0.965898403519399 7.7320508075688785 
-2 -3 0 0.9658984035193995 7.732050807568877 
-2 -4 1 1.1830571510173102 9.74918033226501 
-2 -5 1 1.1830571510173065 9.74918033226521 
-2 -6 1 1.0243514816435273 9.366019428371654 
-2 -7 1 1.02435148164353 9.366019427617472 
-2 -8 0 0.8051076959747275 7.403861750490534 
-2 -9 0 0.8051076959747256 7.403861750490533 
-3 -2 0 5.0 5.0 
-3 -3 0 4.999999999999999 5.0 
-3 -4 0 2.1076772426671257 9.0 
-3 -5 0 2.107677242667124 9.000000000000002 
-3 -6 0 1.0243514816435246 9.366019428379774 
-3 -7 0 1.0243514816435242 9.366019428379767 
-3 -8 0 0.8051076959747273 7.449489742783179 
-3 -9 0 0.8051076959747286 7.449489742783178 
-3 -10 0 2.0 2.0 
-2 -10 0 2.0 2.0 
-3 -11 0 2.0 2.0 
-2 -11 0 2.0 2.0 
-4 -4 0 7.0 7.0 
-4 -5 0 7.0 7.0 
-4 -6 0 4.096788074088447 8.709275359436923 
-4 -7 0 4.096788074088446 8.70927535943692 
-4 -8 0 2.5505102572168226 7.449489742783178 
-4 -9 0 2.5505102572168212 7.449489742783178 
-4 -10 0 2.0 2.0 
-4 -11 0 2.0 2.0 
