2 4 0 0.9138698023485053 6.000000000000001 
3 4 0 6.0 6.0 
2 3 0 0.9138698023485049 5.999999999999999 
3 3 0 6.0 6.0 
2 2 0 1.2099089444746418 14.605551275463979 
3 2 0 7.394448724536012 14.60555127546399 
2 1 0 1.2099089444746367 14.605551275463982 
3 1 0 7.394448724536009 14.60555127546399 
2 0 0 2.4407899383414597 15.999999999999996 
3 0 0 14.0 14.0 
2 -1 0 2.4407899383414673 15.999999999999998 
3 -1 0 14.0 14.0 
1 4 0 0.9138698023485051 5.514136929335292 
1 3 0 0.9138698023485062 5.51413692933529 
1 2 0 0.9374175849777663 13.175089389644725 
1 1 0 0.9374175849776829 13.17508938965571 
1 0 0 1.1002566915214984 15.999999957037693 
1 -1 0 1.1002566915184548 15.999999995945194 
1 -2 0 1.898625318615942 13.999999989057121 
2 -2 0 5.068369980122043 12.0 
1 -3 0 1.8986253186224438 13.999999995169986 
2 -3 0 5.068369980122043 12.0 
0 4 0 2.9999999999999996 5.0 
0 3 0 2.9999999999999996 5.0 
0 2 1 0.9374175849776578 12.02947986238031 
0 1 1 0.9374175849776561 12.029479510375328 
0 0 1 0.18148013485947487 15.659183505959465 
0 -1 1 0.1814801348594774 15.659183505190606 
0 -2 0 0.12565486360660869 15.914379675887414 
0 -3 0 0.12565486360661265 15.914379675118456 
0 -4 0 1.3424535528248651 12.769801480109175 
1 -4 0 3.6582127306581094 10.75937365246892 
0 -5 0 1.3424535528248651 12.769801587791864 
1 -5 0 3.658212730658109 10.75937365246892 
-1 4 0 3.0 5.0 
-1 3 0 3.0 5.0 
-1 2 0 1.240844747505535 11.194908953270884 
-1 1 0 1.2408447475055173 11.194908953270847 
-1 0 0 0.18148013486147768 13.649717663464676 
-1 -1 0 0.1814801348595983 13.649717582842303 
-1 -2 0 0.12565486361265985 15.99999953372734 
-1 -3 0 0.1256548636095845 15.999999981215536 
-1 -4 0 0.19723108698015393 13.705463138045848 
-1 -5 0 0.19723108700685654 13.705463094927559 
-1 -6 0 1.0478981490610173 10.215922207949777 
0 -6 0 3.4071376319485465 8.414213562373094 
-1 -7 0 1.0478981490595578 10.215922199945599 
0 -7 0 3.407137631948546 8.414213562373096 
-2 2 0 3.4754349320752818 9.795862283097557 
-2 1 0 3.4754349320752804 9.795862283097554 
-2 0 0 1.6194814476174462 12.522184048803707 
-2 -1 0 1.619481445146967 12.52218409835216 
-2 -2 0 0.3524188199905844 15.999999579009783 
-2 -3 0 0.3524188199789555 15.999999999815735 
-2 -4 0 0.19723108698175726 15.394432453701526 
-2 -5 0 0.19723108698015457 15.386993713118551 
-2 -6 0 0.6031914813934024 12.316432613985642 
-2 -7 0 0.6031914815103696 12.316432554618633 
-2 -8 0 1.6139268757522163 6.838971863588437 
-1 -8 0 3.0000000000000004 5.0 
-2 -9 0 1.6139268757522158 6.838971863588438 
-1 -9 0 3.0 5.0 
-3 2 0 6.0 6.0 
-3 1 0 6.0 6.0 
-3 0 0 3.927875266564104 11.80978592012742 
-3 -1 0 3.9278752665641017 11.809785920127418 
-3 -2 0 2.115279620571769 13.925294254672806 
-3 -3 0 2.1152796239663987 13.895160257527438 
-3 -4 0 0.6562988597102674 15.394432453828141 
-3 -5 0 0.6562988597098262 15.394432443330624 
-3 -6 0 0.603191481393689 13.198861913219012 
-3 -7 0 0.6031914813943329 13.198862033377564 
-3 -8 0 0.9663968223221375 9.32291904834941 
-3 -9 0 0.966396822322137 9.32291904834941 
-4 0 0 8.0 8.0 
-4 -1 0 8.0 8.0 
-4 -2 0 4.099004413601025 13.000000000000004 
-4 -3 0 4.099004413601033 13.000000000000002 
-4 -4 0 2.4643595098978226 14.324631152081405 
-4 -5 0 2.464359509617114 14.324630927396175 
-4 -6 0 1.5646901229250023 13.198861742842702 
-4 -7 0 1.5646901229250005 13.198862034441612 
-4 -8 0 0.9663968223221361 10.192582403567256 
-4 -9 0 0.9663968223221373 10.192582403567254 
-4 -10 0 2.0 2.0 
-3 -10 0 2.0 2.0 
-4 -11 0 2.0 2.0 
-3 -11 0 2.0 2.0 
-5 -2 0 10.0 10.0 
-5 -3 0 10.0 10.0 
-5 -4 0 5.697224362268005 12.618033988749895 
-5 -5 0 5.697224362268006 12.618033988749893 
-5 -6 0 3.5878434279901854 12.97223466073691 
-5 -7 0 3.587843427990185 12.97223466073691 
-5 -8 0 2.3819660112501047 10.19258240356725 
-5 -9 0 2.3819660112501047 10.192582403567252 
-5 -10 0 2.0 2.0 
-5 -11 0 2.0 2.0 
