1 3 0 2.0000000000000004 6.0 
2 3 0 6.0 6.0 
1 2 0 2.0 6.000000000000001 
2 2 0 6.0 6.0 
1 1 0 2.000000000000001 9.999999999999998 
2 1 0 6.585786437626908 9.999999999999998 
1 0 0 2.000000000000001 10.0 
2 0 0 6.585786437626905 10.0 
1 -1 0 2.5857864376476694 13.414213562356817 
2 -1 0 9.0 13.414213562373098 
1 -2 0 2.5857864376269073 13.414213562370197 
2 -2 0 8.999999999999998 13.414213562373096 
1 -3 0 3.8537356300580305 13.561552812808829 
2 -3 0 13.0 13.0 
1 -4 0 3.8537356300580243 13.561552812808833 
2 -4 0 13.0 13.0 
0 3 1 2.0 5.999999999999998 
0 2 1 2.000000000000001 6.0 
0 1 3 2.0000000000000098 9.999999999812022 
0 0 3 2.000000000000005 9.999999999865988 
0 -1 3 1.43844718719123 13.414213441548295 
0 -2 3 1.4384471871911704 13.41421328140803 
0 -3 1 0.7639320225002095 13.99999999974344 
0 -4 1 0.7639320225002091 13.999999992973205 
0 -5 0 0.9999999999999999 12.645751307347544 
1 -5 0 6.2679491924311215 11.0 
0 -6 0 0.9999999999999988 12.645751310614271 
1 -6 0 6.2679491924311215 11.000000000000002 
-1 3 0 2.9999999999999996 5.000000000000001 
-1 2 0 2.999999999999999 5.0 
-1 1 0 1.1863934973516705 9.999999999936005 
-1 0 0 1.186393498864655 9.999999999999357 
-1 -1 0 0.7639320225101759 13.414213562367227 
-1 -2 0 0.7639320225012703 13.414213562371549 
-1 -3 0 0.7639320225005656 13.999999999817497 
-1 -4 0 0.763932022583021 13.999999999892356 
-1 -5 0 1.0000000000001832 13.207304123766567 
-1 -6 0 1.000000000000067 13.207304123861256 
-1 -7 0 1.5857864376269075 10.645751311064586 
0 -7 0 2.2679491924311224 9.414213562373098 
-1 -8 0 1.5857864376269966 10.645751311064581 
0 -8 0 2.2679491924311206 9.414213562373096 
-2 3 0 3.000000000000001 5.0 
-2 2 0 3.0000000000000004 4.999999999999999 
-2 1 0 1.1863934973516683 8.414213562373096 
-2 0 0 1.1863934973516705 8.414213562373087 
-2 -1 1 1.1863934973516657 12.732050807565562 
-2 -2 1 1.1863934973516659 12.732050807567987 
-2 -3 3 1.1863934973516692 13.99999999984524 
-2 -4 3 1.2679491924311197 13.999999999861874 
-2 -5 3 0.7639320225002129 13.645751309354756 
-2 -6 3 0.7639320225002123 13.645751299539299 
-2 -7 1 0.7639320225002115 10.975766374127744 
-2 -8 1 0.7639320225002072 10.975766372500889 
-2 -9 0 0.9999999999999954 8.414213562373096 
-1 -9 0 2.5857864376269055 7.414213562373096 
-2 -10 0 0.9999999999999989 8.414213562373096 
-1 -10 0 2.585786437626907 7.414213562373096 
-3 1 0 4.267949192431122 7.732050807568877 
-3 0 0 4.267949192431124 7.732050807568876 
-3 -1 0 2.454342689802785 10.732050687525033 
-3 -2 0 2.45434268978912 10.732050490771503 
-3 -3 0 1.2679491942223222 13.999999999999119 
-3 -4 0 1.2679491925179966 13.99999973728272 
-3 -5 0 0.7639320225002205 13.64575131057421 
-3 -6 0 0.7639320225002152 13.645751311042964 
-3 -7 0 0.7639320225005194 11.414213562369863 
-3 -8 0 0.7639320225004383 11.414213562338958 
-3 -9 0 1.0000000000000004 8.414213562373103 
-3 -10 0 0.9999999999999984 8.414213562373098 
-3 -11 0 2.0 4.0 
-2 -11 0 1.9999999999999998 4.0 
-3 -12 0 2.0 4.0 
-2 -12 0 2.0 4.0 
-4 -1 0 6.267949192431122 9.732050807568877 
-4 -2 0 6.267949192431124 9.732050807568877 
-4 -3 0 4.535898384862251 12.0 
-4 -4 0 4.535898384862246 12.000000000000004 
-4 -5 0 3.2679491957784457 13.645751311063453 
-4 -6 0 3.267949196263365 13.645751311062263 
-4 -7 0 2.2679491994150727 11.41421356154227 
-4 -8 0 2.2679491924311233 11.414213561101532 
-4 -9 0 1.76393202250021 8.414213562373098 
-4 -10 0 1.7639320225002109 8.414213562373101 
-4 -11 0 1.9999999999999993 4.0 
-4 -12 0 2.0 4.0 
-5 -3 0 11.0 11.0 
-5 -4 0 11.0 11.0 
-5 -5 0 7.999999999999999 12.732050807568877 
-5 -6 0 8.000000000000002 12.73205080756888 
-5 -7 0 6.2679491924311215 11.414213562373092 
-5 -8 0 6.267949192431123 11.414213562373092 
-5 -9 0 5.0 8.414213562373098 
-5 -10 0 4.999999999999999 8.414213562373092 
-5 -11 0 4.0 4.0 
-5 -12 0 4.0 4.0 
