1 -1 0 5.000000000000001 9.0 
2 -1 0 9.0 9.0 
1 -2 0 5.000000000000002 9.0 
2 -2 0 9.0 9.0 
1 -3 0 4.640445629952821 18.000000000000004 
2 -3 0 18.0 18.0 
1 -4 0 4.640445629952823 17.999999999999996 
2 -4 0 18.0 18.0 
0 -1 0 1.9999999999999998 9.000000000000004 
0 -2 0 2.0000000000000013 9.000000000000004 
0 -3 0 1.7162162850305658 16.566706091126704 
0 -4 0 1.7162162850311957 16.566706090859242 
0 -5 0 2.1985427521594847 17.777438469247727 
1 -5 0 6.610166053717976 16.000000000000004 
0 -6 0 2.198542752159476 17.77740796206357 
1 -6 0 6.610166053717977 16.0 
-1 -1 1 1.9999999999999998 9.0 
-1 -2 1 1.9999999999999973 9.0 
-1 -3 2 0.4081233705524963 15.287018309623965 
-1 -4 2 0.40812337055249354 15.287018309316837 
-1 -5 1 0.3202648739644827 17.777428634706432 
-1 -6 1 0.32026487396448555 17.777438467719033 
-1 -7 0 0.35533868964832166 15.86563889516862 
0 -7 0 3.343120608666706 14.851740935271057 
-1 -8 0 0.3553386896441335 15.865641428887725 
0 -8 0 3.343120608666708 14.851740935271064 
-2 -1 0 2.0000000000000027 8.000000000000002 
-2 -2 0 2.000000000000004 8.000000000000002 
-2 -3 0 0.4081233705531507 14.291193905740128 
-2 -4 0 0.40812337055429604 14.291194641090192 
-2 -5 0 0.32026487396472664 17.393408506170392 
-2 -6 0 0.320264873972935 17.39340841006001 
-2 -7 0 0.35533868975923094 17.56508020013647 
-2 -8 0 0.35533868958365467 17.565080038555205 
-2 -9 0 0.7935606845307119 14.58154648048676 
-1 -9 0 1.3476944100807215 12.850323869485763 
-2 -10 0 0.7935606845405614 14.581546480261306 
-1 -10 0 1.3476944100807153 12.850323793560017 
-3 -1 0 2.9999999999999987 8.0 
-3 -2 0 3.000000000000001 7.999999999999999 
-3 -3 0 1.171750494153557 13.06725027445891 
-3 -4 0 1.1717504941425458 13.067250265856876 
-3 -5 1 1.0032579149852183 15.999999206291122 
-3 -6 1 1.0032579148274592 15.999999346300878 
-3 -7 2 0.6888112380529878 17.999999137391463 
-3 -8 2 0.688811238052989 17.999999986528326 
-3 -9 1 0.29641194778916125 15.638323484726234 
-3 -10 1 0.2964119477891563 15.638322814277252 
-3 -11 0 0.3314365885226184 12.62815486100917 
-2 -11 0 1.6342713499616444 10.659502219885017 
-3 -12 0 0.3314365885208168 12.628154828296596 
-2 -12 0 1.634271349962297 10.659502219894556 
-4 -1 0 5.000000000000001 7.0 
-4 -2 0 5.0 7.0 
-4 -3 0 3.134243125636236 11.857321577973002 
-4 -4 0 3.1342431267429256 11.857321577957839 
-4 -5 0 1.5856375734497739 14.800823355952858 
-4 -6 0 1.5856375734142862 14.80082340785424 
-4 -7 0 0.40281335427469056 17.999999907552553 
-4 -8 0 0.40281335405097135 17.999999947427277 
-4 -9 0 0.29641194784510805 17.138632604325664 
-4 -10 0 0.29641194778916435 17.13259788421647 
-4 -11 0 0.33143658851346924 14.037342043076563 
-4 -12 0 0.3314365885142814 14.037342454941264 
-4 -13 0 0.8024636840648507 9.86003124375063 
-3 -13 0 1.4053070159840038 7.754130509061803 
-4 -14 0 0.802463684064851 9.860031261834756 
-3 -14 0 1.4053070159840033 7.754130509061807 
-5 -3 0 6.0 10.56155281280883 
-5 -4 0 6.0 10.56155281280883 
-5 -5 0 3.8540810398425864 13.809289130771521 
-5 -6 0 3.854081029999106 13.809289366329258 
-5 -7 0 2.1242301478880066 15.999999994112212 
-5 -8 0 2.1242301478859864 15.999999980016275 
-5 -9 0 1.0298138497419806 17.138631930655535 
-5 -10 0 1.0298138496428968 17.138632593737313 
-5 -11 0 0.6892647235377043 15.238377450660682 
-5 -12 0 0.6892647235377088 15.2383774510525 
-5 -13 0 0.8024636840648534 11.44781838789259 
-5 -14 0 0.80246368406485 11.447818387893852 
-5 -15 0 1.9999999999999996 4.0 
-4 -15 0 2.0 4.0 
-5 -16 0 2.0 4.0 
-4 -16 0 2.0 4.0 
-6 -5 0 7.438447187191172 12.0 
-6 -6 0 7.43844718719117 12.000000000000002 
-6 -7 0 5.222195875245003 14.999999999988434 
-6 -8 0 5.222195875245119 14.99999999995798 
-6 -9 0 3.653623101381376 16.280198760112278 
-6 -10 0 3.6536231013811524 16.280198759911094 
-6 -11 0 2.619293616724788 15.23837544783447 
-6 -12 0 2.6192936167276466 15.238377451141321 
-6 -13 0 1.8215316004943634 12.91638155174497 
-6 -14 0 1.8215316004944304 12.916381551744973 
-6 -15 0 1.9999999999999998 4.0 
-6 -16 0 2.0 4.000000000000001 
-7 -7 0 13.0 13.0 
-7 -8 0 13.0 13.0 
-7 -9 0 7.889907928977183 14.62981327169188 
-7 -10 0 7.889907928977186 14.629813271691878 
-7 -11 0 6.298437881283575 14.999999999999998 
-7 -12 0 6.298437881283576 15.0 
-7 -13 0 5.0 12.91638155174497 
-7 -14 0 4.999999999999999 12.916381551744973 
-7 -15 0 4.0 4.0 
-7 -16 0 4.0 4.0 
