1 1 0 1.267949192431124 6.0 
2 1 0 6.0 6.0 
1 0 0 1.2679491924311228 5.999999999999999 
2 0 0 6.0 6.0 
1 -1 0 1.8247831973645132 12.0 
2 -1 0 12.0 12.0 
1 -2 0 1.8247831973645117 12.0 
2 -2 0 12.0 12.0 
0 1 1 1.2679491924311235 5.414213562373097 
0 0 1 1.2679491924311228 5.414213562373094 
0 -1 2 1.6456893418082297 11.40449738064412 
0 -2 2 1.6456893418082295 11.404497307924414 
0 -3 1 0.6410870919421011 11.999999999995481 
1 -3 0 2.889907928977185 10.0 
0 -4 1 0.6410870919421023 11.999999999533351 
1 -4 0 2.8899079289771863 10.0 
-1 1 0 4.0 4.0 
-1 0 0 4.0 4.0 
-1 -1 0 1.6456893418082803 9.822570478172622 
-1 -2 0 1.6456893418082383 9.82257074896889 
-1 -3 0 0.6410870919421057 11.999999995086112 
-1 -4 0 0.6410870919421083 11.999999999790655 
-1 -5 0 1.2943701708772073 9.813745290967955 
0 -5 0 1.2943701708772066 8.0 
-1 -6 0 1.2943701712656916 9.813745290947166 
0 -6 0 1.2943701708772066 8.0 
-2 1 0 4.0 4.0 
-2 0 0 4.0 4.0 
-2 -1 0 1.7226399499488807 8.17744590287315 
-2 -2 0 1.7226399499488811 8.17744590287315 
-2 -3 1 0.9502425663566751 11.999999984640475 
-2 -4 1 0.950242566356674 11.999999932909947 
-2 -5 2 1.5672110374057884 11.275246206098133 
-2 -6 2 1.5672110374057826 11.275246206097677 
-2 -7 1 1.163589129677947 7.378232356811796 
-1 -7 0 2.3819660112501055 5.618033988749895 
-2 -8 1 1.1635891296779488 7.378232356811794 
-1 -8 0 2.381966011250105 5.618033988749895 
-3 -1 0 6.0 6.0 
-3 -2 0 6.0 6.0 
-3 -3 0 3.4010067351302053 9.999999999999998 
-3 -4 0 3.4010067351302067 9.999999999999998 
-3 -5 0 1.5672110374057915 11.275246206098146 
-3 -6 0 1.5672110374057853 11.275246206098144 
-3 -7 0 1.1635891296779486 8.449489742783175 
-3 -8 0 1.1635891296779468 8.44948974278318 
-3 -9 0 2.0 2.0 
-2 -9 0 2.0 2.0 
-3 -10 0 2.0 2.0 
-2 -10 0 2.0 2.0 
-4 -3 0 8.0 8.0 
-4 -4 0 8.0 8.0 
-4 -5 0 4.999999999999999 10.0 
-4 -6 0 5.000000000000001 9.999999999999998 
-4 -7 0 3.550510257216822 8.449489742783179 
-4 -8 0 3.550510257216822 8.449489742783179 
-4 -9 0 2.0 2.0 
-4 -10 0 2.0 2.0 
