1 3 0 2.0 2.0 
2 3 0 2.0 2.0 
1 2 0 2.0 2.0 
2 2 0 2.0 2.0 
1 1 0 0.8268734566035869 10.000000000000002 
2 1 0 3.9999999999999996 10.0 
1 0 0 0.826873456603587 10.000000000000005 
2 0 0 3.9999999999999996 10.0 
1 -1 0 1.3784062011879548 13.31423327165825 
2 -1 0 5.298437881283576 11.701562118716424 
1 -2 0 1.3784062011879579 13.314233271649297 
2 -2 0 5.298437881283577 11.701562118716426 
1 -3 0 3.6204742753252197 11.091547167864496 
2 -3 0 9.0 9.0 
1 -4 0 3.620474275325215 11.09154716786449 
2 -4 0 9.0 9.0 
0 3 0 2.0 2.0 
0 2 0 2.0 2.0 
0 1 1 0.8268734566035857 8.284556847799493 
0 0 1 0.8268734566035869 8.284556847799495 
0 -1 1 0.38497679813866287 13.31423327170415 
0 -2 1 0.3849767981386626 13.314233271181362 
0 -3 0 0.16516753770944242 13.99999986983225 
0 -4 0 0.1651675377290453 13.999999783674872 
0 -5 0 2.89580063043859 10.000000000000005 
1 -5 0 6.000000000000001 8.0 
0 -6 0 2.8958006304385915 10.0 
1 -6 0 6.0 8.0 
-1 1 0 2.510711428189922 7.778457118258389 
-1 0 0 2.510711428189922 7.7784571182583875 
-1 -1 0 0.3849767984084249 11.506958922491043 
-1 -2 0 0.38497679813866104 11.506958639365891 
-1 -3 0 0.1651675377097981 13.999999999986391 
-1 -4 0 0.16516753770971096 13.999999999812777 
-1 -5 0 0.6793508147127638 11.999999998828335 
-1 -6 0 0.6793508144046673 11.999999998061405 
-1 -7 0 3.6570769172228306 7.813606502648329 
0 -7 0 5.0 5.0 
-1 -8 0 3.6570769172228292 7.813606502648332 
0 -8 0 5.0 5.0 
-2 1 0 4.0 4.0 
-2 0 0 4.0 4.0 
-2 -1 0 1.6584292697324956 10.785667011198004 
-2 -2 0 1.658429269732498 10.785667011198003 
-2 -3 1 0.5997516675781328 13.999999999012438 
-2 -4 1 0.599751667578129 13.99999999995272 
-2 -5 1 0.31331610889850103 13.709807035664172 
-2 -6 1 0.3133161088985011 13.709807037337141 
-2 -7 0 0.24488855689356478 9.904318081945124 
-2 -8 0 0.2448885568935641 9.904317975939458 
-3 -1 0 3.9999999999999996 8.732050807568875 
-3 -2 0 4.000000000000003 8.732050807568879 
-3 -3 0 1.9402013384566625 11.999999999986953 
-3 -4 0 1.9402013384567565 11.999999155988274 
-3 -5 0 0.31331610889862105 13.709807032760047 
-3 -6 0 0.3133161088985089 13.709807036147447 
-3 -7 0 0.24488855689361932 11.730249187360242 
-3 -8 0 0.24488855693736952 11.730249187648058 
-3 -9 0 0.3646879588812033 7.204922293319539 
-2 -9 0 3.0 3.0 
-3 -10 0 0.36468795888120403 7.204922293319537 
-2 -10 0 3.0 3.0 
-4 -1 0 6.0 6.0 
-4 -2 0 6.0 6.0 
-4 -3 0 3.868361673617652 10.071891918910788 
-4 -4 0 3.868361673617654 10.071891918910794 
-4 -5 0 2.384861156716566 12.29642386759085 
-4 -6 0 2.3848611675793343 12.29642386759081 
-4 -7 0 0.8132426248837551 11.730249187649486 
-4 -8 0 0.8132426257538584 11.730249187649475 
-4 -9 0 0.3646879588812028 8.85857252684956 
-4 -10 0 0.36468795888120314 8.85857252684956 
-5 -3 0 8.0 8.0 
-5 -4 0 8.0 8.0 
-5 -5 0 4.595475135867551 10.89128855598804 
-5 -6 0 4.5954751358675505 10.89128855598804 
-5 -7 0 3.091702947461555 10.988277696721125 
-5 -8 0 3.0917029474615543 10.988277696721118 
-5 -9 0 1.8082300898896395 8.85857252684956 
-5 -10 0 1.8082300898896388 8.85857252684956 
-5 -11 0 1.0 1.0 
-4 -11 0 1.0 1.0 
-5 -12 0 1.0 1.0 
-4 -12 0 1.0 1.0 
