1 5 0 2.0 2.0 
2 5 0 2.0 2.0 
1 4 0 2.0 2.0 
2 4 0 2.0 2.0 
1 3 0 0.7898158701166285 7.000000000000002 
2 3 0 2.9999999999999996 7.0 
1 2 0 0.7898158701166296 6.999999999999998 
2 2 0 3.0 7.0 
1 1 0 1.0904840338440493 7.999999999999999 
2 1 0 6.0 6.0 
1 0 0 1.0904840338440485 7.999999999999999 
2 0 0 6.0 6.0 
0 5 0 2.0 2.0 
0 4 0 2.0 2.0 
0 3 0 0.7898158701166277 6.645751311064592 
0 2 0 0.7898158701166298 6.645751311064592 
0 1 1 1.0904840338440507 8.0 
0 0 1 1.0904840338440502 8.000000000000002 
0 -1 1 2.43844718719117 7.0 
1 -1 0 4.0 4.0 
0 -2 1 2.4384471871911697 7.000000000000002 
1 -2 0 4.0 4.0 
-1 3 0 3.9999999999999996 6.0 
-1 2 0 4.0 5.999999999999999 
-1 1 0 1.4920972286234409 7.263542847409977 
-1 0 0 1.4920972286234444 7.2635428474099815 
-1 -1 0 0.49823015109608254 7.0 
-1 -2 0 0.4982301510960839 6.999999999999999 
-1 -3 0 0.7639320225002103 5.23606797749979 
0 -3 0 2.0 2.0 
-1 -4 0 0.7639320225002105 5.236067977499789 
0 -4 0 2.0 2.0 
-2 3 0 4.0 4.0 
-2 2 0 4.0 4.0 
-2 1 0 1.5857864376269053 6.414213562373094 
-2 0 0 1.5857864376269049 6.414213562373096 
-2 -1 0 0.49823015109608204 6.436010714004155 
-2 -2 0 0.49823015109608193 6.436010714004155 
-2 -3 1 0.7639320225002096 5.23606797749979 
-2 -4 1 0.7639320225002102 5.23606797749979 
