1 3 0 2.0 2.0 
2 3 0 2.0 2.0 
1 2 0 2.0 2.0 
2 2 0 2.0 2.0 
1 1 0 0.9467294891703156 7.797932651931815 
2 1 0 2.2020673480681867 7.797932651931815 
1 0 0 0.9467294891703136 7.797932651931813 
2 0 0 2.202067348068186 7.797932651931813 
1 -1 0 1.2263425345194712 12.024818053458974 
2 -1 0 3.3393321233394593 12.024818053458976 
1 -2 0 1.226342534514714 12.02481804965773 
2 -2 0 3.3393321233394584 12.024818053458976 
1 -3 0 1.97603339412165 13.087621486016612 
2 -3 0 5.627718676730986 11.372281323269014 
1 -4 0 1.9760333941223507 13.087621579815828 
2 -4 0 5.627718676730986 11.372281323269014 
1 -5 0 3.5823015958520874 11.0 
2 -5 0 9.0 9.0 
1 -6 0 3.5823015958520936 11.0 
2 -6 0 9.0 9.0 
0 3 0 2.0 2.0 
0 2 0 2.0 2.0 
0 1 1 0.9467294891703151 7.053270510829686 
0 0 1 0.9467294891703146 7.053270510829686 
0 -1 2 1.226342534513016 12.00906526319198 
0 -2 2 1.226342534513019 12.009065260369505 
0 -3 1 0.38760247427427524 13.522126209073912 
0 -4 1 0.38760247427427724 13.522125665649448 
0 -5 0 0.5265935970984476 12.999999995162973 
0 -6 0 0.5265935970987066 12.999999997728949 
0 -7 0 2.506934675491712 10.0 
1 -7 0 6.0 8.0 
0 -8 0 2.5069346754917152 10.0 
1 -8 0 6.0 8.0 
-1 1 0 2.5857864376269046 7.0 
-1 0 0 2.5857864376269046 7.0 
-1 -1 0 0.6030293838117984 10.46124801885524 
-1 -2 0 0.6030293835869303 10.46124774037258 
-1 -3 0 0.3876024742742839 13.52212626162477 
-1 -4 0 0.38760247427430994 13.522126280372165 
-1 -5 0 0.5265935971045244 13.694865969089877 
-1 -6 0 0.5265935971036089 13.694866093048322 
-1 -7 0 2.004979227236358 10.668160185062714 
-1 -8 0 2.0049792272373 10.668160184975473 
-1 -9 0 3.9999999999999996 7.0 
0 -9 0 5.0 5.0 
-1 -10 0 3.9999999999999996 7.0 
0 -10 0 5.0 5.0 
-2 1 0 4.0 4.0 
-2 0 0 4.0 4.0 
-2 -1 0 1.9545634987640619 10.000000000000002 
-2 -2 0 1.9545634987640637 9.999999999999996 
-2 -3 1 0.9365389886028078 12.820086864048795 
-2 -4 1 0.9365389886028084 12.820086864097958 
-2 -5 2 0.8645233913110343 13.999999855890037 
-2 -6 2 0.8645233913110374 13.999999998478028 
-2 -7 1 0.4899146456623745 12.268011746160504 
-2 -8 1 0.4899146456623751 12.26801174592383 
-2 -9 0 0.7664777615177794 7.794692117515441 
-2 -10 0 0.7664777615177792 7.7946921175154475 
-3 -1 0 4.999999999999999 8.0 
-3 -2 0 4.999999999999999 8.0 
-3 -3 0 2.6758765577359487 10.999999319878121 
-3 -4 0 2.6758765575012693 10.999999999999995 
-3 -5 0 0.8645233913110361 13.999999999848797 
-3 -6 0 0.8645233913110435 13.999999999895293 
-3 -7 0 0.48991464566237447 13.211624649432007 
-3 -8 0 0.4899146456623952 13.211624475313098 
-3 -9 0 0.7664777615177796 9.498847166985048 
-3 -10 0 0.7664777615177808 9.498847166985044 
-3 -11 0 3.0 3.0 
-2 -11 0 3.0 3.0 
-3 -12 0 3.0 3.0000000000000004 
-2 -12 0 3.0 3.0 
-4 -3 0 5.999999999999999 9.0 
-4 -4 0 5.999999999999999 9.0 
-4 -5 0 3.7356187531388 12.0 
-4 -6 0 3.7356187531388003 12.000000000000002 
-4 -7 0 2.02916956560851 13.211624640348727 
-4 -8 0 2.0291695656099864 13.21162465521697 
-4 -9 0 1.7313104118956952 11.274917217635377 
-4 -10 0 1.731310411895699 11.274917217635377 
-4 -11 0 3.0 3.0 
-4 -12 0 3.0 3.0 
-5 -5 0 10.0 10.0 
-5 -6 0 10.0 10.0 
-5 -7 0 5.2984378812835775 11.701562118716424 
-5 -8 0 5.298437881283577 11.701562118716424 
-5 -9 0 3.725082782364626 11.274917217635373 
-5 -10 0 3.725082782364626 11.274917217635375 
-5 -11 0 3.0 3.0 
-5 -12 0 3.0 3.0 
