3 7 0 2.9999999999999996 5.0 
4 7 0 5.0 5.0 
3 6 0 3.0 5.0 
4 6 0 5.0 5.0 
3 5 0 2.3267662053927776 11.64575131106459 
4 5 0 6.354248688935409 11.645751311064592 
3 4 0 2.326766205392787 11.645751311064563 
4 4 0 6.354248688935409 11.645751311064593 
3 3 0 3.4525706704118675 14.70419991942922 
4 3 0 8.585786437626904 14.000000000000004 
3 2 0 3.4525706829976026 14.704199919429213 
4 2 0 8.585786437626904 14.0 
3 1 0 4.830245384811566 13.911283618869517 
4 1 0 13.0 13.0 
3 0 0 4.830245384811565 13.911283620987955 
4 0 0 13.0 13.0 
2 7 0 1.0000000000000002 5.000000000000001 
2 6 0 1.0000000000000007 5.0 
2 5 0 0.9637500180587931 11.434919520034523 
2 4 0 0.9637500175674552 11.434919523569391 
2 3 0 0.8885154543948278 14.70419991940836 
2 2 0 0.8885154543949735 14.704199919404253 
2 1 0 1.4195514704284888 15.999999971419019 
2 0 0 1.4195514705304955 15.999999972370397 
2 -1 0 2.8713299585891923 12.58756431886216 
3 -1 0 7.0 11.0 
2 -2 0 2.871329963522293 12.587564492696359 
3 -2 0 6.999999999999998 11.0 
1 7 0 1.0000000000000002 5.000000000000001 
1 6 0 1.0000000000000004 5.000000000000001 
1 5 1 0.963750017540464 10.177494414204382 
1 4 1 0.9637500177348515 10.17749441737233 
1 3 3 1.1437818286852803 13.481590311612136 
1 2 3 1.1437818286852763 13.481590757553137 
1 1 3 0.7150052493868337 15.999999980495938 
1 0 3 0.715005249386835 15.999999975900455 
1 -1 1 0.8664599256114981 13.99999981891833 
1 -2 1 0.866459925611505 13.99999968392898 
1 -3 0 1.2116586646643628 10.706505498336213 
2 -3 0 5.0 9.0 
1 -4 0 1.2116586647642373 10.706505318804433 
2 -4 0 5.000000000000001 9.000000000000002 
0 5 0 1.5193816016887598 8.684871580032802 
0 4 0 1.5193816016887618 8.684871580032798 
0 3 0 1.1437818292959314 12.22293014177388 
0 2 0 1.143781828685544 12.222930279261888 
0 1 0 0.715005249472127 15.24916452060182 
0 0 0 0.7150052493870681 15.249164520616356 
0 -1 0 0.7950382898680814 15.398395441297106 
0 -2 0 0.7950382898866104 15.398376899330751 
0 -3 0 1.2116586647972636 12.04351596388692 
0 -4 0 1.211658664662067 12.043515642296171 
0 -5 0 3.0 7.000000000000001 
1 -5 0 3.0000000000000004 6.999999999999999 
0 -6 0 2.9999999999999996 7.0 
1 -6 0 3.0000000000000004 7.0 
-1 3 0 1.1841545642156013 10.811976488257907 
-1 2 0 1.1841545642156428 10.811976385280694 
-1 1 1 0.9747145001916754 13.836536881532886 
-1 0 1 0.974714500191677 13.836332852451324 
-1 -1 3 1.4968543643396213 15.766928715720915 
-1 -2 3 0.7950382898671642 15.766928367017197 
-1 -3 3 1.7077298142400883 13.33498182146122 
-1 -4 3 1.7077298142334443 13.334981681251424 
-1 -5 1 1.9999999999999956 8.000000000000002 
-1 -6 1 1.9999999999999991 8.0 
-2 1 0 2.7790276864615278 12.840565261239503 
-2 0 0 2.77902768646153 12.840565261239497 
-2 -1 0 1.7081271341684658 15.766928748729761 
-2 -2 0 1.7081271341683977 15.766928740005707 
-2 -3 0 1.254131873046307 14.657853996821835 
-2 -4 0 1.2541318730459108 14.657854776062308 
-2 -5 0 1.9999999999999998 8.000000000000002 
-2 -6 0 2.0000000000000018 8.000000000000002 
-3 -1 0 5.683375209644601 14.000000000000002 
-3 -2 0 5.683375209644598 14.000000000000002 
-3 -3 0 4.031854808006664 16.000000000000004 
-3 -4 0 4.031854808006662 15.999999999999996 
-3 -5 0 4.000000000000002 8.000000000000002 
-3 -6 0 4.000000000000001 8.0 
-4 -3 0 16.0 16.0 
-4 -4 0 16.0 16.0 
-4 -5 0 8.0 8.0 
-4 -6 0 8.0 8.0 
