2 4 0 0.9999999999999998 5.0 
3 4 0 5.0 5.0 
2 3 0 0.9999999999999994 5.0 
3 3 0 5.0 5.0 
2 2 0 1.1407891073659613 13.72431721516811 
3 2 0 5.752534332701739 13.724317215168114 
2 1 0 1.1407891073659622 13.724317215168105 
3 1 0 5.752534332701738 13.72431721516811 
2 0 0 1.8085795695449698 15.14327343474697 
3 0 0 7.145898033750315 13.854101966249686 
2 -1 0 1.8085795699449942 15.143273434747027 
3 -1 0 7.145898033750314 13.854101966249683 
2 -2 0 3.1569799828043053 14.999999999999178 
3 -2 0 13.0 13.0 
2 -3 0 3.1569799828043092 14.999999999999927 
3 -3 0 13.0 13.0 
1 4 0 1.0 5.0 
1 3 0 0.9999999999999996 4.999999999999999 
1 2 0 0.40024381537636616 12.271528132442327 
1 1 0 0.40024381537636783 12.271528132442315 
1 0 0 0.5279236148853806 15.143273434704302 
1 -1 0 0.5279236148191012 15.143273343377508 
1 -2 0 1.2532075067891835 15.736286281366759 
1 -3 0 1.2532075067221633 15.736286282771854 
1 -4 0 2.5497128072038833 12.999998677056139 
2 -4 0 5.5721211276292575 11.803542495682594 
1 -5 0 2.5497128072038917 12.999999994581723 
2 -5 0 5.572121127629256 11.803542495682596 
0 4 0 3.9999999999999996 4.0 
0 3 0 4.0 4.0 
0 2 0 0.40024381537727327 10.559550522790417 
0 1 0 0.400243815377271 10.559551364048257 
0 0 1 0.5279236148185794 14.481373505292684 
0 -1 1 0.5279236148185797 14.481373936837034 
0 -2 1 0.8566472189902614 15.736286274019081 
0 -3 1 0.8566472189902633 15.73628616128033 
0 -4 0 0.6908747734689829 14.726102486157757 
0 -5 0 0.6908747734726691 14.726011866974428 
0 -6 0 2.1771795435040375 11.708298279179978 
1 -6 0 4.214202380740199 10.0 
0 -7 0 2.177179548591532 11.708298286172319 
1 -7 0 4.2142023807402 10.0 
-1 4 0 4.0 4.0 
-1 3 0 4.0 4.0 
-1 2 0 2.064208961554346 8.934689523084646 
-1 1 0 2.0642089615543457 8.934689523084646 
-1 0 0 0.7298349393775656 12.688957951145454 
-1 -1 0 0.729834939378727 12.688957751212369 
-1 -2 0 0.37301551582003234 15.713490045762251 
-1 -3 0 0.37301551582493214 15.713489983190863 
-1 -4 0 0.4711408186712208 15.464502552050945 
-1 -5 0 0.4711408186874287 15.464502640193166 
-1 -6 0 1.2675998821905563 12.640601849842497 
-1 -7 0 1.2675998800217152 12.640601828871546 
-1 -8 0 2.3913524765947782 9.445059338951168 
0 -8 0 4.518805695907984 8.170086486626037 
-1 -9 0 2.3913524765912477 9.44505933893905 
0 -9 0 4.518805695907984 8.170086486626031 
-2 2 0 3.585786437626905 7.0 
-2 1 0 3.5857864376269055 7.0 
-2 0 0 1.711667730074311 10.890048270510992 
-2 -1 0 1.711667730080617 10.890050029705877 
-2 -2 0 0.3730155158183518 14.819966737433148 
-2 -3 0 0.37301551581799075 14.819966737347375 
-2 -4 1 0.47114081867099367 15.999999770878503 
-2 -5 1 0.4711408186709944 15.99999999738002 
-2 -6 1 1.0158447327424347 13.857811934421632 
-2 -7 1 1.0158447327424385 13.857811968247528 
-2 -8 0 0.8143511459458634 10.558772309170367 
-2 -9 0 0.8143511457360176 10.55877230941799 
-2 -10 0 1.9999999999999998 5.0 
-1 -10 0 4.0 4.0 
-2 -11 0 2.0000000000000004 5.0 
-1 -11 0 4.0 4.0 
-3 0 0 5.585786437626905 9.0 
-3 -1 0 5.585786437626903 9.0 
-3 -2 0 3.106458189352362 12.798124350322563 
-3 -3 0 3.106458188629707 12.798124505287637 
-3 -4 0 1.5175739323191524 15.999999999984784 
-3 -5 0 1.5175739317757004 15.999999999387557 
-3 -6 0 1.0158447327424462 14.23973593188202 
-3 -7 0 1.0158447327424611 14.239735931900963 
-3 -8 0 0.8143511463457894 10.875609754803927 
-3 -9 0 0.8143511457360192 10.875609754803358 
-3 -10 0 1.9999999999999993 5.0 
-3 -11 0 1.9999999999999991 5.0 
-4 -2 0 7.585786437626902 11.0 
-4 -3 0 7.585786437626904 11.000000000000002 
-4 -4 0 5.190776271685278 13.937043747706308 
-4 -5 0 5.190776271685277 13.937047432621181 
-4 -6 0 3.264921876368914 14.23973593229231 
-4 -7 0 3.2649218763478336 14.239735932291847 
-4 -8 0 2.2390643639126786 10.99999999971841 
-4 -9 0 2.2390643639126835 10.999999998753506 
-4 -10 0 1.9999999999999998 5.0 
-4 -11 0 1.9999999999999987 5.0 
-5 -4 0 13.0 13.0 
-5 -5 0 13.0 13.0 
-5 -6 0 9.438447187191167 13.561552812808829 
-5 -7 0 9.438447187191171 13.56155281280883 
-5 -8 0 7.000000000000001 11.0 
-5 -9 0 7.0 11.0 
-5 -10 0 5.0 5.0 
-5 -11 0 5.0 5.0 
