3 7 0 4.0 4.0 
4 7 0 4.0 4.0 
3 6 0 4.0 4.0 
4 6 0 4.0 4.0 
3 5 0 3.1471300927675636 13.999999999999998 
4 5 0 4.999999999999999 13.999999999999996 
3 4 0 3.1471300927676347 14.0 
4 4 0 5.000000000000002 14.0 
3 3 0 3.555957041968539 16.838550202607124 
4 3 0 7.3542486889354075 15.0 
3 2 0 3.5559570233169855 16.838549261481475 
4 2 0 7.354248688935409 15.0 
3 1 0 5.276957452424386 16.0 
4 1 0 13.0 13.0 
3 0 0 5.276957452424385 15.999999999999998 
4 0 0 13.0 13.0 
2 7 0 4.0 4.0 
2 6 0 4.0 4.0 
2 5 0 1.4970682652903116 13.256536278885026 
2 4 0 1.4970682632208365 13.256536281477564 
2 3 0 1.690060768933793 16.83855037554146 
2 2 0 1.6900607700871852 16.83855013421327 
2 1 0 2.1943510194309206 17.99999999334588 
2 0 0 2.194351019414155 17.999999994022176 
2 -1 0 4.0611998915809835 14.82055118094625 
3 -1 0 9.0 12.0 
2 -2 0 4.061199873459896 14.820551192610207 
3 -2 0 9.0 12.0 
1 7 0 4.0 4.0 
1 6 0 4.0 4.0 
1 5 0 1.4970682625307634 11.62542338636358 
1 4 0 1.4970682625023055 11.625423365294525 
1 3 0 0.7478539717115045 15.37356002432989 
1 2 0 0.7478539717129167 15.373560033346509 
1 1 0 0.9291725442020534 17.999999699165382 
1 0 0 0.9291725439598855 17.99999989828715 
1 -1 0 1.3088125668615556 15.999999855610255 
1 -2 0 1.3088125673332254 15.999999936416398 
1 -3 0 2.9122297806938486 12.999999916544143 
2 -3 0 7.0 11.0 
1 -4 0 2.9122297743398318 12.999999939731609 
2 -4 0 7.0 11.000000000000002 
0 7 0 4.0 4.0 
0 6 0 4.0 4.0 
0 5 0 1.5203775065980012 9.98076720811341 
0 4 0 1.5203775065980016 9.980767208113281 
0 3 1 0.7478539717114918 13.735616508809736 
0 2 1 0.7478539717115015 13.735616862355666 
0 1 2 0.7046574415941549 17.535359388149054 
0 0 2 0.929172543239761 17.535359399577192 
0 -1 1 0.33871191525855426 17.703014503075018 
0 -2 1 0.33871191525855104 17.703014490007764 
0 -3 0 0.4817367431904701 14.502119336161728 
0 -4 0 0.4817367431898326 14.502119597868187 
0 -5 0 2.4139671552805293 11.267796705813536 
1 -5 0 6.0 9.0 
0 -6 0 2.4139671552995168 11.267796706690577 
1 -6 0 5.999999999999999 9.0 
-1 5 0 3.267949192431122 7.675130870566644 
-1 4 0 3.2679491924311224 7.675130870566647 
-1 3 0 1.634838584657615 12.125526405761544 
-1 2 0 1.6348385850870821 12.125526455128488 
-1 1 0 0.7046574428962209 15.835681604373818 
-1 0 0 0.7046574417801859 15.835681549279581 
-1 -1 0 0.3387119152605674 17.999997981298346 
-1 -2 0 0.3387119152587183 17.99999928107456 
-1 -3 0 0.4817367432203997 15.626436326957833 
-1 -4 0 0.48173674318967485 15.626436303679855 
-1 -5 0 0.9813996099798763 12.665069989332618 
-1 -6 0 0.9813996099798638 12.665069989233457 
-1 -7 0 2.9999999999999996 6.0 
0 -7 0 5.0 5.0 
-1 -8 0 3.0 6.000000000000001 
0 -8 0 5.0 5.0 
-2 3 0 3.5422719851647035 10.0 
-2 2 0 3.542271985164705 10.0 
-2 1 0 2.1640823339434494 14.008598670787103 
-2 0 0 2.164082329261019 14.00859823101764 
-2 -1 0 1.0308190370844288 17.999999965626827 
-2 -2 0 1.030819037078 17.999999981707646 
-2 -3 0 0.9163094981353905 17.121221640107883 
-2 -4 0 0.9163094981348621 17.121221085186182 
-2 -5 0 0.9813996118157979 13.911502051665869 
-2 -6 0 0.981399609988967 13.911501999707557 
-2 -7 0 2.43844718719117 6.56155281280883 
-2 -8 0 2.4384471871911693 6.561552812808831 
-3 1 0 5.171572875253808 12.000000000000002 
-3 0 0 5.171572875253812 12.000000000000002 
-3 -1 0 2.780941345123219 15.999999963065854 
-3 -2 0 2.78094134512312 15.999999489274757 
-3 -3 0 1.9500797269901373 17.999999998006952 
-3 -4 0 1.9500797273587829 17.999999921668774 
-3 -5 0 1.5215662237490681 15.298301948537532 
-3 -6 0 1.5215662237545036 15.298302032315494 
-3 -7 0 2.4384471871911697 7.000000000000002 
-3 -8 0 2.438447187191169 6.999999999999999 
-4 -1 0 7.171572875253813 14.0 
-4 -2 0 7.171572875253812 14.000000000000002 
-4 -3 0 4.461008791411069 17.999999999861267 
-4 -4 0 4.461008791411073 17.999999999999993 
-4 -5 0 3.2042751413929857 15.701562118714811 
-4 -6 0 3.204275141392992 15.701562117949738 
-4 -7 0 2.4384471871911697 7.0 
-4 -8 0 2.438447187191169 7.0 
-5 -3 0 16.0 16.0 
-5 -4 0 16.0 16.0 
-5 -5 0 9.298437881283576 15.701562118716424 
-5 -6 0 9.298437881283576 15.701562118716424 
-5 -7 0 7.0 7.0 
-5 -8 0 7.0 7.0 
