5 13 0 2.9999999999999996 6.000000000000002 
6 13 0 6.0 6.0 
5 12 0 3.0 6.0 
6 12 0 6.0 6.0 
5 11 0 3.016332806649423 13.105482616375676 
6 11 0 7.117979455142929 13.105482616526304 
5 10 0 3.016332807585148 13.10548261651331 
6 10 0 7.117979455142931 13.105482616526304 
5 9 0 3.8213967026791558 16.583062652223795 
6 9 0 10.46592980327727 16.05137424173104 
5 8 0 3.8213967026790843 16.58306254860368 
6 8 0 10.465929803277268 16.051374241731036 
5 7 0 5.132783174466545 16.999999999995975 
6 7 0 15.0 15.0 
5 6 0 5.132783174466563 16.999999999915854 
6 6 0 15.0 15.0 
4 13 1 1.9999999999999991 6.0 
4 12 1 2.0 6.0 
4 11 1 0.31259234337718966 12.992305429027603 
4 10 1 0.3125923433771895 12.992305399918028 
4 9 0 0.23339841166555206 16.583062699279218 
4 8 0 0.2333984116654777 16.583062711289625 
4 7 0 0.8403814247181908 17.72484168054219 
4 6 0 0.8403814246571097 17.724841688927874 
4 5 0 2.006371149536867 14.99999995648895 
5 5 0 9.585786437626904 13.0 
4 4 0 2.00637114515235 14.999999928654962 
5 4 0 9.585786437626904 13.000000000000004 
3 13 0 2.0 5.0 
3 12 0 2.0 5.000000000000001 
3 11 1 0.31259234337718766 12.008221617920706 
3 10 1 0.3125923433771888 12.008221619578412 
3 9 0 0.17454986319505728 15.97871876114738 
3 8 0 0.1745498632074065 15.978718763177959 
3 7 0 0.5071596279707425 17.724841299141847 
3 6 0 0.507159627436368 17.724840917674637 
3 5 0 1.0240884313928904 16.999999979352673 
3 4 0 1.0240884311994014 16.99999998256394 
3 3 0 2.3963963997869353 12.739781847260254 
4 3 0 4.1715728752538075 10.999999999999998 
3 2 0 2.3963964001033613 12.739781844320573 
4 2 0 4.171572875253809 11.0 
2 13 0 4.0 4.0 
2 12 0 4.0 4.0 
2 11 0 1.9993406317219027 10.370805741155246 
2 10 0 1.999340631721901 10.370805741166237 
2 9 0 0.17454986319500593 14.424341440016693 
2 8 0 0.174549863195005 14.424341327789433 
2 7 1 0.5071596275043504 17.396361840545424 
2 6 1 0.5071596274515658 17.396362022473173 
2 5 0 0.27016402340940315 17.762561384301215 
2 4 0 0.27016402341343 17.762561874247083 
2 3 0 1.3737128156625158 14.999999999885391 
2 2 0 1.3737128156753382 14.999999915402155 
2 1 0 2.8186861822085674 9.982432966268856 
3 1 0 4.585786437626906 8.0 
2 0 0 2.8186861822085674 9.982432966268862 
3 0 0 4.585786437626903 8.000000000000002 
1 11 0 4.224287144263786 8.641186476193292 
1 10 0 4.224287144263786 8.64118647619329 
1 9 0 2.283674913347124 12.886674141826244 
1 8 0 2.2836749140342287 12.886674140231092 
1 7 0 0.5290388210647934 16.848129512156458 
1 6 0 0.5290388210991912 16.848129311421367 
1 5 0 0.27016402340794726 17.999999927301953 
1 4 0 0.27016402341565754 17.999999956858463 
1 3 0 0.5849513287704946 16.574744556419244 
1 2 0 0.5849513285931862 16.574744556042397 
1 1 0 1.839991665018575 12.645751311064465 
1 0 0 1.839991665019174 12.645751285021953 
1 -1 0 4.000000000000001 5.0 
2 -1 0 5.0 5.0 
1 -2 0 4.0 5.0 
2 -2 0 5.0 5.0 
0 9 0 5.0000000000000036 10.999999999999996 
0 8 0 4.999999999999999 11.000000000000002 
0 7 0 1.3433964911300262 14.99999941864364 
0 6 0 1.3433964910114258 14.999999410918168 
0 5 1 1.2539162520145026 17.999999998901618 
0 4 1 1.2539162520144993 17.999999001612867 
0 3 1 0.45156053158055864 17.510584004869255 
0 2 1 0.4515605315805583 17.510584029270383 
0 1 0 0.3547186322108863 14.2370829965833 
0 0 0 0.35471863221061717 14.237082993363991 
0 -1 0 1.5857864376269049 9.64575131106459 
0 -2 0 1.5857864376269055 9.645751311064586 
-1 9 0 7.0 7.0 
-1 8 0 7.0 7.0 
-1 7 0 3.34327733620906 13.000000000000002 
-1 6 0 3.3432773362090527 13.0 
-1 5 0 1.8012196751679708 15.999999681174751 
-1 4 0 1.8012196751678686 15.999999958886356 
-1 3 0 0.4515605315849435 17.510584267144097 
-1 2 0 0.45156053158313225 17.51058431411787 
-1 1 0 0.35471863223806055 15.514888293745894 
-1 0 0 0.35471863233844875 15.514888292067852 
-1 -1 0 0.6768888185312446 10.426166970337746 
-1 -2 0 0.6768888185312459 10.426166970337734 
-2 7 0 7.999999999999999 10.0 
-2 6 0 8.0 10.0 
-2 5 0 4.13952244588976 13.999999999999998 
-2 4 0 4.139522445889758 14.0 
-2 3 0 2.251661280021876 16.02158706879098 
-2 2 0 2.251661280864925 16.021587059561533 
-2 1 0 0.904503763262976 15.5148882940005 
-2 0 0 0.9045037632629745 15.514888294000363 
-2 -1 0 0.6768888185312468 11.682913485076439 
-2 -2 0 0.6768888185312473 11.682913485076435 
-2 -3 0 2.0 2.0 
-1 -3 0 2.0 2.0 
-2 -4 0 2.0 2.0 
-1 -4 0 2.0 2.0 
-3 5 0 11.0 11.0 
-3 4 0 11.0 11.0 
-3 3 0 6.032489948107328 14.354651788023027 
-3 2 0 6.0324899481073295 14.354651788023029 
-3 1 0 3.5222248775499447 14.672093123463277 
-3 0 0 3.5222248775499416 14.672093123463272 
-3 -1 0 2.3754706835761974 11.682913485076433 
-3 -2 0 2.3754706835761974 11.682913485076433 
-3 -3 0 2.0 2.0 
-3 -4 0 2.0 2.0 
