2 6 0 1.0 1.0 
3 6 0 1.0 1.0 
2 5 0 1.0 1.0 
3 5 0 1.0 1.0 
2 4 1 1.3168693169788803 8.95703334336188 
3 4 0 1.3168693169788814 8.95703334336187 
2 3 1 1.3168693169788805 8.95703334336187 
3 3 0 1.3168693169788805 8.957033343361871 
2 2 1 0.8934908708373908 13.233550261114088 
3 2 0 2.5445408391478885 13.233550261134798 
2 1 1 0.893490870837391 13.233550261128165 
3 1 0 2.54454083914789 13.233550261134798 
2 0 0 0.6019176158771995 15.610604444729082 
3 0 0 4.290688108397305 14.836868062218436 
2 -1 0 0.6019176157540618 15.610604444739478 
3 -1 0 4.290688108397307 14.83686806221844 
2 -2 0 2.06164891709404 15.252871990585065 
3 -2 0 6.310334893889565 13.71724351486107 
2 -3 0 2.0616489171038035 15.252871990128078 
3 -3 0 6.310334893889564 13.717243514861071 
2 -4 0 4.263681138369885 13.0 
3 -4 0 10.0 10.0 
2 -5 0 4.263681138369881 13.0 
3 -5 0 10.0 10.0 
1 4 0 1.476922799791401 8.931603796456463 
1 3 0 1.476922799791402 8.931603796456463 
1 2 0 0.8934908708373922 13.165185106678175 
1 1 0 0.8934908708373931 13.16518510675971 
1 0 0 0.6019176157540671 15.780241035919488 
1 -1 0 0.6019176157624618 15.78024089711528 
1 -2 0 1.771363831091131 16.40196763638522 
1 -3 0 1.7713638310909794 16.401967751483312 
1 -4 0 3.894632303399238 14.99999999171987 
1 -5 0 3.894632280852382 14.99999988038208 
1 -6 0 8.0 11.0 
2 -6 0 8.0 8.0 
1 -7 0 7.999999999999998 11.0 
2 -7 0 8.0 8.0 
0 4 0 3.0 4.0 
0 3 0 2.9999999999999996 4.0 
0 2 0 0.971827166793909 12.699384928518382 
0 1 0 0.9718271668535464 12.699384922148182 
0 0 3 1.4397009818049817 15.780240673553779 
0 -1 3 1.4397009817880473 15.780241040232035 
0 -2 2 0.2230926082807779 17.765796018398312 
0 -3 2 0.22309260828077812 17.76579597068317 
0 -4 0 0.9952366549346519 15.999999712679355 
0 -5 0 0.9952366549346731 15.999999857962253 
0 -6 0 2.694376941786215 12.99999998758936 
0 -7 0 2.694376942969328 12.999999981192738 
-1 4 0 4.0 4.0 
-1 3 0 4.0 4.0 
-1 2 0 2.556616328244601 10.395028419898855 
-1 1 0 2.5566163282297243 10.395028419898827 
-1 0 0 1.1670459594685245 14.821693150394282 
-1 -1 0 1.1670459594209155 14.821693147960033 
-1 -2 0 0.22309260829697464 17.76579603092334 
-1 -3 0 0.22309260828580543 17.76579606664645 
-1 -4 1 0.9952366549349686 17.999999873164857 
-1 -5 1 0.9952366549346241 17.999999573584777 
-1 -6 0 0.7210894039111193 14.63014705448697 
-1 -7 0 0.7210894039110193 14.63014618563797 
-1 -8 0 2.293198726088023 11.000000000000004 
0 -8 0 6.0 9.0 
-1 -9 0 2.293198726088019 11.000000000000002 
0 -9 0 6.0 9.0 
-2 2 0 4.537215815721982 9.616696499565517 
-2 1 0 4.537215815721983 9.616696499565515 
-2 0 0 2.5917628387040135 12.77613766388062 
-2 -1 0 2.5917628425279142 12.77613770297791 
-2 -2 0 0.9421922816056768 15.999999112288059 
-2 -3 0 0.942192281605687 15.999999940334432 
-2 -4 3 1.2223891539378984 17.999999917739395 
-2 -5 3 1.2223891539379026 17.999999907241623 
-2 -6 1 0.2744200693737788 15.9999999949771 
-2 -7 1 0.2744200693737762 15.999999989445085 
-2 -8 0 1.6697605915829046 12.667913887018555 
-2 -9 0 1.6697605919566139 12.667913887000795 
-2 -10 0 3.510711428189922 8.77845711825839 
-1 -10 0 5.0 5.0 
-2 -11 0 3.5107114281899205 8.778457118258391 
-1 -11 0 5.0 5.0 
-3 2 0 6.0 6.0 
-3 1 0 6.0 6.0 
-3 0 0 3.7804582127723365 11.759660979907864 
-3 -1 0 3.7804582127720447 11.759660979861302 
-3 -2 0 2.325035963023593 14.74903367453495 
-3 -3 0 2.325035963261214 14.749033673224048 
-3 -4 0 1.2022304809924165 17.99999994452325 
-3 -5 0 1.2022304810669475 17.999999975633436 
-3 -6 0 0.27442006937667357 17.1298147992088 
-3 -7 0 0.27442006937461605 17.12981504381737 
-3 -8 2 1.4112089880954037 13.86854936845792 
-3 -9 2 1.4112089880954068 13.868548234203175 
-3 -10 0 1.2227696632946183 10.391163436911066 
-3 -11 0 1.222769663294615 10.391163436911064 
-4 0 0 6.585786437626905 9.414213562373096 
-4 -1 0 6.585786437626905 9.414213562373096 
-4 -2 0 4.468155937885872 12.999999994026535 
-4 -3 0 4.468155937898721 12.999999970233704 
-4 -4 0 2.666452581061402 15.999999994298953 
-4 -5 0 2.666452581169004 15.999999997174541 
-4 -6 0 0.8712934385588444 17.129815049691665 
-4 -7 0 0.8712934379927084 17.12981500769071 
-4 -8 1 1.2572257422071471 15.227739201201551 
-4 -9 1 1.2572257395723168 15.227739201205026 
-4 -10 0 0.2887210514864233 11.474368489804244 
-4 -11 0 0.28872105148642335 11.474368460396647 
-4 -12 0 3.0 3.0 
-3 -12 0 3.0 3.0 
-4 -13 0 3.0 3.0 
-3 -13 0 3.0 3.0 
-5 -2 0 6.267949192431123 11.0 
-5 -3 0 6.2679491924311215 11.0 
-5 -4 0 3.76795097291776 14.999999996379506 
-5 -5 0 3.7679509729177694 14.999999999997298 
-5 -6 0 2.351815039288216 16.274917217613623 
-5 -7 0 2.3518150392881534 16.27491721762885 
-5 -8 0 1.2572257395616437 15.22773920121609 
-5 -9 0 1.2572257396560385 15.227739201035398 
-5 -10 0 0.288721051486542 12.91638155174497 
-5 -11 0 0.2887210514864319 12.916381551744971 
-5 -12 1 3.0 4.0 
-5 -13 1 2.9999999999999996 4.0 
-6 -4 0 13.0 13.0 
-6 -5 0 13.0 13.0 
-6 -6 0 7.889907928977184 14.62981327169188 
-6 -7 0 7.889907928977184 14.62981327169188 
-6 -8 0 6.298437881283576 14.999999999999998 
-6 -9 0 6.298437881283577 14.999999999999998 
-6 -10 0 5.0 12.916381551744971 
-6 -11 0 5.0 12.916381551744976 
-6 -12 0 4.0 4.0 
-6 -13 0 4.0 4.0 
