0 -2 1 3.0 4.0 
1 -2 0 4.0 4.0 
0 -3 1 2.9999999999999996 4.0 
1 -3 0 4.0 4.0 
0 -4 1 1.9162383972986397 14.472135954999583 
1 -4 0 5.52786404500042 14.47213595499958 
0 -5 1 1.9162383972986385 14.472135954999576 
1 -5 0 5.527864045000421 14.47213595499958 
0 -6 0 1.2541406567924707 16.000000000000007 
1 -6 0 12.0 12.0 
0 -7 0 1.2541406567924687 16.0 
1 -7 0 12.0 12.0 
-1 -2 0 2.9999999999999996 3.0 
-1 -3 0 3.0 3.0000000000000004 
-1 -4 0 0.8607360720142824 12.984593596000343 
-1 -5 0 0.8607360719735708 12.984593596000444 
-1 -6 0 1.254140656792896 15.99999999999196 
-1 -7 0 1.254140656801384 15.999999999980314 
-1 -8 0 2.330996764701876 13.999999992654756 
0 -8 0 5.267949192431122 10.0 
-1 -9 0 2.33099676470178 13.999999775570938 
0 -9 0 5.26794919243112 10.000000000000002 
-2 -2 0 3.0 3.0 
-2 -3 0 3.0 3.0 
-2 -4 0 0.8607360719735689 10.1668783152878 
-2 -5 0 0.8607360719735762 10.1668783152878 
-2 -6 2 0.7987657342196447 15.999999982357016 
-2 -7 2 0.7987657342196485 15.999999998718407 
-2 -8 1 0.7114092204869878 15.999999962155938 
-2 -9 1 0.7114092204869917 15.99999998336911 
-2 -10 0 1.297876803056898 11.451234369852994 
-1 -10 0 5.585786437626905 8.414213562373096 
-2 -11 0 1.297876803479031 11.451234361156326 
-1 -11 0 5.585786437626906 8.414213562373096 
-3 -4 0 2.763932022500211 9.24914053812955 
-3 -5 0 2.763932022500208 9.24914053812955 
-3 -6 0 0.7987657342660812 13.733293445896338 
-3 -7 0 0.7987657342215799 13.733291044653354 
-3 -8 0 0.40872307386565065 15.999999987349824 
-3 -9 0 0.4087230738665855 15.999999040209818 
-3 -10 1 0.6666759368913838 13.999999998347198 
-3 -11 1 0.6666759368913813 13.999999995748594 
-3 -12 0 1.020443936829041 8.686900909103022 
-2 -12 0 5.0 5.0 
-3 -13 0 1.0204439368290417 8.686900909103022 
-2 -13 0 5.0 5.0 
-4 -4 0 3.9999999999999996 5.999999999999999 
-4 -5 0 4.0 6.0 
-4 -6 0 1.9494227339314543 11.834777939147155 
-4 -7 0 1.9494227366372479 11.834778029008412 
-4 -8 0 0.40872307390168544 15.999999999278549 
-4 -9 0 0.40872307386519974 15.999999999716692 
-4 -10 2 1.0753754024073208 15.504937431035565 
-4 -11 2 1.0753754024073319 15.50493742820647 
-4 -12 1 0.860938586130229 11.999999501624723 
-4 -13 1 0.8609385861302091 11.999999408255322 
-5 -6 0 4.875114580235423 10.0 
-5 -7 0 4.875114580235426 9.999999999999996 
-5 -8 0 2.7106252212940953 13.999999999804174 
-5 -9 0 2.7106252284875683 13.999999999754179 
-5 -10 0 1.0753754024073807 15.504937426773834 
-5 -11 0 1.0753754024075188 15.504937430156343 
-5 -12 0 0.2679930933962405 13.548983785574675 
-5 -13 0 0.26799309350382455 13.548983785908526 
-5 -14 1 0.8630878725332556 10.000000000000004 
-4 -14 0 1.9999999999999996 4.0 
-5 -15 1 0.8630878725332547 10.000000000000002 
-4 -15 0 2.0000000000000004 4.0 
-6 -6 0 6.0 8.0 
-6 -7 0 6.0 8.0 
-6 -8 0 3.0993068807782156 12.0 
-6 -9 0 3.0993068807782183 12.000000000000009 
-6 -10 0 1.3314480377108298 13.950508431220943 
-6 -11 0 1.3314480377126576 13.950508431025643 
-6 -12 0 0.26799309338085453 13.548983784064529 
-6 -13 0 0.26799309341516137 13.548983673292566 
-6 -14 1 0.8630878725332549 11.582575694955839 
-6 -15 1 0.8630878725332545 11.582575694955839 
-7 -8 0 10.0 10.0 
-7 -9 0 10.0 10.0 
-7 -10 0 5.3944487245360095 12.60555127546399 
-7 -11 0 5.394448724536011 12.605551275463988 
-7 -12 0 3.527864045000419 12.47213595499958 
-7 -13 0 3.52786404500042 12.472135954999581 
-7 -14 0 2.4174243050441597 11.582575694955839 
-7 -15 0 2.41742430504416 11.58257569495584 
-7 -16 0 2.0 2.0 
-6 -16 1 1.9999999999999998 1.9999999999999998 
-7 -17 0 2.0 2.0 
-6 -17 1 2.0 2.0 
