2 8 0 1.0 3.0 
3 8 0 3.0 3.0 
2 7 0 0.9999999999999999 3.0 
3 7 0 3.0 3.0 
2 6 0 0.7364571525900208 7.302775637731993 
3 6 0 3.697224362268005 7.302775637731994 
2 5 0 0.7364571525900203 7.302775637731995 
3 5 0 3.697224362268005 7.302775637731995 
2 4 0 1.0724362908656628 7.682540150847733 
3 4 0 7.0 7.0 
2 3 0 1.0724362908656624 7.682540150847734 
3 3 0 7.0 7.0 
1 8 0 1.0000000000000002 3.0 
1 7 0 1.0 3.0 
1 6 1 0.7364571525900214 6.507902771376557 
1 5 1 0.7364571525900225 6.507902771376558 
1 4 2 1.072436290865662 7.682540150847735 
1 3 2 1.0724362908656617 7.682540150847732 
1 2 1 0.7364571525900216 6.507902771376558 
2 2 0 2.267949192431123 5.732050807568878 
1 1 1 0.736457152590021 6.50790277137656 
2 1 0 2.2679491924311224 5.732050807568877 
0 6 0 2.2679491924311233 5.732050807568877 
0 5 0 2.267949192431123 5.732050807568878 
0 4 0 1.0724362908656633 7.682540150847736 
0 3 0 1.072436290865661 7.682540150847734 
0 2 0 0.7364571525900224 7.302775637731995 
0 1 0 0.7364571525900206 7.302775637731995 
0 0 0 0.9999999999999998 3.0 
1 0 0 1.0000000000000002 3.0 
0 -1 0 1.0 3.0 
1 -1 0 1.0000000000000002 3.0 
-1 4 0 7.0 7.0 
-1 3 0 7.0 7.0 
-1 2 0 3.697224362268005 7.302775637731995 
-1 1 0 3.6972243622680048 7.302775637731995 
-1 0 0 3.0 3.0 
-1 -1 0 3.0 3.0 
