2 8 0 1.0 1.0 
3 8 0 1.0 1.0 
2 7 0 1.0 1.0 
3 7 0 1.0 1.0 
2 6 1 1.20871215252208 5.7912878474779195 
3 6 0 1.2087121525220794 5.7912878474779195 
2 5 1 1.2087121525220799 5.7912878474779195 
3 5 0 1.2087121525220803 5.79128784747792 
2 4 1 1.0252962520126445 7.697261093961576 
3 4 0 2.6086176193690984 7.1642479384602105 
2 3 1 1.0252962520126454 7.697261093961576 
3 3 0 2.6086176193690997 7.164247938460211 
2 2 0 0.6972243622680055 6.999999999999999 
3 2 0 5.0 5.0 
2 1 0 0.6972243622680039 7.0 
3 1 0 5.0 5.0 
1 6 0 2.267949192431123 5.7320508075688785 
1 5 0 2.2679491924311224 5.7320508075688785 
1 4 0 0.9753892800977563 7.697261093961577 
1 3 0 0.9753892800977563 7.697261093961577 
1 2 0 0.6972243622680081 7.679620483128623 
1 1 0 0.6972243622680049 7.679620483128624 
1 0 0 3.0 5.0 
2 0 0 3.0 3.0 
1 -1 0 3.0 5.0 
2 -1 0 3.0 3.0 
0 6 0 3.0 3.0 
0 5 0 3.0 3.0 
0 4 0 0.9753892800977578 6.999999999999997 
0 3 0 0.9753892800977557 7.000000000000001 
0 2 1 1.2382675082698293 7.679620483128622 
0 1 1 1.2382675082698276 7.67962048312862 
0 0 1 1.2812903096080852 6.402678829521188 
0 -1 1 1.2812903096080854 6.402678829521188 
-1 4 0 5.0 5.0 
-1 3 0 5.0 5.0 
-1 2 0 2.2087121525220796 6.7912878474779195 
-1 1 0 2.208712152522079 6.79128784747792 
-1 0 0 1.2812903096080852 6.40267882952119 
-1 -1 0 1.2812903096080857 6.402678829521189 
-1 -2 0 1.0 1.0 
0 -2 0 1.0 1.0 
-1 -3 0 1.0 1.0 
0 -3 0 1.0 1.0 
