5 17 0 2.0 2.0 
6 17 0 2.0 2.0 
5 16 0 2.0 2.0 
6 16 0 2.0 2.0 
5 15 0 0.4422090607751801 7.784218263702584 
6 15 0 2.151246450104567 7.78421826370259 
5 14 0 0.4422090607751803 7.784218263702584 
6 14 0 2.151246450104567 7.784218263702588 
5 13 0 0.7772878443716846 11.3896962668382 
6 13 0 2.6099430353403967 11.389696266838525 
5 12 0 0.7772878444109442 11.389696266829779 
6 12 0 2.6099430353405197 11.389696266838518 
5 11 0 1.2157335240073563 13.685608171576812 
6 11 0 3.332001735272331 13.685608172666116 
5 10 0 1.2157335240067786 13.685608169943169 
6 10 0 3.3320017353113847 13.685608172666141 
5 9 0 1.982712935779241 14.722297321105124 
6 9 0 4.424908913614486 14.278432810845832 
5 8 0 1.9827129378266175 14.722296939705258 
6 8 0 4.424908927875287 14.278432810847312 
5 7 0 3.0879230249810057 14.76898967989029 
6 7 0 5.9714059474012915 14.042280145145487 
5 6 0 3.087923014658545 14.768989523010678 
6 6 0 5.9714059474012915 14.04228014514548 
5 5 0 4.4414396589239225 13.696731994112701 
6 5 0 7.924059273832594 12.864322535128489 
5 4 0 4.441439658920791 13.69673210565727 
6 4 0 7.924059273832594 12.86432253512849 
5 3 0 6.117501653775212 11.957845793139922 
6 3 0 11.0 11.0 
5 2 0 6.117501653775212 11.957845793139926 
6 2 0 11.0 11.0 
4 17 0 2.0 2.0 
4 16 0 2.0 2.0 
4 15 0 0.4422090607751818 6.2050572713320555 
4 14 0 0.4422090607751822 6.205057271332054 
4 13 1 0.5651036728486588 11.317178835518604 
4 12 1 0.5651036728486616 11.317178835652912 
4 11 1 0.5859918837920349 13.673361263599633 
4 10 1 0.5859918837920418 13.673361262957664 
4 9 0 0.37120103359713713 14.935908616156157 
4 8 0 0.3712010335971693 14.93590909196365 
4 7 0 1.0781376865972268 15.48047545216087 
4 6 0 1.078137686832797 15.480476238445002 
4 5 0 2.091214749839382 14.530070712689177 
4 4 0 2.0912147498636062 14.53007194629572 
4 3 0 3.426575373903716 12.74575672915636 
4 2 0 3.426575373904133 12.745756745127096 
4 1 0 5.086228208114676 10.391443955866372 
5 1 0 7.999999999999998 10.0 
4 0 0 5.086228208114675 10.391443955866375 
5 0 0 8.0 10.0 
3 15 0 2.1522409349774265 5.847759065022573 
3 14 0 2.1522409349774256 5.847759065022574 
3 13 0 0.5651036728486609 9.777213893173542 
3 12 0 0.5651036731814901 9.777213579902636 
3 11 1 0.5859918837927165 13.6517523315028 
3 10 1 0.5859918846305449 13.65175232855841 
3 9 0 0.3712010339132996 14.935908989595374 
3 8 0 0.37120103361731444 14.935907943082478 
3 7 0 0.84351971147898 15.94413854175658 
3 6 0 0.8435197114251984 15.944139799720976 
3 5 0 1.788698401079997 15.76146984851279 
3 4 0 1.7886983972839252 15.761468997115127 
3 3 0 3.0830005105986396 13.620255075790235 
3 2 0 3.0830004974536154 13.620253880341393 
3 1 0 4.795415894734322 10.927645975297803 
3 0 0 4.795415895641835 10.927645957854926 
3 -1 0 7.0 7.000000000000001 
4 -1 0 7.0 7.0 
3 -2 0 6.999999999999999 7.0 
4 -2 0 7.0 7.0 
2 13 0 2.4051686625386863 9.172553683353474 
2 12 0 2.4051686625386854 9.172553683353463 
2 11 0 0.7574698303762352 12.368641870903133 
2 10 0 0.7574698303762273 12.368641873995507 
2 9 0 0.38175583746077785 14.766509786175346 
2 8 0 0.3817558373308671 14.766508167355367 
2 7 1 0.8435197114217401 16.512773625360577 
2 6 1 0.8435197114217274 16.512762932555646 
2 5 0 0.8994241130922411 16.694254961601374 
2 4 0 0.8994241130926623 16.694255037580973 
2 3 0 2.5146920793386456 14.575828928716914 
2 2 0 2.514692099176277 14.57582839965848 
2 1 0 4.402259757421739 11.684010810468548 
2 0 0 4.402259757602954 11.684010818662438 
2 -1 0 6.999999999999999 7.0 
2 -2 0 7.0 7.000000000000001 
1 11 0 2.8339968245729334 11.613365155720627 
1 10 0 2.833996824572843 11.613365146353823 
1 9 0 1.1501390178116209 13.815068877868256 
1 8 0 1.1501390178116113 13.815068878711845 
1 7 0 0.9904608321219958 16.512766242821684 
1 6 0 0.9904608321408903 16.512752363039777 
1 5 0 0.8994241131203425 17.63310550530202 
1 4 0 0.8994241130910001 17.633108296585096 
1 3 0 2.2510289236814476 16.999999936095513 
1 2 0 2.251028923414411 16.999999751208374 
1 1 0 4.041781789829223 12.55373423108206 
1 0 0 4.041781791418532 12.553734246424538 
1 -1 0 7.0 7.0 
1 -2 0 7.0 7.0 
0 9 0 3.5903919204554433 12.999999999386553 
0 8 0 3.5903919204554486 12.999999999566754 
0 7 0 1.3442139729545326 14.86346658457303 
0 6 0 1.3442139736281142 14.863466347208638 
0 5 1 1.2357547368151596 17.63028147778089 
0 4 1 1.235754736815159 17.633108579885217 
0 3 1 1.2531644054269633 17.541204985480455 
0 2 1 1.253164405426964 17.541205010961658 
0 1 0 0.9989109047750366 13.797287227390546 
0 0 0 0.9989109047750602 13.79728722738705 
0 -1 0 7.0 7.000000000000001 
0 -2 0 7.0 7.0 
-1 7 0 5.011965706199 14.000000000000002 
-1 6 0 5.011965706198996 14.000000000000002 
-1 5 0 2.598354323865636 16.841417415902516 
-1 4 0 2.5983543239651645 16.84141741558918 
-1 3 0 1.253164405426965 17.999999967404886 
-1 2 0 1.2531644057164988 17.999999989100044 
-1 1 0 0.9989109047750591 15.6568746032281 
-1 0 0 0.9989109047753665 15.656874602971632 
-1 -1 0 7.0 7.0 
-1 -2 0 6.999999999999999 7.000000000000001 
-2 5 0 7.999999999999999 15.000000000000002 
-2 4 0 8.000000000000004 15.000000000000002 
-2 3 0 5.446039054716011 17.999999999999996 
-2 2 0 5.446039054716008 17.999999999998803 
-2 1 0 3.633659516328568 16.531128874149275 
-2 0 0 3.6336595163285628 16.531128874149275 
-2 -1 0 7.0 7.000000000000001 
-2 -2 0 6.999999999999999 7.0 
-3 3 0 16.0 16.0 
-3 2 0 16.0 16.0 
-3 1 0 8.468871125850729 16.531128874149275 
-3 0 0 8.468871125850724 16.531128874149275 
-3 -1 0 7.0 7.0 
-3 -2 0 7.0 7.0 
