5 11 0 2.2242871442637857 6.999999999999999 
6 11 0 7.0 7.0 
5 10 0 2.2242871442637857 6.999999999999998 
6 10 0 7.0 7.0 
5 9 0 2.863769835709834 16.531128874149182 
6 9 0 8.468871125850725 16.531128874149275 
5 8 0 2.863769835709733 16.531128874149196 
6 8 0 8.468871125850725 16.531128874149275 
5 7 0 4.01616697370265 17.999999999999865 
6 7 0 16.0 16.0 
5 6 0 4.016166973702649 17.99999999998272 
6 6 0 16.0 16.0 
4 11 1 1.999999999999998 6.641186476193289 
4 10 1 2.0 6.641186476193294 
4 9 1 1.3079750932753 15.019216659641193 
4 8 1 1.3079750895387297 15.01921699378723 
4 7 0 0.477054836527198 17.999999928560285 
4 6 0 0.477054836525662 17.999999988549796 
4 5 0 1.722449903100748 15.99999934563056 
5 5 0 5.918609996099102 13.999999999999998 
4 4 0 1.722449897192044 15.99999876357818 
5 4 0 5.91860999609911 14.0 
3 11 0 2.0 6.0 
3 10 0 1.9999999999999993 6.0 
3 9 2 1.374744268734088 13.249793974525991 
3 8 2 1.3747442687305693 13.249794134837648 
3 7 0 0.47705483674235694 17.270967228256797 
3 6 0 0.47705483660464904 17.270967229536804 
3 5 0 0.7355530294480047 17.999999995112898 
3 4 0 0.7355530292849041 17.99999999755506 
3 3 0 1.9638333149198055 14.449852737188515 
4 3 0 3.7769569648837535 12.434557318524462 
3 2 0 1.9638333169611208 14.449852906733325 
4 2 0 3.77695696488376 12.434557318524464 
2 11 0 4.0 4.0 
2 10 0 4.0 4.0 
2 9 0 1.9822247102928299 11.658229852274983 
2 8 0 1.9822247102927686 11.6582301293754 
2 7 1 0.621729066682453 15.771280074406187 
2 6 1 0.6217290667049984 15.771279525882218 
2 5 2 0.7355530292821804 17.999999484089663 
2 4 2 0.7355530292821761 17.999999302701845 
2 3 0 0.978754066194179 15.99999998548889 
2 2 0 0.9787540659170183 15.999999837827707 
2 1 0 2.351184676259817 12.642119609810011 
3 1 0 3.792094153527915 9.297808299907281 
2 0 0 2.3511846762653925 12.642119538455411 
3 0 0 3.792094153527914 9.29780829990728 
1 9 0 4.999999999999999 9.999999999999998 
1 8 0 5.0 10.0 
1 7 0 2.77941338754696 13.999999683647696 
1 6 0 2.7794133854166714 13.999999970778303 
1 5 0 0.8924464705036472 17.999999955705388 
1 4 0 0.8924464708586893 17.99999992354337 
1 3 1 0.9787540659152427 17.75689141942263 
1 2 1 0.9787540659152322 17.756886002800055 
1 1 0 1.0104908022501013 14.694479213669005 
1 0 0 1.0104908030080189 14.694479214132288 
1 -1 0 3.4558444504855994 10.006916502163765 
2 -1 0 5.0 5.0 
1 -2 0 3.4558444504855967 10.006916502163767 
2 -2 0 5.0 5.0 
0 9 0 6.0 6.0 
0 8 0 6.0 6.0 
0 7 0 2.9457902021502425 12.020021933967024 
0 6 0 2.9457902021754405 12.020021933967037 
0 5 0 1.047534532002495 15.99999997208609 
0 4 0 1.0475345320024674 15.999999979056621 
0 3 3 1.4038037777097756 17.756885282049 
0 2 3 1.4038037777097763 17.756891776437175 
0 1 3 1.4169406428331435 15.485542774583651 
0 0 3 1.4169406428445688 15.48554240703726 
0 -1 0 0.9661887825043345 12.174003309575815 
0 -2 0 0.9661887825043376 12.174003296721267 
-1 7 0 7.999999999999998 10.0 
-1 6 0 8.0 10.0 
-1 5 0 3.3281514065773576 13.999999998749958 
-1 4 0 3.3281514032433592 13.999999999727063 
-1 3 0 1.4038037777127381 16.42059700955332 
-1 2 0 1.403803777829885 16.42059698585548 
-1 1 1 1.2499363979787197 15.48554287638221 
-1 0 1 1.2499363979788618 15.485542274724182 
-1 -1 0 0.48732366720020653 12.561533861655636 
-1 -2 0 0.48732366690937196 12.561533894943963 
-1 -3 0 1.4039723209338155 8.52952680006946 
0 -3 0 3.0 3.0 
-1 -4 0 1.403972320933815 8.529526800069467 
0 -4 0 3.0 3.0 
-2 7 0 8.0 8.0 
-2 6 0 8.0 8.0 
-2 5 0 5.035991339026632 12.0 
-2 4 0 5.035991339026632 12.000000000000002 
-2 3 0 3.175409746115561 14.927879855349243 
-2 2 0 3.1754097452716863 14.927879781746993 
-2 1 0 1.2499363981723906 14.893583845570092 
-2 0 0 1.249936399718672 14.893583845832655 
-2 -1 0 0.4873236669090954 12.643478793356044 
-2 -2 0 0.487323666944123 12.643478792227553 
-2 -3 1 1.403972320933816 8.624107561342498 
-2 -4 1 1.4039723209338149 8.624107561342502 
-3 5 0 10.0 10.0 
-3 4 0 10.0 10.0 
-3 3 0 6.963676794209648 13.477606592609922 
-3 2 0 6.963676794209645 13.47760659260992 
-3 1 0 4.776176231213316 14.127363787097975 
-3 0 0 4.776176231213317 14.127363787097977 
-3 -1 0 3.0978240448727083 12.643478793356072 
-3 -2 0 3.097824044872707 12.643478793356072 
-3 -3 0 1.6010104019926386 8.624107561342502 
-3 -4 0 1.6010104019926388 8.624107561342498 
-3 -5 0 1.0 1.0 
-2 -5 0 1.0 1.0 
-3 -6 0 1.0 1.0 
-2 -6 0 1.0 1.0 
