5 15 0 0.9999999999999996 3.0 
6 15 0 3.0 3.0 
5 14 0 1.0000000000000004 3.0 
6 14 0 3.0 3.0 
5 13 0 0.7511063760422783 10.339492256529287 
6 13 0 4.365391017582585 10.339492256529287 
5 12 0 0.7511063760422793 10.339492256529283 
6 12 0 4.365391017582586 10.339492256529288 
5 11 0 1.7649746046563508 13.09617730124669 
6 11 0 5.945915784613948 11.942820057795839 
5 10 0 1.7649746046416717 13.09617708532328 
6 10 0 5.9459157846139465 11.942820057795837 
5 9 0 3.130397965373578 12.000000000000002 
6 9 0 10.0 10.0 
5 8 0 3.1303979653735796 12.000000000000002 
6 8 0 10.0 10.0 
4 15 0 1.0000000000000002 3.0 
4 14 0 0.9999999999999996 3.0 
4 13 0 0.34636942359984724 9.11372964883116 
4 12 0 0.34636942359984824 9.113729648831168 
4 11 0 0.3685471974611658 13.096177301152258 
4 10 0 0.36854719746425296 13.096177301246364 
4 9 0 0.4659029558539884 13.999999999999064 
4 8 0 0.46590295607410276 13.999999773097237 
4 7 0 2.246477176671717 9.999999995555562 
5 7 0 5.267949192431123 8.732050807568879 
4 6 0 2.246477176671718 9.999999998810486 
5 6 0 5.267949192431123 8.732050807568877 
3 13 0 0.34636942359984657 7.566540854411102 
3 12 0 0.3463694235998479 7.5665408544111035 
3 11 1 0.36854719746070486 11.712387656136972 
3 10 1 0.368547197460708 11.712387487178036 
3 9 2 0.8260923808859997 13.999999892896717 
3 8 2 0.46590295585395725 13.999999862990062 
3 7 1 0.9962659652389035 11.999999995615838 
3 6 1 0.9962659652389046 11.999999999684121 
3 5 0 1.9999999999999996 7.0 
4 5 0 3.9999999999999996 6.000000000000001 
3 4 0 2.0 7.0 
4 4 0 4.0 6.0 
2 11 0 1.16626541026069 9.999999999999996 
2 10 0 1.1662654102606897 10.0 
2 9 0 0.28073165409314044 13.708577903755108 
2 8 0 0.2807316540923252 13.708577688859288 
2 7 0 0.24837387332537872 13.38061792202062 
2 6 0 0.24837387331010707 13.38061797781691 
2 5 0 0.6359312315260229 9.820258846364345 
2 4 0 0.63593123152602 9.820258846364343 
1 11 0 2.9999999999999996 7.0 
1 10 0 3.0000000000000004 7.0 
1 9 0 0.28073165409365086 11.999999981008276 
1 8 0 0.2807316540923182 11.999999979353424 
1 7 1 0.24837387330869695 13.999999999973257 
1 6 1 0.24837387330869842 13.999999604549405 
1 5 2 0.63593123152602 11.259314215599138 
1 4 2 0.6359312315260215 11.259314213277607 
0 9 0 5.0 9.000000000000002 
0 8 0 5.000000000000001 9.0 
0 7 0 1.905832345234489 14.000000000000002 
0 6 0 1.905832345234489 14.0 
0 5 0 1.2650921485189728 12.605551275463988 
0 4 0 1.265092148518978 12.605551275463988 
0 3 0 2.0000000000000004 4.0 
1 3 1 2.0 3.9999999999999996 
0 2 0 1.9999999999999993 4.0 
1 2 1 1.9999999999999996 4.000000000000001 
-1 7 0 11.0 11.0 
-1 6 0 11.0 11.0 
-1 5 0 5.394448724536011 12.60555127546399 
-1 4 0 5.39444872453601 12.605551275463988 
-1 3 0 4.0 4.0 
-1 2 0 4.0 4.0 
