4 8 0 4.0 8.0 
5 8 0 8.0 8.0 
4 7 0 3.9999999999999987 8.0 
5 7 0 8.0 8.0 
4 6 0 3.6949541414806912 18.47213595373443 
5 6 0 9.52786404500042 18.47213595499958 
4 5 0 3.694954141480532 18.472135944839028 
5 5 0 9.52786404500042 18.47213595499958 
4 4 0 4.880069287908673 19.999999999906592 
5 4 0 18.0 18.0 
4 3 0 4.880069287908652 19.999999999891916 
5 3 0 18.0 18.0 
3 8 0 0.9999999999999992 8.000000000000002 
3 7 0 1.0000000000000016 8.0 
3 6 0 0.9730765392585565 16.93493438537265 
3 5 0 0.9730765392618539 16.934934385397593 
3 4 0 1.3196648272173108 19.99999999888688 
3 3 0 1.3196648250067264 19.999999993390695 
3 2 0 2.226364297462744 18.896683569164672 
4 2 0 7.655618139929578 16.869057421967685 
3 1 0 2.2263643001712707 18.896683566169283 
4 1 0 7.655618139929583 16.869057421967693 
2 8 0 1.0000000000000036 8.0 
2 7 0 0.9999999999999996 8.000000000000002 
2 6 1 0.9730765392574817 15.373703116271036 
2 5 1 0.9730765392574796 15.373703313328496 
2 4 1 0.7757743721060186 18.956728099545394 
2 3 1 0.7757743718879108 18.956727981678984 
2 2 0 0.5508161798297215 19.805299519261983 
2 1 0 0.5508161799524396 19.805297694752564 
2 0 0 1.4756624326860874 16.99999855582459 
3 0 0 4.512497390814661 15.000000000000002 
2 -1 0 1.4756624327838426 16.99999869242598 
3 -1 0 4.512497390814658 14.999999999999998 
1 8 0 2.9999999999999996 7.000000000000003 
1 7 0 3.0 7.0 
1 6 0 1.1672093948675988 13.889824795708408 
1 5 0 1.1672093948691893 13.88982476656796 
1 4 0 0.48454064701580135 17.864408474549627 
1 3 0 0.48454064704052074 17.86440844966426 
1 2 0 0.5508161798715683 19.805299305689573 
1 1 0 0.5508161798250604 19.805211087297103 
1 0 0 1.0082671478057568 18.62725540480188 
1 -1 0 1.0082671461852821 18.627255635263854 
1 -2 0 1.7342825565860842 15.745183035482343 
2 -2 0 3.783895973965997 13.28138600147984 
1 -3 0 1.7342825566246542 15.7451833549002 
2 -3 0 3.7838959739658344 13.281385635381595 
0 8 0 3.999999999999999 7.0 
0 7 0 4.0 6.999999999999999 
0 6 0 1.864437006745958 12.571181646872523 
0 5 0 1.8644370068489853 12.571181662520923 
0 4 0 0.4845406470422102 16.56528809815681 
0 3 0 0.4845406471314642 16.565288257543788 
0 2 2 0.9263034405013216 19.75012685963838 
0 1 2 0.9263034414404498 19.75012683987218 
0 0 2 0.7080265020562571 19.575231246008077 
0 -1 2 0.7080265020562578 19.57523105506451 
0 -2 0 0.5623266870154779 16.728704918906935 
0 -3 0 0.5623266870139223 16.728705487739887 
0 -4 0 1.3379281002491537 13.76524073690647 
1 -4 0 3.9819047373615772 11.461957288961687 
0 -5 0 1.3379280992312863 13.765241245102967 
1 -5 0 3.9819047373615772 11.461957288961688 
-1 8 0 6.0 6.0 
-1 7 0 6.0 6.0 
-1 6 0 3.810913666804716 11.73205080756887 
-1 5 0 3.810913666804715 11.732050807568877 
-1 4 0 2.190128810803838 15.44060332735259 
-1 3 0 2.1901288105401977 15.440603324787693 
-1 2 0 1.0166248415070345 18.999999699128065 
-1 1 0 1.0166248414998798 18.999999999692584 
-1 0 0 0.4382115264963884 19.57523014910205 
-1 -1 0 0.43821152649258355 19.575230548341317 
-1 -2 0 0.5623266870711576 18.176134530463614 
-1 -3 0 0.5623266870685713 18.176134492786456 
-1 -4 0 1.0030774587369204 15.317807095999541 
-1 -5 0 1.0030774620593734 15.3178070239961 
-1 -6 0 1.7522099544013872 11.325022350049567 
0 -6 0 3.585786437626905 8.628651281742755 
-1 -7 0 1.7522099544005407 11.325022350049569 
0 -7 0 3.5857864376269037 8.628651281742755 
-2 6 0 6.0 10.732050807568873 
-2 5 0 6.0 10.732050807568877 
-2 4 0 3.5612640905591246 14.732050806965717 
-2 3 0 3.561264090538549 14.73205080110948 
-2 2 0 1.6077338185742764 16.999999997969397 
-2 1 0 1.6077338185749812 16.999999998316756 
-2 0 0 0.4382115265294567 18.79766475413699 
-2 -1 0 0.4382115266524124 18.797664719211554 
-2 -2 1 0.604490804101707 18.186648100536996 
-2 -3 1 0.6044908041017044 18.186647846407922 
-2 -4 1 0.7122547914480426 16.215681417427138 
-2 -5 1 0.7122547914480416 16.215681458014625 
-2 -6 0 0.580289202600351 12.611998258440186 
-2 -7 0 0.580289202610706 12.611998258428041 
-2 -8 0 1.5857864376269046 6.91281951266112 
-1 -8 0 4.0 4.0 
-2 -9 0 1.5857864376269042 6.912819512661121 
-1 -9 0 4.0 4.0 
-3 6 0 8.0 8.0 
-3 5 0 8.0 8.0 
-3 4 0 5.563966476434383 12.732050807568875 
-3 3 0 5.563966476434378 12.732050807568879 
-3 2 0 3.5231051535286038 15.999999997347606 
-3 1 0 3.5231051719698665 15.99999999969267 
-3 0 0 2.0202328199389745 17.557718102247875 
-3 -1 0 2.02023281993646 17.55771810351783 
-3 -2 0 1.0037065549487112 18.18664794977606 
-3 -3 0 1.0037065543614219 18.186647933023 
-3 -4 0 0.7122547917634443 16.233076935550027 
-3 -5 0 0.7122547921949376 16.233076417181564 
-3 -6 0 0.5802892025981561 13.654061216733918 
-3 -7 0 0.5802892025982734 13.654061236082569 
-3 -8 0 1.001379941862805 8.578939709328642 
-3 -9 0 1.0013799418628047 8.578939709328637 
-4 4 0 10.000000000000002 10.0 
-4 3 0 10.0 10.0 
-4 2 0 7.0812594617015 14.000000000000004 
-4 1 0 7.0812594617015 14.0 
-4 0 0 4.81658883289809 16.33379957840995 
-4 -1 0 4.81658883290044 16.333799503612614 
-4 -2 0 2.9581375866890176 17.075270050365962 
-4 -3 0 2.958137586712951 17.07527002245866 
-4 -4 0 1.7765034744203985 16.233076043953464 
-4 -5 0 1.7765034713640269 16.2330752297339 
-4 -6 0 1.0788971670007534 13.674993620487948 
-4 -7 0 1.078897167003494 13.674993620468042 
-4 -8 0 1.001379941862802 8.589338785836077 
-4 -9 0 1.001379941862811 8.589338785853641 
-4 -10 0 1.9999999999999998 2.0 
-3 -10 0 2.0 2.0 
-4 -11 0 2.0 2.0 
-3 -11 0 2.0 2.0 
-5 2 0 12.0 12.0 
-5 1 0 12.0 12.0 
-5 0 0 9.032911025398185 14.4851322123698 
-5 -1 0 9.032911025398183 14.485132212369804 
-5 -2 0 6.307837688210083 16.022110933103626 
-5 -3 0 6.307837688210077 16.02211093310363 
-5 -4 0 4.638179225438497 16.08725558713482 
-5 -5 0 4.638179225438495 16.087255587134816 
-5 -6 0 3.44535349556227 13.674993620488825 
-5 -7 0 3.4453534955622693 13.674993620488822 
-5 -8 0 2.6433245884158856 8.589338785853666 
-5 -9 0 2.6433245884158856 8.589338785853665 
-5 -10 0 2.0 2.0 
-5 -11 0 2.0 2.0 
