3 9 1 2.0 2.0 
4 9 0 2.0 2.0 
3 8 1 2.0000000000000004 2.0000000000000004 
4 8 0 2.0 2.0 
3 7 1 0.26103533577929827 12.358898943540675 
4 7 0 1.9999999999999996 12.358898943540675 
3 6 1 0.2610353357792963 12.35889894354067 
4 6 0 1.9999999999999998 12.358898943540671 
3 5 0 0.2610353357792983 15.304662220696095 
4 5 0 2.9999999999999996 14.358898943540677 
3 4 0 0.26103533577929633 15.304662186895975 
4 4 0 2.999999999999999 14.35889894354067 
3 3 0 0.7936929453443285 17.304662237101635 
4 3 0 4.641101056459329 15.66165283261099 
3 2 0 0.7936929454007451 17.30466222354832 
4 2 0 4.641101056459326 15.66165283261099 
3 1 0 1.7936929452930634 16.304662267437404 
4 1 0 5.870789136422262 14.66165283261099 
3 0 0 1.7936929452931152 16.304662077068155 
4 0 0 5.870789136422263 14.66165283261099 
3 -1 0 3.288110223853865 15.000000000000007 
4 -1 0 11.0 11.0 
3 -2 0 3.28811022385387 15.000000000000005 
4 -2 0 11.0 11.0 
2 7 0 0.26103533577929633 10.993280231150596 
2 6 0 0.2610353357792941 10.993280231150594 
2 5 1 0.2610353357792968 15.3046622193354 
2 4 1 0.2610353357792982 15.304662036345063 
2 3 1 0.549865304911953 17.30466226741551 
2 2 1 0.5498653049119615 17.304661544597504 
2 1 0 0.5498653049119586 17.99999999819219 
2 0 0 0.5498653049119689 17.99999999852901 
2 -1 0 1.5498653049119553 16.99999999996647 
2 -2 0 1.5498653058821852 16.999999999878202 
2 -3 0 5.315840797461915 13.000000000000004 
3 -3 0 7.000000000000001 9.0 
2 -4 0 5.315840797461915 13.0 
3 -4 0 7.0 9.0 
1 7 0 3.0 6.000000000000001 
1 6 0 2.999999999999999 6.000000000000001 
1 5 1 1.244097291148694 13.999999984319574 
1 4 1 1.244097291148697 13.999999917152861 
1 3 1 0.5403661059518761 17.30466226736303 
1 2 1 0.54036610586408 17.304662256436856 
1 1 0 0.5403661058573276 17.999999970821612 
1 0 0 0.5403661060313065 17.999999971574734 
1 -1 0 0.9259811118287561 16.999999994454182 
1 -2 0 0.9259811111507092 16.999999976305435 
1 -3 0 1.9259811111505714 14.999999805930171 
1 -4 0 1.9259811111490202 14.999999410768957 
0 7 0 3.0000000000000013 6.0 
0 6 0 3.0000000000000004 5.999999999999999 
0 5 0 1.3418987797710697 12.141806923292904 
0 4 0 1.3418987797418793 12.141806872584315 
0 3 2 0.5403661058496868 15.999999860892203 
0 2 2 0.5403661058496896 15.99999948757651 
0 1 4 0.8356544581624911 17.999999945664033 
0 0 4 0.835654458162489 17.99999996489448 
0 -1 2 0.5841439163909432 17.72455118202326 
0 -2 2 0.5841439163909433 17.72451745166447 
0 -3 0 0.5841439164442871 16.724383659273986 
0 -4 0 0.5841439168080041 16.723829962068397 
0 -5 0 1.5841439163909516 12.999999963267937 
1 -5 0 3.7604683456862693 11.0 
0 -6 0 1.584143916443496 12.99999996613005 
1 -6 0 3.7604683456862698 10.999999999999996 
-1 7 0 5.0 5.0 
-1 6 0 5.0 5.0 
-1 5 0 2.8869337935122266 10.778405233288755 
-1 4 0 2.886933793512228 10.778405233288753 
-1 3 0 1.388132836614563 14.141806922443903 
-1 2 0 1.3881328428302007 14.14180668667158 
-1 1 0 0.6341976576356296 17.999999999646512 
-1 0 0 0.6341976576339795 17.999999999852033 
-1 -1 1 0.584143916391242 17.724553820535007 
-1 -2 1 0.5841439163941045 17.724459259217994 
-1 -3 1 0.5841439163909393 16.723786176701637 
-1 -4 1 0.5841439163909437 16.724538538617338 
-1 -5 0 0.8552189258793054 14.687897803327116 
-1 -6 0 0.8552189258791639 14.687897793570293 
-1 -7 0 1.855218925879109 10.954138589997367 
0 -7 0 3.436146637290267 8.484851177101993 
-1 -8 0 1.8552189258791087 10.954138589108965 
0 -8 0 3.4361466372902663 8.48485117710199 
-2 5 0 6.267949192431122 9.732050807568875 
-2 4 0 6.267949192431123 9.732050807568875 
-2 3 0 3.659798348495723 12.999999998528464 
-2 2 0 3.6597983693929512 12.999999836175927 
-2 1 0 1.6008562898355805 15.822189968675357 
-2 0 0 1.6008562898456737 15.82218997181426 
-2 -1 1 1.073644280477207 17.72454523775158 
-2 -2 1 1.0736442809880158 17.724180387253593 
-2 -3 1 0.3237937380747515 16.72449793905417 
-2 -4 1 0.3237937380747523 16.723608761001397 
-2 -5 0 0.32379373807765355 14.687897797443318 
-2 -6 0 0.3237937380761643 14.687897793781923 
-2 -7 0 1.2679491928733617 12.26380057450722 
-2 -8 0 1.2679491924311248 12.263800598099367 
-2 -9 0 2.267949192431122 7.467932364866076 
-1 -9 0 4.0 4.0 
-2 -10 0 2.2679491924311224 7.46793236486608 
-1 -10 0 4.0 4.0 
-3 5 0 7.0 7.0 
-3 4 0 7.0 7.0 
-3 3 0 4.42741785729174 11.732050807568877 
-3 2 0 4.427417857291736 11.732050807568875 
-3 1 0 2.593170994399476 14.99999999999753 
-3 0 0 2.5931709943994763 14.999999915702483 
-3 -1 0 1.134650110331099 16.38757770362123 
-3 -2 0 1.134650110332923 16.387577169912156 
-3 -3 0 0.32379373807475026 15.687897560704668 
-3 -4 0 0.32379373807475254 15.687897793443604 
-3 -5 1 0.32379373807474915 14.687897788066985 
-3 -6 1 0.3237937380747514 14.687897791833581 
-3 -7 1 1.0000000000000013 12.317481456078092 
-3 -8 1 0.9999999999999963 12.317481457088062 
-3 -9 0 1.0 8.926715558373415 
-3 -10 0 0.9999999999999996 8.926715558373413 
-4 3 0 9.0 9.0 
-4 2 0 9.0 9.0 
-4 1 0 6.122798900473705 12.999999999999996 
-4 0 0 6.122798900473705 13.000000000000004 
-4 -1 0 4.274776164574608 15.0579579564447 
-4 -2 0 4.274776164606079 15.05795795645612 
-4 -3 0 2.8328242435947075 15.674393218615972 
-4 -4 0 2.832824235671003 15.67439315642134 
-4 -5 0 1.5424743958758191 14.674393174871511 
-4 -6 0 1.5424743953068834 14.674393220599619 
-4 -7 0 1.000000000064819 12.317481457689496 
-4 -8 0 1.0000000000030123 12.31748127658616 
-4 -9 0 0.9999999999999992 8.926715558373406 
-4 -10 0 1.0 8.926715558373411 
-4 -11 0 2.0 2.0 
-3 -11 0 2.0 2.0 
-4 -12 0 2.0 2.0 
-3 -12 0 2.0 2.0 
-5 1 0 11.0 11.0 
-5 0 0 11.0 11.0 
-5 -1 0 8.122798900473706 13.728474029966211 
-5 -2 0 8.122798900473702 13.728474029966211 
-5 -3 0 6.2747761645695945 14.685131586213988 
-5 -4 0 6.274776164569592 14.685131586213984 
-5 -5 0 4.832824235670747 13.685131586213988 
-5 -6 0 4.832824235670746 13.68513158621399 
-5 -7 0 3.542474395064917 12.317481457689503 
-5 -8 0 3.5424743950649167 12.317481457689505 
-5 -9 0 2.542474395064919 8.926715558373408 
-5 -10 0 2.5424743950649185 8.926715558373408 
-5 -11 0 2.0 2.0 
-5 -12 0 2.0 2.0 
