2 6 0 4.0 4.0 
3 6 0 4.0 4.0 
2 5 0 4.0 4.0 
3 5 0 4.0 4.0 
2 4 0 2.700888385768038 10.672823701000942 
3 4 0 4.6791155005525145 10.672823701000947 
2 3 0 2.7008883857680392 10.672823701000944 
3 3 0 4.6791155005525145 10.672823701000949 
2 2 0 3.3314862059541013 13.17299822331755 
3 2 0 6.875114580235423 11.76155718183189 
2 1 0 3.3314861991283315 13.172998222657714 
3 1 0 6.875114580235425 11.76155718183189 
2 0 0 4.237622856787157 13.000000000000005 
3 0 0 11.0 11.0 
2 -1 0 4.237622856787148 12.999999999999998 
3 -1 0 11.0 11.0 
1 6 0 4.0 4.0 
1 5 0 3.9999999999999996 4.0 
1 4 0 0.9915291510259728 10.150092196024598 
1 3 0 0.991529151032951 10.150091735089957 
1 2 0 0.9612140683504341 13.172998223603855 
1 1 0 0.9612140683505656 13.172998199290982 
1 0 0 1.517090393841447 13.712722047380382 
1 -1 0 1.517090394013285 13.712722050331646 
1 -2 0 2.512329719963976 11.740659239191451 
2 -2 0 7.999999999999999 10.0 
1 -3 0 2.512329719980157 11.740659165377206 
2 -3 0 8.0 10.0 
0 6 0 4.0 4.0 
0 5 0 4.0 4.0 
0 4 0 0.9915291510259403 9.655414113244078 
0 3 0 0.9915291510259401 9.65541411019575 
0 2 1 0.9612140683504083 12.331612126963757 
0 1 1 0.9612140683504071 12.33161211717266 
0 0 1 0.5069240129173761 13.712721640090324 
0 -1 1 0.5069240129173738 13.712722046165242 
0 -2 0 0.3165015164825674 12.498519429019385 
0 -3 0 0.3165015164819836 12.498518446905367 
0 -4 0 1.3296320932323011 9.938905310111906 
1 -4 0 5.0 9.0 
0 -5 0 1.3296320932629615 9.938905311183825 
1 -5 0 5.000000000000001 9.0 
-1 6 0 4.0 4.0 
-1 5 0 4.0 4.0 
-1 4 0 2.489221025766551 8.845008205795502 
-1 3 0 2.4892210257665512 8.845008205795498 
-1 2 0 1.2102189034000903 11.644209819854076 
-1 1 0 1.2102189034001016 11.644209820061903 
-1 0 0 0.5069240129173797 13.678555116388695 
-1 -1 0 0.506924013089471 13.678555118278172 
-1 -2 0 0.31650151658823206 13.29610382183281 
-1 -3 0 0.31650151648199876 13.296103592607185 
-1 -4 0 0.7843772700344811 11.241614121993965 
-1 -5 0 0.7843772699141046 11.241614130240906 
-1 -6 0 1.6216997498613202 7.954761187778602 
0 -6 0 3.999999999999999 6.000000000000001 
-1 -7 0 1.6216997498613208 7.954761187778605 
0 -7 0 4.0 6.0 
-2 4 0 4.999999999999999 6.999999999999999 
-2 3 0 5.0 7.0 
-2 2 0 3.1418856584069217 10.007858945046983 
-2 1 0 3.1418856584058936 10.00785894504699 
-2 0 0 1.7212605149241287 12.99999999999048 
-2 -1 0 1.7212605149215476 12.999999995477177 
-2 -2 0 0.925382327702263 13.29610382398984 
-2 -3 0 0.9253823277389188 13.296103633320328 
-2 -4 0 0.784377269910314 12.01540762057375 
-2 -5 0 0.7843772699105586 12.015407620579074 
-2 -6 0 1.621699749861322 8.729023644908773 
-2 -7 0 1.621699749861321 8.72902364490881 
-2 -8 0 3.0 3.0 
-1 -8 0 3.0 3.0 
-2 -9 0 3.0 3.0 
-1 -9 0 3.0 3.0 
-3 2 0 7.0 9.0 
-3 1 0 6.999999999999999 9.0 
-3 0 0 4.615270211997582 11.10461076182977 
-3 -1 0 4.615270211997583 11.104610761829766 
-3 -2 0 2.9138567505988253 12.22652289311223 
-3 -3 0 2.913856750784823 12.226522881613734 
-3 -4 0 2.0943253161626045 12.015407423138463 
-3 -5 0 2.0943253161274376 12.01540748336176 
-3 -6 0 1.6581969510785906 9.013205059831076 
-3 -7 0 1.6581969510785888 9.013205059831071 
-3 -8 0 2.9999999999999996 3.0000000000000004 
-3 -9 0 3.0 3.0 
-4 0 0 10.0 10.0 
-4 -1 0 10.0 10.0 
-4 -2 0 7.050613462269561 11.352842775613269 
-4 -3 0 7.05061346226956 11.35284277561327 
-4 -4 0 5.026830660095658 11.369675322887652 
-4 -5 0 5.026830660095655 11.369675322887653 
-4 -6 0 3.7124657396880347 9.013205059831071 
-4 -7 0 3.7124657396880356 9.013205059831073 
-4 -8 0 3.0 3.0 
-4 -9 0 3.0 3.0 
