3 9 0 1.0 1.0 
4 9 0 1.0 1.0 
3 8 0 1.0 1.0 
4 8 0 1.0 1.0 
3 7 1 1.1368360437013798 8.12682038036541 
4 7 0 1.1368360437013787 8.12682038036541 
3 6 1 1.136836043701379 8.126820380365416 
4 6 0 1.1368360437013778 8.126820380365414 
3 5 0 0.2415996887489853 11.691012002083186 
4 5 0 1.6058506302401423 11.691012144624393 
3 4 0 0.24159968874897786 11.691012144624336 
4 4 0 1.6058506302401403 11.691012144624391 
3 3 0 0.8866608889286461 14.586262769658507 
4 3 0 2.6298202915435946 14.147838510438572 
3 2 0 0.886660888903628 14.586263343850165 
4 2 0 2.6298202915435946 14.147838510438575 
3 1 0 1.9495713226080442 15.24533694839828 
4 1 0 4.307653949601106 14.288055458080887 
3 0 0 1.9495713223619124 15.245337280721976 
4 0 0 4.307653949601105 14.288055458080894 
3 -1 0 3.293971324151905 14.031079059660508 
4 -1 0 6.553004273712963 12.816007067494496 
3 -2 0 3.293971324222033 14.031086665963741 
4 -2 0 6.553004273712963 12.816007067494498 
3 -3 0 5.03450394290708 12.000000000000004 
4 -3 0 10.0 10.0 
3 -4 0 5.034503942907083 12.000000000000002 
4 -4 0 10.0 10.0 
2 7 0 1.2207550739769448 7.264480149942903 
2 6 0 1.220755073976945 7.264480149942903 
2 5 0 0.24159968875035967 11.573590166814736 
2 4 0 0.24159968875096402 11.573590230663878 
2 3 1 0.8866608888868616 14.586263338339334 
2 2 1 0.8866608888868619 14.58626329198056 
2 1 0 0.8084110330817587 15.907302068571228 
2 0 0 0.8084110330773338 15.907302913652797 
2 -1 0 2.6205683389757053 15.586343297719441 
2 -2 0 2.6205683389490364 15.586343299582994 
2 -3 0 4.808876929807616 13.999999392446176 
2 -4 0 4.8088768933078505 13.999999807428877 
2 -5 0 7.267949192431122 10.732050807568877 
3 -5 0 8.0 8.0 
2 -6 0 7.267949192431123 10.732050807568875 
3 -6 0 8.0 8.0 
1 7 0 2.9999999999999996 3.0 
1 6 0 3.0 3.0000000000000004 
1 5 0 0.8446366310003093 10.770769053612657 
1 4 0 0.8446366310003082 10.770769053654988 
1 3 1 0.8180262002503466 14.495962702908558 
1 2 1 0.8180262002503372 14.495962654445508 
1 1 0 0.5595960331480813 15.907302194239604 
1 0 0 0.559596033122733 15.90730240715623 
1 -1 0 1.2681857904987373 16.40468024917225 
1 -2 0 1.268185790500706 16.40468019268614 
1 -3 0 2.617605358933888 14.825830098151481 
1 -4 0 2.617605358448185 14.825830159601317 
1 -5 0 4.215034043370084 12.618760896652477 
1 -6 0 4.2150340433702755 12.618760896662351 
0 5 0 1.9019518274728584 7.228328215946632 
0 4 0 1.9019518274728586 7.228328215946636 
0 3 0 0.8180262002508139 13.263202638277702 
0 2 0 0.818026200250742 13.263202657289648 
0 1 2 0.5595960331201223 15.835475570779352 
0 0 2 0.5595960331201205 15.835466709816934 
0 -1 2 1.0077815760643076 17.789120685131948 
0 -2 2 1.0077815760641469 17.78997644027086 
0 -3 0 0.8696758593153918 15.999999613760169 
0 -4 0 0.8696758593389989 15.999999332333852 
0 -5 0 2.185528084330557 13.334521392164964 
0 -6 0 2.1855280846162657 13.3345212485542 
0 -7 0 3.999999999999999 8.0 
1 -7 0 6.0 6.0 
0 -8 0 3.9999999999999996 8.0 
1 -8 0 6.0 6.0 
-1 3 0 2.1317641573178094 10.45970508116199 
-1 2 0 2.1317641573178143 10.459705080649979 
-1 1 0 1.20230419093702 14.999999502858532 
-1 0 0 1.2023041909336776 14.99999999854204 
-1 -1 0 0.5985959902381413 17.790854756811235 
-1 -2 0 0.5985959887079086 17.790920665683075 
-1 -3 1 0.8696758593153691 17.999999999606842 
-1 -4 1 0.8696758593153667 17.999999805361984 
-1 -5 0 1.6992058027562926 14.286152023025492 
-1 -6 0 1.6992058036569904 14.286152021140303 
-1 -7 0 3.999999999999999 8.000000000000002 
-1 -8 0 3.9999999999999996 8.0 
-2 1 0 2.5745995126456966 13.13738225943703 
-2 0 0 2.5745995126456647 13.137382259414379 
-2 -1 0 1.1465475111327077 15.999998969741222 
-2 -2 0 1.146547511232596 15.99999869759268 
-2 -3 1 0.9694091959610528 17.999999948759605 
-2 -4 1 0.9694091959610525 17.999999978672264 
-2 -5 0 0.47832708413020064 15.270511339053252 
-2 -6 0 0.4783270842599653 15.27051134248142 
-2 -7 0 1.9999999999999996 8.000000000000002 
-2 -8 0 1.9999999999999962 8.000000000000002 
-3 -1 0 2.4125798114826535 14.999999999999998 
-3 -2 0 2.41257981148266 15.0 
-3 -3 0 0.969409195961057 17.999999901644806 
-3 -4 0 0.9694091959619828 17.99999998858705 
-3 -5 0 0.4783270841174256 16.596159284787614 
-3 -6 0 0.47832708411741454 16.59615928258245 
-3 -7 1 1.9999999999999991 8.999999999999998 
-3 -8 1 1.9999999999999998 9.000000000000002 
-4 -3 0 6.114167993312049 16.0 
-4 -4 0 6.114167993312057 16.0 
-4 -5 0 3.8469281334775074 18.0 
-4 -6 0 3.8469281334775047 18.000000000000004 
-4 -7 0 4.000000000000003 9.0 
-4 -8 0 3.999999999999996 9.0 
-5 -5 0 18.0 18.0 
-5 -6 0 18.0 18.0 
-5 -7 0 9.0 9.0 
-5 -8 0 9.0 9.0 
