3 9 0 1.9999999999999993 4.0 
4 9 0 4.0 4.0 
3 8 0 2.0 4.0 
4 8 0 4.0 4.0 
3 7 0 1.982860118503211 10.249140538129552 
4 7 0 4.897224950903359 10.24914053812955 
3 6 0 1.982860118503211 10.249140538129549 
4 6 0 4.897224950903358 10.249140538129549 
3 5 0 2.33540251362081 12.894444429628733 
4 5 0 7.318669356395023 12.323404276086476 
3 4 0 2.335402513649028 12.894444636224833 
4 4 0 7.318669356395022 12.323404276086478 
3 3 0 3.392391354500362 12.999999999999998 
4 3 0 11.0 11.0 
3 2 0 3.3923913545003628 13.000000000000005 
4 2 0 11.0 11.0 
2 9 0 2.0000000000000004 4.0 
2 8 0 2.0 4.0 
2 7 0 0.9966089811579616 10.162349018645576 
2 6 0 0.996608981180285 10.162349031578387 
2 5 0 0.9753085415366669 12.894444857766686 
2 4 0 0.9753085414414174 12.894444640818056 
2 3 0 1.463672989031121 13.69398490536668 
2 2 0 1.4636729869351035 13.69398493313552 
2 1 0 2.5474586552407446 10.999999999937641 
3 1 0 7.0 10.0 
2 0 0 2.5474586405128026 10.999999866727642 
3 0 0 7.000000000000002 10.000000000000002 
1 9 0 1.9999999999999998 4.0 
1 8 0 1.9999999999999998 4.0 
1 7 1 0.9966089811451657 8.434101370147562 
1 6 1 0.9966089811451627 8.434101370146099 
1 5 3 0.9753085414413851 12.175716121886856 
1 4 3 0.9753085414413851 12.175716121959024 
1 3 3 0.9425478799118289 13.693984910196017 
1 2 3 0.4386724891039096 13.693984884784795 
1 1 1 0.5687388190362712 12.249300170993731 
1 0 1 0.5687388190362758 12.249300174697355 
1 -1 0 0.9854697988970613 9.308700643657803 
2 -1 0 4.0 8.0 
1 -2 0 0.9854697988970598 9.308700643657806 
2 -2 0 4.000000000000001 8.0 
0 7 0 3.0000000000000004 7.0 
0 6 0 3.0 7.0 
0 5 0 0.6674957436649004 10.701016346292391 
0 4 0 0.6674957436746347 10.70101628611508 
0 3 0 0.4386724892248938 13.522987320405994 
0 2 0 0.43867248913833556 13.522987614020474 
0 1 0 0.5687388190371268 13.099051960865218 
0 0 0 0.5687388190397527 13.099051217488679 
0 -1 0 0.9854697988970678 10.46478739705724 
0 -2 0 0.985469800432053 10.464787460251326 
0 -3 0 3.0 5.000000000000001 
1 -3 0 2.9999999999999996 5.0 
0 -4 0 2.9999999999999996 5.0 
1 -4 0 3.0 5.0 
-1 5 0 4.267949192431125 9.732050807568879 
-1 4 0 4.267949192431124 9.732050807568879 
-1 3 0 2.2047750631961156 12.823246558818102 
-1 2 0 2.2047750631961107 12.82324660506836 
-1 1 0 1.4346853904473342 13.99999978394385 
-1 0 0 1.4346853904470163 13.999999999997481 
-1 -1 0 1.9599544274373075 10.83529820143994 
-1 -2 0 1.95995442746764 10.835298175370895 
-1 -3 0 2.9999999999999996 5.000000000000001 
-1 -4 0 3.0 5.0 
-2 3 0 7.267949192431121 11.000000000000002 
-2 2 0 7.267949192431122 11.000000000000004 
-2 1 0 3.5367572081178005 14.000000000000005 
-2 0 0 3.5367572081178085 14.000000000000005 
-2 -1 0 2.709835969550196 11.561552812808833 
-2 -2 0 2.7098359695501903 11.561552812808829 
-2 -3 0 3.0 5.0 
-2 -4 0 3.0 5.0 
-3 1 0 12.0 12.0 
-3 0 0 12.0 12.0 
-3 -1 0 7.43844718719117 11.561552812808829 
-3 -2 0 7.438447187191169 11.56155281280883 
-3 -3 0 5.0 5.0 
-3 -4 0 5.0 5.0 
