5 17 1 2.0 3.0 
6 17 0 3.0 3.0 
5 16 1 2.0 2.9999999999999996 
6 16 0 3.0 3.0 
5 15 1 0.38196601125010426 6.9999999999999964 
6 15 0 3.3819660112501047 7.0 
5 14 1 0.3819660112501056 6.999999999999998 
6 14 0 3.3819660112501047 7.000000000000001 
5 13 0 0.3819660112501055 9.999999996213159 
6 13 0 4.043704798532387 10.000000000000002 
5 12 0 0.38196601125010515 9.999999982351854 
6 12 0 4.043704798532389 10.0 
5 11 0 0.9677524489475117 12.999999470582717 
6 11 0 5.043704798532389 13.000000000000004 
5 10 0 0.9677524490788817 12.999999999999964 
6 10 0 5.043704798532381 12.999999999999995 
5 9 0 1.6294912361601306 14.37440905453822 
6 9 0 6.381966011250102 14.0 
5 8 0 1.6294912361600218 14.3744090545382 
6 8 0 6.381966011250106 14.000000000000002 
5 7 0 2.629491250435494 13.763527548488621 
6 7 0 8.0 13.0 
5 6 0 2.6294912395516215 13.763527606225733 
6 6 0 7.999999999999998 13.0 
5 5 0 3.9677524488770075 10.999999999999998 
6 5 0 11.0 11.0 
5 4 0 3.967752448877012 11.0 
6 4 0 11.0 11.0 
4 17 0 2.0 2.0 
4 16 0 2.0 2.0 
4 15 0 0.38196601125010604 7.000000000000001 
4 14 0 0.38196601125010515 6.999999999999999 
4 13 1 0.381966011250107 9.9999999316631 
4 12 1 0.3819660112501048 9.999999914560904 
4 11 1 0.7639320225002048 12.999999999998835 
4 10 1 0.7639320225002253 12.999999999985391 
4 9 0 0.5857864376269122 14.37440904234403 
4 8 0 0.5857864376269096 14.374409035855647 
4 7 0 1.5933433943985433 14.999999995505519 
4 6 0 1.5933433943585857 14.999999999964107 
4 5 0 3.0437047985324126 12.561552812808825 
4 4 0 3.0437047985324766 12.561552812349966 
4 3 0 4.381966011250105 10.561552812808825 
5 3 0 5.585786437626904 8.999999999999998 
4 2 0 4.381966011250102 10.56155281280883 
5 2 0 5.585786437626904 9.000000000000002 
3 15 0 2.381966011250105 6.0 
3 14 0 2.381966011250105 5.999999999999999 
3 13 1 1.1458980337503166 9.999999966791703 
3 12 1 1.1458980337503135 9.999999989501532 
3 11 1 0.7639320225002108 12.999999999867235 
3 10 1 0.7639320225002104 12.99999999998764 
3 9 0 0.5857864376269198 14.374409033479283 
3 8 0 0.5857864380178356 14.37440902202374 
3 7 0 1.0000000000748697 15.99999986812986 
3 6 0 1.0000000000146736 15.9999999421797 
3 5 0 2.0075569567118854 13.325080435370253 
3 4 0 2.007556956711885 13.32508043567334 
3 3 0 3.585786437626905 10.561552812808833 
3 2 0 3.585786437626904 10.56155281280882 
3 1 0 6.0 6.000000000000001 
4 1 0 6.0 6.0 
3 0 0 6.0 6.0 
4 0 0 6.0 6.0 
2 13 0 1.9999999999999978 8.466731803970717 
2 12 0 1.999999999999999 8.46673180397071 
2 11 0 0.7639320225310777 12.466731796305933 
2 10 0 0.7639320225090537 12.466731802243203 
2 9 1 0.5857864376269052 14.374409054532965 
2 8 1 0.585786437626903 14.374408868336632 
2 7 1 0.7639320225002131 15.999999999994824 
2 6 1 0.7639320225002122 15.999999199599113 
2 5 0 0.5857864376269047 15.999999982045658 
2 4 0 0.5857864376751178 15.999999997956952 
2 3 0 3.585786437805663 10.561552812808802 
2 2 0 3.5857864377477995 10.561552812808833 
2 1 0 5.999999999999999 6.0 
2 0 0 5.999999999999999 6.000000000000001 
1 11 0 3.999999999999999 10.466731803970717 
1 10 0 4.000000000000001 10.466731803970715 
1 9 0 1.438447187194153 13.999999999508955 
1 8 0 1.43844718719737 13.999999999193324 
1 7 0 0.7639320225003602 15.999999854725269 
1 6 0 0.7639320225164 15.999999828745958 
1 5 0 0.5857864376269051 15.999999999995977 
1 4 0 0.5857864376269066 15.999999999996515 
1 3 0 1.0 13.999999999999996 
1 2 0 1.0000000000000004 13.999999999999996 
1 1 0 5.999999999999999 6.0 
1 0 0 6.0 6.0 
0 9 0 4.999999999999997 12.000000000000004 
0 8 0 5.000000000000003 12.000000000000005 
0 7 1 1.9999999999999987 15.999999999989818 
0 6 1 2.0000000000000018 15.999999999987336 
0 5 2 0.7639320225002035 15.99999999999942 
0 4 2 1.4384471871911706 15.999999999997986 
0 3 1 0.5857864376269045 15.561552812808825 
0 2 1 0.5857864376269043 15.561552812808605 
0 1 0 0.5857864376269053 11.000000000000002 
0 0 0 0.5857864376269036 11.000000000000004 
-1 9 0 7.0 7.0 
-1 8 0 7.0 7.0 
-1 7 0 2.0 14.000000000000002 
-1 6 0 2.000000000000001 14.000000000000002 
-1 5 0 0.7639320225002079 15.999999999999998 
-1 4 0 0.7639320225002081 16.000000000000004 
-1 3 0 0.5857864376269036 15.561552812808825 
-1 2 0 0.5857864376269024 15.561552812808843 
-1 1 0 0.5857864376269031 11.000000000000002 
-1 0 0 0.5857864376269054 11.000000000000004 
-2 7 0 9.0 9.0 
-2 6 0 9.0 9.0 
-2 5 0 4.000000000000001 14.000000000000002 
-2 4 0 4.000000000000002 14.000000000000002 
-2 3 0 1.4384471871911675 15.56155281280883 
-2 2 0 1.4384471871911693 15.56155281280883 
-2 1 0 1.0000000000000002 11.0 
-2 0 0 1.0000000000000004 11.0 
-2 -1 0 1.0 1.0 
-1 -1 0 1.0 1.0 
-2 -2 0 1.0 1.0 
-1 -2 0 1.0 1.0 
