3 7 0 1.0 3.0 
4 7 0 3.0 3.0 
3 6 0 0.9999999999999999 3.0 
4 6 0 3.0 3.0 
3 5 0 1.0394328755507654 12.772001872658768 
4 5 0 4.227998127341235 12.772001872658766 
3 4 0 1.0394328755507667 12.772001872658768 
4 4 0 4.227998127341235 12.772001872658766 
3 3 0 1.5594128328155685 14.000000000000005 
4 3 0 10.0 10.0 
3 2 0 1.5594128328155674 14.000000000000009 
4 2 0 10.0 10.0 
2 7 0 1.0 3.0 
2 6 0 0.9999999999999999 3.0 
2 5 0 0.6888683692597888 11.359058508818597 
2 4 0 0.688868369259503 11.359058508818592 
2 3 0 0.749159552832652 13.999999999750738 
2 2 0 0.7491595528338818 13.999999999436804 
2 1 0 1.215812679453427 11.999999999993172 
3 1 0 5.2679491924311215 8.732050807568879 
2 0 0 1.2158126794534196 11.999999999999998 
3 0 0 5.2679491924311215 8.732050807568877 
1 5 0 0.6888683692590524 8.818362317456293 
1 4 0 0.6888683692590556 8.818362317456298 
1 3 0 0.18225517489165316 13.701771190431312 
1 2 0 0.18225517489853954 13.701771393920612 
1 1 0 0.4450965447021038 13.86236643212356 
1 0 0 0.4450965447021009 13.862366946599918 
1 -1 0 0.8112181189789845 9.493051746200164 
2 -1 0 4.0 6.0 
1 -2 0 0.8112181189789696 9.49305174620017 
2 -2 0 4.000000000000001 6.0 
0 5 0 2.0000000000000004 6.618033988749894 
0 4 0 1.9999999999999987 6.618033988749897 
0 3 0 0.1822551748916528 11.853782688074226 
0 2 0 0.1822551748916522 11.853782683690698 
0 1 1 0.4450965447021006 13.999999997057241 
0 0 1 0.4450965447020991 13.99999999027317 
0 -1 1 0.5351173903403829 11.725128909506402 
0 -2 1 0.5351173903403814 11.725129221482469 
-1 5 0 5.0 5.0 
-1 4 0 5.0 5.0 
-1 3 0 2.9737841067376474 9.88089032424637 
-1 2 0 2.9737841067376483 9.880890324246371 
-1 1 0 1.0775632651568756 13.99999984392241 
-1 0 0 1.0775632651573377 13.99999999999116 
-1 -1 0 0.5351173904461431 13.298223745655534 
-1 -2 0 0.535117390386245 13.29822334356847 
-1 -3 0 0.5519136303179496 9.60882852237511 
0 -3 0 0.5519136303179484 6.511553037072628 
-1 -4 0 0.5519136303179504 9.608828522375106 
0 -4 0 0.55191363031795 6.511553037072629 
-2 3 0 7.0 7.0 
-2 2 0 7.0 7.0 
-2 1 0 3.262346689122336 12.0 
-2 0 0 3.262346689122337 12.000000000000005 
-2 -1 0 1.9421657449761545 13.29822383433877 
-2 -2 0 1.9421657449768164 13.298223838618203 
-2 -3 0 1.8364331672490166 10.575379732121657 
-2 -4 0 1.8364331672490173 10.57537973212166 
-2 -5 0 2.0 2.0 
-1 -5 0 2.0 2.0 
-2 -6 0 2.0 2.0 
-1 -6 0 2.0 2.0 
-3 1 0 9.0 9.0 
-3 0 0 9.0 9.0 
-3 -1 0 4.520481811734062 11.798590640199425 
-3 -2 0 4.520481811734063 11.798590640199423 
-3 -3 0 2.572386789951624 10.575379732121657 
-3 -4 0 2.572386789951622 10.57537973212166 
-3 -5 0 2.0 2.0 
-3 -6 0 2.0 2.0 
