6 16 0 0.5857864376269049 3.999999999999999 
7 16 0 4.0 4.0 
6 15 0 0.5857864376269052 3.999999999999999 
7 15 0 4.0 4.0 
6 14 0 0.8964205000333257 14.64080598827655 
7 14 0 4.927547899865795 14.64080598827655 
6 13 0 0.8964205000333214 14.64080598827656 
7 13 0 4.927547899865795 14.640805988276552 
6 12 0 1.546888353984283 16.957495897370226 
7 12 0 6.8768943743823385 15.123105625617661 
6 11 0 1.5468883538520697 16.95749589737005 
7 11 0 6.876894374382339 15.123105625617661 
6 10 0 3.2757260563437227 16.0 
7 10 0 13.0 13.0 
6 9 0 3.2757260563437187 15.999999999999998 
7 9 0 13.0 13.0 
5 16 0 0.5857864376269049 3.414213562373096 
5 15 0 0.5857864376269049 3.4142135623730945 
5 14 0 0.24839603203495772 13.066167045476247 
5 13 0 0.24839603203495833 13.066167045491149 
5 12 0 0.4330548561061861 16.957495845476107 
5 11 0 0.4330548561061769 16.95749571612393 
5 10 0 0.9815741293789739 17.999999997167233 
5 9 0 0.9815741293745838 17.999999999162885 
5 8 0 2.614309190584117 13.859476920327934 
6 8 0 6.438447187191169 11.0 
5 7 0 2.6143091905835916 13.859476918632799 
6 7 0 6.438447187191171 11.000000000000002 
4 14 0 0.24839603203495997 11.355938776560253 
4 13 0 0.24839603203552388 11.355938776560258 
4 12 1 0.4330548561061748 15.582075449520458 
4 11 1 0.43305485610617855 15.582075398900335 
4 10 1 0.5251196530422485 17.999999697918025 
4 9 1 0.525119653042255 17.999999819902293 
4 8 0 1.0462732635271812 15.99999992367136 
4 7 0 1.0462732634913268 15.999999833117226 
4 6 0 3.190179248872749 11.436018548402691 
5 6 0 5.585786437626904 8.414213562373094 
4 5 0 3.190179248872749 11.436019134486667 
5 5 0 5.585786437626905 8.414213562373096 
3 14 0 2.5857864376269055 6.000000000000002 
3 13 0 2.585786437626905 5.999999999999998 
3 12 0 0.5473961136520623 13.853557144842764 
3 11 0 0.547396113856445 13.853556822580519 
3 10 0 0.24668660060304154 17.827564316838856 
3 9 0 0.24668660045578975 17.82756431776667 
3 8 0 0.41597109705202406 17.99999996117021 
3 7 0 0.4159710970487353 17.999999979037884 
3 6 0 1.0402079091671095 13.878061377855998 
3 5 0 1.0402079091645708 13.878061378266187 
2 14 0 5.0 5.0 
2 13 0 5.0 5.0 
2 12 0 2.276500381450349 11.525468642665787 
2 11 0 2.2765003712768186 11.525468642666928 
2 10 0 0.2466866004558047 15.999999991836274 
2 9 0 0.24668660045605015 15.99999998043709 
2 8 2 0.5818038836547744 17.99999996329261 
2 7 2 0.4159710970482064 17.99999991469009 
2 6 2 0.5734060333008878 15.804037367445682 
2 5 2 0.5734060333008821 15.804037407871585 
2 4 0 1.1373655694667109 11.31616417640157 
3 4 0 3.3615925957675907 8.642467388889827 
2 3 0 1.1373655678265076 11.3161641764026 
3 3 0 3.3615925957675907 8.642467388889825 
1 12 0 5.000000000000002 9.732050807568875 
1 11 0 4.999999999999999 9.732050807568877 
1 10 0 2.308521231669489 13.861126653855134 
1 9 0 2.308521238331296 13.861127251369238 
1 8 0 0.8435052445098233 17.999999973064682 
1 7 0 0.8435052445102528 17.999999907601488 
1 6 0 0.22977514018836775 17.418386451347473 
1 5 0 0.22977514020189602 17.418386812789773 
1 4 0 0.5252783781588727 13.626736873577757 
1 3 0 0.525278378180555 13.62673688261322 
1 2 0 1.3211026795619634 7.943786624352551 
2 2 0 4.0 4.0 
1 1 0 1.3211026795619625 7.94378662435255 
2 1 0 4.0 4.0 
0 12 0 7.0 7.0 
0 11 0 7.0 7.0 
0 10 0 4.573100284906753 11.732050807568879 
0 9 0 4.573100284906756 11.732050807568879 
0 8 0 2.13794606928468 15.99999972435132 
0 7 0 2.137946069287001 15.99999995568808 
0 6 0 0.22977514018836462 17.418387157384778 
0 5 0 0.22977514018492126 17.418387132342588 
0 4 1 0.52527837815887 15.10526811025344 
0 3 1 0.5252783781588682 15.10526784247846 
0 2 1 1.3137232176358202 10.713694895083599 
0 1 1 1.313723217635822 10.713694895083602 
-1 10 0 9.0 9.0 
-1 9 0 9.0 9.0 
-1 8 0 5.20978830177471 13.285906413841436 
-1 7 0 5.209788301774712 13.285906413841444 
-1 6 0 3.054969255365072 15.752192981945175 
-1 5 0 3.0549692566820776 15.752193136608767 
-1 4 0 1.6152963937387672 15.105267635734046 
-1 3 0 1.6152963964756792 15.10526811427595 
-1 2 0 1.3137232176358196 11.249423003518762 
-1 1 0 1.3137232176358224 11.249423003518764 
-1 0 0 2.0 2.0 
0 0 0 2.0 2.0 
-1 -1 0 2.0 2.0 
0 -1 0 2.0 2.0 
-2 8 0 11.0 11.0 
-2 7 0 11.0 11.0 
-2 6 0 7.107042551722428 14.228665691295356 
-2 5 0 7.107042551722431 14.228665691295355 
-2 4 0 4.940483697842783 13.968726455791117 
-2 3 0 4.940483697842782 13.968726455791115 
-2 2 0 2.927361018512622 11.249423003518764 
-2 1 0 2.927361018512622 11.249423003518768 
-2 0 0 2.0 2.0 
-2 -1 0 2.0 2.0 
