1 1 0 2.771671784053364 6.999999999999998 
2 1 0 7.0 7.0 
1 0 0 2.771671784053364 7.0 
2 0 0 7.0 7.0 
1 -1 0 2.864389368560394 14.0 
2 -1 0 14.0 14.0 
1 -2 0 2.8643893685603965 14.000000000000004 
2 -2 0 14.0 14.0 
0 1 1 1.7856802566224654 6.774622899504488 
0 0 1 1.785680256622466 6.7746228995044895 
0 -1 1 0.7678166185240549 12.892608789829325 
0 -2 1 0.7678166185240578 12.892608789851977 
0 -3 0 0.49922294621162655 13.91587619915364 
1 -3 0 4.212445498746507 12.000000000000002 
0 -4 0 0.49922294621162877 13.915875979478908 
1 -4 0 4.212445498746508 12.0 
-1 1 0 1.785680256622465 6.000000000000001 
-1 0 0 1.7856802566224645 6.0 
-1 -1 0 0.767816618619707 11.455681134639603 
-1 -2 0 0.7678166185240585 11.455681088370252 
-1 -3 0 0.4992229462692909 13.99999979092785 
-1 -4 0 0.4992229464359742 13.999999346872102 
-1 -5 0 1.1377159444627072 11.797551992152181 
0 -5 0 1.6443555212765213 10.000000000000004 
-1 -6 0 1.1377159444627076 11.797551940246747 
0 -6 0 1.6443555212765257 9.999999999999998 
-2 1 0 2.5857864376269055 5.414213562373094 
-2 0 0 2.585786437626905 5.414213562373095 
-2 -1 0 0.874365333778817 10.389128826369697 
-2 -2 0 0.8743653331782142 10.38912870957655 
-2 -3 1 0.9499825692851729 13.999999998091907 
-2 -4 1 0.9499825692851754 13.999999972888528 
-2 -5 1 0.7847679543625176 13.543330056943585 
-2 -6 1 0.7847679543625152 13.543330057016135 
-2 -7 0 0.3838112190803521 9.45541139704476 
-1 -7 0 1.8257994932581716 7.844724318551324 
-2 -8 0 0.3838112191289758 9.455411397049922 
-1 -8 0 1.8257994932581727 7.844724318551322 
-3 -1 0 3.1294573363175897 8.56870714077998 
-3 -2 0 3.129457336317591 8.56870714077998 
-3 -3 0 1.343193967173529 11.857126110841042 
-3 -4 0 1.3431939684174947 11.857126110574573 
-3 -5 0 0.7847679543777064 13.999999999833062 
-3 -6 0 0.7847679543635097 13.999999990333361 
-3 -7 0 0.3838112190803504 11.259823629420255 
-3 -8 0 0.38381121936099666 11.259823680886758 
-3 -9 0 1.585786437626905 5.0 
-2 -9 0 1.5857864376269049 4.414213562373096 
-3 -10 0 1.5857864376269042 5.0 
-2 -10 0 1.5857864376269057 4.414213562373095 
-4 -3 0 4.6941024706665715 10.785667011198003 
-4 -4 0 4.694102470666571 10.785667011198003 
-4 -5 0 2.9354309257600275 13.999999999999998 
-4 -6 0 2.935430925760028 14.000000000000002 
-4 -7 0 2.204423296862412 12.701562118716422 
-4 -8 0 2.2044232968624162 12.70156211871643 
-4 -9 0 1.5857864376269053 5.000000000000001 
-4 -10 0 1.585786437626905 5.000000000000001 
-5 -5 0 12.0 12.0 
-5 -6 0 12.0 12.0 
-5 -7 0 6.298437881283576 12.701562118716424 
-5 -8 0 6.298437881283577 12.701562118716424 
-5 -9 0 5.0 5.0 
-5 -10 0 5.0 5.0 
