5 15 0 3.0 3.0 
6 15 0 3.0 3.0 
5 14 0 3.0 3.0 
6 14 0 3.0 3.0 
5 13 0 1.1007114409498109 10.828427124746192 
6 13 0 4.0 10.828427124746192 
5 12 0 1.100711440949814 10.828427124746185 
6 12 0 3.9999999999999996 10.828427124746192 
5 11 0 1.7460052252711455 13.379680236196474 
6 11 0 4.999999999999997 13.223861091336564 
5 10 0 1.7460052252711342 13.379680295145231 
6 10 0 4.999999999999998 13.22386109133656 
5 9 0 2.778449090225137 15.27581972807007 
6 9 0 6.627718676730984 14.764369393648849 
5 8 0 2.7784490902277246 15.275827801227958 
6 8 0 6.627718676730986 14.76436939364885 
5 7 0 4.239860305265392 14.816419211462836 
6 7 0 8.171572875253808 13.82842712474619 
5 6 0 4.239860305265249 14.816419597681106 
6 6 0 8.171572875253808 13.828427124746192 
5 5 0 5.912576996789831 13.236185837773151 
6 5 0 12.0 12.0 
5 4 0 5.912576996789831 13.236185828239003 
6 4 0 12.0 12.0 
4 15 0 3.0 3.0 
4 14 0 3.0 3.0000000000000004 
4 13 0 1.1007114409510645 9.237525440193687 
4 12 0 1.1007114409500804 9.237525440193668 
4 11 0 0.35558546255256235 13.379680229156579 
4 10 0 0.3555854625550985 13.379679951024997 
4 9 0 0.4709007394957062 15.481736128172082 
4 8 0 0.47090073949845224 15.481736054195997 
4 7 0 1.423273111024935 16.29434199230068 
4 6 0 1.4232731109732593 16.294340441545966 
4 5 0 2.7978905423579405 14.999999999660032 
4 4 0 2.79789054235777 14.999999998039799 
4 3 0 4.582396977200319 12.113591972381071 
5 3 0 8.000000000000002 11.0 
4 2 0 4.582396977195323 12.113591968784238 
5 2 0 8.0 11.0 
3 15 0 3.0 3.0 
3 14 0 3.0 3.0 
3 13 0 1.341201887317972 8.271322493850317 
3 12 0 1.3412018873179747 8.271322493850313 
3 11 0 0.3555854625523998 11.972337977777778 
3 10 0 0.3555854625554235 11.972338003927911 
3 9 0 0.21462922648501925 15.48173395631707 
3 8 0 0.21462922652022604 15.481736217600497 
3 7 0 0.26263774326921024 17.355204965543265 
3 6 0 0.2626377432689339 17.35520569779873 
3 5 0 1.1576431772597204 15.925025767807005 
3 4 0 1.1576431791252744 15.925025795522581 
3 3 0 2.3962641088503625 13.999999997760073 
3 2 0 2.3962641088503327 13.999999999301924 
3 1 0 4.063812033390804 10.191260235403112 
4 1 0 6.585786437626905 9.414213562373094 
3 0 0 4.063812033390806 10.191260235403115 
4 0 0 6.585786437626906 9.414213562373092 
2 13 0 3.1980622641951624 6.801937735804837 
2 12 0 3.198062264195162 6.801937735804837 
2 11 0 1.1911407832246927 11.23175242035338 
2 10 0 1.191140786051052 11.231752183757425 
2 9 0 0.21462922648463312 14.343679312554599 
2 8 0 0.2146292264846517 14.343679312133043 
2 7 1 0.26263774326839695 17.351568785508878 
2 6 1 0.2626377432683975 17.35520482836082 
2 5 1 0.4709665737050739 17.99999998624839 
2 4 1 0.4709665737050763 17.99999974540596 
2 3 0 1.1627099698324155 14.596420435644717 
2 2 0 1.1627099698474115 14.596420484316825 
2 1 0 2.9895787240977008 11.630120407581122 
2 0 0 2.9895787375549236 11.63012041767328 
2 -1 0 6.0 6.0 
3 -1 0 6.0 6.0 
2 -2 0 6.0 6.0 
3 -2 0 6.0 6.0 
1 11 0 2.969736433814827 9.922107408149413 
1 10 0 2.969736433814826 9.92210740814942 
1 9 0 1.2474666182507586 13.545138996826367 
1 8 0 1.247466618255115 13.545138996240414 
1 7 0 0.36648231247182317 15.717686415676106 
1 6 0 0.3664823124721474 15.717686358378778 
1 5 0 0.23837894363532977 17.999999857320393 
1 4 0 0.2383789436400508 17.999999968696194 
1 3 0 0.28455972511149835 15.41970830979425 
1 2 0 0.2845597251111633 15.419709285646723 
1 1 0 1.266649385718884 13.0206705678119 
1 0 0 1.2666493857444072 13.020670568135255 
1 -1 0 3.000000000000001 7.0 
1 -2 0 3.0 7.0 
0 9 0 3.298666336860928 11.999999999861442 
0 8 0 3.2986663368609275 11.999999999937476 
0 7 0 1.0955792114618854 14.77585510632966 
0 6 0 1.0955792137638196 14.775857867621639 
0 5 0 0.2383789436354038 17.73250090944686 
0 4 0 0.2383789436353064 17.73955093160752 
0 3 1 0.2845597251111616 17.123194619780957 
0 2 1 0.28455972511116473 17.123193737030018 
0 1 1 1.2033417567952984 13.896830837373276 
0 0 1 1.2033417567952913 13.896830837156479 
0 -1 0 2.999999999999999 7.000000000000002 
0 -2 0 2.999999999999999 7.000000000000003 
-1 7 0 4.256755521047503 13.81918283711288 
-1 6 0 4.256755521047502 13.81918283711288 
-1 5 0 2.518526175249492 15.999999390840685 
-1 4 0 2.5185261755877058 15.999999985144425 
-1 3 0 1.5746615405717066 17.999999999541444 
-1 2 0 1.574661540571668 17.999999998904705 
-1 1 0 1.203341756815385 15.01208488543873 
-1 0 0 1.2033417568203972 15.012084884858314 
-1 -1 0 3.0000000000000004 7.000000000000001 
-1 -2 0 2.999999999999999 7.000000000000001 
-2 5 0 6.975795856273786 15.000000000000005 
-2 4 0 6.975795856273784 15.0 
-2 3 0 4.218168468185363 17.999999999999662 
-2 2 0 4.2181684681853655 17.999999999999893 
-2 1 0 2.986386715334873 16.531128874149285 
-2 0 0 2.986386715334782 16.531128874149264 
-2 -1 0 2.9999999999999996 7.000000000000001 
-2 -2 0 3.0000000000000013 7.0 
-3 3 0 16.0 16.0 
-3 2 0 16.0 16.0 
-3 1 0 8.468871125850725 16.531128874149275 
-3 0 0 8.468871125850724 16.531128874149275 
-3 -1 0 7.0 7.0 
-3 -2 0 7.0 7.0 
