2 8 0 1.0 1.0 
3 8 0 1.0 1.0 
2 7 0 1.0 1.0 
3 7 0 1.0 1.0 
2 6 1 2.0 6.7320508075688785 
3 6 0 2.0 6.732050807568877 
2 5 1 1.9999999999999998 6.7320508075688785 
3 5 0 2.0000000000000004 6.732050807568877 
2 4 0 0.6179473462512848 9.647985751479478 
3 4 0 4.0 8.561552812808829 
2 3 0 0.6179473462512864 9.64798575147948 
3 3 0 3.999999999999999 8.561552812808829 
2 2 0 1.763932022500208 8.0 
3 2 0 6.0 6.0 
2 1 0 1.7639320225002093 8.0 
3 1 0 6.0 6.0 
1 6 0 1.9999999999999996 6.56155281280883 
1 5 0 1.9999999999999996 6.561552812808828 
1 4 0 0.6179473462512881 9.64798575147948 
1 3 0 0.6179473462512867 9.647985751479485 
1 2 1 1.271828113425134 10.000000000000004 
1 1 1 1.271828113425129 10.000000000000004 
1 0 0 4.0 6.0 
2 0 0 4.0 4.0 
1 -1 0 4.0 6.0 
2 -1 0 4.0 4.0 
0 6 0 3.0 3.0 
0 5 0 3.0 3.0 
0 4 0 0.954423996803772 9.000000000000004 
0 3 0 0.9544239968037715 9.000000000000002 
0 2 1 0.8958446735101527 9.999999999988217 
0 1 1 0.8958446735101522 9.999999999998613 
0 0 1 2.298437881283576 8.785667011198 
0 -1 1 2.2984378812835744 8.785667011198008 
-1 4 0 5.0 7.0 
-1 3 0 5.0 7.0 
-1 2 0 0.8958446735101535 9.138894909031139 
-1 1 0 0.8958446735101535 9.13889490903114 
-1 0 1 1.7377224030087217 8.785667011198003 
-1 -1 1 1.7377224030087208 8.785667011197997 
-1 -2 0 0.4745724391564831 6.156325174658661 
0 -2 0 2.0 2.0 
-1 -3 0 0.47457243915648234 6.1563251746586625 
0 -3 0 2.0 2.0 
-2 4 0 5.0 5.0 
-2 3 0 5.0 5.0 
-2 2 0 2.760745700152241 7.87576358150383 
-2 1 0 2.760745700152242 7.875763581503828 
-2 0 0 1.7377224030087208 7.753674578807015 
-2 -1 0 1.7377224030087202 7.753674578807015 
-2 -2 0 0.47457243915648284 6.1563251746586625 
-2 -3 0 0.47457243915648306 6.156325174658662 
