5 13 0 2.9999999999999996 5.0 
6 13 0 5.0 5.0 
5 12 0 2.9999999999999996 5.0 
6 12 0 5.0 5.0 
5 11 0 2.2473469332860203 14.20060687827349 
6 11 0 6.14765300336303 14.200606878273494 
5 10 0 2.247346933286011 14.200606878273494 
6 10 0 6.147653003363032 14.200606878273488 
5 9 0 3.170216542257237 16.733317266786244 
6 9 0 8.412258549527987 15.189534020335081 
5 8 0 3.17021653844015 16.733316903995767 
6 8 0 8.412258549527989 15.189534020335081 
5 7 0 4.832188484827528 15.999999999992776 
6 7 0 14.0 14.0 
5 6 0 4.8321884848275305 15.999999999962709 
6 6 0 14.0 14.0 
4 13 0 0.9999999999999998 5.0 
4 12 0 0.9999999999999996 5.0 
4 11 0 1.0029222981728245 13.853869008929346 
4 10 0 1.002922296727958 13.853869157450356 
4 9 0 1.049336168773097 16.733317266186454 
4 8 0 1.049336168797611 16.733317265464454 
4 7 0 1.1826897070283704 17.999999995792827 
4 6 0 1.1826897070318678 17.99999999594978 
4 5 0 3.105531416746202 13.99999685026939 
5 5 0 7.999999999999999 12.000000000000002 
4 4 0 3.1055314109762198 13.999999992558228 
5 4 0 8.000000000000002 12.000000000000002 
3 13 0 1.0 5.0 
3 12 0 0.9999999999999997 5.0 
3 11 0 0.5857864376280014 12.337270496116595 
3 10 0 0.5857864376277142 12.337270624533046 
3 9 0 0.5118814436467646 15.440934638827304 
3 8 0 0.5118814437202912 15.440934817449493 
3 7 0 0.4620275845148599 17.999999992302204 
3 6 0 0.4620275832699139 17.999999999139607 
3 5 0 0.8324576210516137 15.999999155774953 
3 4 0 0.8324576210532278 15.999999861290462 
3 3 0 1.9273630501561758 11.999999999637403 
4 3 0 5.999999999999998 10.0 
3 2 0 1.9273630587213921 11.999998201803852 
4 2 0 6.0 10.000000000000002 
2 11 0 0.5857864376269072 9.626198068527293 
2 10 0 0.5857864376269049 9.626198068527295 
2 9 1 0.511881443646663 14.289304425508735 
2 8 1 0.5118814436466571 14.289304496400439 
2 7 3 0.8977758864120101 17.279556342244586 
2 6 3 0.4620275832671797 17.279556652829225 
2 5 3 0.8324576210481813 17.52425322770868 
2 4 3 0.8324576210481804 17.524254172203545 
2 3 1 1.1481720545122598 13.999999983362184 
2 2 1 1.148172053820795 13.999999041906332 
2 1 0 2.0000000000000004 10.000000000000002 
3 1 0 4.0 8.0 
2 0 0 1.999999999999997 10.000000000000005 
3 0 0 4.0 8.0 
1 11 0 3.0 7.0 
1 10 0 3.0000000000000004 7.0 
1 9 0 1.0057636969432662 12.772001870681327 
1 8 0 1.0057636969432628 12.772001872294467 
1 7 0 0.5785020832703134 15.82273538442032 
1 6 0 0.5785020829020209 15.822734199285545 
1 5 0 0.4158126002910832 17.77705515444751 
1 4 0 0.41581259988556657 17.777055896422436 
1 3 0 0.3607333326608009 15.504344857622238 
1 2 0 0.3607333326639159 15.504344182823598 
1 1 0 0.5705516930697941 11.627212831352843 
1 0 0 0.5705516930698049 11.627212710319622 
0 9 0 2.585786437626905 10.561552812808827 
0 8 0 2.585786437626904 10.561552812808825 
0 7 0 0.5785020828786643 14.772001865911777 
0 6 0 0.5785020828786396 14.772001871183909 
0 5 1 0.4158125997725407 17.777055896354735 
0 4 1 0.41581259977253954 17.77705585086856 
0 3 3 0.7106270372870674 16.91196479737486 
0 2 3 0.7106270372870701 16.911965512462498 
0 1 3 0.5705516930697753 13.334148826095882 
0 0 3 0.5705516930697809 13.334148816555958 
0 -1 1 1.9999999999999993 6.999999999999999 
1 -1 0 1.9999999999999998 5.999999999999999 
0 -2 1 1.9999999999999991 6.999999999999998 
1 -2 0 2.0 6.0 
-1 7 0 4.763932022500211 12.56155281280883 
-1 6 0 4.763932022500213 12.56155281280883 
-1 5 0 2.065901502968674 15.99999964303056 
-1 4 0 2.065901504032293 15.999999976228292 
-1 3 0 1.5463099601917083 17.999999989618395 
-1 2 0 1.5463099601914894 17.99999999996089 
-1 1 0 1.602466668383941 14.731804274869713 
-1 0 0 1.602466668383934 14.731804292743389 
-1 -1 0 2.000000000000001 7.000000000000002 
-1 -2 0 1.9999999999999984 7.0000000000000036 
-2 5 0 8.763932022500208 14.000000000000002 
-2 4 0 8.763932022500212 14.000000000000002 
-2 3 0 4.85826216915027 17.999999999998902 
-2 2 0 4.858262169150272 17.999999999998362 
-2 1 0 3.621519525499368 14.999999999998744 
-2 0 0 3.621519525499374 14.99999999996081 
-2 -1 0 3.9999999999999996 7.000000000000001 
-2 -2 0 4.0000000000000036 7.0 
-3 3 0 16.0 16.0 
-3 2 0 16.0 16.0 
-3 1 0 10.000000000000002 15.0 
-3 0 0 10.0 15.0 
-3 -1 0 7.0 7.0 
-3 -2 0 7.0 7.0 
