2 6 0 1.9999999999999998 4.0 
3 6 0 4.0 4.0 
2 5 0 2.0000000000000004 4.0 
3 5 0 4.0 4.0 
2 4 0 1.3503754407719961 9.236067977499788 
3 4 0 4.763932022500209 9.23606797749979 
2 3 0 1.3503754407719908 9.23606797749979 
3 3 0 4.763932022500211 9.23606797749979 
2 2 0 1.9239083043078313 9.756653163857672 
3 2 0 9.0 9.0 
2 1 0 1.9239083043078313 9.756653163857676 
3 1 0 9.0 9.0 
1 6 0 2.0 4.0 
1 5 0 2.0 4.0 
1 4 0 0.46962956122333394 8.156325174658663 
1 3 0 0.4696295612233333 8.156325174658658 
1 2 0 0.3832292422315408 9.756653163856923 
1 1 0 0.3832292422315414 9.756653067393797 
1 0 0 0.5515361722415286 8.52265171020781 
2 0 0 3.438447187191172 8.0 
1 -1 0 0.5515361722415305 8.522651689754625 
2 -1 0 3.438447187191169 8.0 
0 6 0 2.0 3.9999999999999996 
0 5 0 2.0 4.0 
0 4 0 0.46962956122333843 6.795915911779288 
0 3 0 0.46962956122333693 6.7959159117792876 
0 2 1 0.38322924223154076 9.445541112907483 
0 1 1 0.38322924223154087 9.445541191434943 
0 0 2 0.5515361722415271 9.065513916095052 
0 -1 2 0.5515361722415281 9.065513959143049 
0 -2 1 0.9981335743281929 6.738467977610622 
1 -2 0 1.6570769172228295 5.999999999999999 
0 -3 1 0.9981335743281953 6.738467977610618 
1 -3 0 1.6570769172228303 6.000000000000001 
-1 4 0 3.9999999999999996 6.000000000000001 
-1 3 0 4.0 6.0 
-1 2 0 2.1406889317546365 8.663365762624341 
-1 1 0 2.140688931754636 8.663365762624343 
-1 0 0 1.1422641235743676 9.065513969504888 
-1 -1 0 1.1422641235743647 9.065513969293193 
-1 -2 0 0.998133574328192 6.801937735804841 
-1 -3 0 0.9981335743281935 6.801937735804838 
-1 -4 0 1.0 3.0 
0 -4 0 0.9999999999999999 3.0 
-1 -5 0 0.9999999999999998 3.0000000000000004 
0 -5 0 0.9999999999999999 3.0 
-2 2 0 8.0 8.0 
-2 1 0 8.0 8.0 
-2 0 0 5.467911113762043 8.879385241571818 
-2 -1 0 5.467911113762044 8.879385241571818 
-2 -2 0 3.753020396282533 6.801937735804838 
-2 -3 0 3.753020396282533 6.801937735804839 
-2 -4 0 3.0 3.0 
-2 -5 0 3.0 3.0 
