1 3 0 0.5188056959079846 5.000000000000001 
2 3 0 5.0 5.0 
1 2 0 0.5188056959079843 5.000000000000002 
2 2 0 5.0 5.0 
1 1 0 1.1556662067465626 10.000000000000005 
2 1 0 10.0 10.0 
1 0 0 1.155666206746561 9.999999999999996 
2 0 0 10.0 10.0 
0 3 0 0.5188056959079843 4.170086486626033 
0 2 0 0.5188056959079842 4.170086486626033 
0 1 1 1.1556662067465633 9.750555345892009 
0 0 1 1.155666206746559 9.750555345892 
0 -1 1 1.2639469775099252 9.999999999999998 
1 -1 0 1.9193955994290726 7.8097859201274185 
0 -2 1 1.2639469775099237 10.0 
1 -2 0 1.919395599429074 7.809785920127421 
-1 3 0 3.0 3.0 
-1 2 0 3.0 3.0 
-1 1 0 1.3653678719202587 7.814025693905064 
-1 0 0 1.3653678719202595 7.814025693905065 
-1 -1 0 0.5830453263749984 9.999999999584315 
-1 -2 0 0.5830453263810136 9.999999999908802 
-1 -3 0 0.9300611419041055 7.725588448242583 
0 -3 0 1.2019808294522436 5.450296206346292 
-1 -4 0 0.9300611419041045 7.725588448242582 
0 -4 0 1.2019808294522432 5.45029620634629 
-2 1 0 2.585786437626906 6.000000000000002 
-2 0 0 2.5857864376269055 6.0 
-2 -1 0 0.5830453263714435 10.0 
-2 -2 0 0.5830453263714445 10.000000000000002 
-2 -3 1 0.9300611419041062 9.000000000000002 
-2 -4 1 0.9300611419041082 9.0 
-2 -5 1 2.0 2.9999999999999987 
-1 -5 0 2.0 2.0 
-2 -6 1 2.0 3.0 
-1 -6 0 2.0 2.0 
-3 -1 0 8.0 8.0 
-3 -2 0 8.0 8.0 
-3 -3 0 4.0 9.0 
-3 -4 0 4.0 9.0 
-3 -5 0 3.0 3.0 
-3 -6 0 3.0 3.0 
