3 9 0 1.0 1.0 
4 9 0 1.0 1.0 
3 8 0 1.0 1.0 
4 8 0 1.0 1.0 
3 7 0 0.31927181934869514 8.599428514481732 
4 7 0 1.624819415229935 8.59942851448173 
3 6 0 0.3192718193486941 8.59942851448173 
4 6 0 1.6248194152299347 8.599428514481728 
3 5 0 0.7163782203320316 13.00122837083216 
4 5 0 3.0774883113739953 12.996519984214697 
3 4 0 0.7163782203320258 13.001228488170145 
4 4 0 3.077488311373996 12.9965199842147 
3 3 0 1.649206860065748 15.606808591815113 
4 3 0 4.830398621495613 14.405886446532286 
3 2 0 1.6492068600886172 15.606808592705397 
4 2 0 4.830398621495613 14.40588644653229 
3 1 0 3.4635245824408405 14.710452359402911 
4 1 0 7.348303703191153 13.197159848629564 
3 0 0 3.463524596499555 14.710452359431992 
4 0 0 7.348303703191154 13.197159848629568 
3 -1 0 5.471436677893155 12.000000000000004 
4 -1 0 10.0 10.0 
3 -2 0 5.47143667789315 12.000000000000002 
4 -2 0 10.0 10.0 
2 7 0 0.3192718193486938 7.257676392138305 
2 6 0 0.3192718193486942 7.257676392138304 
2 5 1 0.7163782203320297 13.001228487932227 
2 4 1 0.7163782203348915 13.001228486724855 
2 3 1 0.4889055139447215 15.762693799675608 
2 2 1 0.48890551394472215 15.762694906700824 
2 1 0 0.9943696029124759 16.303055988170904 
2 0 0 0.9943696029095217 16.303055433081763 
2 -1 0 3.0223135716930827 13.99999811204803 
2 -2 0 3.0223135669596193 13.99999999992669 
2 -3 0 5.999999999999998 10.000000000000002 
3 -3 0 8.0 8.0 
2 -4 0 6.0 10.0 
3 -4 0 8.0 8.0 
1 7 0 3.0 3.0 
1 6 0 3.0 3.0 
1 5 0 0.8507156955429771 11.28080840578858 
1 4 0 0.8507156955282319 11.280808307189103 
1 3 0 0.27722151569258324 15.762694982464023 
1 2 0 0.27722151569282616 15.762694886193966 
1 1 0 0.6196822448984339 17.740916610595203 
1 0 0 0.6196822443015575 17.740926177109497 
1 -1 0 1.8925291178557817 15.999999979323746 
1 -2 0 1.8925291141225056 15.999999979339089 
1 -3 0 4.031998610762314 11.820258846364338 
1 -4 0 4.031998610762313 11.820258846364343 
0 5 0 2.3248691294333534 8.561552812808825 
0 4 0 2.3248691294333543 8.561552812808829 
0 3 0 0.27722151569241116 13.795967688781905 
0 2 0 0.2772215156924091 13.795966298993003 
0 1 2 0.5257323192506346 17.74092562141854 
0 0 2 0.5257323192506344 17.740923700823657 
0 -1 1 0.2170834098794262 17.99999996353153 
0 -2 1 0.2170834098794257 17.999999812744946 
0 -3 0 1.1814600630426593 13.99999961412569 
0 -4 0 1.181460063040133 13.999999999538613 
0 -5 0 3.999999999999999 7.0 
1 -5 0 6.0 6.0 
0 -6 0 3.9999999999999996 6.999999999999999 
1 -6 0 6.0 6.0 
-1 3 0 3.0887202984633215 11.31287157927362 
-1 2 0 3.08872029839019 11.312871579347673 
-1 1 0 0.5257323192583522 15.999999921007294 
-1 0 0 0.5257323193679564 15.999999978935023 
-1 -1 0 0.21708340988012034 17.999999958817593 
-1 -2 0 0.21708340987944286 17.99999980610105 
-1 -3 1 0.6058505747232343 15.761931416726627 
-1 -4 1 0.6058505747232309 15.761931422388706 
-1 -5 0 2.0 11.54789182297462 
-1 -6 0 1.9999999999999984 11.547891822974622 
-2 3 0 5.000000000000001 7.000000000000001 
-2 2 0 5.0 7.000000000000001 
-2 1 0 1.8816058717619133 13.999999999730866 
-2 0 0 1.8816058717543727 13.999999993534622 
-2 -1 0 0.2665122296683436 17.99999992389846 
-2 -2 0 0.26651222972745925 17.99999981940706 
-2 -3 1 0.5627086297861396 17.710412957598113 
-2 -4 1 0.5627086299347901 17.710412946885995 
-2 -5 0 0.21433409149402508 13.136453628202908 
-2 -6 0 0.21433409149403157 13.136453617481212 
-3 1 0 5.6972243622680026 11.0 
-3 0 0 5.697224362268004 11.000000000000002 
-3 -1 0 2.3081634688481696 15.999999999967624 
-3 -2 0 2.308163468903772 15.999999848225542 
-3 -3 0 0.5627086297802402 17.710412951600816 
-3 -4 0 0.5627086297770918 17.710412971536176 
-3 -5 0 0.21433409149413382 15.48806837399299 
-3 -6 0 0.2143340914940963 15.488068374035796 
-3 -7 1 1.1287042074870697 8.270224565129224 
-2 -7 0 2.0000000000000004 4.0 
-3 -8 1 1.1287042074870681 8.27022456512922 
-2 -8 0 2.0 4.0 
-4 1 0 8.0 8.0 
-4 0 0 8.0 8.0 
-4 -1 0 5.041956810995001 13.000000000000004 
-4 -2 0 5.041956810995001 13.000000000000002 
-4 -3 0 2.688753144129403 16.00935823840942 
-4 -4 0 2.688753144126026 16.009358946319818 
-4 -5 0 1.1394518481813782 15.488068360492917 
-4 -6 0 1.1394518481842002 15.488068334269547 
-4 -7 0 1.1287042074870695 12.529943066174315 
-4 -8 0 1.1287042074870683 12.529943066174319 
-5 -1 0 10.0 10.0 
-5 -2 0 10.0 10.0 
-5 -3 0 4.7830094339717 14.216990566028306 
-5 -4 0 4.783009433971698 14.2169905660283 
-5 -5 0 2.4777611042294017 13.866764449184627 
-5 -6 0 2.477761104229403 13.866764449184625 
-5 -7 0 1.2325759087813826 12.529943066174322 
-5 -8 0 1.232575908781382 12.529943066174319 
-5 -9 0 1.0 1.0 
-4 -9 0 1.0 1.0 
-5 -10 0 1.0 1.0 
-4 -10 0 1.0 1.0 
