1 3 0 2.0 2.0 
2 3 0 2.0 2.0 
1 2 0 2.0 2.0 
2 2 0 2.0 2.0 
1 1 0 1.241372187059252 8.859523388615221 
2 1 0 2.566335370216713 8.85952338861522 
1 0 0 1.2413721870592525 8.859523388615218 
2 0 0 2.566335370216712 8.859523388615218 
1 -1 0 1.5671054532987427 11.331267071579797 
2 -1 0 4.373801931472706 10.141336115655363 
1 -2 0 1.5671054532987458 11.331267071579797 
2 -2 0 4.373801931472706 10.141336115655363 
1 -3 0 2.841954033778508 9.999999999999998 
2 -3 0 8.0 8.0 
1 -4 0 2.841954033778511 10.000000000000002 
2 -4 0 8.0 8.0 
0 3 0 2.0 2.0 
0 2 0 2.0 2.0 
0 1 1 1.2413721870592525 8.319744050204898 
0 0 1 1.2413721870592516 8.319744050204902 
0 -1 2 1.424948071463902 11.331266920529153 
0 -2 2 1.4249480714638991 11.331267053754791 
0 -3 1 0.9147861744389183 11.999999678595945 
0 -4 1 0.9147861744389196 11.999999872463334 
0 -5 0 1.573256814685196 8.732050807568877 
1 -5 0 6.0 6.0 
0 -6 0 1.5732568146852006 8.732050807568877 
1 -6 0 5.999999999999999 6.0 
-1 1 0 3.2679491924311237 6.732050807568878 
-1 0 0 3.2679491924311224 6.7320508075688785 
-1 -1 0 1.4249480714639258 9.944168127924199 
-1 -2 0 1.4249480714639127 9.944168130631395 
-1 -3 0 0.914786175892742 11.999999901462676 
-1 -4 0 0.9147861744389216 11.999999974450136 
-1 -5 0 1.4249480714639093 9.94416812073944 
-1 -6 0 1.4249480714639629 9.94416812437578 
-1 -7 0 3.2679491924311233 6.732050807568877 
0 -7 0 4.0 4.0 
-1 -8 0 3.267949192431123 6.732050807568877 
0 -8 0 4.0 4.0 
-2 1 0 4.0 4.0 
-2 0 0 4.0 4.0 
-2 -1 0 1.573256814685199 8.732050807568879 
-2 -2 0 1.5732568146852 8.732050807568875 
-2 -3 1 0.91478617443892 11.999999999999469 
-2 -4 1 0.9147861744389222 11.999999999999808 
-2 -5 2 1.4249480714639051 11.331267065921601 
-2 -6 2 1.424948071463907 11.331267071297068 
-2 -7 1 1.241372187059252 8.3197440502049 
-2 -8 1 1.2413721870592516 8.319744050204896 
-3 -1 0 6.0 6.000000000000001 
-3 -2 0 6.0 6.0 
-3 -3 0 2.8419540337785087 10.000000000000004 
-3 -4 0 2.841954033778507 10.0 
-3 -5 0 1.5671054532987432 11.331267071579799 
-3 -6 0 1.5671054532987454 11.331267071579793 
-3 -7 0 1.2413721870592525 8.85952338861522 
-3 -8 0 1.241372187059253 8.859523388615221 
-3 -9 0 2.0 2.0 
-2 -9 0 2.0 2.0 
-3 -10 0 2.0 2.0 
-2 -10 0 2.0 2.0 
-4 -3 0 8.0 8.0 
-4 -4 0 8.0 8.0 
-4 -5 0 4.373801931472706 10.141336115655365 
-4 -6 0 4.373801931472706 10.141336115655362 
-4 -7 0 2.566335370216712 8.85952338861522 
-4 -8 0 2.5663353702167124 8.85952338861522 
-4 -9 0 2.0 2.0 
-4 -10 0 2.0 2.0 
