2 6 0 1.0 3.0 
3 6 0 3.0 3.0 
2 5 0 0.9999999999999999 3.0 
3 5 0 3.0 3.0 
2 4 0 1.0967821884120967 10.083872359435611 
3 4 0 3.702929455636726 10.08387235943561 
2 3 0 1.096782188412093 10.083872359435606 
3 3 0 3.7029294556367254 10.083872359435606 
2 2 0 1.4587810574101328 13.077170140499396 
3 2 0 6.0 12.000000000000002 
2 1 0 1.4587810574097377 13.077170147889312 
3 1 0 6.0 12.0 
2 0 0 2.6195431950437915 12.000000000000007 
3 0 0 10.0 10.0 
2 -1 0 2.6195431950437906 12.0 
3 -1 0 10.0 10.0 
1 6 0 1.0000000000000002 3.0 
1 5 0 0.9999999999999996 3.0 
1 4 0 0.40316262594408964 9.560588113209466 
1 3 0 0.40316262594628627 9.560588113209464 
1 2 0 0.5079370169451805 13.077170096298 
1 1 0 0.5079370169390639 13.077169803101416 
1 0 0 0.8567140384209536 13.99999975247148 
1 -1 0 0.8567140384209974 13.999999994665485 
1 -2 0 2.113831053858213 10.74230557372788 
2 -2 0 6.000000000000001 8.0 
1 -3 0 2.1138310538582115 10.742305573727883 
2 -3 0 6.0 8.0 
0 4 0 0.4031626259440745 7.644811920963347 
0 3 0 0.4031626259440759 7.644811920963349 
0 2 1 0.507937016929477 11.759533631171637 
0 1 1 0.5079370169294758 11.759533673065706 
0 0 1 0.5521431798743225 13.999999998396424 
0 -1 1 0.5521431798743205 13.999999999268745 
0 -2 0 0.30092026823758306 11.880690955660237 
0 -3 0 0.3009202682375784 11.880690393782 
0 -4 0 1.9999999999999993 8.277427157485459 
1 -4 0 3.9999999999999987 6.0 
0 -5 0 2.0 8.277427157485455 
1 -5 0 4.000000000000001 6.000000000000001 
-1 4 0 4.0 4.0 
-1 3 0 4.0 4.0 
-1 2 0 1.0715968867998358 9.999999997930587 
-1 1 0 1.0715968867988364 9.999999999999995 
-1 0 0 0.5521431798743807 13.721564308945316 
-1 -1 0 0.552143179917944 13.72156430847121 
-1 -2 0 0.3009202682572312 13.664096595131356 
-1 -3 0 0.300920268237579 13.664096585196 
-1 -4 0 0.6527541892159829 10.289073317095678 
-1 -5 0 0.6527541892159795 10.289073317095685 
-2 2 0 3.4769044093683306 7.441290910412462 
-2 1 0 3.47690440936833 7.4412909104124605 
-2 0 0 1.1559586183078425 11.999999999999856 
-2 -1 0 1.1559586183078747 11.999999999999801 
-2 -2 0 0.7689555632234761 13.999999999719144 
-2 -3 0 0.7689555632425396 13.999999999828209 
-2 -4 0 0.6527541893405862 11.178180016253123 
-2 -5 0 0.6527541892179546 11.178180094867129 
-2 -6 0 0.9999999999999999 4.0 
-1 -6 0 3.0 3.0 
-2 -7 0 0.9999999999999998 4.0 
-1 -7 0 3.0 3.0 
-3 0 0 4.875114580235427 9.76155718183189 
-3 -1 0 4.875114580235425 9.76155718183189 
-3 -2 0 1.705667476411232 14.000000000000002 
-3 -3 0 1.7056674764112307 14.0 
-3 -4 0 1.1042486541156635 12.605551275463991 
-3 -5 0 1.1042486541156684 12.605551275463995 
-3 -6 0 1.0000000000000002 4.0 
-3 -7 0 1.0000000000000002 4.0 
-4 -2 0 11.0 11.0 
-4 -3 0 11.0 11.0 
-4 -4 0 5.39444872453601 12.60555127546399 
-4 -5 0 5.39444872453601 12.605551275463991 
-4 -6 0 4.0 4.0 
-4 -7 0 4.0 4.0 
