1 3 1 2.0000000000000004 3.0 
2 3 0 3.0 3.0 
1 2 1 1.9999999999999996 3.0 
2 2 0 3.0 3.0 
1 1 1 0.9358222275240878 9.000000000000002 
2 1 0 3.9999999999999996 9.0 
1 0 1 0.9358222275240861 9.000000000000002 
2 0 0 3.9999999999999996 9.0 
1 -1 0 0.5419651046539139 10.0 
2 -1 0 8.0 8.0 
1 -2 0 0.5419651046539141 9.999999999999996 
2 -2 0 8.0 8.0 
0 3 0 2.0 2.0 
0 2 0 2.0 2.0 
0 1 0 0.9358222275240895 7.758770483143632 
0 0 0 0.9358222275240883 7.7587704831436355 
0 -1 0 0.5419651046539095 9.999999999993204 
0 -2 0 0.5419651046539142 9.999999999999888 
0 -3 0 1.0324172803397227 8.0 
1 -3 0 2.585786437626904 5.999999999999999 
0 -4 0 1.032417280339721 8.000000000000002 
1 -4 0 2.585786437626904 6.000000000000001 
-1 1 0 2.000000000000001 5.999999999999998 
-1 0 0 2.0000000000000004 6.0 
-1 -1 1 1.285757303952303 10.000000000000002 
-1 -2 1 1.2857573039523027 10.0 
-1 -3 1 0.8479637131702142 9.669762637630033 
-1 -4 1 0.8479637131702151 9.669762637630042 
-1 -5 0 0.5857864376269047 6.561552812808827 
0 -5 0 3.0 3.0 
-1 -6 0 0.5857864376269046 6.561552812808829 
0 -6 0 3.0 3.0 
-2 1 0 4.0 4.0 
-2 0 0 4.0 4.0 
-2 -1 0 1.5060407925650663 8.000000000000002 
-2 -2 0 1.506040792565066 8.0 
-2 -3 0 0.8479637131702121 9.66976263763004 
-2 -4 0 0.8479637131702128 9.669762637630035 
-2 -5 0 0.5857864376269039 7.20147233821924 
-2 -6 0 0.585786437626905 7.201472338219239 
-3 -1 0 6.0 6.0 
-3 -2 0 6.0 6.0 
-3 -3 0 2.8586638843446366 8.626198068527295 
-3 -4 0 2.8586638843446366 8.626198068527296 
-3 -5 0 1.2534317530042827 7.20147233821924 
-3 -6 0 1.2534317530042824 7.201472338219241 
-3 -7 0 1.0 1.0 
-2 -7 0 1.0 1.0 
-3 -8 0 1.0 1.0 
-2 -8 0 1.0 1.0 
