2 4 0 3.000000000000001 7.000000000000001 
3 4 0 7.0 7.0 
2 3 0 3.0000000000000013 7.0 
3 3 0 7.0 7.0 
2 2 0 2.8222426336143855 13.999999999999998 
3 2 0 14.0 14.0 
2 1 0 2.82224263361438 13.999999999999998 
3 1 0 14.0 14.0 
1 4 0 0.9999999999999983 7.0 
1 3 0 1.0000000000000009 7.000000000000002 
1 2 0 0.6333120987628701 12.864335360079881 
1 1 0 0.633312099491073 12.864335361443977 
1 0 0 0.8465362319644323 13.761750851380041 
2 0 0 4.74079161049157 12.860357511345944 
1 -1 0 0.8465362320610936 13.76265147051648 
2 -1 0 4.7407916104915735 12.860357511345946 
0 4 0 1.0000000000000002 7.000000000000001 
0 3 0 1.0000000000000002 6.999999999999999 
0 2 1 0.6333120987628745 11.57275704213791 
0 1 1 0.6333120987628703 11.572757048417612 
0 0 2 0.8465362319644331 13.761983709878864 
0 -1 2 0.8465362319644371 13.76257578306575 
0 -2 1 0.9621899793923059 12.544111933189974 
1 -2 0 1.7479871621747372 11.000000000000007 
0 -3 1 0.9621899793922867 12.544336095369346 
1 -3 0 1.7479871621747363 10.999999999999998 
-1 4 0 3.999999999999999 6.0 
-1 3 0 3.9999999999999987 6.000000000000001 
-1 2 0 1.9976923525540042 10.999999980957423 
-1 1 0 1.9976923525545531 10.999999993300285 
-1 0 0 0.6865870422235476 13.6703794754182 
-1 -1 0 0.6865870424060314 13.670379473771787 
-1 -2 0 0.5001416011664326 13.243244139984638 
-1 -3 0 0.5001416011637839 13.243244140061982 
-1 -4 0 0.6893486633116885 10.519038465422215 
0 -4 0 0.9836858570524369 9.177394625518346 
-1 -5 0 0.6893486632803475 10.519038465416413 
0 -5 0 0.9836858570524366 9.177394625518346 
-2 4 0 4.0 6.0 
-2 3 0 4.0 6.0 
-2 2 0 2.0655634643267513 9.429836110743755 
-2 1 0 2.065563464326753 9.429836110743755 
-2 0 0 0.6865870429989003 12.99999999930294 
-2 -1 0 0.6865870422234028 12.999999968773793 
-2 -2 1 0.5001416011620831 13.243244139318804 
-2 -3 1 0.5001416011620851 13.243244124411511 
-2 -4 2 1.2705958982294916 11.02297528315117 
-2 -5 2 1.2705958980999472 11.022975284114114 
-2 -6 1 0.9745801284952631 8.171573494862185 
-1 -6 0 1.2785847967631876 6.618033988749897 
-2 -7 1 0.97458012849526 8.171573494862187 
-1 -7 0 1.2785847967631867 6.618033988749892 
-3 2 0 6.000000000000001 8.0 
-3 1 0 6.0 8.0 
-3 0 0 3.7392074835143667 11.054186237548016 
-3 -1 0 3.7392074835143667 11.05418623754802 
-3 -2 0 2.3817152633503946 12.741284128454504 
-3 -3 0 2.381715264219896 12.741284128627298 
-3 -4 0 1.4016767297400103 11.022975260426126 
-3 -5 0 1.4016767297400103 11.022975282703408 
-3 -6 0 0.974580128495263 8.302775637731994 
-3 -7 0 0.9745801284952629 8.302775637731997 
-3 -8 0 1.0000000000000002 3.0 
-2 -8 0 0.9999999999999998 3.0 
-3 -9 0 1.0000000000000002 3.0 
-2 -9 0 1.0000000000000002 3.0 
-4 0 0 10.0 10.0 
-4 -1 0 10.0 10.0 
-4 -2 0 7.208712152522081 11.791287847477921 
-4 -3 0 7.2087121525220805 11.79128784747792 
-4 -4 0 5.3906280099614525 10.815648836403673 
-4 -5 0 5.390628009961455 10.815648836403676 
-4 -6 0 4.0 8.302775637731994 
-4 -7 0 3.999999999999999 8.302775637731997 
-4 -8 0 3.0 3.0 
-4 -9 0 3.0 3.0 
