6 14 0 1.9999999999999998 5.0 
7 14 0 5.0 5.0 
6 13 0 1.999999999999999 5.0 
7 13 0 5.0 5.0 
6 12 0 2.6224630187469127 16.482788692675925 
7 12 0 6.065721771193353 16.482788692675925 
6 11 0 2.622463021879533 16.482788692675918 
7 11 0 6.065721771193353 16.482788692675925 
6 10 0 3.5211283928384653 18.8128223520398 
7 10 0 8.112517806303941 16.887482193696062 
6 9 0 3.521128392838387 18.812822370566437 
7 9 0 8.112517806303938 16.887482193696055 
6 8 0 5.194352670436058 17.99999999965364 
7 8 0 15.0 15.0 
6 7 0 5.1943526704360234 17.99999999998433 
7 7 0 15.0 15.0 
5 14 0 1.9999999999999984 5.0 
5 13 0 2.0 5.000000000000002 
5 12 0 0.6193919030525978 15.667392948884842 
5 11 0 0.6193919034283173 15.66739294910452 
5 10 0 1.2131777929228147 18.81282192139956 
5 9 0 1.213177792903191 18.812822241855276 
5 8 0 1.8609952573749526 19.99999996989626 
5 7 0 1.8609952573486652 19.999999988614295 
5 6 0 3.5912885756012045 16.843503145879293 
6 6 0 8.082714006906466 13.999999999999998 
5 5 0 3.5912885756010207 16.843503146707015 
6 5 0 8.082714006906466 13.999999999999998 
4 14 0 2.0000000000000004 5.0 
4 13 0 1.9999999999999996 5.0 
4 12 0 0.6193919030525978 14.098255282520114 
4 11 0 0.6193919030525958 14.098255279095843 
4 10 0 0.33777800287665866 17.983945248002943 
4 9 0 0.3377780028761041 17.983945181815404 
4 8 0 0.4104143140698869 19.999999994651105 
4 7 0 0.41041431408047585 19.99999999182758 
4 6 0 1.4134865578680988 18.835990743078785 
4 5 0 1.4134865548828415 18.835991036100083 
4 4 0 3.3250370488858856 14.999999963656835 
5 4 0 6.232664259236466 12.0 
4 3 0 3.3250370490019887 14.999999957562048 
5 3 0 6.232664259236468 12.000000000000002 
3 14 0 4.0 4.0 
3 13 0 4.0 4.0 
3 12 0 1.4025799671651478 12.049701315718595 
3 11 0 1.4025799671528363 12.049701315644619 
3 10 0 0.33777800287668003 16.554654160797096 
3 9 0 0.3377780028759355 16.55465504501278 
3 8 0 0.1595792779458491 19.485963080434527 
3 7 0 0.15957927794572116 19.485963397539646 
3 6 0 0.28819698970389235 19.999999926658024 
3 5 0 0.2881969898101801 19.999999496960715 
3 4 0 1.2632912614089225 16.66639796507673 
3 3 0 1.2632912613970664 16.666397234955294 
3 2 0 3.160975181842395 13.273430324433274 
4 2 0 5.585786437626906 10.170086486626033 
3 1 0 3.1609751818423844 13.273430615487865 
4 1 0 5.585786437626905 10.170086486626033 
2 12 0 3.0700837003036283 9.346411920803064 
2 11 0 3.07008370030363 9.346411920803062 
2 10 0 1.1381010619006324 14.798540811492401 
2 9 0 1.138101061883821 14.798540753574434 
2 8 0 0.15957927797683003 18.725061916733043 
2 7 0 0.15957927794691137 18.725062316690167 
2 6 1 0.251046430572442 19.999999977951923 
2 5 1 0.251046430572444 19.999999961220517 
2 4 1 0.46989436027092196 18.747462478209382 
2 3 1 0.46989436027091963 18.747463047373074 
2 2 0 0.8393376803023302 14.665266316247877 
2 1 0 0.8393376803270811 14.665266316884951 
2 0 0 3.350499018645148 10.20822123265197 
3 0 0 6.0 6.0 
2 -1 0 3.350499018645146 10.208221232651967 
3 -1 0 6.0 6.0 
1 12 0 5.0 7.0 
1 11 0 5.0 7.0 
1 10 0 2.669979186589622 12.69414434713001 
1 9 0 2.6699792030875926 12.694144347146533 
1 8 0 1.2546835026908014 16.999999985310843 
1 7 0 1.254683502860395 16.99999985430119 
1 6 0 0.2510464305725235 19.756812844461404 
1 5 0 0.2510464305725415 19.7568126449409 
1 4 0 0.18962296397448264 19.49179766647864 
1 3 0 0.18962296394592598 19.49179789543979 
1 2 0 0.19578489012610392 16.30178574020853 
1 1 0 0.19578489012800945 16.301785998925357 
1 0 0 1.163623927172921 12.333879573975345 
1 -1 0 1.1636239271729252 12.333879574016246 
0 10 0 4.933109706812457 10.422176537507763 
0 9 0 4.93310970681246 10.422176537507763 
0 8 0 2.309160502624931 14.88304083676229 
0 7 0 2.309160502624933 14.883040235514299 
0 6 0 1.0656548330133457 18.99999975573756 
0 5 0 1.0656548348547172 18.999999358463533 
0 4 0 0.18962296395205266 19.745065697580014 
0 3 0 0.1896229639509774 19.745066076093188 
0 2 1 0.19578489012603179 18.19821928533075 
0 1 1 0.19578489012603373 18.198220421242684 
0 0 1 0.995698954985892 13.349966429975193 
0 -1 1 0.9956989549858897 13.349966429715952 
0 -2 0 1.8299135133739663 5.481194304092016 
1 -2 0 3.0 5.0 
0 -3 0 1.8299135133739661 5.481194304092016 
1 -3 0 3.000000000000001 5.0 
-1 8 0 5.697359512989966 12.856875206057921 
-1 7 0 5.69735951298996 12.856875206057921 
-1 6 0 3.1589016982641116 16.999999159627134 
-1 5 0 3.158901715334493 16.999999999973067 
-1 4 0 1.985963324020862 19.74506628602703 
-1 3 0 1.9859633223942534 19.745066285394895 
-1 2 0 1.5041369075727187 19.115362780753426 
-1 1 0 1.5041369075628965 19.11536266457984 
-1 0 0 0.9956989550528572 15.065685522718365 
-1 -1 0 0.9956989549859055 15.065685522531432 
-1 -2 0 1.829913513373965 6.0 
-1 -3 0 1.8299135133739657 5.999999999999999 
-2 6 0 7.506345948286408 14.820196766378006 
-2 5 0 7.506345948286411 14.820196766378007 
-2 4 0 4.627445940286949 18.999999999999538 
-2 3 0 4.627445940286956 18.99999999999983 
-2 2 0 3.117897724766915 19.115362998869298 
-2 1 0 3.1178977247628583 19.115362908244744 
-2 0 0 2.2432216254657256 17.196152422706636 
-2 -1 0 2.2432216254773616 17.19615242270663 
-2 -2 0 1.8299135133739677 6.0 
-2 -3 0 1.8299135133739663 6.000000000000001 
-3 4 0 16.0 16.0 
-3 3 0 16.0 16.0 
-3 2 0 8.641101056459325 17.35889894354067 
-3 1 0 8.641101056459327 17.358898943540673 
-3 0 0 6.803847577293369 17.19615242270663 
-3 -1 0 6.803847577293367 17.196152422706636 
-3 -2 0 6.0 6.0 
-3 -3 0 6.0 6.0 
