4 10 0 3.0 5.0 
5 10 0 5.0 5.0 
4 9 0 3.0 5.0 
5 9 0 5.0 5.0 
4 8 0 2.260288203661338 12.701562118716428 
5 8 0 6.298437881283576 12.701562118716424 
4 7 0 2.260288203661342 12.701562118716424 
5 7 0 6.298437881283574 12.701562118716424 
4 6 0 3.466658773008035 13.999999999999998 
5 6 0 12.0 12.0 
4 5 0 3.4666587730080334 14.000000000000002 
5 5 0 12.0 12.0 
3 10 0 3.0 5.0 
3 9 0 3.0 5.0 
3 8 0 1.1670340369815153 11.891181821227839 
3 7 0 1.1670340367507728 11.891181903720113 
3 6 0 0.9986454147500182 13.99999999990145 
3 5 0 0.9986454147370422 13.999999999987857 
3 4 0 1.4133672424218222 12.999999999859691 
4 4 0 5.550510257216824 11.0 
3 3 0 1.4133672424047412 12.999999999839075 
4 3 0 5.550510257216824 11.000000000000002 
2 10 0 2.9999999999999996 5.000000000000001 
2 9 0 2.9999999999999996 5.0 
2 8 0 1.1670340365597556 11.064779874914363 
2 7 0 1.1670340412269051 11.064779878544272 
2 6 0 0.5415461062487911 13.212694872193424 
2 5 0 0.5415461059227262 13.212694749705893 
2 4 0 0.5093824405957926 13.493703443253445 
2 3 0 0.509382440595932 13.493703442202156 
2 2 0 0.6520135031632898 10.999999985230641 
3 2 0 3.3136982435566535 9.759262035628819 
2 1 0 0.6520135028268326 10.999999997848496 
3 1 0 3.313698243556652 9.759262035628822 
1 10 0 3.0 5.0 
1 9 0 2.9999999999999996 5.0 
1 8 0 1.3768946812259035 9.747405872282876 
1 7 0 1.3768946812256992 9.747405876220881 
1 6 0 0.5415461059225378 12.440726961960612 
1 5 0 0.5415461059225062 12.440726819312918 
1 4 0 0.2833424739597063 13.493703444610208 
1 3 0 0.283342474283383 13.493703439004717 
1 2 0 0.26393433011180234 12.249056607564809 
1 1 0 0.2639343301049758 12.249056608602373 
1 0 0 0.3789510989244815 8.687851496732199 
2 0 0 2.4071376319485474 7.414213562373095 
1 -1 0 0.3789510988545264 8.68785146264866 
2 -1 0 2.407137631948549 7.414213562373096 
0 8 0 2.463370378794198 8.0 
0 7 0 2.463370378794197 8.000000000000002 
0 6 0 0.9259296815562443 11.686169897869997 
0 5 0 0.9259296815865917 11.686169897871194 
0 4 0 0.28334247399194623 13.46723882111448 
0 3 0 0.2833424740062088 13.467238821090309 
0 2 1 0.26393433009673967 13.255056259066416 
0 1 1 0.263934330096744 13.255056259039868 
0 0 2 0.3789510987850495 10.00572918713431 
0 -1 2 0.3789510987850475 10.005729187134603 
0 -2 1 1.9999999999999993 4.999999999999999 
1 -2 0 2.0 4.0 
0 -3 1 2.0 4.999999999999999 
1 -3 0 1.9999999999999993 4.0 
-1 6 0 4.763932022500213 10.000000000000002 
-1 5 0 4.763932022500209 10.000000000000002 
-1 4 0 2.973846608223775 12.719260535566614 
-1 3 0 2.973846608223773 12.719260535566644 
-1 2 0 1.8917011620001087 13.255056259079797 
-1 1 0 1.891701161994587 13.255056259079812 
-1 0 0 1.5722823878739332 11.246551364558567 
-1 -1 0 1.5722823878739334 11.246551364558565 
-1 -2 0 1.9999999999999998 5.0 
-1 -3 0 2.0 5.0 
-2 4 0 12.0 12.0 
-2 3 0 12.0 12.0 
-2 2 0 6.8002950192684315 13.085531716506523 
-2 1 0 6.800295019268431 13.085531716506523 
-2 0 0 5.330336159357776 11.246551364558563 
-2 -1 0 5.330336159357777 11.246551364558563 
-2 -2 0 5.0 5.0 
-2 -3 0 5.0 5.0 
