3 9 0 2.0 2.0 
4 9 0 2.0 2.0 
3 8 0 2.0 2.0 
4 8 0 2.0 2.0 
3 7 0 1.4601835375171652 7.791287847477919 
4 7 0 2.4384471871911693 7.791287847477921 
3 6 0 1.460183537517163 7.791287847477921 
4 6 0 2.43844718719117 7.791287847477921 
3 5 0 1.7041614665306717 12.014381693371078 
4 5 0 3.4076029675774517 12.014381693371075 
3 4 0 1.7041614665306728 12.014381693371071 
4 4 0 3.4076029675774517 12.014381693371073 
3 3 0 2.4717407900869053 12.700887395057268 
4 3 0 5.890104827237533 11.109895172762469 
3 2 0 2.471740789861426 12.700887395058311 
4 2 0 5.890104827237532 11.109895172762467 
3 1 0 4.123270701358501 11.0 
4 1 0 9.0 9.0 
3 0 0 4.1232707013585035 11.000000000000005 
4 0 0 9.0 9.0 
2 9 0 2.0 2.0 
2 8 0 2.0 2.0 
2 7 0 1.4444072728251125 7.5913138019708395 
2 6 0 1.444407272825115 7.591313801970843 
2 5 0 0.8773125939138989 11.996678033479592 
2 4 0 0.877312593553283 11.996678033285178 
2 3 0 1.1141935700870231 13.435847763711543 
2 2 0 1.1141935698554857 13.435847764901538 
2 1 0 1.8988807034829172 12.999999989871867 
2 0 0 1.8988807034427204 12.999999966574247 
2 -1 0 3.189745552696993 9.000000000000002 
3 -1 0 7.0 7.0 
2 -2 0 3.1897455526969924 9.000000000000004 
3 -2 0 6.999999999999999 7.0 
1 7 0 1.444407272825114 6.22782424901293 
1 6 0 1.4444072728251136 6.227824249012932 
1 5 0 0.877312592304734 10.580461198555701 
1 4 0 0.8773125923045912 10.580461198721636 
1 3 0 0.3977692390259734 13.435847751256631 
1 2 0 0.39776923876066217 13.435847746785099 
1 1 0 0.5297096267162729 13.686045328674998 
1 0 0 0.5297096267162307 13.686045341809148 
1 -1 0 1.1973564755055213 10.318391389995364 
1 -2 0 1.1973564755109771 10.31839139620404 
1 -3 0 2.999999999999999 6.000000000000001 
2 -3 0 5.0 5.0 
1 -4 0 3.0000000000000004 6.000000000000003 
2 -4 0 5.0 5.0 
0 5 0 1.0353575867790707 8.999999999999996 
0 4 0 1.0353575867790692 9.000000000000002 
0 3 0 0.3977692387622098 12.45564600738554 
0 2 0 0.3977692387694606 12.455646344399232 
0 1 1 0.5297096267162145 13.745328150275073 
0 0 1 0.5297096267162161 13.7447056469536 
0 -1 1 0.9161070130849772 11.417214510177923 
0 -2 1 0.9161070130850447 11.417214527805044 
0 -3 0 1.0000000000000007 6.999999999999999 
0 -4 0 1.0000000000000007 7.0 
-1 3 0 1.7774673260199403 10.999999999999998 
-1 2 0 1.77746732601994 10.999999999999996 
-1 1 0 1.1842706445956102 13.744685870231855 
-1 0 0 1.1842706445956135 13.74536097909986 
-1 -1 0 0.9161070130849803 12.749911919654522 
-1 -2 0 0.9161070130851501 12.749911919630048 
-1 -3 0 0.9999999999999998 7.000000000000001 
-1 -4 0 1.0000000000000002 7.000000000000002 
-2 1 0 4.799393121726511 12.852346996636971 
-2 0 0 4.799393121726511 12.852346996636967 
-2 -1 0 3.0577877001486797 13.999999999999993 
-2 -2 0 3.0577877001486815 13.999999999999998 
-2 -3 0 3.9999999999999996 7.0 
-2 -4 0 4.000000000000001 7.0 
-3 -1 0 14.0 14.0 
-3 -2 0 14.0 14.0 
-3 -3 0 7.0 7.0 
-3 -4 0 7.0 7.0 
