5 15 0 4.0 4.0 
6 15 0 4.0 4.0 
5 14 0 4.0 4.0 
6 14 0 4.0 4.0 
5 13 0 2.427285688076052 9.086130197651494 
6 13 0 4.48586307066471 9.086130197651496 
5 12 0 2.427285688076051 9.08613019765149 
6 12 0 4.485863070664709 9.086130197651494 
5 11 0 3.0000000002562803 12.086130197611121 
6 11 0 5.485863070664709 12.086130197651496 
5 10 0 3.0000000002322236 12.086130197146423 
6 10 0 5.48586307066471 12.086130197651492 
5 9 0 3.4858630866730067 13.406728286872116 
6 9 0 6.785680256622463 13.086130197651498 
5 8 0 3.485863070667856 13.406728362918761 
6 8 0 6.785680256622465 13.086130197651494 
5 7 0 4.785680256625963 14.406728371144768 
6 7 0 8.913869802348506 13.514136929335292 
5 6 0 4.785680256622848 14.40672837089447 
6 6 0 8.913869802348504 13.514136929335292 
5 5 0 6.659201715259036 12.943406480517332 
6 5 0 12.0 12.0 
5 4 0 6.65920171527052 12.943406696018515 
6 4 0 12.0 12.0 
4 15 0 4.0 4.0 
4 14 0 4.0 4.0 
4 13 0 2.4272856880760507 9.086130197256178 
4 12 0 2.4272856880760503 9.086130196850698 
4 11 0 1.4190182076466964 12.086130196844572 
4 10 0 1.419018207646695 12.086130193462532 
4 9 0 1.427285690053185 14.201034370957373 
4 8 0 1.4272856880787579 14.20103437303369 
4 7 0 2.05503923596081 15.20103437730033 
4 6 0 2.0550392359764595 15.201034342564805 
4 5 0 3.0157016378650785 13.910269579305572 
4 4 0 3.015701637687562 13.910267959828067 
4 3 0 4.659201715253839 11.88177437506109 
5 3 0 9.000000000000002 11.0 
4 2 0 4.659201752410004 11.881774375089405 
5 2 0 9.0 11.0 
3 15 0 4.0 4.0 
3 14 0 4.0 4.0 
3 13 0 2.4272856880760507 8.91503477751099 
3 12 0 2.4272856880760503 8.915034777499196 
3 11 0 1.4190182076467504 11.941665222607417 
3 10 0 1.4190182124821686 11.941665221812018 
3 9 0 0.41901820771994147 14.201034377193192 
3 8 0 0.4190182076466959 14.20103407395244 
3 7 0 0.41901820765352504 15.201034351268111 
3 6 0 0.41901820764762404 15.20103436307449 
3 5 0 0.9057125930157272 15.9999999998661 
3 4 0 0.9057125930208098 15.999999990866085 
3 3 0 1.890640720798097 12.759579851705737 
3 2 0 1.8906407159401313 12.759579851090072 
3 1 0 3.233441316684297 10.010042956988457 
4 1 0 7.0 9.000000000000002 
3 0 0 3.2334413185543474 10.010042956953566 
4 0 0 7.0 9.0 
2 15 0 4.0 4.0 
2 14 0 4.0 4.0 
2 13 0 2.449683792506278 8.041109383596046 
2 12 0 2.4496837925062787 8.041109383596044 
2 11 0 1.4190182076467024 11.597065902626797 
2 10 0 1.4190182080221685 11.597065899844125 
2 9 0 0.41901820793428374 14.201033636427493 
2 8 0 0.4190182076467161 14.20103428782492 
2 7 1 0.4190182076466877 15.201034376702033 
2 6 1 0.4190182076466884 15.201033944628394 
2 5 2 0.8023507282733866 15.999999947595697 
2 4 2 0.8023507282797109 15.999999994162483 
2 3 1 0.796292677675402 14.624340141588405 
2 2 1 0.7962926776754014 14.624340126937769 
2 1 0 0.876113696341677 10.775495855087094 
2 0 0 0.8761136967344991 10.775495855510107 
2 -1 0 2.187533287909676 8.010042957000156 
3 -1 0 5.000000000000001 7.0 
2 -2 0 2.1875332879096745 8.01004295700015 
3 -2 0 5.0 6.999999999999999 
1 13 0 4.381966011250106 7.618033988749895 
1 12 0 4.381966011250105 7.618033988749895 
1 11 0 2.788324608449718 10.755640982010387 
1 10 0 2.7883246076682937 10.755641421358714 
1 9 0 1.78832460878319 13.48325251877168 
1 8 0 1.788324607368542 13.483252458590691 
1 7 0 0.8023507282796866 14.999999811585704 
1 6 0 0.8023507282797296 14.999999999298918 
1 5 0 0.5937250615932409 15.999999999636163 
1 4 0 0.5937250621895575 15.999999285183465 
1 3 0 0.5937250615977995 15.178485671155922 
1 2 0 0.5937250615961305 15.17848567205661 
1 1 0 0.8097811539382354 12.624340145895527 
1 0 0 0.8097811539382962 12.624340088379997 
1 -1 0 1.891486756774964 8.775495855133276 
1 -2 0 1.891486758373016 8.775495854357349 
1 -3 0 3.9999999999999996 4.0 
2 -3 0 4.0 4.0 
1 -4 0 4.0 4.0 
2 -4 0 4.0 4.0 
0 11 0 5.186393497351667 9.999999999999998 
0 10 0 5.186393497351669 10.0 
0 9 0 2.716562141347198 11.879296444393267 
0 8 0 2.7165621413478327 11.879296499181985 
0 7 0 1.5937250633816489 14.666972246399041 
0 6 0 1.5937250639247011 14.666971963781116 
0 5 0 0.593725061596628 15.666971639957403 
0 4 0 0.5937250615920932 15.666972249712629 
0 3 1 0.5937250615920434 15.178485672406442 
0 2 1 0.593725061592041 15.178485672358349 
0 1 2 1.1104896307510268 13.83221088048984 
0 0 2 0.8097811539381207 13.832211654583713 
0 -1 1 1.8914867565446287 9.992594382823793 
0 -2 1 1.891486756477514 9.992594382814646 
0 -3 0 4.0 4.0 
0 -4 0 4.0 4.0 
-1 9 0 7.0 11.0 
-1 8 0 7.0 11.0 
-1 7 0 5.4125648300729035 13.999999999999998 
-1 6 0 5.412564830072921 13.999999999999995 
-1 5 0 3.744685845704215 14.999999865266956 
-1 4 0 3.744685845703797 14.999999742465235 
-1 3 0 2.7446858457536303 15.178485671837352 
-1 2 0 2.7446858457121817 15.178485666955078 
-1 1 0 1.9386156188051666 13.832211629281419 
-1 0 0 1.9386156208778043 13.832211624498338 
-1 -1 0 1.9386156186337506 11.832211654587251 
-1 -2 0 1.9386156186337495 11.83221165458725 
-1 -3 0 4.0 4.0 
-1 -4 0 4.0 4.0 
-2 7 0 12.0 12.0 
-2 6 0 12.0 12.0 
-2 5 0 7.000000000000001 13.0 
-2 4 0 7.0 13.0 
-2 3 0 5.692226301612771 14.000000000000004 
-2 2 0 5.692226301612771 14.000000000000002 
-2 1 0 4.692226301612772 13.832211654587248 
-2 0 0 4.692226301612771 13.832211654587248 
-2 -1 0 3.999999999999999 11.832211654587251 
-2 -2 0 3.9999999999999996 11.832211654587255 
-2 -3 0 4.0 4.0 
-2 -4 0 4.0 4.0 
