3 7 0 3.0000000000000004 7.0 
4 7 0 7.0 7.0 
3 6 0 3.0 7.000000000000001 
4 6 0 7.0 7.0 
3 5 0 3.2436216857427325 14.000000000000005 
4 5 0 14.0 14.0 
3 4 0 3.2436216857427302 14.000000000000005 
4 4 0 14.0 14.0 
2 7 0 2.999999999999999 7.000000000000001 
2 6 0 2.999999999999998 7.000000000000002 
2 5 0 1.3981547055473944 13.160734829824342 
2 4 0 1.3981547068468756 13.160734855071196 
2 3 0 1.7857068493157844 13.793954690664048 
3 3 0 4.975795856273788 13.0 
2 2 0 1.7857068493157835 13.79449473478578 
3 2 0 4.975795856273788 13.000000000000002 
1 7 0 2.9999999999999987 7.000000000000002 
1 6 0 3.0 7.000000000000002 
1 5 0 1.3981547054542196 12.25388693702165 
1 4 0 1.3981547054697432 12.253886966251848 
1 3 0 0.4498602269118455 13.794595777089846 
1 2 0 0.44986022691189104 13.794595710342008 
1 1 0 0.6170478791337182 12.792897269266119 
2 1 0 2.583541591938989 11.819601319379297 
1 0 0 0.6170478791337256 12.792897363912116 
2 0 0 2.5835415919389892 11.8196013193793 
0 7 0 3.0 7.0 
0 6 0 3.000000000000001 6.999999999999998 
0 5 0 1.4640917983188626 11.596286847624912 
0 4 0 1.4640917983437018 11.596286928087354 
0 3 0 0.44986022692325195 12.962712890221614 
0 2 0 0.44986022691192074 12.962712855688817 
0 1 1 0.6170478791337015 12.792897296571788 
0 0 1 0.6170478791337006 12.792893331258643 
0 -1 1 1.120018436452914 11.504149694241278 
1 -1 0 1.4877485611190273 9.999999999999945 
0 -2 1 1.1200184364541361 11.504149694245449 
1 -2 0 1.4877485611190269 9.999999999999948 
-1 7 0 5.999999999999999 6.0 
-1 6 0 6.0 6.000000000000001 
-1 5 0 3.7855740237215123 10.999999999958971 
-1 4 0 3.785574010284344 10.999999999997986 
-1 3 0 2.072562549125976 12.134276139010257 
-1 2 0 2.0725625491707307 12.13427586567272 
-1 1 0 0.9755898066002268 12.70212837689591 
-1 0 0 0.9755898066021187 12.702095755632042 
-1 -1 0 0.35428664941564847 11.504149692314858 
-1 -2 0 0.3542866494336617 11.50414966757372 
-1 -3 0 0.5058368456126476 9.427413158727427 
0 -3 0 0.9538564116310356 8.45973031420005 
-1 -4 0 0.50583684561266 9.427413158726266 
0 -4 0 0.9538564116310341 8.459730314200044 
-2 7 0 6.0 6.0 
-2 6 0 6.0 6.0 
-2 5 0 3.9099434687144146 9.157251555273028 
-2 4 0 3.9099434687144146 9.157251555273032 
-2 3 0 2.2750221770202708 11.048730239032242 
-2 2 0 2.275022177042536 11.048729978223315 
-2 1 0 1.0417472646976054 11.932887732365673 
-2 0 0 1.0417472648633885 11.932887854802026 
-2 -1 0 0.3542866494184058 11.444069181411274 
-2 -2 0 0.3542866494122107 11.444069170397968 
-2 -3 1 0.5058368456125978 9.427413158701933 
-2 -4 1 0.5058368456125997 9.427413158677902 
-2 -5 1 1.225377100495511 6.4552953915860165 
-1 -5 0 1.2253771004955114 5.228328215946635 
-2 -6 1 1.225377100495513 6.455295391586012 
-1 -6 0 1.22537710049551 5.228328215946636 
-3 5 0 8.0 8.0 
-3 4 0 8.0 8.0 
-3 3 0 5.765191947116204 10.077248490356133 
-3 2 0 5.765191947116203 10.07724849035613 
-3 1 0 4.138879695655663 11.07831376207554 
-3 0 0 4.138879695655665 11.078313762075544 
-3 -1 0 2.8651737055812516 10.906326798166576 
-3 -2 0 2.86517370558125 10.906326798166582 
-3 -3 0 1.732557483171059 9.271053348080624 
-3 -4 0 1.732557483171058 9.27105334808062 
-3 -5 0 1.2758292361874273 6.455295391586015 
-3 -6 0 1.2758292361874275 6.455295391586015 
-3 -7 0 1.0 1.0 
-2 -7 0 1.0 1.0 
-3 -8 0 1.0 1.0 
-2 -8 0 1.0 1.0 
