0 0 1 2.9999999999999996 4.000000000000001 
1 0 0 4.0 4.0 
0 -1 1 3.0 4.0 
1 -1 0 4.0 4.0 
0 -2 1 1.4659298032772683 8.0 
1 -2 0 8.0 8.0 
0 -3 1 1.465929803277267 8.0 
1 -3 0 8.0 8.0 
-1 0 0 3.0 3.0 
-1 -1 0 3.0 3.0 
-1 -2 0 1.1863934973516705 8.000000000000004 
-1 -3 0 1.1863934973516683 8.0 
-1 -4 0 1.2679491924311235 7.645751311064592 
0 -4 0 1.2679491924311233 6.0 
-1 -5 0 1.2679491924311237 7.645751311064591 
0 -5 0 1.2679491924311235 6.000000000000001 
-2 0 0 3.0 3.0 
-2 -1 0 3.0 3.0 
-2 -2 0 1.1863934973516697 6.000000000000001 
-2 -3 0 1.1863934973516692 5.999999999999999 
-2 -4 1 1.5505102572168221 7.645751311064593 
-2 -5 1 1.5505102572168223 7.645751311064591 
-2 -6 1 1.5857864376269049 5.414213562373096 
-1 -6 0 1.585786437626905 4.414213562373095 
-2 -7 1 1.585786437626905 5.414213562373096 
-1 -7 0 1.5857864376269055 4.414213562373095 
-3 -2 0 5.0 5.0 
-3 -3 0 5.0 5.0 
-3 -4 0 3.2679491924311224 6.732050807568878 
-3 -5 0 3.267949192431123 6.732050807568877 
-3 -6 0 2.0000000000000004 5.414213562373095 
-3 -7 0 2.0 5.414213562373095 
-3 -8 0 1.0 1.0 
-2 -8 0 1.0 1.0 
-3 -9 0 1.0 1.0 
-2 -9 0 1.0 1.0 
