0 2 0 1.0 3.0 
1 2 0 3.0 3.0 
0 1 0 0.9999999999999999 3.0 
1 1 0 3.0 3.0 
0 0 0 0.9999999999999999 5.000000000000001 
1 0 0 4.0 5.0 
0 -1 0 0.9999999999999992 5.000000000000001 
1 -1 0 3.9999999999999996 5.0 
0 -2 0 1.0000000000000009 6.000000000000001 
1 -2 0 6.0 6.0 
0 -3 0 1.0000000000000002 6.0 
1 -3 0 6.0 6.0 
-1 2 0 0.9999999999999999 3.0 
-1 1 0 1.0000000000000004 3.0 
-1 0 1 1.0 5.000000000000001 
-1 -1 1 0.9999999999999983 5.000000000000003 
-1 -2 3 1.0 6.0 
-1 -3 3 1.0000000000000009 6.000000000000003 
-1 -4 3 1.9999999999999996 4.000000000000002 
0 -4 0 2.0 4.0 
-1 -5 3 2.0000000000000004 4.000000000000003 
0 -5 0 1.9999999999999998 4.0 
-2 0 0 5.0 5.0 
-2 -1 0 5.0 5.0 
-2 -2 0 3.0000000000000004 6.000000000000002 
-2 -3 0 3.0000000000000004 6.0 
-2 -4 0 1.9999999999999998 4.0 
-2 -5 0 1.9999999999999998 4.0 
-2 -6 0 2.0 2.0 
-1 -6 1 1.9999999999999998 1.9999999999999998 
-2 -7 0 2.0 2.0 
-1 -7 1 2.0 2.0 
