4 10 1 1.9999999999999998 1.9999999999999998 
5 10 0 2.0 2.0 
4 9 1 2.0 2.0 
5 9 0 2.0 2.0 
4 8 0 0.5814492811261519 12.424428900898056 
5 8 0 2.575571099101947 12.424428900898054 
4 7 0 0.5814492811261549 12.424428900898056 
5 7 0 2.575571099101948 12.424428900898054 
4 6 0 0.912859442858983 15.357896902905722 
5 6 0 4.641101056459327 13.358898943540673 
4 5 0 0.9128594428707668 15.35789690290537 
5 5 0 4.641101056459326 13.358898943540675 
4 4 0 2.6762929906373865 13.000000000000004 
5 4 0 10.0 10.0 
4 3 0 2.67629299063738 13.0 
5 3 0 10.0 10.0 
3 8 0 0.5814492811261534 9.806423851823105 
3 7 0 0.5814492811261549 9.806423851823109 
3 6 1 0.9128594428589323 15.357896769512482 
3 5 1 0.912859442858925 15.357896899706468 
3 4 0 1.5109139076166338 15.999999986790087 
3 3 0 1.5109139091701402 15.999999987188444 
3 2 0 4.572121127629255 11.000000000000002 
4 2 0 6.0 8.0 
3 1 0 4.572121127629256 11.0 
4 1 0 6.0 8.0 
2 8 0 2.0 5.0 
2 7 0 1.9999999999999993 5.000000000000001 
2 6 2 1.1018042042865452 13.002679083100224 
2 5 2 1.046232545080015 13.00267905890786 
2 4 1 0.553918436158662 15.999999756196647 
2 3 1 0.553918436158663 15.999999922401301 
2 2 0 0.5929561180750976 13.749129774564585 
2 1 0 0.5929561180750939 13.74912981502343 
1 8 0 4.0 4.0 
1 7 0 4.0 4.0 
1 6 0 1.0462325453139312 10.999999885018717 
1 5 0 1.0462325450881034 10.999999991701895 
1 4 1 0.5539184361586652 15.999999770591073 
1 3 1 0.5539184361586651 15.99999988294481 
1 2 1 0.41711545769541486 15.999999915976456 
1 1 1 0.4171154576954143 15.999999999379295 
1 0 0 0.8006972739050101 10.999999998136214 
2 0 0 3.4637795879009805 8.566540854411105 
1 -1 0 0.8006972739050106 10.999999999784498 
2 -1 0 3.46377958790098 8.566540854411103 
0 6 0 2.6748544097292957 8.813606502648332 
0 5 0 2.674854409729297 8.81360650264833 
0 4 0 0.7099229923798439 13.999999705610376 
0 3 0 0.7099229923795736 13.99999979972148 
0 2 1 0.417115457695417 15.99999963636684 
0 1 1 0.41711545769541514 15.999999211455306 
0 0 2 0.8006972739050056 13.71303699290482 
0 -1 2 0.8006972739050129 13.713036995083547 
0 -2 0 0.669790013031398 7.940911086227487 
1 -2 0 4.0 4.0 
0 -3 0 0.669790013031397 7.940911086227486 
1 -3 0 4.0 4.0 
-1 6 0 6.0 6.0 
-1 5 0 6.0 6.0 
-1 4 0 3.550474931978476 11.154608621554074 
-1 3 0 3.550474931978476 11.154608621554075 
-1 2 0 1.4473983578657257 15.999999999209464 
-1 1 0 1.447398357809603 15.999999999853362 
-1 0 1 1.3036543898558122 15.130592578049445 
-1 -1 1 1.3036543896986372 15.130592153358126 
-1 -2 0 0.5163433325802751 10.183810731553129 
-1 -3 0 0.5163433324871635 10.183810731553136 
-2 4 0 5.585786437626904 9.0 
-2 3 0 5.585786437626904 8.999999999999998 
-2 2 0 2.7181460042163814 14.000000000000004 
-2 1 0 2.718146004216382 14.0 
-2 0 0 1.3098573823554311 15.130592558663414 
-2 -1 0 1.3098573825027693 15.130592557416115 
-2 -2 0 0.5163433323953299 12.82886477498093 
-2 -3 0 0.5163433323953298 12.82886477498093 
-2 -4 1 2.0000000000000004 3.0 
-1 -4 0 2.0 2.0 
-2 -5 1 2.0000000000000004 3.0 
-1 -5 0 2.0 2.0 
-3 2 0 11.0 11.0 
-3 1 0 11.0 11.0 
-3 0 0 5.594875162046672 13.405124837953327 
-3 -1 0 5.594875162046672 13.405124837953327 
-3 -2 0 3.7593206980037372 12.828864774980929 
-3 -3 0 3.759320698003737 12.828864774980927 
-3 -4 0 3.0 3.0 
-3 -5 0 3.0 3.0 
