2 8 0 1.0 3.0 
3 8 0 3.0 3.0 
2 7 0 0.9999999999999999 3.0 
3 7 0 3.0 3.0 
2 6 0 0.7639320225002105 5.999999999999999 
3 6 0 6.0 6.0 
2 5 0 0.7639320225002103 6.000000000000001 
3 5 0 6.0 6.0 
1 8 0 0.9999999999999998 3.0 
1 7 0 0.9999999999999998 3.0 
1 6 1 0.7639320225002101 5.561552812808831 
1 5 1 0.7639320225002106 5.561552812808829 
1 4 2 1.2679491924311228 5.414213562373095 
2 4 0 1.2679491924311233 4.7320508075688785 
1 3 2 1.2679491924311228 5.414213562373095 
2 3 0 1.2679491924311221 4.732050807568877 
0 6 0 5.0 5.0 
0 5 0 5.0 5.0 
0 4 0 2.5857864376269046 5.414213562373095 
0 3 0 2.585786437626904 5.414213562373095 
0 2 0 2.0 2.0 
1 2 1 2.0 2.0 
0 1 0 2.0 2.0 
1 1 1 1.9999999999999998 1.9999999999999998 
