2 4 0 2.3819660112501047 6.0 
3 4 0 6.0 6.0 
2 3 0 2.3819660112501047 6.000000000000002 
3 3 0 6.0 6.0 
2 2 0 2.852086128977938 11.999999999999998 
3 2 0 12.0 12.0 
2 1 0 2.8520861289779393 12.000000000000004 
3 1 0 12.0 12.0 
1 4 0 0.9999999999999998 6.0 
1 3 0 0.9999999999999977 5.999999999999998 
1 2 0 0.7092536267228011 11.112836527058404 
1 1 0 0.7092536267228058 11.112836667238492 
1 0 0 1.0144996797810968 11.863331963189784 
2 0 0 3.581167324029959 10.805602832577591 
1 -1 0 1.0144996797810963 11.863331962561919 
2 -1 0 3.581167324029957 10.80560283257759 
0 4 0 1.0 5.618033988749897 
0 3 0 1.0000000000000004 5.618033988749894 
0 2 1 0.7092536267227983 10.404723895367404 
0 1 1 0.7092536267228007 10.404724691798034 
0 0 2 0.6873951605677145 11.863331844409094 
0 -1 2 1.0144996797811001 11.863331906219521 
0 -2 1 0.42552778005736874 10.544830788082939 
1 -2 0 1.7970001163167608 8.610811181717123 
0 -3 1 0.42552778005736697 10.544830788082903 
1 -3 0 1.7970001163167593 8.610811181717118 
-1 4 0 4.0 4.0 
-1 3 0 4.0 4.0 
-1 2 0 1.782618065422866 8.887210463979413 
-1 1 0 1.7826180654228636 8.88721046397941 
-1 0 0 0.6873951605677151 11.667024042606517 
-1 -1 0 0.687395161089536 11.667024038135542 
-1 -2 0 0.4255277800573772 11.376760256299924 
-1 -3 0 0.42552778005736935 11.376760259008911 
-1 -4 0 0.7465286906617816 7.962795055363055 
0 -4 0 0.7465286906617825 6.1740126495970085 
-1 -5 0 0.7465286906617812 7.962795055363056 
0 -5 0 0.7465286906617816 6.17401264959701 
-2 2 0 5.0 7.0 
-2 1 0 5.0 7.000000000000001 
-2 0 0 2.7707572184381193 11.000000000000002 
-2 -1 0 2.7707572184381215 11.0 
-2 -2 0 1.5702586367516784 11.376760259177175 
-2 -3 0 1.570258636751677 11.376760259177173 
-2 -4 0 1.1068059133696784 9.958697717492084 
-2 -5 0 1.1068059133696775 9.958697717492088 
-2 -6 0 2.0 2.0 
-1 -6 0 2.0 2.0 
-2 -7 0 1.9999999999999998 2.0 
-1 -7 0 2.0 2.0 
-3 0 0 8.0 8.0 
-3 -1 0 8.0 8.0 
-3 -2 0 3.683375209644601 10.3166247903554 
-3 -3 0 3.6833752096446 10.3166247903554 
-3 -4 0 2.4841471164320432 9.958697717492088 
-3 -5 0 2.4841471164320432 9.95869771749209 
-3 -6 0 2.0 2.0 
-3 -7 0 2.0 2.0 
