2 6 0 4.0 4.0 
3 6 0 4.0 4.0 
2 5 0 4.0 4.0 
3 5 0 4.0 4.0 
2 4 0 2.344473951638749 10.23606797749979 
3 4 0 5.763932022500209 10.236067977499786 
2 3 0 2.3444739516387463 10.23606797749979 
3 3 0 5.763932022500209 10.23606797749979 
2 2 0 3.3013767689576548 12.000000000000002 
3 2 0 10.0 10.0 
2 1 0 3.301376768957656 12.000000000000002 
3 1 0 10.0 10.0 
1 6 0 3.9999999999999996 4.0 
1 5 0 4.0 4.0 
1 4 0 0.9843558164239501 9.641003866855723 
1 3 0 0.9843558164240764 9.641003863892923 
1 2 0 0.9498365302410858 11.99999985710824 
1 1 0 0.9498365314497508 11.99999996579232 
1 0 0 1.4677924242326572 10.740467790856869 
2 0 0 5.999999999999999 9.000000000000002 
1 -1 0 1.4677924242327083 10.740467770797139 
2 -1 0 5.999999999999999 9.000000000000002 
0 6 0 4.0 4.0 
0 5 0 4.0 4.0 
0 4 0 0.98435581642393 8.739501380297021 
0 3 0 0.9843558164239171 8.739501380369102 
0 2 1 0.9498365289872693 11.566979025192976 
0 1 1 0.949836528987273 11.566979020945295 
0 0 1 0.5131131771007755 11.470151032602564 
0 -1 1 0.5131131771007751 11.470151041063668 
0 -2 0 0.34381887327654903 8.925476880850443 
1 -2 0 4.000000000000001 7.414213562373096 
0 -3 0 0.34381887327653415 8.925476880850443 
1 -3 0 4.000000000000001 7.414213562373094 
-1 6 0 4.0 4.0 
-1 5 0 4.0 4.0 
-1 4 0 2.3757875872736176 7.792858948679971 
-1 3 0 2.3757875872736176 7.792858948679972 
-1 2 0 1.343742087166939 10.999999997592017 
-1 1 0 1.3437420871669385 10.999999994915552 
-1 0 0 0.5131131771008223 11.47015105111774 
-1 -1 0 0.513113177100949 11.470151062144986 
-1 -2 0 0.3438188732765312 10.215165875672755 
-1 -3 0 0.3438188732765294 10.215165866714766 
-1 -4 0 0.8409970442077512 6.915414557821574 
0 -4 0 2.5857864376269055 5.414213562373095 
-1 -5 0 0.8409970442077499 6.915414557821576 
0 -5 0 2.5857864376269046 5.414213562373096 
-2 4 0 6.0 6.0 
-2 3 0 6.0 6.0 
-2 2 0 3.417818458898695 9.072861036526547 
-2 1 0 3.417818458898695 9.072861036526549 
-2 0 0 1.766362668472599 10.498475229607381 
-2 -1 0 1.7663626684692924 10.49847522960759 
-2 -2 0 0.9658726429825354 10.215165869623362 
-2 -3 0 0.9658726433214259 10.215165826353488 
-2 -4 0 0.8409970442077521 7.350172959284711 
-2 -5 0 0.8409970442077526 7.350172959284711 
-2 -6 0 2.0 2.0 
-1 -6 0 2.0 2.0 
-2 -7 0 2.0 2.0 
-1 -7 0 2.0 2.0 
-3 2 0 8.0 8.0 
-3 1 0 8.0 8.0 
-3 0 0 5.736922589686759 9.596154676008634 
-3 -1 0 5.736922589686757 9.596154676008634 
-3 -2 0 3.886307805612059 9.568802225696743 
-3 -3 0 3.8863078056120606 9.568802225696743 
-3 -4 0 2.6173367394630898 7.350172959284711 
-3 -5 0 2.6173367394630898 7.350172959284711 
-3 -6 0 2.0 2.0 
-3 -7 0 2.0 2.0 
