2 6 0 0.9999999999999999 3.0 
3 6 0 3.0 3.0 
2 5 0 0.9999999999999999 3.000000000000001 
3 5 0 3.0 3.0 
2 4 0 0.9838075764559762 8.528917957294363 
3 4 0 3.6385312338141738 8.528917957294363 
2 3 0 0.9838075764559766 8.528917957294365 
3 3 0 3.6385312338141733 8.528917957294361 
2 2 0 1.2050397539979845 11.13050136779271 
3 2 0 5.854897308799576 10.669079088282288 
2 1 0 1.205039753997968 11.130501368678848 
3 1 0 5.854897308799576 10.66907908828229 
2 0 0 2.080973381550511 10.999999999999998 
3 0 0 9.0 9.0 
2 -1 0 2.08097338155051 11.000000000000002 
3 -1 0 9.0 9.0 
1 6 0 1.0 3.0 
1 5 0 1.0000000000000002 3.0 
1 4 0 0.45293728260096316 8.408747055719854 
1 3 0 0.452937282600962 8.408747055719859 
1 2 0 0.44251399611455666 11.130501342158132 
1 1 0 0.44251399611434844 11.13050137243957 
1 0 0 0.5911010236875671 11.68052925708265 
1 -1 0 0.5911010236875497 11.680529769678586 
1 -2 0 1.6094304847778678 9.0 
2 -2 0 5.000000000000002 7.000000000000001 
1 -3 0 1.6094304847778687 9.000000000000002 
2 -3 0 5.000000000000001 7.0 
0 4 0 0.45293728260096205 6.4412909104124605 
0 3 0 0.45293728260096233 6.441290910412463 
0 2 1 0.4425139961141238 10.44876025426527 
0 1 1 0.4425139961141257 10.448760278625837 
0 0 2 0.5911010236875479 11.730724757865033 
0 -1 2 0.5911010236875465 11.730724774941553 
0 -2 1 0.6442535185509874 9.615353187645589 
0 -3 1 0.6442535185509852 9.615353187556648 
0 -4 0 1.0000000000000009 5.999999999999999 
1 -4 0 3.000000000000001 5.0 
0 -5 0 1.0000000000000018 5.999999999999998 
1 -5 0 3.0 5.0 
-1 2 0 1.2103577903111173 8.761557181831892 
-1 1 0 1.2103577903111142 8.76155718183189 
-1 0 0 0.7614017549296126 11.730724778156587 
-1 -1 0 0.7614017550298564 11.730724777411574 
-1 -2 0 0.6442535185509857 10.924525262311757 
-1 -3 0 0.6442535185509873 10.924525262240026 
-1 -4 0 0.9999999999999984 6.000000000000003 
-1 -5 0 0.9999999999999998 6.0 
-2 0 0 3.9439396936940105 10.84122207005006 
-2 -1 0 3.943939693694013 10.841222070050062 
-2 -2 0 2.3514126128671013 12.000000000000004 
-2 -3 0 2.3514126128671027 12.000000000000002 
-2 -4 0 3.0000000000000004 6.0 
-2 -5 0 3.0000000000000004 6.000000000000002 
-3 -2 0 12.0 12.0 
-3 -3 0 12.0 12.0 
-3 -4 0 6.0 6.0 
-3 -5 0 6.0 6.0 
