4 10 0 3.0 6.000000000000001 
5 10 0 6.0 6.0 
4 9 0 3.0 6.0 
5 9 0 6.0 6.0 
4 8 0 2.2154861823451495 14.605551275463991 
5 8 0 7.394448724536012 14.60555127546399 
4 7 0 2.2154861823451557 14.60555127546399 
5 7 0 7.394448724536009 14.60555127546399 
4 6 0 3.198809389378578 16.000000000000004 
5 6 0 14.0 14.0 
4 5 0 3.1988093893785843 15.999999999999996 
5 5 0 14.0 14.0 
3 10 0 1.0000000000000016 6.000000000000001 
3 9 0 0.9999999999999989 6.000000000000002 
3 8 0 0.9168572451339387 13.123105625617116 
3 7 0 0.9168572460842644 13.123105625603944 
3 6 0 0.7804885352328863 15.999999996750574 
3 5 0 0.7804885352502312 15.999999999845866 
3 4 0 1.1113183789213223 14.88021602676246 
4 4 0 5.943939693694012 12.841222070050067 
3 3 0 1.1113183788717664 14.880216006520346 
4 3 0 5.943939693694009 12.841222070050064 
2 10 0 0.9999999999999999 6.0 
2 9 0 1.0000000000000002 5.999999999999998 
2 8 1 0.9168572451339364 11.498337044260946 
2 7 1 0.9168572452531589 11.498337044266558 
2 6 2 0.7804885352305233 15.082825319002303 
2 5 2 0.4524404634671587 15.082825317505158 
2 4 1 0.35025856358016716 15.772246090721259 
2 3 1 0.3502585635801645 15.772246290638627 
2 2 0 0.33656004122075034 12.893963092822622 
3 2 0 3.3510395199824745 10.874359820237599 
2 1 0 0.3365600411991106 12.893963118739599 
3 1 0 3.351039519982474 10.874359820237602 
1 10 0 2.9999999999999996 5.0 
1 9 0 3.0000000000000004 5.0 
1 8 0 1.4582062875346633 10.451718131423096 
1 7 0 1.4582062875174076 10.451718131070201 
1 6 0 0.45244046368865115 14.204293930919775 
1 5 0 0.4524404634671607 14.204293931848799 
1 4 0 0.3502585635801965 15.772246274337336 
1 3 0 0.35025856358017216 15.772246299452226 
1 2 0 0.33656004108598914 14.577831298125657 
1 1 0 0.3365600410843742 14.57783123957322 
1 0 0 0.8799500636731096 10.76013293972158 
2 0 0 2.368236689638854 8.441290910412464 
1 -1 0 0.8799500636731067 10.760132917310294 
2 -1 0 2.368236689638853 8.44129091041246 
0 8 0 3.0000000000000018 9.000000000000002 
0 7 0 3.0 9.0 
0 6 0 0.6329772219649574 12.999999205488997 
0 5 0 0.6329772219098898 12.999999311132873 
0 4 1 0.5937551175632522 15.75007349833034 
0 3 1 0.5937551175632548 15.750073593025464 
0 2 2 0.6328432373288426 15.364431290624768 
0 1 2 0.6328432373288434 15.364431775223556 
0 0 1 0.3549854123946718 12.610168355180864 
0 -1 1 0.3549854123946694 12.610168591070895 
0 -2 0 0.34870819617212295 7.8309803143661885 
1 -2 0 3.0 5.0 
0 -3 0 0.3487081961721246 7.8309803143661885 
1 -3 0 2.9999999999999996 5.0 
-1 8 0 5.000000000000001 6.999999999999999 
-1 7 0 5.000000000000001 7.0 
-1 6 0 2.6652593953622854 11.732050807460414 
-1 5 0 2.665259395362281 11.7320508075237 
-1 4 0 1.1877825789415752 14.999999999997879 
-1 3 0 1.1877825764250944 14.99999976974241 
-1 2 0 0.4564157087338029 15.364431772662005 
-1 1 0 0.4564157088582166 15.364431775773419 
-1 0 0 0.35498541239560366 13.979404188080725 
-1 -1 0 0.35498541239482156 13.97940419545783 
-1 -2 0 0.34870819617310456 8.775709452125607 
-1 -3 0 0.3487081961729522 8.775709451731036 
-2 6 0 6.267949192431122 9.732050807568877 
-2 5 0 6.267949192431123 9.732050807568879 
-2 4 0 3.6669353829367206 12.999999999999998 
-2 3 0 3.666935382936721 12.999999999999996 
-2 2 0 1.6676625442276998 15.07332127337346 
-2 1 0 1.6676625443112505 15.07332127337346 
-2 0 0 0.9607027092947591 13.98411397863685 
-2 -1 0 0.9607027092947573 13.984113978634435 
-2 -2 0 0.7624157013224254 10.088813485528048 
-2 -3 0 0.7624157013224275 10.088813485528052 
-2 -4 0 0.9999999999999998 3.0 
-1 -4 0 1.0000000000000002 3.0 
-2 -5 0 1.0000000000000002 3.0 
-1 -5 0 0.9999999999999998 3.0 
-3 4 0 11.0 11.0 
-3 3 0 11.0 11.0 
-3 2 0 6.754950343442167 13.157109203231487 
-3 1 0 6.754950343442168 13.157109203231483 
-3 0 0 4.411835635975618 13.984113978641197 
-3 -1 0 4.41183563597562 13.984113978641197 
-3 -2 0 3.318456903123229 10.088813485528044 
-3 -3 0 3.318456903123228 10.088813485528048 
-3 -4 0 3.0 3.0 
-3 -5 0 3.0 3.0 
