3 7 0 3.0000000000000004 6.000000000000001 
4 7 0 6.0 6.0 
3 6 0 2.9999999999999987 6.000000000000001 
4 6 0 6.0 6.0 
3 5 0 2.9999999999999973 12.0 
4 5 0 7.0 12.0 
3 4 0 3.0000000000000018 11.999999999999996 
4 4 0 7.000000000000001 11.999999999999998 
3 3 0 3.585786438397128 14.999999999951584 
4 3 0 10.0 15.0 
3 2 0 3.5857864395078276 14.999999999994879 
4 2 0 9.999999999999998 15.000000000000002 
3 1 0 4.585786437626908 16.0 
4 1 0 14.0 14.0 
3 0 0 4.585786437626906 15.999999999999995 
4 0 0 14.0 14.0 
2 7 0 2.9999999999999996 6.000000000000001 
2 6 0 2.9999999999999996 6.000000000000002 
2 5 0 1.3778543120059967 11.99999999996659 
2 4 0 1.3778543120049207 11.999999984811904 
2 3 0 1.3778543120036022 14.999999999999954 
2 2 0 1.3778543120036528 14.999999864812517 
2 1 0 1.9636407501329214 15.999999994015003 
2 0 0 1.9636407496799302 15.999999997069198 
2 -1 0 2.7345549106090097 14.697445034950626 
3 -1 0 8.585786437626906 13.0 
2 -2 0 2.7345549133285916 14.697445034725341 
3 -2 0 8.585786437626906 13.0 
1 7 0 2.999999999999999 6.000000000000001 
1 6 0 2.9999999999999987 6.000000000000001 
1 5 0 0.9661008820623288 11.280645821640237 
1 4 0 0.9661008820623269 11.280645819802382 
1 3 0 0.5576797423170086 14.999999999998025 
1 2 0 0.5576797421966553 14.99999999999635 
1 1 0 0.5576797422178652 15.999999921187987 
1 0 0 0.5576797422156116 15.999999905139381 
1 -1 0 0.8760615787965169 15.561552812620793 
1 -2 0 0.8760615787972968 15.561552811856401 
1 -3 0 1.461848016423301 12.697445028894714 
2 -3 0 4.585786437626904 11.414213562373096 
1 -4 0 1.4618480164234218 12.697445034920982 
2 -4 0 4.585786437626906 11.414213562373094 
0 7 0 3.000000000000001 6.0 
0 6 0 3.000000000000001 5.999999999999998 
0 5 0 0.9661008820630298 10.280645820865844 
0 4 0 0.9661008820631514 10.280645820646333 
0 3 1 0.5576797421907931 14.28064556860381 
0 2 1 0.5576797421907935 14.280645821243468 
0 1 3 0.8760615787963908 15.999999519295613 
0 0 3 0.8760615787963957 15.999999449057698 
0 -1 3 0.7639320225002073 15.561552268104462 
0 -2 3 0.763932022500208 15.561552501312123 
0 -3 1 0.5857864376269059 14.258997847471822 
0 -4 1 0.5857864376269055 14.258997847759543 
0 -5 0 0.5857864376269045 10.975766374915075 
1 -5 0 3.1715728752538097 9.414213562373094 
0 -6 0 0.5857864377058681 10.975766375014572 
1 -6 0 3.1715728752538093 9.414213562373098 
-1 7 0 5.0 5.0 
-1 6 0 5.0 5.0 
-1 5 0 2.966100882062326 9.0 
-1 4 0 2.966100882062328 9.000000000000004 
-1 3 0 1.7300329045790142 12.673726167910168 
-1 2 0 1.7300329056428225 12.673726170839565 
-1 1 0 0.7639320225005071 15.586237164365487 
-1 0 0 0.763932022500635 15.586237185270516 
-1 -1 0 0.5857864376276254 15.561552812709792 
-1 -2 0 0.5857864376269657 15.561552809754955 
-1 -3 0 0.5857864376273463 14.995445890663259 
-1 -4 0 0.5857864376270516 14.995445988127011 
-1 -5 0 0.5857864376316916 12.15632511456335 
-1 -6 0 0.5857864377505998 12.156325174543117 
-1 -7 0 0.9999999999999999 7.561552812808829 
0 -7 0 2.5857864376269055 6.414213562373095 
-1 -8 0 1.0000000000000007 7.561552812808831 
0 -8 0 2.585786437626906 6.414213562373096 
-2 5 0 6.000000000000001 8.0 
-2 4 0 5.999999999999999 8.0 
-2 3 0 4.438447187191172 11.999999999996989 
-2 2 0 4.43844718719117 11.999999999992312 
-2 1 0 2.4045480692666894 14.999999999984865 
-2 0 0 2.404548069254468 14.99999980866488 
-2 -1 0 1.4384471879272993 15.433893172128318 
-2 -2 0 1.4384471871975786 15.433893173306654 
-2 -3 0 1.0000000000047988 14.995445925861512 
-2 -4 0 1.000000000029374 14.995445967929133 
-2 -5 0 1.0000000004220817 13.717877987450846 
-2 -6 0 1.0000000005863297 13.717877987320925 
-2 -7 0 0.9999999999999976 9.156325174658665 
-2 -8 0 0.9999999999999988 9.156325174658658 
-2 -9 0 3.0 3.0 
-1 -9 0 3.0 3.0 
-2 -10 0 3.0 3.0 
-1 -10 0 3.0 3.0 
-3 3 0 8.0 10.000000000000002 
-3 2 0 8.0 10.0 
-3 1 0 5.438447187191172 13.000000000000004 
-3 0 0 5.43844718719117 13.000000000000004 
-3 -1 0 3.979026286649732 14.561552811404367 
-3 -2 0 3.979026286705271 14.561552811325113 
-3 -3 0 2.775226345161259 14.99544598814949 
-3 -4 0 2.775226333015829 14.995445988125761 
-3 -5 0 2.2785561756157837 13.717877987466823 
-3 -6 0 2.2785561734200526 13.717877987467096 
-3 -7 0 1.8401089842282623 9.156325174658667 
-3 -8 0 1.840108984228261 9.156325174658669 
-3 -9 0 3.0 3.0 
-3 -10 0 3.0 3.0 
-4 1 0 11.0 11.0 
-4 0 0 11.0 11.0 
-4 -1 0 7.55051025721682 12.561552812808829 
-4 -2 0 7.550510257216824 12.561552812808827 
-4 -3 0 4.988957444407991 14.011042555592011 
-4 -4 0 4.988957444407995 14.011042555592006 
-4 -5 0 3.913019626347652 13.717877987467492 
-4 -6 0 3.913019626347652 13.717877987467492 
-4 -7 0 3.4384471871911693 9.156325174658662 
-4 -8 0 3.43844718719117 9.156325174658665 
-4 -9 0 3.0 3.0 
-4 -10 0 3.0 3.0 
