0 0 1 2.9999999999999996 4.0 
1 0 0 4.0 4.0 
0 -1 1 2.9999999999999996 3.999999999999999 
1 -1 0 4.0 4.0 
0 -2 1 0.9878323485762383 9.236067977499786 
1 -2 0 4.763932022500209 9.23606797749979 
0 -3 1 0.9878323485762376 9.236067977499793 
1 -3 0 4.763932022500211 9.23606797749979 
0 -4 0 0.7017122587561984 9.657981535443636 
1 -4 0 9.0 9.0 
0 -5 0 0.7017122587562009 9.657981535443628 
1 -5 0 9.0 9.0 
-1 0 0 2.9999999999999996 3.0 
-1 -1 0 3.0 3.0 
-1 -2 0 0.9878323485762355 8.615668318550698 
-1 -3 0 0.9878323485762318 8.6156683185507 
-1 -4 0 0.7017122587561998 9.999999977914676 
-1 -5 0 0.7017122587562006 9.999999835482434 
-1 -6 0 1.2560755888180721 8.670536155923632 
0 -6 0 2.2679491924311246 7.000000000000002 
-1 -7 0 1.256075588818071 8.67053615592363 
0 -7 0 2.2679491924311233 7.0 
-2 0 0 3.0 3.0 
-2 -1 0 3.0 3.0 
-2 -2 0 1.179516381563763 6.853971187543818 
-2 -3 0 1.1795163815637637 6.853971187543818 
-2 -4 1 1.3329054104648523 9.999999999980583 
-2 -5 1 1.3329054104648503 9.99999999998279 
-2 -6 1 1.0303849450605085 9.36132605303152 
-2 -7 1 1.0303849450605072 9.361326053031492 
-2 -8 0 0.6063224438125543 6.439636502341118 
-1 -8 0 2.5857864376269055 5.414213562373094 
-2 -9 0 0.6063224438125548 6.439636502341116 
-1 -9 0 2.5857864376269055 5.414213562373095 
-3 -2 0 3.9999999999999996 6.0 
-3 -3 0 3.9999999999999996 6.0 
-3 -4 0 2.2710630604690047 8.043302369407492 
-3 -5 0 2.2710630604690065 8.043302369407488 
-3 -6 0 1.030384945060508 9.361326053031535 
-3 -7 0 1.0303849450605076 9.361326053031535 
-3 -8 0 0.6063224438125538 6.9999999999999964 
-3 -9 0 0.6063224438125528 6.999999999999997 
-3 -10 0 2.0 2.0 
-2 -10 0 2.0 2.0 
-3 -11 0 2.0 2.0 
-2 -11 0 2.0 2.0 
-4 -4 0 7.0 7.0 
-4 -5 0 7.0 7.0 
-4 -6 0 4.438447187191172 8.56155281280883 
-4 -7 0 4.438447187191168 8.56155281280883 
-4 -8 0 3.0 7.0 
-4 -9 0 3.0 7.0 
-4 -10 0 2.0 2.0 
-4 -11 0 2.0 2.0 
