2 6 0 3.0 3.0 
3 6 0 3.0 3.0 
2 5 0 3.0 3.0 
3 5 0 3.0 3.0 
2 4 0 1.8341235472526074 9.372281323269014 
3 4 0 3.627718676730985 9.372281323269014 
2 3 0 1.8341235472526072 9.372281323269013 
3 3 0 3.6277186767309857 9.372281323269014 
2 2 0 2.209109674717062 11.204171866917445 
3 2 0 5.267949192431122 9.999999999999998 
2 1 0 2.2091096747471792 11.20417185693817 
3 1 0 5.267949192431123 10.000000000000004 
2 0 0 3.202354151407171 10.999999999999996 
3 0 0 9.0 9.0 
2 -1 0 3.202354151407171 10.999999999999998 
3 -1 0 9.0 9.0 
1 6 0 3.0 3.0 
1 5 0 3.0 3.0 
1 4 0 0.992701519896428 9.16481575324973 
1 3 0 0.9927015198964031 9.164815753249727 
1 2 0 0.6149529670083044 11.204171868320806 
1 1 0 0.6149529670083073 11.204171868025579 
1 0 0 1.0400660424914339 11.690908382060217 
1 -1 0 1.0400660424916444 11.690908382039058 
1 -2 0 2.0483387003480753 9.696354690185073 
2 -2 0 6.0 8.0 
1 -3 0 2.0483387003476206 9.696354688678792 
2 -3 0 6.0 8.0 
0 6 0 3.0 3.0 
0 5 0 3.0 3.0 
0 4 0 0.9927015198963977 7.261699074471903 
0 3 0 0.9927015198963983 7.261699074471908 
0 2 1 0.6149529670083046 10.463821606030114 
0 1 1 0.6149529670083013 10.463821630291203 
0 0 2 1.0400660424914268 11.690908379884512 
0 -1 2 0.8636432496821729 11.690908376934896 
0 -2 1 0.5736998561991089 10.479651230552566 
0 -3 1 0.5736998561991106 10.479651230540671 
0 -4 0 0.9628978250119165 7.42805416392191 
1 -4 0 4.000000000000001 6.0 
0 -5 0 0.9628978250119162 7.428054163921914 
1 -5 0 4.0 6.000000000000001 
-1 4 0 3.5857864376269046 6.414213562373095 
-1 3 0 3.585786437626905 6.414213562373096 
-1 2 0 1.870418501610384 9.6980633119582 
-1 1 0 1.870418501610537 9.698063312063555 
-1 0 0 0.8636432496821699 11.688848269995008 
-1 -1 0 0.863643249682174 11.688848270006027 
-1 -2 0 0.5736998561991171 11.281606435499736 
-1 -3 0 0.5736998561991111 11.28160643495653 
-1 -4 0 0.962897825011933 9.193505049835004 
-1 -5 0 0.9628978250119693 9.193505049835 
-1 -6 0 3.0 3.0 
0 -6 0 3.0 3.0 
-1 -7 0 2.9999999999999996 3.0 
0 -7 0 3.0 3.0 
-2 2 0 5.0 8.0 
-2 1 0 4.999999999999999 8.0 
-2 0 0 3.030463625461983 11.0 
-2 -1 0 3.0304636254619832 11.0 
-2 -2 0 2.001557741748913 11.281606435651735 
-2 -3 0 2.001557741746624 11.281606435651739 
-2 -4 0 1.4140776379259679 9.971960768397098 
-2 -5 0 1.4140776379259674 9.9719607683971 
-2 -6 0 3.0 3.0 
-2 -7 0 3.0 3.0 
-3 0 0 9.0 9.0 
-3 -1 0 9.0 9.0 
-3 -2 0 4.807417596432749 10.19258240356725 
-3 -3 0 4.807417596432748 10.192582403567252 
-3 -4 0 3.604573965274113 9.971960768397096 
-3 -5 0 3.604573965274113 9.9719607683971 
-3 -6 0 3.0 3.0 
-3 -7 0 3.0 3.0 
