5 17 0 2.0 2.0 
6 17 0 2.0 2.0 
5 16 0 2.0 2.0 
6 16 0 2.0 2.0 
5 15 0 0.8392429563964587 6.561552812808831 
6 15 0 2.4384471871911697 6.561552812808831 
5 14 0 0.8392429563964596 6.561552812808829 
6 14 0 2.4384471871911697 6.561552812808831 
5 13 0 1.0937126419707008 9.882559659800638 
6 13 0 3.460118859825446 9.882559659805276 
5 12 0 1.0937126419708283 9.882559659794051 
6 12 0 3.460118859825443 9.882559659805274 
5 11 0 1.7211945730408733 11.739840220831729 
6 11 0 4.922569462864734 11.304567315294207 
5 10 0 1.721194568275363 11.739840220287938 
6 10 0 4.922569462864734 11.304567315294218 
5 9 0 2.9247691584727895 11.519594920209087 
6 9 0 6.585786437626905 10.732050807568879 
5 8 0 2.924769155108333 11.519595341881145 
6 8 0 6.585786437626904 10.732050807568877 
5 7 0 4.64746134048854 9.928083052087729 
6 7 0 9.0 9.0 
5 6 0 4.647461340488543 9.928083052087727 
6 6 0 9.0 9.0 
4 17 0 2.0 2.0 
4 16 0 2.0 2.0 
4 15 0 0.8392429563964594 6.322309960031018 
4 14 0 0.8392429563964628 6.322309960031023 
4 13 1 0.9604926826686013 9.604060519458825 
4 12 1 0.9604926826552838 9.604060667929826 
4 11 1 1.0564266605183312 11.739840180335714 
4 10 1 1.0564266605183292 11.73984020750821 
4 9 0 0.5353144979612463 12.629973679563218 
4 8 0 0.535314497961246 12.629973670763462 
4 7 0 1.5878405669221745 10.78842890438124 
4 6 0 1.5878405660881176 10.78842904115253 
4 5 0 3.1039123053399327 8.80717463703216 
5 5 0 7.0 7.0 
4 4 0 3.1039123053399322 8.80717463703216 
5 4 0 7.0 7.0 
3 15 0 2.2679491924311224 5.732050807568877 
3 14 0 2.2679491924311233 5.732050807568878 
3 13 0 0.9604926826552375 9.300318698173301 
3 12 0 0.9604926826552385 9.300318698172795 
3 11 1 1.0564266605183277 11.570550637029394 
3 10 1 1.0564266605183332 11.570550556426923 
3 9 0 0.5353144979719427 13.489701696075327 
3 8 0 0.5353144979613559 13.489687219453504 
3 7 0 1.4915091801030016 11.898898650754923 
3 6 0 1.4915091801078468 11.898898855616759 
3 5 0 2.8679920086704027 9.650198350336616 
3 4 0 2.8679920086738218 9.650198353519007 
3 3 0 5.0 5.0 
4 3 0 5.0 5.0 
3 2 0 5.0 5.0 
4 2 0 5.0 5.0 
2 13 0 2.778292473175889 8.549241456087962 
2 12 0 2.7782924731758887 8.549241456087962 
2 11 0 1.6566520277633225 10.861087110712552 
2 10 0 1.6566520277636634 10.861087041338738 
2 9 0 0.7022939524459035 13.489701696085392 
2 8 0 0.7022939525240998 13.48970169608131 
2 7 1 1.491509180102949 13.999999973313795 
2 6 1 1.4915091801029452 13.99999999998477 
2 5 0 2.3347457707148207 10.569035535406526 
2 4 0 2.3347457704881642 10.569035424484555 
2 3 0 5.0 5.0 
2 2 0 5.0 5.0 
1 11 0 3.7925966242578326 10.000000000000002 
1 10 0 3.792596624257835 10.000000000000002 
1 9 0 2.650976042357025 12.757013230978798 
1 8 0 2.6509760425909508 12.757013229598481 
1 7 0 0.8659744985174486 13.99999999994619 
1 6 0 0.8659744985655854 13.999999999851031 
1 5 0 1.3087509521447636 12.575001481766325 
1 4 0 1.308750952119815 12.575001504793274 
1 3 0 5.0 5.000000000000001 
1 2 0 5.0 5.0 
0 9 0 3.7639320225002106 11.0 
0 8 0 3.763932022500209 11.000000000000002 
0 7 0 0.865974498516742 13.731003628209782 
0 6 0 0.8659744985167371 13.731003628209784 
0 5 1 1.3087509521193166 13.162277660168376 
0 4 1 1.3087509521193126 13.162277660168378 
0 3 1 5.0 6.0 
0 2 1 5.0 5.999999999999999 
-1 7 0 13.0 13.0 
-1 6 0 13.0 13.0 
-1 5 0 6.837722339831618 13.16227766016838 
-1 4 0 6.837722339831622 13.162277660168378 
-1 3 0 6.0 6.0 
-1 2 0 6.0 6.0 
