8 24 1 1.9999999999999998 1.9999999999999998 
9 24 0 2.0 2.0 
8 23 1 2.0 2.0 
9 23 0 2.0 2.0 
8 22 0 0.3341447866801486 10.519491498624259 
9 22 0 2.4672606697348685 10.519491498624262 
8 21 0 0.3341447866993268 10.519491498624264 
9 21 0 2.4672606697348676 10.519491498624259 
8 20 0 0.741087509259704 13.935933069253094 
9 20 0 3.30639798096786 13.935933070840933 
8 19 0 0.7410875092593845 13.935933066929081 
9 19 0 3.30639798096786 13.935933070840939 
8 18 0 1.3690383732012572 16.25948469016065 
9 18 0 4.423938038445931 15.585810291880648 
8 17 0 1.369038373222522 16.259484705842812 
9 17 0 4.4239380384459235 15.585810291880648 
8 16 0 2.4914607974680543 17.00709239898197 
9 16 0 5.938784440046597 15.720769330986641 
8 15 0 2.4914607958916375 17.00709243233162 
9 15 0 5.938784440046592 15.720769330986647 
8 14 0 4.064976328142785 15.914784649107997 
9 14 0 7.797528410443274 14.442506200881207 
8 13 0 4.064976328528053 15.91478479612926 
9 13 0 7.797528410443272 14.44250620088121 
8 12 0 5.739676496316085 14.000000000000005 
9 12 0 12.0 12.0 
8 11 0 5.73967649631609 14.000000000000002 
9 11 0 12.0 12.0 
7 22 1 0.3341447866799835 8.151206568441086 
7 21 1 0.3341447866799851 8.151206568441088 
7 20 1 0.4568861923079713 13.83341762525375 
7 19 1 0.45688619230796657 13.83341762527173 
7 18 0 0.5344285034410071 16.259484710861564 
7 17 0 0.5344285034559936 16.25948370756991 
7 16 0 1.359741109159779 17.681652771794614 
7 15 0 1.3597411085418774 17.681652203825305 
7 14 0 2.6607547093429194 17.557056541577467 
7 13 0 2.660754709339846 17.557056857549743 
7 12 0 4.471079531089874 15.999999998901561 
7 11 0 4.471079531089018 15.999999999967244 
7 10 0 6.875114580235426 11.761557181831893 
8 10 0 8.0 10.0 
7 9 0 6.875114580235425 11.761557181831892 
8 9 0 8.0 10.0 
6 22 0 3.0 3.0 
6 21 0 3.0 3.0 
6 20 1 0.45688619230796423 11.570124296893814 
6 19 1 0.4568861923079665 11.57012435849174 
6 18 1 0.4537791249247413 16.172413862229085 
6 17 1 0.45377912498185585 16.17241337252786 
6 16 0 0.760785415608782 17.681651297529758 
6 15 0 0.7607854151359263 17.681652855842987 
6 14 0 1.711886884986221 18.326748937299104 
6 13 0 1.7118868850149502 18.326749112626985 
6 12 0 3.036285618644226 16.72503698634737 
6 11 0 3.036285605599105 16.725036986492892 
6 10 0 4.827756478952286 13.644437693631446 
6 9 0 4.82775647895227 13.644437693637085 
5 20 0 1.8394568451763973 7.605330061109638 
5 19 0 1.8394568451763982 7.605330061109637 
5 18 2 0.4537791249246697 14.422502495017802 
5 17 2 0.4537791249246714 14.422502494166668 
5 16 1 0.1455590290793598 17.597667287056105 
5 15 1 0.14555902907935955 17.59200939906114 
5 14 0 0.47902658691423194 19.545757087463137 
5 13 0 0.4790265868701449 19.54575380035202 
5 12 0 1.3237540457359829 17.999999441050097 
5 11 0 1.3237540458001886 17.999999996924192 
5 10 0 2.626072929506781 15.790884974250393 
5 9 0 2.6260729415939763 15.79088494297799 
5 8 0 4.438447187191169 8.561552812808829 
6 8 0 7.0 7.0 
5 7 0 4.43844718719117 8.561552812808829 
6 7 0 7.0 7.0 
4 18 0 1.6073970053827233 10.726236923698274 
4 17 0 1.6073970090158418 10.72623675610773 
4 16 0 0.14555902907954402 16.714696294382062 
4 15 0 0.14555902908049792 16.71469617881796 
4 14 2 0.6414091623621199 19.54575772426887 
4 13 2 0.6414091623621246 19.545757473892138 
4 12 0 0.39328977508358326 19.99999973978654 
4 11 0 0.3932897751124344 19.999999916125876 
4 10 0 2.072780372522324 16.373021819624615 
4 9 0 2.0727803725859593 16.373021708997754 
4 8 0 4.438447187191169 10.000000000000002 
4 7 0 4.438447187191168 10.000000000000002 
3 16 0 1.4813445617185108 13.519325306725648 
3 15 0 1.4813445612741134 13.519325462580081 
3 14 2 1.1584338646210488 17.999999977706164 
3 13 2 1.1584338646210566 17.999999846460128 
3 12 0 0.3310085962782829 19.999999808420434 
3 11 0 0.33100859628375934 19.99999989150196 
3 10 0 0.5991555185894939 17.663165736781995 
3 9 0 0.5991555181818294 17.66316574999491 
3 8 0 2.459924575660939 12.84877566282012 
3 7 0 2.45992457566094 12.84877566282012 
2 16 0 7.0 7.0 
2 15 0 7.0 7.0 
2 14 0 1.6645124253495238 16.531067468358124 
2 13 0 1.6645124253495236 16.531067282177276 
2 12 0 0.33100859627816287 19.999999858156162 
2 11 0 0.33100859627841056 19.999999961980905 
2 10 2 1.4465009793876837 19.999999999890463 
2 9 2 1.4465009793876702 19.999999865484966 
2 8 0 0.5529033186839091 13.379230511127771 
2 7 0 0.5529033184505813 13.379230511132414 
1 14 0 7.585786437626902 10.414213562373096 
1 13 0 7.585786437626904 10.414213562373096 
1 12 0 2.648014053960599 17.99999990202524 
1 11 0 2.648014053957575 17.99999948185269 
1 10 0 1.4689906914210715 19.99999998540085 
1 9 0 1.4689906938186408 19.999999967444513 
1 8 0 0.55290331857953 15.58734920961216 
1 7 0 0.5529033186201296 15.587348934548816 
1 6 0 2.9999999999999996 3.0 
2 6 0 3.0 3.0 
1 5 0 3.0 3.0000000000000004 
2 5 0 3.0 3.0 
0 12 0 7.2679491924311215 12.0 
0 11 0 7.2679491924311215 12.000000000000002 
0 10 0 1.468990691421064 20.000000000000004 
0 9 0 1.4689906914210593 20.000000000000004 
0 8 1 2.556973279207836 18.324555320336753 
0 7 1 2.5569732792078352 18.324555320336756 
0 6 1 2.999999999999999 4.0 
0 5 1 3.0 3.999999999999999 
-1 10 0 14.0 14.0 
-1 9 0 14.0 14.0 
-1 8 0 5.675444679663242 18.324555320336756 
-1 7 0 5.675444679663243 18.324555320336756 
-1 6 0 4.0 4.0 
-1 5 0 4.0 4.0 
