2 8 0 2.0 2.0 
3 8 0 2.0 2.0 
2 7 0 2.0 2.0 
3 7 0 2.0 2.0 
2 6 0 0.763932022500209 7.236067977499789 
3 6 0 2.7639320225002098 7.23606797749979 
2 5 0 0.7639320225002103 7.23606797749979 
3 5 0 2.7639320225002106 7.236067977499791 
2 4 0 1.1218187170781586 8.0 
3 4 0 6.0 6.0 
2 3 0 1.121818717078159 7.999999999999999 
3 3 0 6.0 6.0 
1 8 0 2.0 2.0 
1 7 0 2.0 2.0 
1 6 0 0.7639320225002098 6.590564251509903 
1 5 0 0.7639320225002104 6.590564251509898 
1 4 0 0.4334418335148584 8.0 
1 3 0 0.43344183351485704 7.999999999999998 
1 2 0 0.5761431456478658 6.656139962907154 
2 2 0 2.9999999999999996 5.0 
1 1 0 0.5761431456478646 6.6561399629071545 
2 1 0 3.0000000000000004 5.0 
0 6 0 1.5857864376269055 5.0 
0 5 0 1.585786437626905 5.0 
0 4 0 0.4334418335148589 7.6086992409761525 
0 3 0 0.4334418335148594 7.608699240976154 
0 2 1 0.5761431456478652 7.302775637731996 
0 1 1 0.5761431456478648 7.302775637731996 
0 0 1 1.9999999999999998 2.9999999999999996 
1 0 0 2.0 2.0 
0 -1 1 1.9999999999999998 3.0 
1 -1 0 2.0 2.0 
-1 4 0 7.0 7.0 
-1 3 0 7.0 7.0 
-1 2 0 3.6972243622680057 7.302775637731995 
-1 1 0 3.6972243622680043 7.302775637731994 
-1 0 0 3.0 3.0 
-1 -1 0 3.0 3.0 
