3 11 0 1.9999999999999998 4.0 
4 11 0 4.0 4.0 
3 10 0 2.0 4.0 
4 10 0 4.0 4.0 
3 9 0 1.7639320225002095 7.000000000000001 
4 9 0 5.000000000000001 6.999999999999999 
3 8 0 1.7639320225002109 7.0 
4 8 0 5.0 7.0 
3 7 0 2.2679491924311224 8.000000000000002 
4 7 0 8.0 8.0 
3 6 0 2.267949192431122 8.000000000000002 
4 6 0 8.0 8.0 
2 11 0 1.9999999999999993 4.0 
2 10 0 2.0 4.0 
2 9 0 1.0 7.000000000000002 
2 8 0 0.9999999999999996 7.0 
2 7 0 0.7639320225002093 7.999999999999998 
2 6 0 0.7639320225002105 7.999999999999997 
2 5 0 0.763932022500208 7.414213562373097 
3 5 0 3.267949192431122 6.732050807568878 
2 4 0 0.763932022500212 7.414213562373097 
3 4 0 3.2679491924311237 6.732050807568877 
1 11 0 2.0 4.0 
1 10 0 2.0 4.0 
1 9 0 1.0000000000000004 6.561552812808832 
1 8 0 1.0000000000000007 6.561552812808829 
1 7 1 0.7639320225002109 7.561552812808829 
1 6 1 0.7639320225002098 7.5615528128088325 
1 5 3 1.000000000000001 7.4142135623730985 
1 4 3 1.267949192431123 7.414213562373094 
1 3 3 1.2679491924311228 5.414213562373096 
2 3 0 1.2679491924311224 4.732050807568877 
1 2 3 1.2679491924311224 5.414213562373092 
2 2 0 1.2679491924311226 4.7320508075688785 
0 9 0 6.0 6.0 
0 8 0 6.0 6.0 
0 7 0 3.585786437626905 7.0 
0 6 0 3.585786437626905 7.0 
0 5 0 2.5857864376269046 7.414213562373093 
0 4 0 2.585786437626904 7.414213562373095 
0 3 0 1.9999999999999987 5.414213562373096 
0 2 0 1.9999999999999998 5.414213562373095 
0 1 0 2.0 2.0 
1 1 1 2.0 2.0 
0 0 0 2.0 2.0 
1 0 1 2.0 2.0 
