2 4 0 2.999999999999999 7.0 
3 4 0 7.0 7.0 
2 3 0 2.9999999999999996 7.000000000000001 
3 3 0 7.0 7.0 
2 2 0 2.875643080545701 14.000000000000002 
3 2 0 14.0 14.0 
2 1 0 2.8756430805456974 14.000000000000004 
3 1 0 14.0 14.0 
1 4 0 0.9999999999999993 7.000000000000002 
1 3 0 1.000000000000001 7.000000000000003 
1 2 0 0.9450776060700603 13.100346698082957 
1 1 0 0.9450776060700942 13.10034676782901 
1 0 0 1.1238478689930997 13.76275745590075 
2 0 0 4.740791610491569 12.860357511345942 
1 -1 0 1.123847871008892 13.76275745058103 
2 -1 0 4.740791610491571 12.860357511345942 
0 4 0 0.9999999999999993 7.000000000000002 
0 3 0 1.0000000000000002 7.0 
0 2 1 0.9450776060700595 12.168706654048668 
0 1 1 0.945077606070054 12.168706653516178 
0 0 2 0.9635322987091824 13.762757456009938 
0 -1 2 0.9635322987091762 13.762756756467327 
0 -2 1 0.8021794799264271 12.614614322939618 
1 -2 0 1.884720599069269 11.0 
0 -3 1 0.8021794799264252 12.614614325828786 
1 -3 0 1.8847205990692697 11.0 
-1 4 0 4.0 6.000000000000002 
-1 3 0 3.9999999999999996 6.000000000000001 
-1 2 0 2.0135897552299307 10.999999685741408 
-1 1 0 2.0135897599798223 10.999999999971434 
-1 0 0 0.7726892071423035 13.676652728132387 
-1 -1 0 0.7726892071427649 13.676652729058086 
-1 -2 0 0.710867321256794 13.323548260670266 
-1 -3 0 0.7108673212568196 13.323548265102554 
-1 -4 0 0.8186550009932543 10.655902697455703 
0 -4 0 0.8186550009932505 9.178711313417761 
-1 -5 0 0.8186550009932535 10.655902697447265 
0 -5 0 0.8186550009932498 9.178711313417764 
-2 4 0 4.0 6.0 
-2 3 0 4.0 6.0 
-2 2 0 2.1059259673435387 9.650808785744816 
-2 1 0 2.1059259673435347 9.650808785735414 
-2 0 0 0.7726892071423123 12.999999546376277 
-2 -1 0 0.7726892071424517 12.999999719430845 
-2 -2 1 0.7108673212565205 13.323548276509626 
-2 -3 1 0.7108673212565159 13.323548273308209 
-2 -4 2 1.0224994323291532 12.101720151454963 
-2 -5 2 1.0224994323291468 12.101719981331392 
-2 -6 1 0.7165638933840548 8.361746919069462 
-1 -6 0 1.2785847967631878 6.618033988749895 
-2 -7 1 0.7165638933840509 8.361746919045691 
-1 -7 0 1.278584796763188 6.618033988749895 
-3 2 0 5.267949192431122 8.732050807568877 
-3 1 0 5.267949192431122 8.732050807568879 
-3 0 0 3.6045423503880425 11.01639972102106 
-3 -1 0 3.604542350388039 11.016399721021058 
-3 -2 0 2.206121723986984 12.331819561698484 
-3 -3 0 2.206121730059637 12.33181956217482 
-3 -4 0 1.2532655526253753 12.10172015277172 
-3 -5 0 1.2532655526253766 12.101720152779688 
-3 -6 0 0.7165638933840541 9.713584661871092 
-3 -7 0 0.7165638933840532 9.713584661871094 
-3 -8 0 1.0 3.0 
-2 -8 0 1.0 3.0 
-3 -9 0 1.0 3.0 
-2 -9 0 1.0 3.0 
-4 0 0 10.0 10.0 
-4 -1 0 10.0 10.0 
-4 -2 0 6.303607220652902 11.51819869932634 
-4 -3 0 6.303607220652902 11.51819869932634 
-4 -4 0 4.763932022500211 11.615796799377009 
-4 -5 0 4.763932022500211 11.615796799377005 
-4 -6 0 3.7692745765039524 9.713584661871094 
-4 -7 0 3.769274576503952 9.713584661871092 
-4 -8 0 3.0 3.0 
-4 -9 0 3.0 3.0 
