3 9 0 2.0 2.0 
4 9 0 2.0 2.0 
3 8 0 2.0 2.0 
4 8 0 2.0 2.0 
3 7 0 0.7085446457106193 9.02058517568509 
4 7 0 2.5627225979358714 9.02058517568509 
3 6 0 0.7085446457106199 9.020585175685092 
4 6 0 2.5627225979358723 9.02058517568509 
3 5 0 0.9239892275485178 12.204112833464627 
4 5 0 3.990194654819398 11.067324174837427 
3 4 0 0.923989227548301 12.204113002467954 
4 4 0 3.990194654819397 11.067324174837424 
3 3 0 1.7199998926180664 12.50443610596671 
4 3 0 5.649915203681228 11.350084796318772 
3 2 0 1.719999892628203 12.504436106467466 
4 2 0 5.6499152036812275 11.350084796318773 
3 1 0 3.460735733286183 10.999999999999998 
4 1 0 9.0 9.0 
3 0 0 3.4607357332861794 11.000000000000002 
4 0 0 9.0 9.0 
2 9 0 2.0 2.0 
2 8 0 2.0 2.0 
2 7 0 0.7085446457106206 7.92565714718703 
2 6 0 0.7085446457106199 7.925657147187028 
2 5 0 0.5637719738178254 12.204112786348416 
2 4 0 0.5637719738173754 12.204113002467896 
2 3 0 0.6243358812732939 13.477910754144311 
2 2 0 0.6243358813063525 13.477910756170738 
2 1 0 1.3184150303013036 12.999999882744442 
2 0 0 1.3184150303012996 12.999999917379036 
2 -1 0 2.765348305846451 9.660206089147275 
3 -1 0 6.0 8.0 
2 -2 0 2.7653483058464494 9.660206089147275 
3 -2 0 6.000000000000001 8.0 
1 7 0 1.5857864376269049 7.086130197651494 
1 6 0 1.5857864376269049 7.086130197651492 
1 5 0 0.5637719738159089 10.60100086448806 
1 4 0 0.5637719738159199 10.601000872049282 
1 3 0 0.23145506100483207 13.477910751341689 
1 2 0 0.23145506100469354 13.477910606852976 
1 1 0 0.44165796226355114 13.664546505801495 
1 0 0 0.4416579622635467 13.66454614472967 
1 -1 0 1.4103947054154011 10.770292567306347 
1 -2 0 1.4103947054154544 10.770292587206784 
1 -3 0 2.999999999999999 6.000000000000001 
2 -3 0 5.0 5.0 
1 -4 0 2.9999999999999996 6.0 
2 -4 0 5.0 5.0 
0 5 0 1.2077640815610116 9.0 
0 4 0 1.2077640815610111 9.000000000000005 
0 3 0 0.2314550610046658 12.62960572706715 
0 2 0 0.2314550610047027 12.62960572880547 
0 1 1 0.44165796226354814 13.894819176959041 
0 0 1 0.44165796226354664 13.89481917534363 
0 -1 1 1.0271545083664166 12.23957248093727 
0 -2 1 1.0271545083661626 12.239572486976416 
0 -3 0 1.0000000000000013 6.675130870566644 
0 -4 0 0.9999999999999996 6.675130870566643 
-1 3 0 2.443729065413618 10.841305680370896 
-1 2 0 2.443729065413617 10.841305680370896 
-1 1 0 1.3811088145543515 13.89481915987166 
-1 0 0 1.3811088145543007 13.894819122406272 
-1 -1 0 1.0271545083663198 13.096902469863572 
-1 -2 0 1.0271545083661877 13.096902392544449 
-1 -3 0 1.0000000000000013 7.000000000000001 
-1 -4 0 0.9999999999999977 6.999999999999999 
-2 1 0 4.451143279838586 12.834395990846199 
-2 0 0 4.451143279838587 12.834395990846197 
-2 -1 0 3.3073200701039784 14.0 
-2 -2 0 3.30732007010398 14.0 
-2 -3 0 2.785680256622464 7.0 
-2 -4 0 2.7856802566224648 7.0 
-3 -1 0 14.0 14.0 
-3 -2 0 14.0 14.0 
-3 -3 0 7.0 7.0 
-3 -4 0 7.0 7.0 
