2 6 1 0.7639320225002105 5.23606797749979 
3 6 0 0.7639320225002104 5.23606797749979 
2 5 1 0.7639320225002103 5.23606797749979 
3 5 0 0.7639320225002106 5.23606797749979 
2 4 1 1.8586638843446357 8.0 
3 4 0 1.8586638843446361 7.626198068527293 
2 3 1 1.8586638843446353 7.999999999999998 
3 3 0 1.8586638843446361 7.626198068527292 
2 2 0 1.6374214343317517 8.732050807568882 
3 2 0 3.43844718719117 7.561552812808829 
2 1 0 1.6374214343317515 8.732050807568877 
3 1 0 3.4384471871911693 7.561552812808831 
2 0 0 5.0 5.0 
3 0 0 5.0 5.0 
2 -1 0 5.0 5.0 
3 -1 0 5.0 5.0 
1 4 0 2.0000000000000018 7.999999999999999 
1 3 0 1.9999999999999998 7.999999999999999 
1 2 1 1.6374214343317561 10.000000000000004 
1 1 1 1.6374214343317504 10.000000000000004 
1 0 0 5.0 8.0 
1 -1 0 5.0 8.0 
0 4 0 3.0 3.0 
0 3 0 3.0 3.0 
0 2 2 3.999999999999999 10.000000000000002 
0 1 2 3.9999999999999996 10.000000000000004 
0 0 2 2.837722339831622 10.000000000000004 
0 -1 2 2.8377223398316183 10.000000000000004 
-1 2 0 5.0 7.0 
-1 1 0 4.999999999999999 7.0 
-1 0 1 2.6277186767309852 10.000000000000004 
-1 -1 1 2.627718676730985 10.0 
-1 -2 0 1.1715728752538097 6.828427124746191 
0 -2 0 2.0 2.0 
-1 -3 0 1.1715728752538097 6.82842712474619 
0 -3 0 2.0 2.0 
-2 2 0 5.0 5.0 
-2 1 0 5.0 5.0 
-2 0 0 2.6277186767309852 8.372281323269014 
-2 -1 0 2.6277186767309852 8.372281323269016 
-2 -2 0 1.17157287525381 6.82842712474619 
-2 -3 0 1.1715728752538097 6.82842712474619 
