4 12 0 3.0 3.0 
5 12 0 3.0 3.0 
4 11 0 3.0 3.0 
5 11 0 3.0 3.0 
4 10 0 1.8097382005928562 9.95934144117416 
5 10 0 4.570826270162866 9.95934144117416 
4 9 0 1.8097382005928564 9.959341441174159 
5 9 0 4.570826270162866 9.95934144117416 
4 8 0 2.4409593657051083 13.019198231837727 
5 8 0 6.428798577451878 11.714478744387764 
4 7 0 2.440959365672823 13.019198203793447 
5 7 0 6.428798577451879 11.714478744387765 
4 6 0 4.150171193753869 12.000000000000007 
5 6 0 10.0 10.0 
4 5 0 4.150171193753868 11.999999999999998 
5 5 0 10.0 10.0 
3 12 0 3.0 3.0 
3 11 0 3.0 3.0 
3 10 0 0.9546531719506002 9.474653018890777 
3 9 0 0.9546531719497047 9.474653018890113 
3 8 0 0.7147759938793489 13.019198213934619 
3 7 0 0.7147759938807499 13.019197736022843 
3 6 0 1.1137154172921846 13.999999963895643 
3 5 0 1.1137154172923367 13.999999926960278 
3 4 0 2.853339854949425 10.69304274571553 
4 4 0 6.999999999999999 9.0 
3 3 0 2.8533398549495543 10.693042755315833 
4 3 0 7.0 9.0 
2 12 0 3.0 3.0 
2 11 0 3.0 3.0 
2 10 0 0.954653171949153 8.401789697785071 
2 9 0 0.9546531719491534 8.401789697785077 
2 8 1 0.7147759938781821 12.296761821011753 
2 7 1 0.7147759938781865 12.296762066512661 
2 6 2 1.1137154172921386 13.999999983642974 
2 5 2 1.1137154172921409 13.999999988707755 
2 4 1 0.9899890025429291 12.771854374497112 
2 3 1 0.989989002542929 12.771854294665724 
2 2 0 1.7414648201903513 8.951718605699037 
3 2 0 5.000000000000001 6.999999999999999 
2 1 0 1.7414648201903493 8.951718605699035 
3 1 0 5.0 7.0 
1 10 0 3.3819660112501055 6.618033988749895 
1 9 0 3.381966011250105 6.618033988749896 
1 8 0 2.083213285948177 10.825657344867007 
1 7 0 2.0832132864283013 10.82565754235679 
1 6 0 0.7657778138887846 13.68853351926914 
1 5 0 0.7657778144641031 13.688533311240944 
1 4 0 0.45074879371543713 13.548313339468285 
1 3 0 0.45074879355639624 13.548313337861572 
1 2 0 0.89524199627482 10.487500099319067 
1 1 0 0.8952419953933974 10.48750009931349 
1 0 0 4.0 4.0 
2 0 0 4.0 4.0 
1 -1 0 4.0 4.0 
2 -1 0 4.0 4.0 
0 8 0 2.2943701708772064 9.0 
0 7 0 2.2943701708772086 9.000000000000004 
0 6 0 0.7657778138818723 12.999999998876799 
0 5 0 0.7657778138818747 12.999999999999197 
0 4 1 0.45074879355639613 13.689849155707023 
0 3 1 0.45074879355639863 13.689849155536622 
0 2 2 0.8952419953933958 12.043349840232905 
0 1 2 0.8952419953933948 12.043349840227885 
0 0 1 1.2679491924311228 5.414213562373093 
0 -1 1 1.267949192431123 5.414213562373095 
-1 6 0 3.8899079289771867 10.999999999999998 
-1 5 0 3.889907928977185 11.0 
-1 4 0 2.4560343839941505 13.689849156005266 
-1 3 0 2.45603438399415 13.689849156005272 
-1 2 0 1.6927143608897386 13.162277660168378 
-1 1 0 1.6927143608897348 13.162277660168385 
-1 0 0 1.2679491924311228 6.000000000000001 
-1 -1 0 1.2679491924311217 6.0 
-2 4 0 13.0 13.0 
-2 3 0 13.0 13.0 
-2 2 0 6.837722339831621 13.162277660168378 
-2 1 0 6.837722339831622 13.16227766016838 
-2 0 0 6.0 6.0 
-2 -1 0 6.0 6.0 
