3 11 0 1.0 1.0 
4 11 0 1.0 1.0 
3 10 0 1.0 1.0 
4 10 0 1.0 1.0 
3 9 1 1.7898158701166296 7.470895516291018 
4 9 0 1.7898158701166287 7.470895516291019 
3 8 1 1.7898158701166276 7.470895516291013 
4 8 0 1.789815870116628 7.470895516291018 
3 7 0 0.3765537095166596 9.766153580985357 
4 7 0 2.763932022500211 9.645751311064593 
3 6 0 0.3765537095166822 9.766152755389848 
4 6 0 2.76393202250021 9.645751311064592 
3 5 0 1.58128092302179 10.478844211541247 
4 5 0 4.104893484072468 9.292401585224619 
3 4 0 1.5812809230124212 10.478844211541244 
4 4 0 4.104893484072469 9.29240158522462 
3 3 0 2.9665838738976547 8.999999999999998 
4 3 0 7.0 7.0 
3 2 0 2.9665838738976564 9.000000000000004 
4 2 0 7.0 7.0 
2 9 0 1.9999999999999998 5.0 
2 8 0 2.0 4.999999999999999 
2 7 0 0.3765537095553308 9.766153580985357 
2 6 0 0.3765537095561516 9.766153580985357 
2 5 1 1.5812809230099 11.721744675329617 
2 4 1 1.5812809230096738 11.722139644934959 
2 3 0 1.9561590680844587 10.06951799191563 
2 2 0 1.9561590691050312 10.069517991904227 
2 1 0 4.267949192431122 7.732050807568878 
3 1 0 5.0 5.0 
2 0 0 4.267949192431122 7.732050807568877 
3 0 0 5.0 5.0 
1 9 0 3.0 3.0 
1 8 0 3.0 3.0 
1 7 0 0.6433028459159935 9.0 
1 6 0 0.6433028459159936 8.999999999999998 
1 5 1 0.7407916104915696 11.722121842253827 
1 4 1 0.7407916104915756 11.722139644914922 
1 3 0 0.29512813851842606 11.999999872457115 
1 2 0 0.2951281385184299 11.999999999999833 
1 1 0 1.6624827165599283 8.645751311064588 
1 0 0 1.6624827165599279 8.645751311064595 
0 7 0 3.999999999999999 7.0 
0 6 0 4.0 6.999999999999999 
0 5 0 0.7407916104915679 10.999999999999996 
0 4 0 0.7407916104915686 10.999999999999998 
0 3 1 0.2951281385184275 11.999999999995117 
0 2 1 0.2951281385184281 11.999999999999899 
0 1 2 1.662482716559924 10.80560283257759 
0 0 2 1.662482716559931 10.805602832577593 
0 -1 0 2.0 3.0 
1 -1 0 3.0 3.0 
0 -2 0 2.0000000000000004 3.0 
1 -2 0 3.0 3.0 
-1 5 0 5.999999999999999 9.0 
-1 4 0 6.0 9.0 
-1 3 0 2.1184868245530084 11.100431985810381 
-1 2 0 2.1184868245530097 11.100431985810381 
-1 1 0 0.5468163783065825 10.851489590745954 
-1 0 0 0.5468163783065773 10.851489590745954 
-1 -1 0 0.7985276617807595 6.746568246995717 
-1 -2 0 0.7985276617807588 6.746568246995717 
-2 5 0 6.0 6.0 
-2 4 0 6.0 6.0 
-2 3 0 2.743383462017061 9.256616537982941 
-2 2 0 2.7433834620170607 9.256616537982941 
-2 1 0 0.5468163783065786 10.85148959074596 
-2 0 0 0.5468163783065804 10.85148959074596 
-2 -1 1 0.7985276617807608 6.746568246995717 
-2 -2 1 0.7985276617807586 6.746568246995715 
