1 5 0 0.9999999999999999 3.0 
2 5 0 3.0 3.0 
1 4 0 0.9999999999999999 3.000000000000001 
2 4 0 3.0 3.0 
1 3 0 0.8091148624958711 7.302775637731994 
2 3 0 3.697224362268005 7.302775637731995 
1 2 0 0.8091148624958725 7.302775637731996 
2 2 0 3.697224362268006 7.302775637731995 
1 1 0 1.2748393837314527 7.684788070214192 
2 1 0 7.0 7.0 
1 0 0 1.2748393837314533 7.684788070214193 
2 0 0 7.0 7.0 
0 5 0 1.0000000000000002 3.0 
0 4 0 1.0 3.0 
0 3 1 0.8091148624958714 6.526342079476947 
0 2 1 0.8091148624958715 6.526342079476944 
0 1 2 1.2748393837314511 7.6847880702141955 
0 0 2 1.2748393837314522 7.684788070214193 
0 -1 1 0.8091148624958708 6.5263420794769464 
1 -1 0 2.267949192431123 5.732050807568877 
0 -2 1 0.8091148624958713 6.526342079476948 
1 -2 0 2.267949192431123 5.7320508075688785 
-1 3 0 2.2679491924311233 5.732050807568877 
-1 2 0 2.267949192431123 5.732050807568878 
-1 1 0 1.2748393837314531 7.684788070214192 
-1 0 0 1.2748393837314533 7.684788070214194 
-1 -1 0 0.8091148624958726 7.302775637731994 
-1 -2 0 0.8091148624958715 7.3027756377319974 
-1 -3 0 0.9999999999999998 3.0 
0 -3 0 1.0000000000000002 3.0 
-1 -4 0 1.0 3.0 
0 -4 0 1.0000000000000002 3.0 
-2 1 0 7.0 7.0 
-2 0 0 7.0 7.0 
-2 -1 0 3.697224362268005 7.302775637731995 
-2 -2 0 3.6972243622680048 7.302775637731995 
-2 -3 0 3.0 3.0 
-2 -4 0 3.0 3.0 
