4 14 0 1.0 1.0 
5 14 0 1.0 1.0 
4 13 0 1.0 1.0 
5 13 0 1.0 1.0 
4 12 0 0.37202517609612273 7.759421228879994 
5 12 0 1.359498400032599 7.75942122887999 
4 11 0 0.37202517609612207 7.759421228879991 
5 11 0 1.3594984000325991 7.759421228879987 
4 10 0 0.7584135406770293 11.027005117524373 
5 10 0 1.8253113975899593 11.00387820155708 
4 9 0 0.7584135407627572 11.027005125994082 
5 9 0 1.8253113975899595 11.003878201557086 
4 8 0 1.365749296386654 12.865659315963258 
5 8 0 2.966627680274006 12.297330412922646 
4 7 0 1.3657492964913671 12.865659553389586 
5 7 0 2.9666276802740033 12.297330412922644 
4 6 0 2.0835389400095483 13.319772075346718 
5 6 0 4.302425307432956 12.56067548333275 
4 5 0 2.083538940010347 13.319772022369424 
5 5 0 4.302425307432949 12.56067548333275 
4 4 0 3.522548216805738 12.798882026711318 
5 4 0 5.9865331457643745 11.487536640123558 
4 3 0 3.5225481835716814 12.798882034221085 
5 3 0 5.986533145764371 11.48753664012356 
4 2 0 5.23351639334364 11.000000000000004 
5 2 0 9.0 9.0 
4 1 0 5.233516393343642 10.999999999999993 
5 1 0 9.0 9.0 
3 12 0 0.3720251760961219 6.108611385464168 
3 11 0 0.37202517609612284 6.108611385464168 
3 10 1 0.7584136366762714 11.02700513436626 
3 9 1 0.7584135787072379 11.027005134335287 
3 8 0 0.2408703735579685 13.412987839461273 
3 7 0 0.24087037355896251 13.41298785089896 
3 6 0 0.8416234647956878 14.094111012249458 
3 5 0 0.8416234649726246 14.094110930863781 
3 4 0 1.74876546943162 13.95766390451476 
3 3 0 1.7487654694316093 13.948116086389676 
3 2 0 3.2150410580829814 11.999999545554337 
3 1 0 3.215041052310284 11.99999999953308 
3 0 0 5.000000000000001 8.000000000000002 
4 0 0 7.0 7.0 
3 -1 0 5.000000000000002 8.0 
4 -1 0 7.0 7.0 
2 10 0 0.7590463984512243 9.59964793390103 
2 9 0 0.7590463982569077 9.599647933888365 
2 8 0 0.24087037356928395 13.41298748067919 
2 7 0 0.2408703735592954 13.412987851278936 
2 6 1 0.8416234647861148 14.774401800846295 
2 5 1 0.841623464786152 14.774400633179686 
2 4 0 0.813288530954844 14.919612436271668 
2 3 0 0.8132885309548346 14.919613644880604 
2 2 0 1.8323861196759947 13.999999999996744 
2 1 0 1.832386126400831 13.999999859927012 
2 0 0 4.999999999999998 10.645751311064593 
2 -1 0 4.999999999999999 10.64575131106459 
1 10 0 4.0 4.0 
1 9 0 4.0 4.0 
1 8 0 0.8285685634012133 11.797153343857023 
1 7 0 0.8285685634012164 11.797187420137957 
1 6 0 0.4355434203152811 14.774401723212836 
1 5 0 0.43554342057046747 14.774401606947837 
1 4 0 0.5572374353517668 15.783947631138755 
1 3 0 0.5572374353937429 15.78396068937246 
1 2 0 1.126580389947777 14.725024478937533 
1 1 0 1.1265803901114464 14.725024481057098 
1 0 0 2.1715161001406806 11.473167170034332 
1 -1 0 2.1715161001406806 11.473167170034337 
0 8 0 3.5857864376269046 8.0 
0 7 0 3.5857864376269055 8.0 
0 6 0 0.43554342029350435 13.723690151346398 
0 5 0 0.4355434203569186 13.723690215667753 
0 4 1 0.5572374350493102 15.786721825812839 
0 3 1 0.5572374350493067 15.786721795915097 
0 2 1 1.0417189680632917 15.319915122177076 
0 1 1 1.041718968063436 15.319914974868887 
0 0 0 0.9094428189441879 12.897059554960196 
0 -1 0 0.9094428189343418 12.897059555758332 
0 -2 0 2.0000000000000004 5.0 
1 -2 0 4.0 4.0 
0 -3 0 2.0000000000000004 5.0 
1 -3 0 4.0 4.0 
-1 6 0 4.875114580235427 10.0 
-1 5 0 4.875114580235426 9.999999999999998 
-1 4 0 1.5154021043621797 14.999999999941158 
-1 3 0 1.5154021043621824 14.999999999962531 
-1 2 0 1.0417189680632868 15.999999999198863 
-1 1 0 1.0417189680633439 15.999999999847388 
-1 0 0 0.9094428189346788 13.616102489952288 
-1 -1 0 0.9094428189343394 13.61610219826762 
-1 -2 0 2.0 5.000000000000001 
-1 -3 0 1.9999999999999991 5.0 
-2 4 0 6.875114580235426 11.76155718183189 
-2 3 0 6.875114580235427 11.76155718183189 
-2 2 0 2.983387146369165 16.000000000000004 
-2 1 0 2.983387146369165 16.0 
-2 0 0 2.22249849092971 13.854101966249685 
-2 -1 0 2.2224984909297123 13.854101966249683 
-2 -2 0 1.9999999999999993 5.000000000000002 
-2 -3 0 2.0000000000000004 5.0 
-3 2 0 13.0 13.0 
-3 1 0 13.0 13.0 
-3 0 0 7.145898033750316 13.854101966249683 
-3 -1 0 7.145898033750315 13.854101966249685 
-3 -2 0 5.0 5.0 
-3 -3 0 5.0 5.0 
