1 1 0 6.0 6.0 
2 1 0 6.0 6.0 
1 0 0 5.999999999999999 6.0 
2 0 0 6.0 6.0 
1 -1 0 3.0537362308661655 15.639353887182995 
2 -1 0 6.7952700713070335 15.639353887182994 
1 -2 0 3.0537362308661637 15.639353887182992 
2 -2 0 6.7952700713070335 15.639353887182992 
1 -3 0 3.9044809245820415 17.13533129218972 
2 -3 0 8.258342613226057 15.741657386773943 
1 -4 0 3.904480924584038 17.135331292189754 
2 -4 0 8.258342613226057 15.74165738677394 
1 -5 0 5.8236713805550355 16.999999999981668 
2 -5 0 15.0 15.0 
1 -6 0 5.823671380555036 16.9999999999713 
2 -6 0 15.0 15.0 
0 1 0 5.999999999999999 6.0 
0 0 0 5.999999999999999 6.0 
0 -1 1 3.0537362308790086 13.763174362377473 
0 -2 1 3.0537362316458845 13.763174362361559 
0 -3 1 1.252950769533774 17.13533107742908 
0 -4 1 1.2529507695337732 17.135330983011524 
0 -5 0 0.8459301777193922 17.728326698007564 
0 -6 0 0.8459301777193924 17.728326736373305 
0 -7 0 2.663442744870871 14.901738869535663 
1 -7 0 7.999999999999999 14.0 
0 -8 0 2.6634427448690294 14.901737811315618 
1 -8 0 8.0 14.0 
-1 1 0 6.0 6.0 
-1 0 0 6.0 6.000000000000001 
-1 -1 0 3.105921448704598 12.510288924199592 
-1 -2 0 3.1059214479298842 12.51028892388607 
-1 -3 0 1.2529507695339983 16.58798765820621 
-1 -4 0 1.252950769581819 16.587987652714844 
-1 -5 0 0.8459301777195256 17.999999999973802 
-1 -6 0 0.8459301777194264 17.999999999435666 
-1 -7 0 1.4811633362818888 16.59304252170967 
-1 -8 0 1.481163335961847 16.593022247605063 
-1 -9 0 2.4522264482854585 13.834154308900892 
0 -9 0 5.401519497396957 13.000000000000002 
-1 -10 0 2.452226439970722 13.834154427666624 
0 -10 0 5.401519497396956 13.0 
-2 1 0 6.0 6.0 
-2 0 0 5.999999999999999 6.000000000000001 
-2 -1 0 3.4172447867381748 11.596744079024282 
-2 -2 0 3.4172447897244456 11.59674407678243 
-2 -3 0 1.6267123478548824 14.555526928398638 
-2 -4 0 1.6267123474771756 14.55552691845304 
-2 -5 1 0.9540668553892026 17.99999999912035 
-2 -6 1 0.9540668553891918 17.999999953341955 
-2 -7 0 0.4958373166635964 17.347948871649955 
-2 -8 0 0.49583731666360054 17.347948382279213 
-2 -9 0 0.9054301411574192 14.743839761937949 
-2 -10 0 0.905430140895648 14.743839855427563 
-2 -11 0 1.883076239156421 12.44762846050949 
-1 -11 0 4.18212466052361 11.999999999999998 
-2 -12 0 1.8830762391565 12.447627559364308 
-1 -12 0 4.182124660523611 12.000000000000005 
-3 1 0 6.0 6.0 
-3 0 0 5.999999999999999 6.0 
-3 -1 0 3.8028923975810565 10.75273548573773 
-3 -2 0 3.8028923822705436 10.752735484956883 
-3 -3 0 2.1486449450310836 13.603695879492774 
-3 -4 0 2.1486449448173377 13.603695928288912 
-3 -5 0 0.9540668556473243 15.811052528799928 
-3 -6 0 0.9540668569223192 15.811053559595994 
-3 -7 0 0.42516354949763785 17.347948923852442 
-3 -8 0 0.42516354943098567 17.347948917740318 
-3 -9 1 0.6448074119750186 15.48682449760985 
-3 -10 1 0.6448074119748752 15.486824058355538 
-3 -11 0 0.6410001890056554 13.579611096328774 
-3 -12 0 0.6410001890056672 13.57961109473203 
-3 -13 0 1.6303399032889423 10.433840827981802 
-2 -13 0 3.547498801085589 9.9220127754574 
-3 -14 0 1.630339903288994 10.43384083762636 
-2 -14 0 3.547498801085593 9.922012775457393 
-4 1 0 6.0 6.0 
-4 0 0 6.0 6.0 
-4 -1 0 4.111392592689274 9.440224554992646 
-4 -2 0 4.111392592689274 9.440224554992648 
-4 -3 0 2.4987288721355463 12.731728881851405 
-4 -4 0 2.4987288761819095 12.731728881438281 
-4 -5 0 1.235175036294384 14.671269546531178 
-4 -6 0 1.2351750362944693 14.671270281826155 
-4 -7 0 0.4251635494304408 16.526582334753385 
-4 -8 0 0.42516354943107415 16.526582332659235 
-4 -9 1 0.6448074119748916 15.604785961153853 
-4 -10 1 0.6448074119748661 15.604788869234575 
-4 -11 1 0.6410001890056496 14.306489416595175 
-4 -12 1 0.6410001890056527 14.306489415999138 
-4 -13 0 0.46416301439155444 11.28646269553687 
-4 -14 0 0.464163014390242 11.286462696461593 
-4 -15 0 1.4719999199652554 7.178654380595807 
-3 -15 0 3.198062264195161 6.801937735804839 
-4 -16 0 1.471999919965254 7.1786543805960825 
-3 -16 0 3.198062264195162 6.801937735804838 
-5 -1 0 7.0 9.0 
-5 -2 0 6.999999999999999 9.0 
-5 -3 0 5.13444730233857 11.909162372089318 
-5 -4 0 5.1344473008983655 11.909161485926575 
-5 -5 0 3.486111709583727 13.771439360249529 
-5 -6 0 3.4861117112931113 13.77143994449545 
-5 -7 0 2.177678693738122 15.339037497679712 
-5 -8 0 2.177678693737378 15.339037737295438 
-5 -9 0 1.3719906008038198 15.604789437174219 
-5 -10 0 1.3719906014587777 15.604789579937995 
-5 -11 0 0.7802429650455621 14.30648941793445 
-5 -12 0 0.7802429658364541 14.306482563155983 
-5 -13 0 0.4641630143902649 11.718879819644034 
-5 -14 0 0.4641630143902746 11.718879819713802 
-5 -15 0 1.4694733607258452 7.844835736796635 
-5 -16 0 1.4694733607258437 7.84483573661403 
-5 -17 0 3.0 3.0 
-4 -17 0 3.0 3.0 
-5 -18 0 2.9999999999999996 3.0 
-4 -18 0 3.0 3.0 
-6 -3 0 9.0 11.000000000000002 
-6 -4 0 9.000000000000002 11.0 
-6 -5 0 6.759106895301273 12.902823383880728 
-6 -6 0 6.75910689530132 12.902823383880717 
-6 -7 0 5.037176863396194 14.454015722679932 
-6 -8 0 5.037176863127354 14.45401570282626 
-6 -9 0 3.6668710483849978 15.23862797901704 
-6 -10 0 3.666871048383119 15.238627938546136 
-6 -11 0 2.557714150418975 14.291436054807008 
-6 -12 0 2.557714153158129 14.291436055108893 
-6 -13 0 1.8750410390437435 11.806682690735743 
-6 -14 0 1.8750410390446006 11.806682698816685 
-6 -15 0 1.469473360725843 7.8879916719352465 
-6 -16 0 1.469473360725845 7.887991665568744 
-6 -17 0 3.0 3.0 
-6 -18 0 3.0 3.0 
-7 -5 0 12.0 12.0 
-7 -6 0 12.0 12.0 
-7 -7 0 9.112008323341275 13.697777910452913 
-7 -8 0 9.112008323341277 13.697777910452913 
-7 -9 0 6.868072317599494 14.622224127656454 
-7 -10 0 6.868072317599491 14.622224127656457 
-7 -11 0 5.188140941625993 14.281397285533743 
-7 -12 0 5.1881409416259885 14.281397285533739 
-7 -13 0 4.028227696642566 11.80668269892971 
-7 -14 0 4.028227696642565 11.806682698929718 
-7 -15 0 3.302222089547086 7.887991676658725 
-7 -16 0 3.3022220895470875 7.887991676658728 
-7 -17 0 3.0 3.0 
-7 -18 0 3.0 3.0 
