2 8 0 0.9999999999999996 3.0 
3 8 0 3.0 3.0 
2 7 0 1.0000000000000004 3.0 
3 7 0 3.0 3.0 
2 6 0 0.9753892800977576 6.618033988749894 
3 6 0 4.381966011250105 6.618033988749895 
2 5 0 0.9753892800977567 6.618033988749897 
3 5 0 4.381966011250105 6.618033988749895 
2 4 0 1.2382675082698327 7.679620483128625 
3 4 0 7.0 7.0 
2 3 0 1.2382675082698298 7.679620483128622 
3 3 0 7.0 7.0 
1 8 0 1.0000000000000002 3.0 
1 7 0 1.0 3.0 
1 6 1 0.9753892800977578 6.437433702233073 
1 5 1 0.9753892800977562 6.437433702233072 
1 4 2 1.0252962520126452 7.697261093961579 
1 3 2 1.025296252012649 7.697261093961577 
1 2 1 0.697224362268005 6.402678829521189 
2 2 0 3.0 5.0 
1 1 1 0.6972243622680055 6.402678829521189 
2 1 0 3.0 5.0 
0 6 0 2.267949192431123 5.732050807568878 
0 5 0 2.267949192431123 5.732050807568877 
0 4 0 1.025296252012644 7.697261093961576 
0 3 0 1.025296252012644 7.6972610939615755 
0 2 0 0.6972243622680059 7.302775637731992 
0 1 0 0.6972243622680064 7.302775637731993 
0 0 0 1.0000000000000004 3.0 
1 0 0 1.0000000000000002 3.0 
0 -1 0 1.0000000000000002 3.0 
1 -1 0 1.0000000000000002 3.0 
-1 4 0 7.0 7.0 
-1 3 0 7.0 7.0 
-1 2 0 3.697224362268005 7.302775637731995 
-1 1 0 3.6972243622680048 7.302775637731995 
-1 0 0 3.0 3.0 
-1 -1 0 3.0 3.0 
