3 9 1 0.7318895511518394 5.821529774826268 
4 9 1 0.7318895511518398 5.821529774826267 
3 8 1 0.7318895511518385 5.821529774826268 
4 8 1 0.731889551151839 5.821529774826269 
3 7 0 0.35922367947195233 9.276342318894265 
4 7 0 0.35922367947175654 9.276342335540788 
3 6 0 0.3592236794717622 9.276342335540784 
4 6 0 0.35922367947175576 9.276342335540782 
3 5 0 1.107551081398397 11.116227923075396 
4 5 0 1.107551081398396 10.957790686583861 
3 4 0 1.1075510813984 11.116228320047176 
4 4 0 1.1075510813983962 10.957790686583865 
3 3 0 2.352204019162804 11.606926393406344 
4 3 0 2.4117749085227156 10.887473631526955 
3 2 0 2.352204026298411 11.606926393400125 
4 2 0 2.411774908522717 10.887473631526955 
3 1 0 4.134849281049835 10.884737124435068 
4 1 0 4.333524410195583 9.666475589804417 
3 0 0 4.134849281049647 10.884737814746144 
4 0 0 4.333524410195582 9.666475589804417 
3 -1 0 7.0 9.0 
4 -1 0 7.0 7.0 
3 -2 0 7.0 9.0 
4 -2 0 7.0 7.0 
2 9 0 2.0 2.0 
2 8 0 2.0 2.0 
2 7 1 0.6408786820819511 9.057140620511008 
2 6 1 0.6408786820819543 9.057140620552905 
2 5 2 1.1474720980277149 11.116228227204848 
2 4 2 1.1474720980277944 11.11622602319883 
2 3 0 0.42474633744582724 12.188272903433452 
2 2 0 0.42474633744588647 12.188272768225827 
2 1 0 1.3066149280419632 11.85971683841714 
2 0 0 1.3066149280426465 11.859716894688843 
2 -1 0 2.850169748875608 9.748839658255486 
2 -2 0 2.850169748875607 9.748839658255482 
1 7 0 2.0 6.481194304092015 
1 6 0 2.0000000000000013 6.481194304092016 
1 5 1 0.8157259823453402 10.999999999977911 
1 4 1 0.8157259823453403 10.999999999999341 
1 3 0 0.424746337445222 12.872983345853692 
1 2 0 0.42474633744526386 12.872983344929425 
1 1 0 1.3066149280114243 13.104247941304106 
1 0 0 1.306614928011531 13.104247944717066 
1 -1 0 2.8093459312154705 10.999999794116585 
1 -2 0 2.809345931186916 11.000000000000007 
1 -3 0 5.0 5.000000000000001 
2 -3 0 5.0 5.0 
1 -4 0 5.0 5.0 
2 -4 0 5.0 5.0 
0 5 0 2.6515955372065436 8.999999999999998 
0 4 0 2.651595537206544 9.0 
0 3 1 0.6777705684494686 12.87298334613519 
0 2 1 0.6777705684494665 12.872983346186732 
0 1 2 1.3365429785717065 13.999999998158291 
0 0 2 1.3365429785718843 13.99999999745371 
0 -1 0 0.9072127770488329 12.999999984270493 
0 -2 0 0.9072127770488021 12.999999997871457 
0 -3 0 3.0 5.000000000000001 
0 -4 0 2.9999999999999996 5.000000000000001 
-1 3 0 5.1715728752538075 10.828427124746192 
-1 2 0 5.171572875253809 10.828427124746192 
-1 1 0 1.2769967377545504 13.999999999935593 
-1 0 0 1.276996737754548 13.99999971584697 
-1 -1 0 0.907212777100486 13.671746850414083 
-1 -2 0 0.9072127770508064 13.671746850403308 
-1 -3 0 3.0 10.464101615137755 
-1 -4 0 3.0 10.464101615137753 
-2 3 0 6.0 6.0 
-2 2 0 6.0 6.0 
-2 1 0 1.4931639208242964 12.0 
-2 0 0 1.4931639208242942 11.999999999999998 
-2 -1 1 2.0623733699554743 13.671746850414568 
-2 -2 1 2.062373369955475 13.67174685041457 
-2 -3 1 1.2814936817442022 10.826280691711235 
-2 -4 1 1.2814936817442022 10.826280691711235 
-3 1 0 8.0 8.0 
-3 0 0 8.0 8.0 
-3 -1 0 3.091475165449679 12.10694687597486 
-3 -2 0 3.0914751654496793 12.10694687597486 
-3 -3 0 1.281493681744202 10.826280691711233 
-3 -4 0 1.2814936817442018 10.826280691711235 
-3 -5 0 1.0 1.0 
-2 -5 0 1.0 1.0 
-3 -6 0 1.0 1.0 
-2 -6 0 1.0 1.0 
