3 7 0 1.8357520615397884 7.0000000000000036 
4 7 0 7.0 7.0 
3 6 0 1.8357520615397886 7.0 
4 6 0 7.0 7.0 
3 5 0 2.523313145523278 15.140054944640205 
4 5 0 7.85994505535974 15.140054944640259 
3 4 0 2.523313146002406 15.140054944640259 
4 4 0 7.859945055359742 15.140054944640259 
3 3 0 3.5290353732626696 15.69627536832581 
4 3 0 15.0 15.0 
3 2 0 3.5290353732626687 15.696275368325594 
4 2 0 15.0 15.0 
2 7 1 1.3248691294333546 6.3913823806309 
2 6 1 1.3248691294333537 6.391382380630902 
2 5 1 0.6226015547306788 13.82920931317559 
2 4 1 0.6226015547306781 13.829209232243436 
2 3 0 0.3324592876221013 15.696275267397674 
2 2 0 0.3324592873299795 15.696275366453671 
2 1 0 1.276882561411006 14.999999999998181 
3 1 0 4.647471335701658 12.838904510185198 
2 0 0 1.2768825614108201 14.999999993652857 
3 0 0 4.647471335701655 12.838904510185198 
1 7 0 1.3248691294333539 5.214319743377535 
1 6 0 1.3248691294333532 5.214319743377534 
1 5 0 0.6226015550771901 12.196790504356786 
1 4 0 0.6226015547306785 12.196790505480942 
1 3 0 0.332459287332067 15.361779400068151 
1 2 0 0.33245928731848534 15.361779536114195 
1 1 0 0.6952256063076752 15.701262247902994 
1 0 0 0.6952256070534999 15.701262249168101 
1 -1 0 1.6581018460851313 12.850096554476883 
2 -1 0 2.881301520856238 10.577343458089786 
1 -2 0 1.6581018461014463 12.850096556412282 
2 -2 0 2.88130152085624 10.577343458089782 
0 7 0 4.0 4.0 
0 6 0 4.0 4.0 
0 5 0 0.961147447522091 10.370912676314013 
0 4 0 0.9611474475190454 10.37091267591895 
0 3 1 0.7935240248490594 14.749246717043725 
0 2 1 0.7935240248490646 14.749246738007654 
0 1 1 0.5901564104619026 15.999999987622536 
0 0 1 0.5901564104619063 15.999999768444308 
0 -1 0 0.29464762211814627 14.663994351574813 
0 -2 0 0.2946476221296478 14.663994367905488 
0 -3 0 1.3226293400462943 10.051565382447407 
1 -3 0 3.1032217112516443 8.173752172010843 
0 -4 0 1.3226293394685436 10.051565382445117 
1 -4 0 3.1032217112516434 8.173752172010845 
-1 5 0 3.425888944516215 8.211613816228258 
-1 4 0 3.4258889445162137 8.211613816228255 
-1 3 0 0.983056911204391 12.657831902122219 
-1 2 0 0.9830569129204426 12.657832071818918 
-1 1 0 0.5901564104624583 15.999999720793785 
-1 0 0 0.5901564104619723 15.999999999919757 
-1 -1 0 0.29464762219756524 15.372173789802687 
-1 -2 0 0.29464762217977336 15.372173741321994 
-1 -3 0 0.8283727093760112 11.789118537810715 
-1 -4 0 0.8283727093745165 11.789118537810808 
-1 -5 0 2.0000000000000004 5.0 
0 -5 0 4.0 4.0 
-1 -6 0 2.000000000000001 5.0 
0 -6 0 4.0 4.0 
-2 3 0 4.425888944516214 10.597735188118875 
-2 2 0 4.425888944516214 10.597735188118875 
-2 1 0 1.7904361853565247 14.805612276726652 
-2 0 0 1.7904361861598412 14.805612276587604 
-2 -1 0 1.0333474567825494 15.99999999948489 
-2 -2 0 1.033347456782639 15.9999999976472 
-2 -3 0 0.8283727093744743 13.638625975513875 
-2 -4 0 0.8283727093744726 13.638625977950213 
-2 -5 0 1.9999999999999996 5.0 
-2 -6 0 2.0 5.0 
-3 1 0 6.082714006906464 11.999999999999996 
-3 0 0 6.082714006906467 12.0 
-3 -1 0 3.286464701325082 16.0 
-3 -2 0 3.286464701325083 16.000000000000007 
-3 -3 0 2.2084450336052117 14.405124837953323 
-3 -4 0 2.208445033605214 14.405124837953327 
-3 -5 0 2.0000000000000004 5.0 
-3 -6 0 1.9999999999999996 5.0 
-4 -1 0 13.0 13.0 
-4 -2 0 13.0 13.0 
-4 -3 0 6.594875162046674 14.405124837953327 
-4 -4 0 6.594875162046673 14.405124837953327 
-4 -5 0 5.0 5.0 
-4 -6 0 5.0 5.0 
