2 6 0 3.0 3.0 
3 6 0 3.0 3.0 
2 5 0 3.0 3.0 
3 5 0 3.0 3.0 
2 4 0 1.2521195114056924 11.27491721763538 
3 4 0 3.725082782364625 11.274917217635377 
2 3 0 1.2521195114056887 11.274917217635377 
3 3 0 3.7250827823646255 11.274917217635377 
2 2 0 1.8748375186381616 13.208103663896587 
3 2 0 5.298437881283576 11.701562118716424 
2 1 0 1.8748375186381097 13.208104088485825 
3 1 0 5.298437881283576 11.701562118716424 
2 0 0 3.523290174517231 12.000000000000002 
3 0 0 10.0 10.0 
2 -1 0 3.5232901745172267 12.0 
3 -1 0 10.0 10.0 
1 6 0 3.0 3.0 
1 5 0 3.0 3.0 
1 4 0 0.9467095902777907 9.372058288342865 
1 3 0 0.9467095902777922 9.37205828834287 
1 2 0 0.4736861293050229 13.20810374836901 
1 1 0 0.4736861293056508 13.208104087682944 
1 0 0 0.7123538135840819 13.99999996101909 
1 -1 0 0.7123538135840164 13.999999928481715 
1 -2 0 2.428713799282363 10.999999995135484 
2 -2 0 6.0 9.0 
1 -3 0 2.4287137992983805 10.999999909209421 
2 -3 0 6.0 9.0 
0 6 0 3.0 3.0 
0 5 0 3.0 3.0 
0 4 0 0.9467095902777881 8.491777971637196 
0 3 0 0.9467095902777911 8.491777971637198 
0 2 1 0.4736861293048856 12.268172556447839 
0 1 1 0.47368612930488224 12.26817277568905 
0 0 2 0.712353813584014 13.999999877704758 
0 -1 2 0.7123538135840172 13.99999975028314 
0 -2 1 0.78709091597595 12.82137287180373 
0 -3 1 0.7870909159759522 12.821372871792098 
0 -4 0 1.910878685980751 9.759262035628826 
1 -4 0 4.585786437626905 7.414213562373096 
0 -5 0 1.9108786859807523 9.75926203562882 
1 -5 0 4.585786437626904 7.414213562373096 
-1 4 0 3.9999999999999996 6.999999999999997 
-1 3 0 4.0 6.999999999999999 
-1 2 0 2.3691071810238697 10.679774218091168 
-1 1 0 2.369107208399015 10.679774202621097 
-1 0 0 0.6187052951273627 13.694677669134478 
-1 -1 0 0.6187052945379867 13.694677795370575 
-1 -2 0 0.3825499444130934 13.518715250491196 
-1 -3 0 0.3825499444130058 13.518715450119158 
-1 -4 0 0.5370825343435794 10.438269933913599 
-1 -5 0 0.5370825342912703 10.438270129739234 
-1 -6 0 2.407137631948547 6.825955014888474 
0 -6 0 4.0 4.0 
-1 -7 0 2.4071376319485465 6.825955014888476 
0 -7 0 4.0 4.0 
-2 4 0 5.0 5.0 
-2 3 0 5.0 5.0 
-2 2 0 2.6255943375288817 10.000000000000004 
-2 1 0 2.625594337528885 9.999999999999996 
-2 0 0 0.618705294580448 12.999999964508476 
-2 -1 0 0.6187052945379715 12.99999998906215 
-2 -2 1 0.38254994441300416 13.518715465742112 
-2 -3 1 0.3825499444130057 13.518715422777895 
-2 -4 2 1.1430061503213889 12.175462794373013 
-2 -5 2 1.143006150321389 12.175462704867446 
-2 -6 1 0.8259368811857771 7.018029246756437 
-2 -7 1 0.8259368811857719 7.018029246756434 
-3 2 0 6.0 8.0 
-3 1 0 6.0 8.0 
-3 0 0 3.6050339445784174 11.0 
-3 -1 0 3.605033944578423 11.000000000000002 
-3 -2 0 2.171986687240468 13.087605230965119 
-3 -3 0 2.1719866928219913 13.087605241614158 
-3 -4 0 1.1430061506382023 12.19552874700393 
-3 -5 0 1.1430061503272715 12.195528871822674 
-3 -6 0 0.825936881185774 8.336596001999801 
-3 -7 0 0.8259368811857752 8.336596001999803 
-3 -8 0 1.9999999999999998 2.0 
-2 -8 0 2.0 2.0 
-3 -9 0 2.0 2.0 
-2 -9 0 2.0 2.0 
-4 0 0 9.0 9.0 
-4 -1 0 9.0 9.0 
-4 -2 0 5.456848103412949 11.217801491681767 
-4 -3 0 5.45684810341295 11.217801491681765 
-4 -4 0 3.1951542539885005 12.19552887182267 
-4 -5 0 3.1951542539885 12.19552887182267 
-4 -6 0 2.271560381889532 8.336596001999805 
-4 -7 0 2.271560381889531 8.336596001999801 
-4 -8 0 2.0 2.0 
-4 -9 0 2.0 2.0 
