0 4 0 1.0 1.0 
1 4 0 1.0 1.0 
0 3 0 1.0 1.0 
1 3 0 1.0 1.0 
0 2 1 1.0 3.6180339887498945 
1 2 0 1.0000000000000002 3.6180339887498953 
0 1 1 0.9999999999999998 3.618033988749895 
1 1 0 0.9999999999999999 3.618033988749894 
0 0 2 1.3819660112501042 5.618033988749894 
1 0 0 1.3819660112501055 5.618033988749894 
0 -1 2 1.3819660112501042 5.618033988749896 
1 -1 0 1.3819660112501062 5.618033988749894 
0 -2 1 0.9999999999999988 5.618033988749895 
1 -2 0 2.3819660112501055 4.999999999999999 
0 -3 1 1.0000000000000004 5.618033988749893 
1 -3 0 2.3819660112501047 5.000000000000001 
0 -4 0 0.9999999999999999 4.618033988749895 
1 -4 0 4.0 4.0 
0 -5 0 1.0 4.618033988749895 
1 -5 0 4.0 4.0 
-1 2 0 3.0 3.0 
-1 1 0 3.0 3.0 
-1 0 0 1.3819660112501049 5.618033988749894 
-1 -1 0 1.381966011250105 5.618033988749894 
-1 -2 0 0.9999999999999996 5.618033988749896 
-1 -3 0 1.0 5.618033988749898 
-1 -4 0 0.9999999999999996 4.618033988749895 
-1 -5 0 0.9999999999999999 4.618033988749895 
-1 -6 0 2.0 2.0 
0 -6 0 2.0 2.0 
-1 -7 0 2.0 2.0 
0 -7 0 2.0 2.0 
-2 0 0 5.0 5.0 
-2 -1 0 5.0 5.0 
-2 -2 0 3.381966011250105 5.618033988749896 
-2 -3 0 3.381966011250105 5.618033988749895 
-2 -4 0 2.381966011250105 4.618033988749894 
-2 -5 0 2.3819660112501055 4.618033988749895 
-2 -6 0 2.0 2.0 
-2 -7 0 2.0 2.0 
