2 6 0 1.0 1.0 
3 6 0 1.0 1.0 
2 5 0 1.0 1.0 
3 5 0 1.0 1.0 
2 4 0 1.4384471871911702 9.531128874149275 
3 4 0 1.4688711258507263 9.531128874149275 
2 3 0 1.4384471871911666 9.53112887414928 
3 3 0 1.4688711258507248 9.531128874149275 
2 2 0 1.3944487245360107 10.0 
3 2 0 6.0 6.0 
2 1 0 1.3944487245360149 10.000000000000005 
3 1 0 6.0 6.0 
1 4 0 1.4384471871911702 6.999999999999999 
1 3 0 1.4384471871911688 7.000000000000001 
1 2 0 0.2926384622793524 10.0 
1 1 0 0.2926384622793499 10.000000000000005 
1 0 0 1.438447187191171 7.645751311064591 
2 0 0 4.0 4.0 
1 -1 0 1.43844718719117 7.645751311064593 
2 -1 0 4.0 4.0 
0 4 0 2.0000000000000004 5.000000000000001 
0 3 0 1.9999999999999993 5.0 
0 2 1 0.29263846227935236 10.000000000000005 
0 1 1 0.2926384622793533 9.999999999999998 
0 0 2 1.107814121136778 9.645751311064592 
0 -1 2 1.1078141211367771 9.645751311064593 
-1 4 0 4.0 4.0 
-1 3 0 4.0 4.0 
-1 2 0 2.354248688935408 8.0 
-1 1 0 2.3542486889354093 8.0 
-1 0 0 1.107814121136779 9.645751311064588 
-1 -1 0 1.107814121136782 9.645751311064593 
-1 -2 0 0.9999999999999997 7.701562118716424 
0 -2 1 0.9999999999999998 4.999999999999999 
-1 -3 0 1.0000000000000009 7.701562118716422 
0 -3 1 1.0000000000000002 4.999999999999998 
-2 2 0 6.0 6.0 
-2 1 0 6.0 6.0 
-2 0 0 2.6277186767309857 8.372281323269014 
-2 -1 0 2.627718676730984 8.372281323269014 
-2 -2 0 1.298437881283576 7.701562118716424 
-2 -3 0 1.2984378812835762 7.701562118716422 
-2 -4 0 1.0 1.0 
-1 -4 0 1.0 1.0 
-2 -5 0 1.0 1.0 
-1 -5 0 1.0 1.0 
