2 8 0 3.0 3.0 
3 8 0 3.0 3.0 
2 7 0 3.0 3.0 
3 7 0 3.0 3.0 
2 6 0 1.93356355971947 8.236067977499793 
3 6 0 3.7639320225002098 8.236067977499792 
2 5 0 1.93356355971947 8.236067977499788 
3 5 0 3.7639320225002106 8.23606797749979 
2 4 0 2.0000000000000004 9.23606797749979 
3 4 0 4.763932022500211 9.23606797749979 
2 3 0 2.0 9.236067977499792 
3 3 0 4.763932022500211 9.236067977499792 
2 2 0 2.7639320225002124 9.999999999999996 
3 2 0 8.0 8.0 
2 1 0 2.7639320225002098 9.999999999999996 
3 1 0 8.0 8.0 
1 8 0 3.0 3.0 
1 7 0 3.0 3.0 
1 6 0 0.9999999999999992 8.236067977499786 
1 5 0 0.9999999999999986 8.236067977499792 
1 4 0 0.9335635597194755 9.236067977499772 
1 3 0 0.9335635597195242 9.23606797749979 
1 2 0 0.9335635597194701 9.999999999999998 
1 1 0 0.9335635597194698 9.999999999999988 
1 0 0 1.6277186767309841 8.0 
2 0 0 5.0 6.999999999999999 
1 -1 0 1.6277186767309855 7.999999999999999 
2 -1 0 5.0 7.000000000000001 
0 8 0 3.0 3.0 
0 7 0 3.0 3.0 
0 6 0 1.0000000000000007 6.636404937210495 
0 5 0 1.0000000000000013 6.636404937210495 
0 4 1 0.9335635597194707 9.0 
0 3 1 0.9335635597194724 9.000000000000004 
0 2 3 1.0000000000000029 9.999999999999613 
0 1 3 0.9335635597194634 9.999999999999698 
0 0 3 0.9335635597194708 9.236067977499788 
0 -1 3 1.6277186767309884 9.236067977499786 
0 -2 1 0.9335635597194698 5.636404937210496 
1 -2 0 2.9999999999999996 4.999999999999999 
0 -3 1 0.9335635597194687 5.636404937210492 
1 -3 0 3.0000000000000004 4.999999999999999 
-1 6 0 3.9999999999999996 6.0 
-1 5 0 4.0 6.0 
-1 4 0 2.6277186767309852 8.999999999999998 
-1 3 0 2.627718676730986 9.000000000000004 
-1 2 0 1.627718676730983 9.999999999999995 
-1 1 0 1.6277186767309884 9.999999999999995 
-1 0 0 0.9335635597194711 9.236067977499793 
-1 -1 0 0.9335635597194714 9.236067977499788 
-1 -2 0 0.9335635597194705 7.236067977499791 
-1 -3 0 0.9335635597194699 7.236067977499789 
-1 -4 0 2.0 2.0 
0 -4 0 2.0 2.0 
-1 -5 0 2.0 2.0 
0 -5 0 2.0 2.0 
-2 4 0 7.0 7.0 
-2 3 0 7.0 7.0 
-2 2 0 3.763932022500212 8.23606797749979 
-2 1 0 3.763932022500211 8.23606797749979 
-2 0 0 2.7639320225002106 9.236067977499793 
-2 -1 0 2.7639320225002106 9.23606797749979 
-2 -2 0 2.0000000000000004 7.23606797749979 
-2 -3 0 2.0 7.23606797749979 
-2 -4 0 2.0 2.0 
-2 -5 0 2.0 2.0 
