3 9 0 0.9999999999999996 3.0 
4 9 0 3.0 3.0 
3 8 0 1.0000000000000004 3.0 
4 8 0 3.0 3.0 
3 7 0 0.8694745696920101 11.387755250359184 
4 7 0 3.390252627363496 11.387755250359184 
3 6 0 0.8694745696920124 11.387755250359183 
4 6 0 3.390252627363496 11.387755250359184 
3 5 0 1.1932842554934089 14.02717727932092 
4 5 0 4.398711317134294 13.22749707899573 
3 4 0 1.1932842554908878 14.02717727932627 
4 4 0 4.398711317134296 13.22749707899573 
3 3 0 1.8620098734391302 14.427814111411625 
4 3 0 6.269350055755382 12.924751674696676 
3 2 0 1.8620098737597055 14.427814110083498 
4 2 0 6.269350055755379 12.924751674696674 
3 1 0 3.8121018495056207 12.999999999999998 
4 1 0 11.0 11.0 
3 0 0 3.81210184950562 13.000000000000002 
4 0 0 11.0 11.0 
2 9 0 1.0000000000000002 3.0 
2 8 0 1.0000000000000002 3.0 
2 7 0 0.4368727524859228 9.947449389771817 
2 6 0 0.436872752207215 9.947449389766145 
2 5 0 0.4462034279947669 14.027177279297817 
2 4 0 0.4462034279937814 14.027177279257653 
2 3 0 0.5680025913976121 15.343387749990061 
2 2 0 0.5680025906668824 15.343387395547856 
2 1 0 1.2772811099369208 14.999999999954618 
2 0 0 1.27728110996978 14.999999966537292 
2 -1 0 2.6991984827021014 11.828427120262626 
3 -1 0 6.267949192431122 9.732050807568875 
2 -2 0 2.6991984827021134 11.828427124501806 
3 -2 0 6.267949192431123 9.732050807568877 
1 7 0 0.4368727521660276 8.186763818117758 
1 6 0 0.43687275216602905 8.186763818117756 
1 5 1 0.4462034279937268 12.607785562725866 
1 4 1 0.44620342799372975 12.6077854564792 
1 3 2 0.7969161279329534 15.343388061454023 
1 2 2 0.796916127583327 15.343387995068237 
1 1 1 0.6197160316128469 15.75201090251115 
1 0 1 0.6197160316128453 15.752010875182787 
1 -1 0 0.7108730078306835 12.999999999843759 
1 -2 0 0.7108730082846432 12.999999591228368 
1 -3 0 3.0000000000000018 9.79505008420038 
2 -3 0 5.0 7.0 
1 -4 0 3.000000000000002 9.795050084200385 
2 -4 0 5.0 7.0 
0 7 0 3.0 5.0 
0 6 0 3.0 5.0 
0 5 0 0.9440601730727626 10.760766693158928 
0 4 0 0.9440601730727622 10.760766710426992 
0 3 0 0.4440542580394399 14.59617415580764 
0 2 0 0.44405425803943455 14.596174153828073 
0 1 0 0.42261916653670123 15.769825941772394 
0 0 0 0.422619166680805 15.769825948750423 
0 -1 0 0.5436879215149929 14.418972976433404 
0 -2 0 0.5436879215149906 14.418972975918882 
0 -3 0 1.5484316360094819 11.234277418266334 
0 -4 0 1.548431634558904 11.23427739917362 
-1 5 0 2.4633703787941967 8.0 
-1 4 0 2.463370378794197 8.000000000000002 
-1 3 0 0.4440542580394323 12.866425277888013 
-1 2 0 0.44405425803943105 12.866425247030952 
-1 1 1 0.42261916652712056 15.769825947493722 
-1 0 1 0.4226191665271308 15.769825862318749 
-1 -1 2 0.5436879215149734 15.087309596711114 
-1 -2 2 1.230921784424788 15.087309695489056 
-1 -3 1 0.9709728487094597 12.362327933592281 
-1 -4 1 0.9709728487094604 12.362327951362612 
-1 -5 0 0.9999999999999989 6.0 
0 -5 0 2.9999999999999996 5.0 
-1 -6 0 0.9999999999999998 6.000000000000001 
0 -6 0 2.9999999999999996 5.0 
-2 3 0 4.463370378794199 10.0 
-2 2 0 4.4633703787941945 10.000000000000005 
-2 1 0 1.6193593737518988 14.880216026715956 
-2 0 0 1.6193593712608272 14.880216025522694 
-2 -1 0 1.2309217809096793 15.999999989653265 
-2 -2 0 1.2309217809095163 15.99999997330942 
-2 -3 0 0.9709728487109544 13.707838464844196 
-2 -4 0 0.9709728487267364 13.70783850485628 
-2 -5 0 1.0000000000000009 6.000000000000001 
-2 -6 0 0.9999999999999984 6.000000000000001 
-3 1 0 6.76393202250021 12.000000000000002 
-3 0 0 6.763932022500212 12.000000000000002 
-3 -1 0 3.8359921743847547 15.99999999999999 
-3 -2 0 3.8359921743847587 16.0 
-3 -3 0 2.695351293502312 13.828427124746188 
-3 -4 0 2.6953512935023096 13.828427124746188 
-3 -5 0 2.9999999999999996 6.0 
-3 -6 0 3.0 6.0 
-4 -1 0 14.0 14.0 
-4 -2 0 14.0 14.0 
-4 -3 0 8.17157287525381 13.82842712474619 
-4 -4 0 8.171572875253808 13.828427124746192 
-4 -5 0 6.0 6.0 
-4 -6 0 6.0 6.0 
