-1 -3 0 0.8972249509033593 6.24914053812955 
0 -3 1 0.8972249509033593 6.2491405381295495 
-1 -4 0 0.8972249509033591 6.2491405381295495 
0 -4 1 0.8972249509033593 6.24914053812955 
-1 -5 0 0.5909586896341427 8.828427124746185 
0 -5 0 0.5909586896341427 8.182655504410313 
-1 -6 0 0.590958689634142 8.82842712474619 
0 -6 0 0.5909586896341432 8.182655504410315 
-1 -7 0 1.9008025238797177 9.14781677533388 
0 -7 0 2.079190373518111 7.92080962648189 
-1 -8 0 1.9008025238797182 9.147816775333878 
0 -8 0 2.07919037351811 7.920809626481889 
-1 -9 0 4.999999999999999 7.0 
0 -9 0 5.0 5.0 
-1 -10 0 4.999999999999999 7.0 
0 -10 0 5.0 5.0 
-2 -3 0 2.0 2.0 
-2 -4 0 2.0 2.0 
-2 -5 1 0.913869802348505 8.828427124746193 
-2 -6 1 0.9138698023485067 8.828427124746188 
-2 -7 0 0.5435525348592726 9.999999994715946 
-2 -8 0 0.5435525348592741 9.99999995487064 
-2 -9 0 1.3383995796312977 8.999999999999996 
-2 -10 0 1.338399579631294 8.999999999999998 
-3 -5 0 0.9138698023485061 6.0 
-3 -6 0 0.9138698023485058 5.999999999999999 
-3 -7 0 0.5435525348592718 10.0 
-3 -8 0 0.5435525348592734 10.000000000000007 
-3 -9 1 1.3383995796312969 9.541381265120858 
-3 -10 1 1.3383995796312946 9.541381265029873 
-3 -11 0 0.9999999999999992 5.000000000000001 
-2 -11 0 3.0 3.0 
-3 -12 0 1.0000000000000004 5.0 
-2 -12 0 3.0 3.0 
-4 -7 0 2.2984378812835766 8.701562118716424 
-4 -8 0 2.298437881283575 8.701562118716424 
-4 -9 0 1.785977705207837 10.000000000000004 
-4 -10 0 1.7859777052078358 10.000000000000002 
-4 -11 0 0.9999999999999996 5.0 
-4 -12 0 1.0 5.0 
-5 -9 0 10.0 10.0 
-5 -10 0 10.0 10.0 
-5 -11 0 5.0 5.0 
-5 -12 0 5.0 5.0 
