4 10 0 1.9999999999999993 5.0 
5 10 0 5.0 5.0 
4 9 0 2.0 5.0 
5 9 0 5.0 5.0 
4 8 0 2.0000000000000018 11.449489742783177 
5 8 0 6.550510257216822 11.449489742783179 
4 7 0 1.9999999999999996 11.44948974278318 
5 7 0 6.550510257216822 11.449489742783177 
4 6 0 2.5857864380374376 14.449489722580912 
5 6 0 8.0 14.449489742783182 
4 5 0 2.585786440516379 14.44948968497789 
5 5 0 8.0 14.449489742783177 
4 4 0 4.136296694843733 17.29655125206732 
5 4 0 11.0 15.999999999999998 
4 3 0 4.136296694843728 17.29655125206733 
5 3 0 10.999999999999998 16.0 
4 2 0 5.585786437626899 15.999999999910457 
5 2 0 14.0 14.0 
4 1 0 5.585786437626911 15.99999999999368 
5 1 0 14.0 14.0 
3 10 0 1.999999999999999 5.0 
3 9 0 2.0000000000000004 5.000000000000001 
3 8 0 1.066351289155074 11.449489736705653 
3 7 0 1.066351285652132 11.44948974274037 
3 6 0 1.0663512856535775 14.44948974217547 
3 5 0 1.066351285654291 14.44948974167514 
3 4 0 1.1637581796264027 17.29655125187318 
3 3 0 1.1637581796254064 17.296551251929625 
3 2 0 1.7495446172522409 17.999999999967546 
3 1 0 1.7495446172522067 17.999999999947875 
3 0 0 3.511203718776349 14.655855453697654 
4 0 0 8.585786437626904 12.000000000000002 
3 -1 0 3.511203718254982 14.655855453715894 
4 -1 0 8.585786437626906 12.0 
2 10 0 2.0 5.0 
2 9 0 1.9999999999999991 5.0 
2 8 0 1.0663512856521344 10.555916361299031 
2 7 0 1.066351285652133 10.555916361299042 
2 6 0 0.5884334467731106 14.449489742460598 
2 5 0 0.5884334466899026 14.44948973977491 
2 4 0 0.5884334469938627 17.29655125101786 
2 3 0 0.5884334472941163 17.296551249600146 
2 2 0 0.8529592911641256 17.999999770172057 
2 1 0 0.8529592911485088 17.999999709809106 
2 0 0 1.4387457328621973 15.999998735945157 
2 -1 0 1.4387457294965966 15.99999999797154 
2 -2 0 2.810169904121346 12.655855453727927 
3 -2 0 6.585786437626905 10.0 
2 -3 0 2.8101699142523247 12.655855222864352 
3 -3 0 6.585786437626905 10.0 
1 10 0 4.0 4.0 
1 9 0 4.0 4.0 
1 8 0 1.455942889803857 9.555916361297713 
1 7 0 1.4559428898038527 9.555916361296697 
1 6 0 0.5884334466872011 13.555916359257 
1 5 0 0.5884334466871387 13.555916360885396 
1 4 0 0.22685546528668432 17.296551200250782 
1 3 0 0.2268554651801341 17.296551251305022 
1 2 0 0.22685546518155497 17.999999165647775 
1 1 0 0.22685546518069286 17.9999999991388 
1 0 0 0.44815039027885256 17.56155279166804 
1 -1 0 0.44815039019531194 17.561552812680453 
1 -2 0 1.0339368278306322 14.217407691333841 
1 -3 0 1.03393682800501 14.217408266117465 
1 -4 0 2.585786437626907 9.655855453723989 
2 -4 0 4.585786437626906 8.0 
1 -5 0 2.585786437626906 9.655855453725252 
2 -5 0 4.585786437626904 8.0 
0 8 0 3.455942889803852 7.646020966722047 
0 7 0 3.455942889803854 7.6460209667220465 
0 6 0 1.110022271559834 11.779757213989903 
0 5 0 1.1100222720843893 11.779757269711652 
0 4 0 0.22685546518008443 15.779757291464007 
0 3 0 0.2268554651808524 15.779757075162797 
0 2 1 0.22685546518008148 17.999999996192937 
0 1 1 0.2268554651800831 17.999999993398497 
0 0 2 0.4481503901952407 17.999999284095008 
0 -1 2 0.7639320225003542 17.999999999669637 
0 -2 1 0.5857864376269052 15.32653826538772 
0 -3 1 0.5857864376269073 15.326538132436461 
0 -4 0 0.5857864376269047 10.764985037622985 
0 -5 0 0.5857864377323928 10.764985323930397 
0 -6 0 3.0000000000000004 6.0 
1 -6 0 5.0 5.0 
0 -7 0 2.999999999999999 6.000000000000002 
1 -7 0 5.0 5.0 
-1 6 0 3.110022271480684 10.000000000000002 
-1 5 0 3.110022271480683 10.0 
-1 4 0 1.8739542939935365 13.999999737370972 
-1 3 0 1.87395429398192 13.999999986854329 
-1 2 0 0.9907874914298278 17.87062500818477 
-1 1 0 0.9907874876948564 17.870625008200836 
-1 0 0 0.7639320225698055 17.999999110217765 
-1 -1 0 0.7639320225087852 17.999999440393598 
-1 -2 0 0.5857864376269627 16.769292434936002 
-1 -3 0 0.5857864376274408 16.76929217554546 
-1 -4 0 0.5857864376331766 12.20773962214821 
-1 -5 0 0.5857864376282564 12.207739618980378 
-1 -6 0 0.9999999999999984 6.675130870566645 
-1 -7 0 1.0000000000000007 6.675130870566647 
-2 4 0 5.110022271480684 12.000000000000002 
-2 3 0 5.110022271480684 12.000000000000005 
-2 2 0 2.5484694588050836 15.999999984272076 
-2 1 0 2.5484694586719114 15.999999999298817 
-2 0 0 1.6653026529645387 17.999999990864804 
-2 -1 0 1.6653026523712537 17.999999884169682 
-2 -2 0 1.2268554669896017 17.561552812532828 
-2 -3 0 1.2268554651811003 17.56155281257734 
-2 -4 0 1.0000000002401683 12.99999997188028 
-2 -5 0 1.0000000000005558 12.999999969552798 
-2 -6 0 0.9999999999999991 7.0 
-2 -7 0 0.9999999999999992 7.000000000000003 
-3 2 0 7.233564516147295 14.0 
-3 1 0 7.233564516147296 14.000000000000004 
-3 0 0 4.6720117033384705 17.99999999999866 
-3 -1 0 4.672011703338494 17.99999999999922 
-3 -2 0 3.4189050112198935 17.561552812067383 
-3 -3 0 3.418905011135907 17.561552719443746 
-3 -4 0 2.9804578226183915 12.99999999998444 
-3 -5 0 2.980457822560164 12.999999999856248 
-3 -6 0 2.785680256622465 7.0 
-3 -7 0 2.785680256622464 7.000000000000002 
-4 0 0 16.0 16.0 
-4 -1 0 16.0 16.0 
-4 -2 0 9.999999999999998 17.56155281280883 
-4 -3 0 10.000000000000002 17.56155281280883 
-4 -4 0 7.438447187191171 13.0 
-4 -5 0 7.43844718719117 13.0 
-4 -6 0 7.0 7.0 
-4 -7 0 7.0 7.0 
