4 10 0 0.8299135133739666 4.999999999999999 
5 10 0 5.0 5.0 
4 9 0 0.8299135133739648 5.000000000000001 
5 9 0 5.0 5.0 
4 8 0 1.7889939563559856 12.701562118716422 
5 8 0 6.298437881283577 12.701562118716424 
4 7 0 1.7889939563559818 12.70156211871642 
5 7 0 6.298437881283576 12.701562118716424 
4 6 0 2.653223446257595 13.999999999999998 
5 6 0 12.0 12.0 
4 5 0 2.653223446257594 14.0 
5 5 0 12.0 12.0 
3 10 0 0.8299135133739662 4.481194304092017 
3 9 0 0.8299135133739659 4.481194304092016 
3 8 0 0.2600870805034913 11.280023453310458 
3 7 0 0.26008708069936043 11.280023453310463 
3 6 0 0.603184306766575 13.999999595137595 
3 5 0 0.6031843067664775 13.999999995353448 
3 4 0 1.4602914908322835 11.99999999998543 
4 4 0 4.255173922318078 10.000000000000002 
3 3 0 1.460291490790769 11.99999999999784 
4 3 0 4.255173922318079 10.000000000000002 
2 10 0 2.0000000000000004 4.0 
2 9 0 2.0 4.0 
2 8 0 0.2600870805036147 10.213121892522715 
2 7 0 0.26008708050433965 10.213121892522688 
2 6 1 0.6031843067664524 13.692751457144553 
2 5 1 0.6031843067664501 13.692751408562463 
2 4 1 0.5736988523434344 13.999999992599353 
2 3 1 0.5736988523434339 13.999999999628793 
2 2 0 1.1723861625918879 9.90841271996037 
3 2 0 3.0842769745170173 8.0 
2 1 0 1.1723861625848533 9.908412719954221 
3 1 0 3.0842769745170187 7.999999999999999 
1 8 0 2.462716684326511 8.247274002749023 
1 7 0 2.462716684326509 8.247274002749025 
1 6 0 0.7845116641072308 11.787733398569573 
1 5 0 0.7845116629081073 11.78773339874758 
1 4 0 0.2678103988100485 13.9999999992255 
1 3 0 0.26781039878343477 13.999999923775313 
1 2 0 0.6435941375349433 11.613028849217486 
1 1 0 0.6435941376026643 11.613028833689352 
1 0 0 1.6839914667455445 7.322221602603279 
2 0 0 2.9999999999999996 5.0 
1 -1 0 1.6839914667455447 7.322221602603279 
2 -1 0 2.9999999999999996 5.0 
0 8 0 5.0 5.0 
0 7 0 5.0 5.0 
0 6 0 2.59037418987576 10.809785920127418 
0 5 0 2.5903741898757624 10.809785920127421 
0 4 0 0.26781039874805135 13.999999999996989 
0 3 0 0.2678103987208955 13.999999878641916 
0 2 1 0.6435941375347648 13.358248806797452 
0 1 1 0.6435941375347626 13.358248714511097 
0 0 1 1.08358739785242 9.345450846444974 
0 -1 1 1.083587397852418 9.345450846444972 
-1 6 0 6.0 8.0 
-1 5 0 6.000000000000001 8.0 
-1 4 0 3.0227612612817407 12.0 
-1 3 0 3.0227612612817336 12.000000000000004 
-1 2 0 1.5928415500053448 13.358248806742372 
-1 1 0 1.5928415500053403 13.358247944851206 
-1 0 0 1.0835873978524193 11.05375457028858 
-1 -1 0 1.0835873978524184 11.053754570288586 
-1 -2 0 2.0 2.0 
0 -2 0 2.0 2.0 
-1 -3 0 2.0 2.0 
0 -3 0 2.0 2.0 
-2 4 0 9.0 9.0 
-2 3 0 9.0 9.0 
-2 2 0 4.25834261322606 11.74165738677394 
-2 1 0 4.258342613226062 11.741657386773943 
-2 0 0 2.5540614777961506 11.053754570288582 
-2 -1 0 2.55406147779615 11.053754570288582 
-2 -2 0 2.0 2.0 
-2 -3 0 2.0 2.0 
