3 11 0 1.0 1.0 
4 11 0 1.0 1.0 
3 10 0 1.0 1.0 
4 10 0 1.0 1.0 
3 9 0 0.34367541397780443 7.788464117653194 
4 9 0 1.285946773055105 7.788464117653195 
3 8 0 0.34367541397780565 7.788464117653194 
4 8 0 1.285946773055104 7.788464117653195 
3 7 0 0.5275150311281931 10.558955032880903 
4 7 0 2.475715739622558 10.124030837037466 
3 6 0 0.5275150317163618 10.558955032880284 
4 6 0 2.475715739622557 10.12403083703747 
3 5 0 1.07574548527319 12.574443900744077 
4 5 0 3.709012489235797 11.392402777421522 
3 4 0 1.0757454860323046 12.574443900744914 
4 4 0 3.709012489235799 11.392402777421523 
3 3 0 2.5255987190615152 11.775605287813466 
4 3 0 5.1565955126663265 10.536629621205803 
3 2 0 2.5255987208822055 11.775605320443127 
4 2 0 5.1565955126663265 10.536629621205801 
3 1 0 4.211944396453574 10.0 
4 1 0 8.0 8.0 
3 0 0 4.211944396453575 10.000000000000002 
4 0 0 8.0 8.0 
2 9 0 0.3436754139778042 5.656324586022197 
2 8 0 0.3436754139778035 5.656324586022196 
2 7 1 0.527515031128193 10.558955032880853 
2 6 1 0.5275150311281922 10.558955032880098 
2 5 1 0.5109918251178941 12.652814064553239 
2 4 1 0.5109918251178935 12.652814063810148 
2 3 0 0.47073207626304725 13.089608391642797 
2 2 0 0.4707320762630105 13.08553397174158 
2 1 0 1.8885687783687684 11.999999999578355 
2 0 0 1.888568778319169 11.999999999100728 
2 -1 0 4.000000000000001 6.999999999999999 
3 -1 0 6.0 6.0 
2 -2 0 4.000000000000001 7.0 
3 -2 0 6.0 6.0 
1 7 0 0.7755179765803036 8.685624773237347 
1 6 0 0.7755179765803045 8.68562477323735 
1 5 0 0.2879656048161037 12.652814062453492 
1 4 0 0.2879656048406693 12.652814035561377 
1 3 0 0.4707320762630532 13.743474865971814 
1 2 0 0.47073207626300706 13.743475227554232 
1 1 0 1.3457871666810552 12.67146154952416 
1 0 0 1.345787166664026 12.671461472496311 
1 -1 0 2.947757168645657 9.820258846364347 
1 -2 0 2.947757168645658 9.820258846364343 
0 7 0 3.0 5.0 
0 6 0 3.0 5.0 
0 5 0 0.2879656048092063 10.999999999535133 
0 4 0 0.2879656048107573 10.99999980080619 
0 3 1 0.5438963068536813 13.74347522532039 
0 2 1 0.543896306853681 13.743475129541295 
0 1 1 0.5319380587359557 13.375568813354853 
0 0 1 0.5319380587359568 13.375568871107637 
0 -1 0 0.49917366120840034 11.184191709838895 
0 -2 0 0.499173661208398 11.1841917098389 
-1 5 0 3.65707691722283 8.0 
-1 4 0 3.6570769172228292 8.0 
-1 3 0 0.8693967473486606 12.999999999999748 
-1 2 0 0.869396747352426 12.999999999996783 
-1 1 0 0.5319380587359629 13.999999999580956 
-1 0 0 0.5319380587359585 13.99999993086957 
-1 -1 0 0.49917366125037504 11.881543424709522 
-1 -2 0 0.499173661212744 11.881543424608088 
-1 -3 0 1.9999999999999996 4.0 
0 -3 0 2.0 4.0 
-1 -4 0 2.0 4.0 
0 -4 0 2.0 4.0 
-2 3 0 5.43844718719117 10.0 
-2 2 0 5.43844718719117 10.0 
-2 1 0 2.3687334215960774 14.000000000000002 
-2 0 0 2.3687334215960787 14.0 
-2 -1 0 1.5650794880368264 12.60555127546399 
-2 -2 0 1.5650794880368315 12.605551275463991 
-2 -3 0 1.9999999999999998 4.0 
-2 -4 0 2.0 4.0 
-3 1 0 11.0 11.0 
-3 0 0 11.0 11.0 
-3 -1 0 5.394448724536011 12.60555127546399 
-3 -2 0 5.39444872453601 12.605551275463988 
-3 -3 0 4.0 4.0 
-3 -4 0 4.0 4.0 
