4 12 0 0.9999999999999999 3.0 
5 12 0 3.0 3.0 
4 11 0 0.9999999999999999 3.000000000000001 
5 11 0 3.0 3.0 
4 10 0 0.8416449057673804 9.000000000000002 
5 10 0 3.9999999999999996 9.0 
4 9 0 0.8416449057673809 8.999999999999996 
5 9 0 3.9999999999999996 9.0 
4 8 0 1.2583864071451847 10.0 
5 8 0 8.0 8.0 
4 7 0 1.2583864071451827 10.000000000000002 
5 7 0 8.0 8.0 
3 12 0 1.0 3.0 
3 11 0 1.0 3.0 
3 10 1 0.8416449057673824 8.294688834357656 
3 9 1 0.8416449057673785 8.294688834357652 
3 8 2 1.9008025234209818 9.999999939673696 
3 7 2 1.258386407145184 10.000000000000002 
3 6 1 1.2679491924311217 8.828427124746188 
4 6 0 3.267949192431123 6.7320508075688785 
3 5 1 1.2679491924311224 8.828427124746188 
4 5 0 3.267949192431123 6.732050807568878 
2 10 0 3.0 7.000000000000001 
2 9 0 2.9999999999999996 7.0 
2 8 0 0.7250827823646903 9.684159202485265 
2 7 0 0.7250827823646319 9.684159202535017 
2 6 0 0.5909586896345281 9.418989105219783 
2 5 0 0.590958689636186 9.41898910527937 
2 4 0 0.8972249509033594 6.732050807568878 
3 4 0 2.0 4.0 
2 3 0 0.8972249509033597 6.732050807568877 
3 3 0 1.9999999999999998 4.0 
1 10 0 3.0000000000000004 5.0 
1 9 0 2.9999999999999996 5.0 
1 8 0 0.7250827823646268 9.000000000000002 
1 7 0 0.7250827823646265 9.000000000000002 
1 6 1 0.5909586896341421 9.4189891053142 
1 5 1 0.590958689634145 9.418989105314196 
1 4 2 0.8972249509033585 7.64575131106459 
1 3 2 0.8972249509033605 7.6457513110645925 
0 8 0 7.0 7.0 
0 7 0 7.0 7.0 
0 6 0 3.67659572391352 8.681330643604978 
0 5 0 3.6765957239135227 8.681330643604978 
0 4 0 2.3542486889354097 7.64575131106459 
0 3 0 2.3542486889354093 7.64575131106459 
0 2 0 2.0 2.0 
1 2 1 2.0 2.0 
0 1 0 2.0 2.0 
1 1 1 2.0 2.0 
