5 13 0 2.0 4.0 
6 13 0 4.0 4.0 
5 12 0 1.9999999999999998 4.0 
6 12 0 4.0 4.0 
5 11 0 1.65829413070868 14.097834679044608 
6 11 0 4.615957056739807 14.09783467904461 
5 10 0 1.6582941307086794 14.097834679044603 
6 10 0 4.615957056739807 14.097834679044608 
5 9 0 2.330186252329728 16.016882013046903 
6 9 0 5.656221198334995 14.598183167656027 
5 8 0 2.3301862524177563 16.0168820121215 
6 8 0 5.656221198334994 14.59818316765603 
5 7 0 3.3402852188770447 16.118058793350954 
6 7 0 7.3944487245360095 14.605551275463991 
5 6 0 3.3402852188686376 16.118058818291257 
6 6 0 7.39444872453601 14.60555127546399 
5 5 0 4.7853987272283875 14.999999999999998 
6 5 0 13.0 13.0 
5 4 0 4.785398727228388 14.999999999999998 
6 4 0 13.0 13.0 
4 13 1 1.9999999999999998 4.0 
4 12 1 1.9999999999999998 3.999999999999999 
4 11 2 1.0581931238126647 12.607739046655372 
4 10 2 1.0581931238126672 12.607739046620487 
4 9 1 0.28145328323480656 16.016881973800498 
4 8 1 0.2814532832348102 16.01688201144154 
4 7 0 0.4279849836372989 17.210325303147602 
4 6 0 0.4279849835641278 17.210325380500077 
4 5 0 1.3526555831572666 16.999999999840153 
4 4 0 1.3526555831144536 16.999999999280895 
4 3 0 2.8324984187658004 13.047124191395957 
5 3 0 7.0 11.0 
4 2 0 2.832498413748434 13.047124369726092 
5 2 0 7.0 11.0 
3 11 1 0.5911188705306771 10.873887767746616 
3 10 1 0.5911188705306794 10.873887767746613 
3 9 1 0.281453283234809 14.543989830679635 
3 8 1 0.2814532832348063 14.543989134734497 
3 7 0 0.4279849835674456 17.21032502474576 
3 6 0 0.42798498361242265 17.210325244377742 
3 5 0 1.1460998464904113 17.701958070269004 
3 4 0 1.1460998468452255 17.7019580192234 
3 3 0 2.1386386900835745 14.999999998469848 
3 2 0 2.138638682886526 14.999999997923354 
3 1 0 4.060765131883922 10.345963295709891 
4 1 0 5.000000000000001 9.0 
3 0 0 4.060765131883922 10.345963295709888 
4 0 0 4.999999999999999 9.0 
2 11 0 4.0 4.0 
2 10 0 4.0 4.0 
2 9 0 0.5475261158927945 12.878784333464077 
2 8 0 0.5475261162016928 12.87887964636923 
2 7 1 0.7537872295818245 16.429044128146913 
2 6 1 0.7537872295816945 16.42904403347377 
2 5 1 0.823050238474774 17.701957168925706 
2 4 1 0.8230502384747722 17.701957960701243 
2 3 0 0.9572033573522046 16.999999998337632 
2 2 0 0.9572033573535271 16.999999892566734 
2 1 0 2.8012470948790864 12.619256590456581 
2 0 0 2.801247094884839 12.619256590451162 
1 9 0 5.0 9.561552812808829 
1 8 0 4.999999999999999 9.561552812808829 
1 7 0 1.4755298512012214 14.88337744437109 
1 6 0 1.4755298514718147 14.883386639241632 
1 5 0 0.823050238475429 17.64695216987008 
1 4 0 0.8230502392900705 17.64676288640569 
1 3 0 0.9572033574038495 17.682522454059082 
1 2 0 0.9572033573555655 17.682522527362355 
1 1 0 2.492433498436596 14.608477320773263 
1 0 0 2.4924334900406366 14.608477311587313 
1 -1 0 3.585786437626904 9.449489742783179 
2 -1 0 4.999999999999999 5.0 
1 -2 0 3.585786437626906 9.449489742783179 
2 -2 0 4.999999999999999 5.0 
0 9 0 6.0 6.0 
0 8 0 6.0 6.0 
0 7 0 2.6380168487394813 11.732050800381572 
0 6 0 2.638016848739482 11.73205068632432 
0 5 1 1.1573859145300702 16.882275608304735 
0 4 1 1.157385914530074 16.88227648942316 
0 3 2 1.4998458282764893 17.999999710175135 
0 2 2 1.499845828135098 17.999999779666876 
0 1 1 0.6950199927263299 16.226304410824177 
0 0 1 0.6950199927263311 16.226304427630733 
0 -1 0 0.9573009667576979 10.716495297535419 
0 -2 0 0.9573009667577004 10.716495297535412 
-1 7 0 7.0 9.0 
-1 6 0 7.000000000000001 8.999999999999998 
-1 5 0 3.812281944138526 13.358407179652101 
-1 4 0 3.812281944138583 13.358407091495216 
-1 3 0 1.128555021040779 17.999999956975 
-1 2 0 1.1285550210402588 17.999999190508884 
-1 1 0 0.6950199929868791 16.89384194007195 
-1 0 0 0.6950199928491172 16.893841938467325 
-1 -1 0 0.9573009668613309 11.712787709814945 
-1 -2 0 0.957300966903872 11.712787709818226 
-1 -3 0 3.0 3.0 
0 -3 0 3.0 3.0 
-1 -4 0 3.0 3.0 
0 -4 0 3.0 3.0 
-2 5 0 9.0 11.0 
-2 4 0 9.000000000000002 11.0 
-2 3 0 5.545059886320905 14.565920670894316 
-2 2 0 5.545059886320899 14.565920670894311 
-2 1 0 2.456893282875787 16.893841940284158 
-2 0 0 2.4568932829115493 16.89384194028418 
-2 -1 0 1.8333909998623317 12.11009207102282 
-2 -2 0 1.8333909998623314 12.11009207102281 
-2 -3 0 3.0 3.0 
-2 -4 0 2.9999999999999996 3.0 
-3 3 0 12.0 12.0 
-3 2 0 12.0 12.0 
-3 1 0 8.370186728308123 15.110092071022816 
-3 0 0 8.370186728308123 15.110092071022818 
-3 -1 0 5.370186728308121 12.110092071022818 
-3 -2 0 5.370186728308122 12.110092071022818 
-3 -3 0 3.0 3.0 
-3 -4 0 3.0 3.0 
