2 4 0 2.0 5.000000000000001 
3 4 0 5.0 5.0 
2 3 0 1.9999999999999996 5.0 
3 3 0 5.0 5.0 
2 2 0 1.6948128804892604 13.144852190756506 
3 2 0 5.573503697494783 13.144852190758625 
2 1 0 1.6948128804894358 13.14485219075635 
3 1 0 5.5735036974947825 13.144852190758622 
2 0 0 2.177553204111354 16.91255248620639 
3 0 0 8.21473913517034 16.29295138069618 
2 -1 0 2.177553204077782 16.912552711620343 
3 -1 0 8.214739135170339 16.29295138069618 
2 -2 0 3.6795089562389514 15.999999999999721 
3 -2 0 14.0 14.0 
2 -3 0 3.679508956238959 15.999999999947075 
3 -3 0 14.0 14.0 
1 4 1 2.0 5.000000000000001 
1 3 1 1.9999999999999993 5.0 
1 2 2 1.024559251502539 11.977535079837892 
1 1 2 1.0245592515025381 11.977535080336837 
1 0 1 0.4128162789965438 16.912552696106175 
1 -1 1 0.41281627899655066 16.91255270069646 
1 -2 0 0.4467897886578564 17.999999979412507 
1 -3 0 0.44678978865789576 17.99999999849452 
1 -4 0 1.4953311206817483 13.999999996491553 
2 -4 0 6.763932022500212 12.000000000000002 
1 -5 0 1.4953311206819797 13.999999995285958 
2 -5 0 6.763932022500209 12.000000000000002 
0 4 0 2.0000000000000004 4.0 
0 3 0 1.9999999999999996 4.0 
0 2 0 0.542877963042414 11.053209720467768 
0 1 0 0.5428779630424156 11.053209720321577 
0 0 0 0.4128162789966905 15.461646420166216 
0 -1 0 0.41281627899659207 15.461646193136971 
0 -2 0 0.44678978885511006 17.99999973985698 
0 -3 0 0.4467897890345952 17.999999978900426 
0 -4 0 0.9214547598469869 15.999999841990999 
0 -5 0 0.9214547598479131 15.999999910193392 
0 -6 0 2.042515411178875 11.999999999846164 
1 -6 0 4.463370378794195 10.0 
0 -7 0 2.042515411181341 11.999999999697586 
1 -7 0 4.463370378794198 10.0 
-1 2 0 1.999999999999999 10.13401340254352 
-1 1 0 1.9999999999999993 10.134013402543516 
-1 0 2 1.1013382728188665 14.381694004209013 
-1 -1 2 1.1013382728188676 14.38169399052985 
-1 -2 4 0.5588517976059943 17.5178416886892 
-1 -3 4 0.7807374064609319 17.51784171252102 
-1 -4 2 0.41912769958699375 17.77564089484899 
-1 -5 2 0.4414682112457731 17.775641285673146 
-1 -6 0 0.43346431291518067 13.999999429278024 
-1 -7 0 0.4334643129152596 13.99999984276141 
-1 -8 0 2.438900789125032 9.864769387535654 
0 -8 0 5.0 7.0 
-1 -9 0 2.438900789125035 9.86476938753565 
0 -9 0 5.0 7.0 
-2 2 0 4.0 6.0 
-2 1 0 4.0 6.0 
-2 0 0 1.9660142292711802 12.855751069529028 
-2 -1 0 1.9660142299416976 12.85575134763162 
-2 -2 0 0.5392384435765605 15.999999624489536 
-2 -3 0 0.539238443576595 15.99999939520856 
-2 -4 0 0.419127699666792 17.999999862713207 
-2 -5 0 0.41912769958974044 17.999999752030064 
-2 -6 0 0.4334643129158258 15.81587518837329 
-2 -7 0 0.4334643129152822 15.815875360564224 
-2 -8 0 0.9402848885890152 11.99999999999989 
-2 -9 0 0.9402848883023857 11.99999972494906 
-3 0 0 4.0 10.795050084200373 
-3 -1 0 4.000000000000002 10.795050084200376 
-3 -2 0 1.0444999843515883 14.872983317288563 
-3 -3 0 1.0444999838815456 14.872983346061677 
-3 -4 1 0.8113965094140819 17.99999969658576 
-3 -5 1 0.8113965094140846 17.999999999561147 
-3 -6 2 0.791972443803717 17.33942756096843 
-3 -7 2 0.7919724438215354 17.33942752958545 
-3 -8 1 0.4455667413955406 13.841697021992665 
-3 -9 1 0.44556674139553615 13.841697249571244 
-3 -10 0 0.4360627847401579 9.14579962771485 
-2 -10 0 3.0 5.0 
-3 -11 0 0.43606278474015675 9.145799627714847 
-2 -11 0 3.0 5.0 
-4 0 0 6.000000000000002 8.0 
-4 -1 0 6.000000000000001 8.0 
-4 -2 0 3.052683995097897 12.828427124746185 
-4 -3 0 3.052683995097891 12.828427124746188 
-4 -4 0 1.605276816391721 15.999999793486882 
-4 -5 0 1.6052768163915319 15.999999860479823 
-4 -6 0 0.5656054690841467 17.339427648666316 
-4 -7 0 0.565605469099783 17.339427687636586 
-4 -8 0 0.44556674139634206 15.402263710447244 
-4 -9 0 0.44556674139581376 15.402263709489633 
-4 -10 0 0.4360627847475573 10.273077839167017 
-4 -11 0 0.4360627847401585 10.273077838537663 
-5 -2 0 7.267949192431123 10.732050807568877 
-5 -3 0 7.267949192431125 10.732050807568879 
-5 -4 0 4.243505542587811 13.999999999999998 
-5 -5 0 4.243505542587814 14.000000000000002 
-5 -6 0 2.141551924191014 16.298405717107663 
-5 -7 0 2.1415519241910155 16.298405717296998 
-5 -8 0 1.1944967078318873 15.402263710529738 
-5 -9 0 1.19449670783188 15.402263707538046 
-5 -10 0 0.8699868504253784 11.605551275463988 
-5 -11 0 0.8699868504253809 11.60555127546399 
-5 -12 0 0.9999999999999994 3.0 
-4 -12 0 1.0 3.0 
-5 -13 0 1.0 3.0 
-4 -13 0 1.0 3.0 
-6 -4 0 12.0 12.0 
-6 -5 0 12.0 12.0 
-6 -6 0 7.171572875253808 14.561552812808833 
-6 -7 0 7.17157287525381 14.561552812808827 
-6 -8 0 4.618174867924847 15.132916592784197 
-6 -9 0 4.618174867924847 15.132916592784198 
-6 -10 0 3.438447187191169 11.605551275463991 
-6 -11 0 3.4384471871911697 11.605551275463988 
-6 -12 0 3.0 3.0 
-6 -13 0 3.0 3.0 
