3 9 0 1.0 3.0 
4 9 0 3.0 3.0 
3 8 0 0.9999999999999999 3.0 
4 8 0 3.0 3.0 
3 7 0 0.9970553199780328 9.326029126450306 
4 7 0 3.3675241243003047 9.326029126450319 
3 6 0 0.9970553199779858 9.326029126450246 
4 6 0 3.3675241243003056 9.32602912645032 
3 5 0 1.1204107263640442 12.896408072628187 
4 5 0 4.395124999237123 12.8964081137709 
3 4 0 1.1204107263640621 12.89640811308992 
4 4 0 4.3951249992371215 12.896408113770892 
3 3 0 1.7294586491177975 15.201927936239171 
4 3 0 6.1038259441630345 14.776957137125768 
3 2 0 1.72945864647924 15.201928008446247 
4 2 0 6.10382594416303 14.77695713712577 
3 1 0 3.060064753691624 15.414213562186385 
4 1 0 8.493923468680004 14.169088109288728 
3 0 0 3.0600647543241015 15.414213554472964 
4 0 0 8.493923468680004 14.169088109288724 
3 -1 0 5.139875929375208 14.0 
4 -1 0 12.0 12.0 
3 -2 0 5.139875929375206 14.0 
4 -2 0 12.0 12.0 
2 9 0 1.0 2.9999999999999996 
2 8 0 1.0 3.0 
2 7 1 0.9970553199779705 9.237254166770187 
2 6 1 0.997055319977969 9.237254166782101 
2 5 1 0.25751968367058536 12.864501458349629 
2 4 1 0.25751968367058503 12.864501394410999 
2 3 0 0.3006295004203444 15.201927943930482 
2 2 0 0.3006295004186177 15.201927902173741 
2 1 0 0.9756861874974995 16.293186630049412 
2 0 0 0.9756861858911101 16.29318636124005 
2 -1 0 1.8187412320511696 14.840671803570626 
2 -2 0 1.8187412320511582 14.840671806390963 
2 -3 0 3.380663431065229 11.999999999999998 
3 -3 0 8.0 10.0 
2 -4 0 3.3806634310652317 12.0 
3 -4 0 8.0 10.0 
1 7 0 1.2902924836666922 8.621425030493732 
1 6 0 1.2902924836666918 8.62142503049374 
1 5 0 0.2575196837804324 12.327045541274952 
1 4 0 0.2575196836705855 12.327045553911029 
1 3 1 0.30062950041827896 15.120955095546103 
1 2 1 0.30062950041828107 15.120954315198983 
1 1 1 0.6861623247554742 17.26359429991114 
1 0 1 0.6861623247554696 17.27096005763052 
1 -1 0 1.0238253730245217 15.999999507897655 
1 -2 0 1.0238253728346431 15.999999725926337 
1 -3 0 2.9985512439752546 13.575720891633486 
1 -4 0 2.998551242304659 13.575720898526434 
1 -5 0 5.999999999999999 10.0 
2 -5 0 6.0 7.999999999999999 
1 -6 0 6.0 10.0 
2 -6 0 6.0 7.999999999999999 
0 7 0 2.9999999999999996 5.0 
0 6 0 3.0 5.0 
0 5 0 0.987169555371332 11.573907999655603 
0 4 0 0.9871695551361019 11.573907999656326 
0 3 1 0.9427467452386672 14.548963912420527 
0 2 1 0.9427467447564503 14.548963957419586 
0 1 1 0.33040699080741587 17.270960072437784 
0 0 1 0.3304069908074205 17.270960072666753 
0 -1 0 0.34700411438474577 17.99999999872698 
0 -2 0 0.3470041144957713 17.9999999977308 
0 -3 0 1.2438517552410941 14.397091553660678 
0 -4 0 1.243851755475355 14.397091570903143 
0 -5 0 2.26730075460338 11.698513013405098 
0 -6 0 2.267300754603523 11.698513006317533 
-1 5 0 3.3330998749591485 8.62142503049374 
-1 4 0 3.333099874959151 8.621425030493734 
-1 3 0 1.3050111543687375 13.708535442043146 
-1 2 0 1.3050111543676763 13.708535437553433 
-1 1 1 0.3304069908074203 15.846408208299954 
-1 0 1 0.3304069908074221 15.84640813541776 
-1 -1 3 1.0940263552374938 17.99999997415092 
-1 -2 3 1.0940263552382996 17.999999987982747 
-1 -3 2 1.0214685439614202 15.999999949861477 
-1 -4 2 1.0214685439614268 15.999999984036712 
-1 -5 0 1.738044927858687 13.030019783540363 
-1 -6 0 1.7380449284673192 13.030019873227165 
-1 -7 0 3.9999999999999996 6.0 
0 -7 0 4.0 5.999999999999999 
-1 -8 0 3.9999999999999996 6.0 
0 -8 0 4.0 6.0 
-2 3 0 4.087541268736868 11.573907999656697 
-2 2 0 4.087541268736866 11.573907999656697 
-2 1 0 2.0812920956011474 14.999999958752591 
-2 0 0 2.081292095610265 14.999999994798983 
-2 -1 0 1.3280135093623324 17.791442743558108 
-2 -2 0 1.3280135125422134 17.791442743575768 
-2 -3 0 0.9259854657155948 17.374300662893855 
-2 -4 0 0.9259854656377914 17.37430002425081 
-2 -5 0 1.7380449273843053 13.909025295942385 
-2 -6 0 1.7380449273806766 13.909024878476146 
-2 -7 0 3.999999999999999 6.000000000000002 
-2 -8 0 3.9999999999999996 6.0 
-3 1 0 3.840158215408412 13.0 
-3 0 0 3.8401582154084046 12.999999999999998 
-3 -1 0 1.3280135091798333 15.999999946724818 
-3 -2 0 1.328013509120603 15.999999218863666 
-3 -3 1 0.9259854656232989 17.999999999952255 
-3 -4 1 0.925985465623295 17.99999999445228 
-3 -5 2 1.9079139135410537 15.084959179963855 
-3 -6 2 1.9079139135410523 15.084959210129494 
-3 -7 1 2.0000000000000013 7.0 
-3 -8 1 2.0 7.0 
-4 -1 0 6.35424868893541 14.000000000000002 
-4 -2 0 6.354248688935414 14.000000000000002 
-4 -3 0 3.786034314808441 18.000000000000004 
-4 -4 0 3.786034314808436 17.99999999999999 
-4 -5 0 2.370085753458314 16.531128874149275 
-4 -6 0 2.370085753458308 16.53112887414927 
-4 -7 0 2.0000000000000004 7.0 
-4 -8 0 2.0000000000000018 7.000000000000002 
-5 -3 0 16.0 16.0 
-5 -4 0 16.0 16.0 
-5 -5 0 8.468871125850725 16.531128874149275 
-5 -6 0 8.468871125850727 16.531128874149275 
-5 -7 0 7.0 7.0 
-5 -8 0 7.0 7.0 
