4 12 0 3.0 3.0 
5 12 0 3.0 3.0 
4 11 0 3.0 3.0 
5 11 0 3.0 3.0 
4 10 0 1.8056543803164948 9.203257207495898 
5 10 0 3.9999999999999996 9.203257207495897 
4 9 0 1.805654380316495 9.203257207495895 
5 9 0 4.0 9.203257207495897 
4 8 0 2.6072113111454622 13.320249358490843 
5 8 0 5.188485408689322 13.320249358492747 
4 7 0 2.607211311121197 13.3202493584925 
5 7 0 5.188485408689322 13.320249358492749 
4 6 0 3.614505228074113 15.433813451772313 
5 6 0 6.376543221704273 14.635086691653907 
4 5 0 3.6145052296463502 15.433813428836515 
5 5 0 6.37654322170427 14.635086691653914 
4 4 0 4.827230114532975 16.051344398472914 
5 4 0 8.316665663780778 14.166957391249444 
4 3 0 4.827230114532966 16.05134418294839 
5 3 0 8.316665663780778 14.166957391249444 
4 2 0 6.263486308261477 14.0 
5 2 0 12.0 12.0 
4 1 0 6.263486308261486 14.0 
5 1 0 12.0 12.0 
3 12 0 3.0 3.0 
3 11 0 3.0 3.0000000000000004 
3 10 1 1.4933984253002976 8.327607229770157 
3 9 1 1.4933984253002963 8.32760727739937 
3 8 0 0.10979499581311715 13.286973314390453 
3 7 0 0.10979499581112871 13.286973383171285 
3 6 0 0.6000227268038354 15.433811214421839 
3 5 0 0.6000227266257812 15.433808553342468 
3 4 0 1.575046825553544 17.067873012579483 
3 3 0 1.5750468297262612 17.067909871941712 
3 2 0 2.7811340147321477 14.999999997724915 
3 1 0 2.781134014727979 14.999999999567722 
3 0 0 4.356925180617492 12.086674128996508 
4 0 0 9.0 11.0 
3 -1 0 4.356925180617465 12.08667412899649 
4 -1 0 9.0 11.0 
2 12 0 3.0 3.0 
2 11 0 3.0 3.0 
2 10 0 1.4933984253002963 8.230936010171305 
2 9 0 1.4933984253002976 8.230936010171305 
2 8 0 0.10979499581102972 12.312591461621212 
2 7 0 0.10979499581204644 12.312591453595992 
2 6 1 0.5139526114412277 15.42812630250804 
2 5 1 0.5139526114412243 15.428126303112663 
2 4 0 0.24624183758635698 17.356281135303906 
2 3 0 0.24624183758711737 17.35628153003782 
2 2 0 1.066240039389633 16.9999999999432 
2 1 0 1.0662400388189859 16.999999999912795 
2 0 0 3.11559360712595 13.999999999973124 
2 -1 0 3.115593607122771 13.999999999961833 
2 -2 0 4.277190319252539 10.161805296605714 
3 -2 0 7.0 8.999999999999998 
2 -3 0 4.277190319252542 10.16180529660571 
3 -3 0 7.000000000000001 8.999999999999998 
1 10 0 3.2242871442637857 7.641186476193291 
1 9 0 3.2242871442637853 7.641186476193294 
1 8 0 1.6283737802202891 11.810821200875509 
1 7 0 1.628373780220224 11.810821195414045 
1 6 0 0.5139526114741062 14.752724137925071 
1 5 0 0.5139526114477287 14.752724070220419 
1 4 0 0.24624183760323876 17.35628157345912 
1 3 0 0.2462418376811801 17.356281571802672 
1 2 0 0.6002336858016314 17.717863326844377 
1 1 0 0.6002336857932836 17.717863327149956 
1 0 0 1.3234369919107265 15.013606461985216 
1 -1 0 1.3234369919108278 15.013606605872525 
1 -2 0 2.7864588567455613 11.99999999982024 
1 -3 0 2.7864588569198907 11.999999999976126 
1 -4 0 6.0 6.000000000000001 
2 -4 0 6.0 6.0 
1 -5 0 5.999999999999999 6.0 
2 -5 0 6.0 6.0 
0 8 0 4.068766826254723 10.0 
0 7 0 4.068766826254722 9.999999999999996 
0 6 0 2.2768621809311087 13.815347152464515 
0 5 0 2.2768621824462474 13.815493891278209 
0 4 1 0.9313631815152198 16.84258636230679 
0 3 1 0.9313631815152198 16.842588440794366 
0 2 1 0.4787897980633721 17.999999997850704 
0 1 1 0.47878979806337424 17.999999052666087 
0 0 0 0.3203423548925067 16.33607277269876 
0 -1 0 0.32034235482844253 16.33607278330544 
0 -2 0 1.3286673158224556 13.27955065106335 
0 -3 0 1.328667315822453 13.279550653274987 
0 -4 0 3.9999999999999996 9.000000000000002 
0 -5 0 3.999999999999999 8.999999999999998 
-1 8 0 6.0 6.0 
-1 7 0 6.0 6.0 
-1 6 0 2.99007553419396 12.000000000000004 
-1 5 0 2.9900755341939584 11.999999999999998 
-1 4 0 1.4809935820955884 14.951616094430934 
-1 3 0 1.4809935866352157 14.95161487081598 
-1 2 0 0.4787897980633811 17.999999972302273 
-1 1 0 0.47878979806518523 17.999999992634418 
-1 0 0 0.3203423548289855 17.226476181938327 
-1 -1 0 0.32034235482858514 17.22647617983543 
-1 -2 0 0.68274279535319 14.099105511926787 
-1 -3 0 0.6827427946852083 14.099105254219946 
-1 -4 0 1.474198240306669 10.301692951694246 
-1 -5 0 1.4741982403066671 10.301692951694243 
-2 6 0 7.0 9.0 
-2 5 0 7.000000000000001 9.000000000000002 
-2 4 0 3.6790898302723467 13.99999999937311 
-2 3 0 3.679089830272405 13.999999998207151 
-2 2 0 2.0014097974430487 15.978382195632854 
-2 1 0 2.0014097974507754 15.9782022458698 
-2 0 0 0.8537718204606115 17.226476171390974 
-2 -1 0 0.8537718204245626 17.226476180487783 
-2 -2 0 0.6827427947194845 14.963764068898668 
-2 -3 0 0.6827427946029551 14.963764089481952 
-2 -4 0 1.4741982403066693 11.824318274142497 
-2 -5 0 1.4741982403066687 11.824318274142502 
-2 -6 0 2.9999999999999996 3.0 
-1 -6 0 3.0 3.0 
-2 -7 0 2.9999999999999996 3.0 
-1 -7 0 3.0 3.0 
-3 4 0 8.999999999999998 11.0 
-3 3 0 9.0 11.0 
-3 2 0 5.418122466533154 14.999999999999998 
-3 1 0 5.4181224665331555 15.000000000000002 
-3 0 0 3.400339190502421 15.939234761807361 
-3 -1 0 3.4003391905022196 15.93923486811606 
-3 -2 0 1.8917706323975487 14.96376404095338 
-3 -3 0 1.8917706347908152 14.96376408940293 
-3 -4 0 1.5192330134735275 11.898589141119828 
-3 -5 0 1.5192330134735257 11.898589141119832 
-3 -6 0 3.0 3.0 
-3 -7 0 3.0 3.0 
-4 2 0 12.0 12.0 
-4 1 0 12.0 12.0 
-4 0 0 7.560663011907782 14.5449378229088 
-4 -1 0 7.560663011907784 14.544937822908796 
-4 -2 0 5.475631163877482 14.761307172694728 
-4 -3 0 5.475631163877481 14.76130717269473 
-4 -4 0 4.107048415840373 11.898589141119835 
-4 -5 0 4.107048415840372 11.898589141119828 
-4 -6 0 3.0 3.0 
-4 -7 0 3.0 3.0 
