0 2 0 1.0 1.0 
1 2 0 1.0 1.0 
0 1 0 1.0 1.0 
1 1 0 1.0 1.0 
0 0 1 1.2984378812835755 7.701562118716424 
1 0 0 1.2984378812835773 7.701562118716424 
0 -1 1 1.298437881283576 7.701562118716424 
1 -1 0 1.2984378812835755 7.7015621187164225 
0 -2 1 2.165221960835205 9.684159202538089 
1 -2 0 2.627718676730985 8.372281323269016 
0 -3 1 2.16522196083521 9.684159202538083 
1 -3 0 2.6277186767309857 8.372281323269014 
0 -4 0 1.7508594618704498 8.0 
1 -4 0 6.0 6.0 
0 -5 0 1.7508594618704498 8.000000000000002 
1 -5 0 6.0 6.0 
-1 0 0 2.9999999999999996 5.0 
-1 -1 0 3.0 5.0 
-1 -2 0 0.671968710504394 9.684159202538085 
-1 -3 0 0.671968710504387 9.684159202538085 
-1 -4 0 1.011685510501838 9.999999999999998 
-1 -5 0 1.0116855105018396 10.0 
-1 -6 0 3.267949192431123 6.732050807568878 
0 -6 0 4.0 4.0 
-1 -7 0 3.2679491924311224 6.7320508075688785 
0 -7 0 4.0 4.0 
-2 0 0 3.0 3.0 
-2 -1 0 3.0 3.0000000000000004 
-2 -2 0 0.6719687105043894 9.000000000000002 
-2 -3 0 0.6719687105043897 8.999999999999998 
-2 -4 2 1.0116855105018367 9.999999999999996 
-2 -5 2 1.0116855105018365 10.000000000000005 
-2 -6 2 2.290724640563077 8.82842712474619 
-2 -7 2 2.2907246405630763 8.828427124746188 
-3 -2 0 5.0 7.000000000000001 
-3 -3 0 4.999999999999999 7.0 
-3 -4 0 1.8644500772114532 9.124885419764578 
-3 -5 0 1.8644500772114518 9.124885419764578 
-3 -6 0 0.5164915919197528 8.875397482509957 
-3 -7 0 0.5164915919197542 8.875397482509957 
-3 -8 0 0.7639320225002103 5.236067977499789 
-2 -8 0 2.0 2.0 
-3 -9 0 0.7639320225002106 5.23606797749979 
-2 -9 0 2.0 2.0 
-4 -2 0 5.0 5.0 
-4 -3 0 5.0 5.0 
-4 -4 0 2.4384471871911706 7.56155281280883 
-4 -5 0 2.4384471871911697 7.561552812808831 
-4 -6 0 0.5164915919197526 8.87539748250996 
-4 -7 0 0.5164915919197527 8.875397482509964 
-4 -8 1 0.7639320225002103 5.23606797749979 
-4 -9 1 0.7639320225002106 5.236067977499789 
