3 11 0 2.0 2.0 
4 11 0 2.0 2.0 
3 10 0 2.0 2.0 
4 10 0 2.0 2.0 
3 9 0 0.6063224438125532 7.0 
4 9 0 3.0 7.000000000000001 
3 8 0 0.6063224438125545 6.999999999999998 
4 8 0 3.0 7.000000000000001 
3 7 0 1.0303849450605056 9.361326053031535 
4 7 0 4.438447187191169 8.56155281280883 
3 6 0 1.0303849450605074 9.361326053031535 
4 6 0 4.438447187191168 8.56155281280883 
3 5 0 2.271063060469005 8.043302369407492 
4 5 0 7.0 7.0 
3 4 0 2.271063060469008 8.043302369407492 
4 4 0 7.0 7.0 
2 11 0 2.0 2.0 
2 10 0 2.0 2.0 
2 9 0 0.6063224438125541 6.439636502341116 
2 8 0 0.6063224438125558 6.439636502341118 
2 7 1 1.0303849450605074 9.361326053031423 
2 6 1 1.030384945060508 9.361326053031537 
2 5 1 1.3329054104648554 9.99999999996224 
2 4 1 1.3329054104648532 9.999999999995305 
2 3 0 1.1795163815637641 6.853971187543821 
3 3 0 4.0 6.000000000000001 
2 2 0 1.1795163815637637 6.853971187543818 
3 2 0 4.0 6.0 
1 9 0 2.585786437626905 5.414213562373095 
1 8 0 2.5857864376269046 5.414213562373096 
1 7 0 1.2560755888180701 8.670536155923624 
1 6 0 1.25607558881807 8.670536155923628 
1 5 0 0.7017122600460093 9.999999973892157 
1 4 0 0.7017122587562 9.999999992916777 
1 3 0 0.9878323485762394 8.6156683185507 
1 2 0 0.9878323485762354 8.615668318550707 
1 1 0 3.0 3.0 
2 1 0 3.0 3.0 
1 0 0 3.0 3.0 
2 0 0 3.0 3.0 
0 7 0 2.2679491924311215 7.000000000000001 
0 6 0 2.2679491924311233 7.0 
0 5 0 0.7017122587562004 9.657981535443634 
0 4 0 0.7017122587561994 9.65798153544363 
0 3 1 0.9878323485762371 9.23606797749979 
0 2 1 0.9878323485762385 9.236067977499792 
0 1 1 3.0 4.0 
0 0 1 3.0 3.9999999999999996 
-1 5 0 9.0 9.0 
-1 4 0 9.0 9.0 
-1 3 0 4.76393202250021 9.23606797749979 
-1 2 0 4.76393202250021 9.23606797749979 
-1 1 0 4.0 4.0 
-1 0 0 4.0 4.0 
