3 7 0 2.0000000000000004 4.0 
4 7 0 4.0 4.0 
3 6 0 2.000000000000001 4.0 
4 6 0 4.0 4.0 
3 5 0 2.369399652812709 11.758770483143637 
4 5 0 4.9358222275240875 11.758770483143634 
3 4 0 2.3693996528127044 11.758770483143635 
4 4 0 4.935822227524088 11.758770483143632 
3 3 0 2.8935981249203353 14.828097493896763 
4 3 0 7.506040792565065 13.603875471609676 
3 2 0 2.8935981249185674 14.8280974908666 
4 2 0 7.506040792565066 13.60387547160968 
3 1 0 4.5033952132873205 14.000000000000002 
4 1 0 12.0 12.0 
3 0 0 4.503395213287322 14.000000000000004 
4 0 0 12.0 12.0 
2 7 0 2.0 4.0 
2 6 0 1.9999999999999996 4.0 
2 5 0 0.3470924050060001 11.155452501765796 
2 4 0 0.3470924050242883 11.171559104166965 
2 3 0 0.5887820498435636 14.82809749927206 
2 2 0 0.5887820498454334 14.828097155603357 
2 1 0 1.0141811003242063 15.999999537398425 
2 0 0 1.014181100324213 15.99999908538754 
2 -1 0 2.697372496910083 12.999999979746478 
3 -1 0 8.0 11.0 
2 -2 0 2.697372496726805 12.999999998611955 
3 -2 0 8.000000000000004 11.0 
1 7 0 2.0 4.0 
1 6 0 2.0 4.000000000000001 
1 5 0 0.347092405005876 11.113163287371844 
1 4 0 0.34709240500541466 11.113163287371833 
1 3 0 0.17997572458935535 13.39010504647101 
1 2 0 0.17997572458936115 13.390104655987319 
1 1 0 0.24796798461333594 15.999999406227316 
1 0 0 0.24796798461248773 15.999999994152038 
1 -1 0 0.9619382129862953 13.812276909181984 
1 -2 0 0.9619382129862879 13.812276912610496 
1 -3 0 2.0225772817907446 10.761557181786117 
2 -3 0 4.999999999999999 9.0 
1 -4 0 2.0225772817759595 10.761557181821988 
2 -4 0 5.0 9.000000000000004 
0 5 0 2.3523803931027323 9.012921958163206 
0 4 0 2.3523803931027336 9.012921958163208 
0 3 0 0.1799757245893583 12.569509176209012 
0 2 0 0.17997572458935443 12.569509156615288 
0 1 1 0.24796798461238842 15.73655580876733 
0 0 1 0.24796798461238345 15.736555755016978 
0 -1 1 0.45640095135680664 15.86354245251723 
0 -2 1 0.4564009513568069 15.863542688517567 
0 -3 0 0.6284191579682648 12.567168407254657 
0 -4 0 0.6284191579682576 12.567168423579622 
0 -5 0 2.8751145802354245 7.761557181831891 
1 -5 0 3.9999999999999996 6.0 
0 -6 0 2.875114580235426 7.761557181831892 
1 -6 0 3.9999999999999996 6.0 
-1 5 0 5.0 5.0 
-1 4 0 5.0 5.0 
-1 3 0 2.8033321160492375 11.636665166914275 
-1 2 0 2.803332115808465 11.636665166914275 
-1 1 0 1.019012299018166 13.883387666061457 
-1 0 0 1.019012298993786 13.883387601209016 
-1 -1 0 0.45640095135682135 15.99999999252667 
-1 -2 0 0.4564009513568147 15.999999996664773 
-1 -3 0 0.6284191579758618 13.370772702324372 
-1 -4 0 0.6284191579740637 13.370772651571228 
-1 -5 0 1.735020197606631 9.68138126119254 
-1 -6 0 1.7350201976066317 9.681381261192541 
-2 3 0 6.0 8.0 
-2 2 0 5.999999999999999 8.0 
-2 1 0 2.9537124964236825 12.999999965860106 
-2 0 0 2.953712496423383 12.999999999999991 
-2 -1 0 1.4096603155449499 15.999999999927955 
-2 -2 0 1.40966031554442 15.999999999846734 
-2 -3 0 1.211010202987643 15.016344133485392 
-2 -4 0 1.2110102027996064 15.016344134658523 
-2 -5 0 1.6330933574342021 11.026829966950938 
-2 -6 0 1.6330933574342021 11.026829966823442 
-2 -7 0 2.9999999999999996 3.0 
-1 -7 0 3.0 3.0 
-2 -8 0 3.0 3.0 
-1 -8 0 3.0 3.0 
-3 1 0 8.0 10.0 
-3 0 0 8.0 10.0 
-3 -1 0 3.9868966536975843 14.0 
-3 -2 0 3.9868966536975865 14.000000000000002 
-3 -3 0 1.9522609558202726 15.016343911331868 
-3 -4 0 1.952260955822041 15.016344136002283 
-3 -5 0 1.6330933574342021 11.832211654587251 
-3 -6 0 1.633093357434206 11.832211654587246 
-3 -7 0 3.0 3.0 
-3 -8 0 2.9999999999999996 3.0 
-4 -1 0 11.0 11.0 
-4 -2 0 11.0 11.0 
-4 -3 0 6.45539318468385 13.377551641923022 
-4 -4 0 6.455393184683851 13.37755164192302 
-4 -5 0 4.692226301612771 11.832211654587251 
-4 -6 0 4.692226301612772 11.832211654587246 
-4 -7 0 3.0 3.0 
-4 -8 0 3.0 3.0 
