-1 -1 0 0.3819660112501056 3.618033988749894 
0 -1 1 0.3819660112501052 3.618033988749896 
-1 -2 0 0.3819660112501055 3.6180339887498945 
0 -2 1 0.3819660112501051 3.618033988749894 
-1 -3 0 0.2679491924311234 5.999999999999999 
0 -3 0 0.26794919243112236 5.999999999999999 
-1 -4 0 0.267949192431122 6.0 
0 -4 0 0.2679491924311217 6.000000000000001 
-1 -5 0 0.7782924731758847 6.9999999999998925 
0 -5 0 1.0105221999901386 6.588374439854447 
-1 -6 0 0.7782924731759231 7.0 
0 -6 0 1.0105221999901381 6.588374439854446 
-1 -7 0 2.0000000000000013 6.4908636153610315 
0 -7 0 2.267949192431122 5.7320508075688785 
-1 -8 0 2.0000000000000013 6.4908636153610315 
0 -8 0 2.2679491924311224 5.732050807568877 
-1 -9 0 3.9999999999999996 4.0 
0 -9 0 4.0 4.0 
-1 -10 0 4.0 4.0 
0 -10 0 4.0 4.0 
-2 -3 0 1.186393497351669 6.0 
-2 -4 0 1.1863934973516679 6.000000000000002 
-2 -5 0 0.778292473175887 7.000000000000006 
-2 -6 0 0.7782924731758849 7.000000000000003 
-2 -7 0 1.7925966242578357 7.286570789342783 
-2 -8 0 1.7925966242578342 7.28657078934279 
-2 -9 0 4.0 4.0 
-2 -10 0 3.9999999999999996 4.000000000000001 
-3 -5 0 2.9999999999999996 7.0 
-3 -6 0 3.0 7.000000000000001 
-3 -7 0 1.7925966242578348 8.000000000000002 
-3 -8 0 1.7925966242578346 7.999999999999999 
-3 -9 0 4.0 4.0 
-3 -10 0 4.0 4.0 
-4 -7 0 8.0 8.0 
-4 -8 0 8.0 8.0 
-4 -9 0 4.0 4.0 
-4 -10 0 4.0 4.0 
