1 3 0 0.5575284002031099 7.174522407365766 
2 3 0 0.5575284002031099 7.174522407365769 
1 2 0 0.5575284002031096 7.174522407365768 
2 2 0 0.5575284002031096 7.174522407365767 
1 1 1 1.7750429585110994 10.741657386773944 
2 1 0 1.7750429585111003 9.494788911434643 
1 0 1 1.7750429585110994 10.741657386773944 
2 0 0 1.7750429585111005 9.494788911434641 
1 -1 0 0.9169759750569904 11.108053659835734 
2 -1 0 3.5285187823563495 9.4608673247831 
1 -2 0 0.9169759750569904 11.108053659835738 
2 -2 0 3.5285187823563477 9.460867324783099 
1 -3 0 6.0 8.0 
2 -3 0 6.0 6.0 
1 -4 0 5.999999999999999 8.000000000000002 
2 -4 0 6.0 6.0 
0 3 0 2.0 2.0 
0 2 0 2.0 2.0 
0 1 2 2.3944487245360104 10.74165738677394 
0 0 2 2.3944487245360095 10.74165738677394 
0 -1 2 0.9169759750569892 11.999999980781551 
0 -2 2 0.9169759750569921 11.999999971816806 
0 -3 0 0.8131535400948339 11.000000000000004 
0 -4 0 0.8131535400948336 11.000000000000004 
-1 1 0 3.354248688935409 8.645751311064593 
-1 0 0 3.3542486889354097 8.64575131106459 
-1 -1 1 1.1781617032532494 11.999999996016758 
-1 -2 1 1.1781617032532499 11.999999971936674 
-1 -3 0 0.7761139330554898 11.708477297240428 
-1 -4 0 0.7761139330118666 11.70848819686103 
-1 -5 0 3.0 9.0 
0 -5 0 4.0 4.0 
-1 -6 0 3.0000000000000013 8.999999999999995 
0 -6 0 4.0 4.0 
-2 1 0 5.0 5.0 
-2 0 0 5.0 5.0 
-2 -1 0 1.5479335407241273 9.999999993484595 
-2 -2 0 1.5479335407241788 9.999999986314904 
-2 -3 1 0.776113933004523 11.708488726765033 
-2 -4 1 0.7761139330045235 11.708488346329736 
-2 -5 1 0.5310042279217172 9.329391155145949 
-2 -6 1 0.5310042279217149 9.329391155145947 
-3 1 0 5.0 5.0 
-3 0 0 5.0 5.0 
-3 -1 0 3.4710820427056395 8.361468766185828 
-3 -2 0 3.471082042705639 8.361468766185826 
-3 -3 0 1.7045394425467393 10.552019229197429 
-3 -4 0 1.7045394425467144 10.55201922919743 
-3 -5 0 0.5310042279217788 9.329391155145945 
-3 -6 0 0.5310042279217184 9.329390496273533 
-3 -7 1 0.9999999999999994 6.414213562373093 
-2 -7 0 1.0 6.236067977499789 
-3 -8 1 0.9999999999999996 6.414213562373092 
-2 -8 0 1.0 6.23606797749979 
-4 -1 0 7.0 7.0 
-4 -2 0 7.0 7.0 
-4 -3 0 4.999999999999999 9.414213562373096 
-4 -4 0 5.0 9.414213562373096 
-4 -5 0 3.373801931472708 9.141336115655365 
-4 -6 0 3.373801931472705 9.141336115655367 
-4 -7 0 1.9999999999999998 6.414213562373095 
-4 -8 0 2.0000000000000004 6.414213562373094 
-4 -9 0 1.0 1.0 
-3 -9 0 1.0 1.0 
-4 -10 0 1.0 1.0 
-3 -10 0 1.0 1.0 
