2 4 0 2.0 5.0 
3 4 0 5.0 5.0 
2 3 0 1.9999999999999993 5.0 
3 3 0 5.0 5.0 
2 2 0 2.154262190754729 11.346462189388482 
3 2 0 5.931292176670044 11.346462189567422 
2 1 0 2.154262190754536 11.346462189566985 
3 1 0 5.931292176670042 11.346462189567424 
2 0 0 2.799969113140242 14.748780767760397 
3 0 0 9.000000000000002 14.302775637731994 
2 -1 0 2.7999691136841305 14.748781050594888 
3 -1 0 8.999999999999998 14.302775637731994 
2 -2 0 3.939910302103307 14.999999999979512 
3 -2 0 13.0 13.0 
2 -3 0 3.9399103021033044 14.999999999999016 
3 -3 0 13.0 13.0 
1 4 0 1.9999999999999998 5.000000000000002 
1 3 0 1.9999999999999998 5.0 
1 2 0 1.0002371675014863 11.183740818822045 
1 1 0 1.0002371675153614 11.183740819187058 
1 0 0 1.1810744941407905 14.748781101939263 
1 -1 0 1.1810744924456442 14.748781102003678 
1 -2 0 1.931782022844204 15.71926139402894 
1 -3 0 1.9317820228326985 15.719261505365724 
1 -4 0 3.0945991637027332 12.999999987163786 
2 -4 0 7.5857864376269015 11.999999999999996 
1 -5 0 3.0945991637027346 12.999999908191032 
2 -5 0 7.585786437626905 11.999999999999998 
0 4 0 1.9999999999999996 5.0 
0 3 0 2.0 4.999999999999999 
0 2 1 1.0002371674232169 10.205026813413493 
0 1 1 1.000237167423213 10.205026812373543 
0 0 2 1.004275450800598 14.173220066752384 
0 -1 2 0.3810486806957777 14.173220066959653 
0 -2 1 0.28665935781207275 15.719261455255594 
0 -3 1 0.2866593578120703 15.719261466644662 
0 -4 0 0.3441702187750751 14.576670153730493 
0 -5 0 0.34417021888690047 14.576669950850702 
0 -6 0 1.5674281771165042 11.585135064295683 
1 -6 0 4.585786437626904 9.999999999999996 
0 -7 0 1.5674281770149836 11.585135064295576 
1 -7 0 4.585786437626905 10.000000000000002 
-1 4 0 4.0 4.0 
-1 3 0 4.0 4.0 
-1 2 0 1.9931930932399249 8.658317361920151 
-1 1 0 1.9931930932399262 8.658317361920181 
-1 0 0 0.3810486807209179 12.476128660365962 
-1 -1 0 0.3810486806960083 12.476128224838448 
-1 -2 0 0.28665935800245684 15.51320878553579 
-1 -3 0 0.28665935781207325 15.513208989792435 
-1 -4 0 0.3441702187739627 15.421499136512372 
-1 -5 0 0.34417021877993753 15.421498463088039 
-1 -6 0 0.6552453881844651 12.61029857765514 
-1 -7 0 0.6552453881847214 12.610298895771757 
-1 -8 0 1.981870199709849 9.167056827761922 
0 -8 0 3.5857864376269055 7.0 
-1 -9 0 1.9818701997098505 9.167056827761922 
0 -9 0 3.5857864376269064 7.0 
-2 2 0 5.0 7.0 
-2 1 0 4.999999999999999 7.0 
-2 0 0 2.5254909990937295 11.656225212293123 
-2 -1 0 2.5254909942457844 11.65622524060236 
-2 -2 0 0.8013902519634044 14.802731930436233 
-2 -3 0 0.801390251963963 14.802731930661635 
-2 -4 0 0.5998476125658422 15.999999987624287 
-2 -5 0 0.5998476125658254 15.999999965822944 
-2 -6 0 0.6552453882121105 13.840036742702345 
-2 -7 0 0.655245388199264 13.840037096075967 
-2 -8 0 1.96362321280339 11.113179281070169 
-2 -9 0 1.9636232127809026 11.113179281070135 
-2 -10 0 4.0 4.0 
-1 -10 0 4.0 4.0 
-2 -11 0 4.0 4.0 
-1 -11 0 4.0 4.0 
-3 0 0 6.000000000000001 10.000000000000002 
-3 -1 0 6.0 10.0 
-3 -2 0 3.8392476805100553 12.999999999923697 
-3 -3 0 3.8392476805100406 12.99999918033988 
-3 -4 0 1.9714342228574744 15.999999999948633 
-3 -5 0 1.9714342228636486 15.999999999886027 
-3 -6 0 1.266914904391535 14.860793285940405 
-3 -7 0 1.2669149043919485 14.86079328633864 
-3 -8 0 1.9636232127736664 11.171540921315103 
-3 -9 0 1.9636232328343943 11.171540921315463 
-3 -10 0 4.0 4.0 
-3 -11 0 3.9999999999999996 4.0 
-4 -2 0 8.999999999999998 11.0 
-4 -3 0 9.0 11.0 
-4 -4 0 4.8254025299410195 14.0 
-4 -5 0 4.825402529941019 14.000000000000002 
-4 -6 0 3.2550098770635767 14.860792809337447 
-4 -7 0 3.2550098771669953 14.860793283210423 
-4 -8 0 2.78079621292477 11.758770483143634 
-4 -9 0 2.7807962129247685 11.758770483143632 
-4 -10 0 4.0 4.0 
-4 -11 0 4.0 4.0 
-5 -4 0 12.0 12.0 
-5 -5 0 12.0 12.0 
-5 -6 0 7.506040792565066 13.603875471609676 
-5 -7 0 7.506040792565066 13.603875471609676 
-5 -8 0 4.935822227524088 11.758770483143632 
-5 -9 0 4.935822227524088 11.758770483143635 
-5 -10 0 4.0 4.0 
-5 -11 0 4.0 4.0 
