2 6 0 3.0 3.0 
3 6 0 3.0 3.0 
2 5 0 3.0 3.0 
3 5 0 3.0 3.0 
2 4 0 1.933886908906747 8.732050807568875 
3 4 0 3.9999999999999996 8.732050807568875 
2 3 0 1.933886908906747 8.732050807568879 
3 3 0 3.9999999999999996 8.732050807568877 
2 2 0 2.3005218472702675 10.893106555391705 
3 2 0 5.763932022500211 10.23606797749979 
2 1 0 2.300521847271196 10.893106555606067 
3 1 0 5.76393202250021 10.236067977499793 
2 0 0 3.756432684577425 10.999999999999996 
3 0 0 9.0 9.0 
2 -1 0 3.756432684577423 10.999999999999996 
3 -1 0 9.0 9.0 
1 6 0 3.0 3.0 
1 5 0 3.0 3.0 
1 4 0 0.9955957057261674 8.697839035857719 
1 3 0 0.9955957057261059 8.697839035857717 
1 2 0 0.9173501187631051 10.893106554976956 
1 1 0 0.9173501187611106 10.893106548649575 
1 0 0 1.131791945140053 11.672913814674802 
1 -1 0 1.1317919451399365 11.672913815079378 
1 -2 0 2.3444959080013343 9.03070932994316 
2 -2 0 7.0 7.0 
1 -3 0 2.344495908001335 9.030709320784952 
2 -3 0 7.0 7.000000000000001 
0 6 0 3.0 3.0 
0 5 0 3.0 3.0 
0 4 0 0.9955957057261039 7.849383313665136 
0 3 0 0.9955957057261016 7.849383313665134 
0 2 1 0.9173501187607754 10.370543933643047 
0 1 1 0.9173501187607743 10.370543926957742 
0 0 2 1.1317919451399192 11.707480108175478 
0 -1 2 0.921170092143579 11.707480091112807 
0 -2 1 0.6129949083550466 10.362851131970858 
0 -3 1 0.612994908355048 10.36285112862329 
0 -4 0 0.9208296314267752 7.2378345596013585 
1 -4 0 5.0 5.0 
0 -5 0 0.9208296314267755 7.237834559601359 
1 -5 0 4.999999999999999 5.0 
-1 4 0 3.9999999999999996 5.999999999999999 
-1 3 0 3.9999999999999996 5.999999999999999 
-1 2 0 2.001010478181135 9.688769292441123 
-1 1 0 2.0010104781811906 9.68876929271171 
-1 0 0 0.9211700921435783 11.70747994184682 
-1 -1 0 0.9211700921435791 11.707480111172007 
-1 -2 0 0.6129949083550792 11.203939294780596 
-1 -3 0 0.6129949083550489 11.2039392946655 
-1 -4 0 0.9208296314267753 8.697089788034909 
-1 -5 0 0.9208296314267771 8.697089788034917 
-1 -6 0 3.0 3.0 
0 -6 0 3.0 3.0 
-1 -7 0 3.0 3.0 
0 -7 0 3.0 3.0 
-2 2 0 6.0 8.0 
-2 1 0 6.0 8.0 
-2 0 0 3.252573815828919 11.0 
-2 -1 0 3.2525738158289195 10.999999999999995 
-2 -2 0 2.121363999635814 11.203939291769892 
-2 -3 0 2.1213639996354035 11.203939255387969 
-2 -4 0 1.7092528468986141 9.372281323269013 
-2 -5 0 1.7092528468986132 9.372281323269016 
-2 -6 0 3.0 3.0 
-2 -7 0 3.0 3.0 
-3 0 0 9.0 9.0 
-3 -1 0 9.0 9.0 
-3 -2 0 5.267949192431124 10.0 
-3 -3 0 5.267949192431122 10.0 
-3 -4 0 3.627718676730987 9.372281323269014 
-3 -5 0 3.6277186767309857 9.372281323269016 
-3 -6 0 3.0 3.0 
-3 -7 0 3.0 3.0 
