6 16 0 0.9999999999999996 3.0 
7 16 0 3.0 3.0 
6 15 0 1.0000000000000004 3.0 
7 15 0 3.0 3.0 
6 14 0 1.5805163446189505 13.207199902525879 
7 14 0 4.344764557751769 13.207199902525872 
6 13 0 1.5805163446189494 13.207199902525877 
7 13 0 4.344764557751767 13.207199902525877 
6 12 0 2.1102579126612335 16.692742756079575 
7 12 0 5.752394604841536 15.779605043192007 
6 11 0 2.11025791266123 16.692742756083955 
7 11 0 5.752394604841534 15.779605043192008 
6 10 0 3.5387980763624793 17.618457393461412 
7 10 0 7.926753467033475 15.866989285582472 
6 9 0 3.538798062079403 17.623616061825302 
7 9 0 7.926753467033474 15.866989285582472 
6 8 0 5.453521067097841 16.0 
7 8 0 13.0 13.0 
6 7 0 5.453521067097847 16.000000000000007 
7 7 0 13.0 13.0 
5 16 0 1.0 3.0 
5 15 0 1.0000000000000002 3.0 
5 14 0 0.4724519139176265 12.516643182078898 
5 13 0 0.4724519139176239 12.516643182078898 
5 12 0 0.7771180714899051 16.69274275564533 
5 11 0 0.7771180714899877 16.69274275496036 
5 10 0 1.5978007597226511 19.16622377020952 
5 9 0 1.5978007645545427 19.16622460301316 
5 8 0 3.1056858012368465 17.999999996983234 
5 7 0 3.105685801295142 17.999999995180527 
5 6 0 4.902584012616806 13.999999999994996 
6 6 0 9.0 11.000000000000002 
5 5 0 4.902584012311155 13.999999999999952 
6 5 0 9.0 11.0 
4 14 0 0.4724519139176311 10.036678009778768 
4 13 0 0.47245191391770136 10.036678009778763 
4 12 1 0.6174059163756827 15.444019492594032 
4 11 1 0.6174059163756823 15.444019582554306 
4 10 1 0.6660809383797137 19.166224575855964 
4 9 1 0.6660809383797209 19.166224635063543 
4 8 0 0.6099987205735464 19.999999913450996 
4 7 0 0.6099987206857703 19.999999397017987 
4 6 0 2.116021630135388 15.868934117157112 
4 5 0 2.116021630158385 15.868934169290663 
4 4 0 4.494309230253131 11.80525030857478 
5 4 0 6.999999999999999 9.0 
4 3 0 4.494309230253128 11.80525030857477 
5 3 0 7.0 9.0 
3 14 0 3.000000000000001 5.0 
3 13 0 3.0 5.000000000000001 
3 12 0 0.6174059164550546 13.316470620920091 
3 11 0 0.6174059166867044 13.316470192584463 
3 10 0 0.2752469528213201 17.55756469394634 
3 9 0 0.2752469528139056 17.5575641815162 
3 8 0 0.6099987205776346 19.999999191566253 
3 7 0 0.6099987205748549 19.999998431051576 
3 6 0 1.0190448546106576 17.878131732505114 
3 5 0 1.0190448547572282 17.878131284260125 
3 4 0 2.833866726227512 13.620540980353969 
3 3 0 2.833866726226152 13.620540980537807 
2 12 0 1.9570990393072307 9.65247476872734 
2 11 0 1.9570990393072334 9.652474768727354 
2 10 0 0.2752469528162315 15.880739025116279 
2 9 0 0.27524695280749706 15.880739300402595 
2 8 2 0.6387903766576485 19.782225899007443 
2 7 2 0.6387903766576523 19.782228007258823 
2 6 2 0.5773620785267441 19.999999877123656 
2 5 2 0.5773620785267409 19.999999645754336 
2 4 0 0.572230859401962 15.527766692820789 
2 3 0 0.5722308593043637 15.527766705837772 
2 2 0 2.4911426657831663 10.157335534211263 
3 2 0 5.0 7.0 
2 1 0 2.491142665783163 10.15733553421126 
3 1 0 4.999999999999999 6.999999999999999 
1 12 0 6.0 6.0 
1 11 0 6.0 6.0 
1 10 0 2.1195175119277914 12.71021167896878 
1 9 0 2.1195175119277945 12.710211676317963 
1 8 0 0.6490782781294118 17.99999966827809 
1 7 0 0.6490782780749903 17.999998626631267 
1 6 0 0.3986733585573287 19.999999246154612 
1 5 0 0.3986733585667669 19.999999132630663 
1 4 0 0.572230859250088 17.61170623509125 
1 3 0 0.5722308592489245 17.611706911765097 
1 2 0 1.12668653382196 12.362134237118296 
1 1 0 1.1266865338219627 12.362134255828975 
0 10 0 5.2019808294522445 9.450296206346291 
0 9 0 5.201980829452242 9.450296206346295 
0 8 0 1.9842670078637903 15.565685438487483 
0 7 0 1.9842670078637674 15.565685440163337 
0 6 0 0.39867335855042 19.99999641089352 
0 5 0 0.39867335855043057 19.99999837746656 
0 4 1 0.5830545750163691 19.444358411195203 
0 3 1 0.5830545750163667 19.44435903927758 
0 2 1 1.126686533821962 14.315552392315247 
0 1 1 1.1266865338219596 14.315552393179102 
0 0 0 1.518805695907984 5.170086486626033 
1 0 0 4.0 4.0 
0 -1 0 1.5188056959079843 5.170086486626034 
1 -1 0 4.0 4.0 
-1 8 0 5.919395599429071 11.80978592012742 
-1 7 0 5.9193955994290715 11.809785920127421 
-1 6 0 2.8111477145726744 17.9999999736626 
-1 5 0 2.8111477145726713 17.999999643742164 
-1 4 0 1.3692677168908294 19.999999998787143 
-1 3 0 1.369267715154546 19.999999995556806 
-1 2 0 1.213339786688728 16.39150065839912 
-1 1 0 1.2133397860117516 16.391500651370013 
-1 0 0 1.5188056959079836 6.0 
-1 -1 0 1.5188056959079843 6.000000000000002 
-2 6 0 7.919395599429074 13.999999999999998 
-2 5 0 7.919395599429073 14.000000000000002 
-2 4 0 3.4458321982912916 20.000000000000004 
-2 3 0 3.4458321982912823 19.999999999999996 
-2 2 0 2.2418266841546557 17.472135954999576 
-2 1 0 2.2418266841546477 17.472135954999583 
-2 0 0 1.5188056959079845 6.000000000000001 
-2 -1 0 1.5188056959079848 6.000000000000001 
-3 4 0 16.0 16.0 
-3 3 0 16.0 16.0 
-3 2 0 8.527864045000422 17.47213595499958 
-3 1 0 8.52786404500042 17.47213595499958 
-3 0 0 6.0 6.0 
-3 -1 0 6.0 6.0 
