2 4 1 3.0 4.0 
3 4 0 4.0 4.0 
2 3 1 2.999999999999999 3.9999999999999996 
3 3 0 4.0 4.0 
2 2 0 0.4201128530798517 11.000000000000002 
3 2 0 5.000000000000001 10.999999999999998 
2 1 0 0.42011285307985347 11.0 
3 1 0 5.0 10.999999999999998 
2 0 0 1.368876862108412 14.947913724565915 
3 0 0 7.683375209644598 14.3166247903554 
2 -1 0 1.3688768621521443 14.947913490317227 
3 -1 0 7.683375209644599 14.316624790355398 
2 -2 0 2.85666727777092 13.999999999999996 
3 -2 0 12.0 12.0 
2 -3 0 2.856667277770922 14.0 
3 -3 0 12.0 12.0 
1 4 0 3.0 3.0000000000000004 
1 3 0 3.0 3.0 
1 2 0 0.4201128530798521 9.835774132763001 
1 1 0 0.4201128531300913 9.835774085881548 
1 0 1 1.0701262213334526 14.947913724114061 
1 -1 1 1.0701262213334528 14.94791372394383 
1 -2 0 0.7839920117801569 15.999999589701165 
1 -3 0 0.7839920117801474 15.999999611510823 
1 -4 0 3.157607420045824 11.999999709255048 
2 -4 0 5.267949192431122 10.000000000000004 
1 -5 0 3.1576074200458213 11.999999814712561 
2 -5 0 5.267949192431122 10.000000000000002 
0 4 0 3.0 3.0 
0 3 0 3.0 3.0 
0 2 0 1.171662139784088 9.082522705009357 
0 1 0 1.1716621397840858 9.082522705009357 
0 0 2 1.6611435572909456 13.709766178856249 
0 -1 2 1.6611435572908801 13.709766178251789 
0 -2 1 0.33431578688171765 15.99999996212797 
0 -3 1 0.3343157868817191 15.999999949681806 
0 -4 0 0.8204141640852762 13.99999973196945 
0 -5 0 0.8204141641611693 13.999999275305509 
0 -6 0 2.750053650218137 10.41421356237309 
1 -6 0 5.585786437626903 8.414213562373096 
0 -7 0 2.7500536502181365 10.414213562373087 
1 -7 0 5.585786437626905 8.414213562373094 
-1 2 0 3.5107114281899214 8.778457118258391 
-1 1 0 3.510711428189922 8.77845711825839 
-1 0 0 1.6611435572908853 12.520051267142053 
-1 -1 0 1.6611435572909174 12.520051269221753 
-1 -2 1 0.33431578688172037 15.999999998564796 
-1 -3 1 0.33431578688171865 15.999999929640573 
-1 -4 1 0.4389132724865995 15.749287372373724 
-1 -5 1 0.43891327248659767 15.749280252139021 
-1 -6 0 0.8667175514973134 12.804455453579953 
-1 -7 0 0.8667175514982238 12.804455281764227 
-1 -8 0 3.5857864376269046 7.0 
0 -8 0 5.0 5.0 
-1 -9 0 3.585786437626905 7.000000000000001 
0 -9 0 5.0 5.0 
-2 2 0 5.0 5.0 
-2 1 0 5.0 5.0 
-2 0 0 2.895077559010727 11.785667011197996 
-2 -1 0 2.895077559010723 11.785667011198 
-2 -2 0 1.1344422635870073 13.999999498538994 
-2 -3 0 1.1344422635863303 13.99999999561929 
-2 -4 1 0.43891327248659673 15.749287381219702 
-2 -5 1 0.4389132724865983 15.7492873777249 
-2 -6 2 0.866717551497289 13.77681110005961 
-2 -7 2 0.8667175514972829 13.7768109443434 
-2 -8 0 0.7053054338595675 10.233709181366535 
-2 -9 0 0.7053054338664443 10.233709172843719 
-3 0 0 6.267949192431124 9.732050807568879 
-3 -1 0 6.2679491924311215 9.732050807568877 
-3 -2 0 2.8970879683793638 12.999999923820507 
-3 -3 0 2.897087968386548 12.999999711055601 
-3 -4 0 1.080135370759738 14.338389122404422 
-3 -5 0 1.0801353697954001 14.338390000149737 
-3 -6 1 1.1499310580553397 13.776811209706286 
-3 -7 1 1.1499310580553361 13.77681108947175 
-3 -8 0 0.3270954181229652 11.59596835069095 
-3 -9 0 0.32709541812029247 11.595968342055723 
-3 -10 0 1.141521690278974 7.190310066292631 
-2 -10 0 3.0 3.0 
-3 -11 0 1.1415216902789753 7.190310066292629 
-2 -11 0 3.0 3.0 
-4 0 0 7.0 7.0 
-4 -1 0 7.0 7.0 
-4 -2 0 4.656436814623572 11.000000000000002 
-4 -3 0 4.6564368146235715 11.000000000000004 
-4 -4 0 2.939764504523255 13.04912941482016 
-4 -5 0 2.939764505583587 13.049129376163787 
-4 -6 0 1.5839074877432702 13.655083156280233 
-4 -7 0 1.5839074866209375 13.655083993433294 
-4 -8 0 0.3270954181178474 11.595968347366828 
-4 -9 0 0.32709541811784965 11.59596835093597 
-4 -10 1 1.1415216902789738 8.661899667066463 
-4 -11 1 1.141521690278975 8.66189966706646 
-5 -2 0 9.0 9.0 
-5 -3 0 9.0 9.0 
-5 -4 0 6.080911002407739 11.781283795978354 
-5 -5 0 6.080911002407741 11.781283795978355 
-5 -6 0 4.726927136932333 12.604033073079043 
-5 -7 0 4.726927136932334 12.604033073079046 
-5 -8 0 3.3542486889354097 11.288422449800331 
-5 -9 0 3.3542486889354084 11.288422449800326 
-5 -10 0 2.0 8.661899667066464 
-5 -11 0 2.0000000000000004 8.66189966706646 
-5 -12 0 1.0 1.0 
-4 -12 0 1.0 1.0 
-5 -13 0 1.0 1.0 
-4 -13 0 1.0 1.0 
