5 11 0 1.5188056959079854 6.000000000000002 
6 11 0 6.0 6.0 
5 10 0 1.5188056959079845 6.000000000000001 
6 10 0 6.0 6.0 
5 9 0 2.4392635588333165 15.806256759038627 
6 9 0 7.3745188014736955 15.806256759038623 
5 8 0 2.43926355344256 15.806256759038607 
6 8 0 7.374518801473696 15.80625675903862 
5 7 0 3.570045042507841 18.61356859886359 
6 7 0 9.325526643062604 17.606872109000562 
5 6 0 3.5700450419079317 18.613568596304724 
6 6 0 9.325526643062606 17.60687210900056 
5 5 0 4.93497418493519 17.999999994584474 
6 5 0 16.0 16.0 
5 4 0 4.934974184898923 17.999999998507143 
6 4 0 16.0 16.0 
4 11 0 1.5188056959079828 5.9999999999999964 
4 10 0 1.5188056959079848 6.0 
4 9 0 0.6736022422845077 13.907046644858626 
4 8 0 0.6736022422842757 13.907046555459717 
4 7 0 0.9864371011682813 18.61356860104886 
4 6 0 0.986437101168389 18.613568290717026 
4 5 0 2.013111939650812 19.9999999998777 
4 4 0 2.0131119414039174 19.999999999486636 
4 3 0 3.753126559197092 15.999999927113105 
5 3 0 7.195081123904799 14.770313379803126 
4 2 0 3.753126559203604 15.99999985809976 
5 2 0 7.195081123904799 14.770313379803126 
3 11 0 1.518805695907984 5.170086486626035 
3 10 0 1.5188056959079843 5.170086486626034 
3 9 0 0.6736022424428885 12.179055522690525 
3 8 0 0.6736022429806806 12.179055503663147 
3 7 0 0.471829427385966 17.170024431734788 
3 6 0 0.4718294273855416 17.17002357913229 
3 5 0 0.49691498158736364 19.999999331528876 
3 4 0 0.49691498160175634 19.99999966590202 
3 3 0 1.4648348502708357 17.99999999706662 
3 2 0 1.4648348502710822 17.999999935745592 
3 1 0 3.0608672691839423 14.805571628560806 
4 1 0 5.812816758205726 12.575755479801169 
3 0 0 3.0608672502798555 14.805571546408848 
4 0 0 5.812816758205724 12.575755479801167 
2 11 0 4.0 4.0 
2 10 0 4.0 4.0 
2 9 0 0.9139351864258849 10.612815581028553 
2 8 0 0.913935186359612 10.612815581232056 
2 7 0 0.4718294274893265 15.534925571041041 
2 6 0 0.47182942753825197 15.534925747466533 
2 5 0 0.2569537729726449 19.549143807123077 
2 4 0 0.25695377295919836 19.549143884802834 
2 3 0 0.47542302597112873 19.999999697052306 
2 2 0 0.4754230259725992 19.999998960520045 
2 1 0 1.5164120615887473 15.698659548667706 
2 0 0 1.5164120615879877 15.69865951079714 
2 -1 0 3.3057179488424757 12.050748039203329 
3 -1 0 5.201197856074303 10.173694199305476 
2 -2 0 3.305717945026204 12.050748039127036 
3 -2 0 5.2011978560743035 10.173694199305478 
1 9 0 3.3634949342458795 8.439485641346794 
1 8 0 3.3634949342458818 8.439485641346792 
1 7 0 0.5222005436430055 13.670852172568784 
1 6 0 0.5222005436466105 13.670851949131995 
1 5 0 0.2569537729574686 17.853459934261984 
1 4 0 0.2569537729575186 17.853458837353553 
1 3 0 0.1331632163492826 19.99999873576467 
1 2 0 0.1331632163362208 19.999997457218452 
1 1 0 0.19325879772284807 17.870685917622612 
1 0 0 0.19325879772296795 17.870685857390594 
1 -1 0 1.240573975025667 13.419550709948952 
1 -2 0 1.240573978057121 13.419550218873342 
1 -3 0 4.0 7.000000000000001 
2 -3 0 6.0 6.0 
1 -4 0 3.9999999999999996 7.0 
2 -4 0 6.0 6.0 
0 7 0 3.112507447702698 11.473473897342776 
0 6 0 3.112507447702703 11.473473897341389 
0 5 0 0.37368530133293953 15.842062158906021 
0 4 0 0.37368530132634153 15.842061829295371 
0 3 0 0.1331632163389602 19.901741977629804 
0 2 0 0.13316321633651204 19.901742234896812 
0 1 1 0.19325879772273008 19.702789340987852 
0 0 1 0.19325879772272544 19.702789500491615 
0 -1 1 0.9639789466833929 14.981374150388634 
0 -2 1 0.9639789466834068 14.981374155774168 
0 -3 0 3.0 7.000000000000003 
0 -4 0 2.999999999999999 7.000000000000001 
-1 5 0 3.9643828437760233 13.818408085503028 
-1 4 0 3.9643828437676842 13.818408085423446 
-1 3 0 1.0554021309114572 17.999999903969254 
-1 2 0 1.055402130909781 17.999997875401593 
-1 1 0 0.6546366799596696 19.999999959511435 
-1 0 0 0.6546366795784542 19.999998411695188 
-1 -1 0 0.9639789467626048 17.4347549563487 
-1 -2 0 0.9639789466840173 17.434754959852757 
-1 -3 0 1.6345352340150765 11.555363427890802 
-1 -4 0 1.634535234015075 11.555363427890796 
-2 5 0 8.0 8.0 
-2 4 0 8.0 8.0 
-2 3 0 4.1939773044554265 15.8389045101852 
-2 2 0 4.193977304455425 15.838904510185193 
-2 1 0 2.1493038220342213 19.999999999737824 
-2 0 0 2.14930382201572 19.99999999988621 
-2 -1 0 1.328995828418391 19.30275357077351 
-2 -2 0 1.3289958284187147 19.30275357074641 
-2 -3 0 1.6345352340150763 13.852079849874514 
-2 -4 0 1.634535234015078 13.852079849874514 
-3 3 0 10.0 10.0 
-3 2 0 10.0 10.0 
-3 1 0 4.018748910428786 17.000000000000004 
-3 0 0 4.0187489104287835 17.0 
-3 -1 0 1.9649532613653455 19.30275357008776 
-3 -2 0 1.964953261722559 19.302753556858853 
-3 -3 0 1.7312158046750254 15.298998699786237 
-3 -4 0 1.7312158046750228 15.298998699786239 
-3 -5 0 2.0 2.0 
-2 -5 0 2.0 2.0 
-3 -6 0 2.0 2.0 
-2 -6 0 2.0 2.0 
-4 1 0 12.0 12.0 
-4 0 0 12.0 12.0 
-4 -1 0 5.285134275410261 16.983799068698154 
-4 -2 0 5.285134275410259 16.983799068698154 
-4 -3 0 2.6059481328724146 15.298998699786239 
-4 -4 0 2.6059481328724146 15.298998699786235 
-4 -5 0 2.0 2.0 
-4 -6 0 2.0 2.0 
