3 7 0 2.0 2.0 
4 7 0 2.0 2.0 
3 6 0 2.0 2.0 
4 6 0 2.0 2.0 
3 5 0 0.9498202315122102 11.582575694955842 
4 5 0 2.4174243050441593 11.582575694955842 
3 4 0 0.9498202315122092 11.582575694955839 
4 4 0 2.41742430504416 11.58257569495584 
3 3 0 1.7515544607415459 15.379908602691229 
4 3 0 5.217235238738199 14.328495876920423 
3 2 0 1.751554460741551 15.37990860269123 
4 2 0 5.217235238738199 14.328495876920421 
3 1 0 2.5755710991019476 14.000000000000007 
4 1 0 10.0 10.0 
3 0 0 2.5755710991019507 14.000000000000004 
4 0 0 10.0 10.0 
2 7 0 2.0 2.0 
2 6 0 2.0 2.0 
2 5 1 0.9498202315122074 11.298174408298516 
2 4 1 0.9498202315122092 11.298174408298518 
2 3 1 1.1518610583213196 15.379908602690861 
2 2 1 1.1518610583213227 15.379908594386766 
2 1 0 0.23618038068329783 15.999999999962316 
2 0 0 0.23618038068329733 15.99999953680001 
2 -1 0 1.6063958705275065 13.000000000000005 
3 -1 0 7.0 9.0 
2 -2 0 1.6063958705275057 13.000000000000007 
3 -2 0 6.999999999999999 9.0 
1 5 0 3.0000000000000004 11.274917217635377 
1 4 0 2.999999999999999 11.274917217635375 
1 3 0 1.1518610583303857 13.659649801251946 
1 2 0 1.1518610585495797 13.659649824235599 
1 1 0 0.2361803806878628 15.999999984271666 
1 0 0 0.23618038068419958 15.999999991450863 
1 -1 0 1.2746197829819332 13.892914691890285 
1 -2 0 1.274619782983338 13.892949658076585 
1 -3 0 5.0 11.000000000000005 
2 -3 0 6.0 6.0 
1 -4 0 5.0 11.000000000000002 
2 -4 0 6.0 6.0 
0 5 0 5.999999999999999 6.0 
0 4 0 6.0 6.000000000000001 
0 3 0 1.9928720561019357 12.999999975456069 
0 2 0 1.9928720547839498 12.999999941930934 
0 1 2 1.9753384531996485 15.999999996398083 
0 0 2 1.975338453193805 15.999999999620432 
0 -1 2 1.0650209598813056 15.475008375369367 
0 -2 2 1.0650209598812663 15.475009093963045 
0 -3 0 0.33163045940339547 11.891910937124251 
0 -4 0 0.3316304595854402 11.891910871009827 
-1 5 0 6.0 6.0 
-1 4 0 6.0 6.000000000000001 
-1 3 0 3.9245110670015606 10.973402773030163 
-1 2 0 3.924511067001661 10.973402777503932 
-1 1 0 2.2360614607403257 13.999999999681105 
-1 0 0 2.236061460861225 13.999999999926393 
-1 -1 0 0.6756093430255883 15.475009126714236 
-1 -2 0 0.6756093428965648 15.475008898780137 
-1 -3 0 0.3316304594076133 13.549786396511426 
-1 -4 0 0.3316304594055703 13.549786396156984 
-1 -5 0 0.954977042116376 9.992142419846557 
0 -5 0 3.0 9.0 
-1 -6 0 0.954977042116544 9.992142416901846 
0 -6 0 3.0000000000000004 8.999999999999998 
-2 5 0 6.0 6.0 
-2 4 0 6.0 6.0 
-2 3 0 3.9245110670014687 9.494126003188944 
-2 2 0 3.9245110670014696 9.494126003188944 
-2 1 0 2.2360614606588753 12.15757496868202 
-2 0 0 2.2360614616406793 12.157574715963568 
-2 -1 0 0.8730451889046877 14.191900840050005 
-2 -2 0 0.8730451889047766 14.191900595365237 
-2 -3 1 1.2825437931087478 13.54978637802339 
-2 -4 1 1.2825437931032222 13.549786332834522 
-2 -5 1 0.9549770421163513 11.620418273944505 
-2 -6 1 0.9549770421285222 11.620418273676474 
-2 -7 0 0.8013087564840019 7.23606797749979 
-1 -7 0 2.000000000000001 6.0 
-2 -8 0 0.8013087564840046 7.236067977499789 
-1 -8 0 2.0000000000000004 6.0 
-3 3 0 8.0 8.0 
-3 2 0 8.0 8.0 
-3 1 0 5.442052290601486 11.091318215276566 
-3 0 0 5.442052290601488 11.091318215276562 
-3 -1 0 3.722847346060105 12.983718292502601 
-3 -2 0 3.72284734606006 12.98371829250419 
-3 -3 0 2.4174470930510203 13.017069203670879 
-3 -4 0 2.4174470930470413 13.017069203710463 
-3 -5 0 1.4232349367522628 11.772001859791569 
-3 -6 0 1.423234936752281 11.772001806788742 
-3 -7 0 0.8013087564840019 7.645751311064594 
-3 -8 0 0.8013087564840027 7.645751311064588 
-3 -9 0 2.0 2.0 
-2 -9 0 2.0 2.0 
-3 -10 0 2.0 2.0 
-2 -10 0 2.0 2.0 
-4 1 0 10.0 10.0 
-4 0 0 10.0 10.0 
-4 -1 0 7.000000000000001 12.0 
-4 -2 0 7.0 12.0 
-4 -3 0 4.684929592631614 12.512976051104129 
-4 -4 0 4.684929592631616 12.51297605110413 
-4 -5 0 3.2279981273412344 11.772001872658763 
-4 -6 0 3.227998127341234 11.772001872658766 
-4 -7 0 2.3542486889354084 7.645751311064591 
-4 -8 0 2.35424868893541 7.645751311064589 
-4 -9 0 2.0 2.0 
-4 -10 0 2.0 2.0 
