4 12 0 3.0 3.0 
5 12 0 3.0 3.0 
4 11 0 3.0 3.0 
5 11 0 3.0 3.0 
4 10 0 1.7320095691295485 7.813606502648333 
5 10 0 3.6570769172228306 7.813606502648331 
4 9 0 1.7320095691295485 7.81360650264833 
5 9 0 3.6570769172228297 7.81360650264833 
4 8 0 2.213924801334396 10.961756551889211 
5 8 0 5.038243448110772 10.961756551889229 
4 7 0 2.213924802893647 10.961756551886163 
5 7 0 5.038243448110773 10.961756551889225 
4 6 0 3.3559236593562294 12.273486853867684 
5 6 0 7.18639349735167 11.342923082777167 
4 5 0 3.3559236661289042 12.273486412685779 
5 5 0 7.18639349735167 11.342923082777169 
4 4 0 5.323541383080647 10.932073272757489 
5 4 0 10.0 10.0 
4 3 0 5.323541383080646 10.93207327275748 
5 3 0 10.0 10.0 
3 12 0 2.9999999999999996 3.0 
3 11 0 3.0 3.0 
3 10 0 1.6953017478570056 7.635647378924267 
3 9 0 1.695301747857006 7.635647378924202 
3 8 0 0.6532089289992619 10.801189666784717 
3 7 0 0.6532089289992616 10.801189519028627 
3 6 0 1.0630472078199074 13.134254137404625 
3 5 0 1.0630472089604082 13.134254110799446 
3 4 0 2.1100176250357796 11.90005521864962 
3 3 0 2.110017626147176 11.900055268452501 
3 2 0 3.5747617608161875 9.811647958994392 
4 2 0 8.0 8.0 
3 1 0 3.5747617608214366 9.811647959634628 
4 1 0 8.0 8.0 
2 12 0 3.0 3.0 
2 11 0 3.0 3.0 
2 10 0 1.6953017478570034 7.189498345878806 
2 9 0 1.695301747857005 7.189498345878808 
2 8 0 0.6532089289992615 10.508207553438563 
2 7 0 0.6532089289992612 10.50820755429088 
2 6 1 1.0630472076602546 13.134254218740573 
2 5 1 1.063047207660263 13.134254218240292 
2 4 1 1.1654709144190134 13.99999999999137 
2 3 1 1.1654709144190145 13.999999999853465 
2 2 0 0.9579081433471761 10.722232504360898 
2 1 0 0.9579081433701764 10.722231295765356 
2 0 0 2.2607940250637033 7.934944357958796 
3 0 0 6.0 6.0 
2 -1 0 2.2607940250637015 7.934944357958794 
3 -1 0 5.999999999999999 6.0 
1 10 0 3.5857864376269046 6.414213562373094 
1 9 0 3.5857864376269055 6.414213562373095 
1 8 0 2.346386921357296 9.808574766336347 
1 7 0 2.3463869213639312 9.808574850849803 
1 6 0 1.369717596560802 12.451970169233059 
1 5 0 1.3697175965645874 12.451965814051402 
1 4 0 0.6450669006440423 13.999999674257479 
1 3 0 0.6450669010588784 13.999999998592227 
1 2 0 0.9579081449282989 12.616954477561142 
1 1 0 0.957908143316202 12.616955123658142 
1 0 0 2.0954287286495537 8.981858395203934 
1 -1 0 2.0954287286495554 8.981858394889787 
1 -2 0 3.9999999999999996 4.0 
2 -2 0 4.0 4.0 
1 -3 0 4.0 4.0 
2 -3 0 4.0 4.0 
0 8 0 5.000000000000001 8.414213562373094 
0 7 0 5.000000000000001 8.414213562373098 
0 6 0 1.8688253684068088 11.020016679052308 
0 5 0 1.868825368406766 11.020016821265415 
0 4 0 0.645066900351324 13.666427492267864 
0 3 0 0.6450669003513231 13.66642747774178 
0 2 1 1.100043462722767 13.17683277784693 
0 1 1 1.100043462722768 13.17683277634116 
0 0 1 2.095428728650015 10.572503965708195 
0 -1 1 2.0954287286495497 10.572503965673704 
0 -2 0 4.0 4.0 
0 -3 0 4.0 4.0 
-1 6 0 7.0 10.000000000000002 
-1 5 0 7.0 10.0 
-1 4 0 4.4115842302306785 13.000000000000005 
-1 3 0 4.411584230230681 13.0 
-1 2 0 3.130989873043104 13.17683277705605 
-1 1 0 3.130989870749935 13.176832695697913 
-1 0 0 2.3609961011482037 11.131312518250573 
-1 -1 0 2.360996101148203 11.13131251825057 
-1 -2 0 4.0 4.0 
-1 -3 0 4.0 4.0 
-2 4 0 11.0 11.0 
-2 3 0 11.0 11.0 
-2 2 0 6.5973211704788115 11.718709690391915 
-2 1 0 6.597321170478811 11.718709690391915 
-2 0 0 4.716814008713832 11.131312518250569 
-2 -1 0 4.716814008713829 11.131312518250569 
-2 -2 0 4.0 4.0 
-2 -3 0 4.0 4.0 
