3 7 1 2.0 3.0 
4 7 0 3.0 3.0 
3 6 1 2.0 3.000000000000001 
4 6 0 3.0 3.0 
3 5 0 0.38130312382521675 12.12071327648464 
4 5 0 4.560066896117695 12.120713276484645 
3 4 0 0.3813031238252189 12.120713276484643 
4 4 0 4.560066896117693 12.120713276484645 
3 3 0 1.3729765825806495 15.046749305115778 
4 3 0 6.122925617538927 13.589664283446051 
3 2 0 1.3729765816396464 15.046749305115778 
4 2 0 6.122925617538928 13.589664283446055 
3 1 0 2.7055888285059333 14.0 
4 1 0 11.0 11.0 
3 0 0 2.705588828505933 14.000000000000002 
4 0 0 11.0 11.0 
2 7 0 2.0 2.0 
2 6 0 2.0 2.0 
2 5 1 0.3813031238252192 10.147111911202266 
2 4 1 0.38130312382521714 10.147111911202266 
2 3 1 0.7653358146341834 15.046749305107776 
2 2 1 0.7653358146341837 15.04674930511216 
2 1 0 0.934787217943172 15.99999999997861 
2 0 0 0.9347872179490893 15.999999999995696 
2 -1 0 3.0403813570414395 11.67062150763562 
3 -1 0 5.585786437626905 8.999999999999998 
2 -2 0 3.04038135704144 11.670621507635623 
3 -2 0 5.585786437626904 9.0 
1 5 0 1.9999999999999993 8.188301498932661 
1 4 0 1.9999999999999998 8.18830149893266 
1 3 1 0.7653358146341862 13.680112371381643 
1 2 1 0.7653358146341845 13.6801124126562 
1 1 1 0.5875378666109454 15.99999963311553 
1 0 1 0.5875378666109445 15.999999298168618 
1 -1 0 0.9102877065986907 13.999999949945208 
1 -2 0 0.910287706598679 13.99999989502452 
1 -3 0 2.811391028942997 8.891537530448197 
2 -3 0 6.0 6.0 
1 -4 0 2.811391028942998 8.891537530448197 
2 -4 0 6.0 6.0 
0 5 0 4.0 4.0 
0 4 0 4.0 4.0 
0 3 0 1.4107849622753574 11.515883144354135 
0 2 0 1.4107849622759512 11.51588314437284 
0 1 2 0.9087379419867586 15.999999999584995 
0 0 2 0.9087379419867592 15.999999998432259 
0 -1 2 0.9102877065986782 15.999999923577375 
0 -2 2 0.9102877065986748 15.9999999702069 
0 -3 0 0.8973208232839115 11.999999999993848 
0 -4 0 0.8973208232838173 11.99999999998891 
-1 3 0 3.111671433321998 10.000000000000004 
-1 2 0 3.1116714333219995 10.0 
-1 1 0 1.4703017926392905 13.999999994239095 
-1 0 0 1.470301792452938 13.999999624095132 
-1 -1 1 0.4509490117406692 15.999999796150837 
-1 -2 1 0.45094901174066176 15.999999963697404 
-1 -3 1 0.897320823283803 13.676606890965205 
-1 -4 1 0.8973208232838021 13.676607093556978 
-1 -5 0 1.0892257522598137 9.174522407365766 
0 -5 0 4.0 4.0 
-1 -6 0 1.0892257522598126 9.174522407365766 
0 -6 0 4.0 4.0 
-2 3 0 6.0 6.0 
-2 2 0 6.0 5.999999999999999 
-2 1 0 3.2220377809171405 11.999999999999956 
-2 0 0 3.222037780916793 11.999999999999838 
-2 -1 0 1.182028187074575 15.999999741184373 
-2 -2 0 1.182028187061759 15.999999905033935 
-2 -3 1 0.9691321029708596 14.886326101110699 
-2 -4 1 0.969132102970858 14.886326097423089 
-2 -5 1 0.7150335392366653 10.344668842834485 
-2 -6 1 0.7150335392366668 10.344668842618503 
-3 1 0 4.999999999999999 9.0 
-3 0 0 5.000000000000001 9.000000000000002 
-3 -1 0 2.780061962754877 14.000000000000002 
-3 -2 0 2.780061962754873 13.999999999999993 
-3 -3 0 1.3291237631131037 14.886326102159144 
-3 -4 0 1.32912376052509 14.886326101971955 
-3 -5 0 0.715033539236666 12.11009207102282 
-3 -6 0 0.7150335392366647 12.110092071022814 
-3 -7 1 1.9999999999999998 4.0 
-2 -7 0 2.0 2.0 
-3 -8 1 1.9999999999999998 4.0 
-2 -8 0 2.0 2.0 
-4 -1 0 12.0 12.0 
-4 -2 0 12.0 12.0 
-4 -3 0 7.107814121136779 13.800441400026191 
-4 -4 0 7.107814121136778 13.80044140002619 
-4 -5 0 5.370186728308123 12.110092071022818 
-4 -6 0 5.370186728308122 12.110092071022816 
-4 -7 0 4.0 4.0 
-4 -8 0 4.0 4.0 
