4 12 0 0.654036704290116 6.939234868116074 
5 12 1 0.6540367042901166 6.939234868116074 
4 11 0 0.6540367042901155 6.939234868116074 
5 11 1 0.6540367042901166 6.939234868116075 
4 10 0 0.43195401631778074 10.931839104750265 
5 10 0 0.4319540163177718 10.931839104755632 
4 9 0 0.4319540163177953 10.931839104736925 
5 9 0 0.43195401631777247 10.931839104755634 
4 8 0 1.5155577214189857 12.908488051261413 
5 8 0 1.6779008980538141 11.700241706328638 
4 7 0 1.515557720241742 12.908488051231569 
5 7 0 1.6779008980538095 11.700241706328637 
4 6 0 3.3183115878567366 11.931630019877465 
5 6 0 3.8852669265703645 10.114733073429635 
4 5 0 3.3183115878567255 11.931630019845059 
5 5 0 3.885266926570365 10.114733073429633 
4 4 0 7.0 9.0 
5 4 0 7.0 7.0 
4 3 0 6.999999999999999 9.0 
5 3 0 7.0 7.0 
3 12 0 2.0 2.0 
3 11 0 2.0 2.0 
3 10 3 2.1995585999738094 10.872983346207421 
3 9 3 2.199558599973811 10.872983346207418 
3 8 3 0.7739992566764843 12.908488019318554 
3 7 3 0.7739992566764827 12.908488051664976 
3 6 0 0.5353764060063395 13.091654147051706 
3 5 0 0.5353764060063302 13.09165418349187 
3 4 0 1.903075904402938 11.000000000000002 
3 3 0 1.9030759044029386 11.000000000000007 
2 10 0 2.76393202250021 8.828427124746192 
2 9 0 2.7639320225002106 8.828427124746192 
2 8 0 0.7739992566777916 12.872983089416081 
2 7 0 0.7739992566789846 12.872983069798458 
2 6 0 0.53537640601759 13.999999962046601 
2 5 0 0.5353764062791891 13.999999836919544 
2 4 0 1.9030759044067134 12.999999999691084 
2 3 0 1.9030759118543736 12.9999999999746 
2 2 0 4.999999999999999 8.999999999999998 
3 2 0 4.999999999999999 5.0 
2 1 0 4.999999999999999 8.999999999999996 
3 1 0 5.0 5.0 
1 10 0 4.0 4.0 
1 9 0 4.0 4.0 
1 8 0 1.1035880264824718 10.828427116016618 
1 7 0 1.1035880262590632 10.82842712364005 
1 6 3 2.074721500645486 13.999999986431314 
1 5 3 2.0747215006454858 13.99999997463707 
1 4 3 0.8954052662364317 13.751227084521288 
1 3 3 0.8954052662364393 13.751227099763863 
1 2 0 0.6613969910271625 10.999999999999996 
1 1 0 0.6613969910271563 11.000000000000004 
0 8 0 5.2679491924311215 8.732050807568877 
0 7 0 5.267949192431122 8.732050807568877 
0 6 0 2.190927332541712 11.999999999860535 
0 5 0 2.1909273325423277 11.99999994511278 
0 4 0 0.8954052662993414 13.751227098067535 
0 3 0 0.8954052662366282 13.751227100440193 
0 2 0 0.6613969910739982 11.77008865659587 
0 1 0 0.6613969910296411 11.770088656599311 
0 0 0 2.9999999999999996 6.999999999999999 
1 0 0 2.9999999999999996 3.0 
0 -1 0 3.0 7.0 
1 -1 0 3.0 3.0000000000000004 
-1 8 0 6.0 6.0 
-1 7 0 6.0 6.0 
-1 6 0 3.078831044764355 10.0 
-1 5 0 3.078831044764356 10.0 
-1 4 0 1.033447703149972 12.403921438893553 
-1 3 0 1.0334477031499711 12.404046996404238 
-1 2 1 1.4227911458704312 11.770088656603866 
-1 1 1 1.4227911458704368 11.770088656603855 
-1 0 1 1.2072447209458337 8.314246534164212 
-1 -1 1 1.2072447209458343 8.314246534164212 
-2 6 0 8.0 8.0 
-2 5 0 8.0 8.0 
-2 4 0 4.34427344607623 10.927777057731236 
-2 3 0 4.344273446076229 10.927777057731236 
-2 2 0 2.1227538039893186 11.6272664730985 
-2 1 0 2.12275380398932 11.627266473098501 
-2 0 0 1.2072447209458343 8.314246534164212 
-2 -1 0 1.2072447209458341 8.314246534164209 
-2 -2 0 1.0 1.0 
-1 -2 0 1.0 1.0 
-2 -3 0 1.0 1.0 
-1 -3 0 1.0 1.0 
