5 13 0 0.9999999999999997 4.0 
6 13 0 4.0 4.0 
5 12 0 1.0 4.0 
6 12 0 4.0 4.0 
5 11 0 1.2894301521391034 12.003356320117048 
6 11 0 4.467710556133997 12.003356320117051 
5 10 0 1.2894301521791904 12.003356320117048 
6 10 0 4.467710556133996 12.003356320117053 
5 9 0 1.7780126312117313 15.371860106126366 
6 9 0 5.554002294719991 15.37186010699422 
5 8 0 1.7780126325094987 15.371860100791658 
6 8 0 5.554002294719993 15.37186010699422 
5 7 0 2.679653961775849 17.357403918249815 
6 7 0 7.136841005071625 16.71333684575363 
5 6 0 2.679653966086962 17.35740397201661 
6 6 0 7.136841005071625 16.713336845753638 
5 5 0 3.9625512964411493 17.55456555346911 
6 5 0 8.970249979536359 15.90740222671812 
5 4 0 3.962551296441492 17.554565190824885 
6 4 0 8.97024997953636 15.90740222671812 
5 3 0 5.681360097452939 15.999999994840726 
6 3 0 14.0 14.0 
5 2 0 5.681360097420008 15.999999995033223 
6 2 0 14.0 14.0 
4 13 0 1.0 4.0 
4 12 0 1.0000000000000002 4.0 
4 11 1 1.0832234934009324 10.628897854106357 
4 10 1 1.0832234934015568 10.62889803911002 
4 9 0 0.2575699737514634 15.299611097529715 
4 8 0 0.25756997375146523 15.299611097798039 
4 7 0 0.6818406010621971 17.357401757049658 
4 6 0 0.6818406010629139 17.35740209237426 
4 5 0 1.3055743400749733 18.32666331958098 
4 4 0 1.3055743393838142 18.326663700898994 
4 3 0 2.5098159548993246 16.84477987941019 
4 2 0 2.50981595491413 16.84477990292179 
4 1 0 4.250862617975908 14.795842814608594 
5 1 0 7.875114580235426 12.761557181831893 
4 0 0 4.2508626179707285 14.795842760137145 
5 0 0 7.875114580235425 12.761557181831892 
3 13 0 3.0 3.0 
3 12 0 3.0 3.0 
3 11 0 1.0832234934009384 9.63967641219771 
3 10 0 1.083223493400937 9.63967641219554 
3 9 1 0.2575699737514371 13.963921422418146 
3 8 1 0.2575699737514373 13.963921420609935 
3 7 1 0.606077871059348 17.295109204815724 
3 6 1 0.6060778710595909 17.29510919030141 
3 5 0 0.580850159538558 19.121667664831534 
3 4 0 0.5808501594575861 19.12166674033263 
3 3 0 1.4274628974511319 17.733280516716587 
3 2 0 1.427462901620783 17.733280491697215 
3 1 0 2.711455812249756 15.743166245582573 
3 0 0 2.7114558122507955 15.74316493251143 
3 -1 0 4.5168150208571385 12.760762975955881 
4 -1 0 6.476904409368331 10.441290910412462 
3 -2 0 4.516815020848969 12.760762975285726 
4 -2 0 6.476904409368331 10.441290910412462 
2 11 0 3.215550642295733 8.28688490011881 
2 10 0 3.215550642295733 8.28688490011881 
2 9 0 1.310428532662941 12.853147268724724 
2 8 0 1.3104285318296105 12.853147427983007 
2 7 1 0.6060778710593243 16.27709075447971 
2 6 1 0.6060778710593371 16.27709078100169 
2 5 1 0.5808501587017734 19.121616804955412 
2 4 1 0.5808501587017719 19.121667626125937 
2 3 0 0.6476519192528957 19.999999998287517 
2 2 0 0.6476519191857238 19.99999999914842 
2 1 0 2.1940139164996078 16.59737610777482 
2 0 0 2.194013924661404 16.597376108801207 
2 -1 0 3.5909585207397288 14.513390265761076 
2 -2 0 3.590958520730819 14.513390215341959 
2 -3 0 5.459215461326634 10.28139423959215 
3 -3 0 7.0 7.0 
2 -4 0 5.459215461326636 10.281394239592151 
3 -4 0 7.0 7.0 
1 11 0 5.0 5.0 
1 10 0 5.0 5.0 
1 9 0 2.4282079626609567 11.701061112549786 
1 8 0 2.4282079626641915 11.701061112140032 
1 7 0 0.8076425196780532 15.23316237410218 
1 6 0 0.807642519840731 15.23316233508574 
1 5 1 0.7788194683578096 17.7733061836331 
1 4 1 0.7788194683578384 17.77330609714955 
1 3 1 0.22205398616643485 19.999999449433567 
1 2 1 0.2220539861664373 19.999999665397517 
1 1 0 0.8826714044839111 17.99999991302201 
1 0 0 0.8826714042784266 17.999999979968443 
1 -1 0 1.8800454590193794 15.288004466127283 
1 -2 0 1.8800454586941588 15.28800445877745 
1 -3 0 3.2117187947250616 11.778868193368265 
1 -4 0 3.2117187947250603 11.778868193368265 
0 9 0 5.2679491924311215 8.732050807568877 
0 8 0 5.267949192431123 8.732050807568879 
0 7 0 2.702591055464606 13.77310066569748 
0 6 0 2.702591054534915 13.773100765952366 
0 5 0 1.0564277737867396 16.99999922833477 
0 4 0 1.0564277743908992 16.999999921996633 
0 3 1 0.22205398616643202 19.77915779861205 
0 2 1 0.2220539861664377 19.779068705029882 
0 1 2 0.8826714042782549 19.704125402551764 
0 0 2 0.8826714042782545 19.704125451065995 
0 -1 0 0.8612124340343834 16.108980464955373 
0 -2 0 0.8612124340235648 16.10897989158594 
0 -3 0 2.6732716105124625 12.482698529813753 
0 -4 0 2.673271606904606 12.48269861496314 
0 -5 0 5.0 5.000000000000001 
1 -5 0 5.0 5.0 
0 -6 0 5.0 5.0 
1 -6 0 5.0 5.0 
-1 7 0 5.778292473175889 11.549241456087962 
-1 6 0 5.778292473175887 11.549241456087964 
-1 5 0 3.2573727957503453 14.999999714622446 
-1 4 0 3.257372797950624 14.999999987962685 
-1 3 0 1.5450894140328426 17.999998392910438 
-1 2 0 1.5450894131195976 17.999999863281463 
-1 1 1 1.0538079240285214 19.999999891781364 
-1 0 1 1.0538079240285152 19.999999997015347 
-1 -1 0 0.4989556722703446 17.322660298511057 
-1 -2 0 0.498955672763243 17.32266051311113 
-1 -3 0 1.2503638040584202 13.26472185834599 
-1 -4 0 1.2503638040584122 13.264721808185163 
-1 -5 0 5.0 5.0 
-1 -6 0 5.0 5.0 
-2 5 0 5.667358360306871 13.000000000000004 
-2 4 0 5.667358360306871 13.000000000000002 
-2 3 0 3.3877214107375604 16.855612989001752 
-2 2 0 3.3877214153886945 16.855612989256986 
-2 1 0 1.7960506978646276 19.9999999977352 
-2 0 0 1.7960506966067393 19.999999995906855 
-2 -1 0 0.498955672448621 18.632671406051497 
-2 -2 0 0.4989556724113755 18.632671461749965 
-2 -3 1 1.2503638040584089 14.298927230171632 
-2 -4 1 1.2503638040584077 14.298927230199528 
-2 -5 0 0.9999999999999993 5.999999999999999 
-2 -6 0 0.9999999999999998 6.0 
-3 3 0 7.315840797461914 14.834778039164794 
-3 2 0 7.315840797461916 14.834778039164792 
-3 1 0 5.011517378502249 17.99999999608742 
-3 0 0 5.011517378426361 17.99999999945227 
-3 -1 0 3.05519888070221 18.63267177817584 
-3 -2 0 3.0551988807022155 18.63267183018006 
-3 -3 0 1.7942799469289499 15.806256759038618 
-3 -4 0 1.7942799469289388 15.806256759037868 
-3 -5 0 1.0000000000000009 6.000000000000001 
-3 -6 0 1.0000000000000016 6.0 
-4 1 0 16.0 16.0 
-4 0 0 16.0 16.0 
-4 -1 0 9.325526643062606 17.606872109000562 
-4 -2 0 9.325526643062604 17.606872109000562 
-4 -3 0 7.374518801473695 15.806256759038625 
-4 -4 0 7.3745188014736955 15.806256759038625 
-4 -5 0 6.0 6.0 
-4 -6 0 6.0 6.0 
