3 5 0 4.0 8.0 
4 5 0 8.0 8.0 
3 4 0 4.000000000000001 8.0 
4 4 0 8.0 8.0 
3 3 0 4.042697791356826 18.472135952001754 
4 3 0 9.52786404500042 18.47213595499958 
3 2 0 4.042697791359771 18.472135954986246 
4 2 0 9.52786404500042 18.47213595499958 
3 1 0 5.399933755002388 19.999999999999655 
4 1 0 18.0 18.0 
3 0 0 5.399933755002506 19.99999999984756 
4 0 0 18.0 18.0 
2 5 0 0.999999999999998 8.000000000000002 
2 4 0 0.9999999999999996 8.000000000000002 
2 3 0 1.081081081814061 16.959013718470313 
2 2 0 1.081081081814896 16.959013722746903 
2 1 0 1.601435081457502 19.999999998713236 
2 0 0 1.6014350823748063 19.999999998653312 
2 -1 0 2.5474595696738898 17.99999994722632 
3 -1 0 7.655618139929582 16.869057421967696 
2 -2 0 2.5474595680553977 17.999999635603487 
3 -2 0 7.655618139929583 16.869057421967693 
1 5 0 1.0000000000000002 7.999999999999998 
1 4 0 1.0000000000000018 8.000000000000002 
1 3 0 0.39157690961986147 15.793620358295085 
1 2 0 0.39157690956776714 15.793620279007111 
1 1 0 0.48914047487074286 18.879321916969857 
1 0 0 0.48914047501405394 18.87932218432504 
1 -1 0 0.9920280700825764 19.776249788919127 
1 -2 0 0.9920280700715253 19.77931400407381 
1 -3 0 1.9380919917905373 16.838767438572013 
2 -3 0 4.8462599348786135 14.999999312405182 
1 -4 0 1.938091992078985 16.838767320015762 
2 -4 0 4.846259934878606 14.9999996292274 
0 5 0 2.9999999999999996 7.000000000000002 
0 4 0 2.9999999999999987 7.000000000000001 
0 3 0 0.3915769095477017 14.887220233526847 
0 2 0 0.3915769095475929 14.887220213365715 
0 1 1 0.4891404748704097 17.56053872959373 
0 0 1 0.4891404748704099 17.560538729663556 
0 -1 1 0.6488020484072023 19.779314475785824 
0 -2 1 0.6488020484072036 19.779314419588694 
0 -3 0 0.4565723112511165 17.875631001817645 
0 -4 0 0.4565723112516035 17.87563467904027 
0 -5 0 1.436832337539415 14.999999740645148 
1 -5 0 3.4951629137317983 13.609330700128279 
0 -6 0 1.4368323375465706 14.999998425375852 
1 -6 0 3.4951629137317966 13.60933070012827 
-1 5 0 4.000000000000002 7.0 
-1 4 0 3.9999999999999996 6.999999999999999 
-1 3 0 2.1379071147585216 13.475085656543193 
-1 2 0 2.1379071147599693 13.475085658883087 
-1 1 0 0.9026179996597756 16.344872291157213 
-1 0 0 0.9026180007031775 16.344872197538436 
-1 -1 0 0.359300697606052 19.731173104673584 
-1 -2 0 0.3593006976020036 19.731172700788616 
-1 -3 0 0.4565723112522614 19.537814318238436 
-1 -4 0 0.4565723112553045 19.5378443541964 
-1 -5 0 0.9688110973513613 16.52000119374257 
-1 -6 0 0.9688110979107788 16.5200012218517 
-1 -7 0 1.8364941009996547 13.396100361597737 
0 -7 0 3.8867013263025076 12.0 
-1 -8 0 1.8364941006961255 13.39608847456541 
0 -8 0 3.886701326302504 11.999999999999998 
-2 5 0 6.0 6.0 
-2 4 0 6.0 6.0 
-2 3 0 3.3875636246510368 11.830635592778982 
-2 2 0 3.387563624650001 11.830635592776135 
-2 1 0 1.5452082380804337 15.544064746865622 
-2 0 0 1.545208238078952 15.544064964172598 
-2 -1 0 0.3593006976003726 17.999999994272503 
-2 -2 0 0.35930069759262073 17.999999368642648 
-2 -3 1 0.4702944088948871 19.999999920279755 
-2 -4 1 0.4702944088948889 19.999999993306034 
-2 -5 1 0.7235917410264853 17.465600023447404 
-2 -6 1 0.7235917410264797 17.46559988397952 
-2 -7 0 0.49936058884892 14.660431293442182 
-2 -8 0 0.4993605889603927 14.66043129457734 
-2 -9 0 1.5857864376627633 11.049760095560925 
-1 -9 0 3.585786437626906 9.096507214418281 
-2 -10 0 1.5857864377553224 11.04976009564837 
-1 -10 0 3.585786437626905 9.096507214418283 
-3 3 0 5.476904409368331 9.441290910412459 
-3 2 0 5.476904409368331 9.44129091041246 
-3 1 0 3.5082989601776498 13.745961952126214 
-3 0 0 3.5082989607784194 13.745961952096717 
-3 -1 0 2.073441601772684 16.75090922478261 
-3 -2 0 2.0734416009681413 16.750909319346334 
-3 -3 0 1.2235296939509237 19.99999963725915 
-3 -4 0 1.2235296939382299 19.999999958472305 
-3 -5 0 0.7235917410389512 18.87516863542221 
-3 -6 0 0.7235917410273561 18.875168955983234 
-3 -7 0 0.499360588832817 15.96948198078025 
-3 -8 0 0.4993605888337673 15.969481527233459 
-3 -9 0 1.0243863007191396 12.140693483711742 
-3 -10 0 1.024386300719059 12.14069348443418 
-3 -11 0 1.9999999999999998 5.0 
-2 -11 0 4.0 4.0 
-3 -12 0 1.9999999999999998 4.999999999999999 
-2 -12 0 4.0 4.0 
-4 1 0 6.875114580235428 11.76155718183189 
-4 0 0 6.875114580235428 11.76155718183189 
-4 -1 0 4.491144334864915 15.827287405667851 
-4 -2 0 4.491144306687177 15.82728695891249 
-4 -3 0 2.6815585652594116 17.999999935804997 
-4 -4 0 2.6815585652613576 17.999999998014154 
-4 -5 0 1.4927144181885175 18.87516833349594 
-4 -6 0 1.4927144197899462 18.87516818435796 
-4 -7 0 1.1090798602375842 16.645775067304598 
-4 -8 0 1.1090798575112208 16.64577505954823 
-4 -9 0 1.0243863007190754 13.634297300076545 
-4 -10 0 1.0243863007193297 13.63429741757472 
-4 -11 0 1.999999999999999 5.000000000000001 
-4 -12 0 1.9999999999999991 5.000000000000001 
-5 -1 0 8.875114580235428 13.76155718183189 
-5 -2 0 8.875114580235424 13.761557181831892 
-5 -3 0 5.937733252515218 16.99999999753486 
-5 -4 0 5.937733252515978 16.99999999925309 
-5 -5 0 4.366998797259039 18.24560085588424 
-5 -6 0 4.366998797267227 18.245600855960145 
-5 -7 0 3.176555835326003 16.645774932150537 
-5 -8 0 3.1765558353856576 16.64577507158475 
-5 -9 0 2.1575644600978854 13.999999999999996 
-5 -10 0 2.157564460106141 14.0 
-5 -11 0 2.0000000000000004 5.0 
-5 -12 0 2.0000000000000004 5.0 
-6 -3 0 15.0 15.0 
-6 -4 0 15.0 15.0 
-6 -5 0 9.741214326909269 16.51055756549972 
-6 -6 0 9.741214326909267 16.510557565499724 
-6 -7 0 7.667064553475093 16.18216040938727 
-6 -8 0 7.667064553475093 16.18216040938727 
-6 -9 0 6.000000000000001 14.000000000000004 
-6 -10 0 6.0 14.0 
-6 -11 0 5.0 5.0 
-6 -12 0 5.0 5.0 
