3 7 0 2.0 5.0 
4 7 0 5.0 5.0 
3 6 0 2.000000000000001 5.0 
4 6 0 5.0 5.0 
3 5 0 1.6947273418809392 13.724317215168114 
4 5 0 5.752534332701739 13.724317215168114 
3 4 0 1.694727341880952 13.724317215168114 
4 4 0 5.752534332701738 13.72431721516811 
3 3 0 2.2385878171534515 15.140054944640003 
4 3 0 7.145898033750315 13.854101966249686 
3 2 0 2.2385878149435547 15.140054944640225 
4 2 0 7.145898033750314 13.854101966249683 
3 1 0 3.3708145711855084 15.000000000000004 
4 1 0 13.0 13.0 
3 0 0 3.3708145711855106 15.000000000000004 
4 0 0 13.0 13.0 
2 7 1 1.9999999999999993 4.999999999999999 
2 6 1 2.0 5.000000000000003 
2 5 2 1.1140339277530484 12.300761898801104 
2 4 2 1.1140339277530495 12.30076100919897 
2 3 1 0.395918687603636 15.140054907016781 
2 2 1 0.39591868760363125 15.140054710549295 
2 1 0 0.4418239262118526 15.766545587550088 
2 0 0 0.4418239262000097 15.76654558565554 
2 -1 0 1.3199578412847002 12.999999988064957 
3 -1 0 5.763932022500211 11.0 
2 -2 0 1.3199578415705342 12.999999992569913 
3 -2 0 5.76393202250021 11.000000000000002 
1 7 0 2.0 4.0 
1 6 0 2.0 4.0 
1 5 0 0.53206986438416 11.16255372935884 
1 4 0 0.5320698643841612 11.162553726982095 
1 3 0 0.3959186876048868 14.31362593918898 
1 2 0 0.39591868760620436 14.313625938718475 
1 1 0 0.44182392619408906 15.766545582309803 
1 0 0 0.4418239262248798 15.766545526241142 
1 -1 0 0.9169986859181467 14.740906014997888 
1 -2 0 0.9169986859178366 14.740906005540895 
1 -3 0 1.8071511205576116 10.999999957715419 
2 -3 0 3.463370378794196 9.0 
1 -4 0 1.8071511205680812 10.999999837013402 
2 -4 0 3.4633703787941967 8.999999999999998 
0 5 0 1.9999999999999991 9.650712606401944 
0 4 0 1.9999999999999991 9.650712606401946 
0 3 1 1.0961429163624423 12.858678517605222 
0 2 1 1.0961429163625362 12.858678423855807 
0 1 2 0.5591154945384779 15.51070916432997 
0 0 2 0.5591154945384769 15.510708848851234 
0 -1 1 0.43893858684364384 15.47774558552721 
0 -2 1 0.43893858684364007 15.477745591212692 
0 -3 0 0.4352846500275876 12.791293516622597 
0 -4 0 0.43528465002406136 12.79129349843311 
0 -5 0 1.4389007891250316 8.864769387535661 
1 -5 0 3.9999999999999987 6.0 
0 -6 0 1.4389007891250327 8.864769387535652 
1 -6 0 3.9999999999999996 6.0 
-1 5 0 4.0 6.0 
-1 4 0 4.0 6.0 
-1 3 0 1.9681369936124204 11.675721299334198 
-1 2 0 1.9681369936136222 11.675721286887683 
-1 1 0 0.5591154945523154 14.864271229962881 
-1 0 0 0.5591154945459375 14.864271354715841 
-1 -1 0 0.4389385868436948 15.999999940578393 
-1 -2 0 0.43893858684369014 15.999999994469785 
-1 -3 0 0.43528465002390926 14.234077413763053 
-1 -4 0 0.43528465002390304 14.234077414002556 
-1 -5 0 0.9841214272488104 10.811334294983643 
-1 -6 0 0.9841214272488105 10.811334294984253 
-2 3 0 5.267949192431123 8.732050807568877 
-2 2 0 5.267949192431123 8.732050807568879 
-2 1 0 2.8485842953638913 12.999999999931893 
-2 0 0 2.848584297176257 12.999999999770083 
-2 -1 0 1.1761621965462676 15.999998958077 
-2 -2 0 1.1761621965809026 15.999999999230775 
-2 -3 0 0.8465158035753833 14.898097475262093 
-2 -4 0 0.8465158036701121 14.898097467222378 
-2 -5 0 0.9841214272488239 12.27790575297746 
-2 -6 0 0.9841214272488128 12.277905753075673 
-2 -7 0 1.9999999999999998 4.0 
-1 -7 0 2.0 4.0 
-2 -8 0 1.9999999999999998 4.000000000000001 
-1 -8 0 2.0 4.0 
-3 1 0 7.267949192431124 10.732050807568877 
-3 0 0 7.267949192431122 10.732050807568877 
-3 -1 0 4.338861331067299 13.999999999999998 
-3 -2 0 4.3388613310673 14.000000000000004 
-3 -3 0 2.3837820466559125 14.89809747201348 
-3 -4 0 2.383782046514416 14.898097430309265 
-3 -5 0 1.9795224379797374 12.372281323269014 
-3 -6 0 1.9795224379797351 12.372281323269014 
-3 -7 0 2.0 4.0 
-3 -8 0 1.9999999999999993 4.0 
-4 -1 0 12.0 12.0 
-4 -2 0 12.0 12.0 
-4 -3 0 7.1404766113847815 13.433664629783285 
-4 -4 0 7.1404766113847815 13.433664629783287 
-4 -5 0 5.0 12.372281323269013 
-4 -6 0 5.0 12.372281323269014 
-4 -7 0 4.0 4.0 
-4 -8 0 4.0 4.0 
