1 3 0 1.0 1.0 
2 3 0 1.0 1.0 
1 2 0 1.0 1.0 
2 2 0 1.0 1.0 
1 1 0 1.2313060039937564 9.323272970502773 
2 1 0 1.303787934310562 9.323272970502767 
1 0 0 1.231306003993756 9.323272970502769 
2 0 0 1.3037879343105618 9.323272970502769 
1 -1 0 1.2112889369098059 11.636720670931469 
2 -1 0 2.859945055359742 10.140054944640257 
1 -2 0 1.2112889369098097 11.636720670931467 
2 -2 0 2.8599450553597405 10.140054944640259 
1 -3 0 2.6914307067007535 10.000000000000002 
2 -3 0 7.0 7.0 
1 -4 0 2.691430706700755 10.0 
2 -4 0 7.0 7.0 
0 1 1 1.231306003993757 6.442281270202825 
0 0 1 1.231306003993759 6.442281270202828 
0 -1 1 0.2430068728469943 11.63672067037763 
0 -2 1 0.24300687284698985 11.636720669706335 
0 -3 0 0.14806871825027135 11.999999999462203 
0 -4 0 0.14806871825027346 11.999999792501105 
0 -5 0 2.6972243622680065 7.999999999999999 
1 -5 0 5.0 5.0 
0 -6 0 2.697224362268005 7.999999999999999 
1 -6 0 5.0 5.0 
-1 1 0 2.0000000000000004 4.0 
-1 0 0 1.9999999999999998 4.0 
-1 -1 0 0.24300687284699726 9.583139062733746 
-1 -2 0 0.2430068728470153 9.583138786311249 
-1 -3 0 0.1480687182502928 11.999999973499593 
-1 -4 0 0.14806871825027665 11.999999991052606 
-1 -5 0 0.2441765835182626 9.675723363243057 
-1 -6 0 0.24417658351828272 9.675723378150877 
-2 -1 0 2.697224362268005 8.0 
-2 -2 0 2.697224362268004 8.0 
-2 -3 0 0.5526822209287345 11.999999998366047 
-2 -4 0 0.5526822210917873 11.999999995815458 
-2 -5 0 0.24417658351825391 11.627035715244759 
-2 -6 0 0.2441765835322015 11.627035715244753 
-2 -7 0 0.6595408434023882 6.780557094871381 
-1 -7 0 2.0 4.0 
-2 -8 0 0.6595408434023879 6.780557094871382 
-1 -8 0 1.9999999999999998 4.0 
-3 -1 0 5.0 5.0 
-3 -2 0 5.0 5.0 
-3 -3 0 2.6459414887581567 10.000000000000002 
-3 -4 0 2.6459414887581576 10.000000000000002 
-3 -5 0 0.6760415814513435 11.62703571524477 
-3 -6 0 0.6760415814513431 11.627035715244768 
-3 -7 0 0.6595408434023877 8.87936184606296 
-3 -8 0 0.6595408434023878 8.879361846062956 
-4 -3 0 7.0 7.0 
-4 -4 0 7.0 7.0 
-4 -5 0 3.4543922915251883 10.168668653594258 
-4 -6 0 3.45439229152519 10.168668653594258 
-4 -7 0 2.4078958915544284 8.879361846062958 
-4 -8 0 2.407895891554429 8.879361846062958 
-4 -9 0 1.0 1.0 
-3 -9 0 1.0 1.0 
-4 -10 0 1.0 1.0 
-3 -10 0 1.0 1.0 
