4 10 0 2.0 4.0 
5 10 0 4.0 4.0 
4 9 0 2.0000000000000004 4.0 
5 9 0 4.0 4.0 
4 8 0 1.6469349690145811 12.372281323269016 
5 8 0 5.000000000000002 12.372281323269014 
4 7 0 1.6469349690145825 12.37228132326901 
5 7 0 5.0 12.37228132326901 
4 6 0 2.1296859434199007 14.893476892614695 
5 6 0 7.1404766113847815 13.433664629783287 
4 5 0 2.1296859434201254 14.893476940682792 
5 5 0 7.1404766113847815 13.433664629783289 
4 4 0 4.197611460892953 13.999999999999998 
5 4 0 12.0 12.0 
4 3 0 4.197611460892951 14.0 
5 3 0 12.0 12.0 
3 10 0 2.0 4.0 
3 9 0 1.9999999999999998 4.0 
3 8 0 1.06847997616303 11.973930336438123 
3 7 0 1.0684799752399923 11.973930336438123 
3 6 0 1.061447544024315 14.893476995255066 
3 5 0 1.0614475425552605 14.89347699650018 
3 4 0 1.1516669312161236 15.999999998982533 
3 3 0 1.1516669312152947 15.999999997734454 
3 2 0 2.8552004087035074 12.828427122191828 
4 2 0 7.267949192431123 10.732050807568877 
3 1 0 2.8552003961433776 12.828427124267792 
4 1 0 7.267949192431124 10.732050807568879 
2 10 0 2.0 4.0 
2 9 0 2.0000000000000004 4.0 
2 8 0 1.0684799752399947 9.505106263206633 
2 7 0 1.068479975240025 9.505106263206637 
2 6 0 0.4172236744051366 13.854139878017504 
2 5 0 0.41722367440299996 13.854139877078111 
2 4 0 0.32197843740962206 15.9999999985037 
2 3 0 0.3219784374195186 15.99999999950023 
2 2 0 0.4967800139888296 14.865526714550928 
2 1 0 0.4967800139697718 14.865526827954561 
2 0 0 1.9901557596559978 10.828427124746105 
3 0 0 5.267949192431122 8.732050807568875 
2 -1 0 1.9901557596582033 10.82842648166511 
3 -1 0 5.267949192431123 8.732050807568879 
1 8 0 1.5857864376269053 8.0 
1 7 0 1.5857864376269055 8.000000000000002 
1 6 0 0.4172236741007482 12.591047099829414 
1 5 0 0.41722367410645084 12.591047041770787 
1 4 1 0.32197843740023785 15.493501483067549 
1 3 1 0.3219784374002371 15.493501486700161 
1 2 2 0.49678001395276655 15.518422170230977 
1 1 2 0.49678001395276733 15.518421483231002 
1 0 1 1.1017326388425983 12.688126372261488 
1 -1 1 1.1017326388520383 12.688126371036017 
1 -2 0 1.9999999999999993 8.249140538129549 
2 -2 0 4.0 6.0 
1 -3 0 2.0 8.24914053812955 
2 -3 0 4.0 6.0 
0 8 0 3.9999999999999996 6.0 
0 7 0 4.0 6.0 
0 6 0 1.9261378510667166 10.999999929241067 
0 5 0 1.926137851066706 10.999999800359415 
0 4 0 1.0693168660665267 14.572281027306493 
0 3 0 1.0693168639392088 14.572281023997581 
0 2 0 0.39631159515783365 15.765600562084893 
0 1 0 0.3963115953572959 15.765600543086482 
0 0 0 0.28457900155472954 14.173172829309987 
0 -1 0 0.28457900155872606 14.173172829111666 
0 -2 0 0.417639262283245 10.166339068902484 
0 -3 0 0.4176392623181863 10.16633906900503 
-1 6 0 3.585786437626904 9.000000000000002 
-1 5 0 3.585786437626904 8.999999999999998 
-1 4 0 1.50823198281927 12.999999677888031 
-1 3 0 1.5082319828593596 12.999999476221625 
-1 2 0 0.39631159515603676 15.765600520303499 
-1 1 0 0.3963115951743636 15.76560059029752 
-1 0 1 0.2845790015543246 14.748555223102262 
-1 -1 1 0.28457900155432153 14.748555227420145 
-1 -2 2 0.41763926228324355 11.189554012595117 
-1 -3 2 0.9298394650356329 11.189554012637004 
-1 -4 1 2.0 5.0 
0 -4 0 2.0 4.0 
-1 -5 1 2.0 5.0 
0 -5 0 2.0 4.0 
-2 4 0 7.585786437626904 11.0 
-2 3 0 7.585786437626904 11.0 
-2 2 0 3.9387618678858254 14.999999999998746 
-2 1 0 3.9387618678858165 14.999999999983752 
-2 0 0 2.7551612745383687 14.748555130371226 
-2 -1 0 2.7551612650117048 14.74855516727299 
-2 -2 0 2.136852445146903 11.346462189537586 
-2 -3 0 2.1368524452580706 11.346462189535455 
-2 -4 0 2.0000000000000013 5.000000000000001 
-2 -5 0 2.0 5.0 
-3 2 0 13.0 13.0 
-3 1 0 13.0 13.0 
-3 0 0 9.000000000000002 14.302775637731994 
-3 -1 0 9.0 14.302775637731994 
-3 -2 0 5.931292176670044 11.346462189567422 
-3 -3 0 5.931292176670046 11.346462189567426 
-3 -4 0 5.0 5.0 
-3 -5 0 5.0 5.0 
