1 3 0 1.0000000000000004 4.0 
2 3 0 4.0 4.0 
1 2 0 0.9999999999999992 4.0 
2 2 0 4.0 4.0 
1 1 0 1.0918124118099601 11.000000000000004 
2 1 0 4.999999999999999 11.0 
1 0 0 1.0918124118099577 11.0 
2 0 0 5.0 11.0 
1 -1 0 1.7916768767953104 12.922487382625796 
2 -1 0 6.750859461870451 12.102775049096639 
1 -2 0 1.7916768767939009 12.922487324201402 
2 -2 0 6.7508594618704505 12.10277504909664 
1 -3 0 3.5185049185646933 13.000000000000004 
2 -3 0 11.0 11.0 
1 -4 0 3.518504918564693 13.000000000000002 
2 -4 0 11.0 11.0 
0 3 0 0.9999999999999997 4.0 
0 2 0 0.9999999999999997 4.0 
0 1 1 0.999001245893203 10.973035859588942 
0 0 1 0.9990012458932033 10.9730358595889 
0 -1 1 0.6413715613609197 12.922486777958413 
0 -2 1 0.6413715613609198 12.92248742092276 
0 -3 0 0.38927638145548216 13.67585013274333 
0 -4 0 0.389276381455482 13.675850133565444 
0 -5 0 1.587702918439499 10.999999592941835 
1 -5 0 5.585786437626908 9.000000000000002 
0 -6 0 1.587702918439408 10.999999754108227 
1 -6 0 5.585786437626904 9.0 
-1 3 0 3.0 3.0 
-1 2 0 3.0 3.0 
-1 1 0 0.9990012458932038 9.011963984539094 
-1 0 0 0.9990012458932035 9.011963984539086 
-1 -1 1 0.6413715613609206 12.28017104924568 
-1 -2 1 0.6413715613609206 12.280171054756098 
-1 -3 0 0.38927638174925205 13.74793611630443 
-1 -4 0 0.3892763815590119 13.747936116351973 
-1 -5 0 0.6956261945670992 12.999999999972793 
-1 -6 0 0.6956261945668285 12.999999533367685 
-1 -7 0 1.8241605508505627 8.854277689892957 
0 -7 0 3.585786437626904 7.0 
-1 -8 0 1.8241605508505614 8.854277689892964 
0 -8 0 3.5857864376269046 7.0 
-2 1 0 3.4384471871911697 7.561552812808831 
-2 0 0 3.4384471871911697 7.561552812808831 
-2 -1 0 1.5620798128965134 11.799511235205355 
-2 -2 0 1.5620798129021052 11.799511246078655 
-2 -3 0 0.4160834674460103 13.747936115985091 
-2 -4 0 0.4160834674460098 13.747936116170361 
-2 -5 1 0.6956261945659667 13.733529135297749 
-2 -6 1 0.6956261945659723 13.733529135567958 
-2 -7 0 0.7802574573960309 10.99999973373351 
-2 -8 0 0.7802574573960323 10.999999999999996 
-2 -9 0 3.0 4.0 
-1 -9 0 4.0 4.0 
-2 -10 0 3.0 4.000000000000001 
-1 -10 0 4.0 4.0 
-3 -1 0 5.2087121525220805 9.79128784747792 
-3 -2 0 5.2087121525220805 9.79128784747792 
-3 -3 0 2.4771744862050236 12.999999957479693 
-3 -4 0 2.4771744862050227 12.999999812327752 
-3 -5 0 0.9488634540955405 13.73352908402116 
-3 -6 0 0.9488634542639335 13.733529124086512 
-3 -7 0 0.7802574573960445 12.524139017632901 
-3 -8 0 0.7802574573963252 12.524138881313569 
-3 -9 0 2.9999999999999996 8.64575131106459 
-3 -10 0 2.999999999999999 8.645751311064588 
-4 -1 0 6.0 6.0 
-4 -2 0 6.0 6.0 
-4 -3 0 2.4771744862050245 11.000000000000004 
-4 -4 0 2.477174486205025 10.999999999999998 
-4 -5 0 0.9488634540651415 12.786157277464556 
-4 -6 0 0.948863454065135 12.786157281596916 
-4 -7 1 1.1623535552056186 12.524138907772247 
-4 -8 1 1.1623535552056152 12.524139017632983 
-4 -9 1 1.2226279096930668 10.146661154225294 
-4 -10 1 1.2226279096930681 10.146661154225294 
-5 -3 0 8.0 8.0 
-5 -4 0 8.0 8.0 
-5 -5 0 3.725082782364625 11.274917217635375 
-5 -6 0 3.725082782364625 11.274917217635375 
-5 -7 0 2.034060122360666 11.021641544051578 
-5 -8 0 2.0340601223606662 11.02164154405158 
-5 -9 0 1.2226279096930668 10.146661154225296 
-5 -10 0 1.2226279096930668 10.146661154225292 
-5 -11 0 1.0 1.0 
-4 -11 0 1.0 1.0 
-5 -12 0 1.0 1.0 
-4 -12 0 1.0 1.0 
