2 6 0 2.0 5.000000000000001 
3 6 0 5.0 5.0 
2 5 0 2.0 5.0 
3 5 0 5.0 5.0 
2 4 0 1.863347025778813 10.0 
3 4 0 10.0 10.0 
2 3 0 1.863347025778817 10.000000000000004 
3 3 0 10.0 10.0 
1 6 0 1.9999999999999996 5.0 
1 5 0 1.9999999999999998 5.000000000000001 
1 4 0 0.5074051454502801 9.195613208060166 
1 3 0 0.5074051454502838 9.19561320806016 
1 2 0 0.6414117754863806 9.730193884883079 
2 2 0 3.0827140069064654 9.000000000000004 
1 1 0 0.6414117754864683 9.730194214225481 
2 1 0 3.082714006906467 9.0 
0 6 0 1.9999999999999996 5.000000000000001 
0 5 0 1.9999999999999996 5.000000000000001 
0 4 0 0.5074051454502815 8.5612237307713 
0 3 0 0.507405145450286 8.561223721251086 
0 2 1 0.6414117754863596 9.730194229262612 
0 1 1 0.6414117754863579 9.730194229264844 
0 0 1 0.5883252801755057 8.593070157813509 
1 0 0 1.0983520386890002 7.0 
0 -1 1 0.5883252801755041 8.59307015777689 
1 -1 0 1.0983520386889971 7.000000000000001 
-1 6 0 4.0 4.0 
-1 5 0 4.0 4.0 
-1 4 0 2.4384471871911697 7.999999999999998 
-1 3 0 2.43844718719117 8.0 
-1 2 0 1.1997496762785544 9.133980252490494 
-1 1 0 1.1997496762785496 9.133980252490232 
-1 0 0 0.5883252801764597 8.593070157821973 
-1 -1 0 0.5883252801771098 8.59307015782324 
-1 -2 0 0.4559428898038519 6.463565909016464 
0 -2 0 0.4559428898038524 4.646020966722048 
-1 -3 0 0.45594288980385006 6.463565909016465 
0 -3 0 0.45594288980385245 4.646020966722048 
-2 4 0 6.0 6.0 
-2 3 0 6.0 6.0 
-2 2 0 3.177597091588144 7.876289654534731 
-2 1 0 3.1775970915881446 7.876289654534732 
-2 0 0 1.8029026360546005 8.52394693000649 
-2 -1 0 1.8029026360546012 8.523946930006492 
-2 -2 0 1.1751793953067164 6.463565909016462 
-2 -3 0 1.175179395306716 6.463565909016462 
-2 -4 0 1.0 1.0 
-1 -4 0 1.0 1.0 
-2 -5 0 1.0 1.0 
-1 -5 0 1.0 1.0 
