0 0 1 3.0000000000000004 4.0 
1 0 0 4.0 4.0 
0 -1 1 3.0 3.999999999999999 
1 -1 0 4.0 4.0 
0 -2 1 1.6447322843998133 10.828427124746192 
1 -2 0 5.17157287525381 10.82842712474619 
0 -3 1 1.644732284399814 10.828427124746192 
1 -3 0 5.171572875253808 10.82842712474619 
0 -4 0 1.0038107359743078 12.0 
1 -4 0 10.0 10.0 
0 -5 0 1.0038107359743071 12.000000000000004 
1 -5 0 10.0 10.0 
-1 0 0 2.9999999999999996 3.0000000000000004 
-1 -1 0 2.9999999999999996 3.0 
-1 -2 0 0.786688297852426 9.525972639400695 
-1 -3 0 0.7866882978524142 9.525972639401298 
-1 -4 0 1.0038107359743187 11.999999999991743 
-1 -5 0 1.0038107359743098 11.999999675293308 
-1 -6 0 1.6467265422344397 9.787254663478983 
0 -6 0 3.2679491924311224 8.000000000000002 
-1 -7 0 1.6467265423447626 9.787254663478981 
0 -7 0 3.267949192431123 8.0 
-2 0 0 3.0 3.0 
-2 -1 0 3.0 3.0 
-2 -2 0 0.7866882978524021 7.57436138174207 
-2 -3 0 0.7866882978524041 7.574361381742074 
-2 -4 2 1.4460018753798158 11.999999997458263 
-2 -5 2 1.4460018753798147 11.999999999991633 
-2 -6 2 1.4460018753798165 11.99999999998851 
-2 -7 2 1.4460018753798163 11.999999999980353 
-2 -8 0 0.7866882978524031 7.574361381742071 
-1 -8 0 3.585786437626905 6.414213562373095 
-2 -9 0 0.7866882978524008 7.574361381742074 
-1 -9 0 3.585786437626905 6.414213562373094 
-3 -2 0 3.585786437626904 6.414213562373096 
-3 -3 0 3.5857864376269046 6.414213562373096 
-3 -4 0 1.6467265422344362 9.787254663478983 
-3 -5 0 1.6467265422344404 9.787254663478986 
-3 -6 0 1.0038107359743087 11.999999432261987 
-3 -7 0 1.003810735974418 11.999999755465756 
-3 -8 0 0.7866882978524034 9.525972639401282 
-3 -9 0 0.7866882978524424 9.52597263940117 
-3 -10 0 3.0 3.0 
-2 -10 0 3.0 3.0 
-3 -11 0 2.9999999999999996 3.0 
-2 -11 0 3.0 3.0 
-4 -4 0 3.267949192431121 8.0 
-4 -5 0 3.267949192431123 8.0 
-4 -6 0 1.003810735974306 11.999999999999996 
-4 -7 0 1.003810735974308 12.0 
-4 -8 1 1.6447322843998171 10.82842712474619 
-4 -9 1 1.6447322843998138 10.828427124746192 
-4 -10 1 2.9999999999999996 4.0 
-4 -11 1 2.999999999999999 4.0 
-5 -6 0 10.0 10.0 
-5 -7 0 10.0 10.0 
-5 -8 0 5.171572875253809 10.82842712474619 
-5 -9 0 5.17157287525381 10.82842712474619 
-5 -10 0 4.0 4.0 
-5 -11 0 4.0 4.0 
