1 3 0 0.5857864376269052 4.0 
2 3 0 4.0 4.0 
1 2 0 0.585786437626905 4.0 
2 2 0 4.0 4.0 
1 1 0 0.8606678788851958 9.236067977499788 
2 1 0 4.763932022500209 9.23606797749979 
1 0 0 0.860667878885195 9.236067977499788 
2 0 0 4.763932022500211 9.23606797749979 
1 -1 0 1.362400170232191 9.646892057463388 
2 -1 0 9.0 9.0 
1 -2 0 1.3624001702321933 9.646892057463386 
2 -2 0 9.0 9.0 
0 3 0 0.585786437626905 3.4142135623730954 
0 2 0 0.5857864376269044 3.4142135623730945 
0 1 1 0.8606678788851929 8.403502298050167 
0 0 1 0.8606678788851956 8.403502298050157 
0 -1 1 0.7556373086012018 9.78612912886611 
0 -2 1 0.7556373086012012 9.786129127578764 
0 -3 0 0.4497172283339929 8.728723227563227 
1 -3 0 2.438447187191171 7.0 
0 -4 0 0.4497172283339937 8.728723227563226 
1 -4 0 2.4384471871911693 7.0 
-1 1 0 0.9684796132232899 6.483025561194427 
-1 0 0 0.9684796132232898 6.483025561194428 
-1 -1 0 0.7556373086012022 9.786129028492502 
-1 -2 0 0.7556373086012025 9.786129082723315 
-1 -3 0 0.44971722833399336 9.281591233508559 
-1 -4 0 0.44971722833484956 9.281591233508557 
-1 -5 0 1.585786437626904 5.0 
0 -5 0 1.585786437626905 4.414213562373094 
-1 -6 0 1.5857864376269042 5.000000000000002 
0 -6 0 1.5857864376269049 4.414213562373095 
-2 -1 0 2.694102470666568 8.785667011198 
-2 -2 0 2.6941024706665693 8.785667011198003 
-2 -3 0 1.7161770572288506 9.999999999999998 
-2 -4 0 1.7161770572288555 9.999999999999998 
-2 -5 0 1.5857864376269046 5.0 
-2 -6 0 1.5857864376269049 5.0 
-3 -3 0 10.0 10.0 
-3 -4 0 10.0 10.0 
-3 -5 0 5.0 5.0 
-3 -6 0 5.0 5.0 
