4 10 0 1.5857864376269044 5.000000000000001 
5 10 0 5.0 5.0 
4 9 0 1.5857864376269053 5.0 
5 9 0 5.0 5.0 
4 8 0 2.1312219084247603 12.0 
5 8 0 6.999999999999999 12.0 
4 7 0 2.131221908424759 12.0 
5 7 0 7.0 12.0 
4 6 0 2.8481783078951497 13.999999999999998 
5 6 0 12.0 12.0 
4 5 0 2.8481783078951577 14.000000000000002 
5 5 0 12.0 12.0 
3 10 0 1.5857864376269049 5.000000000000001 
3 9 0 1.585786437626904 5.0 
3 8 0 0.4601971783304012 11.419199627449554 
3 7 0 0.4601971781796246 11.419199638207779 
3 6 0 0.907432855529574 13.99999999991467 
3 5 0 0.907432855507817 13.99999998835875 
3 4 0 1.6043492591689432 11.849393561293224 
4 4 0 5.438447187191169 10.000000000000002 
3 3 0 1.6043492575445757 11.84939387387728 
4 3 0 5.4384471871911675 10.0 
2 10 0 1.5857864376269053 4.414213562373096 
2 9 0 1.585786437626905 4.414213562373094 
2 8 0 0.4601971781899395 10.10176605198584 
2 7 0 0.4601971781895271 10.101766064462199 
2 6 1 0.9074328555042427 13.543877893691214 
2 5 1 0.9074328555042441 13.54387744449002 
2 4 1 1.0504292680409277 13.9999999676553 
2 3 1 1.0504292680409206 13.999999997296632 
2 2 0 0.9139415650435669 9.837976272658732 
3 2 0 3.4384471871911693 8.0 
2 1 0 0.9139415650006789 9.837976272658523 
3 1 0 3.438447187191171 8.0 
1 8 0 2.082435085934396 8.370025093740217 
1 7 0 2.082435085934394 8.37002509374021 
1 6 0 1.2172130385608422 11.847870072164755 
1 5 0 1.2172130385607824 11.847870275643931 
1 4 0 0.5283729646674389 13.999999639264626 
1 3 0 0.528372964537054 13.999999998871244 
1 2 0 0.91394156499881 11.449498101651642 
1 1 0 0.9139415649997862 11.449498165459406 
1 0 0 1.7856802566224654 6.0 
2 0 0 2.5857864376269046 5.414213562373096 
1 -1 0 1.7856802566224643 5.999999999999998 
2 -1 0 2.585786437626906 5.414213562373095 
0 6 0 1.8496228103022028 10.58095115915295 
0 5 0 1.8496228103022045 10.580951159152953 
0 4 0 0.5283729650022204 13.916338299757054 
0 3 0 0.528372964523337 13.91633816524958 
0 2 1 0.9174390967719639 12.890462935589282 
0 1 1 0.9174390967719682 12.890463037835792 
0 0 1 1.7856802566224648 6.774622899504489 
0 -1 1 1.7856802566224643 6.774622899504488 
-1 4 0 4.212445498746509 12.000000000000002 
-1 3 0 4.212445498746507 12.000000000000002 
-1 2 0 3.07521606636797 14.0 
-1 1 0 3.0752160663679717 14.000000000000002 
-1 0 0 2.7716717840533653 6.999999999999999 
-1 -1 0 2.771671784053365 7.000000000000001 
-2 2 0 14.0 14.0 
-2 1 0 14.0 14.0 
-2 0 0 7.0 7.0 
-2 -1 0 7.0 7.0 
