3 11 0 2.0 2.0 
4 11 0 2.0 2.0 
3 10 0 2.0 2.0 
4 10 0 2.0 2.0 
3 9 0 0.5258063413896246 7.236067977499788 
4 9 0 2.7639320225002098 7.23606797749979 
3 8 0 0.5258063413896207 7.236067977499788 
4 8 0 2.7639320225002106 7.236067977499791 
3 7 0 0.8040653534078 8.0 
4 7 0 6.0 6.0 
3 6 0 0.8040653534078004 7.999999999999999 
4 6 0 6.0 6.0 
2 11 0 2.0 2.0 
2 10 0 2.0 2.0 
2 9 0 0.5258063413896235 6.586874512018426 
2 8 0 0.5258063413896229 6.586874512018426 
2 7 1 0.8040653534078022 8.0 
2 6 1 0.8040653534078024 7.999999999999998 
2 5 1 2.2679491924311233 7.000000000000002 
3 5 0 2.9999999999999996 5.0 
2 4 1 2.2679491924311233 7.0 
3 4 0 3.0000000000000004 5.0 
1 9 0 4.0 6.0 
1 8 0 3.9999999999999996 6.0 
1 7 0 1.4530484824648862 7.197000575314243 
1 6 0 1.4530484824648842 7.197000575314243 
1 5 0 0.4363621076656781 6.999999999999999 
1 4 0 0.4363621076656781 7.000000000000001 
1 3 0 0.6570769172228297 4.81360650264833 
2 3 0 2.0 2.0 
1 2 0 0.6570769172228298 4.81360650264833 
2 2 0 2.0 2.0 
0 9 0 4.0 4.0 
0 8 0 4.0 4.0 
0 7 0 1.7117543887292623 6.288245611270735 
0 6 0 1.7117543887292623 6.288245611270739 
0 5 0 0.43636210766567735 6.924516418829584 
0 4 0 0.43636210766567796 6.924516418829585 
0 3 1 0.6570769172228295 4.81360650264833 
0 2 1 0.6570769172228296 4.81360650264833 
