2 4 0 4.999999999999999 7.0 
3 4 0 7.0 7.0 
2 3 0 4.999999999999999 7.0 
3 3 0 7.0 7.0 
2 2 0 5.000000000007028 13.561552812808827 
3 2 0 9.0 13.56155281280883 
2 1 0 5.0000000000043725 13.56155281280869 
3 1 0 8.999999999999998 13.56155281280883 
2 0 0 5.00000000000016 15.999999974786528 
3 0 0 11.43844718719117 15.561552812808829 
2 -1 0 5.000000000000238 15.999999618488413 
3 -1 0 11.43844718719117 15.561552812808833 
2 -2 0 7.438447187192324 17.99999999999948 
3 -2 0 16.0 16.0 
2 -3 0 7.438447187192856 17.999999999999968 
3 -3 0 16.0 16.0 
1 4 0 3.0000000000000004 7.0 
1 3 0 3.000000000000001 7.000000000000001 
1 2 0 3.0000000000000133 13.561552799230245 
1 1 0 3.000000017998737 13.56155281159125 
1 0 0 3.0000000000000226 15.999999997582728 
1 -1 0 3.000000000002264 15.999999988988709 
1 -2 0 3.066970850993554 17.99999996126747 
1 -3 0 3.0669708516220116 17.99999999949012 
1 -4 0 3.59733670159091 15.999999486924036 
2 -4 0 11.999999999999998 15.0 
1 -5 0 3.5973367015416 15.999999591636005 
2 -5 0 11.999999999999998 15.000000000000002 
0 4 0 2.9999999999999996 7.000000000000002 
0 3 0 2.9999999999999996 7.000000000000001 
0 2 0 1.4215345094433451 13.06912171296963 
0 1 0 1.4215345094423164 13.069121707726254 
0 0 0 1.146737955994224 15.999999997930319 
0 -1 0 1.1467379532810347 15.999999990827458 
0 -2 0 1.1467379534106243 17.99999999297718 
0 -3 0 1.1467379532819073 17.999999997138993 
0 -4 0 1.1467379533660802 17.488140332791613 
0 -5 0 1.1467379532865927 17.488140669780126 
0 -6 0 2.1407824430405236 14.515101996981286 
1 -6 0 7.999999999999999 13.414213562373096 
0 -7 0 2.140782443035964 14.515102011873909 
1 -7 0 7.999999999999999 13.414213562373094 
-1 4 0 2.999999999999999 7.000000000000002 
-1 3 0 2.999999999999999 7.0 
-1 2 1 1.3156084336370777 11.738291180442493 
-1 1 1 1.315608433637077 11.73829116496085 
-1 0 4 1.3054949185563645 15.208118948149702 
-1 -1 4 1.3156773958201309 15.208118286058438 
-1 -2 6 1.146737953280005 17.999999993321406 
-1 -3 6 1.146737953280001 17.999999998565027 
-1 -4 4 0.3666030785112374 17.999999999736794 
-1 -5 4 0.3666030785112353 17.999999993787235 
-1 -6 1 0.26698961688211253 15.603833802096666 
-1 -7 1 0.2669896168821661 15.603834195019184 
-1 -8 0 0.2669896169017246 12.515102025595326 
0 -8 0 3.999999999999997 11.414213562373096 
-1 -9 0 0.26698961688211187 12.515102027316052 
0 -9 0 3.9999999999999987 11.414213562373092 
-2 4 0 2.999999999999999 7.0 
-2 3 0 3.0 7.0 
-2 2 0 1.3156084336376015 11.576307407059558 
-2 1 0 1.3156084336800826 11.576307407826896 
-2 0 0 0.3346718822647803 13.999999967978884 
-2 -1 0 0.33467188226390737 13.99999999233399 
-2 -2 0 0.2770694833984454 17.20811894815361 
-2 -3 0 0.27706948339842735 17.208118945247325 
-2 -4 0 0.2669896168884158 17.999999840987346 
-2 -5 0 0.26698961688776485 17.999999687757725 
-2 -6 0 0.2669896169567777 16.971124299564917 
-2 -7 0 0.266989616920526 16.971124686832585 
-2 -8 0 0.26698961690274187 13.603832790490156 
-2 -9 0 0.2669896169412711 13.60383402640726 
-2 -10 0 0.6032808484193516 9.890349814984818 
-1 -10 0 2.5857864376269055 9.414213562373096 
-2 -11 0 0.6032808484153165 9.890349814984827 
-1 -11 0 2.5857864376269064 9.414213562373096 
-3 2 0 3.9999999999999996 10.56155281280883 
-3 1 0 4.0000000000000036 10.56155281280883 
-3 0 0 2.038512533136105 13.57630740535332 
-3 -1 0 2.038512531199811 13.576307401829594 
-3 -2 0 0.7248227001984116 15.99999999397669 
-3 -3 0 0.7248227001879415 15.999999999047473 
-3 -4 0 0.48707581810049067 17.99999979045584 
-3 -5 0 0.4870758180421196 17.999999935764436 
-3 -6 0 0.48707581806311373 16.971124756277046 
-3 -7 0 0.487075817973692 16.971071829075836 
-3 -8 0 0.4870758179692995 14.970440256828997 
-3 -9 0 0.4870758181899469 14.97112462426977 
-3 -10 0 0.6032808483790456 11.240909862049717 
-3 -11 0 0.6032808483812778 11.240909862775666 
-3 -12 0 2.0000000000000004 6.0 
-2 -12 0 1.9999999999999996 6.0 
-3 -13 0 1.9999999999999996 6.000000000000002 
-2 -13 0 1.9999999999999998 6.0 
-4 0 0 5.438447187191166 12.561552812808833 
-4 -1 0 5.4384471871911675 12.561552812808833 
-4 -2 0 3.7295212658074903 14.645361590050378 
-4 -3 0 3.7295212658813384 14.645361588487932 
-4 -4 0 2.5856746181418213 17.999999999988344 
-4 -5 0 2.585674623954138 17.999999999994373 
-4 -6 0 1.7268133549957458 16.971106966934457 
-4 -7 0 1.7268133549395286 16.971124727413436 
-4 -8 0 1.7268133549326576 14.970546972817186 
-4 -9 0 1.72681335925071 14.97105352060148 
-4 -10 0 1.7268133549316536 12.561552812740032 
-4 -11 0 1.7268133549319746 12.561552812792016 
-4 -12 0 1.9999999999999991 6.0 
-4 -13 0 2.0 6.000000000000001 
-5 -2 0 9.438447187191171 14.000000000000002 
-5 -3 0 9.43844718719117 14.000000000000002 
-5 -4 0 6.627718676733132 15.967655744804782 
-5 -5 0 6.627718676733246 15.96765636022727 
-5 -6 0 5.000000075451159 16.970548783310356 
-5 -7 0 5.000000024331827 16.97079236003974 
-5 -8 0 4.00000003212359 14.971124756313415 
-5 -9 0 4.0000000000000036 14.971057881791431 
-5 -10 0 3.7268133549316467 12.561552812808827 
-5 -11 0 3.7268133549316462 12.561552812808824 
-5 -12 0 3.9999999999999996 6.0 
-5 -13 0 3.9999999999999987 6.0 
-6 -4 0 15.0 15.0 
-6 -5 0 15.0 15.0 
-6 -6 0 10.627718676730986 16.372281323269014 
-6 -7 0 10.627718676730982 16.372281323269014 
-6 -8 0 8.627718676730984 14.56155281280883 
-6 -9 0 8.627718676730987 14.561552812808829 
-6 -10 0 7.000000000000001 12.56155281280883 
-6 -11 0 7.0 12.561552812808827 
-6 -12 0 6.0 6.0 
-6 -13 0 6.0 6.0 
