1 3 0 1.0 1.0 
2 3 0 1.0 1.0 
1 2 0 1.0 1.0 
2 2 0 1.0 1.0 
1 1 0 1.2313060039937571 9.323272970502769 
2 1 0 1.3037879343105616 9.32327297050277 
1 0 0 1.2313060039937582 9.32327297050277 
2 0 0 1.3037879343105623 9.323272970502767 
1 -1 0 1.2112889369098072 11.636720670931467 
2 -1 0 2.8599450553597405 10.140054944640257 
1 -2 0 1.2112889369098048 11.63672067093147 
2 -2 0 2.859945055359741 10.140054944640262 
1 -3 0 2.6914307067007526 9.999999999999998 
2 -3 0 7.0 7.0 
1 -4 0 2.6914307067007526 10.000000000000002 
2 -4 0 7.0 7.0 
0 1 1 1.2313060039937556 6.442281270202828 
0 0 1 1.2313060039937564 6.442281270202832 
0 -1 1 0.24300687284698944 11.636720657530285 
0 -2 1 0.24300687284699324 11.63672066444972 
0 -3 0 0.1480687182735327 11.999999992024357 
0 -4 0 0.14806871825148912 11.999999998659156 
0 -5 0 2.697224362268004 7.999999999999999 
1 -5 0 5.0 5.0 
0 -6 0 2.6972243622680048 8.0 
1 -6 0 5.0 5.0 
-1 1 0 2.0000000000000004 4.0 
-1 0 0 1.9999999999999998 4.0 
-1 -1 0 0.2430068728469969 9.583138919203954 
-1 -2 0 0.24300687284699818 9.58313906273374 
-1 -3 0 0.14806871825032192 11.999999943525628 
-1 -4 0 0.14806871825027884 11.999999980752456 
-1 -5 0 0.24417658351825308 9.675723373203846 
-1 -6 0 0.24417658351825747 9.675723318748258 
-2 -1 0 2.6972243622680057 8.0 
-2 -2 0 2.6972243622680043 7.999999999999999 
-2 -3 0 0.552682220940218 11.99999999862338 
-2 -4 0 0.5526822209340914 11.999999999263938 
-2 -5 0 0.24417658351825317 11.627035715244773 
-2 -6 0 0.2441765835182518 11.627035715244766 
-2 -7 0 0.6595408434023877 6.78055709487138 
-1 -7 0 1.9999999999999998 4.0 
-2 -8 0 0.6595408434023877 6.780557094871382 
-1 -8 0 2.0 4.0 
-3 -1 0 5.0 5.0 
-3 -2 0 5.0 5.0 
-3 -3 0 2.6459414887581576 10.0 
-3 -4 0 2.6459414887581545 10.0 
-3 -5 0 0.6760415814513446 11.627035715244766 
-3 -6 0 0.6760415814513446 11.627035715244764 
-3 -7 0 0.6595408434023877 8.879361846062954 
-3 -8 0 0.6595408434023886 8.87936184606296 
-4 -3 0 7.0 7.0 
-4 -4 0 7.0 7.0 
-4 -5 0 3.4543922915251892 10.168668653594258 
-4 -6 0 3.4543922915251892 10.168668653594258 
-4 -7 0 2.407895891554429 8.879361846062958 
-4 -8 0 2.4078958915544284 8.879361846062956 
-4 -9 0 1.0 1.0 
-3 -9 0 1.0 1.0 
-4 -10 0 1.0 1.0 
-3 -10 0 1.0 1.0 
