1 3 0 0.9999999999999998 4.0 
2 3 0 4.0 4.0 
1 2 0 0.9999999999999994 4.0 
2 2 0 4.0 4.0 
1 1 0 1.0831602253790367 7.999999999999998 
2 1 0 8.0 8.0 
1 0 0 1.0831602253790396 8.0 
2 0 0 8.0 8.0 
0 3 0 1.0 4.0 
0 2 0 1.0000000000000002 4.0 
0 1 1 1.0831602253790367 7.548521559060321 
0 0 1 1.0831602253790384 7.548521559060325 
0 -1 1 0.648536535186423 7.672053824787689 
1 -1 0 1.8751145802354263 6.761557181831891 
0 -2 1 0.6485365351864254 7.672053824787685 
1 -2 0 1.8751145802354263 6.761557181831891 
-1 3 0 3.0 3.0 
-1 2 0 3.0 3.0 
-1 1 0 1.643880671375265 7.000000000000001 
-1 0 0 1.6438806713752638 7.000000000000001 
-1 -1 0 0.6485365351864248 7.672053824787685 
-1 -2 0 0.648536535186425 7.672053824787684 
-1 -3 0 0.47690440936833056 6.402678829521188 
0 -3 0 0.4769044093683298 4.441290910412462 
-1 -4 0 0.4769044093683299 6.402678829521187 
0 -4 0 0.47690440936832995 4.441290910412461 
-2 1 0 5.0 5.0 
-2 0 0 5.0 5.0 
-2 -1 0 2.2087121525220805 6.79128784747792 
-2 -2 0 2.2087121525220788 6.79128784747792 
-2 -3 0 1.2812903096080848 6.402678829521189 
-2 -4 0 1.2812903096080854 6.402678829521188 
-2 -5 0 1.0 1.0 
-1 -5 0 1.0 1.0 
-2 -6 0 1.0 1.0 
-1 -6 0 1.0 1.0 
