2 6 0 2.0 2.0 
3 6 0 2.0 2.0 
2 5 0 2.0 2.0 
3 5 0 2.0 2.0 
2 4 0 1.0701520548696313 10.681492968236833 
3 4 0 2.3349728556771354 10.681492968236835 
2 3 0 1.07015205486963 10.68149296823683 
3 3 0 2.3349728556771354 10.681492968236835 
2 2 0 1.1713926807423716 14.025361053949167 
3 2 0 3.3951024757894204 12.876126482045303 
2 1 0 1.171392680294614 14.025361049527143 
3 1 0 3.395102475789423 12.876126482045303 
2 0 0 1.9680231934775134 14.51416380977142 
3 0 0 5.635119150027056 13.1464424055661 
2 -1 0 1.9680231937000219 14.514163809712468 
3 -1 0 5.635119150027057 13.146442405566097 
2 -2 0 3.929944173985483 13.000000000000002 
3 -2 0 10.0 10.0 
2 -3 0 3.9299441739854837 13.000000000000004 
3 -3 0 10.0 10.0 
1 6 0 2.0 2.0 
1 5 0 2.0 2.0 
1 4 0 1.0701520548696313 10.39112648466184 
1 3 0 1.070152054869631 10.391126484661841 
1 2 0 0.41129291753135805 14.025361052850302 
1 1 0 0.4112929172244737 14.025361056905824 
1 0 0 0.6670163373617275 15.465117016249106 
1 -1 0 0.6670163371625754 15.465117191756553 
1 -2 0 1.6005595212229484 14.999999962019544 
1 -3 0 1.6005595246949578 14.999999999315639 
1 -4 0 2.8025672912398036 11.79128784747792 
2 -4 0 8.0 8.0 
1 -5 0 2.8025672912398067 11.79128784747792 
2 -5 0 8.0 8.0 
0 4 0 1.5857864376269055 8.645751311064592 
0 3 0 1.5857864376269069 8.645751311064593 
0 2 0 0.4112929172245161 13.23542372541116 
0 1 0 0.41129291722451067 13.235423725452813 
0 0 1 0.6670163371625467 15.465117161147289 
0 -1 1 0.667016337162546 15.465117180998384 
0 -2 1 0.9661214416620746 15.772657060459704 
0 -3 1 0.9661214416620785 15.77260504967208 
0 -4 0 0.8199329268343215 13.843037882655288 
0 -5 0 0.8199329268981186 13.843038016528649 
0 -6 0 3.9999999999999964 9.791287847477921 
1 -6 0 6.0 6.0 
0 -7 0 3.9999999999999982 9.79128784747792 
1 -7 0 6.0 6.0 
-1 4 0 5.0 5.000000000000001 
-1 3 0 4.999999999999999 5.000000000000001 
-1 2 0 1.7504362187533757 11.645751285391238 
-1 1 0 1.750436218753981 11.645751310101922 
-1 0 0 1.0917635561290029 14.57224674778683 
-1 -1 0 1.0917635584404695 14.572246749965418 
-1 -2 0 0.32379014437009657 15.77302567523741 
-1 -3 0 0.3237901443701278 15.772758223658938 
-1 -4 0 0.819932926937479 14.498715492402427 
-1 -5 0 0.8199329269912833 14.498715480609393 
-1 -6 0 1.9070052545024287 11.754727994778989 
-1 -7 0 1.907005252651786 11.75472795134204 
-2 4 0 5.0 5.0 
-2 3 0 5.0 5.0 
-2 2 0 3.257763375515742 9.599103697873355 
-2 1 0 3.2577633755157427 9.599103697873353 
-2 0 0 1.3280479342690557 13.645751311054635 
-2 -1 0 1.3280479342690408 13.645751311063757 
-2 -2 0 0.3237901443700177 15.75052630704894 
-2 -3 0 0.3237901444074968 15.750526286457555 
-2 -4 1 0.7476007733762555 15.048376374056616 
-2 -5 1 0.7476007733761966 15.048376369981233 
-2 -6 0 0.16307374475658418 12.33757233105625 
-2 -7 0 0.1630737447556685 12.337572203159509 
-2 -8 0 1.1547689500154565 8.585359116949089 
-1 -8 0 3.4384471871911684 7.561552812808831 
-2 -9 0 1.154768950015477 8.58535911694908 
-1 -9 0 3.4384471871911697 7.561552812808831 
-3 2 0 4.585786437626905 8.0 
-3 1 0 4.585786437626906 8.0 
-3 0 0 2.8215362189209627 11.589703631959289 
-3 -1 0 2.8215362189204685 11.589703641966075 
-3 -2 0 1.5258371357287324 14.999999369673635 
-3 -3 0 1.525837135628653 14.999999999975525 
-3 -4 0 0.7476007733762241 15.04837640092573 
-3 -5 0 0.7476007733762445 15.048376217487485 
-3 -6 0 0.16307374475566808 12.753141818337918 
-3 -7 0 0.1630737447556692 12.753141815667892 
-3 -8 1 1.1547689500154594 9.019299958052825 
-3 -9 1 1.1547689500154605 9.019299958063538 
-3 -10 0 1.0000000000000002 4.0 
-2 -10 0 3.0 3.0 
-3 -11 0 0.9999999999999997 4.0 
-2 -11 0 3.0 3.0 
-4 0 0 6.585786437626905 10.0 
-4 -1 0 6.585786437626906 10.0 
-4 -2 0 4.6995125000992735 13.146186375544957 
-4 -3 0 4.699512500099274 13.146186375412903 
-4 -4 0 3.0656354615487205 14.748582450891082 
-4 -5 0 3.0656354572478253 14.748582450925976 
-4 -6 0 1.856439445718821 12.753141818603986 
-4 -7 0 1.8564394439589438 12.753141846148727 
-4 -8 0 1.1583080056832786 9.143864422743768 
-4 -9 0 1.1583080056832902 9.143864315558893 
-4 -10 0 0.9999999999999993 4.0 
-4 -11 0 0.9999999999999993 4.0 
-5 -2 0 12.0 12.0 
-5 -3 0 12.0 12.0 
-5 -4 0 8.645054700707576 13.817583738206466 
-5 -5 0 8.645054700707579 13.817583738206466 
-5 -6 0 6.7733672070975794 12.701978288647814 
-5 -7 0 6.773367207097579 12.701978288647812 
-5 -8 0 5.216003272537768 9.143864425752858 
-5 -9 0 5.21600327253777 9.14386442575286 
-5 -10 0 4.0 4.0 
-5 -11 0 4.0 4.0 
