2 6 0 2.0 2.0 
3 6 0 2.0 2.0 
2 5 0 2.0 2.0 
3 5 0 2.0 2.0 
2 4 0 1.0041711872701096 8.899049775378822 
3 4 0 2.418529456868506 8.899049775378822 
2 3 0 1.0041711872701105 8.899049775378824 
3 3 0 2.418529456868506 8.899049775378828 
2 2 0 1.158779621106857 11.52379771876211 
3 2 0 3.598885750176073 11.301790857592854 
2 1 0 1.1587796215684618 11.52379819095851 
3 1 0 3.5988857501760747 11.301790857592854 
2 0 0 1.8474282541533915 12.772183861253616 
3 0 0 5.536703039830588 11.463296960169412 
2 -1 0 1.8474282541538827 12.77218405777283 
3 -1 0 5.536703039830588 11.46329696016941 
2 -2 0 3.5336129870066197 11.0 
3 -2 0 9.0 9.0 
2 -3 0 3.533612987006612 11.0 
3 -3 0 9.0 9.0 
1 6 0 2.0 2.0 
1 5 0 2.0 2.0 
1 4 0 0.9999999999999993 8.892296850003772 
1 3 0 1.0000000000000002 8.892296850003767 
1 2 0 0.872568469596316 11.523798189800761 
1 1 0 0.8725684695963011 11.523798190897597 
1 0 0 1.094790849621125 13.437025634566455 
1 -1 0 1.0947908496513874 13.43702563535604 
1 -2 0 1.6517627632200111 12.999999924302506 
1 -3 0 1.6517627593247517 12.999999983738267 
1 -4 0 3.063826498921787 9.0 
2 -4 0 7.0 7.0 
1 -5 0 3.063826498921787 9.000000000000002 
2 -5 0 6.999999999999999 7.0 
0 4 0 0.9999999999999982 6.481194304092015 
0 3 0 0.9999999999999997 6.481194304092017 
0 2 1 0.8725684695962906 11.461806641633071 
0 1 1 0.8725684695962866 11.461806406898958 
0 0 2 0.6120711740946417 13.437025634934477 
0 -1 2 0.6120711740946415 13.43702563188385 
0 -2 1 0.2048493224559642 13.696386495433616 
0 -3 1 0.20484932245596219 13.696386495454862 
0 -4 0 0.7070134057286207 10.999999979515914 
0 -5 0 0.7070134057137697 10.999999978477263 
0 -6 0 3.0 6.0 
1 -6 0 5.0 5.0 
0 -7 0 2.999999999999999 6.0 
1 -7 0 5.0 5.0 
-1 2 0 1.7862156743945057 9.264879170669122 
-1 1 0 1.7862156743945024 9.264879170669118 
-1 0 0 0.6120711741471706 12.715079624045755 
-1 -1 0 0.6120711740952547 12.715079617715702 
-1 -2 0 0.20484932246539708 13.753148564143341 
-1 -3 0 0.20484932245600637 13.753326969958133 
-1 -4 0 0.7070134056207936 12.538278892126574 
-1 -5 0 0.707013405982319 12.538278892160639 
-1 -6 0 2.4384471871911697 8.0 
-1 -7 0 2.43844718719117 8.0 
-2 2 0 5.0 5.0 
-2 1 0 5.0 5.0 
-2 0 0 2.209777157339604 11.805602832577593 
-2 -1 0 2.209777157339604 11.805602832577591 
-2 -2 0 1.1282074063048986 13.752925317290414 
-2 -3 0 1.1282074063051608 13.753197609974306 
-2 -4 0 1.1218615386891728 13.332069616131355 
-2 -5 0 1.1218615386892123 13.332069616128688 
-2 -6 0 0.8552634864023978 10.552545305308174 
-2 -7 0 0.8552634864023955 10.552545305308177 
-3 0 0 6.000000000000001 8.0 
-3 -1 0 6.0 8.0 
-3 -2 0 2.212777217994052 12.999999999999998 
-3 -3 0 2.2127772179940504 13.000000000000004 
-3 -4 0 1.1218615386891722 13.332069616131976 
-3 -5 0 1.1218615386891722 13.332069616131978 
-3 -6 0 0.8552634864023955 11.848674068513727 
-3 -7 0 0.8552634864023962 11.848674068513724 
-3 -8 0 2.0 2.0 
-2 -8 0 2.0 2.0 
-3 -9 0 2.0 2.0 
-2 -9 0 2.0 2.0 
-4 -2 0 9.0 9.0 
-4 -3 0 9.0 9.0 
-4 -4 0 3.757359312880714 12.242640687119284 
-4 -5 0 3.757359312880716 12.242640687119284 
-4 -6 0 2.488501377914598 11.848674068513724 
-4 -7 0 2.4885013779146 11.848674068513724 
-4 -8 0 2.0 2.0 
-4 -9 0 2.0 2.0 
