2 6 0 0.9999999999999996 3.0 
3 6 0 3.0 3.0 
2 5 0 1.0000000000000004 3.0 
3 5 0 3.0 3.0 
2 4 0 0.9878030536121275 9.505782183622497 
3 4 0 3.5749826478598106 9.505782183622497 
2 3 0 0.9878030536121254 9.5057821836225 
3 3 0 3.5749826478598106 9.505782183622498 
2 2 0 1.185338136927038 13.778006488093721 
3 2 0 4.569936507591667 13.778006488173927 
2 1 0 1.1853381369270495 13.778006488153038 
3 1 0 4.569936507591663 13.778006488173922 
2 0 0 2.011893005544199 14.630633802404066 
3 0 0 7.300684804236276 12.818114928383537 
2 -1 0 2.0118930054901307 14.630633802306646 
3 -1 0 7.300684804236276 12.818114928383538 
2 -2 0 4.048658595790997 13.0 
3 -2 0 11.0 11.0 
2 -3 0 4.048658595790991 13.0 
3 -3 0 11.0 11.0 
1 6 0 1.0000000000000002 3.0 
1 5 0 1.0000000000000002 3.0 
1 4 0 0.4474932051789843 9.22234876671007 
1 3 0 0.44749320518199054 9.222348766717449 
1 2 0 0.4394364437577489 13.754941803521216 
1 1 0 0.43943644375740254 13.754941962480244 
1 0 0 0.577731148355752 15.283126037978976 
1 -1 0 0.5777311482587136 15.283126883819174 
1 -2 0 1.5467006156655252 14.999999754414983 
1 -3 0 1.5467006156836314 14.999999999910214 
1 -4 0 2.9169488157340675 11.000000000000005 
2 -4 0 7.000000000000001 9.0 
1 -5 0 2.9169488157340657 11.000000000000004 
2 -5 0 7.0 9.000000000000002 
0 4 0 0.44749320517768476 7.850374075308311 
0 3 0 0.4474932051776856 7.850374075308312 
0 2 1 0.4394364437574052 12.465677454469038 
0 1 1 0.43943644375740276 12.465677454497204 
0 0 2 0.5777311482587094 15.283126978420611 
0 -1 2 0.5777311482587061 15.28312698493546 
0 -2 1 0.5812057973490514 15.75019769917261 
0 -3 1 0.5812057973490522 15.750197775775861 
0 -4 0 0.8941528459591286 12.99999999990175 
0 -5 0 0.8941528459591291 12.999999999909988 
0 -6 0 2.9999999999999996 9.000000000000002 
1 -6 0 5.000000000000001 7.0 
0 -7 0 3.0 9.0 
1 -7 0 5.0 7.0 
-1 4 0 2.9999999999999996 4.999999999999999 
-1 3 0 3.0 5.0 
-1 2 0 0.9982131500932739 10.812023479108529 
-1 1 0 0.9982131500932729 10.812023479050996 
-1 0 0 0.4458847411622376 14.473308718561556 
-1 -1 0 0.4458847411715127 14.473308697490538 
-1 -2 0 0.431378178211544 15.773205704676181 
-1 -3 0 0.43137817817242813 15.750203783303073 
-1 -4 0 0.5651415379621177 14.265666516114461 
-1 -5 0 0.565141537376799 14.265666470643204 
-1 -6 0 1.6007315461507596 10.635982140542968 
-1 -7 0 1.6007315466747072 10.635982140522273 
-2 2 0 2.4529372826009626 8.441290910412464 
-2 1 0 2.4529372826009626 8.441290910412459 
-2 0 0 0.44588474155154323 12.865300415288278 
-2 -1 0 0.44588474121610094 12.865300629496632 
-2 -2 1 0.43137817817240537 15.77320569003504 
-2 -3 1 0.43137817817240565 15.773205650819122 
-2 -4 2 0.7891800586535266 15.18829275236265 
-2 -5 2 0.7891800586535297 15.188292838392735 
-2 -6 1 0.6924124422203857 12.041284311342173 
-2 -7 1 0.6924124422203861 12.04128431133907 
-2 -8 0 0.9999999999999996 6.000000000000002 
-1 -8 0 3.0000000000000004 5.0 
-2 -9 0 1.0000000000000007 6.0 
-1 -9 0 3.0000000000000004 5.0 
-3 0 0 3.210357790311115 10.761557181831892 
-3 -1 0 3.210357790311117 10.761557181831888 
-3 -2 0 1.206435459032494 14.880216024545312 
-3 -3 0 1.206435458892434 14.880216026752084 
-3 -4 0 0.7891800587502728 15.999999998435609 
-3 -5 0 0.7891800587096406 15.999999999636344 
-3 -6 0 0.692412442220476 13.195626366282152 
-3 -7 0 0.6924124422206623 13.195626366252817 
-3 -8 0 1.0000000000000002 6.000000000000001 
-3 -9 0 1.0000000000000007 6.000000000000002 
-4 -2 0 5.94393969369401 12.84122207005006 
-4 -3 0 5.943939693694013 12.84122207005006 
-4 -4 0 3.408240048907889 16.0 
-4 -5 0 3.4082400489078997 16.0 
-4 -6 0 2.344087510075197 14.605551275463988 
-4 -7 0 2.344087510075198 14.605551275463998 
-4 -8 0 3.0 6.000000000000002 
-4 -9 0 3.0000000000000004 6.0 
-5 -4 0 14.0 14.0 
-5 -5 0 14.0 14.0 
-5 -6 0 7.394448724536012 14.605551275463988 
-5 -7 0 7.394448724536011 14.605551275463991 
-5 -8 0 6.0 6.0 
-5 -9 0 6.0 6.0 
