1 5 1 1.9999999999999998 1.9999999999999998 
2 5 0 2.0 2.0 
1 4 1 2.0 2.0 
2 4 0 2.0 2.0 
1 3 2 2.0000000000000004 7.236067977499789 
2 3 0 2.7639320225002106 7.23606797749979 
1 2 2 1.9999999999999998 7.236067977499789 
2 2 0 2.7639320225002106 7.23606797749979 
1 1 1 1.171572875253809 7.999999999999997 
2 1 0 6.0 6.0 
1 0 1 1.1715728752538102 7.999999999999998 
2 0 0 6.0 6.0 
0 3 0 2.0 6.0 
0 2 0 1.9999999999999996 6.0 
0 1 0 1.1715728752538093 8.000000000000002 
0 0 0 1.1715728752538088 8.000000000000002 
0 -1 0 1.9999999999999996 6.0 
1 -1 0 2.0 4.0 
0 -2 0 1.9999999999999991 6.0 
1 -2 0 2.0 3.9999999999999996 
-1 3 0 2.0 4.0 
-1 2 0 2.0000000000000004 4.0 
-1 1 1 1.1715728752538075 8.0 
-1 0 1 1.1715728752538093 7.999999999999999 
-1 -1 2 2.0 7.23606797749979 
-1 -2 2 1.999999999999999 7.236067977499789 
-2 1 0 6.0 6.0 
-2 0 0 6.0 6.0 
-2 -1 0 2.76393202250021 7.236067977499789 
-2 -2 0 2.76393202250021 7.23606797749979 
-2 -3 0 2.0 2.0 
-1 -3 1 2.0 2.0 
-2 -4 0 2.0 2.0 
-1 -4 1 2.0 2.0 
