3 9 0 4.0 4.0 
4 9 0 4.0 4.0 
3 8 0 4.0 4.0 
4 8 0 4.0 4.0 
3 7 0 2.023945158903076 10.789569262949263 
4 7 0 4.772159750398823 10.78956926294926 
3 6 0 2.0239451589030772 10.789569262949263 
4 6 0 4.7721597503988225 10.789569262949263 
3 5 0 2.589205116687338 13.868623789047254 
4 5 0 6.108649604160676 13.231667295030292 
3 4 0 2.589205102855303 13.868623789044968 
4 4 0 6.108649604160677 13.231667295030292 
3 3 0 3.6677659725544927 14.03366570917842 
4 3 0 8.2500937112322 13.19000869372857 
3 2 0 3.6677659684875645 14.033665709346252 
4 2 0 8.250093711232198 13.190008693728569 
3 1 0 5.483215052290264 13.059851667881963 
4 1 0 12.0 12.0 
3 0 0 5.48321505229027 13.059851646756755 
4 0 0 12.0 12.0 
2 9 0 4.0 4.0 
2 8 0 4.0 4.0 
2 7 0 2.0239451589032433 10.59482007456482 
2 6 0 2.023945158903352 10.594820074563708 
2 5 0 1.053036149178311 13.86862378695458 
2 4 0 1.0530361491783862 13.868623789042767 
2 3 0 1.3634999105333294 15.158345799286927 
2 2 0 1.3634999105503687 15.15834579928984 
2 1 0 2.4071570392960857 14.999999664628968 
2 0 0 2.407157039388871 14.999999999989894 
2 -1 0 4.024750586919751 11.942696732945652 
3 -1 0 8.0 11.000000000000002 
2 -2 0 4.024750608135092 11.94269770716821 
3 -2 0 7.999999999999997 11.0 
1 9 0 4.0 4.0 
1 8 0 3.9999999999999996 4.0 
1 7 0 2.070028680252518 9.059632145932989 
1 6 0 2.0700286802524857 9.059632143113646 
1 5 0 0.9003660843854769 12.639657553531972 
1 4 0 0.9003660843853875 12.639656292517188 
1 3 0 0.42688799938404814 15.158179877488232 
1 2 0 0.42688799938528443 15.158345797025813 
1 1 0 0.6559295113786043 15.715581059165183 
1 0 0 0.655929511448783 15.715580531494076 
1 -1 0 1.7161428394286726 13.695737631823704 
1 -2 0 1.7161428441499835 13.695737632248463 
1 -3 0 3.025786803846076 10.76221348889209 
2 -3 0 6.000000000000001 9.414213562373092 
1 -4 0 3.025786803846081 10.762213493069165 
2 -4 0 6.0 9.414213562373092 
0 9 0 4.0 4.0 
0 8 0 4.0 4.0 
0 7 0 2.2837575925143203 8.079254942928486 
0 6 0 2.2837575925143248 8.079254942928488 
0 5 0 0.9003660843853939 11.548984354007459 
0 4 0 0.9003660843853841 11.548984573200073 
0 3 1 0.42688799938398375 14.387044667900836 
0 2 1 0.42688799938398325 14.38704501999002 
0 1 2 0.655929511378492 15.715580885682094 
0 0 2 0.6559295113784948 15.715580155122309 
0 -1 1 0.5796464995499087 14.31248464783656 
0 -2 1 0.5796464995499134 14.312484446156446 
0 -3 0 0.990727209325606 11.759440181304797 
0 -4 0 0.9907272093253012 11.759440101015517 
0 -5 0 2.3856636118638757 8.15991650016875 
1 -5 0 4.585786437626905 7.414213562373094 
0 -6 0 2.385663611863877 8.159916500168753 
1 -6 0 4.585786437626904 7.414213562373096 
-1 7 0 4.999999999999999 7.000000000000001 
-1 6 0 5.0 7.0 
-1 5 0 3.1547315530560374 10.015499229548004 
-1 4 0 3.154731550661615 10.015499312255038 
-1 3 0 1.8635088100534494 12.999999059686875 
-1 2 0 1.8635088120739731 12.99999900703391 
-1 1 0 0.8605529464708497 15.673362184035122 
-1 0 0 0.8605529465260205 15.673362143109385 
-1 -1 0 0.5796464996889792 14.987505515676203 
-1 -2 0 0.5796464995552104 14.987505008477896 
-1 -3 0 0.9907272135076953 13.025363239719153 
-1 -4 0 0.9907272093253229 13.02536323969997 
-1 -5 0 2.36209687151503 9.727191731602593 
-1 -6 0 2.3620968717741175 9.727191731602584 
-1 -7 0 4.0 4.0 
0 -7 0 4.0 4.0 
-1 -8 0 4.0 4.0 
0 -8 0 4.0 4.0 
-2 5 0 7.0 9.0 
-2 4 0 7.0 9.0 
-2 3 0 4.417134029915791 11.836594317816045 
-2 2 0 4.417133970124256 11.836594317805204 
-2 1 0 2.5675206740733727 14.99999990427641 
-2 0 0 2.567520674087244 14.999999999984167 
-2 -1 0 1.6146698356007736 14.987505731143774 
-2 -2 0 1.6146698355677278 14.987505755172132 
-2 -3 0 1.3159747524363241 13.07714534535097 
-2 -4 0 1.3159747524195367 13.07714537491106 
-2 -5 0 2.356743261553662 10.015007782215855 
-2 -6 0 2.356743261553661 10.01500778079579 
-2 -7 0 4.0 4.0 
-2 -8 0 4.0 4.0 
-3 3 0 8.999999999999998 11.0 
-3 2 0 9.000000000000002 11.0 
-3 1 0 6.418550193086068 13.051224700145122 
-3 0 0 6.418550193080152 13.05122385580247 
-3 -1 0 4.361134782568926 14.172307458520008 
-3 -2 0 4.36113478257045 14.172307458381892 
-3 -3 0 2.8700486228768005 13.077145382064032 
-3 -4 0 2.8700486096099773 13.077145382065323 
-3 -5 0 2.356743261553656 10.048917339522 
-3 -6 0 2.3567432615536545 10.048917339522193 
-3 -7 0 4.0 4.0 
-3 -8 0 3.9999999999999996 4.0 
-4 1 0 12.0 12.0 
-4 0 0 12.0 12.0 
-4 -1 0 8.930372069644099 13.290410620867178 
-4 -2 0 8.9303720696441 13.290410620867178 
-4 -3 0 6.896649495650801 12.511407317613438 
-4 -4 0 6.896649495650803 12.511407317613443 
-4 -5 0 5.307978528369905 10.048917339522305 
-4 -6 0 5.307978528369905 10.048917339522305 
-4 -7 0 4.0 4.0 
-4 -8 0 4.0 4.0 
