5 15 0 3.0 3.0 
6 15 0 3.0 3.0 
5 14 0 3.0 3.0 
6 14 0 3.0 3.0 
5 13 0 1.616389819030066 7.920220869657473 
6 13 0 3.6201218766157868 7.920220869669988 
5 12 0 1.6163898190300654 7.920220869410815 
6 12 0 3.6201218766157854 7.920220869669989 
5 11 0 2.000409115678554 11.698898389057955 
6 11 0 4.6784711198543905 11.698898389166601 
5 10 0 2.0004091156769275 11.698898389166246 
6 10 0 4.678471119854389 11.698898389166597 
5 9 0 2.8442297682988635 13.466503765671275 
6 9 0 6.093551569674264 13.184843591792536 
5 8 0 2.8442297648457195 13.466503765686296 
6 8 0 6.093551569674264 13.18484359179254 
5 7 0 4.088504051384642 13.364491830044347 
6 7 0 8.193041644940601 12.580585128620026 
5 6 0 4.0885040513815145 13.364491830248024 
6 6 0 8.193041644940603 12.580585128620026 
5 5 0 5.773048857289458 11.881137018689166 
6 5 0 11.0 11.0 
5 4 0 5.773048857289786 11.881137018689166 
6 4 0 11.0 11.0 
4 15 0 3.0 3.0000000000000004 
4 14 0 3.0 3.0 
4 13 0 1.6079371025305929 7.815204654498166 
4 12 0 1.6079371025305924 7.815204655154544 
4 11 0 0.6264064494147994 11.599528371064807 
4 10 0 0.6264064494160191 11.599528903725684 
4 9 0 0.8304675912404373 13.466502833689658 
4 8 0 0.8304675911088457 13.466503763184704 
4 7 0 1.465061594503905 14.447866505005655 
4 6 0 1.4650615934423874 14.4478666845628 
4 5 0 2.6038429457285632 12.773520027073975 
4 4 0 2.603842945726261 12.773519808107233 
4 3 0 4.153784699036609 10.821153724768124 
5 3 0 8.000000000000002 10.0 
4 2 0 4.153784699170529 10.82115372476812 
5 2 0 8.0 10.0 
3 15 0 3.0 3.0 
3 14 0 3.0 3.0 
3 13 0 1.607937102530594 7.252762024417433 
3 12 0 1.6079371025305929 7.252762024417434 
3 11 0 0.6264064494147847 10.88525666253634 
3 10 0 0.6264064494145896 10.88525666251764 
3 9 1 0.830467591065767 13.419461650022848 
3 8 1 0.8304675910657406 13.419461649851867 
3 7 0 0.3152722858202162 15.265143517039409 
3 6 0 0.3152722858207839 15.265143072238354 
3 5 0 0.7410618392979389 13.812262282606225 
3 4 0 0.741061839297828 13.812261889972879 
3 3 0 1.743220402868826 11.73595055834002 
3 2 0 1.7432204028688312 11.73595055849842 
3 1 0 3.295049516864308 8.924344386527817 
4 1 0 5.999999999999999 8.0 
3 0 0 3.2950495168643084 8.924344386527817 
4 0 0 6.0 7.999999999999999 
2 13 0 3.5857864376269055 6.414213562373097 
2 12 0 3.585786437626905 6.414213562373095 
2 11 0 1.96826634222978 10.092723389389919 
2 10 0 1.9682663422298028 10.092723389928624 
2 9 0 0.9013506802337035 12.645174521025602 
2 8 0 0.9013506795292496 12.64517421589532 
2 7 0 0.3152722858198101 15.261783071082265 
2 6 0 0.3152722858257563 15.265142353777287 
2 5 1 0.7410618392977687 15.99999999997187 
2 4 1 0.7410618392977694 15.999999999466914 
2 3 0 1.2848359708027222 12.593962681810517 
2 2 0 1.2848359704276204 12.59396264163932 
2 1 0 2.942439813686764 10.650892312372914 
2 0 0 2.9424398144892665 10.650892312372893 
2 -1 0 4.999999999999999 5.0 
3 -1 0 5.0 5.0 
2 -2 0 5.0 5.0 
3 -2 0 5.0 5.0 
1 11 0 4.585786437626905 9.414213562373098 
1 10 0 4.585786437626905 9.414213562373092 
1 9 0 2.617172275297374 11.870667140862809 
1 8 0 2.617172275297401 11.870667161407088 
1 7 0 1.5328749523377276 14.504325429308931 
1 6 0 1.5328749480360626 14.506222982610208 
1 5 0 0.7879389595749936 15.999999653866746 
1 4 0 0.7879389595913341 15.99999994796116 
1 3 0 1.1346200614716844 14.593753699682502 
1 2 0 1.1346200614714232 14.593753417915908 
1 1 0 2.9424398213705953 10.723525139761522 
1 0 0 2.94243981247519 10.723525139762101 
1 -1 0 5.0 5.0 
1 -2 0 5.0 5.0 
0 9 0 6.000000000000001 11.0 
0 8 0 6.0000000000000036 11.000000000000004 
0 7 0 2.4394037645660394 13.011456473571181 
0 6 0 2.4394037645660376 13.011456772449337 
0 5 0 0.7879389595319238 15.701628285994856 
0 4 0 0.7879389595319243 15.701628280860222 
0 3 1 1.1346200614712487 15.152176078958664 
0 2 1 1.1346200614712427 15.15217612589019 
0 1 1 2.9522327138808393 11.04842770062928 
0 0 1 2.952232713840591 11.048427894109427 
0 -1 0 5.0 5.0 
0 -2 0 5.0 5.0 
-1 7 0 8.999999999999998 12.000000000000002 
-1 6 0 8.999999999999998 12.0 
-1 5 0 5.272290408589886 14.999999999998728 
-1 4 0 5.2722904085898845 14.999999999999627 
-1 3 0 3.9294574591759326 15.152176114934937 
-1 2 0 3.9294574594550165 15.152176113568036 
-1 1 0 3.160190644568797 12.083872359435603 
-1 0 0 3.1601906445688 12.083872359435606 
-1 -1 0 5.0 5.0 
-1 -2 0 5.0 5.0 
-2 5 0 13.0 13.0 
-2 4 0 13.0 13.0 
-2 3 0 8.354248688935408 13.64575131106459 
-2 2 0 8.35424868893541 13.64575131106459 
-2 1 0 5.702929455636725 12.083872359435604 
-2 0 0 5.702929455636725 12.083872359435606 
-2 -1 0 5.0 5.0 
-2 -2 0 5.0 5.0 
