2 6 0 1.0 4.0 
3 6 0 4.0 4.0 
2 5 0 1.0000000000000007 4.000000000000001 
3 5 0 4.0 4.0 
2 4 0 1.1333319930124477 10.828427124746188 
3 4 0 5.17157287525381 10.82842712474619 
2 3 0 1.133331993012444 10.82842712474619 
3 3 0 5.17157287525381 10.82842712474619 
2 2 0 1.8132473493233403 12.0 
3 2 0 10.0 10.0 
2 1 0 1.81324734932334 11.999999999999998 
3 1 0 10.0 10.0 
1 6 0 1.0000000000000004 3.9999999999999996 
1 5 0 0.9999999999999998 3.9999999999999996 
1 4 0 0.30845460653071355 9.466894189730933 
1 3 0 0.3084546065291754 9.466894189386586 
1 2 0 0.537234358851033 11.999999999940462 
1 1 0 0.5372343588510345 11.99999999991631 
1 0 0 1.0318160438330881 9.847478263682968 
2 0 0 3.875114580235426 8.76155718183189 
1 -1 0 1.0318160438444774 9.847478263208197 
2 -1 0 3.8751145802354268 8.761557181831892 
0 6 0 3.0 3.0 
0 5 0 3.0 3.0 
0 4 0 0.3084546065290583 7.715897359243696 
0 3 0 0.3084546065290541 7.715897359243697 
0 2 1 0.5372343588510136 11.660665967328509 
0 1 1 0.5372343588510138 11.660665968881737 
0 0 1 0.6448418207468002 11.798339048352783 
0 -1 1 0.6448418207468007 11.798339230644883 
0 -2 0 0.5619648776592882 8.157444134659384 
1 -2 0 2.5857864376269055 7.0 
0 -3 0 0.5619648776592835 8.157444134659384 
1 -3 0 2.585786437626905 7.0 
-1 4 0 3.585786437626906 6.414213562373096 
-1 3 0 3.585786437626904 6.414213562373096 
-1 2 0 0.9397980402084651 9.999999999999998 
-1 1 0 0.9397980402084624 9.999999552418755 
-1 0 0 0.6448418207468002 11.99999999997816 
-1 -1 0 0.6448418207468012 11.999999999972149 
-1 -2 0 0.5619648776592842 9.045692830096101 
-1 -3 0 0.561964877659285 9.045692830066479 
-1 -4 0 2.9999999999999996 3.0 
0 -4 0 3.0 3.0 
-1 -5 0 3.0 3.0000000000000004 
0 -5 0 3.0 3.0 
-2 2 0 5.0 8.0 
-2 1 0 5.0 8.0 
-2 0 0 2.701231586754655 12.000000000000002 
-2 -1 0 2.701231586754656 12.0 
-2 -2 0 1.6937269681522942 10.854101966249686 
-2 -3 0 1.6937269681522937 10.854101966249681 
-2 -4 0 3.0 3.0 
-2 -5 0 2.9999999999999996 3.0000000000000004 
-3 0 0 9.0 9.0 
-3 -1 0 9.0 9.0 
-3 -2 0 4.145898033750315 10.854101966249686 
-3 -3 0 4.145898033750314 10.854101966249683 
-3 -4 0 3.0 3.0 
-3 -5 0 3.0 3.0 
