3 7 0 3.3819660112501033 7.000000000000001 
4 7 0 7.0 7.0 
3 6 0 3.381966011250105 7.0 
4 6 0 7.0 7.0 
3 5 0 2.9989538833476383 14.0 
4 5 0 14.0 14.0 
3 4 0 2.9989538833476415 13.999999999999996 
4 4 0 14.0 14.0 
2 7 0 1.3819660112501064 7.000000000000003 
2 6 0 1.381966011250105 6.999999999999999 
2 5 0 0.9732288673743479 12.742868804538926 
2 4 0 0.9732288673752109 12.742868804492925 
2 3 0 1.275958995662886 13.870945212649687 
3 3 0 4.535898384862245 12.0 
2 2 0 1.2759589956619384 13.870945210547443 
3 2 0 4.535898384862246 12.000000000000004 
1 7 1 1.3819660112501058 6.618033988749895 
1 6 1 1.3819660112501064 6.618033988749893 
1 5 3 1.1546293949601791 11.453844695013778 
1 4 3 0.973228867374333 11.45384469503828 
1 3 3 0.74862944654161 13.870945163418584 
1 2 3 0.38979605029381975 13.870944798093905 
1 1 1 0.45977726566116256 11.843722647920629 
2 1 0 1.6726786406021592 10.000000000000002 
1 0 1 0.4597772656611622 11.843722667383977 
2 0 0 1.6726786406021565 10.0 
0 7 0 2.9999999999999996 5.0 
0 6 0 3.0 5.0 
0 5 0 0.7186720941792558 9.88913024390747 
0 4 0 0.7186720942205425 9.889130231255091 
0 3 0 0.38979605029390707 13.549694568247448 
0 2 0 0.3897960502940549 13.549694603552307 
0 1 0 0.4597772656847166 13.378150387465796 
0 0 0 0.45977726566434207 13.378150702446234 
0 -1 0 0.7417068337470114 9.517728066901206 
1 -1 0 0.7417068335371665 8.0 
0 -2 0 0.7417068335371689 9.517728020509033 
1 -2 0 0.7417068335371688 7.999999999999997 
-1 5 0 3.657076917222832 7.999999999999999 
-1 4 0 3.657076917222829 8.0 
-1 3 0 1.356611109596868 11.999999421650182 
-1 2 0 1.3566111098452138 11.999999704254174 
-1 1 0 1.0555902661796255 13.999999399894405 
-1 0 0 1.0555902661702645 13.999999999984087 
-1 -1 0 1.0789230809163268 11.280916598578472 
-1 -2 0 1.0789230818361468 11.280916540851809 
-1 -3 0 2.0 4.000000000000001 
0 -3 0 2.0 4.0 
-1 -4 0 1.9999999999999998 4.0 
0 -4 0 1.9999999999999998 4.0 
-2 3 0 5.438447187191171 9.999999999999998 
-2 2 0 5.43844718719117 9.999999999999996 
-2 1 0 2.328975720330969 14.000000000000004 
-2 0 0 2.3289757203309693 14.000000000000002 
-2 -1 0 1.6052156091864849 12.605551275463993 
-2 -2 0 1.605215609186488 12.60555127546399 
-2 -3 0 1.9999999999999998 4.0 
-2 -4 0 2.0000000000000004 4.0 
-3 1 0 11.0 11.0 
-3 0 0 11.0 11.0 
-3 -1 0 5.39444872453601 12.60555127546399 
-3 -2 0 5.394448724536011 12.60555127546399 
-3 -3 0 4.0 4.0 
-3 -4 0 4.0 4.0 
