-1 -1 1 1.9999999999999998 1.9999999999999998 
0 -1 0 2.0 2.0 
-1 -2 1 2.0 2.0 
0 -2 0 2.0 2.0 
-1 -3 2 0.6570769172228283 5.7320508075688785 
0 -3 0 2.267949192431123 5.732050807568878 
-1 -4 2 0.657076917222829 5.732050807568878 
0 -4 0 2.2679491924311237 5.732050807568878 
-1 -5 1 0.43636210766567873 7.5061724137726555 
0 -5 0 3.518805695907984 7.170086486626034 
-1 -6 1 0.4363621076656773 7.50617241377265 
0 -6 0 3.518805695907984 7.170086486626032 
-1 -7 0 0.5258063413896233 6.5868745120184276 
0 -7 0 6.0 6.0 
-1 -8 0 0.5258063413896229 6.586874512018428 
0 -8 0 6.0 6.0 
-2 -3 0 0.6570769172228287 5.0 
-2 -4 0 0.65707691722283 5.0 
-2 -5 0 0.4363621076656774 7.506172413772658 
-2 -6 0 0.4363621076656781 7.506172413772656 
-2 -7 0 0.5258063413896232 7.236067977499789 
-2 -8 0 0.5258063413896212 7.23606797749979 
-2 -9 0 1.9999999999999993 4.0 
-1 -9 0 2.0 4.0 
-2 -10 0 1.9999999999999998 4.0 
-1 -10 0 2.0 4.0 
-3 -5 0 2.4384471871911697 7.0 
-3 -6 0 2.438447187191169 6.999999999999998 
-3 -7 0 1.453048482464885 8.0 
-3 -8 0 1.4530484824648855 8.0 
-3 -9 0 2.0000000000000004 4.0 
-3 -10 0 2.0000000000000004 4.0 
-4 -7 0 8.0 8.0 
-4 -8 0 8.0 8.0 
-4 -9 0 4.0 4.0 
-4 -10 0 4.0 4.0 
