0 -2 0 0.8152676289579442 8.643799202362079 
1 -2 1 0.8152676289579438 8.643799202362082 
0 -3 0 0.8152676289579437 8.643799202362082 
1 -3 1 0.8152676289579445 8.64379920236208 
0 -4 0 0.5627025390932074 12.836679547817225 
1 -4 0 0.5627025390932047 12.836679547817216 
0 -5 0 0.562702539093202 12.836679547817214 
1 -5 0 0.5627025390932034 12.83667954781722 
0 -6 0 2.2852268230679886 13.08387235943561 
1 -6 0 2.8405847461009945 11.159415253899002 
0 -7 0 2.2852268230679944 13.083872359435619 
1 -7 0 2.840584746100995 11.159415253899002 
0 -8 0 6.999999999999999 11.0 
1 -8 0 7.0 7.0 
0 -9 0 6.999999999999997 11.0 
1 -9 0 7.0 7.0 
-1 -2 0 2.0 4.0 
-1 -3 0 2.0000000000000004 4.0 
-1 -4 2 2.302299900415664 12.797479082054737 
-1 -5 2 2.3022999013396364 12.797479082054767 
-1 -6 1 0.3749814471705666 13.99999999984191 
-1 -7 1 0.37498144717056286 13.999999999994035 
-1 -8 0 0.7830094339716982 12.999999999998565 
-1 -9 0 0.7830094339717225 12.999999999998945 
-2 -2 0 4.0 4.0 
-2 -3 0 4.0 4.0 
-2 -4 0 2.000000000000001 10.605551275463998 
-2 -5 0 2.000000001967657 10.605551275463988 
-2 -6 0 0.374981447207605 13.99999999998679 
-2 -7 0 0.3749814471944023 13.999999999948654 
-2 -8 1 0.7830094339716982 13.751643606289576 
-2 -9 1 0.7830094339716986 13.7515808358687 
-2 -10 0 0.5970351020449395 11.0 
-1 -10 0 5.0 9.0 
-2 -11 0 0.5970351020449346 11.000000000000004 
-1 -11 0 5.0 9.000000000000002 
-3 -2 0 4.0 4.0 
-3 -3 0 4.0 4.0 
-3 -4 0 2.0000000000000027 8.813606502648332 
-3 -5 0 2.0000000000000013 8.81360650264833 
-3 -6 0 0.627574506316516 12.025695498017232 
-3 -7 0 0.6275745061280892 12.025695510908667 
-3 -8 2 1.632925889090131 13.751643346131605 
-3 -9 2 1.6329258890918235 13.751643637501218 
-3 -10 1 0.5455064535435438 11.799707776817412 
-3 -11 1 0.5455064535435427 11.799707778390554 
-3 -12 0 0.6498996612716549 9.000000000000002 
-2 -12 0 2.9999999999999996 7.0 
-3 -13 0 0.6498996612716529 9.0 
-2 -13 0 3.0000000000000004 6.999999999999999 
-4 -4 0 5.267949192431122 8.732050807568877 
-4 -5 0 5.267949192431124 8.732050807568877 
-4 -6 0 3.1431950088617713 10.984401227038616 
-4 -7 0 3.1431950121688303 10.984401134217594 
-4 -8 0 1.6329258890882299 12.532231432347082 
-4 -9 0 1.6329258890884777 12.532231392370687 
-4 -10 0 0.5455064535435422 11.927112064293961 
-4 -11 0 0.5455064535435432 11.927112524889768 
-4 -12 1 0.6498996612716502 10.326840143416877 
-4 -13 1 0.6498996612716516 10.326840146099945 
-4 -14 0 1.0 5.0 
-3 -14 0 3.0 3.0 
-4 -15 0 0.9999999999999999 5.0 
-3 -15 0 3.0 3.0 
-5 -4 0 6.0 6.0 
-5 -5 0 6.0 6.0 
-5 -6 0 3.822590319100716 10.0 
-5 -7 0 3.8225903191007173 10.0 
-5 -8 0 1.9414094090625256 11.64575131106136 
-5 -9 0 1.9414094090577387 11.645751311064357 
-5 -10 0 0.6107905951644277 11.927112550065065 
-5 -11 0 0.6107905951709218 11.92711255427287 
-5 -12 1 1.053532007119243 10.46017126901397 
-5 -13 1 1.0535320071192467 10.460171326696596 
-5 -14 1 1.0000000000000004 7.41187806081321 
-5 -15 1 1.0000000000000002 7.411878060813212 
-6 -6 0 8.0 8.0 
-6 -7 0 8.0 8.0 
-6 -8 0 4.89722495090336 10.249140538129552 
-6 -9 0 4.89722495090336 10.249140538129549 
-6 -10 0 3.0189855361478575 11.234642088139198 
-6 -11 0 3.0189855361478575 11.234642088139202 
-6 -12 0 1.802937841647383 10.460171326696598 
-6 -13 0 1.802937841647383 10.460171326696601 
-6 -14 0 1.1613057963816542 7.411878060813214 
-6 -15 0 1.1613057963816542 7.411878060813214 
-6 -16 0 1.0 1.0 
-5 -16 0 1.0 1.0 
-6 -17 0 1.0 1.0 
-5 -17 0 1.0 1.0 
