3 11 0 2.0 2.0 
4 11 0 2.0 2.0 
3 10 0 2.0 2.0 
4 10 0 2.0 2.0 
3 9 0 0.606322443812553 7.0 
4 9 0 3.0 7.000000000000001 
3 8 0 0.6063224438125548 6.999999999999998 
4 8 0 3.0 7.000000000000001 
3 7 0 1.0303849450605096 9.361326053031535 
4 7 0 4.438447187191169 8.561552812808829 
3 6 0 1.0303849450605052 9.36132605303153 
4 6 0 4.438447187191168 8.56155281280883 
3 5 0 2.2710630604690074 8.043302369407494 
4 5 0 7.0 7.0 
3 4 0 2.271063060469007 8.043302369407492 
4 4 0 7.0 7.0 
2 11 0 2.0 2.0 
2 10 0 2.0 2.0 
2 9 0 0.6063224438125547 6.439636502341118 
2 8 0 0.6063224438125532 6.439636502341116 
2 7 1 1.0303849450605078 9.36132605303149 
2 6 1 1.030384945060508 9.361326053031133 
2 5 1 1.332905410464855 9.999999999973774 
2 4 1 1.332905410464851 9.999999999955941 
2 3 0 1.179516381563764 6.853971187543819 
3 3 0 4.0 6.000000000000001 
2 2 0 1.1795163815637633 6.853971187543817 
3 2 0 4.0 6.0 
1 9 0 2.5857864376269046 5.414213562373096 
1 8 0 2.585786437626905 5.414213562373095 
1 7 0 1.2560755888180706 8.670536155923626 
1 6 0 1.2560755888180724 8.670536155923628 
1 5 0 0.7017122594212248 9.99999999999948 
1 4 0 0.7017122587561996 9.999999716321401 
1 3 0 0.9878323485762379 8.615668318550695 
1 2 0 0.9878323485762364 8.6156683185507 
1 1 0 3.0 3.0 
2 1 0 3.0 3.0 
1 0 0 3.0 3.0 
2 0 0 3.0 3.0 
0 7 0 2.267949192431122 7.0 
0 6 0 2.2679491924311233 7.000000000000001 
0 5 0 0.7017122587562031 9.65798153544363 
0 4 0 0.7017122587561998 9.65798153544363 
0 3 1 0.9878323485762406 9.236067977499786 
0 2 1 0.9878323485762356 9.236067977499792 
0 1 1 3.0000000000000004 4.0 
0 0 1 2.999999999999999 4.0 
-1 5 0 9.0 9.0 
-1 4 0 9.0 9.0 
-1 3 0 4.76393202250021 9.23606797749979 
-1 2 0 4.76393202250021 9.23606797749979 
-1 1 0 4.0 4.0 
-1 0 0 4.0 4.0 
