5 11 0 5.0 5.000000000000001 
6 11 0 5.0 5.0 
5 10 0 5.0 5.0 
6 10 0 5.0 5.0 
5 9 0 3.454490204843963 14.963269316514713 
6 9 0 6.283671748656612 14.96326931651471 
5 8 0 3.4544902048439647 14.963269316514712 
6 8 0 6.283671748656609 14.963269316514712 
5 7 0 4.3373642948486015 18.53374281270529 
6 7 0 9.325419845043712 17.149969154458656 
5 6 0 4.337364294848604 18.533742812705082 
6 6 0 9.325419845043712 17.149969154458656 
5 5 0 6.418661569045209 17.99999999804001 
6 5 0 15.0 15.0 
5 4 0 6.418661569045218 17.999999997865494 
6 4 0 15.0 15.0 
4 11 0 5.0 5.0 
4 10 0 5.0 5.0 
4 9 0 1.9744533473897048 14.624609646125005 
4 8 0 1.9744533472310166 14.624609646245197 
4 7 0 1.7403222131332103 18.533742811212395 
4 6 0 1.7403222130948228 18.533742612799706 
4 5 0 2.56468252468159 19.999999869473516 
4 4 0 2.5646825247183695 19.99999950279226 
4 3 0 4.954322071611464 16.999999999708994 
5 3 0 11.000000000000002 14.000000000000002 
4 2 0 4.954322071653235 16.999999999512628 
5 2 0 10.999999999999998 14.000000000000004 
3 11 0 5.0 5.0 
3 10 0 5.0 5.0 
3 9 0 1.9744533467710645 14.59807601784595 
3 8 0 1.9744533494013534 14.598075859899808 
3 7 0 0.6938759133203528 17.782967406689707 
3 6 0 0.6938759133128612 17.78296741799381 
3 5 0 0.7836353562598133 19.999999960242054 
3 4 0 0.783635356260237 19.999999822077985 
3 3 0 1.1094337977399125 18.871894245236938 
3 2 0 1.109433797815619 18.87189334589042 
3 1 0 3.5336490146029003 15.999999935773216 
4 1 0 8.0 13.000000000000002 
3 0 0 3.5336490146027426 15.999999984799413 
4 0 0 7.999999999999998 13.000000000000002 
2 11 0 5.0 5.0 
2 10 0 5.0 5.0 
2 9 0 1.9884730496961247 13.828988558337887 
2 8 0 1.9884730496920984 13.828988558339926 
2 7 0 0.6938759133109181 16.38933815962577 
2 6 0 0.6938759133117375 16.389339972307727 
2 5 0 0.4806681493991727 19.40313933548558 
2 4 0 0.48066814951168885 19.403139195958996 
2 3 0 0.5332905127427089 19.59521723087214 
2 2 0 0.5332905133038309 19.59521842255945 
2 1 0 0.8651632327756035 16.8742893663552 
2 0 0 0.8651632325614391 16.874288601400586 
2 -1 0 2.7477307801708237 14.535399352032247 
3 -1 0 6.585786437626904 11.414213562373096 
2 -2 0 2.7477307801708077 14.53539935069523 
3 -2 0 6.585786437626909 11.414213562373096 
1 11 0 5.0 5.0 
1 10 0 5.0 5.0 
1 9 0 3.4831418470840934 12.318065819886142 
1 8 0 3.4831418579455433 12.318065819886145 
1 7 0 1.534709995701478 15.560029312717802 
1 6 0 1.5347099957344275 15.560029664327558 
1 5 0 0.4806681494926042 18.679250484644587 
1 4 0 0.4806681496502996 18.679250537897794 
1 3 0 0.1718482008202939 19.726335193027115 
1 2 0 0.1718482008184805 19.726334755973845 
1 1 0 0.33880702336913204 18.392683480637952 
1 0 0 0.33880702310872446 18.392684339375474 
1 -1 0 0.6855693641581991 15.551125734047924 
1 -2 0 0.685569364158137 15.551125747174739 
1 -3 0 2.6641308372855015 11.571422580313639 
2 -3 0 5.585786437626903 8.414213562373092 
1 -4 0 2.6641308382896107 11.571422548831558 
2 -4 0 5.585786437626905 8.414213562373096 
0 9 0 4.667753498834994 9.826838395311949 
0 8 0 4.667753498834994 9.82683839531195 
0 7 0 2.9976651682353435 14.317815136556217 
0 6 0 2.997665168255949 14.317815136641883 
0 5 0 0.8830147997324218 16.86331027739908 
0 4 0 0.8830147997806241 16.863309867520037 
0 3 0 0.1718482008185354 19.726334777107997 
0 2 0 0.1718482008394806 19.726335284184575 
0 1 1 0.33880702310860206 19.21865859479807 
0 0 1 0.3388070231086004 19.218658462674256 
0 -1 1 0.415774074927268 16.58583767969879 
0 -2 1 0.4157740749272678 16.585837693190605 
0 -3 0 0.32380596439713627 13.44913078368082 
0 -4 0 0.3238059643962891 13.449130739714422 
0 -5 0 2.4387749034629724 8.571422581357764 
1 -5 0 5.0 5.0 
0 -6 0 2.4387749034629707 8.57142258135776 
1 -6 0 5.0 5.0 
-1 9 0 5.999999999999999 8.0 
-1 8 0 6.0 8.0 
-1 7 0 3.9077197171997993 12.742538831484811 
-1 6 0 3.9077197171923785 12.742538839249013 
-1 5 0 2.385908787749185 15.780015654589377 
-1 4 0 2.38590878659596 15.780015247120781 
-1 3 0 1.348409928515687 18.9999998905488 
-1 2 0 1.3484099283880415 18.99999984053504 
-1 1 0 0.6664837134948793 19.218658326537337 
-1 0 0 0.6664837134895197 19.218658533492587 
-1 -1 0 0.41577407493112056 17.91973169679711 
-1 -2 0 0.4157740749299249 17.919731333775065 
-1 -3 0 0.32380596439597653 14.701074057742183 
-1 -4 0 0.3238059643958765 14.701073768592288 
-1 -5 0 0.9642215620627519 10.5189263723378 
-1 -6 0 0.9642215620627514 10.51892637233708 
-2 7 0 7.2679491924311215 10.73205080756888 
-2 6 0 7.267949192431123 10.732050807568879 
-2 5 0 4.960821383136648 14.742362937983907 
-2 4 0 4.960821383136651 14.74236292710097 
-2 3 0 3.1338334311360283 16.999999989852668 
-2 2 0 3.133833431291532 16.999999359129724 
-2 1 0 1.7096887639581742 18.287647181137093 
-2 0 0 1.7096887639580471 18.287650135050225 
-2 -1 0 1.069965672260799 17.919731708689167 
-2 -2 0 1.069965674419186 17.91973165547865 
-2 -3 0 0.92014460459289 15.392046717331018 
-2 -4 0 0.9201446063780779 15.39204698027428 
-2 -5 0 0.9642215620628032 12.115788356901602 
-2 -6 0 0.9642215621081379 12.115788356944378 
-2 -7 0 2.0 4.0 
-1 -7 0 2.0 4.0 
-2 -8 0 1.9999999999999996 4.0 
-1 -8 0 2.0 4.0 
-3 5 0 9.267949192431121 12.732050807568877 
-3 4 0 9.267949192431121 12.732050807568875 
-3 3 0 6.971235223117236 15.99999999928315 
-3 2 0 6.9712352235959 15.999999999366624 
-3 1 0 4.771655238928943 17.00853739103358 
-3 0 0 4.7716552341991525 17.008537441101396 
-3 -1 0 3.243529987661463 17.11940226726091 
-3 -2 0 3.243529987657644 17.11940222667341 
-3 -3 0 2.2838546115032017 15.392047005366111 
-3 -4 0 2.283854611504539 15.392047062212582 
-3 -5 0 1.8489926258306957 12.215411295394262 
-3 -6 0 1.848992625691971 12.215411295394262 
-3 -7 0 2.0 4.0 
-3 -8 0 2.0000000000000004 4.0 
-4 3 0 14.0 14.0 
-4 2 0 14.0 14.0 
-4 1 0 9.619459095820519 15.808408734582576 
-4 0 0 9.619459095820519 15.808408734582578 
-4 -1 0 7.466085697753695 16.44723178432526 
-4 -2 0 7.466085697753692 16.447231784325258 
-4 -3 0 5.778722463282398 15.056412928943573 
-4 -4 0 5.7787224632824 15.056412928943569 
-4 -5 0 4.460332615140753 12.215411295394258 
-4 -6 0 4.460332615140753 12.215411295394258 
-4 -7 0 4.0 4.0 
-4 -8 0 4.0 4.0 
