3 11 0 1.0 1.0 
4 11 0 1.0 1.0 
3 10 0 1.0 1.0 
4 10 0 1.0 1.0 
3 9 0 0.46377958790098106 7.048917339522306 
4 9 0 2.307978528369904 7.048917339522307 
3 8 0 0.46377958790098117 7.048917339522304 
4 8 0 2.3079785283699055 7.048917339522305 
3 7 0 0.6646712849209289 9.627988124329185 
4 7 0 3.4242265273480643 8.388489747541712 
3 6 0 0.664671284920927 9.627988124329187 
4 6 0 3.424226527348064 8.388489747541712 
3 5 0 2.345384064033972 7.999999999999998 
4 5 0 6.0 6.0 
3 4 0 2.3453840640339734 8.0 
4 4 0 6.0 6.0 
2 9 0 0.4637795879009809 5.566540854411102 
2 8 0 0.4637795879009806 5.5665408544111035 
2 7 1 0.6646712849209264 9.627988124329187 
2 6 1 0.6646712849209271 9.627988124329187 
2 5 1 1.1160979109541327 10.000000000000005 
2 4 1 1.1160979109541305 10.0 
2 3 0 1.9999999999999996 4.999999999999999 
3 3 0 4.0 4.0 
2 2 0 1.9999999999999993 5.0 
3 2 0 4.0 4.0 
1 7 0 1.5721211276292555 8.0 
1 6 0 1.5721211276292582 8.0 
1 5 0 0.316732430617952 10.000000000000002 
1 4 0 0.3167324306179523 10.000000000000005 
1 3 0 0.9477571686456561 7.820258846364346 
1 2 0 0.9477571686456554 7.820258846364342 
0 7 0 2.9999999999999996 5.0 
0 6 0 3.0 5.0 
0 5 0 0.3167324306179496 10.0 
0 4 0 0.3167324306179544 10.0 
0 3 1 0.9477571686456566 9.162277660168378 
0 2 1 0.9477571686456576 9.16227766016838 
-1 5 0 7.0 7.0 
-1 4 0 7.0 7.0 
-1 3 0 2.83772233983162 9.162277660168378 
-1 2 0 2.8377223398316214 9.16227766016838 
-1 1 0 2.0 2.0 
0 1 1 1.9999999999999998 1.9999999999999998 
-1 0 0 2.0 2.0 
0 0 1 2.0 2.0 
