1 5 0 2.0 2.0 
2 5 0 2.0 2.0 
1 4 0 2.0 2.0 
2 4 0 2.0 2.0 
1 3 0 0.8299135133739662 5.000000000000001 
2 3 0 3.0 5.0 
1 2 0 0.8299135133739661 5.0 
2 2 0 3.0000000000000004 5.0 
1 1 0 1.0967880740884466 5.709275359436923 
2 1 0 5.0 5.0 
1 0 0 1.0967880740884466 5.709275359436923 
2 0 0 5.0 5.0 
0 5 0 2.0 2.0 
0 4 0 2.0 2.0 
0 3 0 0.8299135133739666 4.7320508075688785 
0 2 0 0.8299135133739668 4.732050807568877 
0 1 1 1.096788074088446 5.709275359436923 
0 0 1 1.096788074088446 5.709275359436921 
0 -1 1 1.2679491924311228 4.732050807568877 
1 -1 0 2.9999999999999996 3.0 
0 -2 1 1.2679491924311226 4.732050807568878 
1 -2 0 3.0 3.0 
-1 3 0 4.0 4.0 
-1 2 0 4.0 4.0 
-1 1 0 2.0 5.0 
-1 0 0 1.9999999999999993 4.999999999999999 
-1 -1 0 1.2679491924311226 4.7320508075688785 
-1 -2 0 1.2679491924311228 4.732050807568877 
-1 -3 0 1.0 1.0 
0 -3 0 1.0 1.0 
-1 -4 0 1.0 1.0 
0 -4 0 1.0 1.0 
