0 2 1 2.0000000000000004 3.0 
1 2 0 3.0 3.0 
0 1 1 1.9999999999999998 3.0 
1 1 0 3.0 3.0 
0 0 1 0.41558934556785393 7.460504870018764 
1 0 0 3.300371851724681 7.460504870018765 
0 -1 1 0.415589345567855 7.460504870018765 
1 -1 0 3.300371851724683 7.460504870018763 
0 -2 0 0.3072214610998163 9.384247663513113 
1 -2 0 4.669941260432017 9.128419063844577 
0 -3 0 0.3072214610999285 9.384247663488603 
1 -3 0 4.669941260432019 9.128419063844579 
0 -4 0 1.044065626779756 8.627714952517142 
1 -4 0 8.0 8.0 
0 -5 0 1.0440656267797528 8.627714952517145 
1 -5 0 8.0 8.0 
-1 2 0 2.0 2.0 
-1 1 0 2.0 2.0 
-1 0 0 0.41558934556785326 6.685283835001175 
-1 -1 0 0.4155893455678547 6.685283835001174 
-1 -2 0 0.30722146109974113 9.384247663534332 
-1 -3 0 0.30722146109974197 9.38424766352251 
-1 -4 0 0.6347975256422073 9.309260201342257 
-1 -5 0 0.6347975256422067 9.309260201336192 
-1 -6 0 1.4202671426585367 7.592283551719293 
0 -6 0 2.5857864376269037 6.000000000000001 
-1 -7 0 1.4202671426585363 7.592283551719288 
0 -7 0 2.585786437626904 5.999999999999999 
-2 0 0 2.5857864376269046 5.414213562373094 
-2 -1 0 2.5857864376269046 5.414213562373094 
-2 -2 0 0.8832656922544239 8.999999999999998 
-2 -3 0 0.8832656922544263 9.0 
-2 -4 0 0.6347975256801763 9.99999999641098 
-2 -5 0 0.634797525643603 9.999999938309262 
-2 -6 0 1.26361383142571 8.27945862587938 
-2 -7 0 1.2636138314257097 8.279458625879379 
-2 -8 0 3.0 3.0 
-1 -8 0 3.0 3.0 
-2 -9 0 2.9999999999999996 3.0 
-1 -9 0 3.0 3.0 
-3 -2 0 3.999999999999999 7.0 
-3 -3 0 3.999999999999999 7.0 
-3 -4 0 1.8637045850108118 10.000000000000004 
-3 -5 0 1.8637045850108114 10.0 
-3 -6 0 1.2636138314257122 9.0 
-3 -7 0 1.2636138314257117 9.0 
-3 -8 0 3.0 3.0 
-3 -9 0 3.0 3.0 
-4 -4 0 8.0 8.0 
-4 -5 0 8.0 8.0 
-4 -6 0 4.0 9.0 
-4 -7 0 4.0 9.0 
-4 -8 0 3.0 3.0 
-4 -9 0 3.0 3.0 
