1 1 0 2.0 2.0 
2 1 0 2.0 2.0 
1 0 0 2.0 2.0 
2 0 0 2.0 2.0 
1 -1 0 1.2386633817754789 12.157374350488222 
2 -1 0 2.608898948933729 12.15737435048822 
1 -2 0 1.2386633817754815 12.157374350488222 
2 -2 0 2.608898948933728 12.157374350488219 
1 -3 0 1.5684474177712175 15.296048855677489 
2 -3 0 4.893053124025141 13.908524834550322 
1 -4 0 1.5684474177712198 15.29604885567749 
2 -4 0 4.893053124025139 13.90852483455032 
1 -5 0 3.1157291011401678 14.0 
2 -5 0 10.0 10.0 
1 -6 0 3.1157291011401647 14.000000000000007 
2 -6 0 10.0 10.0 
0 1 0 2.0 2.0 
0 0 0 2.0 2.0 
0 -1 1 1.23866338177548 11.92677641884955 
0 -2 1 1.2386633817754826 11.926776418849544 
0 -3 2 1.568447417767472 15.296048479390986 
0 -4 2 1.5221147064518068 15.296048791708985 
0 -5 1 1.062301109893739 15.99999999927702 
0 -6 1 1.0623011098937318 15.999999999929624 
0 -7 0 1.8249442513417171 12.828427124746195 
1 -7 0 8.0 8.0 
0 -8 0 1.824944251341716 12.82842712474619 
1 -8 0 8.0 8.0 
-1 -1 0 3.394448724536011 10.605551275463988 
-1 -2 0 3.39444872453601 10.605551275463991 
-1 -3 0 1.5221147064606921 13.88036523570865 
-1 -4 0 1.5221147064887375 13.88036512424883 
-1 -5 0 1.0623011099104231 15.999999999061078 
-1 -6 0 1.0623011103579423 15.999999999315992 
-1 -7 0 1.6813348280539504 13.999999460765828 
-1 -8 0 1.6813348334926732 13.99999756334706 
-1 -9 0 4.651595537206544 10.999999999999998 
0 -9 0 6.0 6.0 
-1 -10 0 4.651595537206544 10.999999999999998 
0 -10 0 6.0 6.0 
-2 -1 0 6.0 6.0 
-2 -2 0 6.0 6.0 
-2 -3 0 1.8641365306917066 12.605551243972135 
-2 -4 0 1.8641365300747532 12.605551137781822 
-2 -5 1 1.0890708679215344 15.999999999982105 
-2 -6 1 1.0890708679215315 15.999999999784738 
-2 -7 1 0.6440721026553833 15.478047597050825 
-2 -8 1 0.6440721026553791 15.478047549800536 
-2 -9 0 0.5711776828615169 12.531893408260688 
-2 -10 0 0.5711776828615537 12.531893166366691 
-3 -1 0 6.0 6.0 
-3 -2 0 6.0 6.0 
-3 -3 0 3.668858477124399 11.121744891793695 
-3 -4 0 3.668858477182851 11.121744891790309 
-3 -5 0 1.8702342514947867 13.999999988615608 
-3 -6 0 1.8702342515100767 13.999999994977003 
-3 -7 0 0.5925829602493614 15.478046946078615 
-3 -8 0 0.5925829602627135 15.478047474020354 
-3 -9 1 0.43833328891898754 13.533224655516014 
-3 -10 1 0.4383332889189833 13.533224557756961 
-3 -11 1 0.8617964663782507 10.863956914374855 
-2 -11 0 2.651595537206541 8.999999999999998 
-3 -12 1 0.8617964663782515 10.863956920562316 
-2 -12 0 2.651595537206545 9.0 
-4 -1 0 6.0 6.0 
-4 -2 0 6.0 6.0 
-4 -3 0 3.7039680755645326 10.099973416491727 
-4 -4 0 3.703968075564531 10.099973416491727 
-4 -5 0 1.875375319642041 12.682208879729242 
-4 -6 0 1.875375315584209 12.68220915966579 
-4 -7 0 0.592582960249338 14.440246163376303 
-4 -8 0 0.5925829602493445 14.44024608029196 
-4 -9 1 0.43833328891898377 13.603246635331269 
-4 -10 1 0.4383332889189868 13.60324665356982 
-4 -11 2 1.213432883114684 11.585534252841715 
-4 -12 2 1.2134328831151209 11.585534440201805 
-4 -13 1 1.229808652554619 7.99518312597803 
-3 -13 0 2.000000000000001 6.481194304092015 
-4 -14 1 1.2298086525546181 7.995183125978025 
-3 -14 0 1.9999999999999993 6.481194304092016 
-5 -3 0 8.0 8.0 
-5 -4 0 8.0 8.0 
-5 -5 0 5.108515584761252 12.000000000000004 
-5 -6 0 5.108515584761249 12.000000000000002 
-5 -7 0 3.2720982898828197 13.613841844162954 
-5 -8 0 3.2720982898989925 13.61384184416138 
-5 -9 0 2.095580076779654 13.603246653126956 
-5 -10 0 2.0955800767796537 13.603246650506168 
-5 -11 0 1.453792003855518 11.708331993163117 
-5 -12 0 1.4537920038553962 11.70833199318307 
-5 -13 0 1.2298086525546175 8.593924393675051 
-5 -14 0 1.2298086525546195 8.593924393675051 
-5 -15 0 2.0 2.0 
-4 -15 0 2.0 2.0 
-5 -16 0 2.0 2.0 
-4 -16 0 2.0 2.0 
-6 -5 0 10.0 10.0 
-6 -6 0 10.0 10.0 
-6 -7 0 6.611040712894044 12.081831016163594 
-6 -8 0 6.611040712894044 12.081831016163594 
-6 -9 0 4.57883581367954 12.808410989464837 
-6 -10 0 4.578835813679544 12.808410989464836 
-6 -11 0 3.1090729769924224 11.708331993200598 
-6 -12 0 3.1090729769924232 11.708331993200598 
-6 -13 0 2.2501273093968672 8.59392439367505 
-6 -14 0 2.250127309396868 8.593924393675048 
-6 -15 0 2.0 2.0 
-6 -16 0 2.0 2.0 
