4 10 0 1.0000000000000004 4.0 
5 10 0 4.0 4.0 
4 9 0 1.0000000000000002 4.0 
5 9 0 4.0 4.0 
4 8 0 1.12837171255246 14.640805988276545 
5 8 0 4.927547899865796 14.64080598827655 
4 7 0 1.1283717125524566 14.640805988276544 
5 7 0 4.927547899865796 14.64080598827655 
4 6 0 1.834640253886214 16.956960620837506 
5 6 0 6.8768943743823385 15.123105625617661 
4 5 0 1.8346402535393882 16.956961264496908 
5 5 0 6.876894374382339 15.123105625617661 
4 4 0 3.60707336694268 16.000000000000004 
5 4 0 13.0 13.0 
4 3 0 3.60707336694268 16.0 
5 3 0 13.0 13.0 
3 10 0 1.0 4.0 
3 9 0 0.9999999999999994 4.0 
3 8 0 0.4028082140625555 12.662189488413892 
3 7 0 0.4028082140625476 12.66218939636568 
3 6 0 0.7042923889499157 16.956961264494943 
3 5 0 0.7042923891132016 16.956961129521044 
3 4 0 1.1614372684483385 17.99999999967753 
3 3 0 1.161437268448302 17.999999944319566 
3 2 0 2.96374973973368 13.841222069956576 
4 2 0 6.875114580235426 11.761557181831888 
3 1 0 2.963749733635647 13.841221778976008 
4 1 0 6.875114580235426 11.76155718183189 
2 10 0 3.0 3.0 
2 9 0 3.0 3.0 
2 8 0 0.4028082140626747 10.885437381291931 
2 7 0 0.4028082140633524 10.88543738129214 
2 6 1 0.678522901777679 15.489960624694877 
2 5 1 0.6785229018331645 15.489959917557593 
2 4 0 0.3239597084593455 17.999999926938848 
2 3 0 0.32395970857430817 17.999999800171224 
2 2 0 0.8677580848414478 15.999999989421637 
2 1 0 0.867758086196325 15.999999334739742 
2 0 0 2.787908200349739 11.76579689069962 
3 0 0 5.476904409368329 9.441290910412462 
2 -1 0 2.7879082035189664 11.765728534994386 
3 -1 0 5.47690440936833 9.441290910412462 
1 8 0 2.4158894331922696 8.93503751186325 
1 7 0 2.415889433192269 8.935037511863253 
1 6 0 0.678522901727505 13.754406738664093 
1 5 0 0.6785229017273301 13.75440657146744 
1 4 0 0.32395970845961 17.75957664107071 
1 3 0 0.3239597084594243 17.75957664177425 
1 2 1 0.4753592049923794 17.99999941087412 
1 1 1 0.4753592049923824 17.999999958566146 
1 0 0 1.1225367566585003 13.999999974864004 
1 -1 0 1.1225367564142292 13.99999971932852 
1 -2 0 3.4358908998932733 9.301110127399044 
2 -2 0 6.0 6.0 
1 -3 0 3.4358908998932716 9.301110127399046 
2 -3 0 6.0 6.0 
0 8 0 5.0 5.0 
0 7 0 5.0 5.0 
0 6 0 1.7233855748798608 11.999999999999766 
0 5 0 1.7233855735044232 11.999999812050534 
0 4 0 0.36012878089274936 15.9999999386051 
0 3 0 0.360128780892738 15.999999993447483 
0 2 1 0.33768112120581595 17.99999995106456 
0 1 1 0.3376811212058166 17.999999924829076 
0 0 1 0.860931105304297 15.999999441940451 
0 -1 1 0.8609311053042469 15.999999844971912 
0 -2 0 1.1231643002534066 11.368523232273223 
0 -3 0 1.123164300638887 11.368523232208384 
-1 6 0 4.585786437626906 9.170086486626037 
-1 5 0 4.585786437626905 9.170086486626035 
-1 4 0 1.7070744129661917 13.99999999691122 
-1 3 0 1.7070744129656086 13.999999999534296 
-1 2 0 0.33768112120581983 17.999999997180062 
-1 1 0 0.3376811212058332 17.99999993718135 
-1 0 1 0.6297024436361822 17.424144560550175 
-1 -1 1 0.6297024436361764 17.424144804326453 
-1 -2 0 0.2266920106576362 13.035869507677708 
-1 -3 0 0.22669201065763359 13.035869508855866 
-1 -4 0 1.9999999999999993 5.0 
0 -4 0 4.0 4.0 
-1 -5 0 1.9999999999999996 5.0 
0 -5 0 4.0 4.0 
-2 4 0 3.5635326568853127 11.0 
-2 3 0 3.563532656885312 11.000000000000005 
-2 2 0 1.5109743401381155 15.999998776529281 
-2 1 0 1.5109743411060783 15.999999995399673 
-2 0 0 0.6297024438742518 17.99999990503934 
-2 -1 0 0.6297024436362167 17.999999999478042 
-2 -2 0 0.2266920107237453 14.962823665873183 
-2 -3 0 0.22669201068497852 14.962823666055053 
-2 -4 1 1.738197754740028 6.601679131883152 
-2 -5 1 1.7381977547400278 6.601679131883155 
-3 2 0 5.647471335701657 13.838904510185193 
-3 1 0 5.647471335701655 13.838904510185204 
-3 0 0 3.336005766633676 17.999999999998618 
-3 -1 0 3.336005766633676 17.999999999879346 
-3 -2 0 2.4028987601885534 16.53112887414928 
-3 -3 0 2.402898760187622 16.531128874149086 
-3 -4 0 1.7381977547400287 7.0 
-3 -5 0 1.7381977547400287 6.999999999999999 
-4 0 0 16.0 16.0 
-4 -1 0 16.0 16.0 
-4 -2 0 8.468871125850725 16.531128874149275 
-4 -3 0 8.468871125850727 16.531128874149275 
-4 -4 0 7.0 7.0 
-4 -5 0 7.0 7.0 
