2 8 0 1.0 1.0 
3 8 0 1.0 1.0 
2 7 0 1.0 1.0 
3 7 0 1.0 1.0 
2 6 1 1.2984378812835748 7.7015621187164225 
3 6 0 1.298437881283576 7.701562118716423 
2 5 1 1.2984378812835755 7.701562118716423 
3 5 0 1.2984378812835768 7.701562118716424 
2 4 1 2.000000000000001 9.684159202538087 
3 4 0 2.6277186767309852 8.372281323269014 
2 3 1 2.0000000000000004 9.684159202538083 
3 3 0 2.6277186767309852 8.372281323269014 
2 2 0 1.2679491924311224 8.0 
3 2 0 6.0 6.0 
2 1 0 1.267949192431124 8.0 
3 1 0 6.0 6.0 
1 6 0 3.0 7.0 
1 5 0 2.9999999999999996 7.0 
1 4 0 0.7250827823646256 9.684159202538083 
1 3 0 0.7250827823646245 9.684159202538087 
1 2 0 1.0806685097450845 9.999999999999996 
1 1 0 1.0806685097450879 10.000000000000002 
1 0 0 3.2679491924311224 6.732050807568878 
2 0 0 4.0 4.0 
1 -1 0 3.267949192431123 6.7320508075688785 
2 -1 0 4.0 4.0 
0 6 0 3.0 3.0 
0 5 0 3.0 3.0000000000000004 
0 4 0 0.7250827823646236 9.0 
0 3 0 0.7250827823646248 9.000000000000002 
0 2 2 1.2583864071451885 9.999999990165573 
0 1 2 1.2583864071451898 9.99999994658756 
0 0 2 2.354248688935411 8.828427124746197 
0 -1 2 2.3542486889354093 8.828427124746188 
-1 4 0 4.999999999999999 7.0 
-1 3 0 5.0 7.0 
-1 2 0 1.9008025238797197 9.147816775333876 
-1 1 0 1.900802523879717 9.147816775333876 
-1 0 0 0.5909586896341414 8.828427124746188 
-1 -1 0 0.5909586896341407 8.828427124746185 
-1 -2 0 0.8972249509033594 6.249140538129549 
0 -2 0 2.0 2.0 
-1 -3 0 0.8972249509033595 6.249140538129549 
0 -3 0 2.0 2.0 
-2 4 0 5.0 5.0 
-2 3 0 5.0 5.0 
-2 2 0 2.0791903735181108 7.92080962648189 
-2 1 0 2.0791903735181103 7.920809626481889 
-2 0 0 0.5909586896341427 8.182655504410313 
-2 -1 0 0.5909586896341423 8.182655504410315 
-2 -2 1 0.8972249509033595 6.2491405381295495 
-2 -3 1 0.8972249509033593 6.249140538129549 
