1 5 0 1.0 1.0 
2 5 0 1.0 1.0 
1 4 0 1.0 1.0 
2 4 0 1.0 1.0 
1 3 0 0.47690440936832956 6.4026788295211885 
2 3 0 1.281290309608085 6.402678829521189 
1 2 0 0.47690440936832995 6.402678829521186 
2 2 0 1.281290309608085 6.402678829521188 
1 1 0 0.6485365351864264 7.672053824787688 
2 1 0 2.2087121525220796 6.7912878474779195 
1 0 0 0.6485365351864245 7.672053824787684 
2 0 0 2.2087121525220788 6.79128784747792 
1 -1 0 1.6438806713752645 7.000000000000001 
2 -1 0 5.0 5.0 
1 -2 0 1.6438806713752647 7.0 
2 -2 0 5.0 5.0 
0 3 0 0.4769044093683303 4.441290910412462 
0 2 0 0.47690440936833023 4.441290910412461 
0 1 1 0.6485365351864241 7.6720538247876835 
0 0 1 0.6485365351864243 7.672053824787684 
0 -1 1 1.0831602253790393 7.5485215590603225 
0 -2 1 1.0831602253790376 7.5485215590603225 
0 -3 0 1.0000000000000002 4.0 
1 -3 0 3.0 3.0 
0 -4 0 0.9999999999999999 3.999999999999999 
1 -4 0 3.0 3.0 
-1 1 0 1.8751145802354263 6.761557181831892 
-1 0 0 1.875114580235426 6.761557181831889 
-1 -1 0 1.0831602253790389 8.000000000000002 
-1 -2 0 1.0831602253790371 8.000000000000002 
-1 -3 0 0.9999999999999998 4.0 
-1 -4 0 1.0000000000000002 4.0 
-2 -1 0 8.0 8.0 
-2 -2 0 8.0 8.0 
-2 -3 0 4.0 4.0 
-2 -4 0 4.0 4.0 
