1 3 0 1.9999999999999998 4.0 
2 3 0 4.0 4.0 
1 2 0 1.9999999999999998 4.0 
2 2 0 4.0 4.0 
1 1 0 1.7508594618704483 8.0 
2 1 0 6.0 8.0 
1 0 0 1.7508594618704523 7.999999999999999 
2 0 0 6.0 8.0 
1 -1 0 2.1652219608352055 9.684159202538089 
2 -1 0 9.0 9.0 
1 -2 0 2.1652219608352095 9.684159202538083 
2 -2 0 9.0 9.0 
0 3 1 2.0 4.0 
0 2 1 2.0 4.0 
0 1 3 0.7639320225002109 7.645751311064591 
0 0 3 0.7639320225002101 7.645751311064592 
0 -1 3 2.165221960835274 9.684159005156479 
0 -2 3 2.1652219608352508 9.684159202538076 
0 -3 1 0.6719687105043882 7.701562118716419 
1 -3 0 5.0 7.0 
0 -4 1 0.6719687105043894 7.701562118716426 
1 -4 0 5.0 7.0 
-1 1 0 0.7639320225002111 6.7320508075688785 
-1 0 0 0.7639320225002105 6.732050807568877 
-1 -1 0 0.516491591919753 9.484435250537109 
-1 -2 0 0.5164915919197566 9.484435250537107 
-1 -3 0 0.671968710504392 9.0 
-1 -4 0 0.6719687105043932 9.0 
-1 -5 0 1.0000000000000004 5.0 
0 -5 0 1.0 5.0 
-1 -6 0 1.0 5.0 
0 -6 0 1.0000000000000002 5.0 
-2 -1 0 3.1715728752538097 8.828427124746192 
-2 -2 0 3.171572875253811 8.828427124746192 
-2 -3 0 1.8644500772114507 9.999999999999998 
-2 -4 0 1.8644500772114523 10.000000000000002 
-2 -5 0 3.0 5.0 
-2 -6 0 2.9999999999999996 5.0 
-3 -3 0 10.0 10.0 
-3 -4 0 10.0 10.0 
-3 -5 0 5.0 5.0 
-3 -6 0 5.0 5.0 
