1 1 0 0.6891152369003387 9.732396525018045 
2 1 0 0.6891152369003387 9.732396525018048 
1 0 0 0.6891152369003389 9.732396525018045 
2 0 0 0.6891152369003392 9.732396525018046 
1 -1 1 2.49845859949064 13.0 
2 -1 0 2.4984585994906374 12.388329565461518 
1 -2 1 2.498458599490634 12.999999999999998 
2 -2 0 2.498458599490636 12.388329565461522 
1 -3 0 2.2515980430738307 14.096075486645175 
2 -3 0 4.078990259962474 12.399256296550636 
1 -4 0 2.251598043073831 14.096075486645173 
2 -4 0 4.078990259962474 12.399256296550638 
1 -5 0 8.0 10.999999999999998 
2 -5 0 8.0 8.0 
1 -6 0 8.0 11.0 
2 -6 0 8.0 8.0 
0 1 0 2.0 3.0000000000000004 
0 0 0 2.0 3.0 
0 -1 3 2.468871125850724 13.000000000000002 
0 -2 3 2.4688711258507268 12.999999999999998 
0 -3 2 1.4164851321797702 15.999999999986393 
0 -4 2 1.416485132179775 15.9999999999681 
0 -5 0 1.929978422599989 12.99999999999993 
0 -6 0 1.9299784224832977 12.99999999994175 
-1 1 0 3.0 3.0 
-1 0 0 3.0 3.0 
-1 -1 0 1.385372995805472 10.999999999999998 
-1 -2 0 1.3853729958054728 10.999999999999996 
-1 -3 2 1.319227189019207 15.9999999999755 
-1 -4 2 1.3192271890192098 15.99999999955499 
-1 -5 1 1.0840098533039024 15.999999664878056 
-1 -6 1 1.0840098533039078 15.999999999649111 
-1 -7 0 2.94067985734308 11.000000000000005 
0 -7 0 6.0 9.0 
-1 -8 0 2.9406798573430812 11.0 
0 -8 0 6.0 9.0 
-2 -1 0 4.17157287525381 9.828427124746192 
-2 -2 0 4.171572875253811 9.828427124746192 
-2 -3 0 1.3192271890257212 13.999999926102584 
-2 -4 0 1.319227189026267 13.999999755213315 
-2 -5 3 1.2853757830237076 15.999999999876266 
-2 -6 3 1.0840098533039082 15.999999999924135 
-2 -7 2 0.36665930404893005 13.999999997542082 
-2 -8 2 0.4308946528425886 13.99999999952249 
-2 -9 0 2.9999999999999996 8.778457118258387 
-1 -9 0 5.0 5.0 
-2 -10 0 3.0000000000000004 8.778457118258391 
-1 -10 0 5.0 5.0 
-3 -1 0 5.0 5.000000000000001 
-3 -2 0 5.0 5.0 
-3 -3 0 2.615913922699806 13.0 
-3 -4 0 2.6159139226998 13.000000000000005 
-3 -5 0 1.309811352837599 14.5688063643456 
-3 -6 0 1.3098113524535742 14.568803369572683 
-3 -7 1 0.3666593040489298 13.999994342252982 
-3 -8 1 0.36665930404893093 13.999997040647235 
-3 -9 3 1.4996523403986894 11.99999977762696 
-3 -10 3 1.4996523403986954 11.999999924638573 
-4 -3 0 7.999999999999998 11.0 
-4 -4 0 7.999999999999998 11.0 
-4 -5 0 2.873676749018319 13.318645020575351 
-4 -6 0 2.8736767497450444 13.31864502043858 
-4 -7 0 1.081115422820066 13.991899950796405 
-4 -8 0 1.0811154231050373 13.991905008694504 
-4 -9 2 1.3664600772413251 12.070421772185007 
-4 -10 2 1.3664600772333806 12.070421800260737 
-4 -11 1 0.6932487981165751 9.593235409122672 
-3 -11 0 3.0 3.0000000000000004 
-4 -12 1 0.6932487981165725 9.593235409118977 
-3 -12 0 3.0 3.0000000000000004 
-5 -3 0 7.999999999999999 8.0 
-5 -4 0 8.0 8.0 
-5 -5 0 4.520009663475926 11.999999999769715 
-5 -6 0 4.520009649486079 11.999999999980925 
-5 -7 0 2.583350817513848 13.213558640604791 
-5 -8 0 2.5833508175392224 13.21355864061173 
-5 -9 0 1.1731863105371014 12.0704210572464 
-5 -10 0 1.1731863105523488 12.070421929169687 
-5 -11 1 0.6932487981165739 9.799816280975358 
-5 -12 1 0.6932487981165738 9.799816280975364 
-6 -3 0 8.0 8.0 
-6 -4 0 8.0 8.0 
-6 -5 0 6.157764320675695 10.842235679324304 
-6 -6 0 6.157764320675695 10.842235679324306 
-6 -7 0 4.570014117793008 12.23747681805493 
-6 -8 0 4.570014117793007 12.237476818054928 
-6 -9 0 3.2637940297777353 11.758325584262604 
-6 -10 0 3.2637940297777335 11.758325584262602 
-6 -11 0 2.0000000000000018 9.799816280975367 
-6 -12 0 2.000000000000002 9.799816280975367 
-6 -13 0 1.0 6.0 
-5 -13 2 0.999999999999999 5.9999999999999964 
-6 -14 0 0.9999999999999998 6.000000000000001 
-5 -14 2 0.9999999999999994 6.0 
