2 6 1 0.7898158701166286 6.470895516291018 
3 6 0 0.7898158701166283 6.470895516291018 
2 5 1 0.7898158701166279 6.470895516291018 
3 5 0 0.7898158701166285 6.470895516291016 
2 4 1 1.9713057246039816 9.701562118716424 
3 4 0 1.9713057246039798 9.29059592569784 
2 3 1 1.9713057246039811 9.701562118716428 
3 3 0 1.9713057246039807 9.290595925697843 
2 2 0 1.7858675447177286 10.555394102680546 
3 2 0 3.7269271369323325 9.13263749357984 
2 1 0 1.7858675447177317 10.555394102680548 
3 1 0 3.726927136932332 9.13263749357984 
2 0 0 6.0 8.0 
3 0 0 6.0 6.0 
2 -1 0 5.999999999999999 8.0 
3 -1 0 6.0 6.0 
1 6 0 2.0 2.0 
1 5 0 2.0 2.0 
1 4 1 2.145898033750314 9.70156211871642 
1 3 1 2.1458980337503153 9.701562118716426 
1 2 1 0.6454878180103963 11.999999990690473 
1 1 1 0.6454878180103986 11.999999994915393 
1 0 0 1.9476311502522223 10.0 
1 -1 0 1.9476311502522212 10.000000000000002 
0 4 0 2.999999999999999 7.561552812808829 
0 3 0 2.9999999999999996 7.561552812808831 
0 2 2 1.5524484929113758 11.999999999666342 
0 1 2 1.5524484929113778 11.999999999321608 
0 0 2 1.5524484929113758 11.999999996620783 
0 -1 2 1.552448492911376 11.999999998961282 
0 -2 0 3.0 7.561552812808829 
1 -2 0 4.0 4.0 
0 -3 0 2.9999999999999996 7.561552812808832 
1 -3 0 4.0 4.0 
-1 4 0 4.0 4.0 
-1 3 0 4.0 4.0 
-1 2 0 1.9476311502522217 10.000000000000002 
-1 1 0 1.9476311502522212 10.000000000000002 
-1 0 1 0.6454878180103985 11.999999997287182 
-1 -1 1 0.6454878180103975 11.999999998174117 
-1 -2 1 2.1458980337503175 9.701562118716424 
-1 -3 1 2.145898033750316 9.701562118716424 
-2 2 0 6.0 8.0 
-2 1 0 6.0 8.0 
-2 0 0 1.7858675447177297 10.55539410268055 
-2 -1 0 1.78586754471773 10.555394102680546 
-2 -2 1 1.9713057246039813 9.701562118716428 
-2 -3 1 1.9713057246039796 9.70156211871642 
-2 -4 1 0.7898158701166277 6.470895516291016 
-1 -4 0 2.0 2.0 
-2 -5 1 0.7898158701166282 6.470895516291016 
-1 -5 0 2.0 2.0 
-3 2 0 6.0 6.0 
-3 1 0 6.0 6.0 
-3 0 0 3.726927136932332 9.13263749357984 
-3 -1 0 3.7269271369323334 9.132637493579837 
-3 -2 0 1.971305724603979 9.29059592569784 
-3 -3 0 1.9713057246039816 9.290595925697842 
-3 -4 0 0.7898158701166285 6.470895516291018 
-3 -5 0 0.789815870116628 6.470895516291019 
