2 4 0 1.9999999999999998 4.0 
3 4 0 4.0 4.0 
2 3 0 2.0000000000000004 4.0 
3 3 0 4.0 4.0 
2 2 0 2.0316875653134026 12.605551275463988 
3 2 0 5.39444872453601 12.60555127546399 
2 1 0 2.031687565313402 12.605551275463988 
3 1 0 5.39444872453601 12.60555127546399 
2 0 0 2.733930052632459 14.000000000000004 
3 0 0 11.0 11.0 
2 -1 0 2.7339300526324584 13.999999999999998 
3 -1 0 11.0 11.0 
1 4 0 2.0 4.0 
1 3 0 1.9999999999999998 4.0 
1 2 0 1.059501276865381 11.17938807905922 
1 1 0 1.0595012765922485 11.179388090629274 
1 0 0 1.0906339747051255 13.999999699508923 
1 -1 0 1.0906339747106488 13.999999999931134 
1 -2 0 1.8142694597850861 11.999999999751589 
2 -2 0 5.43844718719117 10.000000000000002 
1 -3 0 1.814269460833125 11.999999999747445 
2 -3 0 5.438447187191171 10.0 
0 4 0 2.0 4.0 
0 3 0 2.0 4.0 
0 2 1 1.0595012765922485 9.422003085796415 
0 1 1 1.0595012765922518 9.422003086595026 
0 0 2 0.6771343229880125 13.35388120846689 
0 -1 2 0.6771343229880108 13.353881208368076 
0 -2 1 0.394383225211068 13.714747164558544 
0 -3 1 0.3943832252110689 13.714747163719391 
0 -4 0 0.4343291963116273 9.872878650331113 
1 -4 0 4.000000000000001 8.56155281280883 
0 -5 0 0.4343291963189911 9.872878650331446 
1 -5 0 4.000000000000001 8.561552812808829 
-1 2 0 1.505717585402845 8.0 
-1 1 0 1.5057175854028455 7.999999999999998 
-1 0 0 0.6771343229891408 11.829198836141826 
-1 -1 0 0.6771343229911445 11.829198817287109 
-1 -2 0 0.394383225211374 13.999999974707501 
-1 -3 0 0.39438322521137437 13.9999986246276 
-1 -4 0 0.43432919635765754 11.531028432453127 
-1 -5 0 0.4343291963123282 11.531028451031483 
-1 -6 0 0.9355654662034242 5.891954440663916 
0 -6 0 2.9999999999999996 5.0 
-1 -7 0 0.935565466203424 5.891954440663916 
0 -7 0 2.9999999999999996 5.0 
-2 0 0 2.4055586295838003 10.000000000000004 
-2 -1 0 2.4055586295838016 10.0 
-2 -2 0 1.0444960834358177 13.999999545167446 
-2 -3 0 1.0444960834358112 13.999999440086686 
-2 -4 0 0.83016796602754 13.114239711193989 
-2 -5 0 0.8301679660271278 13.114239209960054 
-2 -6 0 0.9355654662034241 6.414213562373097 
-2 -7 0 0.9355654662034253 6.414213562373098 
-3 -2 0 3.8792867235153548 12.0 
-3 -3 0 3.879286723515351 12.0 
-3 -4 0 2.9519403704414784 13.999999999999998 
-3 -5 0 2.951940370441483 13.999999999999996 
-3 -6 0 1.9696781528153549 7.000000000000001 
-3 -7 0 1.9696781528153546 6.999999999999999 
-4 -4 0 14.0 14.0 
-4 -5 0 14.0 14.0 
-4 -6 0 7.0 7.0 
-4 -7 0 7.0 7.0 
