3 5 0 2.9999999999999996 5.0 
4 5 0 5.0 5.0 
3 4 0 2.9999999999999996 5.0 
4 4 0 5.0 5.0 
3 3 0 2.5777012563334183 15.213349418004869 
4 3 0 6.12220732466195 15.213349418004873 
3 2 0 2.577701256328636 15.213349417995063 
4 2 0 6.12220732466195 15.21334941800487 
3 1 0 3.3479083848797493 18.603231335418787 
4 1 0 9.049556192937956 16.728327402642265 
3 0 0 3.347908384879843 18.603231333245162 
4 0 0 9.049556192937956 16.728327402642265 
3 -1 0 5.007597724022081 17.999999999843247 
4 -1 0 15.0 15.0 
3 -2 0 5.007597724022079 17.999999999861267 
4 -2 0 15.0 15.0 
2 5 0 1.0 5.000000000000001 
2 4 0 0.9999999999999999 5.0 
2 3 0 0.8323994930335878 14.84977189381332 
2 2 0 0.8323994932334351 14.849771867811777 
2 1 0 0.8490597488020662 18.603231333983878 
2 0 0 0.8490597487315092 18.60323133585764 
2 -1 0 1.0447342432500737 19.999999999918515 
2 -2 0 1.0447342432489497 19.999999998184286 
2 -3 0 2.586967307345685 15.999999999796085 
3 -3 0 10.267949192431123 13.732050807568873 
2 -4 0 2.586967307340044 15.999999999726981 
3 -4 0 10.267949192431125 13.732050807568879 
1 5 0 0.9999999999999994 5.0 
1 4 0 1.0000000000000002 5.000000000000002 
1 3 0 0.8323994930335449 13.384180813253439 
1 2 0 0.8323994930335665 13.384180670329782 
1 1 0 0.8490597493957062 17.313021732644145 
1 0 0 0.849059748795873 17.313021243429755 
1 -1 0 0.8113715397772846 19.999999078284404 
1 -2 0 0.811371537321356 19.9999997040162 
1 -3 0 1.0371807756067182 17.999999988520496 
1 -4 0 1.037180775608533 17.999999978346477 
1 -5 0 2.5917186903260134 13.999999995726364 
2 -5 0 6.267949192431123 11.732050807568875 
1 -6 0 2.591718698830203 13.999999995911383 
2 -6 0 6.267949192431123 11.732050807568875 
0 3 1 0.9071682107749336 10.442281270197611 
0 2 1 0.9071682107749363 10.442281270190591 
0 1 3 0.19313209314505683 15.765295080768157 
0 0 3 0.8857515968301946 15.765295489346952 
0 -1 3 0.19003583634503832 19.29909711003873 
0 -2 3 0.19003583634504018 19.29909709711179 
0 -3 1 0.11902320656081962 19.75688413863413 
0 -4 1 0.11902320656793813 19.756883560790225 
0 -5 0 0.1366550059783977 15.999999986734032 
0 -6 0 0.13665500599092564 15.999999433934269 
0 -7 0 2.3911334934287374 11.999999999804064 
1 -7 0 5.0 9.0 
0 -8 0 2.3911334935403827 11.999999999827315 
1 -8 0 4.999999999999999 9.0 
-1 3 0 1.9999999999999993 8.0 
-1 2 0 1.9999999999999991 8.0 
-1 1 0 0.19313209314676658 13.873104334809952 
-1 0 0 0.19313209314590135 13.873104603150857 
-1 -1 0 0.10628754261284953 17.776542561372352 
-1 -2 0 0.10628754260628298 17.77654226769029 
-1 -3 0 0.11902320656123638 19.75886852070874 
-1 -4 0 0.11902320656082156 19.758868712465933 
-1 -5 0 0.13665500600736313 17.777862029059587 
-1 -6 0 0.13665500597844946 17.777860257739004 
-1 -7 0 0.19802151890804248 13.873176681273007 
-1 -8 0 0.19802151890771108 13.873176842932134 
-2 1 0 2.39113349342091 11.999999999258536 
-2 0 0 2.391133493420983 11.999999999911063 
-2 -1 0 0.35791055336388355 15.999999113783407 
-2 -2 0 0.35791055331344673 15.99999973128689 
-2 -3 0 0.19000675781947904 19.758868340598355 
-2 -4 0 0.19000675781960638 19.758867393588474 
-2 -5 0 0.18951245984386325 19.26200297360082 
-2 -6 0 0.1895124598435382 19.26089962833223 
-2 -7 0 0.19802151890750974 15.76390039832163 
-2 -8 0 0.19802151890737107 15.763900478049704 
-2 -9 0 0.44385466763390147 10.780557094871337 
-1 -9 0 2.000000000000001 8.000000000000002 
-2 -10 0 0.4438546676334621 10.780557094871373 
-1 -10 0 2.0 8.000000000000004 
-3 1 0 5.000000000000002 9.0 
-3 0 0 5.0 8.999999999999998 
-3 -1 0 2.38870451161907 13.999999999245858 
-3 -2 0 2.3887045112888794 13.999999998799224 
-3 -3 0 0.4685037841038162 17.999999991256242 
-3 -4 0 0.4685037842770316 17.999999993672766 
-3 -5 0 0.4845087025518009 19.999999330466718 
-3 -6 0 0.4845087023944588 19.999999646597164 
-3 -7 0 0.48510052335149334 17.31360784617866 
-3 -8 0 0.4851005233517733 17.31360522102366 
-3 -9 0 0.4438546677437786 12.961276567748238 
-3 -10 0 0.4438546676461222 12.96127656774892 
-4 -1 0 5.763932022500211 11.73205080756888 
-4 -2 0 5.763932022500211 11.73205080756888 
-4 -3 0 2.7746444591738424 15.999999427205722 
-4 -4 0 2.7746444586469323 15.999999503319543 
-4 -5 0 1.2618676683595862 19.9999999651162 
-4 -6 0 1.2618676683602694 19.99999999647227 
-4 -7 0 0.6509139776532674 18.69943427992051 
-4 -8 0 0.6509139777393382 18.699436077869482 
-4 -9 0 0.7582569426193352 14.374667859474712 
-4 -10 0 0.7582569425596224 14.374667859474691 
-4 -11 0 0.9999999999999991 5.000000000000002 
-3 -11 0 0.9999999999999998 5.0 
-4 -12 0 0.9999999999999996 5.000000000000001 
-3 -12 0 1.0 5.0 
-5 -3 0 8.17157287525381 13.828427124746188 
-5 -4 0 8.17157287525381 13.82842712474619 
-5 -5 0 5.221645366944073 18.0 
-5 -6 0 5.221645366944073 18.000000000000007 
-5 -7 0 3.5758641242465887 18.699436087182573 
-5 -8 0 3.5758641242465896 18.699436080948946 
-5 -9 0 2.146969746244994 15.611157352136809 
-5 -10 0 2.146969746244995 15.611157352136818 
-5 -11 0 2.9999999999999996 5.0 
-5 -12 0 3.0000000000000004 5.0 
-6 -5 0 15.0 15.0 
-6 -6 0 15.0 15.0 
-6 -7 0 8.55759422315994 17.21370759427644 
-6 -8 0 8.55759422315994 17.213707594276443 
-6 -9 0 6.572983573894816 15.61115735213681 
-6 -10 0 6.572983573894815 15.611157352136807 
-6 -11 0 5.0 5.0 
-6 -12 0 5.0 5.0 
