0 2 0 0.9999999999999999 3.0 
1 2 0 3.0 3.0 
0 1 0 0.9999999999999999 3.000000000000001 
1 1 0 3.0 3.0 
0 0 0 0.7639320225002106 6.0 
1 0 0 6.0 6.0 
0 -1 0 0.7639320225002106 6.0 
1 -1 0 6.0 6.0 
-1 2 0 0.9999999999999998 3.0 
-1 1 0 0.9999999999999998 3.0 
-1 0 1 0.7639320225002108 5.561552812808831 
-1 -1 1 0.7639320225002106 5.561552812808831 
-1 -2 2 1.2679491924311224 5.414213562373095 
0 -2 0 1.2679491924311235 4.732050807568878 
-1 -3 2 1.2679491924311213 5.414213562373096 
0 -3 0 1.2679491924311226 4.732050807568877 
-2 0 0 5.0 5.0 
-2 -1 0 5.0 5.0 
-2 -2 0 2.5857864376269046 5.414213562373095 
-2 -3 0 2.585786437626904 5.414213562373095 
-2 -4 0 2.0 2.0 
-1 -4 1 2.0 2.0 
-2 -5 0 2.0 2.0 
-1 -5 1 1.9999999999999998 1.9999999999999998 
