4 12 0 1.0 3.0 
5 12 0 3.0 3.0 
4 11 0 0.9999999999999999 3.0 
5 11 0 3.0 3.0 
4 10 0 0.6433028459159936 8.732050807568879 
5 10 0 4.0 8.732050807568875 
4 9 0 0.643302845915994 8.732050807568879 
5 9 0 4.0 8.732050807568877 
4 8 0 1.6673183380863892 11.12204014229697 
5 8 0 5.550510257216823 10.449489742783179 
4 7 0 1.667318338085065 11.121957410424953 
5 7 0 5.550510257216821 10.449489742783179 
4 6 0 2.792671123484691 10.069517991915754 
5 6 0 9.0 9.0 
4 5 0 2.792671123484692 10.069517991915756 
5 5 0 9.0 9.0 
3 12 0 1.0 3.0 
3 11 0 1.0000000000000002 3.0 
3 10 1 0.643302845915994 7.513227112806798 
3 9 1 0.6433028459159973 7.513227112806799 
3 8 1 0.3765537095166093 11.121952345452282 
3 7 1 0.3765537095166088 11.122035799769725 
3 6 0 0.29512813851842634 11.999999986403784 
3 5 0 0.2951281385184294 11.999999998742982 
3 4 0 1.6624827165599274 8.515996407999626 
4 4 0 4.267949192431122 7.732050807568877 
3 3 0 1.6624827165599285 8.515996407999632 
4 3 0 4.2679491924311215 7.732050807568877 
2 10 0 1.9999999999999993 7.0 
2 9 0 1.9999999999999996 7.000000000000001 
2 8 0 0.3765537096012654 9.76615357377356 
2 7 0 0.37655370961604484 9.76615357100481 
2 6 1 0.2951281385184304 11.99999999976114 
2 5 1 0.2951281385184297 11.999999982613348 
2 4 1 1.6624827165599296 10.805602832556678 
2 3 1 1.6624827165599265 10.805602786334829 
2 2 0 3.0 5.0 
3 2 0 3.0 5.0 
2 1 0 2.9999999999999996 5.000000000000001 
3 1 0 3.0 5.0 
1 8 0 4.0 9.0 
1 7 0 3.9999999999999982 9.0 
1 6 0 0.740791610491591 11.722139644998922 
1 5 0 0.7407916104923337 11.722119356288156 
1 4 0 0.546816378313202 11.470390322397451 
1 3 0 0.5468163783784632 11.470390322397463 
1 2 0 0.7985276617807591 8.645751311064593 
1 1 0 0.7985276617807582 8.645751311064592 
0 8 0 3.999999999999999 6.0 
0 7 0 4.0 6.0 
0 6 0 0.7407916104915699 11.000000000000002 
0 5 0 0.7407916104915696 10.999999999999998 
0 4 1 0.5468163783065805 11.470390322397465 
0 3 1 0.5468163783065788 11.470390322397467 
0 2 2 0.7985276617807633 8.701562118716424 
0 1 2 0.7985276617807587 8.70156211871643 
-1 6 0 8.0 8.0 
-1 5 0 8.0 8.0 
-1 4 0 4.616815328391925 11.099647729675864 
-1 3 0 4.616815328391923 11.099647729675864 
-1 2 0 2.2984378812835753 8.701562118716422 
-1 1 0 2.2984378812835753 8.701562118716424 
-1 0 0 2.0 2.0 
0 0 1 2.0 2.0 
-1 -1 0 2.0 2.0 
0 -1 1 2.0 2.0 
