3 9 0 1.0 1.0 
4 9 0 1.0 1.0 
3 8 0 1.0 1.0 
4 8 0 1.0 1.0 
3 7 1 1.3067258845804754 7.978517135941657 
4 7 0 1.4305315765770705 7.9785171359416545 
3 6 1 1.3067258845804746 7.978517135941655 
4 6 0 1.430531576577071 7.978517135941657 
3 5 0 0.3606414815839294 11.681272994676432 
4 5 0 2.20775733918548 11.681272994676448 
3 4 0 0.3606414815838541 11.68127298733241 
4 4 0 2.207757339185479 11.68127299467645 
3 3 0 0.8430989477170497 13.955793653050463 
4 3 0 3.504124381363032 13.70301205784993 
3 2 0 0.8430989476763421 13.955793705057639 
4 2 0 3.5041243813630274 13.703012057849934 
3 1 0 1.87215703646331 14.746952627254487 
4 1 0 5.225040689226099 13.95677847322387 
3 0 0 1.8721570364633149 14.746952961859265 
4 0 0 5.225040689226101 13.95677847322387 
3 -1 0 3.48286264745565 14.251706062292039 
4 -1 0 7.391789026263493 13.027964108223959 
3 -2 0 3.482862647517461 14.251706060731934 
4 -2 0 7.391789026263491 13.02796410822396 
3 -3 0 5.32344693416282 11.999999999999998 
4 -3 0 10.0 10.0 
3 -4 0 5.323446934162821 12.000000000000007 
4 -4 0 10.0 10.0 
2 7 0 1.3067258845804757 7.7780103789484265 
2 6 0 1.3067258845804746 7.778010378948428 
2 5 0 0.36064148158374937 11.386621989726413 
2 4 0 0.36064148158591197 11.38662186025245 
2 3 1 0.8430989476755266 14.329217775053403 
2 2 1 0.8430989476755271 14.329217111775165 
2 1 0 0.804325751273428 15.82081285745582 
2 0 0 0.804325751895766 15.82081341459199 
2 -1 0 2.045032517774363 15.571308948498693 
2 -2 0 2.0450325177585595 15.571309051209711 
2 -3 0 4.06156419979048 13.104071720961878 
2 -4 0 4.061564200483876 13.104071726962797 
2 -5 0 7.999999999999999 10.0 
3 -5 0 8.0 8.0 
2 -6 0 8.0 10.0 
3 -6 0 8.0 8.0 
1 7 0 3.0 3.0 
1 6 0 3.0 3.0 
1 5 0 0.9736535736680165 11.109489732932873 
1 4 0 0.9736535736680034 11.10948944186188 
1 3 2 1.0127561698336198 14.329217773160192 
1 2 2 1.0127561698336212 14.329217772298797 
1 1 1 0.3944862278678521 16.615305035977624 
1 0 1 0.3944862278678515 16.615296878889698 
1 -1 0 0.6733864275636509 16.86414472407652 
1 -2 0 0.6733864275636436 16.864144962004502 
1 -3 0 2.439738828541993 14.999999998933733 
1 -4 0 2.439738828544106 14.9999999979779 
1 -5 0 4.053858362415711 11.530255541271176 
1 -6 0 4.05385836241571 11.530255541271174 
0 5 0 3.381966011250105 8.23606797749979 
0 4 0 3.381966011250105 8.23606797749979 
0 3 0 1.0127561698337098 13.563269149364029 
0 2 0 1.012756169833739 13.563269150273902 
0 1 1 0.39448622786784604 16.615305034210117 
0 0 1 0.39448622786784876 16.61530503572635 
0 -1 1 0.5906413460474254 17.786984428790674 
0 -2 1 0.5906413460312834 17.78698449853309 
0 -3 0 0.8498929502452235 16.999999977956374 
0 -4 0 0.8498929484357546 16.999999958602526 
0 -5 0 2.527216951717669 12.99999999769424 
0 -6 0 2.5272169514547036 12.999999888741144 
0 -7 0 5.0 6.0 
1 -7 0 6.0 6.0 
0 -8 0 5.0 6.000000000000001 
1 -8 0 6.0 6.0 
-1 3 0 3.129234837584392 11.141689128160747 
-1 2 0 3.129234837584392 11.141689128160756 
-1 1 0 0.8792697494103454 14.999999716219993 
-1 0 0 0.879269749009285 14.999998859245547 
-1 -1 1 0.5906413460312452 17.78697239996804 
-1 -2 1 0.5906413460312445 17.78698439298788 
-1 -3 2 0.8806167395301001 17.740046775591008 
-1 -4 2 0.8498929484326422 17.74004677572082 
-1 -5 0 0.6993025230506165 14.79303774199745 
-1 -6 0 0.6993025230515064 14.793037559187944 
-1 -7 0 2.9999999999999982 10.64575131106459 
-1 -8 0 2.9999999999999996 10.645751311064588 
-2 3 0 6.0 6.0 
-2 2 0 6.0 6.0 
-2 1 0 2.631277102469159 12.99999999977796 
-2 0 0 2.6312771024688804 12.99999999660212 
-2 -1 0 1.0336851221758387 16.884533395494426 
-2 -2 0 1.03368512216967 16.8845338224498 
-2 -3 1 0.8806167395526899 17.999999947047705 
-2 -4 1 0.880616740351546 17.999999988183355 
-2 -5 0 0.5453836222609523 16.180327158063808 
-2 -6 0 0.5453836222611298 16.180327146549274 
-2 -7 0 1.6404096161826776 12.400349534982146 
-2 -8 0 1.6404096161269932 12.400349534982151 
-3 1 0 5.585786437626905 10.000000000000002 
-3 0 0 5.585786437626906 9.999999999999996 
-3 -1 0 2.8030519865525663 14.848612277388765 
-3 -2 0 2.8030519865525685 14.848612615576101 
-3 -3 0 0.9744089314857498 17.999999995321883 
-3 -4 0 0.9744089314790435 17.999999994150958 
-3 -5 0 0.5453836222614364 16.977460879617272 
-3 -6 0 0.5453836222609928 16.9774608920792 
-3 -7 1 1.568908665601863 13.855255039728974 
-3 -8 1 1.5689086656062456 13.855254959338371 
-3 -9 0 0.9999999999999999 4.0 
-2 -9 0 3.0 3.0 
-3 -10 0 1.0000000000000007 3.9999999999999996 
-2 -10 0 3.0 3.0 
-4 -1 0 6.875114580235425 11.76155718183189 
-4 -2 0 6.875114580235425 11.761557181831888 
-4 -3 0 4.049316834216454 15.999999999999993 
-4 -4 0 4.049316834216449 15.999999999999998 
-4 -5 0 2.2854496246819362 16.977460384922654 
-4 -6 0 2.2854496246819362 16.97746089263139 
-4 -7 0 1.5689086655919333 14.640805988276549 
-4 -8 0 1.568908665591924 14.640805988276552 
-4 -9 0 1.0000000000000002 4.0 
-4 -10 0 0.9999999999999998 4.0 
-5 -3 0 13.0 13.0 
-5 -4 0 13.0 13.0 
-5 -5 0 6.876894374382338 15.123105625617661 
-5 -6 0 6.876894374382342 15.123105625617658 
-5 -7 0 4.927547899865796 14.640805988276552 
-5 -8 0 4.927547899865793 14.64080598827655 
-5 -9 0 4.0 4.0 
-5 -10 0 4.0 4.0 
