1 3 0 1.0 4.0 
2 3 0 4.0 4.0 
1 2 0 1.0000000000000007 4.000000000000001 
2 2 0 4.0 4.0 
1 1 0 1.0507386851195248 9.23606797749979 
2 1 0 4.763932022500209 9.23606797749979 
1 0 0 1.0507386851195246 9.23606797749979 
2 0 0 4.763932022500211 9.23606797749979 
1 -1 0 1.7494396583679208 9.705247176766234 
2 -1 0 9.0 9.0 
1 -2 0 1.7494396583679215 9.705247176766239 
2 -2 0 9.0 9.0 
0 3 0 0.9999999999999999 4.0 
0 2 0 1.0000000000000004 3.9999999999999996 
0 1 1 1.0507386851195266 8.41184965918123 
0 0 1 1.0507386851195248 8.411849659184192 
0 -1 1 0.5219062985455115 9.705247174746496 
0 -2 1 0.5219062985455106 9.705247176738867 
0 -3 0 0.37292515436799556 8.699446343465532 
1 -3 0 2.875114580235425 7.76155718183189 
0 -4 0 0.37292515437384527 8.699446343465526 
1 -4 0 2.875114580235425 7.76155718183189 
-1 3 0 3.0 3.0 
-1 2 0 3.0 3.0 
-1 1 0 1.5268849405348186 7.656822382042765 
-1 0 0 1.5268849405348204 7.656822382042767 
-1 -1 0 0.5219062985455158 9.674792434091737 
-1 -2 0 0.5219062985455166 9.67479272356304 
-1 -3 0 0.37292515452694014 9.450936753549117 
-1 -4 0 0.3729251543950245 9.450936729409957 
-1 -5 0 0.8091427585128901 7.429061821753555 
0 -5 0 1.4769044093683306 5.441290910412462 
-1 -6 0 0.8091427585128905 7.429061821753553 
0 -6 0 1.4769044093683301 5.441290910412462 
-2 1 0 3.9999999999999987 6.0 
-2 0 0 3.9999999999999996 6.0 
-2 -1 0 1.9998450953462101 8.999999999999998 
-2 -2 0 1.99984509534621 8.999999999999998 
-2 -3 0 1.128909093814549 9.45093675354914 
-2 -4 0 1.1289090938145487 9.450936753549135 
-2 -5 0 0.8091427585128899 8.15632517465866 
-2 -6 0 0.8091427585128899 8.156325174658658 
-2 -7 0 2.0 2.0 
-1 -7 0 2.0 2.0 
-2 -8 0 2.0 2.0 
-1 -8 0 2.0 2.0 
-3 -1 0 7.0 7.0 
-3 -2 0 7.0 7.0 
-3 -3 0 3.550510257216821 8.449489742783179 
-3 -4 0 3.5505102572168212 8.449489742783177 
-3 -5 0 2.474572439156482 8.156325174658662 
-3 -6 0 2.474572439156482 8.156325174658662 
-3 -7 0 2.0 2.0 
-3 -8 0 2.0 2.0 
