3 7 0 2.0000000000000004 4.0 
4 7 0 4.0 4.0 
3 6 0 2.000000000000001 4.0 
4 6 0 4.0 4.0 
3 5 0 2.096213492999143 14.84091392299839 
4 5 0 4.717953550058959 14.84091392299839 
3 4 0 2.0962134929991425 14.84091392299839 
4 4 0 4.717953550058959 14.84091392299839 
3 3 0 2.6432902913293996 17.12985266715903 
4 3 0 6.776337738339424 15.293713342773438 
3 2 0 2.6432902903104636 17.129852667158957 
4 2 0 6.776337738339427 15.293713342773442 
3 1 0 3.8994485233382745 17.00000000000001 
4 1 0 13.0 13.0 
3 0 0 3.8994485233382794 17.00000000000001 
4 0 0 13.0 13.0 
2 7 0 1.9999999999999996 4.0 
2 6 0 1.9999999999999998 4.0 
2 5 0 0.8678521431828887 13.654234046836702 
2 4 0 0.867852143182926 13.654234047635542 
2 3 0 1.1248400930864595 17.1298526670903 
2 2 0 1.1248400930854385 17.129852667134855 
2 1 0 1.7593769758662452 17.748566143192868 
2 0 0 1.7593769758766964 17.748566399069873 
2 -1 0 2.951739361062632 14.999999996160406 
3 -1 0 8.267949192431123 11.732050807568879 
2 -2 0 2.951739359909386 14.99999999113941 
3 -2 0 8.267949192431123 11.73205080756888 
1 7 0 1.9999999999999996 4.0 
1 6 0 2.0000000000000004 4.0 
1 5 0 0.8678521431829196 11.412436189209616 
1 4 0 0.8678521431828881 11.412436190018157 
1 3 0 0.2947147038957945 16.217736345195338 
1 2 0 0.2947147038871307 16.217736005909384 
1 1 0 0.6007018323852669 17.748566396598033 
1 0 0 0.6007018322011282 17.748565412828327 
1 -1 0 1.002326734003738 16.99999966584525 
1 -2 0 1.0023267340034732 16.999998357828577 
1 -3 0 2.131369858280387 12.999999945204692 
2 -3 0 6.267949192431122 9.732050807568875 
1 -4 0 2.131369856789068 12.99999999958621 
2 -4 0 6.267949192431122 9.732050807568879 
0 5 0 1.0491688968817516 9.192184960476059 
0 4 0 1.0491688968817519 9.192184960476066 
0 3 0 0.29471470388396137 14.305222529087901 
0 2 0 0.2947147039638301 14.305222875101295 
0 1 1 0.6007018322060294 17.636426549515654 
0 0 1 0.6007018324992731 17.636425506126074 
0 -1 1 0.7356313262341758 17.744410363310244 
0 -2 1 0.7356313262341801 17.74441068126388 
0 -3 0 0.7560506746641785 14.887692091650786 
0 -4 0 0.7560506746623267 14.887691819995704 
0 -5 0 2.0573702351508225 10.834573064304049 
1 -5 0 5.0 7.0 
0 -6 0 2.057370235150824 10.834573064304044 
1 -6 0 5.0 7.0 
-1 5 0 3.381966011250105 6.618033988749895 
-1 4 0 3.381966011250105 6.618033988749896 
-1 3 0 1.4396696884398734 12.263529222462706 
-1 2 0 1.4396696884563418 12.263529109028111 
-1 1 0 0.6662680015347575 16.68999957710304 
-1 0 0 0.666268002249047 16.689999677607968 
-1 -1 0 0.29783713856541977 17.922889742169765 
-1 -2 0 0.29783713839387965 17.922888949550668 
-1 -3 0 0.5529752462526479 16.291562445657274 
-1 -4 0 0.5529752462651862 16.29156265903784 
-1 -5 0 1.156323382962068 12.62580485137287 
-1 -6 0 1.1563233829347015 12.62580486916765 
-2 3 0 2.858138821207668 9.696430375139812 
-2 2 0 2.8581388212076684 9.69643037513981 
-2 1 0 0.9402425838498532 14.66552594425636 
-2 0 0 0.940242583849874 14.665525944859192 
-2 -1 0 0.2978371383940113 17.922889938994594 
-2 -2 0 0.2978371383944479 17.92288999320898 
-2 -3 1 0.5529752461822536 17.07348819940146 
-2 -4 1 0.5529752461822564 17.073488292495874 
-2 -5 1 1.034853639005593 14.204563853181467 
-2 -6 1 1.0348536390055953 14.204563852992909 
-2 -7 0 1.0000000000000002 6.7320508075688785 
-1 -7 0 2.3819660112501047 5.618033988749896 
-2 -8 0 0.9999999999999998 6.732050807568877 
-1 -8 0 2.381966011250105 5.618033988749896 
-3 1 0 3.975497215120666 12.61652838962765 
-3 0 0 3.9754972151206673 12.616528389627648 
-3 -1 0 2.1011791625549407 16.84293885958598 
-3 -2 0 2.101179162554684 16.842938860675005 
-3 -3 0 1.4252072982758772 17.99999999459367 
-3 -4 0 1.4252072975110288 17.99999999685546 
-3 -5 0 1.034853639009767 15.657885915690741 
-3 -6 0 1.034853639086934 15.657886003129331 
-3 -7 0 1.0000000000000022 7.0 
-3 -8 0 1.0 6.999999999999997 
-4 -1 0 6.50209318666109 14.822293541799237 
-4 -2 0 6.502093186661086 14.822293541799239 
-4 -3 0 4.574466381718376 17.999999999930857 
-4 -4 0 4.5744663817183735 17.99999999999989 
-4 -5 0 3.2680136012279917 16.53112887414839 
-4 -6 0 3.268013601228013 16.53112887414926 
-4 -7 0 3.267949192431123 7.000000000000001 
-4 -8 0 3.267949192431123 7.000000000000001 
-5 -3 0 16.0 16.0 
-5 -4 0 16.0 16.0 
-5 -5 0 8.468871125850727 16.531128874149275 
-5 -6 0 8.468871125850725 16.531128874149275 
-5 -7 0 7.0 7.0 
-5 -8 0 7.0 7.0 
