5 15 0 3.0 3.0 
6 15 0 3.0 3.0 
5 14 0 3.0 3.0 
6 14 0 3.0 3.0 
5 13 0 1.4207713413321172 9.030321847184648 
6 13 0 4.0 9.030321847184647 
5 12 0 1.4207713413321112 9.030321847184641 
6 12 0 3.9999999999999996 9.030321847184652 
5 11 0 2.0992388685913976 12.590578447536291 
6 11 0 5.3726264491165265 12.590578451376425 
5 10 0 2.099238868560043 12.590578449617876 
6 10 0 5.3726264491165265 12.590578451376423 
5 9 0 3.09093225422866 14.948021874967797 
6 9 0 7.183027340379183 14.324665419428367 
5 8 0 3.09093226584053 14.94802185458907 
6 8 0 7.1830273403791844 14.324665419428364 
5 7 0 4.42535976726055 15.316806616121422 
6 7 0 9.303041535714447 14.28632341382283 
5 6 0 4.425359797496166 15.316806616122006 
6 6 0 9.303041535714447 14.286323413822835 
5 5 0 6.380805542375185 13.317396708747784 
6 5 0 12.0 12.0 
5 4 0 6.380805542375188 13.317396708746664 
6 4 0 12.0 12.0 
4 15 0 3.0 3.0 
4 14 0 3.0 3.0000000000000004 
4 13 0 1.4207713413321124 8.688955347878528 
4 12 0 1.4207713413321128 8.688955347878524 
4 11 0 0.7510688451420944 12.589118625073699 
4 10 0 0.7510688451280441 12.589118796371569 
4 9 0 1.149583662766446 15.220220948479417 
4 8 0 1.1495836623393285 15.22022017965707 
4 7 0 2.2634571479849033 16.303303943965712 
4 6 0 2.263457147106302 16.303304364628918 
4 5 0 3.635080446057488 14.999999999952914 
4 4 0 3.635080450902665 14.999999999949631 
4 3 0 4.965510272564623 12.038320432497736 
5 3 0 8.999999999999998 10.999999999999998 
4 2 0 4.965510272564736 12.038319914545108 
5 2 0 9.0 11.000000000000002 
3 15 0 3.0 3.0 
3 14 0 3.0 3.0 
3 13 0 1.4236290974070662 8.478692006338001 
3 12 0 1.4236290974070651 8.478692006338 
3 11 1 0.7510688451263295 12.211846027175863 
3 10 1 0.7510688451263247 12.211846063990787 
3 9 1 0.22767741868984193 15.220221011282765 
3 8 1 0.22767741868984082 15.220220976340473 
3 7 0 0.2545885164837781 17.32963065255243 
3 6 0 0.2545885164848544 17.32963049594404 
3 5 0 1.2819051094034408 15.91111460759829 
3 4 0 1.2819051094001916 15.911114663879635 
3 3 0 2.7156609999781436 13.999999999987736 
3 2 0 2.715660999386703 13.99999999999592 
3 1 0 4.025059015544999 9.984443875859563 
4 1 0 7.000000000000001 9.0 
3 0 0 4.025059015545 9.984443875859558 
4 0 0 7.0 9.000000000000002 
2 13 0 3.3186693563950236 8.323404276086478 
2 12 0 3.3186693563950227 8.323404276086478 
2 11 0 1.6903669159744708 11.395176801154932 
2 10 0 1.6903669159740757 11.395176798831123 
2 9 0 0.2276774186898453 14.430747128761153 
2 8 0 0.22767741868984684 14.428421771458451 
2 7 1 0.2545885164837013 17.32962988134839 
2 6 1 0.2545885164836985 17.32963061619172 
2 5 1 0.7044229051348527 17.99999975710633 
2 4 1 0.7044229051348438 17.999999972156964 
2 3 0 1.2889831122943296 14.797265277127792 
2 2 0 1.2889831123421063 14.797265026996355 
2 1 0 2.6049538870676234 11.999999999994923 
2 0 0 2.604953887099852 11.999999999023267 
2 -1 0 6.0 6.0 
3 -1 0 6.0 6.0 
2 -2 0 6.0 6.0 
3 -2 0 6.0 6.0 
1 11 0 4.31866935639502 10.645751311064593 
1 10 0 4.318669356395022 10.64575131106459 
1 9 0 2.6334098758784887 13.596455712079312 
1 8 0 2.633409876624461 13.596175684757316 
1 7 0 1.2781419400752272 15.9999991609113 
1 6 0 1.278141939534769 15.999999967842836 
1 5 0 0.6901540726462593 17.99999998544241 
1 4 0 0.690154072839463 17.999999948350574 
1 3 0 1.2500479718433934 15.701206615649323 
1 2 0 1.2500479753660463 15.70120635188601 
1 1 0 2.406351623413453 13.28544405909006 
1 0 0 2.40635162458282 13.285444058815658 
1 -1 0 4.000000000000001 9.0 
1 -2 0 4.0 9.0 
0 11 0 6.0 6.0 
0 10 0 6.0 6.0 
0 9 0 2.980862612327639 12.645751311064437 
0 8 0 2.980862612327633 12.645751311064405 
0 7 0 1.3845133581751712 14.827424477780104 
0 6 0 1.384513356881268 14.827474875332882 
0 5 1 0.6901540726411919 17.999999996461586 
0 4 1 0.6901540726411892 17.999999955439414 
0 3 2 1.2500479708540022 17.21959519583977 
0 2 2 1.2500479709598513 17.219595195674575 
0 1 1 0.7817080728234911 14.089910962365787 
0 0 1 0.7817080728234852 14.089911080089234 
0 -1 0 1.502548954185774 10.45217391231605 
0 -2 0 1.5025489541857762 10.45217391231605 
-1 9 0 7.000000000000001 9.000000000000002 
-1 8 0 7.0 9.0 
-1 7 0 3.980792080237284 13.999999970628954 
-1 6 0 3.9807920788988183 13.999999538442898 
-1 5 0 2.4101099089696536 15.962765007909388 
-1 4 0 2.4101099066727962 15.962761059828159 
-1 3 0 1.1987317773020014 17.219594468921798 
-1 2 0 1.1987317749210218 17.219595193250893 
-1 1 0 0.7817080728243626 14.961315120096323 
-1 0 0 0.7817080728755708 14.961315119545379 
-1 -1 0 1.5025489541857746 11.824313062582778 
-1 -2 0 1.5025489541857784 11.824313062582789 
-1 -3 0 3.0 3.0 
0 -3 0 3.0 3.0 
-1 -4 0 3.0 3.0 
0 -4 0 3.0 3.0 
-2 7 0 9.0 11.000000000000002 
-2 6 0 9.0 11.0 
-2 5 0 5.416833020075003 15.000000000000004 
-2 4 0 5.416833020074999 14.999999999999996 
-2 3 0 3.457833774163945 15.93923470278746 
-2 2 0 3.4578337741642113 15.939234732523774 
-2 1 0 1.914430731610272 14.961315124092035 
-2 0 0 1.914430731610288 14.96131510331737 
-2 -1 0 1.5637143080930282 11.89858914111983 
-2 -2 0 1.5637143080930287 11.898589141119826 
-2 -3 0 3.0 3.0 
-2 -4 0 3.0 3.0 
-3 5 0 12.0 12.0 
-3 4 0 12.0 12.0 
-3 3 0 7.560663011907783 14.544937822908796 
-3 2 0 7.560663011907784 14.544937822908798 
-3 1 0 5.475631163877483 14.761307172694726 
-3 0 0 5.475631163877482 14.761307172694725 
-3 -1 0 4.1070484158403735 11.89858914111983 
-3 -2 0 4.107048415840374 11.89858914111983 
-3 -3 0 3.0 3.0 
-3 -4 0 3.0 3.0 
