5 13 0 1.9999999999999993 4.0 
6 13 0 4.0 4.0 
5 12 0 2.0 4.0 
6 12 0 4.0 4.0 
5 11 0 2.2045800472954133 10.795445297648742 
6 11 0 4.8714318662582485 10.795445298009016 
5 10 0 2.20458004756775 10.795445297916316 
6 10 0 4.871431866258247 10.795445298009014 
5 9 0 2.7070040503102883 14.720429247710882 
6 9 0 6.087140052253931 14.720429247957137 
5 8 0 2.707004050067685 14.720429247800762 
6 8 0 6.087140052253929 14.720429247957139 
5 7 0 3.7047094906122684 17.089866142859655 
6 7 0 8.065524422157452 16.20905052544711 
5 6 0 3.704709490133451 17.08986647170967 
6 6 0 8.065524422157454 16.209050525447104 
5 5 0 5.026528642998226 17.23041928459228 
6 5 0 10.176038121049192 15.658458165871147 
5 4 0 5.026528641173599 17.230419284618616 
6 4 0 10.176038121049189 15.658458165871151 
5 3 0 7.180024938055706 15.999999999940407 
6 3 0 14.0 14.0 
5 2 0 7.18002493805526 15.999999999898712 
6 2 0 14.0 14.0 
4 13 0 1.9999999999999996 4.0 
4 12 0 2.0 4.0 
4 11 0 0.9622324107748613 10.779354925180614 
4 10 0 0.9622324107748746 10.77935491133707 
4 9 0 1.0451598708685352 14.607159248903871 
4 8 0 1.0451598692204351 14.607159309024722 
4 7 0 1.3304322762792824 17.08986664451453 
4 6 0 1.3304322794892294 17.08986184581655 
4 5 0 2.048624543295881 18.06256611820479 
4 4 0 2.0486245417729543 18.062566132909563 
4 3 0 3.4017959806267015 16.791208049199184 
4 2 0 3.401795980009582 16.791208342044623 
4 1 0 5.142784719873128 13.999997950473755 
5 1 0 10.000000000000002 12.0 
4 0 0 5.142784719901113 13.999999997617 
5 0 0 10.000000000000002 12.0 
3 13 0 2.0000000000000004 4.0 
3 12 0 2.0 4.0 
3 11 0 0.9622324107748587 9.921115394145847 
3 10 0 0.9622324107748828 9.921115396249157 
3 9 1 0.9862348431186057 13.779500206546471 
3 8 1 0.9862348319890339 13.779499868636975 
3 7 0 0.22228397115776666 17.07360806492927 
3 6 0 0.22228397111211165 17.07362539052607 
3 5 0 0.6498664590791944 18.969467852513198 
3 4 0 0.6498664590816842 18.969467739606184 
3 3 0 1.2899712940897166 17.601891713662567 
3 2 0 1.2899712940935877 17.601892833200644 
3 1 0 2.533638779983949 15.622772389352999 
3 0 0 2.5336387816442185 15.62277241413612 
3 -1 0 4.1766149350968504 11.817578583167743 
4 -1 0 8.0 10.0 
3 -2 0 4.176614935195525 11.817578583170265 
4 -2 0 7.999999999999999 10.0 
2 11 0 2.0772593299042943 8.467205900388134 
2 10 0 2.0772593299042956 8.467205900388132 
2 9 0 0.9862348319297626 12.76441312848142 
2 8 0 0.9862348318725541 12.764413376005985 
2 7 0 0.22228397111214637 16.081134713113965 
2 6 0 0.2222839711701312 16.081134685098398 
2 5 1 0.6409521725784926 18.969467811677905 
2 4 1 0.6409521700153902 18.96946675758184 
2 3 0 0.36345412669429383 19.99999999751863 
2 2 0 0.3634541267348268 19.999999998627764 
2 1 0 1.6004389288787924 16.433012687016987 
2 0 0 1.600438928878569 16.433014614109855 
2 -1 0 3.1731949056728013 13.623111131849354 
2 -2 0 3.1731949060846065 13.623111132390594 
2 -3 0 4.829913513373968 8.481194304092014 
3 -3 0 6.0 8.0 
2 -4 0 4.829913513373967 8.481194304092018 
3 -4 0 6.0 8.0 
1 9 0 2.5895069825090022 11.419499994943122 
1 8 0 2.589506982513318 11.419499994945106 
1 7 0 1.1083949301200504 14.752374735705585 
1 6 0 1.1083949303512401 14.752374894725696 
1 5 0 0.640952170031692 17.61848424323852 
1 4 0 0.6409521708063491 17.618482197615098 
1 3 0 0.3634541269287191 19.999999983105532 
1 2 0 0.36345412680794303 19.999999916420617 
1 1 0 0.771984966901856 17.999999994987665 
1 0 0 0.7719849669833307 17.999999816812508 
1 -1 0 2.736874452281349 14.373924628611377 
1 -2 0 2.7368744581475695 14.373924586679957 
1 -3 0 4.829913513373966 8.999999999999996 
1 -4 0 4.829913513373964 9.000000000000004 
0 7 0 3.1738559331129257 13.558774074133494 
0 6 0 3.173855924517535 13.558774073675423 
0 5 0 1.1067227706252827 16.81350673908659 
0 4 0 1.1067227706409453 16.81350565999976 
0 3 1 1.1628803350513963 19.617803705550866 
0 2 1 1.162880335055616 19.617882791570057 
0 1 1 0.6450916171982631 19.7279741822753 
0 0 1 0.6450916171982666 19.727974192809306 
0 -1 0 0.4778764860455484 15.825658466843965 
0 -2 0 0.4778764863907359 15.825656938013722 
0 -3 0 4.829913513373963 9.0 
0 -4 0 4.829913513373964 9.000000000000002 
-1 5 0 3.6311947979039276 14.999998587898396 
-1 4 0 3.6311947979039307 14.999998539757687 
-1 3 0 1.3216923897959871 17.921690075596818 
-1 2 0 1.321692389795852 17.921694369028607 
-1 1 0 0.6450916171983111 19.999999959780137 
-1 0 0 0.6450916171985466 19.99999994505105 
-1 -1 0 0.4778764860462338 17.240245980326275 
-1 -2 0 0.47787648604563576 17.240245284205482 
-1 -3 0 0.9855222280229589 9.021017862457933 
-1 -4 0 0.9855222280229593 9.021017862457935 
-2 3 0 4.744982133905598 16.99999999999986 
-2 2 0 4.744982133905599 16.99999995711446 
-2 1 0 1.691475817548813 19.99999999590007 
-2 0 0 1.6914758180961138 19.99999999436903 
-2 -1 0 1.1187576157601593 18.69753968978688 
-2 -2 0 1.1187576157601578 18.697539418819762 
-2 -3 0 0.9855222280229562 9.569894176340068 
-2 -4 0 0.9855222280229592 9.569894176340066 
-3 1 0 6.682352022131948 18.000000000000004 
-3 0 0 6.682352022131952 18.0 
-3 -1 0 4.064730386058286 20.0 
-3 -2 0 4.064730386058289 19.999999999999996 
-3 -3 0 2.8489904870383658 10.000000000000004 
-3 -4 0 2.8489904870383667 10.0 
-4 -1 0 20.0 20.0 
-4 -2 0 20.0 20.0 
-4 -3 0 10.0 10.0 
-4 -4 0 10.0 10.0 
