3 7 0 2.0 4.0 
4 7 0 4.0 4.0 
3 6 0 2.0000000000000004 4.0 
4 6 0 4.0 4.0 
3 5 0 2.1509766825038583 13.372281323269023 
4 5 0 5.0 13.372281323269014 
3 4 0 2.1509766825059295 13.372281323269018 
4 4 0 4.999999999999998 13.372281323269014 
3 3 0 2.771887237575663 16.62655127052459 
4 3 0 6.571691294096536 15.961710116531266 
3 2 0 2.7718872378010695 16.626551407222948 
4 2 0 6.571691294096534 15.961710116531266 
3 1 0 3.871807155400395 18.25008610088902 
4 1 0 8.83345490395138 16.073184903712875 
3 0 0 3.8718071554004005 18.250085916620698 
4 0 0 8.833454903951377 16.07318490371287 
3 -1 0 5.49817720881899 16.999999999999993 
4 -1 0 14.0 14.0 
3 -2 0 5.498177208818988 16.99999999999998 
4 -2 0 14.0 14.0 
2 7 0 2.0 4.0 
2 6 0 1.9999999999999993 4.0 
2 5 0 0.5523720741080738 12.656508539961377 
2 4 0 0.5523720738129834 12.656508539904229 
2 3 0 0.752698825215121 16.626551334926745 
2 2 0 0.7526988252152752 16.626550575605556 
2 1 0 1.0894401474147193 18.946448493560283 
2 0 0 1.089440147102547 18.946448732050133 
2 -1 0 2.1598908640093204 17.924033973933774 
2 -2 0 2.1598908640093084 17.92403396995575 
2 -3 0 4.0015785443515 15.848612589884713 
3 -3 0 10.0 13.0 
2 -4 0 4.001578544379789 15.848612615563596 
3 -4 0 9.999999999999996 13.000000000000002 
1 7 0 2.0 4.0 
1 6 0 2.0 4.0 
1 5 0 0.5523720738527204 11.115064688979386 
1 4 0 0.5523720738974196 11.115064688991316 
1 3 0 0.1437851591712852 15.365096525472472 
1 2 0 0.14378515917131723 15.36509642956148 
1 1 0 0.27750640368455143 18.946448502283534 
1 0 0 0.27750640367108853 18.946448755461184 
1 -1 0 0.8983321344747817 19.999999988914013 
1 -2 0 0.8983321344936356 19.999999990018132 
1 -3 0 1.8752063784743607 16.838807275102756 
1 -4 0 1.8752063783338817 16.838806866249566 
1 -5 0 3.5321726858348237 13.841759393783763 
2 -5 0 7.000000000000002 10.999999999999998 
1 -6 0 3.532172687259722 13.841759393777348 
2 -6 0 7.0 10.999999999999998 
0 5 0 2.197856118595341 9.201140678177108 
0 4 0 2.197856118595339 9.201140678177104 
0 3 0 0.14378515917136678 14.142355100472937 
0 2 0 0.1437851591724293 14.142355102083048 
0 1 1 0.2775064036119526 17.540407170900316 
0 0 1 0.2775064036119501 17.540447293442153 
0 -1 1 0.3948776515497406 19.999999909794628 
0 -2 1 0.3948776515497432 19.999999995410562 
0 -3 0 0.4978145993013271 17.99999996760942 
0 -4 0 0.4978145993044056 17.99999977387605 
0 -5 0 2.0325926938929304 15.624262116007442 
0 -6 0 2.0325926939597574 15.62426208031487 
0 -7 0 3.9052324947575485 11.131310374124867 
1 -7 0 6.000000000000001 8.0 
0 -8 0 3.9052324947575507 11.131310374124864 
1 -8 0 6.0 8.0 
-1 5 0 3.585786437626905 6.414213562373096 
-1 4 0 3.5857864376269046 6.414213562373094 
-1 3 0 1.5689056757088888 12.332091692853494 
-1 2 0 1.5689056777724606 12.33209171515641 
-1 1 0 0.38929984062952533 16.537020633348178 
-1 0 0 0.3892998406286954 16.537021136256676 
-1 -1 0 0.16492454306337592 19.589029473373756 
-1 -2 0 0.1649245430652279 19.58902998514285 
-1 -3 0 0.23969532536424942 19.908476700947332 
-1 -4 0 0.23969532536457616 19.908477573116613 
-1 -5 0 0.7786024407404417 16.363159299205964 
-1 -6 0 0.7786024407267197 16.3631572159822 
-1 -7 0 1.8221346964929257 13.394737619553256 
-1 -8 0 1.822134698350359 13.394737617643383 
-2 3 0 3.9047944531768 9.948162066827983 
-2 2 0 3.9047944531768004 9.948162066827976 
-2 1 0 1.8146307840154228 14.830881730348306 
-2 0 0 1.8146307839800964 14.830882559228058 
-2 -1 0 0.16492454306333562 17.914069616562706 
-2 -2 0 0.16492454306336338 17.914068573665634 
-2 -3 1 0.2396953253641725 19.99999992334402 
-2 -4 1 0.23969532536417246 19.999999916426333 
-2 -5 1 0.4981880751461684 17.72781269626614 
-2 -6 1 0.4981880751461691 17.72781301723649 
-2 -7 0 0.5795405691960508 14.88156781628872 
-2 -8 0 0.5795405691959256 14.881567827517848 
-2 -9 0 3.5857864376269037 7.0 
-1 -9 0 3.585786437626904 6.414213562373095 
-2 -10 0 3.5857864376269037 7.000000000000001 
-1 -10 0 3.5857864376269055 6.414213562373095 
-3 1 0 4.322655170778515 12.789427926390434 
-3 0 0 4.322655170778516 12.789427926387583 
-3 -1 0 2.4018545974447463 16.8289259256358 
-3 -2 0 2.4018545999769336 16.828925931414755 
-3 -3 0 0.9503645089786165 19.999999682885303 
-3 -4 0 0.9503645089785979 19.999999430165715 
-3 -5 0 0.49818807514839947 19.359578971449572 
-3 -6 0 0.49818807521725245 19.35957946188544 
-3 -7 0 0.5795405691984683 15.786339296419685 
-3 -8 0 0.5795405691995614 15.786339315922332 
-3 -9 0 1.90349278558172 7.000000000000002 
-3 -10 0 1.903492785581717 7.000000000000002 
-4 -1 0 5.211210417056011 14.804403394474416 
-4 -2 0 5.211210417056014 14.804403394474418 
-4 -3 0 3.4438998160762435 17.999998830880237 
-4 -4 0 3.443899817023043 17.999999957581867 
-4 -5 0 1.7077591901215015 19.999999880342283 
-4 -6 0 1.70775919010142 19.999999964574354 
-4 -7 0 1.377837815582284 16.956361292949808 
-4 -8 0 1.377837815703172 16.956361934329376 
-4 -9 0 1.7726806573589151 7.4551340125213 
-4 -10 0 1.7726806573589167 7.455134012521299 
-5 -3 0 6.725082782364628 16.000000000000004 
-5 -4 0 6.7250827823646215 16.0 
-5 -5 0 4.693667299001514 19.99999999990854 
-5 -6 0 4.693667299001411 19.999999999995747 
-5 -7 0 3.427334425504913 18.472135954993817 
-5 -8 0 3.4273344244254327 18.47213595499734 
-5 -9 0 1.7726806573589151 8.0 
-5 -10 0 1.7726806573589142 8.0 
-6 -5 0 18.0 18.0 
-6 -6 0 18.0 18.0 
-6 -7 0 9.52786404500042 18.47213595499958 
-6 -8 0 9.527864045000422 18.47213595499958 
-6 -9 0 8.0 8.0 
-6 -10 0 8.0 8.0 
