2 4 0 3.0000000000000004 6.0 
3 4 0 6.0 6.0 
2 3 0 2.9999999999999996 6.0 
3 3 0 6.0 6.0 
2 2 0 2.3833780371093125 12.000000000000007 
3 2 0 12.0 12.0 
2 1 0 2.383378037109313 11.999999999999998 
3 1 0 12.0 12.0 
1 4 0 1.000000000000002 6.0 
1 3 0 1.0000000000000009 6.000000000000001 
1 2 0 0.7118106685341506 11.119103838115851 
1 1 0 0.7118106695758846 11.119103838123257 
1 0 0 0.8472891902126771 11.725825134261344 
2 0 0 3.9439396936940105 10.841222070050062 
1 -1 0 0.8472891903961004 11.72582467706739 
2 -1 0 3.943939693694014 10.841222070050062 
0 4 0 1.0000000000000004 6.0 
0 3 0 0.9999999999999994 6.0 
0 2 1 0.7118106685341481 10.214779036888759 
0 1 1 0.7118106685341533 10.2147791393027 
0 0 2 0.5375087908571634 11.725825134119955 
0 -1 2 0.5375087908571632 11.725825134266945 
0 -2 1 0.4300691460431475 10.487649923678543 
1 -2 0 1.3402075710855168 8.762640373629013 
0 -3 1 0.43006914604315033 10.487649923653736 
1 -3 0 1.3402075710855141 8.762640373629013 
-1 4 0 3.0 5.0 
-1 3 0 3.0 5.0 
-1 2 0 1.5748624657055965 8.999999999999998 
-1 1 0 1.5748624657055985 9.0 
-1 0 0 0.5375087908571627 11.683596624374575 
-1 -1 0 0.537508790857162 11.68359654934764 
-1 -2 0 0.43006914607078245 11.267438896206015 
-1 -3 0 0.43006914604990987 11.267438896314058 
-1 -4 0 0.4358908998932712 8.132459222019886 
0 -4 0 0.43589089989327273 6.3011101273990455 
-1 -5 0 0.43589089989327234 8.132459222019884 
0 -5 0 0.4358908998932721 6.3011101273990455 
-2 2 0 4.267949192431124 7.732050807568876 
-2 1 0 4.267949192431123 7.732050807568877 
-2 0 0 2.130909984042763 10.999999999999996 
-2 -1 0 2.1309099840427588 11.000000000000002 
-2 -2 0 1.0784715787129389 11.26743887313141 
-2 -3 0 1.0784715787177495 11.267438823728979 
-2 -4 0 0.7924817639274512 9.971960768397096 
-2 -5 0 0.792481763927447 9.971960768397096 
-2 -6 0 1.0 3.0 
-1 -6 0 1.0000000000000002 3.0 
-2 -7 0 1.0 3.0 
-1 -7 0 1.0 3.0 
-3 0 0 9.0 9.0 
-3 -1 0 9.0 9.0 
-3 -2 0 4.807417596432749 10.192582403567256 
-3 -3 0 4.80741759643275 10.19258240356725 
-3 -4 0 3.6045739652741133 9.9719607683971 
-3 -5 0 3.6045739652741116 9.971960768397095 
-3 -6 0 3.0 3.0 
-3 -7 0 3.0 3.0 
