3 3 0 6.267949192431123 10.0 
4 3 0 10.0 10.0 
3 2 0 6.267949192431122 10.0 
4 2 0 10.0 10.0 
3 1 0 5.751627926688254 20.000000000000004 
4 1 0 20.0 20.0 
3 0 0 5.751627926688259 20.0 
4 0 0 20.0 20.0 
2 3 0 3.267949192431124 9.999999999999998 
2 2 0 3.267949192431122 9.999999999999996 
2 1 0 3.227314525080247 19.065881371456985 
2 0 0 3.227314511497732 19.065881477832136 
2 -1 0 3.573457752372846 19.93150862922602 
3 -1 0 7.5578554848470345 18.878290652982784 
2 -2 0 3.573457752198426 19.931508632109406 
3 -2 0 7.557855484847038 18.878290652982788 
1 3 0 1.000000000000003 9.999999999979076 
1 2 0 0.9999999999999992 9.999999999648914 
1 1 0 1.011225291596063 17.59670957348618 
1 0 0 1.0112252915919273 17.59670966228319 
1 -1 0 1.3022879929838012 19.93150815757675 
1 -2 0 1.3022879943751065 19.931508348748594 
1 -3 0 1.9452517563593354 18.778856374081666 
2 -3 0 4.336124661024647 16.877542866428993 
1 -4 0 1.945251755690867 18.778856408594468 
2 -4 0 4.3361246610246456 16.877542630937562 
0 3 0 1.000000000000001 9.73205080756638 
0 2 0 0.9999999999999972 9.732050807568404 
0 1 1 1.0112252915917428 16.345329877880545 
0 0 1 1.0112252915917415 16.34532984565817 
0 -1 1 0.3420885598496174 19.01167050638143 
0 -2 1 0.3420885598496201 19.01167081691362 
0 -3 0 0.20168140007475618 19.686849059080945 
0 -4 0 0.20168140007730093 19.686849559915817 
0 -5 0 0.6808671829198674 16.75516482441942 
1 -5 0 2.7155677032760246 14.870537838579894 
0 -6 0 0.6808671829298188 16.75516487890112 
1 -6 0 2.7155677032894148 14.870537842175127 
-1 3 0 2.381966011250105 8.73205080756888 
-1 2 0 2.381966011250107 8.732050807568879 
-1 1 0 1.340095275536547 14.991291226877259 
-1 0 0 1.3400952755386097 14.99129051063337 
-1 -1 0 0.3420885598497019 18.31561143359388 
-1 -2 0 0.34208855985022835 18.315610734706137 
-1 -3 0 0.20168140008383761 19.749682057359976 
-1 -4 0 0.20168140007514945 19.749681239881525 
-1 -5 0 0.5327931258404246 18.517193554619972 
-1 -6 0 0.5327931258127082 18.517193597134874 
-1 -7 0 1.0309283259808866 14.75103776609361 
0 -7 0 1.4699743991698218 12.76682616340485 
-1 -8 0 1.0309283266131946 14.751037891967723 
0 -8 0 1.4699743995116887 12.766825901822017 
-2 3 0 4.381966011250104 7.618033988749896 
-2 2 0 4.381966011250104 7.618033988749895 
-2 1 0 2.7530629069982084 13.478496039938967 
-2 0 0 2.7530629071450012 13.478496039939149 
-2 -1 0 1.613423933827244 16.765241010520356 
-2 -2 0 1.6134239416644758 16.765241005189363 
-2 -3 0 0.696087119822954 19.74968310449452 
-2 -4 0 0.6960871196009247 19.749682786720548 
-2 -5 0 0.5327931258641636 19.414465943690455 
-2 -6 0 0.5327931258103901 19.414467600866384 
-2 -7 0 0.9425517386400782 16.513394586382198 
-2 -8 0 0.942551738715718 16.513393922165672 
-2 -9 0 1.4841404992150304 12.702330653918896 
-1 -9 0 1.7608624289859702 10.556321382273 
-2 -10 0 1.4841405042240945 12.702330621802362 
-1 -10 0 1.7608624289030281 10.556321382269708 
-3 1 0 4.781131779697184 11.603229245188023 
-3 0 0 4.781131779697185 11.603229245188027 
-3 -1 0 3.169858885745962 15.773148187264876 
-3 -2 0 3.169858876780518 15.773148261347684 
-3 -3 0 1.9200004939023212 18.999999906510343 
-3 -4 0 1.9200004840645561 18.999999487389715 
-3 -5 0 1.126197600997477 19.75821460346433 
-3 -6 0 1.1261976012258763 19.75821465709349 
-3 -7 0 0.9425517376041103 18.18025435551193 
-3 -8 0 0.9425517376055516 18.18025438319348 
-3 -9 0 1.392862131770758 14.416212811756806 
-3 -10 0 1.392862130817021 14.416213345419605 
-3 -11 0 2.186393497351669 6.342923082777171 
-2 -11 0 2.381966011250105 5.618033988749895 
-3 -12 0 2.18639349735167 6.34292308277717 
-2 -12 0 2.3819660112501055 5.618033988749896 
-4 -1 0 5.645476763797367 13.808775821740218 
-4 -2 0 5.645476763797366 13.80877582174022 
-4 -3 0 3.640571422865698 16.999999415715997 
-4 -4 0 3.6405714229451 16.99999723624431 
-4 -5 0 2.4822259542549157 19.758214655443663 
-4 -6 0 2.4822259643358584 19.758214655604178 
-4 -7 0 1.7764882800262636 19.11166496200262 
-4 -8 0 1.7764882811544653 19.111665077092976 
-4 -9 0 1.3928621309045055 16.036237191092336 
-4 -10 0 1.3928621307719908 16.036237674323495 
-4 -11 0 2.1863934973516703 6.999999999999998 
-4 -12 0 2.1863934973516677 6.999999999999999 
-5 -3 0 7.138890062345262 15.810715570287527 
-5 -4 0 7.138890062345264 15.810715570287527 
-5 -5 0 4.8805181148019585 18.99999999457733 
-5 -6 0 4.880518114606928 18.999999999813557 
-5 -7 0 3.7164281902722793 19.1116651192702 
-5 -8 0 3.7164281902749465 19.11166511927075 
-5 -9 0 2.755333772498362 17.571161720520056 
-5 -10 0 2.7553337811155267 17.571161720518063 
-5 -11 0 2.1863934973516694 7.0 
-5 -12 0 2.186393497351669 6.999999999999999 
-6 -5 0 17.0 17.0 
-6 -6 0 17.0 17.0 
-6 -7 0 9.346688068540963 17.653311931459037 
-6 -8 0 9.34668806854096 17.653311931459044 
-6 -9 0 7.826532439351196 17.571161720520106 
-6 -10 0 7.826532439351196 17.57116172052011 
-6 -11 0 7.0 7.0 
-6 -12 0 7.0 7.0 
