4 10 0 4.0 4.0 
5 10 0 4.0 4.0 
4 9 0 4.0 4.0 
5 9 0 4.0 4.0 
4 8 0 2.337781655396664 10.165352126928767 
5 8 0 4.834647871997082 10.165352128002919 
4 7 0 2.33778165539665 10.16535212181928 
5 7 0 4.834647871997083 10.165352128002919 
4 6 0 3.319042481600524 14.278400200026535 
5 6 0 6.636902298675907 14.278400200745955 
4 5 0 3.319042466254808 14.278400200638325 
5 5 0 6.636902298675905 14.278400200745956 
4 4 0 4.630175431460849 15.92731167808169 
5 4 0 9.446942959529853 14.963868639642353 
4 3 0 4.630175436542104 15.927311677653675 
5 3 0 9.446942959529853 14.963868639642353 
4 2 0 6.8649176373679515 14.999999999988203 
5 2 0 13.0 13.0 
4 1 0 6.864917637368888 14.999999995512514 
5 1 0 13.0 13.0 
3 10 0 4.0 4.0 
3 9 0 4.0 4.000000000000001 
3 8 0 2.3377816618156255 9.943153778815958 
3 7 0 2.33778165539665 9.943153779639518 
3 6 0 1.3704517760582462 14.165403042393049 
3 5 0 1.370451776768286 14.165402611485577 
3 4 0 1.6254200661946954 16.850210144994396 
3 3 0 1.625420066192113 16.850210149948765 
3 2 0 3.1304394156832704 15.916461219132797 
3 1 0 3.1304394072540163 15.916461278267807 
3 0 0 4.899318881086576 13.99999999964741 
4 0 0 10.0 12.0 
3 -1 0 4.8993188806890995 13.999999992453652 
4 -1 0 10.0 12.0 
2 10 0 4.0 4.0 
2 9 0 4.0 4.0 
2 8 0 2.3615463349977746 9.875471840035498 
2 7 0 2.3615463427125656 9.8754718401234 
2 6 0 1.3428620269180713 13.989731555230165 
2 5 0 1.342862028000444 13.98973151506744 
2 4 0 1.0011241516206992 16.85021014989698 
2 3 0 1.001124151785979 16.85021014875329 
2 2 0 1.1434578645511058 17.999999997649432 
2 1 0 1.1434578645515383 17.999999998913683 
2 0 0 2.4963902197017207 14.797623975034433 
2 -1 0 2.4963902169948478 14.797623785050275 
2 -2 0 3.9501952997937924 11.999999999999927 
3 -2 0 7.999999999999999 10.0 
2 -3 0 3.9501952997937906 11.999999934500652 
3 -3 0 7.999999999999999 10.0 
1 10 0 4.0 4.0 
1 9 0 4.0 4.0 
1 8 0 2.446239507285715 9.774209600358052 
1 7 0 2.4462395072862484 9.774209600358052 
1 6 0 1.3428620261768198 12.965010285742338 
1 5 0 1.3428620264307964 12.96501032658655 
1 4 0 0.508157166940666 15.467924911614096 
1 3 0 0.5081571669390526 15.467924238228058 
1 2 0 0.3257037457611671 17.999999999324128 
1 1 0 0.3257037459300672 17.999999989167062 
1 0 0 0.6493500335584487 15.785447085193066 
1 -1 0 0.6493500335586077 15.785446960187523 
1 -2 0 1.9032866788953753 13.324766301774916 
1 -3 0 1.9032866729828593 13.324766300250507 
1 -4 0 3.190075897422406 9.099827353904683 
2 -4 0 6.000000000000001 7.999999999999999 
1 -5 0 3.1900758974224064 9.099827353904683 
2 -5 0 6.0 7.999999999999999 
0 8 0 3.47501837606831 8.173241315799585 
0 7 0 3.475018376068311 8.173241315799586 
0 6 0 1.8947451391743488 11.78914786061092 
0 5 0 1.8947451395467363 11.789147868363791 
0 4 0 0.5081571669753835 14.582495905822407 
0 3 0 0.508157166938616 14.582496032848455 
0 2 1 0.32570374575970884 17.840184677754063 
0 1 1 0.3257037457597092 17.84018467095518 
0 0 2 1.0139933936746912 17.28390772029016 
0 -1 2 1.0139933936752785 17.283907706253398 
0 -2 1 0.759564448024802 14.329329083883367 
0 -3 1 0.7595644480248009 14.329329097562558 
0 -4 0 1.550353437376485 10.505017960202657 
0 -5 0 1.5503534382309487 10.505018142821873 
0 -6 0 3.0 6.0 
1 -6 0 5.0 5.0 
0 -7 0 3.000000000000001 6.000000000000002 
1 -7 0 5.0 5.0 
-1 6 0 4.669977467443871 10.539517528997655 
-1 5 0 4.669977467443872 10.539517528997658 
-1 4 0 2.9581257748629164 13.728746679465418 
-1 3 0 2.958125813374345 13.72874665984316 
-1 2 0 1.527844357403879 15.8723073290139 
-1 1 0 1.5278443522593272 15.872306539634158 
-1 0 0 1.0139933941232135 17.999999522204607 
-1 -1 0 1.013993394224682 17.99999998814012 
-1 -2 0 0.7595644480248854 15.414356725059742 
-1 -3 0 0.7595644480249666 15.414356077751506 
-1 -4 0 1.5503534361758182 11.967780091850189 
-1 -5 0 1.5503534361746931 11.967780091988535 
-1 -6 0 3.0 6.0 
-1 -7 0 2.9999999999999996 6.0 
-2 4 0 6.082714006906468 12.53951752899766 
-2 3 0 6.082714006906468 12.539517528997656 
-2 2 0 4.0851834351076 14.821647885960163 
-2 1 0 4.08518343337226 14.821647889802568 
-2 0 0 2.4005290497922602 17.999999999969216 
-2 -1 0 2.400529051208795 17.999999987624783 
-2 -2 0 1.8909502000492082 16.612835202737582 
-2 -3 0 1.890950199984278 16.612835202686565 
-2 -4 0 1.6228062680481403 13.358297261287435 
-2 -5 0 1.6228062680481508 13.358297264957539 
-2 -6 0 2.999999999999999 6.0 
-2 -7 0 3.0000000000000004 6.000000000000001 
-3 2 0 8.082714006906462 13.999999999999996 
-3 1 0 8.082714006906466 14.0 
-3 0 0 5.706504941665724 15.951098179500855 
-3 -1 0 5.706504941665723 15.951098179502067 
-3 -2 0 4.218850939776116 16.61283520291244 
-3 -3 0 4.218850963903522 16.61283520293559 
-3 -4 0 3.2984943915950886 13.504664353580335 
-3 -5 0 3.2984943915971776 13.504664353496143 
-3 -6 0 3.0 6.0 
-3 -7 0 2.9999999999999996 6.0 
-4 0 0 15.0 15.0 
-4 -1 0 15.0 15.0 
-4 -2 0 9.654036704290116 15.939234868116074 
-4 -3 0 9.654036704290117 15.939234868116076 
-4 -4 0 7.359976533107356 13.504664353588051 
-4 -5 0 7.359976533107354 13.504664353588044 
-4 -6 0 6.0 6.0 
-4 -7 0 6.0 6.0 
