2 8 0 2.0 2.0 
3 8 0 2.0 2.0 
2 7 0 2.0 2.0 
3 7 0 2.0 2.0 
2 6 0 0.9999999999999999 6.561552812808831 
3 6 0 2.4384471871911706 6.561552812808831 
2 5 0 0.9999999999999998 6.5615528128088325 
3 5 0 2.4384471871911697 6.561552812808829 
2 4 0 0.9999999999999987 7.561552812808829 
3 4 0 3.4384471871911693 7.561552812808831 
2 3 0 1.0000000000000004 7.56155281280883 
3 3 0 3.438447187191169 7.561552812808831 
2 2 0 1.438447187191171 8.000000000000002 
3 2 0 6.0 6.0 
2 1 0 1.4384471871911693 8.000000000000004 
3 1 0 6.0 6.0 
1 8 0 2.0 2.0 
1 7 0 2.0 2.0 
1 6 0 0.9999999999999993 6.5615528128088325 
1 5 0 0.9999999999999999 6.561552812808831 
1 4 0 0.5857864376269047 7.561552812808831 
1 3 0 0.5857864376269046 7.561552812808829 
1 2 0 0.5857864376269046 7.9999999999999964 
1 1 0 0.5857864376269053 8.000000000000005 
1 0 0 0.7639320225002108 6.0 
2 0 0 4.0 4.0 
1 -1 0 0.7639320225002108 6.000000000000001 
2 -1 0 4.0 4.0 
0 6 0 1.585786437626905 4.999999999999999 
0 5 0 1.585786437626905 5.0 
0 4 0 0.5857864376269047 7.0 
0 3 0 0.5857864376269057 7.000000000000001 
0 2 1 0.5857864376269042 8.000000000000004 
0 1 1 0.585786437626905 8.000000000000007 
0 0 2 0.7639320225002109 6.000000000000002 
0 -1 2 0.7639320225002095 6.000000000000001 
0 -2 1 2.0 2.9999999999999996 
1 -2 0 2.0 2.0 
0 -3 1 1.9999999999999996 3.0 
1 -3 0 2.0 2.0 
-1 4 0 7.0 7.0 
-1 3 0 7.0 7.0 
-1 2 0 4.000000000000001 8.0 
-1 1 0 4.0 8.0 
-1 0 0 3.0 6.0 
-1 -1 0 3.0 6.0 
-1 -2 0 3.0 3.0 
-1 -3 0 3.0 3.0 
