4 8 0 0.726927136932333 6.999999999999999 
5 8 0 7.0 7.0 
4 7 0 0.726927136932333 6.999999999999999 
5 7 0 7.0 7.0 
4 6 0 1.1348752076215376 18.10977222864585 
5 6 0 8.890227771353555 18.10977222864644 
4 5 0 1.1348752076215272 18.109772228646413 
5 5 0 8.890227771353555 18.10977222864644 
4 4 0 2.943431761546146 19.999999999999943 
5 4 0 17.0 17.0 
4 3 0 2.943431761546134 19.99999999999998 
5 3 0 17.0 17.0 
3 8 0 0.7269271369323314 6.13263749357984 
3 7 0 0.7269271369323331 6.13263749357984 
3 6 0 0.6676259199740535 16.523359873786674 
3 5 0 0.6676259199742913 16.523359872241706 
3 4 0 0.6555240284831242 19.999999872654197 
3 3 0 0.6555240284832765 19.99999985831651 
3 2 0 2.2322374091858737 17.887184942081998 
4 2 0 6.4253574134695395 14.999999999999998 
3 1 0 2.2322374086432406 17.887184942024476 
4 1 0 6.425357413469543 15.000000000000004 
2 8 0 1.9999999999999991 6.0 
2 7 0 2.0 6.000000000000001 
2 6 0 0.6676259199739989 14.868040180321444 
2 5 0 0.6676259199740017 14.868040180325709 
2 4 0 0.44063844702520477 19.739028804595428 
2 3 0 0.44063844717506606 19.73902874742311 
2 2 0 1.0558292333212216 19.99999964817902 
2 1 0 1.0558292333909414 19.999999480967652 
2 0 0 2.404392423056961 15.810059831845328 
3 0 0 5.334579431118787 13.000000000000004 
2 -1 0 2.404392423058473 15.810059725402768 
3 -1 0 5.334579431118785 13.000000000000002 
1 8 0 5.0 5.0 
1 7 0 5.0 5.0 
1 6 0 1.5386540171743572 13.140424921062742 
1 5 0 1.5386540193661562 13.140424922981495 
1 4 0 0.42318286588926657 17.556172279478023 
1 3 0 0.42318286589278203 17.556172290046394 
1 2 0 0.22274482236556886 19.99999987817045 
1 1 0 0.2227448224505311 19.999998144096097 
1 0 0 0.2976048702324707 17.827319045027885 
1 -1 0 0.2976048702320484 17.827319334171666 
1 -2 0 2.077484046322439 13.610062080741132 
2 -2 0 4.990719424151887 11.549490764205485 
1 -3 0 2.0774840463223807 13.610062235279562 
2 -3 0 4.990719424151886 11.549490764205487 
0 8 0 5.0 5.0 
0 7 0 5.0 5.0 
0 6 0 2.6252200701461974 11.232299881552374 
0 5 0 2.625220057511246 11.232299881548943 
0 4 0 0.4231828658887375 15.562293712190748 
0 3 0 0.4231828660594344 15.562293434356457 
0 2 1 0.2227448223545715 19.999998546399308 
0 1 1 0.22274482235456922 19.999999999118426 
0 0 1 0.24834214932633292 19.813529559312492 
0 -1 1 0.24834214932633353 19.813529561123175 
0 -2 0 0.10966150115521794 15.381688333025666 
0 -3 0 0.10966150115517001 15.381688094913889 
0 -4 0 1.8817994295656804 10.619464363884095 
1 -4 0 5.267949192431124 8.732050807568877 
0 -5 0 1.8817994286895519 10.619464442595303 
1 -5 0 5.2679491924311215 8.732050807568877 
-1 6 0 3.692073962011128 9.228467243974931 
-1 5 0 3.692073962011132 9.228467243974933 
-1 4 0 1.8905760200678725 13.75606309726438 
-1 3 0 1.890576020069767 13.756062983671136 
-1 2 0 0.6705223659479133 17.837496219947315 
-1 1 0 0.6705223659766671 17.837496264891026 
-1 0 0 0.2483421493361704 19.999999866437904 
-1 -1 0 0.24834214932685342 19.999999907865583 
-1 -2 0 0.10966150115574938 17.478528477648183 
-1 -3 0 0.10966150115566972 17.47852833564004 
-1 -4 0 0.33272065417172775 12.985961454184444 
-1 -5 0 0.33272065417260205 12.985961458522633 
-1 -6 0 2.0000000000000013 6.618033988749895 
0 -6 0 5.0 5.0 
-1 -7 0 2.0 6.618033988749895 
0 -7 0 5.0 5.0 
-2 4 0 3.8238959470144533 12.00000000000001 
-2 3 0 3.82389594701445 12.000000000000002 
-2 2 0 2.0820394797294703 15.889417808525366 
-2 1 0 2.08203947764222 15.88941758648442 
-2 0 0 0.9233882524905502 19.99999991823882 
-2 -1 0 0.923388252528787 19.99999971022055 
-2 -2 0 0.5380829905331811 19.139556717354797 
-2 -3 0 0.5380829905306421 19.13955635687219 
-2 -4 0 0.33272065417130775 14.8908422061882 
-2 -5 0 0.3327206541923269 14.89084251627355 
-2 -6 0 0.8048398777104482 7.000000000000001 
-2 -7 0 0.8048398777104488 7.000000000000001 
-3 2 0 4.835577380479171 13.999999999999998 
-3 1 0 4.8355773804791715 14.000000000000004 
-3 0 0 3.0183173593680337 17.999999855450934 
-3 -1 0 3.01831735917832 17.99999831449384 
-3 -2 0 1.769959245730996 19.999999998790493 
-3 -3 0 1.7699592426669657 19.999999970618706 
-3 -4 0 1.2674673027356065 16.883378891977443 
-3 -5 0 1.2674673027356174 16.88337807655329 
-3 -6 0 0.8048398777104485 7.652119932417576 
-3 -7 0 0.8048398777104484 7.652119932417572 
-4 0 0 6.862352153727134 16.0 
-4 -1 0 6.862352153727142 16.0 
-4 -2 0 4.787601945848473 19.999999999983487 
-4 -3 0 4.787601945847136 19.999999999976215 
-4 -4 0 3.4043496957205615 18.472135954997377 
-4 -5 0 3.4043496958679174 18.47213595496537 
-4 -6 0 2.567732235549111 7.999999999999998 
-4 -7 0 2.567732235549111 8.0 
-5 -2 0 18.0 18.0 
-5 -3 0 18.0 18.0 
-5 -4 0 9.527864045000422 18.47213595499958 
-5 -5 0 9.52786404500042 18.47213595499958 
-5 -6 0 8.0 8.0 
-5 -7 0 8.0 8.0 
