6 18 0 3.0 3.0 
7 18 0 3.0 3.0 
6 17 0 3.0 3.0 
7 17 0 3.0 3.0 
6 16 0 1.8585460920864505 11.274917217635371 
7 16 0 3.725082782364625 11.274917217635377 
6 15 0 1.8585460920864516 11.274917217635371 
7 15 0 3.7250827823646255 11.274917217635377 
6 14 0 2.2133605166367114 13.184653933134175 
7 14 0 5.298437881283576 11.701562118716424 
6 13 0 2.213360516640289 13.184653443601619 
7 13 0 5.298437881283576 11.701562118716424 
6 12 0 3.64629404906672 12.000000000000002 
7 12 0 10.0 10.0 
6 11 0 3.6462940490667233 12.0 
7 11 0 10.0 10.0 
5 18 0 3.0 3.0 
5 17 0 3.0 3.0 
5 16 0 0.7846149982856327 10.48906938937263 
5 15 0 0.7846149982856352 10.48906938937263 
5 14 0 0.6348722041148216 13.184653936413035 
5 13 0 0.6348722041221418 13.184653936492232 
5 12 0 1.0808802535952549 13.999999999993946 
5 11 0 1.0808802535949418 13.999999999788912 
5 10 0 2.7516580149974827 10.697834752541947 
6 10 0 6.0 9.0 
5 9 0 2.7516580232145444 10.697834752542262 
6 9 0 5.999999999999999 9.0 
4 18 0 3.0 3.0 
4 17 0 3.0 3.0 
4 16 0 0.7846149982856341 7.863826147612488 
4 15 0 0.7846149982856341 7.863826147612487 
4 14 2 0.6348722041143604 12.395597840396107 
4 13 2 0.6348722041143607 12.395597777353032 
4 12 3 1.0808802535949271 13.999999244155687 
4 11 3 1.4046743853104307 13.999999854414359 
4 10 1 0.6462466625934767 12.680648996619627 
4 9 1 0.6462466625934669 12.680649046552254 
4 8 0 1.731450882095945 8.430447798806725 
5 8 0 5.0 8.0 
4 7 0 1.7314508820959453 8.430447798806725 
5 7 0 5.0 8.0 
3 16 0 3.0 7.0 
3 15 0 3.0000000000000004 7.0 
3 14 0 0.7490666298349189 10.521105672994015 
3 13 0 0.749066629834992 10.521105672994016 
3 12 1 1.4046743853105077 13.676853620749231 
3 11 1 1.4046743853108306 13.676853630015104 
3 10 0 0.5842421041765672 13.999999726773897 
3 9 0 0.5842421041765523 13.9999992546043 
3 8 0 1.1554516072837921 9.825289866694185 
3 7 0 1.1554516064561253 9.825289880921721 
3 6 0 4.0 4.0 
4 6 0 4.0 4.0 
3 5 0 4.0 4.0 
4 5 0 4.0 4.0 
2 14 0 5.0 9.0 
2 13 0 4.999999999999999 9.0 
2 12 0 2.445806104413821 12.999999999506825 
2 11 0 2.445806104413819 12.999999999883707 
2 10 0 0.584242104551398 13.999999999996355 
2 9 0 0.5842421041765444 13.999999999977202 
2 8 1 1.1554516064470908 12.797479082046966 
2 7 1 1.1554516064470906 12.797479082046628 
2 6 0 2.0 4.0 
2 5 0 2.0 4.0 
1 12 0 7.0 11.0 
1 11 0 7.0 11.0 
1 10 0 2.3047911077619787 13.091187109699565 
1 9 0 2.3047911077619787 13.09118710969957 
1 8 0 0.6413464884735132 12.797479082054775 
1 7 0 0.6413464884735119 12.797479082054778 
1 6 0 0.9535174901048298 9.522028631168503 
1 5 0 0.9535174901048298 9.522028631168503 
0 12 0 7.0 7.0 
0 11 0 7.0 7.0 
0 10 0 2.504641958700753 11.495358041299248 
0 9 0 2.504641958700754 11.49535804129925 
0 8 0 0.6413464884735145 11.970155991575254 
0 7 0 0.6413464884735158 11.970155991575256 
0 6 1 0.9535174901048299 9.522028631168503 
0 5 1 0.9535174901048303 9.522028631168507 
