2 4 0 1.9999999999999998 4.0 
3 4 0 4.0 4.0 
2 3 0 2.0000000000000004 4.0 
3 3 0 4.0 4.0 
2 2 0 1.9247682798090116 10.753037679415831 
3 2 0 4.8734478461333035 10.753037679421242 
2 1 0 1.9247682798101375 10.753037679418124 
3 1 0 4.8734478461333035 10.753037679421238 
2 0 0 2.668524874294822 14.468168464044245 
3 0 0 7.065220520904596 14.27781328221905 
2 -1 0 2.668524874317574 14.46816874315521 
3 -1 0 7.065220520904596 14.277813282219052 
2 -2 0 3.659683698375709 15.828151867443907 
3 -2 0 9.848668015589626 14.923909334950212 
2 -3 0 3.6596836818335112 15.82815193205141 
3 -3 0 9.848668015589626 14.923909334950208 
2 -4 0 5.8444446005831665 14.99999999941795 
3 -4 0 13.0 13.0 
2 -5 0 5.8444446005831265 14.99999999471875 
3 -5 0 13.0 13.0 
1 4 0 2.0 4.0 
1 3 0 2.0 4.0 
1 2 0 0.8116039884327002 10.569674203244585 
1 1 0 0.811603990311264 10.569674203233438 
1 0 0 0.83099758802666 14.468168873417017 
1 -1 0 0.8309975880276101 14.468168791072648 
1 -2 0 0.9114479311365993 16.956570825923958 
1 -3 0 0.911447930873012 16.956570800436534 
1 -4 0 2.0248907190641923 15.999999476334589 
1 -5 0 2.0248907189860943 15.99999970735428 
1 -6 0 3.736179491451546 13.732050352014689 
2 -6 0 8.999999999999998 11.0 
1 -7 0 3.736179491460972 13.732050803836895 
2 -7 0 8.999999999999998 11.000000000000002 
0 4 0 2.0 4.0 
0 3 0 2.0 4.0 
0 2 0 0.8116039876830352 10.358395242909141 
0 1 0 0.8116039879434513 10.358395242909035 
0 0 0 0.33268272478956085 14.073540659278024 
0 -1 0 0.33268272478954347 14.073540487124466 
0 -2 0 0.35026347707109673 16.956570825583906 
0 -3 0 0.3502634770709575 16.956570826142332 
0 -4 0 0.611821575082637 17.999999999577057 
0 -5 0 0.6118215752313636 17.99999999960317 
0 -6 0 1.4653320998275121 14.765288441989846 
0 -7 0 1.4653320999008228 14.765288425049185 
0 -8 0 2.686911356637837 11.732050807509555 
1 -8 0 6.999999999999999 9.0 
0 -9 0 2.686911356637853 11.732050806502638 
1 -9 0 7.0 9.0 
-1 2 0 2.609940129613832 8.813606502648332 
-1 1 0 2.6099401296138325 8.813606502648328 
-1 0 0 0.3326827247895578 13.075599667181294 
-1 -1 0 0.3326827247895308 13.075599671496724 
-1 -2 1 0.35026347707092725 15.611102369384144 
-1 -3 1 0.3502634770709305 15.611102325283298 
-1 -4 2 0.6118215750703611 17.999999997701202 
-1 -5 2 0.6118215750703598 17.9999999950406 
-1 -6 1 0.7972145604582722 15.999999963256885 
-1 -7 1 0.7972145604582718 15.999999990971721 
-1 -8 0 1.9062915322847742 13.165593511662664 
-1 -9 0 1.9062915319825444 13.165592873203064 
-1 -10 0 4.267949192431123 9.732050807568879 
0 -10 0 5.000000000000001 6.999999999999999 
-1 -11 0 4.2679491924311215 9.732050807568879 
0 -11 0 4.999999999999999 7.0 
-2 2 0 4.0 6.0 
-2 1 0 4.000000000000001 6.0 
-2 0 0 1.770840081469687 11.607107046245883 
-2 -1 0 1.7708400814656333 11.607107064217416 
-2 -2 0 0.6839542936525348 14.615316654771803 
-2 -3 0 0.6839542936493557 14.615316633699484 
-2 -4 0 0.3633711276129783 17.55656137614485 
-2 -5 0 0.36337112751283746 17.529780672846023 
-2 -6 0 0.35841744067550235 17.404607115939285 
-2 -7 0 0.35841744068258374 17.404606844415127 
-2 -8 0 0.6250313072869346 14.312156375705491 
-2 -9 0 0.6250313072926535 14.312156369778572 
-2 -10 0 1.5600335962017748 10.626015495471014 
-2 -11 0 1.5600335954146938 10.626015544643062 
-3 0 0 4.999999999999999 9.561552812808827 
-3 -1 0 5.0 9.561552812808829 
-3 -2 0 2.223917631343509 13.607106729960858 
-3 -3 0 2.223917631343496 13.607107059725815 
-3 -4 0 0.36337112744432254 15.999999912247828 
-3 -5 0 0.36337112744387945 15.999999943366207 
-3 -6 1 0.3584174406752252 17.99999948934245 
-3 -7 1 0.35841744067522396 17.999999998037246 
-3 -8 2 1.0581632360993782 15.42666680543172 
-3 -9 2 0.6250313072867997 15.426666783496838 
-3 -10 1 1.5600335954143354 12.350887669356588 
-3 -11 1 1.560033595414187 12.350887669768712 
-3 -12 0 3.0 5.0 
-2 -12 0 3.0 5.0 
-3 -13 0 2.9999999999999996 5.0 
-2 -13 0 3.0000000000000004 5.0 
-4 -2 0 6.43844718719117 11.561552812808834 
-4 -3 0 6.438447187191168 11.561552812808829 
-4 -4 0 3.8353409851554643 14.99999999994018 
-4 -5 0 3.835340985155534 14.999999991423797 
-4 -6 0 2.1926025219613114 17.999999968575345 
-4 -7 0 2.1926025208979327 17.99999999973935 
-4 -8 0 1.3793010878021117 16.724350241794617 
-4 -9 0 1.3793010878320962 16.724350585099906 
-4 -10 0 1.787597594352918 13.853563376448264 
-4 -11 0 1.7875975952637326 13.853563374889529 
-4 -12 0 3.0 5.0 
-4 -13 0 3.0 5.0 
-5 -4 0 8.438447187191171 13.0 
-5 -5 0 8.438447187191171 13.0 
-5 -6 0 5.291144169314335 15.999999999850937 
-5 -7 0 5.291144169314335 15.999999999458284 
-5 -8 0 3.3923692604571154 16.724350587323315 
-5 -9 0 3.392369247690231 16.72435030488836 
-5 -10 0 2.7790303738999538 14.200606878273492 
-5 -11 0 2.7790303738999578 14.200606878273494 
-5 -12 0 3.0000000000000004 5.000000000000001 
-5 -13 0 2.9999999999999996 5.000000000000001 
-6 -6 0 14.0 14.0 
-6 -7 0 14.0 14.0 
-6 -8 0 8.41225854952799 15.189534020335083 
-6 -9 0 8.412258549527987 15.189534020335081 
-6 -10 0 6.147653003363031 14.200606878273488 
-6 -11 0 6.14765300336303 14.20060687827349 
-6 -12 0 5.0 5.0 
-6 -13 0 5.0 5.0 
