3 11 0 2.0 2.0 
4 11 0 2.0 2.0 
3 10 0 2.0 2.0 
4 10 0 2.0 2.0 
3 9 0 0.5857864376269051 6.0 
4 9 0 2.0 5.999999999999999 
3 8 0 0.5857864376269074 6.0 
4 8 0 2.0000000000000004 6.0 
3 7 0 0.585786437626905 8.0 
4 7 0 4.0 8.0 
3 6 0 0.5857864376269037 8.0 
4 6 0 3.9999999999999996 8.0 
3 5 0 0.9999999999999982 7.999999999999998 
4 5 0 6.0 6.0 
3 4 0 1.0000000000000007 7.999999999999997 
4 4 0 6.0 6.0 
2 11 0 2.0 2.0 
2 10 0 2.0 2.0 
2 9 0 0.5857864376269053 6.000000000000001 
2 8 0 0.5857864376269051 6.0 
2 7 1 0.5857864376269079 8.000000000000004 
2 6 1 0.5857864376269061 8.000000000000004 
2 5 2 0.9999999999999982 7.999999999999997 
2 4 2 0.9999999999999991 8.000000000000007 
2 3 1 2.0 7.0 
3 3 0 2.9999999999999996 5.0 
2 2 1 2.0000000000000004 7.0 
3 2 0 2.9999999999999996 5.0 
1 9 0 4.0 6.0 
1 8 0 3.999999999999999 6.0 
1 7 0 2.0 7.414213562373096 
1 6 0 1.9999999999999987 7.414213562373095 
1 5 0 0.5857864376269069 8.000000000000002 
1 4 0 0.5857864376269041 7.999999999999999 
1 3 0 0.5857864376269063 7.0 
1 2 0 0.5857864376269034 7.000000000000001 
1 1 0 1.0000000000000002 3.9999999999999996 
2 1 0 2.0 2.0 
1 0 0 1.0000000000000002 4.000000000000001 
2 0 0 2.0 2.0 
0 9 0 4.0 4.0 
0 8 0 4.0 4.0 
0 7 0 2.0 6.0 
0 6 0 1.9999999999999998 6.0 
0 5 0 0.585786437626906 7.414213562373096 
0 4 0 0.5857864376269037 7.414213562373092 
0 3 1 0.5857864376269051 7.000000000000001 
0 2 1 0.5857864376269045 7.000000000000003 
0 1 2 1.0000000000000004 4.0 
0 0 2 0.9999999999999996 4.0 
