2 6 1 2.0 3.0 
3 6 0 3.0 3.0 
2 5 1 2.0 3.0 
3 5 0 3.0 3.0 
2 4 1 0.5920853278201421 8.999999999999996 
3 4 0 3.9999999999999996 9.0 
2 3 1 0.5920853278201418 9.000000000000004 
3 3 0 3.9999999999999996 9.0 
2 2 0 0.46849511664271926 9.999999999999998 
3 2 0 8.0 8.0 
2 1 0 0.46849511664271776 10.0 
3 1 0 8.0 8.0 
1 6 0 2.0 2.0 
1 5 0 2.0 2.0 
1 4 0 0.5920853278201413 7.740486792068037 
1 3 0 0.5920853278201398 7.740486792068037 
1 2 0 0.46849511664271937 9.999999999996097 
1 1 0 0.46849511664272053 9.99999999999983 
1 0 0 0.8197045191414403 8.0 
2 0 0 2.585786437626905 6.0 
1 -1 0 0.8197045191414435 8.0 
2 -1 0 2.585786437626905 6.0 
0 4 0 2.0 6.732050807568878 
0 3 0 1.9999999999999987 6.732050807568878 
0 2 1 1.1804315303285873 9.999999999953447 
0 1 1 1.1804315303285868 9.999999999993468 
0 0 1 0.6296724571202884 9.668363223396003 
0 -1 1 0.629672457120288 9.668363223395222 
0 -2 0 0.4633703787941973 5.8434044873336735 
1 -2 0 3.0 3.0 
0 -3 0 0.46337037879419746 5.8434044873336735 
1 -3 0 3.0 3.0 
-1 4 0 4.0 4.0 
-1 3 0 4.0 4.0 
-1 2 0 1.8803308573884103 8.0 
-1 1 0 1.8803308573884105 8.0 
-1 0 0 0.6296724571202867 9.668363223399638 
-1 -1 0 0.6296724571202906 9.668363223399638 
-1 -2 0 0.46337037879419724 7.701562118716426 
-1 -3 0 0.46337037879419735 7.701562118716424 
-2 2 0 6.0 6.0 
-2 1 0 6.0 6.0 
-2 0 0 2.6277186767309857 8.372281323269014 
-2 -1 0 2.6277186767309857 8.372281323269014 
-2 -2 0 1.2984378812835753 7.701562118716425 
-2 -3 0 1.2984378812835757 7.701562118716425 
-2 -4 0 1.0 1.0 
-1 -4 0 1.0 1.0 
-2 -5 0 1.0 1.0 
-1 -5 0 1.0 1.0 
