2 4 0 1.0000000000000002 5.0 
3 4 0 5.0 5.0 
2 3 0 0.9999999999999997 5.0 
3 3 0 5.0 5.0 
2 2 0 1.0922090981670673 10.612435297345154 
3 2 0 5.514719499432851 10.612435760873996 
2 1 0 1.0922090981680173 10.612435760873996 
3 1 0 5.5147194994328474 10.612435760873995 
2 0 0 1.612006273173584 15.640147474688069 
3 0 0 6.872636970671658 15.640121875094092 
2 -1 0 1.6120062731735856 15.64148895170653 
3 -1 0 6.87263697067166 15.640121875094085 
2 -2 0 2.692347459167127 16.75577580559455 
3 -2 0 9.73893498552925 15.814032552540574 
2 -3 0 2.692347459125259 16.755775817549758 
3 -3 0 9.738934985529248 15.814032552540572 
2 -4 0 4.41009601287707 15.999999998957742 
3 -4 0 14.0 14.0 
2 -5 0 4.4100960128770055 15.999999999717005 
3 -5 0 14.0 14.0 
1 4 0 1.0 5.0 
1 3 0 0.9999999999999999 5.0 
1 2 0 0.4486272452577697 10.487266439738422 
1 1 0 0.44862724508120727 10.487266249478468 
1 0 0 0.5316293435806925 15.641938890527387 
1 -1 0 0.5316293433877324 15.641938898680351 
1 -2 0 0.9737992093375623 17.0112713873889 
1 -3 0 0.9737992095216138 17.011271461618847 
1 -4 0 2.0988217139723844 16.668287581709578 
1 -5 0 2.0988217122171826 16.668287549847033 
1 -6 0 3.4437353373879134 13.999999378030246 
2 -6 0 7.2679491924311215 12.0 
1 -7 0 3.443735320380427 13.999999999911392 
2 -7 0 7.267949192431123 12.000000000000004 
0 4 0 4.0 4.0 
0 3 0 4.0 4.0 
0 2 0 0.44862724508120577 9.630068280179305 
0 1 0 0.4486272450813527 9.630068221747251 
0 0 1 0.5316293431901654 15.027724018297183 
0 -1 1 0.5316293431901635 15.027723657516693 
0 -2 1 0.38518689561307334 17.01127145025225 
0 -3 1 0.3851868956130755 17.011270342382645 
0 -4 0 0.3058288418278712 17.503858385745968 
0 -5 0 0.30582884182783027 17.503858536460324 
0 -6 0 1.4471578694416634 15.671355119192848 
0 -7 0 1.447157869773463 15.671355127203459 
0 -8 0 3.267949192828427 12.414213559164184 
1 -8 0 5.267949192431122 10.414213562373096 
0 -9 0 3.2679491954712705 12.414213289721793 
1 -9 0 5.2679491924311215 10.414213562373096 
-1 4 0 4.0 4.0 
-1 3 0 4.0 4.0 
-1 2 0 2.17848512515967 9.469593684053404 
-1 1 0 2.1784851251596695 9.469593684053404 
-1 0 0 0.7581107146170298 13.26660989041702 
-1 -1 0 0.7581107146690608 13.266610065171557 
-1 -2 0 0.38518689561943364 16.604997087908128 
-1 -3 0 0.38518689561337943 16.60499708163425 
-1 -4 0 0.3058288418294855 17.762591141958428 
-1 -5 0 0.30582884182785847 17.76259118920248 
-1 -6 0 0.8868170552287007 16.38168567048553 
-1 -7 0 0.8868170552295546 16.381685756055138 
-1 -8 0 1.8186676298375306 13.440617158461476 
-1 -9 0 1.8186676302945153 13.440617158767555 
-1 -10 0 3.2636172709820497 9.446530330857978 
0 -10 0 5.585786437626906 8.414213562373096 
-1 -11 0 3.2636172709820492 9.446530331216973 
0 -11 0 5.585786437626904 8.414213562373096 
-2 2 0 3.451349877048344 7.754130509061806 
-2 1 0 3.4513498770483424 7.754130509061806 
-2 0 0 1.6274727357171253 12.416227939087879 
-2 -1 0 1.627472735495231 12.41622797099458 
-2 -2 0 0.4432911190205928 15.391225770395073 
-2 -3 0 0.44329111915350716 15.39122620512884 
-2 -4 1 0.5181001823657049 17.762591193761782 
-2 -5 1 0.5181001823657176 17.762591187948917 
-2 -6 1 0.37858872783636055 17.28409408151793 
-2 -7 1 0.3785887278363622 17.284094225794856 
-2 -8 0 0.28254734602674797 14.162621858161033 
-2 -9 0 0.282547345955141 14.162622338134954 
-2 -10 0 1.2799199403460273 10.44382702648085 
-2 -11 0 1.2799199403424866 10.443827026725154 
-2 -12 0 3.0000000000000004 6.0 
-1 -12 0 5.0 5.0 
-2 -13 0 3.0000000000000004 6.0 
-1 -13 0 5.0 5.0 
-3 0 0 3.811989291962517 10.558695717748783 
-3 -1 0 3.811989291962521 10.558695717748785 
-3 -2 0 1.9788558852801672 13.698712850854129 
-3 -3 0 1.9788558862499466 13.698712900949086 
-3 -4 0 0.7347555128582651 16.999999873680128 
-3 -5 0 0.7347555129181952 16.999999964279798 
-3 -6 0 0.37858872784063363 17.99999961797564 
-3 -7 0 0.37858872783698483 17.99999998860119 
-3 -8 0 0.28254734595512837 15.322239156838547 
-3 -9 0 0.2825473459586824 15.322239732575797 
-3 -10 0 0.9857591314559929 11.785547375009797 
-3 -11 0 0.9857591314560279 11.785547276018406 
-3 -12 0 2.9999999999999996 6.000000000000002 
-3 -13 0 2.9999999999999982 6.000000000000001 
-4 -2 0 4.739737651361833 12.784078578854599 
-4 -3 0 4.739737651361838 12.784078578854597 
-4 -4 0 2.9259655385560537 14.992241840295767 
-4 -5 0 2.9259655388956696 14.992242065676196 
-4 -6 0 1.6267424262592998 17.999999999859096 
-4 -7 0 1.6267424262595638 17.999999999894207 
-4 -8 0 1.1055912952118836 16.731220584099788 
-4 -9 0 1.1055912952126863 16.731220885192613 
-4 -10 0 0.9857591322420105 12.917048295126923 
-4 -11 0 0.9857591314601246 12.917048295127731 
-4 -12 0 2.9999999999999996 6.000000000000002 
-4 -13 0 2.999999999999999 6.000000000000001 
-5 -4 0 7.233564516147296 14.0 
-5 -5 0 7.233564516147294 14.0 
-5 -6 0 5.175803429681826 16.000149299462755 
-5 -7 0 5.175803429681832 16.00015343679794 
-5 -8 0 3.531953541599602 16.731215279355887 
-5 -9 0 3.5319535419667094 16.73122088283187 
-5 -10 0 2.3986602459629234 14.37228132326901 
-5 -11 0 2.3986602459629247 14.37228132326901 
-5 -12 0 3.0 6.0 
-5 -13 0 2.9999999999999996 6.0 
-6 -6 0 15.0 15.0 
-6 -7 0 15.0 15.0 
-6 -8 0 8.725082782364627 16.274917217635373 
-6 -9 0 8.725082782364627 16.274917217635373 
-6 -10 0 7.0 14.372281323269016 
-6 -11 0 7.0 14.372281323269016 
-6 -12 0 6.0 6.0 
-6 -13 0 6.0 6.0 
