4 8 0 1.9999999999999993 5.0 
5 8 0 5.0 5.0 
4 7 0 1.9999999999999998 5.000000000000001 
5 7 0 5.0 5.0 
4 6 0 2.1450901376096896 16.2169905660283 
5 6 0 6.783009433971699 16.2169905660283 
4 5 0 2.1450901376096922 16.2169905660283 
5 5 0 6.783009433971697 16.2169905660283 
4 4 0 3.015947353706357 18.0 
5 4 0 14.0 14.0 
4 3 0 3.0159473537063537 18.00000000000001 
5 3 0 14.0 14.0 
3 8 0 2.0 5.0 
3 7 0 1.999999999999999 5.000000000000001 
3 6 0 0.9685034441246331 15.492554007783601 
3 5 0 0.9685034441260174 15.492554004325948 
3 4 0 1.1131313220146026 17.999999999338364 
3 3 0 1.113131322395116 17.99999999987232 
3 2 0 1.7678179619116823 16.85721351068431 
4 2 0 7.082714006906467 12.999999999999998 
3 1 0 1.7678179619490346 16.85721356363352 
4 1 0 7.0827140069064685 13.000000000000004 
2 8 0 1.9999999999999998 5.0 
2 7 0 2.0 5.0 
2 6 0 0.9685034441301774 14.0150440380607 
2 5 0 0.9685034441267976 14.015043915224238 
2 4 0 0.8165985125906114 17.328749691110342 
2 3 0 0.816598512664342 17.32874970007955 
2 2 0 0.9750881203307439 17.92130420130997 
2 1 0 0.9750881199059572 17.92130433339728 
2 0 0 1.5168195841936936 14.546167210259098 
3 0 0 5.465233293583581 11.520955337499332 
2 -1 0 1.5168195841936845 14.546167210031472 
3 -1 0 5.465233293583582 11.520955337499334 
1 8 0 4.0 4.0 
1 7 0 4.0 4.0 
1 6 0 1.8291386141518529 11.37908715651399 
1 5 0 1.8291386141518389 11.379087160173013 
1 4 0 0.8165985124449378 16.65962785917751 
1 3 0 0.8165985124532452 16.65962779498107 
1 2 0 0.24521662770091765 17.921301948885837 
1 1 0 0.2452166278199666 17.921302218760562 
1 0 0 0.7308305142924556 16.742088848782917 
1 -1 0 0.7308305134138696 16.74208926054556 
1 -2 0 0.9323378864719819 11.895328447537953 
2 -2 0 4.475018376068311 9.173241315799586 
1 -3 0 0.9323378850817986 11.895328447127302 
2 -3 0 4.47501837606831 9.173241315799583 
0 6 0 2.4073378701687664 9.629128925126993 
0 5 0 2.4073378701687695 9.629128925126995 
0 4 0 0.9040929527385566 14.65934343629936 
0 3 0 0.9040929528547527 14.65934377540582 
0 2 1 0.24521662768870792 17.717442715171483 
0 1 1 0.2452166276887081 17.717442670871755 
0 0 2 0.5524191117715477 17.646538313798604 
0 -1 2 0.5524191117715482 17.646538298538747 
0 -2 1 0.3860482442335275 14.264387345921834 
0 -3 1 0.3860482442335249 14.264387443273273 
0 -4 0 0.67472874660083 9.011790336102527 
1 -4 0 5.0 5.0 
0 -5 0 0.6747287466008394 9.011790335977624 
1 -5 0 5.0 5.0 
-1 6 0 4.381966011250104 7.618033988749894 
-1 5 0 4.381966011250104 7.618033988749895 
-1 4 0 2.543627731299616 12.671535431531861 
-1 3 0 2.543627731299702 12.67153543303584 
-1 2 0 1.317734909984043 16.99999950086734 
-1 1 0 1.3177349100288107 16.999999978679323 
-1 0 0 0.5524191117733304 17.724460182810468 
-1 -1 0 0.552419111809511 17.72446029106798 
-1 -2 0 0.3860482442338441 16.421053813417902 
-1 -3 0 0.3860482442339301 16.421053436455335 
-1 -4 0 0.590626332144614 11.455447403603944 
-1 -5 0 0.59062633198718 11.455447403598788 
-2 4 0 4.5060407925650665 10.603875471609676 
-2 3 0 4.5060407925650665 10.603875471609678 
-2 2 0 2.6626280740576886 14.999999999770095 
-2 1 0 2.6626280740577415 14.999999996958625 
-2 0 0 1.4368120582699475 17.72446027647824 
-2 -1 0 1.4368120583393966 17.72446024087003 
-2 -2 0 0.7924176678218074 17.124967541114785 
-2 -3 0 0.7924176678230883 17.124967499368967 
-2 -4 0 0.5906263322209047 13.720789810701305 
-2 -5 0 0.590626331775948 13.720789810685735 
-2 -6 0 1.1863934973516694 5.3429230827771725 
-1 -6 0 1.3819660112501047 4.618033988749895 
-2 -7 0 1.1863934973516694 5.342923082777172 
-1 -7 0 1.381966011250105 4.618033988749896 
-3 2 0 5.889907928977184 13.000000000000002 
-3 1 0 5.889907928977186 13.0 
-3 0 0 3.7491877282078985 16.999999999652683 
-3 -1 0 3.749187728211074 16.999999999252104 
-3 -2 0 2.641422484676447 17.124967541140407 
-3 -3 0 2.6414224846237215 17.124967541140506 
-3 -4 0 1.698264258597193 15.639353887182965 
-3 -5 0 1.69826425907097 15.639353887182988 
-3 -6 0 1.1863934973516692 6.000000000000002 
-3 -7 0 1.1863934973516692 5.999999999999998 
-4 0 0 15.0 15.0 
-4 -1 0 15.0 15.0 
-4 -2 0 8.258342613226057 15.741657386773943 
-4 -3 0 8.258342613226057 15.741657386773943 
-4 -4 0 6.7952700713070335 15.639353887182988 
-4 -5 0 6.795270071307033 15.639353887182992 
-4 -6 0 6.0 6.0 
-4 -7 0 6.0 6.0 
