3 9 0 3.0 3.0 
4 9 0 3.0 3.0 
3 8 0 3.0 3.0 
4 8 0 3.0 3.0 
3 7 0 1.4240937660494546 9.000000000000002 
4 7 0 2.999999999999999 9.0 
3 6 0 1.4240937660494568 9.000000000000004 
4 6 0 3.000000000000001 9.000000000000004 
3 5 0 1.424093766049821 13.999999999999797 
4 5 0 3.5857864376269015 13.999999999999998 
3 4 0 1.424093766049746 13.999999999998105 
4 4 0 3.585786437626904 13.999999999999996 
3 3 0 2.1812395519963457 17.37886562174168 
4 3 0 4.809933699262629 17.378865662199452 
3 2 0 2.1812395479583313 17.378865661572245 
4 2 0 4.809933699262633 17.37886566219944 
3 1 0 3.390294292120188 18.334991160600072 
4 1 0 6.999999999999999 17.414213562373103 
3 0 0 3.3902942921283303 18.334991167449285 
4 0 0 6.999999999999996 17.414213562373078 
3 -1 0 4.782419290691365 17.41421341872382 
4 -1 0 9.999999999999998 16.0 
3 -2 0 4.782419290691532 17.414213309390398 
4 -2 0 9.999999999999996 15.999999999999998 
3 -3 0 7.000000000000022 16.000000000000004 
4 -3 0 13.0 13.0 
3 -4 0 7.000000000000187 15.999999999999998 
4 -4 0 13.0 13.0 
2 9 0 3.0 3.0 
2 8 0 3.0 3.0 
2 7 0 1.4240937676536167 9.000000000000002 
2 6 0 1.4240937660922477 8.999999999999995 
2 5 0 0.49458397639047313 13.999999952172043 
2 4 0 0.4945839763815189 13.999999929204428 
2 3 0 0.49458397638154034 17.378865661805836 
2 2 0 0.49458397640209995 17.37886566213858 
2 1 0 0.5897050339324571 19.154591727781664 
2 0 0 0.5897050337428233 19.155048023522113 
2 -1 0 1.5871008552371257 18.33499096879028 
2 -2 0 1.5871008552683346 18.334991166048255 
2 -3 0 3.1501054391343515 16.867815674584147 
2 -4 0 3.150105439122848 16.867815976671153 
2 -5 0 5.0000000000009015 14.999999999999984 
3 -5 0 10.000000000000002 12.0 
2 -6 0 5.000000000021883 14.99999999999999 
3 -6 0 10.0 11.999999999999998 
1 9 0 3.0 3.0 
1 8 0 3.0 3.0 
1 7 0 1.4779210411473533 9.0 
1 6 0 1.4779210411473536 9.0 
1 5 0 0.49458397638302004 13.806958355048257 
1 4 0 0.4945839763963958 13.806958350233929 
1 3 0 0.2772848465467129 17.323670394075197 
1 2 0 0.2772848465466905 17.32367039447278 
1 1 0 0.2772848465665802 19.155290778434924 
1 0 0 0.2772848466357221 19.15502812643485 
1 -1 0 0.41913136206793694 19.999999981510058 
1 -2 0 0.4191313621083862 19.99999997414389 
1 -3 0 0.9496916783512794 17.799797675762193 
1 -4 0 0.9496916783627841 17.798098101667392 
1 -5 0 2.4067630249433485 15.820955336662898 
1 -6 0 2.406763024943052 15.820954573762247 
1 -7 0 4.000000000000006 12.999999999999996 
2 -7 0 7.999999999999997 9.999999999999998 
1 -8 0 4.000000000000001 13.0 
2 -8 0 8.0 10.0 
0 7 0 3.9999999999999996 8.999999999999998 
0 6 0 4.0 9.000000000000002 
0 5 0 2.1919390091140345 13.121779846586364 
0 4 0 2.1919390090352344 13.121779867634308 
0 3 0 0.2772848465466908 16.118907328968287 
0 2 0 0.2772848465467026 16.118907570738042 
0 1 1 0.2772848465466797 19.155174026794775 
0 0 1 0.2772848465466769 19.154552735934143 
0 -1 2 0.5897050337423255 19.99999998611995 
0 -2 2 0.5897050337423188 19.999999993934974 
0 -3 1 0.9496916783375465 19.999999999867832 
0 -4 1 0.9496916783376437 19.999999999878863 
0 -5 0 2.237528663403554 16.658701555941956 
0 -6 0 2.237528648016639 16.658701549148127 
0 -7 0 4.0000000000862785 13.820955405598445 
0 -8 0 4.000000000056458 13.820955343794063 
0 -9 0 5.999999999999999 10.999999999999998 
1 -9 0 7.0 7.0 
0 -10 0 5.999999999999999 11.000000000000002 
1 -10 0 7.0 7.0 
-1 7 0 6.0 6.000000000000001 
-1 6 0 6.0 6.0 
-1 5 0 2.999999999999996 11.999999999999993 
-1 4 0 3.000000000000001 11.999999999999998 
-1 3 0 1.4779210411473567 15.39922113901963 
-1 2 0 1.477921041147357 15.399221139229617 
-1 1 0 0.49458397638350887 17.798567365943494 
-1 0 0 0.49458397667026605 17.798567491443375 
-1 -1 0 0.2772848466927172 19.999999348325648 
-1 -2 0 0.27728484665542613 19.99999993723449 
-1 -3 0 0.41913136203376933 19.999999791917883 
-1 -4 0 0.41913136203438117 19.999999953870503 
-1 -5 0 0.5897050338421358 17.99999993224171 
-1 -6 0 0.5897050337586279 17.999999478074926 
-1 -7 0 1.5871008552052888 14.696959207578814 
-1 -8 0 1.587100861910224 14.69695839882234 
-1 -9 0 3.150105439124444 11.480114069417715 
-1 -10 0 3.150105439125455 11.480114069417759 
-2 7 0 6.0 6.0 
-2 6 0 6.0 6.0 
-2 5 0 4.477921041147353 10.121779882547479 
-2 4 0 4.477921041147353 10.121779882547479 
-2 3 0 3.4779210416267032 14.999999999997225 
-2 2 0 3.4779210411473604 14.999999999997193 
-2 1 0 2.1919390116071416 16.850922810939284 
-2 0 0 2.1919390122548212 16.850920879809788 
-2 -1 0 0.2772848465470999 19.999999836443354 
-2 -2 0 0.27728484654692925 19.99999990188139 
-2 -3 1 0.419131362033326 19.99999991818374 
-2 -4 1 0.4191313622606353 19.999999916858044 
-2 -5 1 0.2772848465466739 18.859557233009475 
-2 -6 1 0.2772848465466804 18.859556857580476 
-2 -7 0 0.4191313620345795 15.38767019860494 
-2 -8 0 0.4191313620339108 15.387670192969681 
-2 -9 0 0.9496916783375489 12.696959173036422 
-2 -10 0 0.9496916783375466 12.696959319943474 
-2 -11 0 2.40676302494295 8.0 
-1 -11 0 5.0 8.000000000000002 
-2 -12 0 2.406763024942949 8.000000000000002 
-1 -12 0 4.999999999999999 7.999999999999999 
-3 5 0 6.999999999999999 9.0 
-3 4 0 7.0 9.0 
-3 3 0 5.191939040268607 12.39922104943015 
-3 2 0 5.191939009026382 12.399221137903254 
-3 1 0 3.2772848465468223 15.999999984128372 
-3 0 0 3.277284846547062 15.999999761403568 
-3 -1 0 2.2772848489281663 17.999999998706468 
-3 -2 0 2.2772848474635126 17.999999733926835 
-3 -3 0 1.2772848465561706 19.999999939247488 
-3 -4 0 1.277284846603588 19.999999810446724 
-3 -5 0 0.27728484656085706 18.859556940870075 
-3 -6 0 0.27728484654767604 18.859557264926146 
-3 -7 1 0.41913136203332074 16.859557283362918 
-3 -8 1 0.41913136203332385 16.859557281574467 
-3 -9 1 0.9496916783375468 12.97873448915527 
-3 -10 1 0.9496916783375438 12.978735051460504 
-3 -11 0 2.2375286478456884 8.696959083614223 
-3 -12 0 2.2375286478456884 8.696959325964539 
-3 -13 0 3.9999999999999996 4.0 
-2 -13 0 4.0 4.0 
-3 -14 0 4.0 4.0 
-2 -14 0 4.0 4.0 
-4 3 0 7.9999999999999964 12.0 
-4 2 0 8.000000000000002 11.999999999999998 
-4 1 0 6.289355164133913 13.999999950955639 
-4 0 0 6.289355164133913 13.999999985771069 
-4 -1 0 4.861688223880122 16.99999999991827 
-4 -2 0 4.861688202076107 16.999999283964218 
-4 -3 0 3.86168818477363 18.999999994022023 
-4 -4 0 3.861688177431133 18.999999997167677 
-4 -5 0 2.8037072213235006 18.859557278964573 
-4 -6 0 2.803707221127131 18.85955727363415 
-4 -7 0 1.861688176325874 16.859557282741985 
-4 -8 0 1.8616881775266259 16.85955728294686 
-4 -9 0 1.1153624279411511 13.561552812771819 
-4 -10 0 1.1153624309701267 13.561552812634297 
-4 -11 0 2.2375286478457324 8.978734341730998 
-4 -12 0 2.2375286478457186 8.978735088518754 
-4 -13 0 4.0 4.0 
-4 -14 0 4.0 4.0 
-5 1 0 11.0 13.0 
-5 0 0 10.999999999999998 13.0 
-5 -1 0 7.698469236757643 14.99999999999999 
-5 -2 0 7.69846923675764 14.999999999998979 
-5 -3 0 5.803707232274025 16.999999999590294 
-5 -4 0 5.803707221120753 16.99999999898893 
-5 -5 0 4.803707221153929 17.999999997256946 
-5 -6 0 4.803707221238183 17.99999999903596 
-5 -7 0 3.803707221197164 16.859557283621236 
-5 -8 0 3.8037072255198927 16.85955728352053 
-5 -9 0 2.8037072211207557 13.561552743813278 
-5 -10 0 2.8037072211207574 13.561552715070341 
-5 -11 0 2.2850096225214123 9.561552812808829 
-5 -12 0 2.2850096225214127 9.561552812808834 
-5 -13 0 4.0 4.0 
-5 -14 0 3.9999999999999996 4.0 
-6 -1 0 14.0 14.0 
-6 -2 0 14.0 14.0 
-6 -3 0 11.000000000000002 16.0 
-6 -4 0 11.0 15.999999999999998 
-6 -5 0 8.438447187191164 17.0 
-6 -6 0 8.438447187191171 16.999999999999996 
-6 -7 0 7.000000000000004 16.000000000000004 
-6 -8 0 7.0 16.0 
-6 -9 0 5.999999999999997 13.56155281280883 
-6 -10 0 5.9999999999999964 13.56155281280883 
-6 -11 0 4.999999999999999 9.561552812808827 
-6 -12 0 4.999999999999999 9.561552812808829 
-6 -13 0 4.0 4.0 
-6 -14 0 4.0 4.0 
