4 16 0 1.0 1.0 
5 16 0 1.0 1.0 
4 15 0 1.0 1.0 
5 15 0 1.0 1.0 
4 14 1 0.9999999999999996 5.342923082777172 
5 14 0 0.9999999999999999 5.342923082777169 
4 13 1 0.9999999999999999 5.342923082777171 
5 13 0 1.0000000000000002 5.342923082777171 
4 12 2 0.9999999999999979 7.961756551889228 
5 12 0 1.186393497351669 7.961756551889227 
4 11 2 0.9999999999999952 7.961756551889227 
5 11 0 1.186393497351669 7.961756551889228 
4 10 1 0.6299191774069645 9.961756551825397 
5 10 0 2.038243448110774 9.961756551889223 
4 9 1 0.6299191774069655 9.961756551135963 
5 9 0 2.0382434481107734 9.961756551889229 
4 8 0 0.6299191778182494 10.779792627596548 
5 8 0 3.0382434481107703 9.81360650264833 
4 7 0 0.6299191774069656 10.779792229540535 
5 7 0 3.0382434481107743 9.813606502648334 
4 6 0 1.6299191774074098 9.779792622602583 
5 6 0 4.65707691722283 8.813606502648328 
4 5 0 1.6299191774069777 9.779792627596748 
5 5 0 4.657076917222829 8.81360650264833 
4 4 0 3.0000000000000018 7.999999999999999 
5 4 0 7.0 7.0 
4 3 0 2.9999999999999996 8.0 
5 3 0 7.0 7.0 
3 14 0 1.0 5.0 
3 13 0 0.9999999999999996 5.0 
3 12 1 1.0000000000000007 7.771774672505169 
3 11 1 1.000000000000001 7.771774671186641 
3 10 1 0.629919177406965 9.961756518868057 
3 9 1 0.629919177406965 9.961756540868821 
3 8 0 0.6299191774463948 11.684001657769182 
3 7 0 0.6299191774230629 11.683074970584881 
3 6 0 1.6299191775538187 10.683843646955639 
3 5 0 1.6299191775514699 10.68354601193944 
3 4 0 3.000000000000002 9.049303602454358 
3 3 0 2.999999999999999 9.049303602454357 
3 2 0 5.0 5.0 
4 2 0 5.0 5.0 
3 1 0 5.0 5.0 
4 1 0 5.0 5.0 
2 12 0 2.9999999999999987 7.000000000000001 
2 11 0 2.9999999999999996 7.0 
2 10 0 0.7446307155030186 9.771774654578843 
2 9 0 0.7446307155324379 9.771774275380462 
2 8 1 0.7446307155025824 11.683998970123644 
2 7 1 0.7446307155025845 11.683210598802939 
2 6 1 1.6299191774072492 11.999999999998352 
2 5 1 1.6299191774069932 11.99999999999994 
2 4 0 1.0000000000000009 10.999999999999991 
2 3 0 0.9999999999999947 10.999999999999998 
2 2 0 4.999999999999999 5.0 
2 1 0 5.0 5.000000000000001 
1 10 0 4.999999999999998 9.000000000000002 
1 9 0 4.999999999999999 9.0 
1 8 0 0.8768943743823405 11.684006970427903 
1 7 0 0.876894374382338 11.683201801033475 
1 6 0 0.8768943743823397 11.999999998430074 
1 5 0 0.8768943743823387 11.999999996306318 
1 4 0 1.0000000000002827 10.999999999931518 
1 3 0 1.00000000000647 10.99999999889834 
1 2 0 2.3944487245360104 9.60555127546399 
1 1 0 2.39444872453601 9.60555127546399 
0 10 0 5.0 5.0 
0 9 0 5.0 5.0 
0 8 0 0.8768943743823385 11.000000000000004 
0 7 0 0.8768943743823394 11.0 
0 6 1 0.8768943743823409 12.000000000000002 
0 5 1 0.876894374382336 12.000000000000004 
0 4 2 1.3944487245360073 11.0 
0 3 2 1.3944487245360115 11.000000000000004 
0 2 1 1.0000000000000007 9.60555127546399 
0 1 1 0.9999999999999979 9.605551275463991 
-1 8 0 7.0 7.0 
-1 7 0 7.0 7.0 
-1 6 0 2.87689437438234 11.123105625617661 
-1 5 0 2.8768943743823394 11.123105625617661 
-1 4 0 1.8768943743823403 10.605551275463986 
-1 3 0 1.8768943743823416 10.60555127546399 
-1 2 0 0.9999999999999998 9.605551275463991 
-1 1 0 0.9999999999999998 9.605551275463991 
-1 0 0 1.0 1.0 
0 0 0 1.0 1.0 
-1 -1 0 1.0 1.0 
0 -1 0 1.0 1.0 
