1 3 0 0.9999999999999993 4.000000000000001 
2 3 0 4.0 4.0 
1 2 0 1.0000000000000004 4.0 
2 2 0 4.0 4.0 
1 1 0 1.0124204532625418 9.236067977499788 
2 1 0 4.763932022500209 9.23606797749979 
1 0 0 1.0124204532625443 9.23606797749979 
2 0 0 4.763932022500211 9.23606797749979 
1 -1 0 1.500724214535761 9.71702892247949 
2 -1 0 9.0 9.0 
1 -2 0 1.5007242145357615 9.717028922479487 
2 -2 0 9.0 9.0 
0 3 0 1.0000000000000002 4.0 
0 2 0 0.9999999999999999 4.000000000000001 
0 1 1 1.0124204532625416 8.304218003872107 
0 0 1 1.0124204532625412 8.304218003872105 
0 -1 1 0.5826125643622172 9.71702892206615 
0 -2 1 0.582612564362217 9.71702890076414 
0 -3 0 0.4376692836115179 8.688986119555539 
1 -3 0 2.875114580235426 7.761557181831889 
0 -4 0 0.43766928361151985 8.6889861221994 
1 -4 0 2.8751145802354254 7.761557181831892 
-1 3 0 3.0 3.0 
-1 2 0 3.0 3.0 
-1 1 0 1.6174491138474902 6.999999999999998 
-1 0 0 1.617449113847491 7.000000000000002 
-1 -1 0 0.5826125643622172 9.661116538878327 
-1 -2 0 0.582612564362219 9.661116727626869 
-1 -3 0 0.4376692836115174 9.356102109746574 
-1 -4 0 0.43766928392343124 9.356102050022258 
-1 -5 0 0.9447276146872955 7.40387080011591 
0 -5 0 1.4769044093683301 5.441290910412461 
-1 -6 0 0.9447276146872959 7.403870800115907 
0 -6 0 1.4769044093683301 5.441290910412461 
-2 1 0 5.0 5.0 
-2 0 0 5.0 5.0 
-2 -1 0 2.1076026277074913 9.0 
-2 -2 0 2.107602627707489 8.999999999999991 
-2 -3 0 1.1863404342733916 9.35610211055992 
-2 -4 0 1.1863404342733896 9.356102110559926 
-2 -5 0 0.9447276146872968 7.449489742783175 
-2 -6 0 0.944727614687295 7.449489742783176 
-2 -7 0 2.0 2.0 
-1 -7 0 2.0 2.0 
-2 -8 0 2.0 2.0 
-1 -8 0 2.0 2.0 
-3 -1 0 7.0 7.0 
-3 -2 0 7.0 7.0 
-3 -3 0 4.096788074088447 8.709275359436923 
-3 -4 0 4.0967880740884475 8.709275359436925 
-3 -5 0 2.550510257216822 7.449489742783178 
-3 -6 0 2.5505102572168217 7.449489742783179 
-3 -7 0 2.0 2.0 
-3 -8 0 2.0 2.0 
