1 5 0 2.0 2.0 
2 5 0 2.0 2.0 
1 4 0 2.0 2.0 
2 4 0 2.0 2.0 
1 3 0 0.5258063413896222 7.23606797749979 
2 3 0 2.7639320225002106 7.23606797749979 
1 2 0 0.5258063413896231 7.236067977499792 
2 2 0 2.76393202250021 7.23606797749979 
1 1 0 0.8040653534078016 8.0 
2 1 0 6.0 6.0 
1 0 0 0.8040653534078012 8.0 
2 0 0 6.0 6.0 
0 5 0 2.0 2.0 
0 4 0 2.0 2.0 
0 3 0 0.5258063413896242 6.586874512018427 
0 2 0 0.5258063413896251 6.586874512018426 
0 1 1 0.8040653534078005 8.0 
0 0 1 0.8040653534078013 8.000000000000002 
0 -1 1 2.267949192431123 7.000000000000003 
1 -1 0 2.9999999999999996 5.0 
0 -2 1 2.2679491924311224 6.999999999999999 
1 -2 0 3.0000000000000004 5.0 
-1 3 0 3.9999999999999996 6.0 
-1 2 0 3.9999999999999996 6.0 
-1 1 0 1.4530484824648855 7.197000575314243 
-1 0 0 1.4530484824648853 7.197000575314244 
-1 -1 0 0.4363621076656741 7.000000000000002 
-1 -2 0 0.43636210766567757 6.999999999999998 
-1 -3 0 0.6570769172228292 4.813606502648331 
0 -3 0 2.0 2.0 
-1 -4 0 0.6570769172228297 4.81360650264833 
0 -4 0 2.0 2.0 
-2 3 0 4.0 4.0 
-2 2 0 4.0 4.0 
-2 1 0 1.7117543887292632 6.288245611270737 
-2 0 0 1.7117543887292626 6.288245611270737 
-2 -1 0 0.43636210766567907 6.924516418829586 
-2 -2 0 0.436362107665678 6.924516418829585 
-2 -3 1 0.6570769172228296 4.81360650264833 
-2 -4 1 0.6570769172228299 4.81360650264833 
