5 15 0 2.0 4.0 
6 15 0 4.0 4.0 
5 14 0 2.0000000000000004 4.0 
6 14 0 4.0 4.0 
5 13 0 1.372562031417239 10.561552812808824 
6 13 0 5.0 10.56155281280883 
5 12 0 1.372562031417236 10.561552812808824 
6 12 0 5.0 10.56155281280883 
5 11 0 2.3844662388556257 12.96675052833859 
6 11 0 6.627718676730985 12.372281323269014 
5 10 0 2.384466238184899 12.966750528338597 
6 10 0 6.627718676730985 12.372281323269014 
5 9 0 3.750942646316648 12.002903914431938 
6 9 0 11.0 11.0 
5 8 0 3.750942646316646 12.00290391443194 
6 8 0 11.0 11.0 
4 15 0 1.9999999999999993 4.0 
4 14 0 2.0 4.0 
4 13 0 0.5358933730948294 9.239322277828014 
4 12 0 0.535893373096159 9.239322277828016 
4 11 0 0.4204699404473521 12.966750322018191 
4 10 0 0.42046994044735964 12.966750521243776 
4 9 0 0.6345410748347167 13.999999729853897 
4 8 0 0.6345410748347141 13.999999999961421 
4 7 0 1.8700851967499441 10.902263853474256 
5 7 0 5.43844718719117 10.000000000000002 
4 6 0 1.8700851967498329 10.902263853474645 
5 6 0 5.438447187191168 9.999999999999998 
3 15 0 2.0 4.0 
3 14 0 1.9999999999999996 4.0 
3 13 0 0.5358933730946557 8.447853429908806 
3 12 0 0.535893373094658 8.44785342990882 
3 11 1 0.42046994044733577 11.585826193704838 
3 10 1 0.4204699404473373 11.58582619315498 
3 9 2 1.0866018638973838 13.99999999963262 
3 8 2 0.6345410748347112 13.999999840007012 
3 7 1 1.155938289880321 12.80072745172083 
3 6 1 1.1559382899656507 12.800727096753189 
3 5 0 1.178712534871973 8.9454101116036 
4 5 0 3.6570769172228297 8.0 
3 4 0 1.178712534871973 8.945410111476765 
4 4 0 3.657076917222829 8.0 
2 13 0 2.5857864376269055 7.414213562373095 
2 12 0 2.585786437626905 7.414213562373095 
2 11 0 1.1393375664148737 10.677125624587633 
2 10 0 1.1393375662682426 10.677125624588127 
2 9 0 0.6031109158825658 13.49177263649556 
2 8 0 0.6031109161642648 13.491738875673262 
2 7 0 0.46361361897362197 13.466766543207685 
2 6 0 0.46361361906971554 13.466766722479164 
2 5 0 0.6271806479155349 10.61575241941083 
2 4 0 0.627180647984731 10.615752420041076 
2 3 0 2.9999999999999996 5.0 
3 3 0 3.0 5.0 
2 2 0 2.9999999999999996 5.0 
3 2 0 3.0000000000000004 5.0 
1 11 0 2.2679491924311233 9.4142135623731 
1 10 0 2.2679491924311206 9.414213562373096 
1 9 0 0.6031109158825584 12.662812227011587 
1 8 0 0.6031109159457172 12.662812584623955 
1 7 1 0.46361361897351344 13.732248780695576 
1 6 1 0.46361361897351017 13.732248718055041 
1 5 2 0.6271806478943683 11.260940225001228 
1 4 2 0.6271806478943712 11.260940212398506 
1 3 1 1.9999999999999996 6.000000000000003 
1 2 1 2.0 6.000000000000001 
0 9 0 6.267949192431124 11.000000000000002 
0 8 0 6.267949192431121 11.0 
0 7 0 3.5033344401018294 13.732248813916547 
0 6 0 3.5033344401018343 13.73224881391654 
0 5 0 2.2022906732826537 11.414213562373098 
0 4 0 2.202290673282654 11.414213562373096 
0 3 0 1.9999999999999993 6.000000000000001 
0 2 0 1.9999999999999991 6.000000000000001 
-1 7 0 13.0 13.0 
-1 6 0 13.0 13.0 
-1 5 0 8.585786437626906 11.414213562373094 
-1 4 0 8.585786437626904 11.414213562373096 
-1 3 0 6.0 6.0 
-1 2 0 6.0 6.0 
