1 5 0 1.0 3.0 
2 5 0 3.0 3.0 
1 4 0 0.9999999999999999 3.0 
2 4 0 3.0 3.0 
1 3 0 0.9753892800977568 6.618033988749895 
2 3 0 4.381966011250105 6.618033988749895 
1 2 0 0.9753892800977578 6.618033988749896 
2 2 0 4.381966011250105 6.618033988749895 
1 1 0 1.2382675082698302 7.679620483128622 
2 1 0 7.0 7.0 
1 0 0 1.2382675082698316 7.679620483128622 
2 0 0 7.0 7.0 
0 5 0 1.0000000000000002 3.0 
0 4 0 1.0 3.0 
0 3 1 0.9753892800977569 6.437433702233075 
0 2 1 0.9753892800977577 6.437433702233074 
0 1 2 1.0252962520126438 7.697261093961578 
0 0 2 1.0252962520126438 7.697261093961576 
0 -1 1 0.6972243622680052 6.4026788295211885 
1 -1 0 3.0000000000000004 5.0 
0 -2 1 0.697224362268007 6.402678829521188 
1 -2 0 3.0 5.0 
-1 3 0 2.267949192431123 5.732050807568878 
-1 2 0 2.267949192431123 5.732050807568877 
-1 1 0 1.0252962520126454 7.697261093961579 
-1 0 0 1.0252962520126447 7.697261093961575 
-1 -1 0 0.6972243622680057 7.302775637731996 
-1 -2 0 0.697224362268005 7.302775637731993 
-1 -3 0 1.0000000000000004 3.0 
0 -3 0 1.0000000000000002 3.0 
-1 -4 0 1.0000000000000002 3.0 
0 -4 0 1.0000000000000002 3.0 
-2 1 0 7.0 7.0 
-2 0 0 7.0 7.0 
-2 -1 0 3.697224362268005 7.302775637731995 
-2 -2 0 3.6972243622680048 7.302775637731995 
-2 -3 0 3.0 3.0 
-2 -4 0 3.0 3.0 
