1 3 1 3.0 4.0 
2 3 0 4.0 4.0 
1 2 1 3.0 4.0 
2 2 0 4.0 4.0 
1 1 1 1.1399696081269706 10.82842712474619 
2 1 0 5.171572875253809 10.828427124746192 
1 0 1 1.1399696081269697 10.828427124746192 
2 0 0 5.17157287525381 10.82842712474619 
1 -1 0 0.9129481310781463 11.999999999999998 
2 -1 0 10.0 10.0 
1 -2 0 0.9129481310781496 11.999999999999996 
2 -2 0 10.0 10.0 
0 3 0 2.9999999999999996 3.0 
0 2 0 2.9999999999999996 3.0000000000000004 
0 1 0 1.1399696081271216 9.557430121054 
0 0 0 1.1399696084914075 9.557430121054008 
0 -1 0 0.9129481310781488 11.99999999999986 
0 -2 0 0.9129481310781508 11.999999883047762 
0 -3 0 1.285575047232806 9.999999977340096 
1 -3 0 3.2679491924311215 8.0 
0 -4 0 1.2855750472328082 9.999999995427554 
1 -4 0 3.2679491924311233 8.0 
-1 3 0 3.0 3.0 
-1 2 0 3.0 3.0 
-1 1 0 1.1768766374856554 8.439619147259268 
-1 0 0 1.1768766374856545 8.439619147259274 
-1 -1 2 1.3394333790473243 11.999999984586424 
-1 -2 2 1.3394333790473412 11.999999999987937 
-1 -3 2 1.2179229994391458 11.718659319552355 
-1 -4 2 1.217922999439141 11.718659319551879 
-1 -5 0 0.7532887354828436 8.759437786880211 
0 -5 0 3.5857864376269055 6.414213562373096 
-1 -6 0 0.7532887354828433 8.759437786880202 
0 -6 0 3.5857864376269055 6.414213562373095 
-2 1 0 4.267949192431122 7.732050807568877 
-2 0 0 4.267949192431122 7.7320508075688785 
-2 -1 0 2.5214914696043254 9.999999999196346 
-2 -2 0 2.5214914696048862 9.99999999974266 
-2 -3 0 0.9846475915032981 11.71865931955203 
-2 -4 0 0.9846475915051994 11.718592353134824 
-2 -5 0 0.7532887354828435 9.76351201324774 
-2 -6 0 0.7532887354828435 9.763512013195728 
-2 -7 0 1.4071376319485471 5.825955014888476 
-1 -7 0 3.0 3.0 
-2 -8 0 1.4071376319485467 5.8259550148884784 
-1 -8 0 3.0 3.0 
-3 1 0 5.0 5.0 
-3 0 0 5.0 5.0 
-3 -1 0 2.657151758438737 8.999999999999998 
-3 -2 0 2.6571517584387356 8.999999999999998 
-3 -3 0 0.9846475915032705 10.472161785228986 
-3 -4 0 0.98464759150327 10.472161785228979 
-3 -5 1 1.4226087174288047 9.76351201324792 
-3 -6 1 1.4226087174287998 9.763512013247924 
-3 -7 1 1.4071376319485471 7.4708955162910184 
-3 -8 1 1.4071376319485462 7.470895516291018 
-4 -1 0 7.0 7.0 
-4 -2 0 7.0 7.0 
-4 -3 0 4.10489348407247 9.292401585224622 
-4 -4 0 4.10489348407247 9.292401585224622 
-4 -5 0 2.763932022500209 9.64575131106459 
-4 -6 0 2.7639320225002115 9.64575131106459 
-4 -7 0 1.789815870116628 7.470895516291018 
-4 -8 0 1.7898158701166285 7.470895516291016 
-4 -9 0 1.0 1.0 
-3 -9 0 1.0 1.0 
-4 -10 0 1.0 1.0 
-3 -10 0 1.0 1.0 
