3 7 1 1.9999999999999998 1.9999999999999998 
4 7 0 2.0 2.0 
3 6 1 2.0 2.0 
4 6 0 2.0 2.0 
3 5 0 0.19837966679060087 12.444021318829598 
4 5 0 2.787331329067569 12.444021318829591 
3 4 0 0.19837966679060465 12.444021318829593 
4 4 0 2.7873313290675683 12.444021318829595 
3 3 0 0.7448202588858152 17.104090547276915 
4 3 0 4.2172831864319535 16.377233106705926 
3 2 0 0.7448202589538618 17.104090547280208 
4 2 0 4.217283186431956 16.37723310670593 
3 1 0 1.9735456348135472 17.833562577131683 
4 1 0 7.209048843540561 16.532221962361042 
3 0 0 1.9735456348135325 17.833562711549973 
4 0 0 7.209048843540559 16.53222196236104 
3 -1 0 3.4273323868636347 16.000000000000004 
4 -1 0 12.0 12.0 
3 -2 0 3.4273323868636276 16.000000000000007 
4 -2 0 12.0 12.0 
2 5 0 0.19837966679060243 12.17460158265777 
2 4 0 0.19837966679060037 12.17460158265777 
2 3 1 0.7448202588855377 17.104090547272712 
2 2 1 0.7448202588855344 17.10409054727786 
2 1 0 0.3453252684630503 19.449217945573444 
2 0 0 0.34532526849862516 19.449217967032684 
2 -1 0 2.546900286649682 17.999999983929023 
2 -2 0 2.5469002871543256 17.999999988646685 
2 -3 0 6.875114580235427 14.0 
3 -3 0 8.0 10.0 
2 -4 0 6.875114580235427 14.0 
3 -4 0 8.0 10.0 
1 5 0 3.0000000000000004 6.0000000000000036 
1 4 0 3.0 6.000000000000002 
1 3 1 1.042957675305734 15.612061784074612 
1 2 1 1.0429576753057386 15.612061783902131 
1 1 0 0.3180579843560441 19.449217963884436 
1 0 0 0.31805798429182836 19.449217959775574 
1 -1 0 1.0442830806680126 19.999999965464013 
1 -2 0 1.0442830805080192 19.999999980089445 
1 -3 0 2.7125899400355227 15.999999631968153 
1 -4 0 2.7125899400337445 15.999999879500418 
0 5 0 3.999999999999999 6.0 
0 4 0 3.999999999999999 6.0 
0 3 0 1.9588087516773411 13.041878321964255 
0 2 0 1.9588087525186981 13.041878463999598 
0 1 2 0.3180579842918212 17.999999998520288 
0 0 2 0.6233015878813069 17.99999999096612 
0 -1 2 0.6374013698997241 19.999999835558103 
0 -2 2 0.6374013698997278 19.99999985707787 
0 -3 0 0.39045288765299935 17.99999995348422 
0 -4 0 0.3904528874128908 17.99999996862392 
0 -5 0 2.224342995563683 14.594828562270132 
1 -5 0 5.999999999999999 12.000000000000005 
0 -6 0 2.224342995559865 14.594828562636348 
1 -6 0 5.999999999999998 12.000000000000002 
-1 5 0 3.9999999999999996 6.0 
-1 4 0 4.0 6.0 
-1 3 0 2.00000000000003 12.677159269691305 
-1 2 0 2.000000000000006 12.67715926888217 
-1 1 0 0.6233015878813314 16.14266405480003 
-1 0 0 0.6233015878814904 16.14266441010577 
-1 -1 1 0.31922807201312803 19.99999999306171 
-1 -2 1 0.31922807201313524 19.999999993055496 
-1 -3 1 0.19599964479569812 19.76167180057211 
-1 -4 1 0.1959996447957029 19.76105646159188 
-1 -5 0 0.37630931982680715 16.668442370044108 
-1 -6 0 0.3763093200340459 16.66844211274406 
-1 -7 0 2.2824293902802215 12.472691949362613 
0 -7 0 4.0 10.000000000000002 
-1 -8 0 2.282429390280158 12.472691938679363 
0 -8 0 4.000000000000002 10.0 
-2 3 0 4.214974613409924 11.379743532086241 
-2 2 0 4.214974613409923 11.379743532086243 
-2 1 0 2.2174286739493474 15.371466676091085 
-2 0 0 2.2174286739964923 15.371466674575043 
-2 -1 0 0.8379137282574181 17.684291109381157 
-2 -2 0 0.8379137282576808 17.684291798567543 
-2 -3 1 0.19599964479569906 19.761684464224185 
-2 -4 1 0.19599964479569917 19.76164295524334 
-2 -5 1 0.3218978336156318 17.759295714977608 
-2 -6 1 0.3218978336156417 17.75929520928704 
-2 -7 0 0.368680532090963 14.519388045592411 
-2 -8 0 0.3686805320909999 14.519388710331574 
-2 -9 0 2.8533016616640334 9.550765870971697 
-1 -9 0 4.0 6.0 
-2 -10 0 2.8533016616640348 9.550765870971695 
-1 -10 0 3.9999999999999996 6.0 
-3 3 0 7.0 7.0 
-3 2 0 7.0 7.0 
-3 1 0 4.436139863810715 13.999999999999996 
-3 0 0 4.436139863812247 13.999999999999996 
-3 -1 0 2.630346453089144 16.793156681935354 
-3 -2 0 2.630346453393248 16.793156414947532 
-3 -3 0 1.476924455132029 18.32529176215037 
-3 -4 0 1.4769244573532099 18.325789705294948 
-3 -5 0 0.3218978336168748 17.828723364219623 
-3 -6 0 0.32189783382245407 17.828723039885492 
-3 -7 1 0.36868053209096047 16.132453479126937 
-3 -8 1 0.36868053209096463 16.115689422133293 
-3 -9 0 0.4209368732388986 11.686004138523026 
-3 -10 0 0.42093687324359 11.686004138522675 
-4 1 0 7.0 10.999999999999998 
-4 0 0 7.0 11.0 
-4 -1 0 3.564633936343574 15.999999996261936 
-4 -2 0 3.564633936427128 15.999999989332146 
-4 -3 0 1.6735092738676465 17.557980049225982 
-4 -4 0 1.6735092738681308 17.557994975686306 
-4 -5 0 0.4932254280297545 17.828723853228563 
-4 -6 0 0.49322542806046243 17.828723529109386 
-4 -7 1 0.6719188823931788 16.210631019469627 
-4 -8 1 0.6719188823931785 16.210631062515517 
-4 -9 1 0.4209368732388705 13.096819860242906 
-4 -10 1 0.4209368732388676 13.096819820284367 
-4 -11 0 0.4399983892004901 8.25398006938225 
-3 -11 0 3.0 3.0 
-4 -12 0 0.4399983892004901 8.253980069382253 
-3 -12 0 3.0 3.0 
-5 1 0 9.0 9.0 
-5 0 0 9.0 9.0 
-5 -1 0 6.087039648436556 13.118811430891796 
-5 -2 0 6.087039648436563 13.118811430891796 
-5 -3 0 3.9424463819114313 15.944844210350139 
-5 -4 0 3.9424463828479657 15.944844192272399 
-5 -5 0 2.239265236295163 17.123381280318473 
-5 -6 0 2.2392652362966614 17.123381116662593 
-5 -7 0 1.1183082812046343 16.21063084611332 
-5 -8 0 1.1183082812054568 16.210630713632316 
-5 -9 0 0.5825839036696023 13.09681975219434 
-5 -10 0 0.582583903669601 13.096819836614984 
-5 -11 0 0.4399983892004898 8.862972755827935 
-5 -12 0 0.43999838920048995 8.862972755827931 
-6 -1 0 11.0 11.0 
-6 -2 0 11.0 11.0 
-6 -3 0 8.183760893308147 14.384398014839203 
-6 -4 0 8.183760893308147 14.384398014839201 
-6 -5 0 5.63274533708538 15.716868986304108 
-6 -6 0 5.632745337085377 15.716868986304112 
-6 -7 0 3.739272891375272 15.306220011711016 
-6 -8 0 3.7392728913752658 15.306220011711016 
-6 -9 0 2.22791044304349 12.664882270190676 
-6 -10 0 2.2279104430434895 12.664882270190677 
-6 -11 0 1.2843460951233452 8.862972755827931 
-6 -12 0 1.2843460951233447 8.862972755827933 
-6 -13 0 1.0 1.0 
-5 -13 0 1.0 1.0 
-6 -14 0 1.0 1.0 
-5 -14 0 1.0 1.0 
