3 9 0 3.0 3.0 
4 9 0 3.0 3.0 
3 8 0 3.0 3.0 
4 8 0 3.0 3.0 
3 7 0 1.612038616605324 8.214319743377537 
4 7 0 4.324869129433354 8.214319743377533 
3 6 0 1.612038616605326 8.214319743377533 
4 6 0 4.324869129433354 8.214319743377535 
3 5 0 2.050205869082337 11.062853469835872 
4 5 0 6.324869129433353 10.214319743377535 
3 4 0 2.0502058690823324 11.062853469826136 
4 4 0 6.324869129433353 10.214319743377535 
3 3 0 3.6959918538278105 10.02641846900718 
4 3 0 9.0 9.0 
3 2 0 3.6959918538278114 10.026418469007178 
4 2 0 9.0 9.0 
2 9 0 3.0 3.0 
2 8 0 3.0 3.0 
2 7 0 1.5515511741048476 7.809064257030724 
2 6 0 1.5515511740897279 7.809064257030303 
2 5 0 0.7316125479885263 11.06285346983291 
2 4 0 0.7316125479885308 11.062853469834069 
2 3 0 0.8820119391976621 11.99999997604893 
2 2 0 0.882011940412328 11.999999917492035 
2 1 0 2.2208259097055096 8.941687487750485 
3 1 0 6.0 8.0 
2 0 0 2.220825909705506 8.94168747928855 
3 0 0 6.0 7.999999999999999 
1 9 0 3.0 3.0 
1 8 0 3.0 3.0 
1 7 0 1.5515511740751518 7.154914009699747 
1 6 0 1.5515511740751515 7.154914009699743 
1 5 0 0.7316125479886202 10.348355416315115 
1 4 0 0.7316125479902477 10.348355416305116 
1 3 0 0.3531594526057577 11.999999999919345 
1 2 0 0.3531594526044677 11.999999999704718 
1 1 0 0.5359213346702321 10.643846220189358 
1 0 0 0.5359213346702331 10.64384622018801 
1 -1 0 1.4966651524238623 7.80266049947001 
2 -1 0 3.9999999999999996 6.0 
1 -2 0 1.496665152423862 7.802660499470006 
2 -2 0 3.9999999999999987 5.999999999999999 
0 7 0 3.9999999999999996 6.0 
0 6 0 3.9999999999999996 6.0 
0 5 0 1.3681188354415244 9.022714734718068 
0 4 0 1.3681188354415277 9.022714734718075 
0 3 0 0.3531594526044678 11.627978128178357 
0 2 0 0.3531594526056142 11.627978128183468 
0 1 1 0.5359213346702273 11.209675676497554 
0 0 1 0.5359213346702317 11.209675677017115 
0 -1 1 1.4966651524238608 8.055831976034238 
0 -2 1 1.496665152423863 8.055831975948088 
0 -3 0 3.0 3.0 
1 -3 0 3.0 3.0 
0 -4 0 2.9999999999999996 3.0 
1 -4 0 3.0 3.0 
-1 5 0 6.0 8.0 
-1 4 0 6.000000000000001 8.000000000000002 
-1 3 0 3.3164519681403712 11.000000000000004 
-1 2 0 3.3164519681403744 11.0 
-1 1 0 2.435408141688695 11.209675667729538 
-1 0 0 2.4354081416784834 11.209675664061796 
-1 -1 0 1.802844914204711 9.100431985810374 
-1 -2 0 1.802844914204713 9.10043198581038 
-1 -3 0 3.0 3.0000000000000004 
-1 -4 0 2.9999999999999996 3.0 
-2 3 0 9.0 9.0 
-2 2 0 9.0 9.0 
-2 1 0 5.330920911717712 10.14510269120042 
-2 0 0 5.330920911717712 10.145102691200423 
-2 -1 0 3.5606883283161253 9.10043198581038 
-2 -2 0 3.5606883283161253 9.100431985810378 
-2 -3 0 3.0 3.0 
-2 -4 0 3.0 3.0 
