4 12 0 1.9999999999999996 4.0 
5 12 0 4.0 4.0 
4 11 0 1.9999999999999998 4.0 
5 11 0 4.0 4.0 
4 10 0 1.4776960038350286 10.828427124746188 
5 10 0 5.17157287525381 10.82842712474619 
4 9 0 1.477696003835031 10.828427124746192 
5 9 0 5.17157287525381 10.828427124746188 
4 8 0 2.201255616892736 12.000000000000002 
5 8 0 10.0 10.0 
4 7 0 2.201255616892733 12.0 
5 7 0 10.0 10.0 
3 12 0 2.0 4.0 
3 11 0 1.9999999999999998 4.0 
3 10 0 0.6232885077106718 10.064918756569064 
3 9 0 0.623288507434777 10.064918756600914 
3 8 0 0.48229550889590467 11.99999993411902 
3 7 0 0.4822955088965224 11.999999995295376 
3 6 0 0.7188771974754357 10.99999970815524 
4 6 0 4.438447187191168 9.000000000000002 
3 5 0 0.7188771974753092 10.999999999999993 
4 5 0 4.43844718719117 9.0 
2 12 0 2.0 4.0 
2 11 0 2.0 4.0 
2 10 0 0.6232885074240422 8.748275255486103 
2 9 0 0.623288507424044 8.748275255486103 
2 8 1 0.4822955088958501 11.43111701869255 
2 7 1 0.48229550889585 11.431117009934587 
2 6 2 1.0650068641840327 11.549969961963495 
2 5 2 1.0650068641840373 11.549969965081289 
2 4 1 1.5984058148246507 9.509897952335859 
3 4 0 2.6570769172228297 7.0 
2 3 1 1.5984058148246492 9.509897960028823 
3 3 0 2.657076917222829 7.0 
1 10 0 3.9999999999999996 8.0 
1 9 0 4.0 8.0 
1 8 0 1.3668696499786797 10.722338168110053 
1 7 0 1.3668696476532738 10.722338168100476 
1 6 0 0.42982696891058175 11.549969964590334 
1 5 0 0.42982696891056993 11.549969965067945 
1 4 0 0.3576582826644031 10.197881229229536 
1 3 0 0.357658282664402 10.197881244834852 
1 2 0 0.5027879590431675 7.236067977499789 
2 2 0 2.0 4.0 
1 1 0 0.5027879590431663 7.23606797749979 
2 1 0 2.0000000000000004 4.0 
0 10 0 3.9999999999999996 6.0 
0 9 0 3.9999999999999996 6.0 
0 8 0 1.5048403222454572 10.0 
0 7 0 1.504840322245455 10.000000000000002 
0 6 0 0.42982696891172906 11.117016817731711 
0 5 0 0.429826968919979 11.117016798680176 
0 4 1 0.35765828266440153 10.197881247410564 
0 3 1 0.3576582826644034 10.197881238356903 
0 2 2 0.5027879590431673 7.332246501165004 
0 1 2 0.5027879590431678 7.332246501165006 
-1 8 0 8.0 8.0 
-1 7 0 8.0 8.0 
-1 6 0 5.1731616046880475 10.332246501165006 
-1 5 0 5.173161604688047 10.332246501165006 
-1 4 0 3.0823300946713896 9.955663528482072 
-1 3 0 3.08233009467139 9.955663528482075 
-1 2 0 2.173161604688049 7.332246501165006 
-1 1 0 2.1731616046880484 7.332246501165004 
-1 0 0 2.0 2.0 
0 0 1 2.0 2.0 
-1 -1 0 2.0 2.0 
0 -1 1 2.0000000000000004 2.0000000000000004 
