5 13 0 2.5188056959079854 6.999999999999999 
6 13 0 7.0 7.0 
5 12 0 2.5188056959079845 7.0 
6 12 0 7.0 7.0 
5 11 0 3.218763070052652 13.302775502876898 
6 11 0 9.697224362268006 13.302775637731996 
5 10 0 3.218763070052537 13.302775635803066 
6 10 0 9.697224362268008 13.302775637731996 
5 9 0 4.18039177551563 15.729053249454008 
6 9 0 15.0 15.0 
5 8 0 4.1803917755156785 15.729053249445478 
6 8 0 15.0 15.0 
4 13 0 0.5188056959079831 6.999999999999999 
4 12 0 0.5188056959079831 6.999999999999998 
4 11 0 0.5132379433847617 13.205528862433571 
4 10 0 0.5132379433842043 13.205528646771407 
4 9 0 0.8341171971140976 15.729053247201787 
4 8 0 0.8341171976481337 15.729053240074194 
4 7 0 1.5925899113148034 14.99999999965329 
5 7 0 6.919395599429071 13.000000000000004 
4 6 0 1.5925899113146766 14.99999999998189 
5 6 0 6.9193955994290715 13.0 
3 13 0 0.518805695907985 6.170086486626035 
3 12 0 0.5188056959079859 6.170086486626033 
3 11 1 0.5132379433840525 12.374959699128594 
3 10 1 0.513237943384056 12.374959699127059 
3 9 2 0.5935969751343688 15.24650645986429 
3 8 2 0.5935969751343699 15.246506307642392 
3 7 1 0.46091952143001386 15.747376810265017 
3 6 1 0.46091952143001486 15.747376791985568 
3 5 0 0.6294872041560391 12.999999879836396 
4 5 0 2.9193955994290737 10.809785920127421 
3 4 0 0.629487204157042 12.999999755841381 
4 4 0 2.919395599429075 10.80978592012742 
2 13 0 3.0 5.0 
2 12 0 3.0 4.999999999999999 
2 11 0 0.9119826046523202 10.438924179559052 
2 10 0 0.9119826044328394 10.438924169139819 
2 9 0 0.5587717901436247 14.559031572760755 
2 8 0 0.5587717907580526 14.559031571549927 
2 7 0 0.4609195217160034 15.84619816325236 
2 6 0 0.4609195214445871 15.846198217085316 
2 5 0 0.6294872041613692 14.010281100149246 
2 4 0 0.6294872041591344 14.010280652812046 
2 3 0 1.7855067226394412 10.730468990779642 
3 3 0 2.2019808294522445 8.450296206346293 
2 2 0 1.7855067226394232 10.73046901595435 
3 2 0 2.2019808294522427 8.450296206346291 
1 11 0 2.5857864376269046 8.0 
1 10 0 2.585786437626904 8.000000000000002 
1 9 0 0.5587717899188762 12.77196062204667 
1 8 0 0.5587717899188752 12.771960925898723 
1 7 1 0.5465728648226397 15.846198219174171 
1 6 1 0.5465728648226396 15.846198218660561 
1 5 2 0.8246843946933347 15.193511071450702 
1 4 2 0.8246843946933382 15.193511338104821 
1 3 1 0.6547393098454843 12.01605778343403 
1 2 1 0.6547393098454838 12.01605778627224 
1 1 0 1.0000000000000004 5.999999999999998 
2 1 0 3.0 5.0 
1 0 0 0.9999999999999998 6.0 
2 0 0 3.0000000000000004 5.0 
0 9 0 3.8537356300580274 10.732050807568877 
0 8 0 3.8537356300580283 10.732050807568875 
0 7 0 1.4837011547015277 14.847705986252613 
0 6 0 1.48370115857485 14.847705983518688 
0 5 0 0.8094089737216644 15.99999999964446 
0 4 0 0.8094089737211615 15.999999999558847 
0 3 0 0.6547393098454818 12.423190134447804 
0 2 0 0.6547393098454959 12.423190134864582 
0 1 0 1.0 6.0 
0 0 0 0.9999999999999986 6.0 
-1 7 0 8.585786437626906 12.732050807568879 
-1 6 0 8.585786437626904 12.732050807568879 
-1 5 0 4.080847861545604 16.0 
-1 4 0 4.080847861545601 15.999999999999995 
-1 3 0 3.118762343377584 13.000000000000002 
-1 2 0 3.118762343377582 13.000000000000002 
-1 1 0 2.9999999999999996 6.0 
-1 0 0 3.0 6.0 
-2 5 0 14.0 14.0 
-2 4 0 14.0 14.0 
-2 3 0 9.0 13.0 
-2 2 0 9.0 13.0 
-2 1 0 6.0 6.0 
-2 0 0 6.0 6.0 
