2 4 0 2.0 5.0 
3 4 0 5.0 5.0 
2 3 0 1.9999999999999998 5.0 
3 3 0 5.0 5.0 
2 2 0 2.403216530039019 12.13263749335001 
3 2 0 6.726927136932333 12.132637493579841 
2 1 0 2.403216530039062 12.132637493579802 
3 1 0 6.726927136932333 12.132637493579841 
2 0 0 3.1081578555709637 16.46654071803557 
3 0 0 10.354248688935412 15.645751311064592 
2 -1 0 3.1081578555880447 16.466540112208573 
3 -1 0 10.354248688935408 15.645751311064588 
2 -2 0 4.869108163875397 15.999999999975904 
3 -2 0 14.0 14.0 
2 -3 0 4.869108163875398 15.999999999923896 
3 -3 0 14.0 14.0 
1 4 0 1.9999999999999991 5.0 
1 3 0 1.9999999999999991 5.0 
1 2 0 0.8328324471565512 11.601818962707345 
1 1 0 0.8328324471827053 11.601818962715852 
1 0 0 1.1481297756547961 16.46654071801876 
1 -1 0 1.1481297756653033 16.46654071724047 
1 -2 0 1.8818716839778744 17.999999999947498 
1 -3 0 1.8818716879721948 17.999999999961947 
1 -4 0 3.60448202596016 13.999999586368242 
2 -4 0 8.585786437626902 13.000000000000002 
1 -5 0 3.6044819971411743 13.99999999977744 
2 -5 0 8.585786437626906 13.0 
0 4 0 2.0000000000000004 5.0 
0 3 0 1.9999999999999993 5.000000000000001 
0 2 1 0.832832447142666 10.916137954770203 
0 1 1 0.83283244714267 10.916137818498521 
0 0 1 0.15130826281904136 14.98527983301066 
0 -1 1 0.15130826281904097 14.985279476526756 
0 -2 0 0.10849385162325137 17.99999999858183 
0 -3 0 0.10849385161750304 17.999999818120223 
0 -4 0 0.7755626776724662 15.999999993308167 
0 -5 0 0.7755626771369272 15.999999968639223 
0 -6 0 2.2975372535700083 12.640636247578492 
1 -6 0 5.585786437626905 11.0 
0 -7 0 2.297537253426634 12.640636253590731 
1 -7 0 5.585786437626905 10.999999999999996 
-1 4 0 4.0 4.0 
-1 3 0 4.0 4.0 
-1 2 0 1.9994899674017241 9.525229403097985 
-1 1 0 1.9994899614858261 9.525229400925678 
-1 0 0 0.1513082628190432 14.026851273771507 
-1 -1 0 0.15130826281904444 14.026851299379635 
-1 -2 0 0.10849385162950949 17.551815789531364 
-1 -3 0 0.10849385161908713 17.551815814667542 
-1 -4 0 0.202471872046661 17.999999125914055 
-1 -5 0 0.20247187196336683 17.999999986731773 
-1 -6 0 0.9930886995054587 13.711696964783076 
-1 -7 0 0.9930887014162418 13.711696721447314 
-1 -8 0 2.6413140441982232 9.824342458058345 
0 -8 0 4.585786437626906 8.0 
-1 -9 0 2.6413140441982246 9.824342458058345 
0 -9 0 4.585786437626906 8.0 
-2 2 0 4.000000000000001 8.481194304092016 
-2 1 0 3.9999999999999996 8.481194304092014 
-2 0 0 1.9975459758253582 12.781940159984606 
-2 -1 0 1.9975459758238354 12.781939955200093 
-2 -2 0 0.17931999580400623 15.821141079905663 
-2 -3 0 0.1793199957955052 15.821141017774353 
-2 -4 0 0.20247187193700847 17.99999999480738 
-2 -5 0 0.2024718719370015 17.999999988919967 
-2 -6 0 0.22269414829948794 15.999999961136888 
-2 -7 0 0.22269414827497935 15.999999994855807 
-2 -8 0 1.8457685561241348 11.416163593712227 
-2 -9 0 1.845768556123971 11.416163089288974 
-2 -10 0 5.0 5.0 
-1 -10 0 5.0 5.0 
-2 -11 0 5.0 5.0 
-1 -11 0 5.0 5.0 
-3 0 0 4.6515955372065445 10.999999999999996 
-3 -1 0 4.651595537206542 11.0 
-3 -2 0 2.5041664173631535 14.835106575667497 
-3 -3 0 2.50416641649648 14.835108796217305 
-3 -4 0 0.5922781454082069 17.999999790183843 
-3 -5 0 0.5922781453422036 17.999999725372128 
-3 -6 0 0.2226941482749618 17.720388017886208 
-3 -7 0 0.22269414827594416 17.720388049799386 
-3 -8 0 0.6040094143541076 13.914064534201048 
-3 -9 0 0.6040094143542344 13.914064534209068 
-3 -10 0 3.0 5.000000000000001 
-3 -11 0 3.0 5.0 
-4 -2 0 6.0 12.82842712474619 
-4 -3 0 6.000000000000002 12.828427124746192 
-4 -4 0 1.9303018576879274 15.999999988447982 
-4 -5 0 1.9303018514544485 15.999999972460962 
-4 -6 0 0.5592021509000321 17.72038805354164 
-4 -7 0 0.5592021508982009 17.72038805289745 
-4 -8 0 0.5457339038579425 15.721783643082945 
-4 -9 0 0.5457339038579454 15.721783161955463 
-4 -10 0 0.4175678954751558 10.881789650187589 
-4 -11 0 0.41756789547515705 10.881789650187597 
-5 -2 0 8.0 8.0 
-5 -3 0 8.0 8.0 
-5 -4 0 3.4426325740668235 14.0 
-5 -5 0 3.442632574066825 14.0 
-5 -6 0 1.8117829079301468 16.194332100321883 
-5 -7 0 1.811782907754903 16.194331916723478 
-5 -8 0 0.5457339038579366 15.72178364309158 
-5 -9 0 0.5457339039457406 15.721783619165876 
-5 -10 0 0.417567895475157 11.976725649221372 
-5 -11 0 0.4175678954751583 11.976725649221372 
-6 -4 0 10.0 10.0 
-6 -5 0 10.0 10.0 
-6 -6 0 4.7123862220744686 14.43337585872023 
-6 -7 0 4.712386222074474 14.433375858720229 
-6 -8 0 2.3289693596098404 14.477601381485192 
-6 -9 0 2.328969359609841 14.477601381485195 
-6 -10 0 1.220742430105932 11.976725649221374 
-6 -11 0 1.2207424301059322 11.976725649221372 
-6 -12 0 1.0 1.0 
-5 -12 0 1.0 1.0 
-6 -13 0 1.0 1.0 
-5 -13 0 1.0 1.0 
