2 6 0 1.9999999999999998 4.0 
3 6 0 4.0 4.0 
2 5 0 2.0 4.0 
3 5 0 4.0 4.0 
2 4 0 1.9126407588585377 7.999999999999999 
3 4 0 6.0 8.0 
2 3 0 1.9126407588585372 8.000000000000002 
3 3 0 6.0 8.0 
2 2 0 2.3543308920701644 9.74273509676815 
3 2 0 9.0 9.0 
2 1 0 2.354330892070163 9.74273509676815 
3 1 0 9.0 9.0 
1 6 0 1.9999999999999998 4.0 
1 5 0 2.0 4.0 
1 4 0 0.5335635592934967 7.704463604819587 
1 3 0 0.5335635592934945 7.704463604819592 
1 2 0 0.5134484671467363 9.742735096764743 
1 1 0 0.5134484671467362 9.742735096755881 
1 0 0 0.7306784287074677 8.60105621926156 
2 0 0 5.0 8.0 
1 -1 0 0.7306784287074692 8.601056206678681 
2 -1 0 4.999999999999999 7.999999999999999 
0 6 0 2.0 3.9999999999999996 
0 5 0 2.0 4.0 
0 4 0 0.5335635592934955 7.440672494532024 
0 3 0 0.533563559293496 7.440672494532025 
0 2 1 0.5134484671467369 9.492609168645755 
0 1 1 0.5134484671467342 9.492609155365832 
0 0 2 0.7306784287074655 9.393935445394515 
0 -1 2 0.7306784287074641 9.393935404041606 
0 -2 1 0.6933366783248571 6.463565909016462 
1 -2 0 2.0 6.000000000000001 
0 -3 1 0.693336678324855 6.463565909016462 
1 -3 0 2.000000000000001 6.000000000000002 
-1 4 0 3.2679491924311224 6.732050807568878 
-1 3 0 3.2679491924311224 6.7320508075688785 
-1 2 0 1.658849313104388 8.739201006729116 
-1 1 0 1.6588493131043847 8.739201006729118 
-1 0 0 0.8972447624627755 9.393935457474466 
-1 -1 0 0.897244762462772 9.393935457476518 
-1 -2 0 0.6933366783248562 7.460504870018761 
-1 -3 0 0.6933366783248565 7.46050487001876 
-1 -4 0 1.0 3.0 
0 -4 0 0.9999999999999999 3.0 
-1 -5 0 0.9999999999999998 3.0000000000000004 
0 -5 0 0.9999999999999999 3.0 
-2 2 0 8.0 8.0 
-2 1 0 8.0 8.0 
-2 0 0 4.669941260432019 9.128419063844577 
-2 -1 0 4.669941260432018 9.128419063844577 
-2 -2 0 3.3003718517246816 7.460504870018763 
-2 -3 0 3.300371851724682 7.460504870018763 
-2 -4 0 3.0 3.0 
-2 -5 0 3.0 3.0 
