5 17 0 1.0 1.0 
6 17 0 1.0 1.0 
5 16 0 1.0 1.0 
6 16 0 1.0 1.0 
5 15 1 1.4384471871911695 5.561552812808832 
6 15 0 1.4384471871911702 5.561552812808832 
5 14 1 1.4384471871911695 5.5615528128088325 
6 14 0 1.4384471871911695 5.561552812808831 
5 13 1 1.0 9.56155281280883 
6 13 0 2.4384471871911693 9.561552812808827 
5 12 1 0.9999999999999962 9.561552812808825 
6 12 0 2.4384471871911693 9.561552812808829 
5 11 0 1.0000000000000029 11.561552812808825 
6 11 0 3.4384471871911684 10.561552812808833 
5 10 0 0.9999999999999996 11.561552812808829 
6 10 0 3.4384471871911693 10.561552812808827 
5 9 0 1.9999999999999967 11.0 
6 9 0 4.43844718719117 9.0 
5 8 0 1.999999999999999 11.000000000000004 
6 8 0 4.438447187191169 8.999999999999996 
5 7 0 3.000000000000001 8.999999999999998 
6 7 0 7.0 7.0 
5 6 0 3.000000000000001 8.999999999999998 
6 6 0 7.0 7.0 
4 15 0 2.0 5.000000000000001 
4 14 0 1.9999999999999998 5.0 
4 13 0 0.763932022500204 9.561552812808827 
4 12 0 0.7639320225002099 9.561552812808827 
4 11 1 0.9999999999999978 11.561552810572959 
4 10 1 0.9999999999999991 11.561552811878677 
4 9 1 1.9999999999999982 11.999999983380008 
4 8 1 2.000000000000002 11.999999625665627 
4 7 0 1.9999999999999993 10.0 
4 6 0 2.0000000000000013 10.000000000000002 
4 5 0 4.267949192431121 7.732050807568877 
5 5 0 5.0 5.0 
4 4 0 4.267949192431123 7.732050807568878 
5 4 0 5.0 5.0 
3 15 0 3.0 3.0 
3 14 0 3.0 3.0 
3 13 0 0.7639320225002115 9.0 
3 12 0 0.7639320225002102 9.000000000000002 
3 11 1 0.999999999999999 11.56155281280812 
3 10 1 0.9999999999999994 11.561552812808056 
3 9 1 0.7639320225002108 11.999999999998836 
3 8 1 0.7639320225002104 11.999999999998979 
3 7 0 1.0000000000000004 11.999999999830942 
3 6 0 0.999999999999999 11.999999999965192 
3 5 0 1.9999999999999982 7.999999999999998 
3 4 0 2.000000000000001 8.000000000000002 
2 13 0 3.9999999999999996 7.0 
2 12 0 4.0 7.0 
2 11 0 1.0000000000000042 10.999999999999998 
2 10 0 1.0000000000000022 10.999999999999998 
2 9 1 0.7639320225002073 11.999999999999995 
2 8 1 0.7639320225002096 12.000000000000002 
2 7 3 0.9999999999999961 11.99999989256333 
2 6 3 0.9999999999999986 11.999999995412445 
2 5 2 1.9999999999999984 10.732050807568877 
2 4 2 1.9999999999999962 10.732050807568877 
2 3 0 2.0 3.0 
3 3 0 3.0 3.0 
2 2 0 2.0 3.0 
3 2 0 3.0 3.0 
1 11 0 6.0 9.0 
1 10 0 5.999999999999999 9.0 
1 9 0 2.9999999999999964 11.23606797749979 
1 8 0 2.999999999999998 11.23606797749979 
1 7 0 0.7639320225002106 12.000000000000004 
1 6 0 0.7639320225002115 11.999999999999995 
1 5 0 0.763932022500211 10.732050807568884 
1 4 0 0.7639320225002111 10.732050807568879 
1 3 0 1.267949192431123 6.0 
1 2 0 1.2679491924311226 6.0 
0 11 0 6.0 6.0 
0 10 0 6.0 6.0 
0 9 0 2.9999999999999987 8.999999999999998 
0 8 0 3.000000000000001 9.0 
0 7 0 0.7639320225002109 11.23606797749979 
0 6 0 0.7639320225002119 11.236067977499792 
0 5 1 0.7639320225002098 10.732050807568873 
0 4 1 0.7639320225002099 10.732050807568877 
0 3 2 1.2679491924311241 6.0 
0 2 2 1.2679491924311221 6.0 
