3 11 0 2.0 2.0 
4 11 0 2.0 2.0 
3 10 0 2.0 2.0 
4 10 0 2.0 2.0 
3 9 0 0.5179595381268702 7.6457513110645925 
4 9 0 2.3542486889354093 7.645751311064593 
3 8 0 0.5179595381268698 7.645751311064591 
4 8 0 2.3542486889354093 7.645751311064591 
3 7 0 0.7074997985179413 9.45110463765703 
4 7 0 3.676595723913522 8.681330643604976 
3 6 0 0.7074997985179424 9.451104637657036 
4 6 0 3.676595723913522 8.681330643604978 
3 5 0 1.5660320255479634 9.0 
4 5 0 7.0 7.0 
3 4 0 1.5660320255479654 8.999999999999996 
4 4 0 7.0 7.0 
2 11 0 2.0 2.0 
2 10 0 2.0 2.0 
2 9 0 0.5179595381268689 7.139862991836624 
2 8 0 0.5179595381268719 7.1398629918366225 
2 7 1 0.707499798517944 9.451104626915956 
2 6 1 0.7074997985179451 9.45110463765701 
2 5 1 0.9432953699104364 9.745927824198446 
2 4 1 0.9432953699104348 9.745927818993042 
2 3 0 0.7346875445130636 8.0 
3 3 0 4.0 6.0 
2 2 0 0.7346875445130686 8.000000000000002 
3 2 0 4.000000000000001 6.0 
1 9 0 3.2679491924311224 6.732050807568878 
1 8 0 3.2679491924311224 6.732050807568878 
1 7 0 1.3955385169236516 8.7143961738987 
1 6 0 1.395538516923858 8.714396173900992 
1 5 0 0.4057781005088391 9.74592782697767 
1 4 0 0.40577810000923775 9.745927652977105 
1 3 0 0.5781669929357592 8.594119960591033 
1 2 0 0.5781669929348444 8.594119980887383 
1 1 0 1.6570769172228308 5.813606502648332 
2 1 0 3.0 3.0 
1 0 0 1.6570769172228295 5.813606502648332 
2 0 0 3.0 3.0 
0 9 0 4.0 4.0 
0 8 0 4.0 4.0 
0 7 0 1.6813627087616805 8.0 
0 6 0 1.681362708761681 8.0 
0 5 0 0.4057780999901648 9.128419063741418 
0 4 0 0.40577809999016384 9.128419063048993 
0 3 1 0.5781669929348051 8.594119981129346 
0 2 1 0.5781669929348046 8.594119981117052 
0 1 1 1.1442274933640104 6.1774096808992836 
0 0 1 1.1442274933640109 6.177409680899284 
-1 7 0 6.0 6.0 
-1 6 0 6.0 6.0 
-1 5 0 3.267949192431123 8.000000000000002 
-1 4 0 3.267949192431123 8.0 
-1 3 0 1.8422089408668536 8.461491252192792 
-1 2 0 1.8422089408668552 8.461491252192795 
-1 1 0 1.1442274933640115 6.177409680899284 
-1 0 0 1.1442274933640106 6.177409680899284 
-1 -1 0 1.0 1.0 
0 -1 0 1.0 1.0 
-1 -2 0 1.0 1.0 
0 -2 0 1.0 1.0 
