3 9 0 4.0 4.0 
4 9 0 4.0 4.0 
3 8 0 4.0 4.0 
4 8 0 4.0 4.0 
3 7 0 2.4433674282594007 10.207403375742144 
4 7 0 4.71342921065721 10.207403375742164 
3 6 0 2.4433674282598195 10.20740337574175 
4 6 0 4.713429210657212 10.207403375742166 
3 5 0 2.898630514368822 13.841968231903365 
4 5 0 6.153918810541771 13.138649949256882 
3 4 0 2.8986305143688447 13.841968364722474 
4 4 0 6.153918810541772 13.13864994925688 
3 3 0 3.7433720257434095 14.012092344876638 
4 3 0 8.824672252838925 13.175327747161075 
3 2 0 3.7433720272529634 14.012092283630462 
4 2 0 8.824672252838923 13.175327747161077 
3 1 0 5.591460756450126 13.079731236350701 
4 1 0 12.0 12.0 
3 0 0 5.591460756450134 13.079731250222487 
4 0 0 12.0 12.0 
2 9 0 4.0 4.0 
2 8 0 4.0 4.0 
2 7 0 2.3689398126934504 9.817255985709897 
2 6 0 2.368939846485072 9.817255843810605 
2 5 0 1.2714437691404008 13.84196860478059 
2 4 0 1.2714437691425429 13.84196860244023 
2 3 0 1.6314395829194326 15.155950148980969 
2 2 0 1.6314395856215667 15.155950018213852 
2 1 0 2.4388107064392814 14.999998983509752 
2 0 0 2.438810706447158 14.999999999990438 
2 -1 0 3.987090707634417 12.000065838736374 
3 -1 0 8.999999999999998 11.0 
2 -2 0 3.9870907115697696 12.000065475967169 
3 -2 0 9.0 11.0 
1 9 0 4.0 4.0 
1 8 0 3.9999999999999996 4.0 
1 7 0 2.3689398126934513 9.714038743821172 
1 6 0 2.3689398126934513 9.714038743693571 
1 5 0 0.8812849857512294 13.039292562677474 
1 4 0 0.8812849879651349 13.03929305043785 
1 3 0 0.5483103197917311 15.155950153134272 
1 2 0 0.5483103197786351 15.155950163934108 
1 1 0 0.8935849903571026 15.6976056714823 
1 0 0 0.8935849881248064 15.697605797618678 
1 -1 0 1.7754666452419336 13.694260955768671 
1 -2 0 1.7754666305273277 13.694260895351135 
1 -3 0 3.170227556483454 10.90997949549552 
2 -3 0 5.999999999999999 10.0 
1 -4 0 3.1702275804840254 10.90997949475221 
2 -4 0 6.0 9.999999999999998 
0 9 0 4.0 4.0 
0 8 0 4.0 4.0 
0 7 0 2.3738999180409746 8.935101527186003 
0 6 0 2.3738999180409768 8.935101527186001 
0 5 0 0.8812849857511194 11.70833334268175 
0 4 0 0.881284985751095 11.708333477303478 
0 3 1 0.5483103197786017 14.382516669298704 
0 2 1 0.5483103197785982 14.382515909923491 
0 1 2 1.2772884513401161 15.697605757950678 
0 0 2 1.277288450947619 15.69760579367776 
0 -1 1 0.5483103197786029 14.382516729512032 
0 -2 1 0.5483103197785976 14.382516573001936 
0 -3 0 0.8812849857510846 11.708333493001895 
0 -4 0 0.8812849857511295 11.708333492606181 
0 -5 0 2.3738999180409737 8.935101527186005 
1 -5 0 5.0 7.0 
0 -6 0 2.3738999180409732 8.935101527186006 
1 -6 0 4.999999999999999 7.0 
-1 7 0 4.999999999999999 7.0 
-1 6 0 4.999999999999999 7.0 
-1 5 0 3.1702275564834737 10.909979495476776 
-1 4 0 3.1702275564834492 10.909979495476424 
-1 3 0 1.7754666305418685 13.694260963014095 
-1 2 0 1.775466630528618 13.694260969422563 
-1 1 0 0.8935849884505019 15.697605702224712 
-1 0 0 0.8935849881268876 15.697605414366212 
-1 -1 0 0.5483103197787261 15.155950159732189 
-1 -2 0 0.548310319778619 15.155950163938433 
-1 -3 0 0.8812849869050365 13.039293050158287 
-1 -4 0 0.8812849861849754 13.039293048010208 
-1 -5 0 2.3689398126934504 9.714038597479666 
-1 -6 0 2.368939812693453 9.714038742996912 
-1 -7 0 4.0 4.0 
0 -7 0 4.0 4.0 
-1 -8 0 4.0 4.0 
0 -8 0 4.0 4.0 
-2 5 0 6.000000000000001 10.0 
-2 4 0 6.000000000000001 10.0 
-2 3 0 3.9870907252667824 12.000065808865902 
-2 2 0 3.9870907095993675 12.000065732388746 
-2 1 0 2.438810706442155 14.999999967866826 
-2 0 0 2.438810706453632 14.999999999989754 
-2 -1 0 1.6314395829191954 15.155950042187191 
-2 -2 0 1.6314395874650205 15.155950158294234 
-2 -3 0 1.2714437691406104 13.841968604888214 
-2 -4 0 1.2714437691580984 13.841968604631914 
-2 -5 0 2.368939814840397 9.81725599040642 
-2 -6 0 2.3689398126934518 9.817255991119055 
-2 -7 0 4.0 4.0 
-2 -8 0 4.0 4.0 
-3 3 0 8.999999999999998 11.0 
-3 2 0 8.999999999999998 11.0 
-3 1 0 5.591460756450125 13.079731172322653 
-3 0 0 5.591460756450271 13.079731229722753 
-3 -1 0 3.7433720236702412 14.012092291861794 
-3 -2 0 3.7433720236702412 14.012092194520877 
-3 -3 0 2.8986305143699984 13.84196860489379 
-3 -4 0 2.898630514368974 13.841968604893792 
-3 -5 0 2.443367428259397 10.207403375742151 
-3 -6 0 2.4433674282593967 10.20740337574215 
-3 -7 0 4.0 4.0 
-3 -8 0 4.0 4.0 
-4 1 0 12.0 12.0 
-4 0 0 12.0 12.0 
-4 -1 0 8.824672252838925 13.175327747161075 
-4 -2 0 8.824672252838925 13.175327747161074 
-4 -3 0 6.153918810541773 13.138649949256884 
-4 -4 0 6.153918810541777 13.138649949256884 
-4 -5 0 4.713429210657211 10.207403375742167 
-4 -6 0 4.713429210657211 10.207403375742167 
-4 -7 0 4.0 4.0 
-4 -8 0 4.0 4.0 
