2 6 0 2.000000000000001 5.000000000000001 
3 6 0 5.0 5.0 
2 5 0 1.9999999999999991 5.0 
3 5 0 5.0 5.0 
2 4 0 1.645950070402701 10.0 
3 4 0 10.0 10.0 
2 3 0 1.645950070402696 10.000000000000002 
3 3 0 10.0 10.0 
1 6 1 1.9999999999999996 4.999999999999998 
1 5 1 2.0 5.0 
1 4 2 1.6459500704026955 9.191651752161954 
1 3 2 1.6459500704026988 9.191651751765988 
1 2 1 0.4684951166427165 9.668363096204613 
2 2 0 2.7639320225002106 8.0 
1 1 1 0.4684951166427181 9.66836321731164 
2 1 0 2.7639320225002084 8.0 
0 6 0 2.0 4.0 
0 5 0 1.9999999999999998 4.0 
0 4 0 0.5920853278201407 7.999999999999999 
0 3 0 0.5920853278201403 7.999999999999997 
0 2 0 0.46849511664271853 9.999999678057684 
0 1 0 0.4684951166427177 9.99999999447731 
0 0 0 0.4633703787941962 7.719586805216536 
1 0 0 0.4633703787941972 5.999999999999999 
0 -1 0 0.46337037879419674 7.71958680521654 
1 -1 0 0.46337037879419885 5.999999999999998 
-1 4 0 3.267949192431123 6.732050807568875 
-1 3 0 3.267949192431123 6.7320508075688785 
-1 2 0 1.1804315303285877 10.000000000000002 
-1 1 0 1.1804315303285862 10.000000000000002 
-1 0 0 0.8197045191414407 9.0 
-1 -1 0 0.819704519141441 8.999999999999996 
-1 -2 0 1.0000000000000002 3.0 
0 -2 0 1.0 3.0 
-1 -3 0 1.0 3.0 
0 -3 0 1.0 2.9999999999999996 
-2 2 0 8.0 8.0 
-2 1 0 8.0 8.0 
-2 0 0 3.9999999999999996 9.0 
-2 -1 0 4.0 9.0 
-2 -2 0 3.0 3.0 
-2 -3 0 3.0 3.0 
