4 12 0 0.9999999999999999 3.0 
5 12 0 3.0 3.0 
4 11 0 0.9999999999999999 3.000000000000001 
5 11 0 3.0 3.0 
4 10 0 0.9697963907115918 10.28994508293748 
5 10 0 3.9999999999999996 10.289945082937479 
4 9 0 0.9697963907115946 10.289945082937482 
5 9 0 4.0 10.289945082937475 
4 8 0 1.4517998890930521 13.293003996740547 
5 8 0 5.33126667050752 12.970804310846392 
4 7 0 1.4517998919294592 13.293003996766355 
5 7 0 5.331266670507519 12.970804310846392 
4 6 0 2.7305650710234537 13.999999715887391 
5 6 0 7.390628009961453 12.815648836403675 
4 5 0 2.730565071023458 13.999999864544634 
5 5 0 7.390628009961453 12.815648836403675 
4 4 0 4.668936311200789 13.0 
5 4 0 11.0 11.0 
4 3 0 4.66893631120079 12.999999999999998 
5 3 0 11.0 11.0 
3 12 0 1.0000000000000002 3.0 
3 11 0 1.0000000000000002 3.0 
3 10 1 0.969796390711593 10.146295572497984 
3 9 1 0.9697963907115925 10.146295572497984 
3 8 2 1.1766379277269592 13.293003992702218 
3 7 2 1.1766379277269585 13.293003996032864 
3 6 1 0.6680749657595528 15.250166424337726 
3 5 1 0.6680749657595486 15.250166218548834 
3 4 0 0.9173930333199899 13.99999974907316 
3 3 0 0.9173930333148675 13.999999999488919 
3 2 0 2.5332193906294487 11.000000000000002 
4 2 0 7.0 9.000000000000002 
3 1 0 2.53321939062945 10.999999999999995 
4 1 0 7.0 9.0 
2 10 0 1.5060265404874964 8.725314954891589 
2 9 0 1.5060265404874964 8.725314954891587 
2 8 0 0.9447895560003042 12.217974879017639 
2 7 0 0.9447895560162506 12.217974879353092 
2 6 0 0.66807496576097 15.250166424340131 
2 5 0 0.6680749657596616 15.250166423459392 
2 4 0 0.9173930333165922 15.999999978847042 
2 3 0 0.9173930333194398 15.999999999349575 
2 2 0 2.3867180530837677 12.59122684053978 
2 1 0 2.3867180530831686 12.591226857258832 
2 0 0 4.999999999999998 9.000000000000002 
3 0 0 5.0 7.0 
2 -1 0 4.999999999999998 9.000000000000002 
3 -1 0 5.0 7.0 
1 10 0 3.0 5.0 
1 9 0 3.0 5.0 
1 8 0 0.9447895564182556 10.84046692432451 
1 7 0 0.9447895559997187 10.840466608732354 
1 6 2 1.000890484889412 13.850450026886811 
1 5 2 1.000890484889418 13.850451813907256 
1 4 4 1.4754824022765667 15.999999996240412 
1 3 4 1.4754824022765571 15.99999999910195 
1 2 2 1.1122438606894642 13.999999999024466 
1 1 2 1.1122438606894556 13.99999995950715 
1 0 0 1.210022704761951 10.572060249813331 
1 -1 0 1.2100227047622152 10.572060249806364 
0 8 0 3.585786437626904 8.414213562373096 
0 7 0 3.585786437626905 8.414213562373096 
0 6 0 1.5995445401525774 12.840467060120973 
0 5 0 1.5995445401526338 12.840467062645276 
0 4 0 0.885295615057199 15.767617278119086 
0 3 0 0.8852956150298201 15.768125288806408 
0 2 0 0.6632155051061902 15.40662256304209 
0 1 0 0.6632155051159169 15.40662256682027 
0 0 0 1.0303482361716876 11.578321910475635 
0 -1 0 1.030348236235909 11.578322139552983 
0 -2 0 3.0 5.0 
1 -2 0 3.0 5.0 
0 -3 0 3.0 5.0 
1 -3 0 3.0 5.0 
-1 6 0 3.267949192431123 10.414213562373094 
-1 5 0 3.2679491924311233 10.414213562373096 
-1 4 0 0.8852956150448648 13.999999911811894 
-1 3 0 0.885295615242618 13.999999970523579 
-1 2 1 0.663215505089467 15.99999999182746 
-1 1 1 0.6632155050894668 15.999999996046665 
-1 0 2 1.0303482361705496 12.877569379587626 
-1 -1 2 1.0303482361705492 12.877569452022845 
-1 -2 1 2.0000000000000004 5.999999999999999 
-1 -3 1 2.0 6.0 
-2 4 0 7.267949192431123 12.000000000000002 
-2 3 0 7.267949192431121 12.0 
-2 2 0 3.5858808537814184 15.999999999999998 
-2 1 0 3.5858808537814197 16.0 
-2 0 0 2.2753927773668887 13.236067977499795 
-2 -1 0 2.2753927773668825 13.236067977499792 
-2 -2 0 1.9999999999999991 6.0 
-2 -3 0 1.9999999999999996 6.0 
-3 2 0 14.0 14.0 
-3 1 0 14.0 14.0 
-3 0 0 8.76393202250021 13.23606797749979 
-3 -1 0 8.76393202250021 13.23606797749979 
-3 -2 0 6.0 6.0 
-3 -3 0 6.0 6.0 
