3 9 0 0.9999999999999996 3.0 
4 9 0 3.0 3.0 
3 8 0 1.0000000000000004 3.0 
4 8 0 3.0 3.0 
3 7 0 0.9556171295958644 8.21431974337754 
4 7 0 4.324869129433354 8.214319743377537 
3 6 0 0.9556171295958644 8.214319743377535 
4 6 0 4.324869129433353 8.214319743377535 
3 5 0 1.633297317176429 11.039450505470832 
4 5 0 6.324869129433354 10.214319743377535 
3 4 0 1.63329731712806 11.039450505260191 
4 4 0 6.324869129433354 10.214319743377537 
3 3 0 2.9700290334101305 9.91232188647056 
4 3 0 9.0 9.0 
3 2 0 2.9700290334101305 9.912321886470561 
4 2 0 9.0 9.0 
2 9 0 1.0 3.0 
2 8 0 1.0000000000000002 3.0 
2 7 1 0.9556171295958664 7.76320336086769 
2 6 1 0.9556171295958653 7.763203360867692 
2 5 2 1.2702032200775362 11.039450469358382 
2 4 2 1.2702032200775397 11.039450494299288 
2 3 1 0.8253583165954093 11.99999999379062 
2 2 1 0.8253583165954066 11.99999967599496 
2 1 0 1.2070047243574205 8.455037138606972 
3 1 0 5.000000000000001 7.0 
2 0 0 1.2070047243574216 8.45503713860697 
3 0 0 5.000000000000001 7.0 
1 7 0 1.5372158157219833 6.616696499565517 
1 6 0 1.5372158157219833 6.6166964995655135 
1 5 0 1.2011031367843428 9.838551003784437 
1 4 0 1.2011031367959608 9.838551001710506 
1 3 0 0.8253583166577027 11.999999998216373 
1 2 0 0.8253583165954108 11.999999999900522 
1 1 0 1.2070047243574216 9.99999994960871 
1 0 0 1.2070047243574231 9.999999901850849 
1 -1 0 2.9999999999999996 5.0 
2 -1 0 3.0 5.0 
1 -2 0 2.9999999999999996 5.0 
2 -2 0 3.0 5.0 
0 5 0 1.2011031367770706 8.759660979912852 
0 4 0 1.2011031367770677 8.75966097991285 
0 3 1 0.9603847024265771 11.71940461622399 
0 2 1 0.9603847024265803 11.718680071977165 
0 1 2 2.031275088197431 11.156030569433609 
0 0 2 1.516878469235498 11.15603056937628 
0 -1 1 2.000000000000001 6.000000000000002 
0 -2 1 1.9999999999999993 5.999999999999999 
-1 3 0 3.5505102572168212 10.000000000000002 
-1 2 0 3.550510257216824 10.000000000000002 
-1 1 0 2.209879875922503 12.000000000000004 
-1 0 0 2.209879875922507 12.000000000000004 
-1 -1 0 1.9999999999999998 6.000000000000001 
-1 -2 0 1.9999999999999996 6.000000000000001 
-2 1 0 12.0 12.0 
-2 0 0 12.0 12.0 
-2 -1 0 6.0 6.0 
-2 -2 0 6.0 6.0 
