0 0 1 3.0 4.0 
1 0 0 4.0 4.0 
0 -1 1 3.0 4.0 
1 -1 0 4.0 4.0 
0 -2 1 1.4659298032772679 8.0 
1 -2 0 8.0 8.0 
0 -3 1 1.4659298032772705 8.000000000000004 
1 -3 0 8.0 8.0 
-1 0 0 3.0 3.0 
-1 -1 0 2.9999999999999996 3.0 
-1 -2 0 1.1863934973516677 8.0 
-1 -3 0 1.1863934973516679 8.0 
-1 -4 0 1.2679491924311221 7.645751311064594 
0 -4 0 1.2679491924311237 6.0 
-1 -5 0 1.2679491924311237 7.6457513110645925 
0 -5 0 1.2679491924311228 6.0 
-2 0 0 3.0 3.0 
-2 -1 0 3.0 3.0 
-2 -2 0 1.1863934973516685 5.999999999999999 
-2 -3 0 1.186393497351669 5.999999999999998 
-2 -4 1 1.55051025721682 7.645751311064592 
-2 -5 1 1.5505102572168223 7.645751311064592 
-2 -6 1 1.5857864376269057 5.414213562373097 
-1 -6 0 1.5857864376269046 4.414213562373096 
-2 -7 1 1.585786437626905 5.414213562373095 
-1 -7 0 1.5857864376269044 4.414213562373095 
-3 -2 0 5.0 5.0 
-3 -3 0 5.0 5.0 
-3 -4 0 3.2679491924311224 6.7320508075688785 
-3 -5 0 3.2679491924311224 6.732050807568878 
-3 -6 0 1.9999999999999996 5.414213562373095 
-3 -7 0 1.9999999999999993 5.414213562373096 
-3 -8 0 1.0 1.0 
-2 -8 0 1.0 1.0 
-3 -9 0 1.0 1.0 
-2 -9 0 1.0 1.0 
