3 5 0 2.3819660112501055 6.0 
4 5 0 6.0 6.0 
3 4 0 2.3819660112501038 6.0 
4 4 0 6.0 6.0 
3 3 0 2.879416987654303 16.242640687119284 
4 3 0 7.757359312880715 16.242640687119284 
3 2 0 2.8794169876542863 16.242640687119284 
4 2 0 7.757359312880714 16.242640687119284 
3 1 0 3.5725184878142673 18.0 
4 1 0 15.0 15.0 
3 0 0 3.5725184878142584 17.999999999999996 
4 0 0 15.0 15.0 
2 5 0 1.0 6.000000000000001 
2 4 0 1.0000000000000002 6.000000000000002 
2 3 0 1.0034993247832409 14.774827475663852 
2 2 0 1.0034993250796966 14.774827475626273 
2 1 0 1.2690278678612879 17.999999999902933 
2 0 0 1.2690278701066546 17.9999999945411 
2 -1 0 2.0811675563169896 15.999999662853956 
3 -1 0 6.581167324029958 13.805602832577593 
2 -2 0 2.0811675563169865 15.999999815764104 
3 -2 0 6.581167324029958 13.805602832577591 
1 5 0 0.9999999999999998 5.618033988749897 
1 4 0 1.0000000000000004 5.618033988749893 
1 3 0 0.42573032292842056 13.20210097680193 
1 2 0 0.4257303229341021 13.202100959337223 
1 1 0 0.5422616486540967 17.22820171590272 
1 0 0 0.542261648654587 17.2282027510668 
1 -1 0 0.7356817413331408 17.91325698564226 
1 -2 0 0.7356817413346125 17.913256982604725 
1 -3 0 1.447048376547826 13.999999888926597 
2 -3 0 4.7590212980260125 11.806705839380676 
1 -4 0 1.4470483765478523 13.999999650995402 
2 -4 0 4.7590212980260125 11.806705839380681 
0 5 0 4.0 4.0 
0 4 0 4.0 4.0 
0 3 0 0.4257303229285039 12.087461320727991 
0 2 0 0.4257303229284179 12.08746132673566 
0 1 1 0.5422616486540233 15.657011590404988 
0 0 1 0.5422616486540193 15.657011677732745 
0 -1 1 0.5625094237775442 17.913256134086296 
0 -2 1 0.5625094237785483 17.91325692466178 
0 -3 0 0.2644882543034775 15.848164642549316 
0 -4 0 0.26448825430300904 15.84816449759411 
0 -5 0 1.1583814561695593 11.999999999948724 
1 -5 0 3.6989587752316635 9.180391912757702 
0 -6 0 1.1583814560289036 11.999999999949267 
1 -6 0 3.6989587752316613 9.180391912757702 
-1 3 0 3.0 9.93923486811607 
-1 2 0 3.0000000000000013 9.939234868116074 
-1 1 0 1.0674387399678573 13.86269458228473 
-1 0 0 1.0674387399673877 13.862694860018632 
-1 -1 0 0.5625094240731288 17.74436874119554 
-1 -2 0 0.5625094246128599 17.74436822780897 
-1 -3 0 0.26448825430299205 17.48144891797777 
-1 -4 0 0.2644882544574246 17.481449306928365 
-1 -5 0 0.6181872160225489 13.68582243574161 
-1 -6 0 0.6181872160226483 13.685822421883532 
-1 -7 0 1.3904284888788356 8.966956088141346 
0 -7 0 5.0 5.0 
-1 -8 0 1.3904284888788336 8.966956088141341 
0 -8 0 5.0 5.0 
-2 3 0 4.999999999999999 6.999999999999999 
-2 2 0 5.0 7.0 
-2 1 0 2.8347935906023567 12.552273326353877 
-2 0 0 2.8347935906097583 12.552273322557744 
-2 -1 0 1.007717285475244 15.999998822562144 
-2 -2 0 1.007717285542312 15.999999886552246 
-2 -3 0 0.7333216095018871 17.999999975212848 
-2 -4 0 0.7333216112425811 17.999999941207314 
-2 -5 0 0.6181872160315397 15.27925269422988 
-2 -6 0 0.6181872160242357 15.27925264429043 
-2 -7 0 0.996199158865901 10.964411358048196 
-2 -8 0 0.9961991588659107 10.964411358227213 
-3 1 0 6.267949192431124 9.732050807568877 
-3 0 0 6.267949192431124 9.732050807568879 
-3 -1 0 3.459619151450314 13.99999975257834 
-3 -2 0 3.459619152643052 13.999999999231349 
-3 -3 0 1.4341922254169304 17.999999930194107 
-3 -4 0 1.434192225395045 17.99999995229402 
-3 -5 0 1.0467355391864763 16.720064439609384 
-3 -6 0 1.046735538244075 16.72006419265319 
-3 -7 0 0.996199158865913 12.406523231790285 
-3 -8 0 0.9961991588659002 12.406523230539946 
-3 -9 0 1.9999999999999991 4.0 
-2 -9 0 2.0 4.0 
-3 -10 0 1.9999999999999998 4.0 
-2 -10 0 2.0 4.0 
-4 -1 0 8.267949192431123 11.732050807568877 
-4 -2 0 8.267949192431123 11.732050807568877 
-4 -3 0 5.428354167209049 15.0 
-4 -4 0 5.42835416720905 14.999999999999998 
-4 -5 0 2.8270419171052876 16.72006443961211 
-4 -6 0 2.827041916985092 16.72006443961205 
-4 -7 0 2.0917185337455924 12.854101966249681 
-4 -8 0 2.0917185337455937 12.854101966249683 
-4 -9 0 1.9999999999999998 4.0 
-4 -10 0 1.9999999999999998 4.0 
-5 -3 0 13.0 13.0 
-5 -4 0 13.0 13.0 
-5 -5 0 8.404652418776744 15.128733761845691 
-5 -6 0 8.404652418776744 15.128733761845691 
-5 -7 0 6.145898033750315 12.854101966249683 
-5 -8 0 6.145898033750315 12.854101966249686 
-5 -9 0 4.0 4.0 
-5 -10 0 4.0 4.0 
