2 8 0 0.2242871442637858 4.641186476193292 
3 8 0 0.2242871442637857 4.641186476193291 
2 7 0 0.2242871442637857 4.641186476193292 
3 7 0 0.22428714426378588 4.641186476193292 
2 6 1 1.068766826254723 7.065163287707242 
3 6 0 1.1980622641951622 7.065163287707243 
2 5 1 1.0687668262547225 7.065163287707242 
3 5 0 1.1980622641951617 7.065163287707241 
2 4 0 0.4233603839380685 8.93305259108972 
3 4 0 2.198062264195162 8.052128433112014 
2 3 0 0.423360383938064 8.933052617024634 
3 3 0 2.1980622641951624 8.052128433112015 
2 2 0 1.8475756467562852 8.213425297438745 
3 2 0 3.324869129433354 7.214319743377535 
2 1 0 1.8475756467562845 8.21342529743874 
3 1 0 3.324869129433354 7.214319743377536 
2 0 0 4.999999999999999 5.0 
3 0 0 5.0 5.0 
2 -1 0 5.0 5.000000000000001 
3 -1 0 5.0 5.0 
1 6 0 1.0687668262547225 7.000000000000002 
1 5 0 1.0687668262547239 6.999999999999999 
1 4 0 0.4233603839380646 8.999999999999998 
1 3 0 0.4233603839380699 8.99999997021938 
1 2 0 1.6431841303089254 9.155521197948364 
1 1 0 1.643184130361476 9.155521257476535 
1 0 0 4.999999999999999 8.0 
1 -1 0 5.0 8.0 
0 6 0 3.0 3.0 
0 5 0 3.0 3.0 
0 4 1 3.300371851724681 9.000000000000002 
0 3 1 3.300371851724681 9.000000000000009 
0 2 1 0.7915022277674385 9.999999999995252 
0 1 1 0.7915022277674417 9.999999999980876 
0 0 0 0.5191826154451311 8.553402249244009 
0 -1 0 0.519182615445132 8.553402249244009 
-1 4 0 4.0 6.0 
-1 3 0 3.9999999999999996 6.0 
-1 2 0 0.7915022277674386 10.000000000000002 
-1 1 0 0.7915022277674394 10.000000000000004 
-1 0 0 0.5191826154451313 9.16227766016838 
-1 -1 0 0.5191826154451318 9.162277660168378 
-1 -2 0 2.0 2.0 
0 -2 0 2.0 2.0 
-1 -3 0 2.0 2.0 
0 -3 0 2.0 2.0 
-2 2 0 7.0 7.0 
-2 1 0 7.0 7.0 
-2 0 0 2.837722339831621 9.16227766016838 
-2 -1 0 2.837722339831621 9.162277660168378 
-2 -2 0 2.0 2.0 
-2 -3 0 2.0 2.0 
