2 8 0 1.0 1.0 
3 8 0 1.0 1.0 
2 7 0 1.0 1.0 
3 7 0 1.0 1.0 
2 6 0 0.4633703787941962 7.701562118716426 
3 6 0 1.298437881283576 7.701562118716423 
2 5 0 0.4633703787941969 7.701562118716428 
3 5 0 1.2984378812835768 7.701562118716424 
2 4 0 0.6296724571202896 9.668363223399638 
3 4 0 2.6277186767309852 8.372281323269014 
2 3 0 0.6296724571202865 9.668363223399634 
3 3 0 2.6277186767309852 8.372281323269014 
2 2 0 1.880330857388411 8.000000000000002 
3 2 0 6.0 6.0 
2 1 0 1.880330857388409 8.0 
3 1 0 6.0 6.0 
1 6 0 0.4633703787941973 5.843404487333675 
1 5 0 0.4633703787941974 5.8434044873336735 
1 4 1 0.6296724571202897 9.66836322339687 
1 3 1 0.6296724571202889 9.668363223398858 
1 2 1 1.1804315303285853 9.999999999690298 
1 1 1 1.1804315303285848 9.999999999994397 
1 0 0 1.9999999999999998 6.732050807568878 
2 0 0 4.0 4.0 
1 -1 0 2.0000000000000004 6.732050807568878 
2 -1 0 4.0 4.0 
0 6 0 3.0 3.0 
0 5 0 3.0 3.0 
0 4 0 0.8197045191414457 8.0 
0 3 0 0.819704519141442 8.0 
0 2 0 0.4684951166427175 9.99999999999849 
0 1 0 0.46849511664271953 9.999999999997467 
0 0 0 0.5920853278201413 7.740486792068037 
0 -1 0 0.5920853278201421 7.740486792068036 
-1 4 0 2.585786437626905 5.999999999999999 
-1 3 0 2.585786437626906 6.0 
-1 2 0 0.4684951166427175 9.999999999999998 
-1 1 0 0.46849511664271914 9.999999999999996 
-1 0 1 0.5920853278201409 9.000000000000002 
-1 -1 1 0.5920853278201401 8.999999999999998 
-1 -2 1 2.0 3.0 
0 -2 0 2.0 2.0 
-1 -3 1 2.0 3.0 
0 -3 0 2.0 2.0 
-2 2 0 8.0 8.0 
-2 1 0 8.0 8.0 
-2 0 0 4.0 9.000000000000002 
-2 -1 0 4.000000000000001 9.0 
-2 -2 0 3.0 3.0 
-2 -3 0 3.0 3.0 
