1 3 0 2.0000000000000004 7.645751311064591 
2 3 1 2.3542486889354097 7.645751311064588 
1 2 0 2.0000000000000004 7.645751311064591 
2 2 1 2.3542486889354097 7.645751311064592 
1 1 0 1.3944487245360089 9.999999999999996 
2 1 0 1.394448724536011 8.605551275463988 
1 0 0 1.3944487245360104 10.000000000000002 
2 0 0 1.3944487245360104 8.60555127546399 
1 -1 0 4.999999999999999 8.0 
2 -1 0 5.0 5.0 
1 -2 0 4.999999999999999 8.0 
2 -2 0 5.0 5.0 
0 3 0 2.0 3.0 
0 2 0 1.9999999999999998 3.0 
0 1 2 1.6277186767309846 9.999999999999998 
0 0 2 1.6277186767309857 9.999999999999998 
0 -1 1 0.6047658931315132 9.999999999999996 
0 -2 1 0.6047658931315086 10.000000000000002 
-1 3 0 3.0 3.0 
-1 2 0 3.0 3.0 
-1 1 0 1.6277186767309852 7.999999999999999 
-1 0 0 1.6277186767309864 7.999999999999999 
-1 -1 0 0.6047658931315063 9.999999999994653 
-1 -2 0 0.6047658931315092 9.999999999991198 
-1 -3 1 2.9999999999999973 8.0 
0 -3 0 3.0 6.0 
-1 -4 1 2.9999999999999982 8.0 
0 -4 0 3.0 6.000000000000001 
-2 1 0 5.0 7.0 
-2 0 0 4.999999999999999 7.0 
-2 -1 0 1.4582055121790036 8.784726535382418 
-2 -2 0 1.4582055121790058 8.78472653538242 
-2 -3 1 1.4384471871911713 8.000000000000002 
-2 -4 1 1.4384471871911695 8.000000000000002 
-2 -5 0 0.5107114281899214 5.778457118258388 
-1 -5 0 2.0 2.0 
-2 -6 0 0.5107114281899214 5.778457118258389 
-1 -6 0 2.0 2.0 
-3 1 0 5.0 5.0 
-3 0 0 5.0 5.0 
-3 -1 0 2.676595723913522 7.681330643604977 
-3 -2 0 2.676595723913523 7.681330643604978 
-3 -3 0 1.4384471871911697 7.999999999999999 
-3 -4 0 1.4384471871911708 8.0 
-3 -5 0 0.5107114281899213 5.778457118258388 
-3 -6 0 0.5107114281899209 5.778457118258388 
