1 -1 0 5.0 7.0 
2 -1 0 7.0 7.0 
1 -2 0 4.999999999999999 7.000000000000001 
2 -2 0 7.0 7.0 
1 -3 0 3.8810553217477235 16.531128874149278 
2 -3 0 8.468871125850725 16.531128874149275 
1 -4 0 3.88105532174772 16.531128874149264 
2 -4 0 8.468871125850725 16.531128874149275 
1 -5 0 5.311029639927011 17.999999999999773 
2 -5 0 16.0 16.0 
1 -6 0 5.311029639927015 17.999999999999893 
2 -6 0 16.0 16.0 
0 -1 0 4.999999999999999 7.0 
0 -2 0 4.999999999999999 7.0 
0 -3 0 1.970010009824541 14.999999996475212 
0 -4 0 1.9700100051445921 14.999999999675921 
0 -5 0 1.8655501708354802 17.999999997682508 
0 -6 0 1.8655501707028945 17.999999998766135 
0 -7 0 2.951730827739596 15.999999954840632 
1 -7 0 7.6833752096446 15.000000000000002 
0 -8 0 2.9517308330971104 15.999999663810067 
1 -8 0 7.683375209644604 15.000000000000002 
-1 -1 0 4.999999999999999 7.000000000000001 
-1 -2 0 4.999999999999999 7.000000000000001 
-1 -3 1 1.9700100051445584 13.359127752295803 
-1 -4 1 1.9700100051445624 13.359127765120162 
-1 -5 2 1.1920836064744669 17.157938162184564 
-1 -6 2 1.1920836064744644 17.1579375900381 
-1 -7 1 1.0150122723830406 17.596914438437327 
-1 -8 1 1.0150122723830386 17.59691442722607 
-1 -9 0 1.1010776381548413 14.750904011650816 
0 -9 0 5.015473816665111 14.000000000000004 
-1 -10 0 1.1010776381548424 14.750906153251265 
0 -10 0 5.015473816665106 14.000000000000005 
-2 -1 0 4.999999999999998 7.000000000000002 
-2 -2 0 4.999999999999999 7.000000000000001 
-2 -3 0 2.422938261592869 12.426139935229266 
-2 -4 0 2.422938261602249 12.426139934646608 
-2 -5 0 1.1920836064822358 15.999999894098453 
-2 -6 0 1.192083606475797 15.999999979624404 
-2 -7 0 0.949261961367153 17.999999169012092 
-2 -8 0 0.9492619615616513 17.999999995549295 
-2 -9 0 0.9419457937057109 15.696705170047615 
-2 -10 0 0.9419457936900427 15.696706575642661 
-2 -11 0 1.045810000897539 13.632790633737521 
-1 -11 0 3.628228710101263 12.771988378933756 
-2 -12 0 1.045810000897581 13.632790502353698 
-1 -12 0 3.6282287101012245 12.771990661631856 
-3 -1 0 4.999999999999999 7.000000000000002 
-3 -2 0 4.999999999999999 7.0 
-3 -3 0 2.776478640995468 11.561297734327269 
-3 -4 0 2.776478637566895 11.561297733413886 
-3 -5 0 1.2485861273601597 14.418016950117776 
-3 -6 0 1.2485861273589323 14.418016482862392 
-3 -7 1 0.7868922810243851 17.99999997225494 
-3 -8 1 0.7868922810241923 17.999999993204185 
-3 -9 1 0.22512742910243258 17.102878501259152 
-3 -10 1 0.2251274291024319 17.10287844527538 
-3 -11 0 0.21095101370241115 14.373809460092447 
-3 -12 0 0.2109510137184343 14.373809257651182 
-3 -13 0 0.644672938949052 12.017313619890057 
-2 -13 0 2.6855052436739264 10.9949576189101 
-3 -14 0 0.6446729389490533 12.01731357413978 
-2 -14 0 2.6855052436739366 10.99495761882519 
-4 -1 0 5.0 7.0 
-4 -2 0 4.999999999999999 7.0 
-4 -3 0 3.162029377086843 10.493701325446711 
-4 -4 0 3.1620293770865464 10.493701325446722 
-4 -5 0 1.7585369439429224 13.48881514782887 
-4 -6 0 1.7585369439360206 13.48881487052447 
-4 -7 0 0.7868922823076023 15.625953123304226 
-4 -8 0 0.7868922810241917 15.625952943779973 
-4 -9 0 0.22512742911395142 17.102878599269033 
-4 -10 0 0.2251274291024392 17.102878590999136 
-4 -11 1 0.21095101370075595 15.316980412676164 
-4 -12 1 0.21095101370075678 15.316980563137664 
-4 -13 1 0.45470609461969674 12.235793828834344 
-4 -14 1 0.4547060946196937 12.235793881759713 
-4 -15 0 0.4720153748954694 8.715201069514947 
-3 -15 0 2.2294016873089744 7.7320508075688785 
-4 -16 0 0.4720153748956566 8.715201067959377 
-3 -16 0 2.2294016873089753 7.732050807568877 
-5 -3 0 6.0 10.0 
-5 -4 0 6.000000000000002 10.0 
-5 -5 0 4.005883070926682 12.698938711596222 
-5 -6 0 4.00588307090953 12.698938754439279 
-5 -7 0 2.361806283232837 14.669304104514861 
-5 -8 0 2.361806283232503 14.669304115965284 
-5 -9 0 1.1960254592722628 16.371389935585277 
-5 -10 0 1.1960254592521273 16.371390213336447 
-5 -11 0 0.5769296509357522 15.37655775574372 
-5 -12 0 0.5769296509591137 15.376557987014944 
-5 -13 0 0.4547060946604431 12.653739613705676 
-5 -14 0 0.4547060946196963 12.653739874724668 
-5 -15 0 0.4720153748983366 8.989719408176922 
-5 -16 0 0.4720153748956877 8.989719408175349 
-5 -17 0 2.0 4.0 
-4 -17 0 2.0 4.0 
-5 -18 0 1.9999999999999996 4.0 
-4 -18 0 2.0000000000000004 4.0 
-6 -5 0 9.000000000000002 12.0 
-6 -6 0 9.0 12.0 
-6 -7 0 6.021738257191895 13.838249932216335 
-6 -8 0 6.0217382571919 13.838249932215854 
-6 -9 0 4.309225091308216 15.397832908418563 
-6 -10 0 4.309225069180889 15.397832907739103 
-6 -11 0 3.077970073063644 15.376558094008137 
-6 -12 0 3.077970073053957 15.376558093088098 
-6 -13 0 2.3465871719906697 12.921272623702508 
-6 -14 0 2.3465871719940945 12.921272222790147 
-6 -15 0 1.9099489559993785 9.36146876605896 
-6 -16 0 1.9099489558073692 9.361468765628445 
-6 -17 0 1.9999999999999998 4.0 
-6 -18 0 2.0000000000000004 4.0 
-7 -7 0 13.0 13.0 
-7 -8 0 13.0 13.0 
-7 -9 0 9.697224362268006 14.618033988749897 
-7 -10 0 9.697224362268004 14.618033988749893 
-7 -11 0 7.294345728327939 14.84636531758995 
-7 -12 0 7.294345728327943 14.846365317589946 
-7 -13 0 5.618722279064654 12.921272644434591 
-7 -14 0 5.618722279064654 12.921272644434595 
-7 -15 0 4.471082042705637 9.361468766185826 
-7 -16 0 4.471082042705637 9.36146876618583 
-7 -17 0 4.0 4.0 
-7 -18 0 4.0 4.0 
