3 11 0 2.0 2.0 
4 11 0 2.0 2.0 
3 10 0 2.0 2.0 
4 10 0 2.0 2.0 
3 9 0 0.7861003641756275 7.228119809744542 
4 9 0 2.309947910806606 7.228119809744541 
3 8 0 0.7861003641756292 7.228119809744541 
4 8 0 2.309947910806605 7.228119809744542 
3 7 0 1.3164405312129588 10.311163274880265 
4 7 0 2.967818784212838 10.311163274880625 
3 6 0 1.3164405311761944 10.31116327486104 
4 6 0 2.967818784212843 10.311163274880624 
3 5 0 2.0774226963819484 11.73736850860547 
4 5 0 4.232558777618477 11.18707908056425 
3 4 0 2.077422691698899 11.737368469468615 
4 4 0 4.232558777618475 11.187079080564247 
3 3 0 2.9556995290489185 11.661960664152971 
4 3 0 6.237487291170133 10.715937008281992 
3 2 0 2.9556995503028753 11.661960694235624 
4 2 0 6.237487291170133 10.715937008281998 
3 1 0 4.498852766639677 9.993409891134686 
4 1 0 9.0 9.0 
3 0 0 4.498852766639681 9.993409891134688 
4 0 0 9.0 9.0 
2 11 0 2.0 2.0 
2 10 0 2.0 2.0 
2 9 0 0.7861003641756305 6.922205352814927 
2 8 0 0.7861003641756287 6.922205352814928 
2 7 1 1.2601319923800427 10.127656719137526 
2 6 1 1.2601319923816665 10.127656632263669 
2 5 1 0.9451842622400042 12.337572280873353 
2 4 1 0.9451842622399974 12.335962432112426 
2 3 0 0.6505578998126816 12.57503290306375 
2 2 0 0.6505578998125763 12.575032229793784 
2 1 0 1.7210857463777964 10.838637968303724 
2 0 0 1.7210857457606692 10.838638009267425 
2 -1 0 3.20195961683587 8.813062940993333 
3 -1 0 7.0 7.0 
2 -2 0 3.201959616835871 8.81306294099333 
3 -2 0 7.0 7.0 
1 9 0 2.5857864376269046 5.414213562373096 
1 8 0 2.585786437626906 5.414213562373095 
1 7 0 1.2601319923771312 9.798069967354767 
1 6 0 1.2601319923771392 9.798069968227093 
1 5 0 0.7841461828310565 12.337581778676084 
1 4 0 0.784146182831775 12.337582182040297 
1 3 0 0.6505579001664437 13.529780118595594 
1 2 0 0.6505579005349519 13.531962764244886 
1 1 0 1.6799624664909598 12.999999987746929 
1 0 0 1.6799625181961404 12.99999999212505 
1 -1 0 3.0241151234126975 9.57658040273123 
1 -2 0 3.024115119075516 9.576580403470231 
1 -3 0 5.0 5.0 
2 -3 0 5.0 5.0 
1 -4 0 5.0 5.0 
2 -4 0 5.0 5.0 
0 7 0 3.585786437626906 8.414213562373096 
0 6 0 3.5857864376269046 8.414213562373094 
0 5 0 0.7841461828316234 10.884608368762688 
0 4 0 0.784146182840042 10.884608213396389 
0 3 1 1.1428009256229357 13.529813065384777 
0 2 1 1.1428009256229072 13.531962765316973 
0 1 1 1.1265011886398109 13.553619456701565 
0 0 1 1.1265011886398129 13.553619460408248 
0 -1 0 0.9962587511087311 10.520637322070815 
0 -2 0 0.9962587511087247 10.52063732025605 
0 -3 0 5.0 5.000000000000001 
0 -4 0 5.0 5.0 
-1 5 0 4.999999999999998 10.000000000000002 
-1 4 0 5.000000000000003 10.0 
-1 3 0 2.0351793149222455 12.782120513355324 
-1 2 0 2.0351793152261446 12.782120756147162 
-1 1 0 1.1265011892251287 13.999999999980181 
-1 0 0 1.126501190013524 13.999999999854287 
-1 -1 0 0.9962587511087353 11.257110430336214 
-1 -2 0 0.9962587511087556 11.257110424814769 
-1 -3 0 5.0 5.0 
-1 -4 0 5.0 5.0 
-2 3 0 8.000000000000002 11.0 
-2 2 0 8.000000000000002 11.000000000000002 
-2 1 0 4.338256526671054 14.000000000000004 
-2 0 0 4.338256526671051 13.999999999999998 
-2 -1 0 3.3121801683670373 11.561552812808827 
-2 -2 0 3.3121801683670373 11.561552812808827 
-2 -3 0 5.0 5.0 
-2 -4 0 5.0 5.0 
-3 1 0 12.0 12.0 
-3 0 0 12.0 12.0 
-3 -1 0 7.43844718719117 11.56155281280883 
-3 -2 0 7.438447187191168 11.56155281280883 
-3 -3 0 5.0 5.0 
-3 -4 0 5.0 5.0 
