5 13 0 3.0 3.0 
6 13 0 3.0 3.0 
5 12 0 3.0 3.0 
6 12 0 3.0 3.0 
5 11 0 1.68359652003594 11.177857223764292 
6 11 0 3.416405075312966 11.177857223764292 
5 10 0 1.6835965200359388 11.17785722376429 
6 10 0 3.4164050753129653 11.177857223764294 
5 9 0 2.3200124755362137 15.11325822843697 
6 9 0 4.341406225095417 14.650601010822616 
5 8 0 2.320012475555011 15.113258214548123 
6 8 0 4.341406225095418 14.65060101082262 
5 7 0 3.267388361668962 17.18502615281711 
6 7 0 5.997456173334392 16.180932841539704 
5 6 0 3.2673883656063114 17.185026147648955 
6 6 0 5.997456173334396 16.180932841539704 
5 5 0 4.587165519712841 16.60388946739756 
6 5 0 8.726306290745667 15.40932911961027 
5 4 0 4.587165519711101 16.603889512928095 
6 4 0 8.726306290745667 15.409329119610266 
5 3 0 6.332467304991779 14.999999948397093 
6 3 0 13.0 13.0 
5 2 0 6.332467304991778 14.999999996667052 
6 2 0 13.0 13.0 
4 13 0 3.0 3.0 
4 12 0 3.0 3.0000000000000004 
4 11 0 0.9227582103084024 10.738489209116846 
4 10 0 0.9227582121849226 10.738489209086897 
4 9 0 0.6127000261708901 15.113258224479148 
4 8 0 0.6127000258482131 15.11325822852673 
4 7 0 1.2118822740937196 17.37576538716124 
4 6 0 1.2118822739802604 17.37576501537707 
4 5 0 2.2573576098605845 18.249140060967928 
4 4 0 2.257357609543081 18.249140058510335 
4 3 0 3.761893130638373 16.99999999501491 
4 2 0 3.761893130635206 16.99999999607378 
4 1 0 5.473707940492984 13.999999999958536 
5 1 0 10.0 12.0 
4 0 0 5.473707894185716 13.999999997549835 
5 0 0 9.999999999999998 12.0 
3 13 0 3.0 3.0 
3 12 0 3.0 3.0 
3 11 0 0.9227582100420815 10.283897187970405 
3 10 0 0.922758210042077 10.283897187970407 
3 9 1 0.6127000258417968 13.72717746364949 
3 8 1 0.612700025841795 13.727177306293255 
3 7 2 1.0662637801229866 17.37576547414309 
3 6 2 1.0662637801229853 17.375765747173205 
3 5 1 0.7291576893134859 19.316953910761853 
3 4 1 0.729157689313487 19.31695390114889 
3 3 0 1.092012449529998 17.99999998953732 
3 2 0 1.0920124509917932 17.9999994422251 
3 1 0 2.662688941841334 15.821357824781071 
3 0 0 2.6626889421471227 15.821357831261123 
3 -1 0 4.492037904611857 12.732050807568605 
4 -1 0 8.0 9.999999999999996 
3 -2 0 4.492037904611858 12.732050807568875 
4 -2 0 8.0 10.0 
2 11 0 3.3819660112501055 7.732050807568878 
2 10 0 3.3819660112501047 7.732050807568877 
2 9 0 1.2571220025995844 13.256262462091437 
2 8 0 1.2571220025996477 13.256262409070116 
2 7 0 0.716758903627644 16.251118347504242 
2 6 0 0.7167589036164397 16.251119158543098 
2 5 0 0.5405143467080207 19.31695366496791 
2 4 0 0.540514346615185 19.31695392359885 
2 3 0 0.9367317950336982 19.99999998634633 
2 2 0 0.9367317950382098 19.99999958641363 
2 1 0 2.207924398186802 16.566627409817258 
2 0 0 2.207924398067204 16.56662729522842 
2 -1 0 3.8641282892106683 13.845902097225684 
2 -2 0 3.864128279521823 13.845902335078234 
2 -3 0 6.0 9.732050807568879 
3 -3 0 7.0 7.0 
2 -4 0 6.0 9.732050807568877 
3 -4 0 7.0 7.0 
1 11 0 5.0 5.0 
1 10 0 5.0 5.0 
1 9 0 2.4967464247965485 11.350084796318761 
1 8 0 2.4967464247965396 11.350084796318756 
1 7 0 0.716758903610051 14.856321016450217 
1 6 0 0.7167589036100617 14.85632169270159 
1 5 2 0.540514346613831 17.783394575283655 
1 4 2 0.548158113544868 17.783065653522993 
1 3 4 1.064207981211451 19.999999829369134 
1 2 4 1.0642079812114518 19.999999985926934 
1 1 2 0.8513236019723507 17.999999809072108 
1 0 2 0.8513236019723491 17.999999996393825 
1 -1 0 1.1345259885440044 15.240624963195158 
1 -2 0 1.1345259885458903 15.240624942603972 
1 -3 0 2.876959638259772 12.252579450880173 
1 -4 0 2.8769596382597653 12.252579450880177 
0 9 0 5.381966011250104 8.618033988749895 
0 8 0 5.381966011250106 8.618033988749893 
0 7 0 2.8505638291330717 13.732050743134643 
0 6 0 2.850563829133071 13.732050600102378 
0 5 0 1.221626223859938 16.83532366097343 
0 4 0 1.2216262238592723 16.835323789711016 
0 3 0 0.7041178197683909 19.771546792921875 
0 2 0 0.7041178197933283 19.77154621112828 
0 1 0 0.454663387110921 19.599962884218787 
0 0 0 0.4546633871012097 19.599962907025834 
0 -1 0 0.8951363823739513 16.04425449345084 
0 -2 0 0.8951363820106888 16.04425449474545 
0 -3 0 2.756376461249819 12.70656154192735 
0 -4 0 2.7563764612507913 12.70656151433062 
0 -5 0 5.0 5.0 
1 -5 0 5.0 5.0 
0 -6 0 5.0 5.0 
1 -6 0 5.0 5.0 
-1 7 0 6.186393497351668 11.000000000000004 
-1 6 0 6.186393497351668 11.000000000000002 
-1 5 0 2.6825817734520623 14.999999879359024 
-1 4 0 2.682581772859499 14.999999663421521 
-1 3 0 0.704117819753102 17.99999965400902 
-1 2 0 0.704117819960086 17.999999098693433 
-1 1 1 0.4546633870958336 19.999999995078742 
-1 0 1 0.4546633870958379 19.999999973460444 
-1 -1 2 1.1622143392035036 17.192892547790695 
-1 -2 2 1.162214339203393 17.1928928007062 
-1 -3 1 1.2651252550525203 12.876771329231726 
-1 -4 1 1.2651252550525154 12.876771131806922 
-1 -5 0 5.0 5.0 
-1 -6 0 5.0 5.0 
-2 5 0 8.0 13.000000000000002 
-2 4 0 8.000000000000002 13.0 
-2 3 0 3.8316282418016585 15.99999997347665 
-2 2 0 3.8316282417251695 15.999999988947648 
-2 1 0 2.0013190490346267 19.999999998921126 
-2 0 0 2.0013190490379866 19.999999983586644 
-2 -1 0 1.2938329220161047 18.66784097025471 
-2 -2 0 1.2938329220202132 18.66784136511082 
-2 -3 0 1.2651252562098505 13.276938751635376 
-2 -4 0 1.2651252550669378 13.276938780409065 
-2 -5 0 5.0 5.0 
-2 -6 0 5.0 5.0 
-3 3 0 10.0 14.000000000000002 
-3 2 0 9.999999999999998 14.0 
-3 1 0 5.908232341616865 17.999999999998344 
-3 0 0 5.908232341616868 17.999999999815266 
-3 -1 0 4.269145677181959 18.667841448811956 
-3 -2 0 4.269145677419079 18.667841447656908 
-3 -3 0 3.1945811262738237 14.767276363968762 
-3 -4 0 3.194581126273821 14.767276363968705 
-3 -5 0 5.0 5.000000000000001 
-3 -6 0 4.999999999999999 5.0 
-4 1 0 15.0 15.0 
-4 0 0 15.0 15.0 
-4 -1 0 8.949568999388305 17.234101403945107 
-4 -2 0 8.949568999388307 17.234101403945107 
-4 -3 0 5.897406596912236 14.767276363968762 
-4 -4 0 5.897406596912236 14.767276363968765 
-4 -5 0 5.0 5.0 
-4 -6 0 5.0 5.0 
