4 10 0 4.0 4.0 
5 10 0 4.0 4.0 
4 9 0 4.0 4.0 
5 9 0 4.0 4.0 
4 8 0 2.683069690221037 11.758770483143634 
5 8 0 4.935822227524088 11.758770483143632 
4 7 0 2.683069690221034 11.758770483143634 
5 7 0 4.935822227524089 11.758770483143632 
4 6 0 3.2814473013511507 14.847073723702035 
5 6 0 7.506040792565067 13.603875471609676 
4 5 0 3.2814473010913416 14.847073734006262 
5 5 0 7.506040792565066 13.603875471609678 
4 4 0 4.764483376101606 14.0 
5 4 0 12.0 12.0 
4 3 0 4.764483376101608 14.0 
5 3 0 12.0 12.0 
3 10 0 4.0 4.0 
3 9 0 4.0 4.0 
3 8 0 0.9888631375653392 11.593734121256562 
3 7 0 0.9888631375671015 11.593734120297288 
3 6 0 0.9816704307975168 14.847073731428983 
3 5 0 0.981670430794478 14.847073772132342 
3 4 0 1.5654567844306924 15.999999999798456 
3 3 0 1.565456784430842 15.999999999810854 
3 2 0 3.355044124574023 12.999999843853114 
4 2 0 9.0 11.0 
3 1 0 3.3550441258357098 12.999999993876848 
4 1 0 9.0 11.0 
2 10 0 4.0 4.0 
2 9 0 3.9999999999999996 4.0 
2 8 0 0.9888631377681874 11.126844243397553 
2 7 0 0.9888631375642503 11.126844243398367 
2 6 1 0.9816704307907398 14.096953912139425 
2 5 1 0.9816704307907372 14.09695390831249 
2 4 1 0.6944248003126641 15.999999997890527 
2 3 1 0.6944248003126672 15.999999806573419 
2 2 0 0.37092975788238913 14.837784230628536 
2 1 0 0.37092975793832617 14.837784232328541 
2 0 0 2.2435602653424565 11.999999999999883 
3 0 0 6.0 10.0 
2 -1 0 2.2435602655626794 11.999999999999869 
3 -1 0 5.999999999999999 10.0 
1 10 0 4.0 4.0 
1 9 0 4.0 4.0 
1 8 0 2.526736618026565 9.65818252268892 
1 7 0 2.526736618026565 9.658182522688925 
1 6 0 1.2954989448463803 12.709521868322108 
1 5 0 1.2954989448513639 12.709521970990787 
1 4 0 0.6944248006477364 15.69060857767975 
1 3 0 0.69442480046978 15.690608480013703 
1 2 0 0.37092975788495386 15.553592533174102 
1 1 0 0.3709297578824679 15.553591411471784 
1 0 0 0.9224115532188555 12.865673482818885 
1 -1 0 0.9224115535367455 12.865673691413837 
1 -2 0 1.9577539388840368 10.561552812808827 
2 -2 0 5.0 7.0 
1 -3 0 1.9577539388840344 10.561552812808833 
2 -3 0 5.0 7.0 
0 8 0 6.0 8.0 
0 7 0 5.999999999999999 8.0 
0 6 0 2.830939840506423 11.813485115962546 
0 5 0 2.8309398810374824 11.813485081659886 
0 4 0 0.9606647269308071 14.99999998135508 
0 3 0 0.960664727375928 14.999999999606706 
0 2 1 0.9027937606668748 15.553592048524985 
0 1 1 0.9027937606684826 15.553592161199557 
0 0 1 0.6124009742014709 14.389524869674277 
0 -1 1 0.6124009742014744 14.389524914533997 
0 -2 0 0.3608627675735798 11.548719036331818 
0 -3 0 0.3608627675652738 11.548719250437244 
0 -4 0 2.9999999999999996 7.56155281280883 
1 -4 0 4.0 4.0 
0 -5 0 3.0 7.561552812808829 
1 -5 0 4.0 4.0 
-1 8 0 6.0 6.0 
-1 7 0 6.0 6.0 
-1 6 0 3.41687502484641 10.000000000000004 
-1 5 0 3.4168750248464086 9.999999999999998 
-1 4 0 2.0111962691752905 12.999999998752331 
-1 3 0 2.0111962632012235 12.99999999930427 
-1 2 0 1.1889470953012784 14.576547465141624 
-1 1 0 1.18894709531185 14.576548079128994 
-1 0 0 0.612400975047899 14.389525089252706 
-1 -1 0 0.6124009742015297 14.389525089246318 
-1 -2 0 0.36086276757308805 11.88043127507608 
-1 -3 0 0.3608627675657239 11.880430269261872 
-1 -4 0 0.8892571805495598 7.914617444914836 
-1 -5 0 0.8892571805495605 7.914617444914838 
-2 6 0 8.0 8.0 
-2 5 0 8.0 8.0 
-2 4 0 5.056338188975767 12.0 
-2 3 0 5.05633818897577 12.0 
-2 2 0 2.7553653741768143 13.464805615839749 
-2 1 0 2.7553653681281163 13.464805824209957 
-2 0 0 1.6980343703734722 13.655798470894782 
-2 -1 0 1.6980343703727394 13.655798835929229 
-2 -2 0 0.9920586316298332 11.880431312780788 
-2 -3 0 0.9920586316292855 11.880431312780775 
-2 -4 0 0.8892571805495587 8.23808074512477 
-2 -5 0 0.8892571805495616 8.238080745124776 
-2 -6 0 2.0 2.0 
-1 -6 0 2.0 2.0 
-2 -7 0 2.0 2.0 
-1 -7 0 2.0 2.0 
-3 4 0 10.0 10.0 
-3 3 0 10.0 10.0 
-3 2 0 7.490109618343672 12.486949642237542 
-3 1 0 7.490109618343672 12.486949642237539 
-3 0 0 5.185716104977371 12.983710108320146 
-3 -1 0 5.185716104977365 12.983710108320142 
-3 -2 0 3.214466253379263 11.866839132966106 
-3 -3 0 3.214466253379266 11.866839132966104 
-3 -4 0 2.523227925142595 8.238080745124773 
-3 -5 0 2.523227925142594 8.238080745124773 
-3 -6 0 2.0 2.0 
-3 -7 0 2.0 2.0 
