2 8 0 1.0 1.0 
3 8 0 1.0 1.0 
2 7 0 1.0 1.0 
3 7 0 1.0 1.0 
2 6 1 1.0000000000000004 5.56155281280883 
3 6 0 1.0000000000000004 5.561552812808831 
2 5 1 0.9999999999999999 5.561552812808831 
3 5 0 1.0 5.56155281280883 
2 4 2 1.4384471871911675 9.561552812808834 
3 4 0 1.4384471871911695 9.56155281280883 
2 3 2 1.43844718719117 9.561552812808829 
3 3 0 1.438447187191169 9.561552812808833 
2 2 1 2.0000000000000004 10.0 
3 2 0 3.4384471871911684 8.0 
2 1 1 2.000000000000001 9.999999999999996 
3 1 0 3.43844718719117 7.999999999999999 
2 0 0 1.9999999999999998 8.000000000000002 
3 0 0 6.0 6.0 
2 -1 0 1.9999999999999998 8.000000000000002 
3 -1 0 6.0 6.0 
1 6 0 2.9999999999999996 5.0 
1 5 0 3.0 5.0 
1 4 0 0.7639320225002088 9.561552812808825 
1 3 0 0.7639320225002095 9.56155281280883 
1 2 0 0.7639320225002109 10.000000000000005 
1 1 0 0.7639320225002109 9.999999819784916 
1 0 0 1.2679491924311246 10.000000000000005 
1 -1 0 1.2679491924311224 10.0 
1 -2 0 3.267949192431123 6.732050807568878 
2 -2 0 4.0 4.0 
1 -3 0 3.267949192431123 6.732050807568878 
2 -3 0 4.0 4.0 
0 6 0 3.0 3.0 
0 5 0 3.0000000000000004 3.0 
0 4 0 0.7639320225002081 9.000000000000004 
0 3 0 0.7639320225002101 8.999999999999998 
0 2 2 0.7639320225002101 10.000000000000002 
0 1 2 0.7639320225002104 9.999999749017864 
0 0 4 2.585786437626905 9.999999999990063 
0 -1 4 1.4384471871911713 9.999999999998824 
0 -2 2 1.9999999999999996 8.732050807568875 
0 -3 2 2.0000000000000004 8.732050807568873 
-1 4 0 4.999999999999999 7.0 
-1 3 0 5.0 7.0 
-1 2 0 2.7639320225002106 9.236067977499784 
-1 1 0 2.76393202250021 9.236067977499792 
-1 0 0 0.7639320225002073 9.999999999999996 
-1 -1 0 0.7639320225002083 9.999999999999996 
-1 -2 0 0.7639320225002091 8.73205080756888 
-1 -3 0 0.763932022500211 8.73205080756888 
-1 -4 0 1.2679491924311221 4.732050807568878 
0 -4 0 2.0 2.0 
-1 -5 0 1.2679491924311233 4.732050807568878 
0 -5 0 2.0 2.0 
-2 4 0 5.0 5.0 
-2 3 0 5.0 5.0 
-2 2 0 2.76393202250021 7.23606797749979 
-2 1 0 2.7639320225002106 7.23606797749979 
-2 0 0 0.763932022500209 9.236067977499792 
-2 -1 0 0.7639320225002091 9.23606797749979 
-2 -2 1 0.7639320225002101 8.732050807568875 
-2 -3 1 0.7639320225002081 8.732050807568879 
-2 -4 2 1.2679491924311224 4.732050807568877 
-2 -5 2 1.2679491924311226 4.732050807568878 
