2 6 0 3.0 3.0 
3 6 0 3.0 3.0 
2 5 0 3.0 3.0 
3 5 0 3.0 3.0 
2 4 0 1.0776238809569225 8.999999999999998 
3 4 0 3.9999999999999996 9.0 
2 3 0 1.077623880956919 8.999999999999998 
3 3 0 3.9999999999999996 9.0 
2 2 0 1.6211660181400027 10.0 
3 2 0 8.0 8.0 
2 1 0 1.6211660181400016 10.000000000000002 
3 1 0 8.0 8.0 
1 6 0 3.0 3.0 
1 5 0 3.0 3.0 
1 4 0 1.0776238809569239 8.276458258068045 
1 3 0 1.077623880956919 8.276458258068047 
1 2 0 0.33111036295693125 9.999999994086776 
1 1 0 0.3311103629598649 9.999999987781857 
1 0 0 0.4796683362952208 9.000000000000002 
2 0 0 4.000000000000001 7.0 
1 -1 0 0.4796683362952238 9.000000000000005 
2 -1 0 3.999999999999999 7.0 
0 6 0 3.0 3.0 
0 5 0 3.0 3.0 
0 4 0 1.3284197610946529 7.588181949319447 
0 3 0 1.3284197610946524 7.588181949319444 
0 2 0 0.3311103629567013 9.161711968361944 
0 1 0 0.33111036296105434 9.161711968362003 
0 0 1 0.47966833629522193 8.99999995843763 
0 -1 1 0.47966833629522115 8.99999999826392 
0 -2 1 1.3136982435566527 7.75926203562882 
1 -2 0 2.585786437626905 5.414213562373096 
0 -3 1 1.3136982435566544 7.7592620356288196 
1 -3 0 2.585786437626905 5.414213562373095 
-1 4 0 4.999999999999999 7.0 
-1 3 0 5.0 7.0 
-1 2 0 2.3863553972054765 8.495507656604923 
-1 1 0 2.386355397205477 8.495507656604923 
-1 0 0 0.8709776175875971 8.984928875904263 
-1 -1 0 0.870977617587423 8.984928884346806 
-1 -2 0 0.2889950878513248 7.791208890983228 
-1 -3 0 0.2889950878513274 7.791208890983224 
-1 -4 0 0.40713763194854674 4.825955014888477 
0 -4 0 2.0 2.0 
-1 -5 0 0.40713763194854546 4.825955014888477 
0 -5 0 2.0 2.0 
-2 4 0 5.0 5.0 
-2 3 0 5.0 5.0 
-2 2 0 2.6972243622680057 7.302775637731994 
-2 1 0 2.6972243622680065 7.302775637731994 
-2 0 0 1.1651307952884007 8.48599559551509 
-2 -1 0 1.165130795288401 8.485995595515085 
-2 -2 0 0.2889950878513269 7.791208890983226 
-2 -3 0 0.28899508785132805 7.791208890983229 
-2 -4 1 0.40713763194854613 4.825955014888478 
-2 -5 1 0.4071376319485462 4.825955014888477 
