1 3 0 1.0000000000000004 4.0 
2 3 0 4.0 4.0 
1 2 0 0.9999999999999992 4.0 
2 2 0 4.0 4.0 
1 1 0 1.0831602253790364 7.999999999999999 
2 1 0 8.0 8.0 
1 0 0 1.0831602253790376 7.999999999999999 
2 0 0 8.0 8.0 
0 3 0 1.0000000000000004 4.000000000000001 
0 2 0 1.0 4.0 
0 1 1 1.0831602253790362 7.548521559060322 
0 0 1 1.0831602253790378 7.5485215590603225 
0 -1 1 0.6485365351864247 7.672053824787686 
1 -1 0 1.8751145802354259 6.761557181831891 
0 -2 1 0.6485365351864198 7.672053824787685 
1 -2 0 1.8751145802354252 6.761557181831891 
-1 3 0 3.0 3.0 
-1 2 0 3.0 3.0 
-1 1 0 1.643880671375265 7.0 
-1 0 0 1.6438806713752643 7.0 
-1 -1 0 0.6485365351864233 7.672053824787687 
-1 -2 0 0.6485365351864226 7.672053824787686 
-1 -3 0 0.47690440936833034 6.402678829521191 
0 -3 0 0.4769044093683299 4.441290910412462 
-1 -4 0 0.4769044093683299 6.4026788295211885 
0 -4 0 0.4769044093683298 4.441290910412461 
-2 1 0 5.0 5.0 
-2 0 0 5.0 5.0 
-2 -1 0 2.20871215252208 6.791287847477921 
-2 -2 0 2.2087121525220805 6.7912878474779195 
-2 -3 0 1.2812903096080852 6.402678829521189 
-2 -4 0 1.2812903096080852 6.402678829521189 
-2 -5 0 1.0 1.0 
-1 -5 0 1.0 1.0 
-2 -6 0 1.0 1.0 
-1 -6 0 1.0 1.0 
