5 15 0 2.0 2.0 
6 15 0 2.0 2.0 
5 14 0 2.0 2.0 
6 14 0 2.0 2.0 
5 13 0 1.0436685835582042 11.582575694955842 
6 13 0 2.4174243050441597 11.582575694955839 
5 12 0 1.0436685835582045 11.582575694955839 
6 12 0 2.4174243050441597 11.58257569495584 
5 11 0 1.4823852545507064 13.554466983438733 
6 11 0 3.5278640450004204 12.47213595499958 
5 10 0 1.4823852551930428 13.554466908045633 
6 10 0 3.527864045000421 12.47213595499958 
5 9 0 2.7930015935139587 13.96575228566162 
6 9 0 5.39444872453601 12.60555127546399 
5 8 0 2.7930015935139654 13.965752283678414 
6 8 0 5.3944487245360095 12.60555127546399 
5 7 0 4.389152965470073 12.215088440668492 
6 7 0 10.0 10.0 
5 6 0 4.389152965470076 12.215088440668488 
6 6 0 10.0 10.0 
4 15 0 2.0 2.0 
4 14 0 2.0 2.0 
4 13 0 1.043668583558202 9.844349680527628 
4 12 0 1.0436685835582025 9.844349680527632 
4 11 0 0.5850585147234001 13.554466983288535 
4 10 0 0.5850585146306599 13.554466981013473 
4 9 0 0.8243499603419648 15.51735758666033 
4 8 0 0.8243499603419628 15.517357630914356 
4 7 0 2.314656592871538 13.999999821394361 
4 6 0 2.3146565928715592 13.999999920373167 
4 5 0 3.8003869760640545 10.999999999999998 
5 5 0 7.0 9.0 
4 4 0 3.800386976064059 10.999999999999996 
5 4 0 6.999999999999999 9.0 
3 13 0 1.2679491924311228 7.717741117464005 
3 12 0 1.2679491924311228 7.717741117464003 
3 11 0 0.5850585143528721 11.857321505456165 
3 10 0 0.5850585143515986 11.857312877602215 
3 9 0 0.2846960422663678 15.517357629745002 
3 8 0 0.28469604226637 15.51735763357558 
3 7 0 0.37232493030460584 15.999999971425892 
3 6 0 0.37232493056629595 15.999999802278936 
3 5 0 1.9163699818829816 12.808951399578008 
3 4 0 1.9163699815935167 12.809949066776248 
3 3 0 3.999999999999999 9.56155281280883 
4 3 0 6.0 6.0 
3 2 0 3.9999999999999996 9.56155281280883 
4 2 0 6.0 6.0 
2 13 0 4.0 4.0 
2 12 0 4.0 4.0 
2 11 0 0.8329564662545664 9.974715526662871 
2 10 0 0.8329564663018392 9.974715548583186 
2 9 0 0.28469604226643064 13.836992750625232 
2 8 0 0.28469604226643735 13.836993157898778 
2 7 1 0.3723249302660604 15.999999997787572 
2 6 1 0.37232493026606267 15.999999920647953 
2 5 1 0.7608143920031667 13.841895343895654 
2 4 1 0.7608143920031631 13.841895858861472 
2 3 0 2.000000002339498 10.670082710983381 
2 2 0 2.000000000272698 10.670082540426884 
1 11 0 3.267949192431122 7.675130870566645 
1 10 0 3.267949192431123 7.675130870566647 
1 9 0 1.1706961171928523 11.999999998324586 
1 8 0 1.1706961171928563 11.999999991601388 
1 7 0 0.5322558979889075 15.74874765873891 
1 6 0 0.5322558980918481 15.748747621340527 
1 5 0 0.259342776259727 15.18084247328156 
1 4 0 0.2593427762663356 15.180842468706812 
1 3 0 0.332817774501863 12.058729106188782 
1 2 0 0.3328177745018824 12.058729107489441 
1 1 0 2.0 5.000000000000001 
2 1 0 4.0 4.0 
1 0 0 2.0000000000000004 5.0 
2 0 0 4.0 4.0 
0 9 0 2.900135016298776 10.000000000000005 
0 8 0 2.9001350162987785 10.0 
0 7 0 0.833002031565352 13.999999927352368 
0 6 0 0.8330020312620507 13.999999947587003 
0 5 0 0.2593427762649808 15.999999996884847 
0 4 0 0.2593427762957656 15.999999999386073 
0 3 1 0.3328177745018662 13.20623308387333 
0 2 1 0.33281777450186456 13.20623308432425 
0 1 1 2.0 5.999999999999999 
0 0 1 2.0 6.000000000000001 
-1 7 0 5.627718676730986 12.000000000000002 
-1 6 0 5.627718676730987 12.0 
-1 5 0 3.371607255112943 15.999999999999998 
-1 4 0 3.371607255112936 15.999999999999996 
-1 3 0 2.2520044706065896 14.60555127546398 
-1 2 0 2.252004470606583 14.605551275463982 
-1 1 0 2.9999999999999996 6.0 
-1 0 0 2.9999999999999996 6.0 
-2 5 0 14.0 14.0 
-2 4 0 14.0 14.0 
-2 3 0 7.394448724536012 14.60555127546399 
-2 2 0 7.394448724536011 14.605551275463988 
-2 1 0 6.0 6.0 
-2 0 0 6.0 6.0 
