6 18 0 2.0 2.0 
7 18 0 2.0 2.0 
6 17 0 2.0 2.0 
7 17 0 2.0 2.0 
6 16 0 1.1088013843130358 11.582575694955844 
7 16 0 2.41742430504416 11.582575694955842 
6 15 0 1.1088013843130367 11.582575694955839 
7 15 0 2.4174243050441597 11.582575694955842 
6 14 0 1.5145730920171205 13.555170421053592 
7 14 0 3.5278640450004173 12.47213595499958 
6 13 0 1.514573092159182 13.555170419704826 
7 13 0 3.5278640450004217 12.472135954999581 
6 12 0 2.849799803046821 13.945445793170862 
7 12 0 5.394448724536012 12.605551275463988 
6 11 0 2.8497998030468237 13.94544583646517 
7 11 0 5.394448724536012 12.60555127546399 
6 10 0 4.409000354183842 12.140438809686716 
7 10 0 10.0 10.0 
6 9 0 4.40900035418384 12.14043880968671 
7 9 0 10.0 10.0 
5 18 0 2.0 2.0 
5 17 0 2.0 2.0 
5 16 0 1.0000000000000002 9.689762783899491 
5 15 0 1.0000000000000009 9.689762783899493 
5 14 0 0.6106277421991849 13.555170349311133 
5 13 0 0.6106277422009607 13.555170383757305 
5 12 0 1.131293321636544 15.50202156343876 
5 11 0 1.1312933215515333 15.502021655087784 
5 10 0 2.6004103143689483 13.999999998614218 
5 9 0 2.6004103118724644 13.999999999189967 
5 8 0 4.197255498758381 10.698910756412864 
6 8 0 7.0 9.0 
5 7 0 4.1972554987583806 10.698910756412861 
6 7 0 6.999999999999999 9.0 
4 16 0 0.9999999999999998 6.614121754737244 
4 15 0 1.000000000000001 6.614121754737242 
4 14 2 0.6106277421979635 11.810394580630813 
4 13 2 0.6106277421979603 11.810394579864733 
4 12 3 1.1312933215317145 15.50202164616423 
4 11 3 1.095053958594409 15.502021640911295 
4 10 1 0.44926770692170853 15.999999989390881 
4 9 1 0.44926770692170853 15.999999992842644 
4 8 0 1.732586610541041 12.723223812086392 
4 7 0 1.7325866106959702 12.723224019687015 
4 6 0 3.9999999999999987 7.0 
5 6 0 6.0 6.0 
4 5 0 3.999999999999998 7.000000000000001 
5 5 0 6.0 6.0 
3 14 0 0.8338864501595419 9.587151141110136 
3 13 0 0.8338864501594103 9.58715112186657 
3 12 1 1.0950539585944137 13.76830740177096 
3 11 1 1.0950539585944157 13.76830662489933 
3 10 0 0.4492677069357435 15.999999942910076 
3 9 0 0.44926770692172596 15.999999833150987 
3 8 0 0.8833583012297548 13.665121327055784 
3 7 0 0.8833583027120347 13.665121189262626 
3 6 0 3.0683699801220436 9.254820111338718 
3 5 0 3.0683699801220436 9.254820111338724 
2 14 0 5.0 5.0 
2 13 0 5.0 5.0 
2 12 0 1.6164339783191313 11.932253871611756 
2 11 0 1.6164339781311354 11.908972883356387 
2 10 0 0.8109814594168481 15.866020185461583 
2 9 0 0.8109814586278725 15.866022808512106 
2 8 1 0.8833583011669006 15.99999999558867 
2 7 1 0.8833583011669047 15.999999999555314 
2 6 0 1.3202313242823303 12.208528127177756 
2 5 0 1.3202313242823303 12.208528127177763 
1 12 0 5.585786437626906 8.414213562373096 
1 11 0 5.585786437626905 8.414213562373096 
1 10 0 1.9493367085890965 14.0 
1 9 0 1.9493367085890934 13.999999913670994 
1 8 0 1.1358030466519278 15.999999747501997 
1 7 0 1.135803046651969 15.99999999997537 
1 6 0 1.3202313244961212 12.987752409149369 
1 5 0 1.3202313242823298 12.987752409762276 
1 4 0 3.0 3.0000000000000004 
2 4 0 3.0 3.0 
1 3 0 3.0 3.0 
2 3 0 3.0 3.0 
0 10 0 5.267949192431122 10.000000000000002 
0 9 0 5.267949192431123 10.0 
0 8 0 1.1358030466519102 16.000000000000004 
0 7 0 1.135803046651914 16.000000000000004 
0 6 1 1.5312280854809375 14.47213595499958 
0 5 1 1.5312280854809266 14.472135954999581 
0 4 1 2.9999999999999996 3.999999999999999 
0 3 1 2.9999999999999996 4.0 
-1 8 0 12.0 12.0 
-1 7 0 12.0 12.0 
-1 6 0 5.527864045000421 14.47213595499958 
-1 5 0 5.527864045000419 14.47213595499958 
-1 4 0 4.0 4.0 
-1 3 0 4.0 4.0 
