4 12 0 1.0000000000000002 4.0 
5 12 0 4.0 4.0 
4 11 0 1.0000000000000002 4.0 
5 11 0 4.0 4.0 
4 10 0 1.1829831867457068 10.236067977499792 
5 10 0 5.76393202250021 10.23606797749979 
4 9 0 1.1829831867457024 10.236067977499786 
5 9 0 5.763932022500209 10.23606797749979 
4 8 0 1.9988392360194607 12.000000000000002 
5 8 0 10.0 10.0 
4 7 0 1.9988392360194587 11.999999999999998 
5 7 0 10.0 10.0 
3 12 0 1.0000000000000002 4.0 
3 11 0 1.0 3.999999999999999 
3 10 1 1.154281487455142 9.52029827138961 
3 9 1 1.1542814874551368 9.52029827155369 
3 8 0 0.5159675234931204 11.99999999570017 
3 7 0 0.5159675234935963 11.999999999993522 
3 6 0 0.9198732909994034 9.679722197042675 
4 6 0 4.585786437626905 8.000000000000002 
3 5 0 0.9198732909994068 9.679722197042683 
4 5 0 4.585786437626904 8.000000000000002 
2 12 0 3.0 3.0 
2 11 0 3.0 3.0 
2 10 0 1.1542814874551397 8.320884499447487 
2 9 0 1.1542814874551408 8.320884499447487 
2 8 0 0.5159675235181578 11.814977042180422 
2 7 0 0.5159675234971609 11.814977040551037 
2 6 1 0.9198732909994053 11.999999868461273 
2 5 1 0.919873290999404 11.99999999999914 
2 4 0 1.3781496512880345 7.8579996383395105 
3 4 0 2.585786437626905 5.999999999999999 
2 3 0 1.3781496512880376 7.857999638339512 
3 3 0 2.585786437626904 6.000000000000002 
1 10 0 3.5857864376269046 6.414213562373096 
1 9 0 3.5857864376269046 6.414213562373096 
1 8 0 1.795733404540028 10.000000000000002 
1 7 0 1.7957334045397977 9.999999108990155 
1 6 0 0.9877196900644805 11.999999995361751 
1 5 0 0.9877196922213028 11.999999900796402 
1 4 0 1.378149653689373 9.523304598571954 
1 3 0 1.3781496512880342 9.523304593659084 
1 2 0 2.9999999999999996 3.0 
2 2 0 3.0 3.0 
1 1 0 3.0 3.0 
2 1 0 3.0 3.0 
0 8 0 3.267949192431123 8.000000000000002 
0 7 0 3.2679491924311224 8.0 
0 6 0 0.9877196900644846 12.0 
0 5 0 0.9877196900644831 12.000000000000002 
0 4 1 1.7206060663295535 10.828427124746188 
0 3 1 1.7206060663295533 10.828427124746185 
0 2 1 3.0 4.0 
0 1 1 2.9999999999999996 4.0 
-1 6 0 10.0 10.0 
-1 5 0 10.0 10.0 
-1 4 0 5.171572875253809 10.82842712474619 
-1 3 0 5.17157287525381 10.82842712474619 
-1 2 0 4.0 4.0 
-1 1 0 4.0 4.0 
