3 9 0 2.0 2.0 
4 9 0 2.0 2.0 
3 8 0 2.0 2.0 
4 8 0 2.0 2.0 
3 7 0 0.894059237485387 9.454384723199292 
4 7 0 2.7155225047417626 9.454384723199286 
3 6 0 0.8940592374853873 9.454384723199288 
4 6 0 2.715522504741763 9.454384723199286 
3 5 0 1.3868990971275887 12.232411948886398 
4 5 0 4.057187237573057 11.201970077615178 
3 4 0 1.386899097127588 12.232411948886394 
4 4 0 4.057187237573054 11.201970077615181 
3 3 0 2.5454808578839883 12.45063023821451 
4 3 0 5.51031505559888 11.23755522620693 
3 2 0 2.5454808519282786 12.450630238105234 
4 2 0 5.510315055598881 11.237555226206927 
3 1 0 4.176379348938846 11.000000000000004 
4 1 0 9.0 9.0 
3 0 0 4.1763793489388465 11.000000000000002 
4 0 0 9.0 9.0 
2 9 0 2.0 2.0 
2 8 0 2.0 2.0 
2 7 1 0.894059237485387 7.5693230407988805 
2 6 1 0.8940592374853865 7.569323040798878 
2 5 2 1.3868990971276296 12.232411948884398 
2 4 2 1.3868990971275932 12.232411948886247 
2 3 1 0.5383309331706928 13.4613028912241 
2 2 1 0.538330933170691 13.461302898464877 
2 1 0 0.9349999877222109 12.999999987896281 
2 0 0 0.9349999877222133 12.999999937981297 
2 -1 0 2.645876395516416 9.05504073884049 
3 -1 0 6.000000000000001 7.999999999999999 
2 -2 0 2.6458763955164146 9.055040738840491 
3 -2 0 6.0 8.0 
1 7 0 2.381966011250105 6.302775637731995 
1 6 0 2.3819660112501047 6.302775637731995 
1 5 0 0.9199296870548186 10.620631136455076 
1 4 0 0.9199296870550187 10.620631164541951 
1 3 0 0.538330933176314 13.461302887141708 
1 2 0 0.5383309331708829 13.461302815625755 
1 1 0 0.93499998772367 13.654905470511467 
1 0 0 0.9349999877223542 13.654905469692252 
1 -1 0 2.394804887576322 10.827850024639343 
1 -2 0 2.3948048810365794 10.827850024639446 
1 -3 0 5.0 5.0 
2 -3 0 5.0 5.0 
1 -4 0 5.0 5.0 
2 -4 0 5.0 5.0 
0 5 0 1.500692747186094 8.554689774578339 
0 4 0 1.5006927471860925 8.554689774578335 
0 3 1 0.6445429359134417 12.813228672440404 
0 2 1 0.6445429359134445 12.813228669847076 
0 1 2 1.072368437022266 13.999999356132767 
0 0 2 1.0723684370222615 13.999999865885675 
0 -1 1 0.6998667370077734 12.429953602667789 
0 -2 1 0.6998667370077751 12.429953602667563 
0 -3 0 0.9999999999999994 6.414213562373094 
0 -4 0 1.000000000000002 6.414213562373097 
-1 3 0 2.1380119302841547 10.655430019579407 
-1 2 0 2.138011930284153 10.655430019579406 
-1 1 0 1.07236843702227 13.999999759147666 
-1 0 0 1.0723684370222704 13.999999999990731 
-1 -1 0 0.6998667370077735 13.09607501838318 
-1 -2 0 0.6998667370077748 13.096074737903436 
-1 -3 0 1.000000000000002 7.000000000000001 
-1 -4 0 1.0000000000000002 7.000000000000001 
-2 1 0 4.138890062345263 12.810715570287527 
-2 0 0 4.138890062345261 12.810715570287527 
-2 -1 0 2.9041905586927994 14.000000000000002 
-2 -2 0 2.9041905586928034 13.999999999999998 
-2 -3 0 2.2679491924311233 7.0 
-2 -4 0 2.2679491924311215 7.000000000000001 
-3 -1 0 14.0 14.0 
-3 -2 0 14.0 14.0 
-3 -3 0 7.0 7.0 
-3 -4 0 7.0 7.0 
