2 6 0 0.5358983848622455 7.464101615137755 
3 6 0 0.5358983848622454 7.464101615137757 
2 5 0 0.5358983848622458 7.464101615137755 
3 5 0 0.5358983848622447 7.464101615137753 
2 4 1 1.4586187348508874 10.0 
3 4 0 1.4586187348508903 9.88228703720717 
2 3 1 1.4586187348508919 9.999999999999991 
3 3 0 1.4586187348508897 9.882287037207169 
2 2 0 1.8392044049217482 10.612676056634369 
3 2 0 2.7551830306828493 9.438069399204958 
2 1 0 1.8392044049217435 10.612676056634369 
3 1 0 2.7551830306828475 9.438069399204958 
2 0 0 5.999999999999998 9.0 
3 0 0 6.0 6.0 
2 -1 0 5.999999999999999 9.0 
3 -1 0 6.0 6.0 
1 6 0 3.0 3.0 
1 5 0 2.9999999999999996 3.0 
1 4 1 1.4920972286234448 9.999999999999996 
1 3 1 1.4920972286234429 10.000000000000002 
1 2 0 1.1003946590732048 11.999999989472029 
1 1 0 1.1003946590725522 11.999999996077984 
1 0 0 2.500985130540814 9.859523388615218 
1 -1 0 2.500985130540814 9.859523388615221 
0 6 0 3.0 3.0 
0 5 0 3.0 3.0 
0 4 0 1.4920972286234429 7.6457513110645925 
0 3 0 1.492097228623444 7.64575131106459 
0 2 2 1.1003946590724698 11.99999999937775 
0 1 2 1.1003946590724676 11.999999997211114 
0 0 2 1.100394659072468 11.999999993371521 
0 -1 2 1.1003946590724665 11.999999999641206 
0 -2 0 1.4920972286234429 7.645751311064589 
1 -2 0 3.9999999999999996 7.000000000000001 
0 -3 0 1.4920972286234415 7.645751311064588 
1 -3 0 3.9999999999999996 7.0 
-1 4 0 3.9999999999999996 7.0 
-1 3 0 3.9999999999999996 7.000000000000001 
-1 2 0 2.5009851305408146 9.859523388615216 
-1 1 0 2.500985130540815 9.85952338861522 
-1 0 0 1.1003946590724965 11.999999999229404 
-1 -1 0 1.1003946590724711 11.999999999839105 
-1 -2 1 1.4920972286234402 10.0 
-1 -3 1 1.4920972286234444 9.999999999999996 
-1 -4 0 3.0 3.0 
0 -4 0 3.0 3.0 
-1 -5 0 2.9999999999999996 3.0 
0 -5 0 3.0 3.0 
-2 2 0 5.999999999999999 9.0 
-2 1 0 6.0 9.0 
-2 0 0 1.8392044049217462 10.612676056634362 
-2 -1 0 1.8392044049217449 10.612676056634367 
-2 -2 1 1.4586187348508928 10.000000000000004 
-2 -3 1 1.4586187348508899 10.0 
-2 -4 0 0.5358983848622457 7.464101615137755 
-2 -5 0 0.5358983848622453 7.4641016151377535 
-3 2 0 6.0 6.0 
-3 1 0 6.0 6.0 
-3 0 0 2.755183030682849 9.438069399204956 
-3 -1 0 2.7551830306828498 9.438069399204956 
-3 -2 0 1.4586187348508897 9.882287037207169 
-3 -3 0 1.4586187348508908 9.88228703720717 
-3 -4 0 0.5358983848622452 7.464101615137756 
-3 -5 0 0.535898384862245 7.4641016151377535 
