2 10 0 1.0 1.0 
3 10 0 1.0 1.0 
2 9 0 1.0 1.0 
3 9 0 1.0 1.0 
2 8 1 0.9999999999999998 5.0 
3 8 0 1.0000000000000007 5.000000000000001 
2 7 1 1.0000000000000007 5.000000000000002 
3 7 0 1.0 5.0 
2 6 2 1.3819660112501042 7.618033988749897 
3 6 0 1.3819660112501064 7.618033988749895 
2 5 2 1.3819660112501047 7.618033988749897 
3 5 0 1.3819660112501053 7.618033988749894 
2 4 1 0.9999999999999984 7.618033988749897 
3 4 0 3.0 7.000000000000001 
2 3 1 0.999999999999999 7.618033988749898 
3 3 0 3.0 6.999999999999999 
2 2 0 0.9999999999999997 7.0 
3 2 0 5.0 5.0 
2 1 0 0.9999999999999996 7.0 
3 1 0 5.0 5.0 
1 8 0 2.9999999999999996 5.0 
1 7 0 2.9999999999999996 5.0 
1 6 0 0.9999999999999993 7.618033988749894 
1 5 0 1.0000000000000002 7.618033988749893 
1 4 0 0.9999999999999971 7.618033988749898 
1 3 0 0.9999999999999986 7.618033988749895 
1 2 0 0.9999999999999992 7.618033988749895 
1 1 0 0.999999999999999 7.618033988749896 
1 0 0 3.0 5.0 
2 0 0 3.0 3.0 
1 -1 0 3.0 5.0 
2 -1 0 3.0 3.0 
0 8 0 3.0 3.0 
0 7 0 3.0 3.0 
0 6 0 0.999999999999999 6.999999999999999 
0 5 0 0.9999999999999998 7.000000000000001 
0 4 1 1.0000000000000009 7.618033988749893 
0 3 1 0.9999999999999992 7.618033988749896 
0 2 2 1.381966011250101 7.618033988749898 
0 1 2 1.3819660112501033 7.618033988749898 
0 0 1 0.9999999999999999 5.000000000000001 
0 -1 1 0.9999999999999998 5.000000000000001 
-1 6 0 5.0 5.0 
-1 5 0 5.0 5.0 
-1 4 0 3.0 7.000000000000002 
-1 3 0 3.0 7.0 
-1 2 0 1.3819660112501047 7.618033988749895 
-1 1 0 1.381966011250105 7.618033988749894 
-1 0 0 1.0000000000000002 5.0 
-1 -1 0 1.0000000000000004 4.999999999999999 
-1 -2 0 1.0 1.0 
0 -2 0 1.0 1.0 
-1 -3 0 1.0 1.0 
0 -3 0 1.0 1.0 
