3 9 1 1.9999999999999998 4.0 
4 9 0 4.0 4.0 
3 8 1 2.0 3.9999999999999996 
4 8 0 4.0 4.0 
3 7 0 0.591801613974354 11.58774145047201 
4 7 0 4.810465979664918 11.58774145047201 
3 6 0 0.591801613937395 11.587741450472011 
4 6 0 4.810465979664916 11.58774145047201 
3 5 0 1.250166259695843 13.944435538722496 
4 5 0 5.807417596432747 13.51848842289321 
3 4 0 1.2501662589933373 13.944516400120415 
4 4 0 5.8074175964327495 13.518488422893212 
3 3 0 2.1910440354692526 14.19009966334548 
4 3 0 7.42291055486354 13.423622139990702 
3 2 0 2.1910440353675265 14.1900996847405 
4 2 0 7.422910554863537 13.4236221399907 
3 1 0 3.3745557451649613 12.79992891407111 
4 1 0 12.0 12.0 
3 0 0 3.3745557451672807 12.799929030102513 
4 0 0 12.0 12.0 
2 9 0 2.0 2.0 
2 8 0 2.0 2.0 
2 7 1 0.5918016139373952 10.109287352086184 
2 6 1 0.5918016139373958 10.109287352075985 
2 5 1 0.6147047328983551 13.943231033750578 
2 4 1 0.6147047328983537 13.944493800103377 
2 3 0 0.7907448788696246 15.173471067217697 
2 2 0 0.7907448788666431 15.173471444699489 
2 1 0 1.8638273224469466 14.999999999983471 
2 0 0 1.863827322433912 14.99999999975904 
2 -1 0 3.5863000917353163 11.999999999999886 
3 -1 0 5.0 9.0 
2 -2 0 3.586300091908244 11.99999999999999 
3 -2 0 4.999999999999999 9.0 
1 7 0 2.2785847967631887 8.602685229519013 
1 6 0 2.27858479676319 8.602685229519013 
1 5 0 0.6147047330803168 12.738236361302626 
1 4 0 0.614704733298027 12.738236360858176 
1 3 1 0.7907448788663423 15.173471227463295 
1 2 1 0.7907448788663436 15.173471427318992 
1 1 0 0.8516488401456512 15.665923796419346 
1 0 0 0.8516488401949212 15.665923794343986 
1 -1 0 2.419210370555628 12.916465006197486 
1 -2 0 2.419210378669187 12.916465015451305 
1 -3 0 6.0 10.0 
2 -3 0 6.0 6.0 
1 -4 0 5.999999999999999 10.0 
2 -4 0 6.0 6.0 
0 7 0 4.0 4.0 
0 6 0 4.0 4.0 
0 5 0 1.1575611094481122 10.859793677591608 
0 4 0 1.1575611093951397 10.85979367759185 
0 3 2 1.676331828869378 14.834722177100597 
0 2 2 1.4805144117903069 14.834700906202071 
0 1 2 1.0943346025116765 15.999999975905045 
0 0 2 0.8516488401207007 15.999998597825424 
0 -1 0 0.7441356200679335 14.99999996842538 
0 -2 0 0.7441356200691515 14.999999996141156 
0 -3 0 2.0594227916608263 10.747781244377514 
0 -4 0 2.059422791660828 10.747781244377517 
-1 5 0 4.381966011250106 7.618033988749895 
-1 4 0 4.381966011250105 7.618033988749895 
-1 3 0 1.4805144117903095 12.854101966170555 
-1 2 0 1.4805144117903086 12.854101923139403 
-1 1 1 1.0943346011956536 15.999999630196537 
-1 0 1 1.094334601126051 15.99999999966071 
-1 -1 0 0.6289666123516456 15.668839636877198 
-1 -2 0 0.6289666123515032 15.668839632925444 
-1 -3 0 1.6428171371718592 12.3884960241086 
-1 -4 0 1.6428171373612215 12.388496122438378 
-1 -5 0 3.0 4.0 
0 -5 0 4.0 4.0 
-1 -6 0 3.0 4.0 
0 -6 0 4.0 4.0 
-2 3 0 3.3218147295688856 9.999999999999998 
-2 2 0 3.3218147295688873 10.0 
-2 1 0 1.338620863672708 14.772588011985778 
-2 0 0 1.3386208636229147 14.772588585779022 
-2 -1 0 0.6289666124759202 15.999999964678798 
-2 -2 0 0.6289666123583437 15.999999714698797 
-2 -3 1 1.642817135658473 13.748295963115611 
-2 -4 1 1.6428171356584786 13.748295934158572 
-2 -5 0 0.9999999999999999 6.0 
-2 -6 0 0.9999999999999994 6.000000000000002 
-3 1 0 4.856743305716279 12.71331115195806 
-3 0 0 4.856743305716279 12.713311151958061 
-3 -1 0 2.698070165139672 16.000000000000004 
-3 -2 0 2.6980701651396695 16.0 
-3 -3 0 2.0013896786226764 14.605551275463993 
-3 -4 0 2.0013896786226764 14.605551275463993 
-3 -5 0 1.0 6.0 
-3 -6 0 1.0 6.000000000000001 
-4 -1 0 14.0 14.0 
-4 -2 0 14.0 14.0 
-4 -3 0 7.394448724536009 14.605551275463988 
-4 -4 0 7.394448724536011 14.605551275463988 
-4 -5 0 6.0 6.0 
-4 -6 0 6.0 6.0 
