3 11 0 2.0 2.0 
4 11 0 2.0 2.0 
3 10 0 2.0 2.0 
4 10 0 2.0 2.0 
3 9 0 0.5258063413896226 7.236067977499792 
4 9 0 2.7639320225002098 7.23606797749979 
3 8 0 0.5258063413896233 7.23606797749979 
4 8 0 2.7639320225002106 7.236067977499791 
3 7 0 0.804065353407801 8.000000000000002 
4 7 0 6.0 6.0 
3 6 0 0.8040653534078025 8.0 
4 6 0 6.0 6.0 
2 11 0 2.0 2.0 
2 10 0 2.0 2.0 
2 9 0 0.525806341389623 6.5868745120184276 
2 8 0 0.525806341389623 6.586874512018427 
2 7 1 0.8040653534078024 8.000000000000002 
2 6 1 0.8040653534078 8.000000000000002 
2 5 1 2.2679491924311224 6.999999999999997 
3 5 0 3.000000000000001 5.0 
2 4 1 2.267949192431123 6.999999999999997 
3 4 0 3.0000000000000004 5.0 
1 9 0 4.0 6.0 
1 8 0 3.999999999999999 6.0 
1 7 0 1.4530484824648866 7.197000575314244 
1 6 0 1.4530484824648873 7.197000575314245 
1 5 0 0.4363621076656776 7.000000000000001 
1 4 0 0.43636210766567773 7.0 
1 3 0 0.6570769172228303 4.81360650264833 
2 3 0 2.0 2.0 
1 2 0 0.6570769172228297 4.81360650264833 
2 2 0 2.0 2.0 
0 9 0 4.0 4.0 
0 8 0 4.0 4.0 
0 7 0 1.711754388729263 6.288245611270738 
0 6 0 1.7117543887292626 6.288245611270737 
0 5 0 0.4363621076656773 6.924516418829585 
0 4 0 0.43636210766567807 6.924516418829585 
0 3 1 0.6570769172228296 4.81360650264833 
0 2 1 0.6570769172228299 4.81360650264833 
