4 10 0 2.0 2.0 
5 10 0 2.0 2.0 
4 9 0 2.0 2.0 
5 9 0 2.0 2.0 
4 8 0 1.4730860033869606 12.358898943540673 
5 8 0 3.641101056459326 12.358898943540673 
4 7 0 1.4730860033869595 12.358898943540677 
5 7 0 3.641101056459326 12.358898943540673 
4 6 0 1.857572957359238 15.30548562418194 
5 6 0 4.870789136422262 13.661652832610994 
4 5 0 1.8575729573590296 15.30548581572051 
5 5 0 4.870789136422262 13.66165283261099 
4 4 0 3.901182148313814 14.000000000000005 
5 4 0 10.0 10.0 
4 3 0 3.9011821483138154 14.000000000000002 
5 3 0 10.0 10.0 
3 10 0 2.0 2.0 
3 9 0 2.0 2.0 
3 8 0 0.7021984958762634 10.459422847548597 
3 7 0 0.7021984958762687 10.459422847548598 
3 6 0 0.618942682276099 15.305485665667536 
3 5 0 0.6189426824793032 15.305485842409306 
3 4 0 1.0272517603686606 15.999999999886496 
3 3 0 1.0272517603686568 15.999999999892436 
3 2 0 2.982789403367201 11.999999999999993 
4 2 0 6.999999999999999 9.0 
3 1 0 2.9827894033672 12.000000000000002 
4 1 0 6.999999999999999 8.999999999999998 
2 8 0 0.7021984958762643 8.60421451901834 
2 7 0 0.7021984958762635 8.604214519018342 
2 6 1 0.6189426822757883 13.715751652811623 
2 5 1 0.6189426822757864 13.71575165858981 
2 4 1 0.3602106964860114 15.99999930898186 
2 3 1 0.36021069648601006 15.999999191884454 
2 2 0 0.25560446000682174 13.999999998681556 
2 1 0 0.2556044600068219 13.999999953282257 
2 0 0 2.263380053817685 9.386602259513733 
3 0 0 6.0 6.0 
2 -1 0 2.263380053817686 9.386602259513731 
3 -1 0 6.0 6.0 
1 8 0 2.585786437626906 5.414213562373096 
1 7 0 2.5857864376269046 5.414213562373096 
1 6 0 0.9520927163181496 11.693683726350582 
1 5 0 0.9520927163181387 11.693683785020093 
1 4 0 0.36021069652344867 15.887205254973944 
1 3 0 0.3602106964860118 15.887205257194784 
1 2 0 0.2556044600653031 15.833359031004418 
1 1 0 0.25560446000682435 15.833358541939791 
1 0 0 0.5840547082725948 11.61269820490008 
1 -1 0 0.5840547082729738 11.612698156705598 
0 6 0 3.0000000000000004 9.999999999999998 
0 5 0 3.0000000000000018 10.0 
0 4 0 0.5024848574080412 13.999999993055946 
0 3 0 0.5024848574077178 13.999999891912607 
0 2 1 0.4893530488923844 15.99999994680205 
0 1 1 0.4893530488923841 15.99999979749822 
0 0 1 0.47151393240450334 13.697309027298306 
0 -1 1 0.4715139324044991 13.697309140828274 
0 -2 0 0.22987897214370434 8.292726830917148 
1 -2 0 2.585786437626904 5.414213562373094 
0 -3 0 0.2298789721437048 8.292726830917148 
1 -3 0 2.5857864376269055 5.414213562373096 
-1 6 0 4.999999999999998 7.0 
-1 5 0 5.000000000000001 7.0 
-1 4 0 2.674508848367854 11.999999804810042 
-1 3 0 2.674508848373085 11.999999984505916 
-1 2 0 1.2070074557671522 15.999999999342213 
-1 1 0 1.2070074547617475 15.999999997822 
-1 0 0 0.471513932404506 15.02061948472155 
-1 -1 0 0.47151393240450784 15.02061949578379 
-1 -2 0 0.22987897214428013 11.079747680745054 
-1 -3 0 0.22987897214396025 11.079747680745054 
-2 4 0 7.0 9.0 
-2 3 0 7.0 9.000000000000002 
-2 2 0 2.9336764418891734 14.0 
-2 1 0 2.933676441889168 14.000000000000002 
-2 0 0 1.522694197934058 15.020619032784749 
-2 -1 0 1.5226941980694741 15.020618897691406 
-2 -2 0 1.129699437703548 11.892487890968539 
-2 -3 0 1.1296994377035432 11.89248789096854 
-2 -4 0 0.9999999999999993 3.0 
-1 -4 0 1.0 3.0 
-2 -5 0 0.9999999999999999 3.0 
-1 -5 0 1.0000000000000002 3.0 
-3 2 0 11.0 11.0 
-3 1 0 11.0 11.0 
-3 0 0 6.091145055071073 13.54836591689339 
-3 -1 0 6.091145055071074 13.548365916893394 
-3 -2 0 3.7331820796741297 11.892487890968535 
-3 -3 0 3.733182079674132 11.892487890968537 
-3 -4 0 3.0 3.0 
-3 -5 0 3.0 3.0 
