5 13 0 4.0 4.0 
6 13 0 4.0 4.0 
5 12 0 4.0 4.0 
6 12 0 4.0 4.0 
5 11 0 2.020262001670391 14.640805988276554 
6 11 0 4.927547899865796 14.640805988276554 
5 10 0 2.02026200167039 14.64080598827655 
6 10 0 4.927547899865796 14.640805988276554 
5 9 0 2.8534167654917177 16.96435337427334 
6 9 0 6.8768943743823385 15.123105625617663 
5 8 0 2.8534167651401345 16.964352937216646 
6 8 0 6.876894374382338 15.123105625617661 
5 7 0 4.858619310805267 16.0 
6 7 0 13.0 13.0 
5 6 0 4.858619310805263 16.0 
6 6 0 13.0 13.0 
4 13 0 4.0 4.0 
4 12 0 4.0 4.0 
4 11 0 2.0202620016707016 12.86977996258638 
4 10 0 2.02026200170199 12.869780217041129 
4 9 0 1.3959644314296686 16.96435335013917 
4 8 0 1.3959644314038124 16.96435291959992 
4 7 0 1.8120782985327812 17.999999849263858 
4 6 0 1.8120782985407813 17.99999999218084 
4 5 0 3.684528783333131 14.999999999977907 
5 5 0 7.999999999999999 12.0 
4 4 0 3.6845287867374306 14.999999999976454 
5 4 0 8.000000000000002 12.0 
3 13 0 4.0 4.0 
3 12 0 4.0 4.0 
3 11 0 2.17659454433042 11.259417944845042 
3 10 0 2.1765945443827635 11.25941794486365 
3 9 0 1.2636728645729114 15.771104855782392 
3 8 0 1.2636728610971881 15.77110486531894 
3 7 0 0.9677039847701581 17.999999790320498 
3 6 0 0.9677039849926629 17.999999398678455 
3 5 0 1.2300169433273465 16.843134321317013 
3 4 0 1.2300169433279622 16.84313435386985 
3 3 0 3.015962057543063 12.940451702171858 
4 3 0 6.186393497351667 10.999999999999996 
3 2 0 3.0159620575460693 12.940451751832038 
4 2 0 6.18639349735167 11.0 
2 13 0 4.0 4.0 
2 12 0 4.0 4.0 
2 11 0 2.3732411289888518 9.517439187049064 
2 10 0 2.37324112899153 9.517439187036459 
2 9 0 1.263672861104562 14.185239190049126 
2 8 0 1.2636728611032846 14.185239260898102 
2 7 0 0.6351723704936455 17.32583150895235 
2 6 0 0.6351723704907403 17.32583151378365 
2 5 0 0.526320632652065 17.629767439747177 
2 4 0 0.5263206327562487 17.6297675535688 
2 3 0 0.7171043689488096 14.598486286390902 
2 2 0 0.7171043686356193 14.598487166669365 
2 1 0 2.456453326283465 10.393575676887556 
3 1 0 5.381966011250105 8.618033988749897 
2 0 0 2.4564533274627345 10.393575719861456 
3 0 0 5.381966011250106 8.618033988749895 
1 11 0 2.763932022500208 8.0 
1 10 0 2.7639320225002106 8.0 
1 9 0 1.358133539287752 12.5928323539057 
1 8 0 1.3581335393170797 12.59283234226194 
1 7 0 0.6351723714451731 16.40912081295943 
1 6 0 0.6351723704906208 16.409120805341292 
1 5 0 0.32122819007041814 17.629766929258853 
1 4 0 0.3212281898436156 17.62976801079518 
1 3 0 0.227123313905019 16.203478315192605 
1 2 0 0.22712331392559673 16.20347831416533 
1 1 0 0.3164724889709325 12.117472651603503 
1 0 0 0.31647248897025354 12.117472673535186 
1 -1 0 1.9999999999999976 6.618033988749894 
2 -1 0 5.0 5.0 
1 -2 0 2.000000000000001 6.618033988749893 
2 -2 0 5.0 5.0 
0 9 0 2.349718460127116 10.999999999999963 
0 8 0 2.3497184601271157 10.999999999999604 
0 7 0 1.0316375745998887 14.831285331766992 
0 6 0 1.03163757497454 14.83128533617489 
0 5 0 0.32122818983983636 17.614398240365336 
0 4 0 0.32122818983888124 17.61439789012388 
0 3 1 0.22712331389707727 17.20833998745381 
0 2 1 0.2271233138970792 17.208339985086592 
0 1 2 0.7250416883676519 13.25406329104345 
0 0 2 0.725041688367653 13.254063292080732 
0 -1 1 1.3819660112501053 7.618033988749893 
0 -2 1 1.3819660112501067 7.618033988749892 
-1 7 0 3.9400351265623157 13.000000000000002 
-1 6 0 3.9400351265623152 12.999999999999998 
-1 5 0 2.418041887473966 16.83054769179019 
-1 4 0 2.4180418874739327 16.830548383053202 
-1 3 0 1.777801773821699 17.763071375807336 
-1 2 0 1.777801772340037 17.76307122264516 
-1 1 0 1.498934663213436 14.240845952371096 
-1 0 0 1.4989346586683239 14.240845957829796 
-1 -1 0 1.3819660112501055 7.999999999999997 
-1 -2 0 1.3819660112501058 8.000000000000002 
-2 5 0 9.354248688935408 15.0 
-2 4 0 9.354248688935407 15.0 
-2 3 0 5.562426507176051 17.763071370386733 
-2 2 0 5.56242650717605 17.763071416754382 
-2 1 0 4.546760584111672 14.414213561597638 
-2 0 0 4.546760583966049 14.41421354606412 
-2 -1 0 4.381966011250106 7.999999999999999 
-2 -2 0 4.381966011250104 8.0 
-3 3 0 17.0 17.0 
-3 2 0 17.0 17.0 
-3 1 0 11.585786437626902 14.414213562373094 
-3 0 0 11.585786437626906 14.414213562373096 
-3 -1 0 8.0 8.0 
-3 -2 0 8.0 8.0 
