2 6 0 1.0000000000000002 3.0 
3 6 0 3.0 3.0 
2 5 0 1.0000000000000002 3.0 
3 5 0 3.0 3.0 
2 4 0 0.671968710504391 9.000000000000002 
3 4 0 3.9999999999999996 9.0 
2 3 0 0.6719687105043909 9.0 
3 3 0 3.9999999999999996 9.0 
2 2 0 1.0116855105018365 9.999999999999996 
3 2 0 8.0 8.0 
2 1 0 1.0116855105018345 10.0 
3 1 0 8.0 8.0 
1 6 0 1.0 3.0 
1 5 0 1.0 3.0 
1 4 1 0.6719687105043877 7.7015621187164225 
1 3 1 0.6719687105043899 7.701562118716425 
1 2 2 1.8644500772114565 9.999999986365756 
1 1 2 1.8644500772114556 9.999999999999988 
1 0 1 1.7508594618704527 8.828427124746192 
2 0 0 3.267949192431123 6.7320508075688785 
1 -1 1 1.7508594618704496 8.828427124746188 
2 -1 0 3.267949192431123 6.732050807568877 
0 4 0 2.9999999999999996 7.0 
0 3 0 3.0 6.999999999999999 
0 2 0 0.6719687105044477 9.68415920042106 
0 1 0 0.6719687105044773 9.68415849903469 
0 0 0 0.5164915919214925 9.484435250464319 
0 -1 0 0.5164915919204558 9.484435188460072 
0 -2 0 0.7639320225002114 6.7320508075688785 
1 -2 0 2.0 4.0 
0 -3 0 0.7639320225002098 6.7320508075688785 
1 -3 0 1.9999999999999998 4.0 
-1 4 0 3.0000000000000004 5.0 
-1 3 0 2.9999999999999996 5.0 
-1 2 0 0.6719687105043908 9.0 
-1 1 0 0.6719687105043911 9.000000000000002 
-1 0 1 0.5164915919197544 9.484435250537116 
-1 -1 1 0.5164915919197555 9.48443525053711 
-1 -2 2 0.7639320225002095 6.903211925911555 
-1 -3 2 0.7639320225002113 6.9032119259115525 
-2 2 0 7.0 7.0 
-2 1 0 7.0 7.0 
-2 0 0 4.23844281816811 9.124885419764574 
-2 -1 0 4.238442818168109 9.124885419764574 
-2 -2 0 2.290724640563077 6.903211925911553 
-2 -3 0 2.290724640563077 6.9032119259115525 
-2 -4 0 2.0 2.0 
-1 -4 1 2.0 2.0 
-2 -5 0 2.0 2.0 
-1 -5 1 2.0 2.0 
