5 15 0 3.0 3.0 
6 15 0 3.0 3.0 
5 14 0 3.0 3.0 
6 14 0 3.0 3.0 
5 13 0 1.9335635597194696 8.236067977499795 
6 13 0 3.133801737490977 8.23606797749979 
5 12 0 1.9335635597194694 8.236067977499795 
6 12 0 3.133801737490978 8.23606797749979 
5 11 0 2.0673652978129953 12.89151035233481 
6 11 0 3.714586576761623 12.891510359049619 
5 10 0 2.0673652989054485 12.891510357858616 
6 10 0 3.7145865767616217 12.89151035904962 
5 9 0 2.6481501374236873 16.10809290346937 
6 9 0 4.4785186014532865 16.108092905410693 
5 8 0 2.6481501364909366 16.108092904889606 
6 8 0 4.478518599472452 16.10809290541068 
5 7 0 3.342305255229473 17.1745565046487 
6 7 0 5.554750335572952 16.69025730713943 
5 6 0 3.3423052562739075 17.174556501912374 
6 6 0 5.554750335572874 16.690257307139426 
5 5 0 4.418536990444831 17.45418927626274 
6 5 0 7.349718460127114 16.236067977499797 
5 4 0 4.418536991613054 17.45418877829682 
6 4 0 7.349718460127114 16.236067977499797 
5 3 0 5.790818315625747 16.999999938272797 
6 3 0 9.763932022500214 15.000000000000002 
5 2 0 5.790818314950716 16.999999939049996 
6 2 0 9.76393202250021 14.999999999999998 
5 1 0 7.585786437632589 14.99999999999852 
6 1 0 13.0 13.0 
5 0 0 7.585786437653034 14.99999999994576 
6 0 0 13.0 13.0 
4 15 0 2.9999999999999996 3.0 
4 14 0 3.0 3.0 
4 13 0 0.9999999999999993 8.236067977499795 
4 12 0 1.0000000000000004 8.236067977499786 
4 11 0 0.9335635597194895 12.891510359049601 
4 10 0 0.9335635597196503 12.891510359049612 
4 9 0 1.0000000000666933 16.108092733091866 
4 8 0 1.0000000000623404 16.1080927591715 
4 7 0 1.1338017375802723 17.765766815713462 
4 6 0 1.1338017374982232 17.762627706382332 
4 5 0 1.7145865836952134 18.150096327806626 
4 4 0 1.714586576828575 18.150097076238083 
4 3 0 2.7908183136259948 17.941486842888345 
4 2 0 2.7908183136713256 17.94148701217375 
4 1 0 4.585786456010113 15.928116823374063 
4 0 0 4.585786437627375 15.928116822998797 
4 -1 0 6.071883177872013 12.999999999999963 
5 -1 0 10.0 11.999999999999998 
4 -2 0 6.071883176834001 12.999999999999996 
5 -2 0 10.0 12.000000000000002 
3 15 0 3.0 3.0 
3 14 0 3.0 3.0 
3 13 0 0.9999999999999994 7.655442381549829 
3 12 0 0.9999999999999994 7.655442381549829 
3 11 1 0.9335635606077296 12.538843612669893 
3 10 1 0.9335635597196671 12.53884360446028 
3 9 2 0.4433490513843772 15.988871942117855 
3 8 2 0.4433490513843831 15.988871941349466 
3 7 1 0.4238042252979217 17.765766649408103 
3 6 1 0.4238042226162185 17.765766785181214 
3 5 0 0.42380422262986533 18.98787924424584 
3 4 0 0.42380422281150143 18.987881991826058 
3 3 0 0.794857163391607 18.91402570012395 
3 2 0 0.7948571633952344 18.914029019404335 
3 1 0 1.7856717493327963 16.999999450372233 
3 0 0 1.7856717532759392 16.999999992548805 
3 -1 0 3.071883177037937 14.236067972984413 
3 -2 0 3.0718831759864815 14.236067960381565 
3 -3 0 5.000000000000002 10.63640493721049 
4 -3 0 8.000000000000002 10.0 
3 -4 0 5.000000000000001 10.636404937210493 
4 -4 0 8.0 10.0 
2 13 0 3.381966011250105 7.302775637731994 
2 12 0 3.3819660112501047 7.302775637731994 
2 11 0 1.3819660112505048 10.939180567147563 
2 10 0 1.381966011250121 10.93918056796736 
2 9 0 0.4238042226354296 14.788155411387333 
2 8 0 0.42380422266790196 14.788154800532999 
2 7 1 0.42380422294386316 17.762584735249177 
2 6 1 0.42380422261222117 17.762627496262677 
2 5 2 0.443349051384382 18.98797483792243 
2 4 2 0.4433490513843792 18.98803683721699 
2 3 1 0.7886390250508524 19.751849715545873 
2 2 1 0.7886390251519207 19.751762314456563 
2 1 0 0.7886390254679212 18.999999974484933 
2 0 0 0.7886390250429257 18.999999571880892 
2 -1 0 2.6178386205877926 15.999999893615948 
2 -2 0 2.6178386205779365 15.99999999995096 
2 -3 0 4.617838620572996 12.236067977499737 
2 -4 0 4.617838620572813 12.236067977499644 
2 -5 0 6.999999999999999 7.0 
3 -5 0 7.0 7.0 
2 -6 0 6.999999999999999 7.000000000000001 
3 -6 0 7.0 7.0 
1 11 0 4.01509268274691 10.302775637731997 
1 10 0 4.01509268274691 10.302775637731989 
1 9 0 2.0150926832401552 13.752803964400819 
1 8 0 2.015092682747198 13.752803922456168 
1 7 0 1.4361048174025668 16.75280393987877 
1 6 0 1.4361048152265878 16.752803712873998 
1 5 0 0.7886390251524019 18.98801059771137 
1 4 0 0.7886390250471013 18.987981154188834 
1 3 0 0.7886390250695547 19.751668605697397 
1 2 0 0.7886390250453329 19.75181476688222 
1 1 0 0.7886390250378665 19.531770268578178 
1 0 0 0.7886390251438709 19.531770263406685 
1 -1 0 2.6178386354895733 16.636404922563777 
1 -2 0 2.6178386505459814 16.63640492755902 
1 -3 0 4.000000000002497 12.999999994357736 
1 -4 0 4.000000000003163 12.99999999942829 
1 -5 0 6.999999999999999 7.000000000000001 
1 -6 0 6.999999999999999 7.0 
0 9 0 3.9459157846139465 12.552087755152467 
0 8 0 3.94591578461395 12.552087747247977 
0 7 0 1.9459157870106778 15.552087183694045 
0 6 0 1.9459157846139525 15.552078068315808 
0 5 1 0.9335635597194735 18.529698815154536 
0 4 1 0.9335635597194719 18.529698834205792 
0 3 3 0.9335635597194674 19.751765776615553 
0 2 3 1.6277186767785004 19.751733751517108 
0 1 3 1.3334815059345289 19.999999976382256 
0 0 3 1.0000000000000002 19.99999896733043 
0 -1 1 0.933563559719481 18.236067924601027 
0 -2 1 0.9335635597194675 18.236067972778123 
0 -3 0 1.0000000004331049 13.531770272336361 
0 -4 0 1.0000000000000018 13.531770271522765 
0 -5 0 2.9999999999999996 8.0 
0 -6 0 2.9999999999999996 8.0 
-1 7 0 4.945915784613954 13.999999999605363 
-1 6 0 4.945915784613954 13.99999999957331 
-1 5 0 3.000000000000152 16.999999389630876 
-1 4 0 3.0000000000002127 16.9999989398891 
-1 3 0 1.3334815059383736 19.751868813914545 
-1 2 0 1.333481505939443 19.751624506959665 
-1 1 0 0.9335635597194772 19.999999599063138 
-1 0 0 0.9335635597199015 19.999999999288352 
-1 -1 0 0.9335635598039742 18.767837749229383 
-1 -2 0 0.9335635598551938 18.767837714320176 
-1 -3 0 1.0000000000000016 13.999999999920368 
-1 -4 0 0.9999999999999994 13.999999998951449 
-1 -5 0 2.999999999999999 8.000000000000002 
-1 -6 0 2.999999999999998 8.000000000000002 
-2 5 0 6.315840797461912 15.834778039164792 
-2 4 0 6.315840797461916 15.834778039164794 
-2 3 0 4.333481505944737 18.834778037651144 
-2 2 0 4.333481505945292 18.834778038969638 
-2 1 0 2.763932022507865 19.99999997813933 
-2 0 0 2.76393202250067 19.99999988934653 
-2 -1 0 2.000000000000088 19.236067950562127 
-2 -2 0 2.000000000000006 19.23606796954222 
-2 -3 0 1.9335635597194696 13.999999999955465 
-2 -4 0 1.9335635597194811 13.99999999999443 
-2 -5 0 2.999999999999998 8.000000000000002 
-2 -6 0 3.0000000000000004 8.000000000000004 
-3 3 0 9.315840797461911 17.0 
-3 2 0 9.31584079746191 17.000000000000004 
-3 1 0 6.07977281996215 19.99999999982085 
-3 0 0 6.079772819962133 19.99999999995137 
-3 -1 0 4.097413528440783 19.236067763840495 
-3 -2 0 4.097413528546841 19.2360679774993 
-3 -3 0 3.333481505936665 13.999999998683252 
-3 -4 0 3.3334815059366707 13.999999999138787 
-3 -5 0 3.0000000000000018 8.0 
-3 -6 0 3.000000000000001 8.0 
-4 1 0 18.0 18.0 
-4 0 0 18.0 18.0 
-4 -1 0 12.0 19.23606797749979 
-4 -2 0 12.0 19.236067977499786 
-4 -3 0 8.763932022500212 14.000000000000002 
-4 -4 0 8.76393202250021 13.999999999999998 
-4 -5 0 8.0 8.0 
-4 -6 0 8.0 8.0 
