3 11 0 1.0 1.0 
4 11 0 1.0 1.0 
3 10 0 1.0 1.0 
4 10 0 1.0 1.0 
3 9 0 0.4633703787941973 7.701562118716425 
4 9 0 1.2984378812835773 7.701562118716424 
3 8 0 0.4633703787941969 7.701562118716424 
4 8 0 1.2984378812835755 7.7015621187164225 
3 7 0 0.6296724571202903 9.668363223399634 
4 7 0 2.627718676730985 8.372281323269016 
3 6 0 0.6296724571202902 9.668363223399636 
4 6 0 2.6277186767309857 8.372281323269014 
3 5 0 1.8803308573884105 7.999999999999999 
4 5 0 6.0 6.0 
3 4 0 1.8803308573884094 8.0 
4 4 0 6.0 6.0 
2 9 0 0.46337037879419696 5.843404487333674 
2 8 0 0.4633703787941974 5.843404487333674 
2 7 1 0.6296724571202862 9.668363223349083 
2 6 1 0.6296724571202869 9.66836322339772 
2 5 1 1.1804315303285853 9.999999999999218 
2 4 1 1.1804315303285897 9.99999999999997 
2 3 0 2.000000000000001 6.732050807568878 
3 3 0 4.0 4.0 
2 2 0 1.9999999999999984 6.732050807568877 
3 2 0 4.0 4.0 
1 9 0 3.0 3.0 
1 8 0 3.0 3.0 
1 7 0 0.8197045191414415 8.0 
1 6 0 0.8197045191414413 8.000000000000002 
1 5 0 0.4684951166427204 9.99999999999586 
1 4 0 0.4684951166428811 9.999999999968052 
1 3 0 0.5920853278201406 7.740486792068035 
1 2 0 0.5920853278201409 7.740486792068036 
0 7 0 2.585786437626905 5.999999999999999 
0 6 0 2.585786437626906 6.0 
0 5 0 0.4684951166427179 10.000000000000002 
0 4 0 0.4684951166427168 9.999999999999998 
0 3 1 0.5920853278201421 9.000000000000002 
0 2 1 0.5920853278201401 9.0 
0 1 1 2.0 3.0 
1 1 0 2.0 2.0 
0 0 1 2.0 3.0 
1 0 0 2.0 2.0 
-1 5 0 8.0 8.0 
-1 4 0 8.0 8.0 
-1 3 0 4.0 9.000000000000002 
-1 2 0 4.000000000000001 9.0 
-1 1 0 3.0 3.0 
-1 0 0 3.0 3.0 
