2 6 0 0.76393202250021 5.23606797749979 
3 6 1 0.7639320225002106 5.236067977499789 
2 5 0 0.763932022500211 5.236067977499789 
3 5 1 0.7639320225002112 5.23606797749979 
2 4 0 0.5164915919197522 8.87539748250996 
3 4 0 0.516491591919754 8.875397482509957 
2 3 0 0.5164915919197575 8.87539748250996 
3 3 0 0.5164915919197536 8.87539748250996 
2 2 0 1.8644500772114532 9.124885419764572 
3 2 0 2.4384471871911693 7.56155281280883 
2 1 0 1.8644500772114505 9.124885419764574 
3 1 0 2.4384471871911693 7.561552812808831 
2 0 0 4.999999999999999 7.0 
3 0 0 5.0 5.0 
2 -1 0 4.999999999999999 7.0 
3 -1 0 5.0 5.0 
1 6 0 2.0 2.0 
1 5 0 2.0 2.0 
1 4 2 2.2907246405630763 8.828427124746192 
1 3 2 2.2907246405630772 8.828427124746193 
1 2 2 1.0116855105018372 9.999999999999998 
1 1 2 1.0116855105018374 10.0 
1 0 0 0.6719687105043879 8.999999999999996 
1 -1 0 0.6719687105043904 8.999999999999998 
0 4 0 3.2679491924311215 6.7320508075688785 
0 3 0 3.267949192431122 6.7320508075688785 
0 2 0 1.0116855105018403 9.999999999999998 
0 1 0 1.0116855105018336 10.0 
0 0 0 0.6719687105043916 9.684159202538085 
0 -1 0 0.6719687105043941 9.68415920253808 
0 -2 0 2.9999999999999996 5.000000000000001 
1 -2 0 2.9999999999999996 3.0 
0 -3 0 3.0 5.0 
1 -3 0 2.9999999999999996 3.0 
-1 4 0 4.0 4.0 
-1 3 0 4.0 4.0 
-1 2 0 1.7508594618704503 8.0 
-1 1 0 1.750859461870451 8.0 
-1 0 1 2.1652219608352095 9.684159202538083 
-1 -1 1 2.1652219608352095 9.684159202538083 
-1 -2 1 1.2984378812835755 7.701562118716424 
-1 -3 1 1.2984378812835748 7.701562118716424 
-2 2 0 6.0 6.0 
-2 1 0 6.0 6.0 
-2 0 0 2.627718676730984 8.372281323269014 
-2 -1 0 2.6277186767309857 8.372281323269013 
-2 -2 0 1.2984378812835757 7.701562118716425 
-2 -3 0 1.298437881283576 7.7015621187164225 
-2 -4 0 1.0 1.0 
-1 -4 0 1.0 1.0 
-2 -5 0 1.0 1.0 
-1 -5 0 1.0 1.0 
