2 4 0 5.0 5.000000000000001 
3 4 0 5.0 5.0 
2 3 0 5.0 5.0 
3 3 0 5.0 5.0 
2 2 0 2.5453978686569756 11.756261059304808 
3 2 0 5.244615121832043 11.75626106023664 
2 1 0 2.5453978686569694 11.756261060236604 
3 1 0 5.244615121832045 11.756261060236639 
2 0 0 2.782057747683875 15.249632670472796 
3 0 0 6.368228055253992 15.055887086550891 
2 -1 0 2.7820577518661804 15.249632670359379 
3 -1 0 6.3682280552539945 15.055887086550891 
2 -2 0 3.6637320187861424 17.642175760920956 
3 -2 0 8.218748197856215 16.942494563381644 
2 -3 0 3.6637320250534193 17.642175750360146 
3 -3 0 8.21874819785622 16.942494563381647 
2 -4 0 5.067685819032829 17.500059441606915 
3 -4 0 10.57895572584392 16.667921550539198 
2 -5 0 5.067685818562423 17.500059441817022 
3 -5 0 10.578955725843924 16.667921550539198 
2 -6 0 7.194619558494942 16.019412997457074 
3 -6 0 15.0 15.0 
2 -7 0 7.194619558494941 16.01941188488941 
3 -7 0 15.0 15.0 
1 4 0 5.0 5.0 
1 3 0 5.0 5.0 
1 2 0 2.5348826815385 11.520171478383737 
1 1 0 2.534882681539728 11.520171478381709 
1 0 0 1.4630598928414162 15.249632612581163 
1 -1 0 1.4630598928493435 15.249632658979086 
1 -2 0 1.744714516598118 17.805501853393118 
1 -3 0 1.7447145167356974 17.805501800025024 
1 -4 0 2.4920445203644976 19.064091981107303 
1 -5 0 2.4920445361898276 19.06409227042854 
1 -6 0 3.6908900280214056 17.999999998133244 
1 -7 0 3.6908900280129404 17.99999999992092 
1 -8 0 5.602289868369861 14.890414823343336 
2 -8 0 10.000000000000002 14.000000000000002 
1 -9 0 5.60228986836986 14.890414504655975 
2 -9 0 10.0 14.000000000000002 
0 4 0 5.0 5.0 
0 3 0 5.0 5.000000000000001 
0 2 0 2.5348826816077565 10.09192553201992 
0 1 0 2.53488268167807 10.091925537946151 
0 0 1 1.463059895581497 14.842770872127494 
0 -1 1 1.4630598928412617 14.842770872359726 
0 -2 1 0.4252755864092256 17.805501123506758 
0 -3 1 0.42527558640923036 17.80550185299244 
0 -4 0 0.33760977864592046 19.18136937621034 
0 -5 0 0.33760977863282426 19.181369387208726 
0 -6 0 0.9401777742798587 18.685632707922277 
0 -7 0 0.9401777743363257 18.685632663370065 
0 -8 0 2.321476398926649 15.84921003950767 
0 -9 0 2.321476397021848 15.849208741747184 
0 -10 0 4.0914832504631775 13.852457945590206 
1 -10 0 8.000000000000002 13.000000000000002 
0 -11 0 4.091483250322015 13.852457840301401 
1 -11 0 8.000000000000002 13.0 
-1 4 0 5.0 5.0 
-1 3 0 5.0 5.0 
-1 2 0 2.870371064833482 9.602295863062631 
-1 1 0 2.8703710648955116 9.602295643783064 
-1 0 0 1.5318125399322002 13.614488809592878 
-1 -1 0 1.531812539886192 13.614488796315236 
-1 -2 0 0.4252755867089382 16.656273825397562 
-1 -3 0 0.42527558668456006 16.656273625643955 
-1 -4 0 0.3376097786609795 19.18136936567761 
-1 -5 0 0.33760977869803044 19.181369387057593 
-1 -6 0 0.5634948103230768 19.41967943296543 
-1 -7 0 0.5634948102363846 19.419678501210292 
-1 -8 0 1.007429246661392 17.337299911842976 
-1 -9 0 1.0074292464682708 17.33777531763657 
-1 -10 0 2.092614093033523 14.701752419274206 
-1 -11 0 2.0926140927639127 14.701752339290167 
-1 -12 0 3.3754494290829484 12.224504596405398 
0 -12 0 6.186393497351672 11.000000000000002 
-1 -13 0 3.375449429083319 12.224504596401895 
0 -13 0 6.186393497351671 11.000000000000002 
-2 4 0 5.0 5.0 
-2 3 0 5.0 5.0 
-2 2 0 3.1924520448495297 9.534284076243305 
-2 1 0 3.1924520448495315 9.534284076243301 
-2 0 0 1.815454288406201 12.731075436749071 
-2 -1 0 1.8154542884075098 12.731075526445428 
-2 -2 0 0.7455493517916272 15.414575454194956 
-2 -3 0 0.7455493519241555 15.414570402613908 
-2 -4 1 0.6718863369530784 18.99999994332794 
-2 -5 1 0.6718863369530864 18.99999988633099 
-2 -6 1 0.4241153895271541 19.99999919135266 
-2 -7 1 0.4241153895271534 19.999999936784135 
-2 -8 0 0.2400247347584615 18.172936902570957 
-2 -9 0 0.2400247347584109 18.172388562223517 
-2 -10 0 0.732571755352011 15.58972436921758 
-2 -11 0 0.7325717549105699 15.589723216673258 
-2 -12 0 1.7557540210527753 13.097286303090256 
-2 -13 0 1.755754021052669 13.097286379054461 
-2 -14 0 3.0276776342087306 9.063862871299003 
-1 -14 0 5.381966011250104 8.618033988749895 
-2 -15 0 3.0276776342087315 9.063862871299001 
-1 -15 0 5.381966011250103 8.618033988749893 
-3 2 0 5.518805695907983 9.170086486626033 
-3 1 0 5.518805695907984 9.170086486626037 
-3 0 0 3.697517963262358 12.247291176618994 
-3 -1 0 3.6975179632624826 12.24729117662206 
-3 -2 0 2.2955403968117825 14.547185048010629 
-3 -3 0 2.295540395837183 14.548647629569805 
-3 -4 0 1.1826748052099005 16.646679812572426 
-3 -5 0 1.1826748050724218 16.64667955157998 
-3 -6 0 0.4241153895279726 19.999999958017316 
-3 -7 0 0.4241153895886347 19.999999983650902 
-3 -8 0 0.24002473484707987 19.008217443511597 
-3 -9 0 0.2400247347785048 19.00821825910199 
-3 -10 0 0.732571754911885 16.45623911165488 
-3 -11 0 0.7325717549145329 16.456239309261612 
-3 -12 0 1.5851813230861551 13.962965518805465 
-3 -13 0 1.58518132125814 13.962965518494364 
-3 -14 0 2.775517430821882 9.798214451777316 
-3 -15 0 2.7755174943058747 9.798214430625572 
-3 -16 0 5.0 5.0 
-2 -16 0 5.0 5.0 
-3 -17 0 5.0 5.0 
-2 -17 0 5.0 5.0 
-4 0 0 6.518805695907983 11.170086486626035 
-4 -1 0 6.518805695907986 11.170086486626035 
-4 -2 0 4.660612185773729 13.845927675276858 
-4 -3 0 4.660612187538809 13.845927877896855 
-4 -4 0 3.2478656364719467 15.732808769045793 
-4 -5 0 3.2478656366718845 15.732811676141633 
-4 -6 0 1.9730325130095867 17.824017217929494 
-4 -7 0 1.9730325143988912 17.824017474276662 
-4 -8 0 1.3010005972317704 19.008187450034168 
-4 -9 0 1.301000597283104 19.00821817972972 
-4 -10 0 0.8012043820531902 17.29062791976782 
-4 -11 0 0.801204382053559 17.290627004242737 
-4 -12 0 1.5851813216794552 14.804218127984724 
-4 -13 0 1.5851813205746383 14.804218129313698 
-4 -14 0 2.7511780523023637 10.610525667190625 
-4 -15 0 2.7511780523010763 10.610525814764562 
-4 -16 0 4.999999999999999 5.0 
-4 -17 0 5.0 5.000000000000001 
-5 -2 0 8.0 12.999999999999998 
-5 -3 0 8.000000000000002 13.0 
-5 -4 0 5.9915931304536 14.887004199507881 
-5 -5 0 5.991593704134066 14.887004198288752 
-5 -6 0 4.1819096711505415 16.79185370428876 
-5 -7 0 4.181909671755825 16.79185366105503 
-5 -8 0 2.862902760265851 18.34023834034351 
-5 -9 0 2.8629027525311694 18.3402382353635 
-5 -10 0 2.0905997988973417 17.3343068371356 
-5 -11 0 2.0905997988988925 17.334307149449828 
-5 -12 0 1.7765986224379122 14.95856974874091 
-5 -13 0 1.7765986226865824 14.958569768428934 
-5 -14 0 2.751178052311823 11.430236088794432 
-5 -15 0 2.7511780523207756 11.430236089016155 
-5 -16 0 5.0 5.0 
-5 -17 0 4.999999999999999 5.000000000000001 
-6 -4 0 10.0 14.000000000000002 
-6 -5 0 10.0 14.0 
-6 -6 0 7.58759593686879 15.908832877027285 
-6 -7 0 7.587595936863136 15.90883287762635 
-6 -8 0 5.7790830844215195 17.4294366816052 
-6 -9 0 5.77908308436911 17.42943668314379 
-6 -10 0 4.505958314270933 17.334307147062802 
-6 -11 0 4.505958314778257 17.334307155566197 
-6 -12 0 3.6044145156731773 15.042846461743101 
-6 -13 0 3.6044145156867695 15.042846302883442 
-6 -14 0 3.133734696027665 11.54138126506248 
-6 -15 0 3.133734696029751 11.541381241391885 
-6 -16 0 5.0 5.0 
-6 -17 0 5.0 5.0 
-7 -6 0 15.0 15.0 
-7 -7 0 15.0 15.0 
-7 -8 0 10.471082042705637 16.618033988749893 
-7 -9 0 10.471082042705637 16.618033988749904 
-7 -10 0 8.270287161588648 16.871621336624564 
-7 -11 0 8.270287161588643 16.87162133662456 
-7 -12 0 6.582410086519996 15.042846461743943 
-7 -13 0 6.582410086519994 15.042846461743947 
-7 -14 0 5.458618734850891 11.541381265149107 
-7 -15 0 5.458618734850889 11.54138126514911 
-7 -16 0 5.0 5.0 
-7 -17 0 5.0 5.0 
