3 9 0 4.0 4.0 
4 9 0 4.0 4.0 
3 8 0 4.0 4.0 
4 8 0 4.0 4.0 
3 7 0 2.167072247788569 9.86619826250902 
4 7 0 5.344557618450169 9.866198262509021 
3 6 0 2.167072247788568 9.866198262509023 
4 6 0 5.344557618450168 9.866198262509023 
3 5 0 2.836927632883578 12.879543922411179 
4 5 0 7.48586307066471 12.086130197651494 
3 4 0 2.8369276337097356 12.879543955458391 
4 4 0 7.485863070664709 12.086130197651492 
3 3 0 4.573332364923512 12.014947659167305 
4 3 0 11.0 11.0 
3 2 0 4.573332364923512 12.014947659167305 
4 2 0 11.0 11.0 
2 9 0 4.0 4.0 
2 8 0 3.9999999999999996 4.0 
2 7 0 2.1302725681177455 9.552311522101816 
2 6 0 2.1302725691233593 9.552311521149779 
2 5 0 1.2960255680642172 12.879543956276805 
2 4 0 1.2960255680614665 12.879543956192485 
2 3 0 1.5427479523266234 13.999999999999973 
2 2 0 1.5427479523266223 13.99999999999994 
2 1 0 3.081807368354766 10.95399474097563 
3 1 0 7.0 10.0 
2 0 0 3.081807366213224 10.953993965639384 
3 0 0 7.0 10.0 
1 9 0 4.0 4.0 
1 8 0 4.0 4.0 
1 7 0 2.1302725681185084 8.797526945741021 
1 6 0 2.130272568117293 8.797526945907345 
1 5 0 0.8969125125236801 12.106131272180177 
1 4 0 0.8969125142586206 12.106131374570872 
1 3 0 0.50922937967414 13.999999997271356 
1 2 0 0.5092293796367279 13.999999998249322 
1 1 0 0.9067294300980675 12.69402137385146 
1 0 0 0.9067294300956075 12.69402137387376 
1 -1 0 1.994083119162451 9.833885094189158 
2 -1 0 5.000000000000001 8.414213562373098 
1 -2 0 1.9940831191740065 9.833885202809357 
2 -2 0 5.0 8.414213562373096 
0 9 0 4.0 4.0 
0 8 0 4.0 4.0 
0 7 0 2.294433320613512 7.983259439322662 
0 6 0 2.294433320613511 7.983259439322665 
0 5 0 0.8969125125236783 10.794221307155386 
0 4 0 0.8969125125236775 10.794221307356107 
0 3 1 0.509229379252649 13.605659526286843 
0 2 1 0.5092293792526502 13.60565956347343 
0 1 2 1.0203755440141131 13.285512656815774 
0 0 2 1.0203755440140243 13.285512622185667 
0 -1 1 0.6764176819843808 10.6235516167114 
0 -2 1 0.676417681984379 10.623551600356087 
0 -3 0 1.4199215186502767 7.8976574160456 
1 -3 0 3.5857864376269055 6.414213562373094 
0 -4 0 1.4199215186502756 7.897657416045604 
1 -4 0 3.585786437626905 6.414213562373096 
-1 7 0 5.0 6.999999999999999 
-1 6 0 5.0 7.0 
-1 5 0 3.2924164447885134 9.945634988353753 
-1 4 0 3.292416444744615 9.94563493249464 
-1 3 0 1.984576225974347 12.999999974525467 
-1 2 0 1.984576225827882 12.999999567027846 
-1 1 0 1.0203755440647764 13.285512317995794 
-1 0 0 1.0203755440141795 13.285512656845395 
-1 -1 0 0.6764176819843807 12.00776601112415 
-1 -2 0 0.6764176819844321 12.007766013639591 
-1 -3 0 1.4199215195548243 8.043202980658156 
-1 -4 0 1.4199215193189476 8.043202992020568 
-1 -5 0 2.9999999999999996 3.0 
0 -5 0 3.0 3.0 
-1 -6 0 2.9999999999999996 3.0 
0 -6 0 3.0 3.0 
-2 5 0 7.0 9.0 
-2 4 0 6.999999999999999 9.0 
-2 3 0 4.3125080225156385 11.051028211643676 
-2 2 0 4.312508022515638 11.051028211643676 
-2 1 0 2.5641757263317615 12.280007587911843 
-2 0 0 2.5641757262076457 12.28000712525397 
-2 -1 0 1.736791378158964 12.007765982598071 
-2 -2 0 1.7367913779321311 12.00776572101317 
-2 -3 0 1.4293089673781392 8.658515598438068 
-2 -4 0 1.4293089673781387 8.658515598438074 
-2 -5 0 3.0 3.0 
-2 -6 0 2.9999999999999996 3.0 
-3 3 0 10.0 10.0 
-3 2 0 10.0 10.0 
-3 1 0 7.2434017461399325 11.438283239402894 
-3 0 0 7.243401746139933 11.438283239402896 
-3 -1 0 4.982366518406418 11.336399255279447 
-3 -2 0 4.982366518406416 11.336399255279446 
-3 -3 0 3.6194283313355955 8.65851559843807 
-3 -4 0 3.6194283313355955 8.65851559843807 
-3 -5 0 3.0 3.0 
-3 -6 0 3.0 3.0 
