2 6 0 2.0 2.0 
3 6 0 2.0 2.0 
2 5 0 2.0 2.0 
3 5 0 2.0 2.0 
2 4 0 0.8316894870434164 8.546951517535115 
3 4 0 2.8029994246857552 8.546951517535115 
2 3 0 0.8316894870434168 8.546951517535113 
3 3 0 2.8029994246857552 8.546951517535115 
2 2 0 0.9595286054192422 11.518779537214469 
3 2 0 4.084129568284464 11.242519995421002 
2 1 0 0.9595286051596843 11.518779537214465 
3 1 0 4.084129568284464 11.242519995421002 
2 0 0 2.089210560230204 12.263648333805364 
3 0 0 6.040311461189128 11.140732066483597 
2 -1 0 2.089210560216847 12.26364833379377 
3 -1 0 6.040311461189129 11.140732066483599 
2 -2 0 3.839598807543119 11.000000000000005 
3 -2 0 9.0 9.0 
2 -3 0 3.839598807543118 10.999999999999998 
3 -3 0 9.0 9.0 
1 6 0 2.0 2.0 
1 5 0 2.0 2.0 
1 4 0 0.8316894870434145 8.351677194337078 
1 3 0 0.831689487043417 8.35167719433708 
1 2 0 0.33378527671009445 11.518779536195256 
1 1 0 0.3337852767100989 11.518779537097352 
1 0 0 0.5032147780563582 13.462220701810505 
1 -1 0 0.5032147780565286 13.46222063273482 
1 -2 0 1.4008009078461494 11.999999999757332 
1 -3 0 1.4008009067808007 11.999999998234227 
1 -4 0 2.743534145913644 9.732050807568879 
2 -4 0 7.0 7.0 
1 -5 0 2.743534145913643 9.732050807568879 
2 -5 0 7.0 7.000000000000001 
0 4 0 2.6570769172228283 6.813606502648332 
0 3 0 2.6570769172228292 6.813606502648332 
0 2 0 0.33378527676087794 10.50510125183863 
0 1 0 0.33378527672506636 10.50510125197566 
0 0 1 0.5032147780563533 13.462220732338956 
0 -1 1 0.5032147780563518 13.462220755498505 
0 -2 1 0.8425112430514715 13.999999999913946 
0 -3 1 0.8425112430514705 13.999999999840309 
0 -4 0 1.891761672060619 10.784443674081341 
0 -5 0 1.891761672319095 10.784443668230537 
0 -6 0 4.267949192431122 7.732050807568878 
1 -6 0 5.0 5.0 
0 -7 0 4.2679491924311215 7.732050807568878 
1 -7 0 5.0 5.0 
-1 4 0 4.0 4.0 
-1 3 0 4.0 4.0 
-1 2 0 1.7683664136411419 9.000000000000005 
-1 1 0 1.7683664136411423 9.000000000000004 
-1 0 0 0.706293727754458 11.964966087800436 
-1 -1 0 0.706293727754438 11.96496608914085 
-1 -2 0 0.3588762738321037 13.999999986934307 
-1 -3 0 0.35887627368654773 13.999999995924862 
-1 -4 0 0.5052101790509023 11.686269223799812 
-1 -5 0 0.5052101790508918 11.686268933485898 
-1 -6 0 1.4553527232755739 8.475673683779014 
-1 -7 0 1.455352723275574 8.475673683779014 
-2 2 0 5.0 7.0 
-2 1 0 4.999999999999999 7.0 
-2 0 0 2.176269006406045 11.000000000000004 
-2 -1 0 2.1762690064061783 10.99999998677678 
-2 -2 0 0.3588762736865489 13.999999999992482 
-2 -3 0 0.358876273686548 13.999999999971541 
-2 -4 1 0.5052101790508897 13.067409445352531 
-2 -5 1 0.5052101790508913 13.067409006209306 
-2 -6 1 1.4553527232755759 10.125680728881571 
-2 -7 1 1.4553527232755747 10.125680728881568 
-2 -8 0 2.9999999999999996 3.0 
-1 -8 0 3.0 3.0 
-2 -9 0 3.0 3.0 
-1 -9 0 3.0 3.0 
-3 0 0 7.000000000000002 9.0 
-3 -1 0 7.000000000000002 9.0 
-3 -2 0 4.049165845135918 12.0 
-3 -3 0 4.049165845135919 12.000000000000002 
-3 -4 0 2.3112757772685755 13.067409442100992 
-3 -5 0 2.3112757772367636 13.067409445245614 
-3 -6 0 1.7128376598748885 10.58774145047201 
-3 -7 0 1.7128376598748891 10.587741450472015 
-3 -8 0 2.9999999999999996 3.0 
-3 -9 0 3.0 3.0 
-4 -2 0 10.0 10.0 
-4 -3 0 10.0 10.0 
-4 -4 0 5.79852766178076 11.746568246995718 
-4 -5 0 5.798527661780759 11.746568246995716 
-4 -6 0 3.810465979664919 10.587741450472013 
-4 -7 0 3.810465979664918 10.587741450472011 
-4 -8 0 3.0 3.0 
-4 -9 0 3.0 3.0 
