2 4 0 2.0 5.000000000000001 
3 4 0 5.0 5.0 
2 3 0 2.0 5.0 
3 3 0 5.0 5.0 
2 2 0 2.4822529801504967 14.242640687119291 
3 2 0 5.7573593128807135 14.242640687119287 
2 1 0 2.4822529801036763 14.242640687119284 
3 1 0 5.757359312880714 14.242640687119282 
2 0 0 3.1738731808047413 17.12604821588385 
3 0 0 8.35424868893541 15.0 
2 -1 0 3.173873172525419 17.125945612033924 
3 -1 0 8.35424868893541 15.0 
2 -2 0 4.301123715275177 16.99999999999998 
3 -2 0 14.0 14.0 
2 -3 0 4.301123715275179 16.99999999999999 
3 -3 0 14.0 14.0 
1 4 0 1.999999999999999 5.0 
1 3 0 1.9999999999999996 5.0 
1 2 0 1.0346784842277579 13.203298184205936 
1 1 0 1.034678484227778 13.203298194149292 
1 0 0 1.410510947698127 17.125999627822782 
1 -1 0 1.4105109476937943 17.12589214415057 
1 -2 0 2.291748876008662 17.734636881493227 
1 -3 0 2.2917488760669342 17.734636718565266 
1 -4 0 3.5872311352035173 14.99999999269519 
2 -4 0 8.585786437626902 13.000000000000002 
1 -5 0 3.587231135179678 14.999998763152961 
2 -5 0 8.585786437626906 13.000000000000002 
0 4 0 1.9999999999999998 5.0 
0 3 0 2.0000000000000004 5.000000000000001 
0 2 1 1.0346784842277545 12.652455602918403 
0 1 1 1.0346784842277563 12.65245564178271 
0 0 2 0.830280393969963 16.08514315009366 
0 -1 2 0.8302803939699618 16.085143911660253 
0 -2 1 0.4683206928790015 17.734636881249408 
0 -3 1 0.46832069287899164 17.734636874679225 
0 -4 0 0.6246872142713662 16.772069331068465 
0 -5 0 0.6246872148119353 16.772069331945286 
0 -6 0 1.9912649658615242 12.946158589882852 
1 -6 0 5.585786437626904 11.0 
0 -7 0 1.9912649645277003 12.946156447721233 
1 -7 0 5.585786437626904 11.0 
-1 4 0 4.0 4.0 
-1 3 0 4.0 4.0 
-1 2 0 2.335090091900576 11.149649665798066 
-1 1 0 2.335090091900511 11.149649665791362 
-1 0 0 0.8302803939984443 14.557857816755867 
-1 -1 0 0.8302803939760005 14.557858015771174 
-1 -2 0 0.4683206928790837 17.467424914257048 
-1 -3 0 0.4683206928792382 17.467425113956477 
-1 -4 0 0.6246872142510352 17.460283948248964 
-1 -5 0 0.6246872142727314 17.46028466577242 
-1 -6 0 1.3232481059622947 14.752902392836516 
-1 -7 0 1.323248105989872 14.752902272105713 
-1 -8 0 2.3177518970285096 10.791784677102063 
0 -8 0 4.585786437626904 8.0 
-1 -9 0 2.317751897450287 10.79178467710206 
0 -9 0 4.585786437626906 8.0 
-2 2 0 2.7639320225002106 10.0 
-2 1 0 2.76393202250021 10.000000000000002 
-2 0 0 1.0234241191243154 13.37556494828328 
-2 -1 0 1.023424119124315 13.37556491161322 
-2 -2 1 0.6014597835086223 16.77391202844081 
-2 -3 1 0.6014597835086201 16.77391176061072 
-2 -4 2 1.0600991223622467 17.99999999456773 
-2 -5 2 1.0600991223622496 17.999998656498697 
-2 -6 1 0.5973585815669537 16.268773364191432 
-2 -7 1 0.5973585815669548 16.268772923075016 
-2 -8 0 0.8500643781293081 12.666953067566894 
-2 -9 0 0.8500643781289902 12.666953072960363 
-2 -10 0 2.0000000000000004 6.618033988749895 
-1 -10 0 5.0 5.0 
-2 -11 0 2.0 6.618033988749897 
-1 -11 0 5.0 5.0 
-3 0 0 3.700648176234342 11.6591533251867 
-3 -1 0 3.70064817623434 11.659153325186697 
-3 -2 0 1.9299258323707336 14.898230115357846 
-3 -3 0 1.9299258317027488 14.898230115631998 
-3 -4 0 1.0600991223771805 17.999999764063688 
-3 -5 0 1.0600991223627152 17.999999428066843 
-3 -6 0 0.5973585815962704 17.0789210091445 
-3 -7 0 0.5973585816025706 17.07892081277434 
-3 -8 0 0.8500643782825106 14.211345989120735 
-3 -9 0 0.8500643783902839 14.211346024992944 
-3 -10 0 1.9999999999999998 6.999999999999997 
-3 -11 0 1.9999999999999982 6.999999999999999 
-4 -2 0 4.867435956450711 13.641477976665803 
-4 -3 0 4.867435956450716 13.641477976665804 
-4 -4 0 3.093306328101816 16.826909169774314 
-4 -5 0 3.0933063281104496 16.826909170912792 
-4 -6 0 2.4572158049348127 17.999999452755805 
-4 -7 0 2.4572158030841393 17.999999999483006 
-4 -8 0 1.6747689479030043 15.658703957680212 
-4 -9 0 1.6747689479879593 15.658704816557579 
-4 -10 0 2.000000000000001 7.000000000000003 
-4 -11 0 2.0000000000000004 7.000000000000002 
-5 -4 0 6.761860637298007 15.0 
-5 -5 0 6.7618606372980095 15.0 
-5 -6 0 5.032207649164509 17.999999999999872 
-5 -7 0 5.032207649164513 17.99999999999998 
-5 -8 0 4.086514137485144 16.531128874149218 
-5 -9 0 4.086514138184643 16.531128874149246 
-5 -10 0 3.381966011250105 7.0 
-5 -11 0 3.3819660112501064 7.0 
-6 -6 0 16.0 16.0 
-6 -7 0 16.0 16.0 
-6 -8 0 8.468871125850724 16.531128874149275 
-6 -9 0 8.468871125850725 16.531128874149275 
-6 -10 0 7.0 7.0 
-6 -11 0 7.0 7.0 
