3 9 0 3.0 3.0 
4 9 0 3.0 3.0 
3 8 0 3.0 3.0 
4 8 0 3.0 3.0 
3 7 0 1.6702726335764113 8.561552812808833 
4 7 0 4.438447187191169 8.56155281280883 
3 6 0 1.670272633576415 8.561552812808827 
4 6 0 4.438447187191169 8.56155281280883 
3 5 0 2.1900660344951977 10.000000000000002 
4 5 0 8.0 8.0 
3 4 0 2.1900660344951994 10.000000000000002 
4 4 0 8.0 8.0 
2 9 0 3.0 3.0 
2 8 0 3.0 3.0 
2 7 0 1.6702726335764142 8.261708639200467 
2 6 0 1.6702726335764164 8.261708639200473 
2 5 0 0.7868678804837739 9.99999999999833 
2 4 0 0.7868678806214079 9.999999999999458 
2 3 0 1.0011233209045636 9.0 
3 3 0 4.999999999999999 7.0 
2 2 0 1.0011233209045602 9.000000000000007 
3 2 0 5.0 7.0 
1 9 0 3.0 3.0 
1 8 0 3.0 3.0 
1 7 0 1.7455107502776048 7.614458205262593 
1 6 0 1.7455107502776053 7.614458205262596 
1 5 0 0.7868678804837759 9.223361350842968 
1 4 0 0.7868678804839523 9.223361350842918 
1 3 0 0.3496534259688122 9.401866523511798 
1 2 0 0.3496534259688128 9.401866699842584 
1 1 0 0.615541373520489 7.3042618827927495 
2 1 0 3.0000000000000004 5.0 
1 0 0 0.6155413735204899 7.3042618827927495 
2 0 0 2.9999999999999996 5.000000000000001 
0 7 0 2.5857864376269055 6.0 
0 6 0 2.5857864376269055 6.0 
0 5 0 1.2664287644531136 8.68866700778177 
0 4 0 1.2664287644531125 8.688667007781772 
0 3 0 0.34965342603856586 9.401866713208584 
0 2 0 0.34965342596959126 9.401866713429872 
0 1 1 0.6155413735204894 8.449489742783175 
0 0 1 0.6155413735204897 8.449489742783175 
0 -1 1 2.0 3.0000000000000004 
1 -1 0 2.0 2.0 
0 -2 1 1.9999999999999998 3.0 
1 -2 0 2.0 2.0 
-1 5 0 8.0 8.0 
-1 4 0 8.0 8.0 
-1 3 0 4.438447187191169 8.561552812808833 
-1 2 0 4.43844718719117 8.56155281280883 
-1 1 0 3.5505102572168212 8.449489742783179 
-1 0 0 3.5505102572168217 8.449489742783175 
-1 -1 0 3.0 3.0 
-1 -2 0 3.0 3.0 
