5 15 1 2.0 2.0 
6 15 0 2.0 2.0 
5 14 1 2.0000000000000004 2.0000000000000004 
6 14 0 2.0 2.0 
5 13 2 1.999999999999999 11.053754570288586 
6 13 0 2.5540614777961497 11.053754570288582 
5 12 2 2.0 11.053754570288584 
6 12 0 2.554061477796149 11.053754570288582 
5 11 1 0.9878275359524373 13.394370056374312 
6 11 0 4.25834261322606 11.74165738677394 
5 10 1 0.9878275359524356 13.394370056374315 
6 10 0 4.258342613226057 11.741657386773939 
5 9 0 1.530266487542544 11.999999999999998 
6 9 0 9.0 9.0 
5 8 0 1.5302664875425427 12.0 
6 8 0 9.0 9.0 
4 13 0 1.9999999999999978 9.64575131106459 
4 12 0 2.0 9.645751311064592 
4 11 0 0.9878275359532315 13.394369920196041 
4 10 0 0.9878275359535018 13.394369777748873 
4 9 0 1.5302664875425442 13.999999594771694 
4 8 0 1.5302664875425669 13.999999962139304 
4 7 0 4.999999999999998 10.0 
5 7 0 5.000000000000001 7.0 
4 6 0 4.999999999999997 10.0 
5 6 0 5.000000000000001 7.0 
3 13 0 2.0 5.0 
3 12 0 1.9999999999999998 5.0 
3 11 1 0.7042076889705963 11.999999999681286 
3 10 1 0.7042076889706004 11.999999999956414 
3 9 1 0.732814868553134 13.999999999508857 
3 8 1 0.732814868552632 13.999999998763917 
3 7 0 0.6772403659882764 11.999999995299998 
3 6 0 0.6772403659883286 11.999999998999566 
2 13 0 2.9999999999999996 5.0 
2 12 0 3.0 5.0 
2 11 0 0.7042076889706153 9.88385254162324 
2 10 0 0.7042076889706186 9.883852523620742 
2 9 0 0.5780299905229834 13.999999999946153 
2 8 0 0.5780299904307541 13.999999999601272 
2 7 1 0.49990671375361606 13.372247543471847 
2 6 1 0.49990671375361895 13.37224748153468 
2 5 1 0.8904304702871328 9.59773510291123 
3 5 0 2.510711428189922 7.999999999999999 
2 4 1 0.8904304702871307 9.597735188118879 
3 4 0 2.5107114281899214 8.000000000000002 
1 11 0 2.4633703787941967 8.0 
1 10 0 2.4633703787941954 7.999999999999998 
1 9 0 0.5780299903801432 11.999999731607675 
1 8 0 0.5780299903786881 11.999999996166485 
1 7 1 0.49990671375361606 13.999999987586763 
1 6 1 0.4999067137536144 13.999999997101561 
1 5 2 0.8904304702871338 11.274917217635377 
1 4 2 0.8904304702871356 11.274917217635375 
1 3 1 2.0 4.999999999999998 
2 3 0 1.9999999999999998 4.0 
1 2 1 1.9999999999999996 5.0 
2 2 0 2.0000000000000004 4.0 
0 9 0 4.763932022500212 10.000000000000002 
0 8 0 4.763932022500211 10.0 
0 7 0 2.567033042614692 13.999999999999996 
0 6 0 2.5670330426146943 14.000000000000002 
0 5 0 1.6989699833711749 12.701562118716424 
0 4 0 1.69896998337118 12.701562118716424 
0 3 0 2.0 5.0 
0 2 0 2.0000000000000004 5.0 
-1 7 0 12.0 12.0 
-1 6 0 12.0 12.0 
-1 5 0 6.298437881283574 12.701562118716424 
-1 4 0 6.298437881283576 12.701562118716424 
-1 3 0 5.0 5.0 
-1 2 0 5.0 5.0 
