0 0 1 2.0 2.0 
1 0 0 2.0 2.0 
0 -1 1 2.0000000000000004 2.0000000000000004 
1 -1 0 2.0 2.0 
0 -2 1 0.9477571686456561 9.162277660168378 
1 -2 0 2.837722339831621 9.162277660168378 
0 -3 1 0.9477571686456572 9.162277660168378 
1 -3 0 2.8377223398316205 9.162277660168378 
0 -4 0 0.3167324306179515 10.0 
1 -4 0 7.0 7.0 
0 -5 0 0.3167324306179524 10.000000000000004 
1 -5 0 7.0 7.0 
-1 -2 0 0.9477571686456573 7.820258846364343 
-1 -3 0 0.9477571686456573 7.820258846364342 
-1 -4 0 0.3167324306179559 10.0 
-1 -5 0 0.31673243061795286 10.000000000000002 
-1 -6 0 1.5721211276292555 8.0 
0 -6 0 3.0000000000000004 5.0 
-1 -7 0 1.5721211276292555 8.000000000000002 
0 -7 0 3.0 5.0 
-2 -2 0 1.9999999999999987 5.000000000000002 
-2 -3 0 2.0000000000000004 5.0 
-2 -4 1 1.1160979109541336 9.999999999999998 
-2 -5 1 1.116097910954134 10.000000000000007 
-2 -6 1 0.6646712849209283 9.62798812432919 
-2 -7 1 0.6646712849209251 9.627988124329189 
-3 -2 0 4.0 4.0 
-3 -3 0 4.0 4.0 
-3 -4 0 2.345384064033972 7.9999999999999964 
-3 -5 0 2.3453840640339725 8.0 
-3 -6 0 0.6646712849209282 9.627988124329187 
-3 -7 0 0.664671284920929 9.627988124329185 
-3 -8 0 0.4637795879009808 7.048917339522308 
-2 -8 0 0.4637795879009803 5.566540854411103 
-3 -9 0 0.4637795879009799 7.048917339522307 
-2 -9 0 0.46377958790098045 5.566540854411103 
-4 -4 0 6.0 6.0 
-4 -5 0 6.0 6.0 
-4 -6 0 3.424226527348065 8.388489747541714 
-4 -7 0 3.424226527348064 8.388489747541712 
-4 -8 0 2.307978528369904 7.048917339522305 
-4 -9 0 2.3079785283699032 7.048917339522306 
-4 -10 0 1.0 1.0 
-3 -10 0 1.0 1.0 
-4 -11 0 1.0 1.0 
-3 -11 0 1.0 1.0 
