3 7 0 4.0 4.0 
4 7 0 4.0 4.0 
3 6 0 4.0 4.0 
4 6 0 4.0 4.0 
3 5 0 2.7042599371818303 12.846252068687257 
4 5 0 5.083008933685404 12.846252068687257 
3 4 0 2.7042599371818277 12.846252068687257 
4 4 0 5.083008933685405 12.846252068687258 
3 3 0 3.701941381642291 16.65222713756025 
4 3 0 7.850030845541341 15.674580154956288 
3 2 0 3.7019413849452016 16.652227099173235 
4 2 0 7.850030845541343 15.674580154956288 
3 1 0 5.495357796006066 16.0 
4 1 0 13.0 13.0 
3 0 0 5.495357796006064 15.999999999999993 
4 0 0 13.0 13.0 
2 7 0 4.0 4.0 
2 6 0 4.0 4.0 
2 5 0 1.5615284335115858 12.65947490965787 
2 4 0 1.5615284331689574 12.65947490954658 
2 3 0 1.711742162712136 16.652227154127207 
2 2 0 1.7117421624254487 16.65222715418471 
2 1 0 2.059189510650866 17.999999933823155 
2 0 0 2.059189510275307 17.99999999965222 
2 -1 0 4.099976154981329 13.99999999674368 
3 -1 0 9.0 12.0 
2 -2 0 4.099362266234121 13.999999997257921 
3 -2 0 8.999999999999998 12.000000000000002 
1 7 0 4.0 4.0 
1 6 0 4.0 4.0 
1 5 0 1.5611857393645547 11.14690468932131 
1 4 0 1.561185738002824 11.146904678479828 
1 3 0 0.9913664438551666 15.37658427039288 
1 2 0 0.9913664438772133 15.376584269265024 
1 1 0 0.9185922597113557 17.99999986026159 
1 0 0 0.9185922598926094 17.999999887223495 
1 -1 0 1.4675853452717504 15.999999489399574 
1 -2 0 1.4675853452708723 15.999999815494686 
1 -3 0 2.5753845703803 12.414213561631719 
2 -3 0 6.999999999999999 10.414213562373096 
1 -4 0 2.575384570381547 12.41421356189881 
2 -4 0 6.999999999999997 10.414213562373098 
0 7 0 4.0 4.0 
0 6 0 4.0 4.0 
0 5 0 1.5611857379750564 10.710901166596832 
0 4 0 1.5611857379750607 10.710901166596829 
0 3 1 0.9913664438499519 14.246370174091266 
0 2 1 0.9913664438499477 14.246370164129795 
0 1 2 0.4283291187192208 17.513410640607454 
0 0 2 0.42832911871922585 17.513410654027687 
0 -1 1 0.28683703337342176 17.695555297496835 
0 -2 1 0.2868370333734197 17.695555230451525 
0 -3 0 0.30550145155837316 13.881666568865468 
0 -4 0 0.30550145155770564 13.881665980742087 
0 -5 0 2.1700613755025837 9.915019318806088 
1 -5 0 5.585786437626905 8.414213562373094 
0 -6 0 2.1700613755025913 9.915019319042319 
1 -6 0 5.585786437626904 8.414213562373096 
-1 5 0 3.5857864376269046 10.000000000000002 
-1 4 0 3.585786437626904 10.000000000000004 
-1 3 0 1.787025524894323 12.906438908546441 
-1 2 0 1.7870255242141093 12.906439904035212 
-1 1 0 0.4283291187866077 15.876165846312041 
-1 0 0 0.4283291187364939 15.876165725772053 
-1 -1 0 0.2868370333734963 17.999998837504027 
-1 -2 0 0.28683703337343425 17.99999992532679 
-1 -3 0 0.30550145155955083 15.538298082877748 
-1 -4 0 0.3055014515576952 15.538299299905376 
-1 -5 0 0.9346222309548969 11.832970095250706 
-1 -6 0 0.9346222309548731 11.832970137216241 
-1 -7 0 2.9999999999999987 6.000000000000001 
0 -7 0 5.0 5.0 
-1 -8 0 3.0 6.000000000000001 
0 -8 0 5.0 5.0 
-2 3 0 4.2676107014961575 11.467984049777009 
-2 2 0 4.267610701496154 11.467984049777009 
-2 1 0 2.3737142209510775 14.602652008220643 
-2 0 0 2.3737142210396214 14.602650612811907 
-2 -1 0 0.9284662376948783 17.99999995836234 
-2 -2 0 0.9284662391462009 17.999999687316457 
-2 -3 0 0.6905954335660288 17.19624221547967 
-2 -4 0 0.6905954343245011 17.196242217628143 
-2 -5 0 0.9346222325355524 13.521461886439374 
-2 -6 0 0.9346222309761291 13.52146220828592 
-2 -7 0 2.4384471871911693 6.561552812808829 
-2 -8 0 2.4384471871911706 6.561552812808831 
-3 1 0 5.034487007782366 13.000000000000004 
-3 0 0 5.034487007782366 13.0 
-3 -1 0 3.1655247109118103 15.999999961291437 
-3 -2 0 3.165524711063876 15.999999351161524 
-3 -3 0 1.9507293333757034 17.99999999079604 
-3 -4 0 1.9507293302200386 17.999999870958888 
-3 -5 0 1.4168318567010008 15.039572687691514 
-3 -6 0 1.416831856686798 15.039572688738787 
-3 -7 0 2.43844718719117 6.999999999999999 
-3 -8 0 2.43844718719117 6.999999999999998 
-4 -1 0 6.401789258115721 14.844685644748456 
-4 -2 0 6.401789258115722 14.844685644748456 
-4 -3 0 4.5034603457613525 18.000000000000004 
-4 -4 0 4.503460345761351 18.0 
-4 -5 0 3.384150465387863 16.531128874148873 
-4 -6 0 3.384150465390016 16.53112887410431 
-4 -7 0 2.4384471871911693 7.0 
-4 -8 0 2.4384471871911706 7.000000000000002 
-5 -3 0 16.0 16.0 
-5 -4 0 16.0 16.0 
-5 -5 0 8.468871125850724 16.531128874149275 
-5 -6 0 8.468871125850725 16.531128874149275 
-5 -7 0 7.0 7.0 
-5 -8 0 7.0 7.0 
