3 7 0 1.9999999999999993 4.0 
4 7 0 4.0 4.0 
3 6 0 2.0 4.0 
4 6 0 4.0 4.0 
3 5 0 2.0 11.162277660168378 
4 5 0 4.837722339831622 11.16227766016838 
3 4 0 2.0 11.162277660168382 
4 4 0 4.837722339831621 11.16227766016838 
3 3 0 2.0000000104564166 15.89432828331134 
4 3 0 6.105671532262741 15.894328467737255 
3 2 0 2.0000000000000195 15.894328443345696 
4 2 0 6.105671532262742 15.894328467737253 
3 1 0 3.2679491925340414 18.478514114161335 
4 1 0 7.83772233983162 17.576491222541474 
3 0 0 3.2679491933509786 18.478514132552057 
4 0 0 7.837722339831624 17.576491222541474 
3 -1 0 5.00000000008418 18.414213558963947 
4 -1 0 9.837722339831622 16.162277660168378 
3 -2 0 5.000000000119957 18.414213558549736 
4 -2 0 9.837722339831622 16.162277660168378 
3 -3 0 7.000000000000237 16.999999999999893 
4 -3 0 14.0 14.0 
3 -4 0 7.000000000014163 16.999999999999947 
4 -4 0 14.0 14.0 
2 7 0 1.9999999999999996 4.0 
2 6 0 2.0 4.0 
2 5 0 0.8751145802433618 11.162277660168373 
2 4 0 0.8751145802428237 11.162277660168378 
2 3 0 0.8751145802355889 15.894328467560845 
2 2 0 0.875114580235708 15.894328467491047 
2 1 0 0.8751145802710615 18.47851384935845 
2 0 0 0.875114580365336 18.478513732758486 
2 -1 0 0.9988228135244572 19.316236391322825 
2 -2 0 0.9988228135026603 19.316236401756683 
2 -3 0 2.585786437682063 17.999999738484238 
2 -4 0 2.585786439363865 17.999999849338508 
2 -5 0 5.000000000037202 14.99999999999519 
3 -5 0 10.0 12.000000000000002 
2 -6 0 5.000000000617885 14.99999999999701 
3 -6 0 10.0 12.000000000000002 
1 7 0 2.0 4.0 
1 6 0 2.0 4.0 
1 5 0 0.8751145802365247 11.162277660168378 
1 4 0 0.8751145802533321 11.162277660168385 
1 3 0 0.41303746253379703 15.287162946585928 
1 2 0 0.4130374625338043 15.287163079889917 
1 1 0 0.41303746253482104 18.478514059890653 
1 0 0 0.41303746253407264 18.47851414084954 
1 -1 0 0.4130374625342975 19.31623562201735 
1 -2 0 0.41303746253404977 19.316236480940567 
1 -3 0 0.6161102678575474 19.999999997656918 
1 -4 0 0.6161102678576549 19.999999997727567 
1 -5 0 1.5107114281909202 16.77845711183714 
1 -6 0 1.510711428241443 16.77845711762405 
1 -7 0 3.0 12.999999999999995 
2 -7 0 8.0 10.000000000000002 
1 -8 0 3.000000000000003 12.999999999999996 
2 -8 0 7.999999999999999 10.0 
0 5 0 2.9999999999999996 9.999999999999996 
0 4 0 2.999999999999999 9.999999999999995 
0 3 0 0.41303746253374385 14.162277659811526 
0 2 0 0.4130374625337429 14.16227766001702 
0 1 1 0.4130374625337416 17.316236447746597 
0 0 1 0.41303746253374246 17.316236440131224 
0 -1 3 0.8751145802491873 19.31623648076901 
0 -2 3 0.6161102678573597 19.316236480058325 
0 -3 3 1.1016948008051408 19.999999910805176 
0 -4 3 1.1016948006654308 19.999999796264383 
0 -5 1 1.3944487245931314 17.99999999982493 
0 -6 1 1.3944487268089514 17.999999664284363 
0 -7 0 3.0000000000000098 14.77845711757841 
0 -8 0 3.0000000000000147 14.778457116705853 
0 -9 0 5.510711428189919 11.000000000000004 
1 -9 0 6.000000000000001 8.0 
0 -10 0 5.51071142818992 11.000000000000002 
1 -10 0 6.0 8.0 
-1 5 0 5.0 7.0 
-1 4 0 5.0 7.0 
-1 3 0 2.000000000101833 12.999999999999856 
-1 2 0 2.000000000031354 12.999999999997934 
-1 1 0 0.8751145803401083 16.162277658295967 
-1 0 0 0.8751145810979465 16.16227762362006 
-1 -1 0 0.4130374628461669 19.316236481150952 
-1 -2 0 0.41303746253418955 19.31623647979637 
-1 -3 0 0.4130374625577804 19.999999891025716 
-1 -4 0 0.41303746264255325 19.999999879653874 
-1 -5 0 0.6161102679019352 19.340847616825286 
-1 -6 0 0.6161102678668975 19.34084761624966 
-1 -7 0 0.9988228170296293 16.119304735235815 
-1 -8 0 0.9988228135116483 16.11479326668341 
-1 -9 0 2.0214228563802874 12.778457116506306 
-1 -10 0 2.021422856387786 12.77845711823622 
-2 5 0 5.0 7.0 
-2 4 0 5.000000000000001 7.0 
-2 3 0 3.627718676913316 11.124885419761842 
-2 2 0 3.62771867752487 11.124885419763201 
-2 1 0 2.5028332570481013 14.99999998865422 
-2 0 0 2.5028332577907952 14.99999999674207 
-2 -1 0 0.41303746284953224 17.999999992631253 
-2 -2 0 0.41303746256188545 17.999999405675947 
-2 -3 1 0.4130374625337415 19.999999932581545 
-2 -4 1 0.41303746253374335 19.99999982922147 
-2 -5 2 0.41303746253374146 19.34084759741314 
-2 -6 2 0.4130374625337412 19.34084760445873 
-2 -7 1 0.41303746253375245 17.01597830446652 
-2 -8 1 0.4130374625337412 17.015978213901548 
-2 -9 0 0.510711428190133 13.778457117521741 
-2 -10 0 0.5107114281907865 13.778457117986635 
-2 -11 0 1.5107114281899217 9.999999999999998 
-1 -11 0 3.5107114281899197 9.0 
-2 -12 0 1.51071142818992 10.0 
-1 -12 0 3.5107114281899214 8.999999999999998 
-3 3 0 6.000000000000001 10.000000000000002 
-3 2 0 6.0 10.000000000000002 
-3 1 0 3.413037462562453 13.124884985165743 
-3 0 0 3.4130374625372073 13.124885391361156 
-3 -1 0 2.0407561392680056 16.999999998163336 
-3 -2 0 2.0407561398392464 16.999999707609234 
-3 -3 0 1.0178033557043917 19.999999995792233 
-3 -4 0 1.0178033567361064 19.999999891888802 
-3 -5 0 0.413037462535321 19.340847407900842 
-3 -6 0 0.41303746253486673 19.340847603776297 
-3 -7 1 0.41303746253374946 17.90240025045711 
-3 -8 1 0.41303746253374163 17.902400403373985 
-3 -9 2 0.5107114281899185 14.675130869701011 
-3 -10 2 0.5107114281899215 14.675130870559423 
-3 -11 1 1.510711428189921 9.999999980546832 
-3 -12 1 1.5107114281899234 9.9999999995792 
-3 -13 0 3.0 5.0 
-2 -13 0 3.000000000000001 5.0 
-3 -14 0 2.9999999999999996 5.0 
-2 -14 0 3.0 5.0 
-4 1 0 7.999999999999999 11.999999999999998 
-4 0 0 8.0 12.000000000000002 
-4 -1 0 5.5358983857375526 14.999999998530965 
-4 -2 0 5.535898386188514 14.999999999258051 
-4 -3 0 4.163617064513997 17.99999999650203 
-4 -4 0 4.163617066541784 17.999999855557977 
-4 -5 0 3.140664281403499 19.340847617038687 
-4 -6 0 3.1406642831452487 19.340847449599284 
-4 -7 0 2.3977935086644218 17.902400425326338 
-4 -8 0 2.397793508640548 17.902400429306283 
-4 -9 0 1.7930276155298557 15.561552812803317 
-4 -10 0 1.7930276155084124 15.561552812755684 
-4 -11 0 1.79302761670755 10.561552812674371 
-4 -12 0 1.7930276155020781 10.561552812167083 
-4 -13 0 2.9999999999999996 5.0 
-4 -14 0 3.0 5.0 
-5 -1 0 11.0 14.0 
-5 -2 0 11.0 14.0 
-5 -3 0 7.43844718719117 16.999999999991076 
-5 -4 0 7.438447187191171 16.999999999992173 
-5 -5 0 6.0000000004234195 18.561552812805353 
-5 -6 0 6.000000000011455 18.561552791275673 
-5 -7 0 4.627718677053297 17.902400430057003 
-5 -8 0 4.627718679473272 17.902400430056893 
-5 -9 0 3.604765893135707 15.561552803579723 
-5 -10 0 3.604765893178242 15.561552800173141 
-5 -11 0 3.0000000000000115 10.561552812808815 
-5 -12 0 3.0000000000000084 10.561552812808827 
-5 -13 0 3.0 5.0 
-5 -14 0 3.0 5.0 
-6 -3 0 15.0 15.0 
-6 -4 0 15.0 15.0 
-6 -5 0 11.438447187191171 16.561552812808827 
-6 -6 0 11.43844718719117 16.56155281280883 
-6 -7 0 8.876894374382335 17.12310562561766 
-6 -8 0 8.876894374382339 17.123105625617654 
-6 -9 0 7.438447187191169 15.561552812808833 
-6 -10 0 7.438447187191168 15.56155281280883 
-6 -11 0 6.0 10.561552812808829 
-6 -12 0 6.0 10.56155281280883 
-6 -13 0 5.0 5.0 
-6 -14 0 5.0 5.0 
