0 0 1 1.9999999999999998 1.9999999999999998 
1 0 0 2.0 2.0 
0 -1 1 2.0 2.0 
1 -1 0 2.0 2.0 
0 -2 1 0.9477571686456567 9.162277660168378 
1 -2 0 2.837722339831621 9.162277660168378 
0 -3 1 0.9477571686456566 9.162277660168378 
1 -3 0 2.8377223398316205 9.162277660168378 
0 -4 0 0.31673243061795125 10.000000000000002 
1 -4 0 7.0 7.0 
0 -5 0 0.3167324306179527 10.000000000000002 
1 -5 0 7.0 7.0 
-1 -2 0 0.9477571686456575 7.820258846364342 
-1 -3 0 0.9477571686456578 7.820258846364345 
-1 -4 0 0.3167324306179515 10.0 
-1 -5 0 0.31673243061795353 10.0 
-1 -6 0 1.5721211276292573 7.999999999999997 
0 -6 0 3.0000000000000004 5.0 
-1 -7 0 1.5721211276292553 8.000000000000002 
0 -7 0 3.0 5.0 
-2 -2 0 2.0 5.0 
-2 -3 0 1.9999999999999993 5.0 
-2 -4 1 1.1160979109541334 10.0 
-2 -5 1 1.1160979109541342 10.0 
-2 -6 1 0.6646712849209289 9.62798812432919 
-2 -7 1 0.6646712849209275 9.627988124329189 
-3 -2 0 4.0 4.0 
-3 -3 0 4.0 4.0 
-3 -4 0 2.3453840640339747 8.0 
-3 -5 0 2.345384064033973 7.999999999999999 
-3 -6 0 0.6646712849209289 9.62798812432919 
-3 -7 0 0.6646712849209285 9.62798812432919 
-3 -8 0 0.4637795879009803 7.048917339522306 
-2 -8 0 0.4637795879009801 5.566540854411102 
-3 -9 0 0.4637795879009811 7.048917339522307 
-2 -9 0 0.46377958790098067 5.566540854411103 
-4 -4 0 6.0 6.0 
-4 -5 0 6.0 6.0 
-4 -6 0 3.4242265273480634 8.388489747541712 
-4 -7 0 3.424226527348063 8.388489747541712 
-4 -8 0 2.307978528369904 7.048917339522305 
-4 -9 0 2.307978528369904 7.048917339522303 
-4 -10 0 1.0 1.0 
-3 -10 0 1.0 1.0 
-4 -11 0 1.0 1.0 
-3 -11 0 1.0 1.0 
