0 2 0 1.0 1.0 
1 2 0 1.0 1.0 
0 1 0 1.0 1.0 
1 1 0 1.0 1.0 
0 0 1 1.2548588026831016 8.083317701413549 
1 0 0 1.2548588026831018 8.083317701413547 
0 -1 1 1.2548588026831025 8.083317701413545 
1 -1 0 1.2548588026831025 8.083317701413547 
0 -2 1 1.1596350676827303 9.669749600045167 
1 -2 0 2.3414132248183948 8.757701765450756 
0 -3 1 1.1596350676827298 9.669749600045167 
1 -3 0 2.341413224818394 8.757701765450754 
0 -4 0 0.8214058130445496 9.000000000000002 
1 -4 0 6.0 6.0 
0 -5 0 0.8214058130445507 9.000000000000002 
1 -5 0 6.0 6.0 
-1 0 0 2.354248688935409 7.645751311064591 
-1 -1 0 2.35424868893541 7.64575131106459 
-1 -2 0 0.8934200553491782 9.669749600045172 
-1 -3 0 0.8934200553491797 9.669749600045165 
-1 -4 0 0.8214058130445516 9.72140069730551 
-1 -5 0 0.8214058130445568 9.721400697305498 
-1 -6 0 3.2087121525220796 7.79128784747792 
0 -6 0 4.0 4.0 
-1 -7 0 3.20871215252208 7.79128784747792 
0 -7 0 4.0 4.0 
-2 0 0 4.0 4.0 
-2 -1 0 4.0 4.0 
-2 -2 0 0.8934200553491777 9.0 
-2 -3 0 0.8934200553491799 8.999999999999998 
-2 -4 1 1.4100928147007632 9.721400669787943 
-2 -5 1 1.4100928147981837 9.721400653927004 
-2 -6 0 0.37732771955363587 8.50307140430056 
-2 -7 0 0.3773277195536345 8.503071404300563 
-3 0 0 4.0 4.0 
-3 -1 0 4.0 4.0 
-3 -2 0 2.6494554525621217 7.2440645085544935 
-3 -3 0 2.6494554525621217 7.2440645085544935 
-3 -4 0 1.4100928150284344 8.813623932497219 
-3 -5 0 1.410092814778974 8.81362386427396 
-3 -6 0 0.3773277195690729 8.503071403665784 
-3 -7 0 0.37732771955363653 8.50307137925575 
-3 -8 1 1.43844718719117 6.164247938460213 
-2 -8 0 1.4384471871911704 5.561552812808829 
-3 -9 1 1.4384471871911693 6.164247938460209 
-2 -9 0 1.4384471871911702 5.561552812808831 
-4 -2 0 6.0 6.0 
-4 -3 0 6.0 6.0 
-4 -4 0 3.8850924585232423 7.860805853111702 
-4 -5 0 3.885092458523246 7.860805853111703 
-4 -6 0 2.5857864376269064 7.947412642480456 
-4 -7 0 2.585786437626906 7.947412642480454 
-4 -8 0 1.6086176193690995 6.1642479384602105 
-4 -9 0 1.6086176193690993 6.164247938460211 
-4 -10 0 1.0 1.0 
-3 -10 0 1.0 1.0 
-4 -11 0 1.0 1.0 
-3 -11 0 1.0 1.0 
