2 8 0 1.0 1.0 
3 8 0 1.0 1.0 
2 7 0 1.0 1.0 
3 7 0 1.0 1.0 
2 6 0 0.8751145802354257 7.54138126514911 
3 6 0 1.45861873485089 7.54138126514911 
2 5 0 0.8751145802354261 7.541381265149109 
3 5 0 1.4586187348508906 7.54138126514911 
2 4 0 0.9208811354705191 8.0 
3 4 0 5.0 5.0 
2 3 0 0.9208811354705203 8.0 
3 3 0 5.0 5.0 
1 6 0 0.8751145802354247 5.76155718183189 
1 5 0 0.8751145802354255 5.76155718183189 
1 4 0 0.2616031738683958 8.000000000000002 
1 3 0 0.2616031738683929 7.999999999999999 
1 2 0 0.6972243622680058 6.0 
2 2 0 3.0 3.0 
1 1 0 0.6972243622680057 6.000000000000001 
2 1 0 3.0 3.0 
0 6 0 1.9999999999999998 4.0 
0 5 0 2.0 4.0 
0 4 0 0.2616031738683953 8.0 
0 3 0 0.26160317386839643 7.999999999999999 
0 2 1 0.6972243622680058 7.236067977499789 
0 1 1 0.6972243622680042 7.236067977499792 
-1 4 0 6.0 6.0 
-1 3 0 6.0 6.0 
-1 2 0 2.76393202250021 7.23606797749979 
-1 1 0 2.7639320225002093 7.23606797749979 
-1 0 0 2.0 2.0 
0 0 1 2.0 2.0 
-1 -1 0 2.0 2.0 
0 -1 1 2.0 2.0 
