1 3 0 1.0 1.0 
2 3 0 1.0 1.0 
1 2 0 1.0 1.0 
2 2 0 1.0 1.0 
1 1 0 0.4449993770822784 8.937295100328779 
2 1 0 1.4699129295799571 8.93729510032878 
1 0 0 0.44499937708227855 8.93729510032878 
2 0 0 1.4699129295799567 8.937295100328779 
1 -1 0 0.6323286715199056 13.00326039278901 
2 -1 0 2.168109667428888 11.835325836682639 
1 -2 0 0.6323286715200378 13.003260262728983 
2 -2 0 2.1681096674288876 11.835325836682635 
1 -3 0 1.2802761907509757 13.706707640681609 
2 -3 0 3.915735426456354 12.500542768825978 
1 -4 0 1.2802761907510427 13.706707425404808 
2 -4 0 3.9157354264563535 12.500542768825978 
1 -5 0 2.2076152477964315 13.890681913472713 
2 -5 0 6.103740428055277 12.355269743192883 
1 -6 0 2.2076152480956672 13.890681913478529 
2 -6 0 6.103740428055277 12.35526974319288 
1 -7 0 4.184500834209055 11.124206480592502 
2 -7 0 9.0 9.0 
1 -8 0 4.184500834209057 11.1242064805925 
2 -8 0 9.0 9.0 
0 1 0 0.4449993770822769 8.202346521186179 
0 0 0 0.44499937708227777 8.202346521186179 
0 -1 1 0.6323286715199001 13.003260392763588 
0 -2 1 0.6323286715199036 13.003260392785574 
0 -3 1 0.8052457217740121 14.740938592655267 
0 -4 1 0.8052457217740158 14.740938791423126 
0 -5 0 0.7401009833933746 14.855825730768762 
0 -6 0 0.7401009835448162 14.85582582603229 
0 -7 0 1.7903768110777878 13.99999999550398 
0 -8 0 1.7903768062594612 13.999999994537019 
0 -9 0 5.0 9.0 
1 -9 0 7.0 7.0 
0 -10 0 4.999999999999999 8.999999999999998 
1 -10 0 7.0 7.0 
-1 1 0 3.0 3.0 
-1 0 0 3.0 3.0 
-1 -1 0 1.0330932823442636 11.494205115629837 
-1 -2 0 1.0330932823442622 11.494205161661865 
-1 -3 0 0.34147907270813477 14.740938538528527 
-1 -4 0 0.3414790727141773 14.71312702646132 
-1 -5 0 0.7401009833801933 15.746887691494546 
-1 -6 0 0.740100983358271 15.746887213324738 
-1 -7 0 1.6850730761238086 14.765446753669824 
-1 -8 0 1.6850730761076667 14.765442912322971 
-1 -9 0 2.756193988234136 11.999999999999995 
-1 -10 0 2.756193988136887 11.999999999999993 
-2 -1 0 2.8636710639885146 8.571932338309201 
-2 -2 0 2.8636710639885155 8.571932338309201 
-2 -3 0 0.34147907270809846 13.604891590596866 
-2 -4 0 0.3414790727050736 13.60489138593283 
-2 -5 1 0.6743318251237774 15.746887684602763 
-2 -6 1 0.6743318251237763 15.746887692145982 
-2 -7 0 0.21271468805400726 15.420544486792771 
-2 -8 0 0.21271468805409974 15.42054451924304 
-2 -9 0 1.161673394829249 13.364952067397839 
-2 -10 0 1.1616733948291433 13.364952067402749 
-2 -11 0 2.2149746134099253 9.37974353208624 
-1 -11 0 5.0 5.0 
-2 -12 0 2.214974613409925 9.379743532086238 
-1 -12 0 5.0 5.0 
-3 -1 0 4.0 6.0 
-3 -2 0 4.000000000000001 6.0 
-3 -3 0 1.9462310615688758 10.755252379029356 
-3 -4 0 1.9462310615690306 10.755252379029352 
-3 -5 0 0.6743318252872508 14.99999997496158 
-3 -6 0 0.6743318251237798 14.999999674919133 
-3 -7 0 0.2127146880535851 15.999999383298295 
-3 -8 0 0.2127146880538129 15.999999903649666 
-3 -9 1 1.1481359806260985 14.119646114629468 
-3 -10 1 1.1481359809866567 14.119646071095074 
-3 -11 0 0.9904665487236809 10.678394773330119 
-3 -12 0 0.9904665487236829 10.678394773335837 
-4 -3 0 5.267949192431123 8.732050807568879 
-4 -4 0 5.267949192431123 8.732050807568879 
-4 -5 0 3.1921135352172287 12.742412485155237 
-4 -6 0 3.192113533333566 12.742412485153636 
-4 -7 0 1.630641777925103 15.99999999997823 
-4 -8 0 1.6306417821125205 15.999999999908958 
-4 -9 0 1.1481359797475785 14.70717017239151 
-4 -10 0 1.1481359797455222 14.707170405677463 
-4 -11 0 0.9904665487239026 11.342215137540238 
-4 -12 0 0.9904665487240331 11.342215160846896 
-4 -13 0 2.0 4.0 
-3 -13 0 2.0 4.000000000000001 
-4 -14 0 1.9999999999999996 4.0 
-3 -14 0 1.9999999999999996 4.0 
-5 -5 0 7.2679491924311215 10.73205080756888 
-5 -6 0 7.267949192431123 10.732050807568877 
-5 -7 0 4.970859959880789 14.000000000000004 
-5 -8 0 4.970859959880789 14.000000000000002 
-5 -9 0 2.9198897533178685 14.707170451589388 
-5 -10 0 2.91988974279641 14.707170451589384 
-5 -11 0 2.208661417736223 11.41147412780977 
-5 -12 0 2.208661417736226 11.411474127809772 
-5 -13 0 2.0 4.0 
-5 -14 0 2.0000000000000004 4.0 
-6 -7 0 12.0 12.0 
-6 -8 0 12.0 12.0 
-6 -9 0 7.926437648691169 13.680463635899432 
-6 -10 0 7.926437648691169 13.680463635899432 
-6 -11 0 5.773318403094323 11.411474127809772 
-6 -12 0 5.773318403094322 11.411474127809774 
-6 -13 0 4.0 4.0 
-6 -14 0 4.0 4.0 
