3 5 0 5.000000000000001 7.000000000000001 
4 5 0 7.0 7.0 
3 4 0 5.0 7.0 
4 4 0 7.0 7.0 
3 3 0 3.885949899849187 16.531128874149275 
4 3 0 8.468871125850725 16.531128874149275 
3 2 0 3.8859498998491793 16.531128874149246 
4 2 0 8.468871125850725 16.531128874149275 
3 1 0 5.159684597367229 17.999999999999982 
4 1 0 16.0 16.0 
3 0 0 5.159684597367229 17.999999999999943 
4 0 0 16.0 16.0 
2 5 0 5.0 7.000000000000001 
2 4 0 4.999999999999999 7.000000000000002 
2 3 0 2.758502918184003 14.99999997075932 
2 2 0 2.7585029182826335 14.999999935623393 
2 1 0 2.0644689889069765 17.999999999686864 
2 0 0 2.064468990164457 17.99999999988229 
2 -1 0 3.1962193710494193 16.853623042168003 
3 -1 0 7.683375209644603 15.000000000000002 
2 -2 0 3.1962193710494122 16.85362304015143 
3 -2 0 7.683375209644599 15.000000000000002 
1 5 0 5.0 7.000000000000002 
1 4 0 4.999999999999999 7.0 
1 3 0 0.972745435785413 13.888204465036678 
1 2 0 0.9727454380820499 13.888204465053539 
1 1 0 0.5892472352956477 16.904059661997042 
1 0 0 0.5892472354270718 16.91584400097599 
1 -1 0 0.7398893755601079 17.610419189695943 
1 -2 0 0.7398893760326374 17.610419185064995 
1 -3 0 1.2660742432769703 14.821307995993394 
2 -3 0 5.046156241616609 14.000000000000005 
1 -4 0 1.266074242529814 14.82130729243323 
2 -4 0 5.0461562416166075 14.000000000000005 
0 5 0 4.999999999999999 7.000000000000002 
0 4 0 4.999999999999998 7.0 
0 3 0 0.9727454357492787 12.424318854705353 
0 2 0 0.972745435751884 12.424318836268291 
0 1 1 0.5892472352954735 15.869863911810066 
0 0 1 0.589247235295471 15.869864119770579 
0 -1 2 0.7398893755601074 17.667886151287817 
0 -2 2 0.7398893755601323 17.667886102360843 
0 -3 1 0.6788240623748988 16.37181316953114 
0 -4 1 0.6788240585007839 16.37181251748647 
0 -5 0 0.6802393267460165 13.60301763729642 
1 -5 0 3.592159076509108 12.999999999342139 
0 -6 0 0.680239326738533 13.603017666062433 
1 -6 0 3.592159076509259 12.999999754269679 
-1 5 0 4.999999999999999 7.000000000000003 
-1 4 0 4.999999999999999 7.0 
-1 3 0 2.6178086007048207 11.241059152256502 
-1 2 0 2.617808600781863 11.241059726558134 
-1 1 0 1.2289207705966927 14.999999994735058 
-1 0 0 1.228920768359962 14.999999999754186 
-1 -1 0 0.48329760205687106 17.667886554829167 
-1 -2 0 0.48329760205415884 17.66788656174634 
-1 -3 0 0.3707806390423818 17.090726894597175 
-1 -4 0 0.37078063898256314 17.09072686171742 
-1 -5 0 0.4808968221326685 14.358732193998614 
-1 -6 0 0.4808968222182034 14.358732618964966 
-1 -7 0 0.7101126462760718 11.449923970357798 
0 -7 0 2.7886908005020574 10.999999999462291 
-1 -8 0 0.7101126462757404 11.449923967236753 
0 -8 0 2.7886908005020583 10.999999999860455 
-2 5 0 4.999999999999999 7.0 
-2 4 0 5.0 7.0 
-2 3 0 2.9480723815571377 10.39135374102287 
-2 2 0 2.9480723815571386 10.39135374624474 
-2 1 0 1.4252571247807988 13.396701511120725 
-2 0 0 1.4252571247820263 13.396701515921615 
-2 -1 0 0.4832976020528065 16.99999999996698 
-2 -2 0 0.48329760205285993 16.999999998677012 
-2 -3 1 0.3707806389801029 17.090726881817066 
-2 -4 1 0.3707806389800986 17.09072686275244 
-2 -5 2 0.48089682205469514 15.019771389238635 
-2 -6 2 0.7268476249123794 15.019770742471634 
-2 -7 1 0.4633296735180988 12.114830753346347 
-2 -8 1 0.46332967351809934 12.11483080074314 
-2 -9 0 0.46576871184917046 8.478448905452275 
-1 -9 0 2.2679491924311224 8.214319743377535 
-2 -10 0 0.4657687118491644 8.478448871419719 
-1 -10 0 2.2679491924311215 8.214319743377535 
-3 3 0 6.000000000000001 9.999999999999996 
-3 2 0 6.0 10.0 
-3 1 0 3.95515741666115 12.61369991757819 
-3 0 0 3.9551574161254615 12.613699909610016 
-3 -1 0 2.4538932845520653 14.84021863149854 
-3 -2 0 2.4538932845542325 14.840218552764437 
-3 -3 0 1.5882275736863942 16.608136959697184 
-3 -4 0 1.5882275736879388 16.608137070002204 
-3 -5 0 0.7916496168534608 15.08985787372244 
-3 -6 0 0.7916496168586092 15.089857784010999 
-3 -7 0 0.4633296735614639 12.631273938865684 
-3 -8 0 0.46332967358520083 12.631273953332132 
-3 -9 0 0.4657687118493028 9.154588138672546 
-3 -10 0 0.4657687118548614 9.154588140404929 
-3 -11 0 1.9999999999999996 4.0 
-2 -11 0 2.0 4.0 
-3 -12 0 1.9999999999999996 4.0 
-2 -12 0 1.9999999999999996 4.0 
-4 1 0 8.999999999999998 12.0 
-4 0 0 9.000000000000002 12.0 
-4 -1 0 6.0139478780388735 13.907746428318477 
-4 -2 0 6.013947878038866 13.90774708822117 
-4 -3 0 4.002519881905851 15.714257098466001 
-4 -4 0 4.002519920573494 15.714257099439498 
-4 -5 0 2.7350682396622448 15.089857917091955 
-4 -6 0 2.7350682396671417 15.089857842931616 
-4 -7 0 2.1679844921747606 12.703795844012099 
-4 -8 0 2.1679844921748357 12.703795835145932 
-4 -9 0 1.9933746839610424 9.211613815533138 
-4 -10 0 1.9933746839613187 9.211613815599543 
-4 -11 0 1.9999999999999998 4.0 
-4 -12 0 1.9999999999999998 4.0 
-5 -1 0 13.0 13.0 
-5 -2 0 13.0 13.0 
-5 -3 0 9.929496501452947 14.788589580172976 
-5 -4 0 9.929496501452949 14.788589580172976 
-5 -5 0 7.403552290462671 14.968642433079491 
-5 -6 0 7.4035522904626765 14.968642433079491 
-5 -7 0 5.572471890387146 12.70379595924759 
-5 -8 0 5.572471890387145 12.70379595924759 
-5 -9 0 4.425888944516215 9.211613816228256 
-5 -10 0 4.425888944516214 9.211613816228256 
-5 -11 0 4.0 4.0 
-5 -12 0 4.0 4.0 
