-1 -1 1 1.9999999999999998 1.9999999999999998 
0 -1 0 2.0 2.0 
-1 -2 1 2.0 2.0 
0 -2 0 2.0 2.0 
-1 -3 2 0.6570769172228313 5.732050807568876 
0 -3 0 2.267949192431123 5.732050807568878 
-1 -4 2 0.657076917222831 5.732050807568876 
0 -4 0 2.2679491924311233 5.732050807568878 
-1 -5 1 0.4363621076656773 7.506172413772653 
0 -5 0 3.5188056959079845 7.170086486626033 
-1 -6 1 0.43636210766567884 7.506172413772652 
0 -6 0 3.518805695907984 7.170086486626033 
-1 -7 0 0.5258063413896228 6.586874512018428 
0 -7 0 6.0 6.0 
-1 -8 0 0.5258063413896227 6.5868745120184276 
0 -8 0 6.0 6.0 
-2 -3 0 0.6570769172228297 5.0 
-2 -4 0 0.657076917222828 5.000000000000001 
-2 -5 0 0.4363621076656789 7.506172413772653 
-2 -6 0 0.43636210766567735 7.506172413772653 
-2 -7 0 0.5258063413896227 7.236067977499793 
-2 -8 0 0.5258063413896241 7.236067977499788 
-2 -9 0 1.9999999999999996 4.0 
-1 -9 0 2.0 4.0 
-2 -10 0 1.9999999999999998 4.0 
-1 -10 0 1.9999999999999998 4.0 
-3 -5 0 2.4384471871911697 7.0 
-3 -6 0 2.43844718719117 6.999999999999998 
-3 -7 0 1.4530484824648846 8.000000000000002 
-3 -8 0 1.4530484824648833 8.000000000000002 
-3 -9 0 1.9999999999999996 4.0 
-3 -10 0 1.9999999999999993 4.0 
-4 -7 0 8.0 8.0 
-4 -8 0 8.0 8.0 
-4 -9 0 4.0 4.0 
-4 -10 0 4.0 4.0 
