5 17 0 2.0 2.0 
6 17 0 2.0 2.0 
5 16 0 2.0 2.0 
6 16 0 2.0 2.0 
5 15 0 0.9999999999999994 6.722607064658942 
6 15 0 2.1401209683179903 6.722607064658943 
5 14 0 0.999999999999999 6.722607064658943 
6 14 0 2.14012096831799 6.722607064658945 
5 13 0 1.3364140302320713 11.284159877407456 
6 13 0 2.5785681555091586 11.28415987746778 
5 12 0 1.336414030232161 11.284159877178556 
6 12 0 2.57856815550916 11.284159877467776 
5 11 0 1.774861217531184 14.222578666706392 
6 11 0 3.127935207588133 14.222578795840896 
5 10 0 1.774861218316154 14.222578791689708 
6 10 0 3.1279352075871327 14.222578795840901 
5 9 0 2.359174446651899 15.539233146856066 
6 9 0 4.233781810939343 15.141750188454633 
5 8 0 2.3591744536558346 15.539233312351284 
6 8 0 4.233781809808333 15.141750188454628 
5 7 0 3.1344668320465434 15.580197366149338 
6 7 0 6.001653853946342 14.536716082723594 
5 6 0 3.13446683202497 15.580197362884922 
6 6 0 6.001653853946347 14.536716082723594 
5 5 0 4.533710576742036 14.975162953842235 
6 5 0 8.43844718719117 12.97516326991476 
5 4 0 4.533710539840257 14.975163269912327 
6 4 0 8.43844718719117 12.975163269914757 
5 3 0 6.438447187191169 13.0 
6 3 0 11.0 11.0 
5 2 0 6.438447187191173 12.999999999999998 
6 2 0 11.0 11.0 
4 17 0 2.0 2.0 
4 16 0 2.0 2.0 
4 15 0 1.0000000000000004 6.722607064658942 
4 14 0 1.0000000000000007 6.722607064658943 
4 13 0 0.5857864376297196 11.284159875916854 
4 12 0 0.5857864376303376 11.284159814731199 
4 11 0 0.7639320225011599 14.222578795811105 
4 10 0 0.7639320225006611 14.222578599272067 
4 9 0 1.100346052759799 16.11961773156897 
4 8 0 1.1003460577946769 16.119618032064164 
4 7 0 1.684659271845931 16.47356749688135 
4 6 0 1.6846592711099997 16.47357154177011 
4 5 0 2.4599516773551935 15.922500742913337 
4 4 0 2.4599516673680673 15.922500743434444 
4 3 0 3.6960196449980285 13.956621404399053 
4 2 0 3.6960196448740685 13.956621404402872 
4 1 0 5.095263352647021 10.999999999999998 
5 1 0 8.999999999999998 9.0 
4 0 0 5.095263352647016 11.000000000000005 
5 0 0 9.0 9.0 
3 15 0 1.5857864376269049 6.214319743377536 
3 14 0 1.5857864376269044 6.214319743377536 
3 13 0 0.5857864376322913 10.775872555905515 
3 12 0 0.5857864376269566 10.775872555352736 
3 11 1 0.763932022500213 13.920000653020718 
3 10 1 0.763932022500217 13.920000707682787 
3 9 1 0.33641403023193117 16.11961857758081 
3 8 1 0.33641403023193184 16.119618361168165 
3 7 0 0.3364140302320429 17.313901230829956 
3 6 0 0.3364140302321264 17.313273995724625 
3 5 0 0.9207272486069229 16.912018679296423 
3 4 0 0.9207272486184177 16.91201781112154 
3 3 0 1.6960196448346854 14.99999999960823 
3 2 0 1.6960196448355784 14.999999998006968 
3 1 0 3.095263352647235 10.999999998287066 
3 0 0 3.09526335274886 10.999999985563887 
3 -1 0 5.0 8.0 
4 -1 0 7.0 7.0 
3 -2 0 4.999999999999998 8.0 
4 -2 0 7.0 7.0 
2 13 0 1.910655567060263 9.214319743374705 
2 12 0 1.9106555670698064 9.214319743349035 
2 11 0 0.9222004678589003 13.561552812808 
2 10 0 0.9222004678589836 13.561552552027493 
2 9 0 0.33641403023408883 16.119618576542752 
2 8 0 0.3364140302329006 16.1196185761787 
2 7 1 0.3364140302319348 17.313757076993213 
2 6 1 0.3364140302319321 17.313826328127934 
2 5 1 0.7745645590276632 17.751688843716238 
2 4 1 0.7745645590276599 17.751670710711913 
2 3 0 0.7745645591289885 16.999999999751715 
2 2 0 0.7745645590605702 16.99999999924314 
2 1 0 2.6120740901525337 12.999999995541025 
2 0 0 2.6120741155766143 12.999999999671738 
2 -1 0 4.999999999999999 8.000000000000002 
2 -2 0 4.999999999999998 8.000000000000002 
1 11 0 2.661877102676697 11.999999994133189 
1 10 0 2.661877102676695 11.999999996761316 
1 9 0 1.0000000000036693 14.561552488602823 
1 8 0 1.0000000000113223 14.561535190344552 
1 7 0 0.5857864376271077 17.31367837642301 
1 6 0 0.5857864376297585 17.3132338800681 
1 5 0 0.5857864376368028 17.752525018956806 
1 4 0 0.5857864376310106 17.75255700636282 
1 3 0 0.7639320225005077 17.53178384101885 
1 2 0 0.763932022500906 17.531784100086366 
1 1 0 1.7639320225003676 13.9999999999076 
1 0 0 1.7639320228633346 13.999999996639373 
1 -1 0 3.000000000000001 8.0 
1 -2 0 3.0000000000000018 8.0 
0 9 0 2.452197233520827 13.999999973159325 
0 8 0 2.452197233520549 13.999999999681293 
0 7 0 0.5857864376269124 16.558056651749748 
0 6 0 0.5857864376269056 16.55806576605293 
0 5 1 0.5857864376269039 17.752450597611848 
0 4 1 0.5857864376269047 17.75242849175304 
0 3 2 1.3296306592360359 17.999999792511304 
0 2 2 1.3296306592360385 17.9999999789163 
0 1 1 1.0000000000000013 14.531784457074982 
0 0 1 0.9999999999999964 14.531784610732693 
0 -1 0 1.0000000000000013 8.999999999999998 
0 -2 0 0.9999999999999987 8.999999999999996 
-1 7 0 3.9016272350888173 14.99999999998797 
-1 6 0 3.9016272350888186 14.9999999999961 
-1 5 0 1.9154170995350526 17.751635956147886 
-1 4 0 1.9154171001379914 17.75161978750504 
-1 3 0 1.329630659275493 17.999999992859824 
-1 2 0 1.3296306615159843 17.999999988561616 
-1 1 0 1.0000000000000029 14.999999999904054 
-1 0 0 0.9999999999999992 14.999999996964418 
-1 -1 0 1.0 9.000000000000004 
-1 -2 0 1.0000000000000038 9.000000000000002 
-2 5 0 9.315840797461913 16.834778039164792 
-2 4 0 9.315840797461911 16.834778039164792 
-2 3 0 6.315840797461929 17.999999994082525 
-2 2 0 6.31584079746214 17.999999997988688 
-2 1 0 4.329630659236041 14.999999999999996 
-2 0 0 4.329630659236035 14.999999999999998 
-2 -1 0 3.9999999999999982 9.000000000000002 
-2 -2 0 4.0 9.0 
-3 3 0 18.0 18.0 
-3 2 0 18.0 18.0 
-3 1 0 11.999999999999996 15.0 
-3 0 0 12.0 15.0 
-3 -1 0 9.0 9.0 
-3 -2 0 9.0 9.0 
