2 4 0 1.4384471871911721 7.000000000000002 
3 4 0 7.0 7.0 
2 3 0 1.4384471871911677 7.0 
3 3 0 7.0 7.0 
2 2 0 2.814586484108968 14.0 
3 2 0 14.0 14.0 
2 1 0 2.814586484108965 13.999999999999998 
3 1 0 14.0 14.0 
1 4 0 1.4384471871911693 7.0 
1 3 0 1.4384471871911684 7.0 
1 2 0 0.34427879288585583 13.342552799269306 
1 1 0 0.3442787928858516 13.342552799708178 
1 0 0 0.9635986640285055 13.999999358054282 
2 0 0 3.588618178002393 12.724371470553859 
1 -1 0 0.9635986644940886 13.99999999998709 
2 -1 0 3.588618178002391 12.724371470553855 
0 4 0 1.4384471871911697 5.561552812808831 
0 3 0 1.4384471871911695 5.56155281280883 
0 2 0 0.34427879288585245 12.788780260672503 
0 1 0 0.34427879288585095 12.788780269080622 
0 0 1 0.96359866422928 13.999999909558216 
0 -1 1 0.963598664028536 13.999999655024846 
0 -2 1 1.1336087386625469 12.852346996625018 
1 -2 0 1.9873735143875455 9.64504216890055 
0 -3 1 1.1336087386625449 12.852346559497217 
1 -3 0 1.9873735143875408 9.64504216890055 
-1 4 0 4.0 4.0 
-1 3 0 4.0 4.0 
-1 2 0 2.2157151579532113 10.622341938601227 
-1 1 0 2.215715172722721 10.622341934682344 
-1 0 0 1.0180776541733203 13.662188835778016 
-1 -1 0 1.018077654173287 13.662188920188315 
-1 -2 0 0.6075229398260027 13.50505394248849 
-1 -3 0 0.6075229398277049 13.505053945334867 
-1 -4 0 0.8108595356488497 10.851981675249526 
0 -4 0 1.885202384533087 7.226220890550101 
-1 -5 0 0.8108595356312478 10.851981675249522 
0 -5 0 1.8852023845330879 7.226220890550103 
-2 2 0 3.8751145802354254 8.761557181831895 
-2 1 0 3.875114580235425 8.761557181831892 
-2 0 0 1.6852145042374076 12.999999952785387 
-2 -1 0 1.6852145042555573 12.999999977110656 
-2 -2 0 0.6075229398260721 13.505053961328667 
-2 -3 0 0.6075229398279982 13.50505396618358 
-2 -4 1 0.6365144788236449 12.330056485286356 
-2 -5 1 0.6365144788236491 12.330056530653216 
-2 -6 0 0.3304862173950669 7.8983059211926525 
-1 -6 0 2.9999999999999996 3.0 
-2 -7 0 0.3304862173950668 7.898305921192652 
-1 -7 0 3.0 3.0 
-3 2 0 5.000000000000001 7.0 
-3 1 0 5.0 7.0 
-3 0 0 2.997028549200679 11.000000000000004 
-3 -1 0 2.99702854920068 11.000000000000002 
-3 -2 0 1.6278180428561873 12.515125704565634 
-3 -3 0 1.627818042856198 12.515126092012805 
-3 -4 0 0.6365144788236718 12.330056581356521 
-3 -5 0 0.6365144788236546 12.330056585118331 
-3 -6 0 0.3304862173950691 10.387755250359184 
-3 -7 0 0.3304862173950673 10.387755250359183 
-4 0 0 9.0 9.0 
-4 -1 0 9.0 9.0 
-4 -2 0 4.837722339831619 11.16227766016838 
-4 -3 0 4.83772233983162 11.162277660168378 
-4 -4 0 3.254469211431229 11.049898597632595 
-4 -5 0 3.2544692114312292 11.049898597632593 
-4 -6 0 2.390252627363496 10.387755250359184 
-4 -7 0 2.3902526273634965 10.387755250359184 
-4 -8 0 2.0 2.0 
-3 -8 1 2.0 2.0 
-4 -9 0 2.0 2.0 
-3 -9 1 1.9999999999999998 1.9999999999999998 
