3 11 0 1.0 1.0 
4 11 0 1.0 1.0 
3 10 0 1.0 1.0 
4 10 0 1.0 1.0 
3 9 1 1.608617619369099 6.164247938460212 
4 9 0 1.6086176193690989 6.164247938460212 
3 8 1 1.608617619369099 6.1642479384602105 
4 8 0 1.608617619369099 6.164247938460211 
3 7 0 0.36914341999120964 8.505582484719147 
4 7 0 2.5857864376269055 7.9474126424804545 
3 6 0 0.3691434199912071 8.505582482923653 
4 6 0 2.5857864376269055 7.947412642480456 
3 5 0 1.4990351519777538 8.813166727757517 
4 5 0 3.8850924585232436 7.860805853111705 
3 4 0 1.4990351488043554 8.813166722849328 
4 4 0 3.8850924585232445 7.860805853111703 
3 3 0 2.6972243622680057 7.148961141749634 
4 3 0 6.0 6.0 
3 2 0 2.6972243622680057 7.148961141749635 
4 2 0 6.0 6.0 
2 9 0 1.9999999999999998 5.0 
2 8 0 2.0000000000000004 4.999999999999998 
2 7 0 0.369143419991209 8.50558248472059 
2 6 0 0.3691434199912081 8.505582484720586 
2 5 1 1.49903514880431 9.714184535169647 
2 4 1 1.4990351488044693 9.714214624346909 
2 3 0 0.992899697082042 9.0 
2 2 0 0.9928996970820406 9.000000000000004 
2 1 0 4.0 4.0 
3 1 0 4.0 4.0 
2 0 0 4.0 4.0 
3 0 0 4.0 4.0 
1 7 0 3.9999999999999996 7.0 
1 6 0 3.999999999999999 7.0 
1 5 0 0.7710259071690343 9.714696191892992 
1 4 0 0.7710259071690335 9.714696191892997 
1 3 0 0.9928996971429755 9.690512790668128 
1 2 0 0.9928996970820582 9.690512790668127 
1 1 0 2.3542486889354093 7.645751311064591 
1 0 0 2.3542486889354093 7.645751311064592 
0 7 0 4.0 4.0 
0 6 0 4.0 4.0 
0 5 0 0.7710259071690296 9.0 
0 4 0 0.771025907169033 9.0 
0 3 1 1.106403342773864 9.690512790668137 
0 2 1 1.1064033427738647 9.690512790668134 
0 1 1 1.2122409609627058 7.667928695591891 
0 0 1 1.2122409609627054 7.667928695591892 
-1 5 0 6.0 6.0 
-1 4 0 6.0 6.0 
-1 3 0 2.767669217753966 9.12369961915789 
-1 2 0 2.7676692177539657 9.12369961915789 
-1 1 0 1.2122409609627058 7.667928695591888 
-1 0 0 1.2122409609627056 7.66792869559189 
-1 -1 0 1.0 1.0 
0 -1 0 1.0 1.0 
-1 -2 0 1.0 1.0 
0 -2 0 1.0 1.0 
