4 10 0 2.000000000000001 4.0 
5 10 0 4.0 4.0 
4 9 0 2.0 4.0 
5 9 0 4.0 4.0 
4 8 0 1.7061529471559462 11.577089445136462 
5 8 0 5.576377860009301 11.577089445136458 
4 7 0 1.706152947155946 11.57708944513646 
5 7 0 5.576377860009301 11.577089445136462 
4 6 0 2.8118001419193317 14.817100194806054 
5 6 0 7.736457152590021 13.507902771376557 
4 5 0 2.81180014173487 14.81710019480605 
5 5 0 7.73645715259002 13.507902771376559 
4 4 0 4.36886159634684 13.999999999999998 
5 4 0 12.0 12.0 
4 3 0 4.3688615963468465 14.000000000000002 
5 3 0 12.0 12.0 
3 10 0 2.0 4.0 
3 9 0 1.9999999999999998 4.0 
3 8 0 1.012370700720008 11.046716306045031 
3 7 0 1.0123707007215146 11.046716306035862 
3 6 0 0.8299596093702968 14.81710019095805 
3 5 0 0.829959609646016 14.81710019325703 
3 4 0 0.9276677229740827 15.999999999996424 
3 3 0 0.92766772297408 15.999999999995174 
3 2 0 2.7131945916676146 12.810019484455296 
4 2 0 7.2679491924311215 10.73205080756888 
3 1 0 2.713194591664828 12.81001956481286 
4 1 0 7.267949192431123 10.732050807568875 
2 10 0 2.0 4.0 
2 9 0 1.9999999999999998 3.9999999999999996 
2 8 0 1.0123707007200056 9.650023016815602 
2 7 0 1.0123707007200065 9.650022845086124 
2 6 0 0.5019138285565969 13.473194809213657 
2 5 0 0.5019138281192163 13.473194809100093 
2 4 0 0.5076863892855065 15.99999999169549 
2 3 0 0.5076863892838553 15.99999915057444 
2 2 0 0.7117023731851206 13.999999717360655 
2 1 0 0.7117023732676693 13.999999508615335 
2 0 0 2.1525330624940557 10.658191418544192 
3 0 0 5.267949192431122 8.732050807568877 
2 -1 0 2.1525330619297827 10.65819141854419 
3 -1 0 5.267949192431124 8.732050807568879 
1 8 0 1.351484381183645 7.646020966722048 
1 7 0 1.3514843811836472 7.646020966722046 
1 6 0 0.5019138281377096 11.848491375447125 
1 5 0 0.5019138281313538 11.848491383651231 
1 4 0 0.19163963107393817 15.451946930189107 
1 3 0 0.19163963105334564 15.45194681884303 
1 2 0 0.17860409197380955 15.417902131526349 
1 1 0 0.17860409199775823 15.417902204599512 
1 0 0 0.35031508268783346 12.026491668415963 
1 -1 0 0.3503150826878379 12.026491667605999 
1 -2 0 2.0000000000000013 7.000000000000001 
2 -2 0 4.0 6.0 
1 -3 0 2.0 7.0 
2 -3 0 4.0 6.0 
0 6 0 1.0267368239576458 10.239400859127464 
0 5 0 1.0267368239576475 10.239400841220602 
0 4 0 0.19163963105319662 13.88149343813998 
0 3 0 0.19163963105632095 13.881492479471685 
0 2 1 0.17860409197379826 15.899306856519695 
0 1 1 0.1786040919737965 15.899306788899631 
0 0 2 0.3503150826878334 13.341726852278613 
0 -1 2 1.0240241866914757 13.341726788693247 
0 -2 1 1.785680256622465 7.675130870566648 
0 -3 1 1.7856802566224639 7.675130870566651 
-1 4 0 2.0907703210176054 12.0 
-1 3 0 2.090770321017601 12.000000000000002 
-1 2 0 1.4166834498404186 15.899306232817281 
-1 1 0 1.4166834498404144 15.89930702212842 
-1 0 0 1.1060399907413894 14.66811324777885 
-1 -1 0 1.1060399907413345 14.668113247735338 
-1 -2 0 1.7856802566224628 7.999999999999998 
-1 -3 0 1.7856802566224672 7.999999999999999 
-2 2 0 5.431281113952274 14.000000000000002 
-2 1 0 5.431281113952275 14.000000000000002 
-2 0 0 3.319312831210396 15.999999999999995 
-2 -1 0 3.3193128312103966 16.000000000000004 
-2 -2 0 3.7856802566224617 8.000000000000004 
-2 -3 0 3.7856802566224648 8.0 
-3 0 0 16.0 16.0 
-3 -1 0 16.0 16.0 
-3 -2 0 8.0 8.0 
-3 -3 0 8.0 8.0 
