3 9 0 2.0 2.0 
4 9 0 2.0 2.0 
3 8 0 2.0 2.0 
4 8 0 2.0 2.0 
3 7 0 1.063624274588069 10.0 
4 7 0 3.9999999999999996 10.0 
3 6 0 1.0636242745880695 10.000000000000002 
4 6 0 3.9999999999999996 10.0 
3 5 0 1.5917477694559934 13.295723149086777 
4 5 0 5.298437881283576 11.701562118716424 
3 4 0 1.5917477694559852 13.295723148167957 
4 4 0 5.298437881283577 11.701562118716426 
3 3 0 3.8906098098245216 11.042332508024478 
4 3 0 9.0 9.0 
3 2 0 3.8906098098245194 11.042332508024478 
4 2 0 9.0 9.0 
2 9 0 2.0 2.0 
2 8 0 2.0 2.0 
2 7 1 1.0636242745880677 8.301114911643488 
2 6 1 1.0636242745880689 8.30111491164349 
2 5 1 0.5142974507642102 13.295723148945248 
2 4 1 0.5142974507642116 13.295723149052849 
2 3 0 0.23124017320385712 13.999999977762661 
2 2 0 0.23124017320385878 13.999999991913288 
2 1 0 2.7819655805397603 9.663776096585558 
3 1 0 6.000000000000001 8.0 
2 0 0 2.7819655805397625 9.663776096585558 
3 0 0 6.0 8.0 
1 7 0 1.451664552224626 6.939595975687517 
1 6 0 1.4516645522246252 6.93959597568752 
1 5 0 0.5142974507642616 11.50425814609343 
1 4 0 0.514297450764215 11.504258146100746 
1 3 0 0.23124017325085605 13.999999998557392 
1 2 0 0.23124017320385948 13.99999999755429 
1 1 0 0.6475655454176622 11.861131367771634 
1 0 0 0.6475655457472106 11.861131367542475 
1 -1 0 3.0 6.0 
2 -1 0 5.0 5.0 
1 -2 0 3.000000000000001 6.000000000000001 
2 -2 0 5.0 5.0 
0 5 0 1.2743842257687823 9.63403316351796 
0 4 0 1.2743842257687767 9.63403316351796 
0 3 1 0.585029877165914 13.999999999716433 
0 2 1 0.5850298771659127 13.999999940346576 
0 1 1 0.4251345405161076 13.780657055085555 
0 0 1 0.4251345405161108 13.78065646824959 
0 -1 0 0.2611536951561669 8.881612791124983 
0 -2 0 0.2611536951561695 8.881612791124983 
-1 5 0 3.5857864376269046 6.414213562373095 
-1 4 0 3.5857864376269055 6.414213562373095 
-1 3 0 1.1587504944781453 11.859463988391207 
-1 2 0 1.1587504944781046 11.859463988356676 
-1 1 0 0.4251345405161378 13.999999835086488 
-1 0 0 0.42513454051673855 13.999999895750669 
-1 -1 0 0.2611536951561721 11.156792524637988 
-1 -2 0 0.2611536953470921 11.156792524473131 
-2 3 0 4.438447187191168 8.999999999999998 
-2 2 0 4.438447187191168 9.0 
-2 1 0 1.8406496611151932 14.000000000000007 
-2 0 0 1.8406496611151917 14.0 
-2 -1 0 1.136959125055134 12.605551275463988 
-2 -2 0 1.1369591250551343 12.60555127546399 
-2 -3 0 0.5857864376269047 4.0 
-1 -3 0 0.5857864376269051 3.414213562373095 
-2 -4 0 0.5857864376269053 4.0 
-1 -4 0 0.5857864376269049 3.4142135623730945 
-3 1 0 11.0 11.0 
-3 0 0 11.0 11.0 
-3 -1 0 5.394448724536009 12.60555127546399 
-3 -2 0 5.39444872453601 12.605551275463991 
-3 -3 0 4.0 4.0 
-3 -4 0 4.0 4.0 
