6 18 0 2.0 2.0 
7 18 0 2.0 2.0 
6 17 0 2.0 2.0 
7 17 0 2.0 2.0 
6 16 0 0.7694971509938028 8.703566074963181 
7 16 0 3.0000000000000004 8.703566074963188 
6 15 0 0.7694971509938028 8.703566074963188 
7 15 0 3.0 8.703566074963192 
6 14 0 1.2667834789820225 12.850611286551423 
7 14 0 4.175948945612133 12.850611287382975 
6 13 0 1.266783478982372 12.85061128699085 
7 13 0 4.175948945612133 12.850611287382968 
6 12 0 2.269871907089312 15.277501048994084 
7 12 0 5.619507755347551 14.937695553022394 
6 11 0 2.269871907015531 15.27750124652822 
7 11 0 5.619507755347553 14.937695553022388 
6 10 0 3.680879312412509 16.62203534903897 
7 10 0 7.376294041828441 15.69540563634849 
6 9 0 3.680879312412549 16.612919055757594 
7 9 0 7.376294041828431 15.69540563634849 
6 8 0 5.070625595235102 15.47141487824447 
7 8 0 9.450119414025805 14.404979618062704 
6 7 0 5.070625597406735 15.471414809030207 
7 7 0 9.450119414025803 14.4049796180627 
6 6 0 7.151604853747912 13.402065986849133 
7 6 0 12.0 12.0 
6 5 0 7.151604853747912 13.402065986849133 
7 5 0 12.0 12.0 
5 18 0 2.0 2.0 
5 17 0 2.0 2.0 
5 16 0 0.769497150993803 8.27656534021079 
5 15 0 0.7694971509938024 8.276565340210794 
5 14 1 0.9434957732568344 12.72076077181713 
5 13 1 0.943495773256835 12.720760769579272 
5 12 0 0.19423061825358254 15.429313219203094 
5 11 0 0.19423061826968432 15.42931389866341 
5 10 0 1.2951304427702437 17.4393344380827 
5 9 0 1.2951304427701267 17.439336336664645 
5 8 0 2.5631310388703326 16.94018786230486 
5 7 0 2.5631310482493803 16.9401880241119 
5 6 0 3.9495728584598147 14.999999950515562 
5 5 0 3.9495728584598195 14.999999989004852 
5 4 0 5.672329476274713 12.032090495043619 
6 4 0 9.999999999999998 10.0 
5 3 0 5.672329476274709 12.032090495043617 
6 3 0 10.0 10.0 
4 16 0 2.0000000000000004 6.481194304092016 
4 15 0 2.0000000000000018 6.481194304092014 
4 14 0 0.9434957743706761 11.672868101283376 
4 13 0 0.9434957732747372 11.672868250923754 
4 12 0 0.1942306183298285 15.429313940020373 
4 11 0 0.19423061825269425 15.429313978182623 
4 10 1 0.8213435932767678 17.603897059809473 
4 9 1 0.8213435932767656 17.603896800996903 
4 8 0 0.962899894502272 18.25194976861128 
4 7 0 0.9628998945040043 18.251949944896932 
4 6 0 2.648304830067065 16.999999999661735 
4 5 0 2.648304830064969 16.999999998702233 
4 4 0 4.965815127950586 13.645751295847694 
4 3 0 4.9658151333963625 13.645751272520577 
4 2 0 7.999999999999999 8.0 
5 2 0 8.0 8.0 
4 1 0 7.999999999999999 8.0 
5 1 0 8.0 8.0 
3 14 0 1.6526265965002975 10.481194304092021 
3 13 0 1.6526265965002975 10.481194304092014 
3 12 0 0.4652196958203283 14.745497011086574 
3 11 0 0.4652196958205078 14.745497101392857 
3 10 2 0.7790806108976956 17.603895533569176 
3 9 2 0.7790806110037956 17.60389529019487 
3 8 0 0.17544494628636217 19.562312862404013 
3 7 0 0.17544494626152718 19.560956324235256 
3 6 0 1.5136915076706436 18.037441623808277 
3 5 0 1.5136915076980273 18.036974117773774 
3 4 0 2.95692120448901 15.75799650050936 
3 3 0 2.9569212044914526 15.75799668315885 
3 2 0 4.999999999999999 11.64575131106459 
3 1 0 5.0 11.645751311064592 
2 14 0 5.0 5.0 
2 13 0 5.0 5.0 
2 12 0 1.7197403384223175 12.999999999999938 
2 11 0 1.71974033910481 12.999999999999917 
2 10 0 0.6123165035769996 16.744755994292536 
2 9 0 0.6123165029415623 16.74476193431586 
2 8 1 0.17544494625205773 19.56116237375088 
2 7 1 0.17544494625205467 19.56231685671344 
2 6 3 1.1578471203297873 19.999999999185672 
2 5 3 0.8050418375930142 19.999999998595914 
2 4 0 0.9888400811292729 16.76688326559233 
2 3 0 0.9888400811293797 16.76688321283519 
2 2 0 2.679823247854973 13.393253601321373 
2 1 0 2.679823247854951 13.39325360132138 
1 12 0 5.0 9.481194304092014 
1 11 0 5.0 9.481194304092014 
1 10 0 1.2472320831580903 14.999999999931422 
1 9 0 1.2472320831580934 14.99999999983912 
1 8 0 0.2513665577778953 18.699235021831754 
1 7 0 0.2513665577750945 18.69923490371518 
1 6 1 0.4178520023391086 19.999999997376218 
1 5 1 0.4178520023391088 19.999999559657287 
1 4 0 0.10528817967999919 18.8224876918681 
1 3 0 0.10528817968001554 18.822487461975367 
1 2 0 1.6367238233241124 14.849018062316638 
1 1 0 1.6367238233238788 14.849018062220239 
1 0 0 3.0 5.0 
2 0 0 5.0 5.0 
1 -1 0 3.0000000000000004 5.000000000000001 
2 -1 0 5.0 5.0 
0 10 0 4.652626596500298 11.999999999999998 
0 9 0 4.6526265965002995 12.0 
0 8 0 1.3216909687464469 16.999999989527453 
0 7 0 1.3216909687244878 16.999999969493135 
0 6 0 0.4178520023708751 19.786387072205823 
0 5 0 0.41785200237015785 19.786199201842685 
0 4 2 0.6277834787203354 19.467281519081034 
0 3 2 0.6277834787408727 19.467281473334126 
0 2 3 1.6367238233238113 16.520187522360207 
0 1 3 1.1618439933944285 16.52018752801308 
0 0 0 2.0000000000000004 6.000000000000001 
0 -1 0 1.9999999999999996 6.0 
-1 8 0 6.315840797461917 14.000000000000002 
-1 7 0 6.315840797461914 14.000000000000002 
-1 6 0 2.926221897426476 18.999999994727204 
-1 5 0 2.9262218976789587 18.999999996618776 
-1 4 0 0.8807299078598436 19.46728129315207 
-1 3 0 0.8807299078576856 19.467280887310316 
-1 2 0 0.24980471214662678 17.94025040921887 
-1 1 0 0.24980471217828049 17.940250495335363 
-1 0 0 0.46706380944231535 10.484675947453901 
-1 -1 0 0.46706380944231585 10.484675947453898 
-2 8 0 8.0 10.0 
-2 7 0 7.999999999999999 10.0 
-2 6 0 4.194180103875569 16.000000000000007 
-2 5 0 4.194180103875563 16.0 
-2 4 0 1.0172731190260378 19.05617228430492 
-2 3 0 1.0172731190213833 19.056036549567143 
-2 2 0 0.24980471212709293 17.99771140205186 
-2 1 0 0.24980471212706767 17.997711402051866 
-2 0 1 0.4670638094423171 11.919457766991298 
-2 -1 1 0.4670638094423211 11.919457766991293 
-3 6 0 12.0 12.0 
-3 5 0 12.0 12.0 
-3 4 0 6.702093578510192 15.535559194147694 
-3 3 0 6.702093578510191 15.535559194147693 
-3 2 0 3.4138161085591494 17.997711402051856 
-3 1 0 3.41381610855915 17.997711402051856 
-3 0 0 2.2791369490308813 11.919457766991295 
-3 -1 0 2.2791369490308804 11.919457766991295 
-3 -2 0 2.0 2.0 
-2 -2 1 2.0 2.0 
-3 -3 0 2.0 2.0 
-2 -3 1 2.0 2.0 
