5 11 0 3.0 5.0 
6 11 0 5.0 5.0 
5 10 0 3.0000000000000004 5.000000000000001 
6 10 0 5.0 5.0 
5 9 0 3.2772702656038923 17.52493781056044 
6 9 0 7.475062189439554 17.524937810560445 
5 8 0 3.277270265603891 17.524937810560438 
6 8 0 7.475062189439555 17.524937810560445 
5 7 0 4.157180995525015 20.00000000000001 
6 7 0 15.0 15.0 
5 6 0 4.1571809955250085 20.000000000000004 
6 6 0 15.0 15.0 
4 11 0 3.0 5.000000000000001 
4 10 0 3.0 5.000000000000001 
4 9 0 1.9434301816075978 16.249493838535898 
4 8 0 1.9434301797963864 16.24949384115446 
4 7 0 2.560649668716573 19.999999999946322 
4 6 0 2.5606496671715364 19.999999999912156 
4 5 0 3.1174627375123345 17.999999988210817 
5 5 0 10.267949192431123 13.999999999999998 
4 4 0 3.117462737512338 17.999999982140586 
5 4 0 10.267949192431127 13.999999999999998 
3 11 0 2.9999999999999996 5.0 
3 10 0 2.999999999999999 5.0 
3 9 0 1.6666285165296753 14.742309525876205 
3 8 0 1.6666285133976422 14.74230952980243 
3 7 0 1.215286758890071 19.195861895110188 
3 6 0 1.215286758688108 19.19586194878742 
3 5 0 1.6455303518297117 19.999999946716674 
3 4 0 1.6455303524890834 19.99999984932471 
3 3 0 2.2895662967773314 15.999999954749633 
4 3 0 7.267949192431121 12.732050807568879 
3 2 0 2.2895662966557264 15.999999925690679 
4 2 0 7.267949192431122 12.732050807568877 
2 11 0 3.0000000000000004 4.999999999999999 
2 10 0 3.0000000000000004 5.0 
2 9 0 1.6647984611311646 13.171028378679416 
2 8 0 1.6647984611312099 13.171028367353866 
2 7 0 0.9004346885969198 17.513371058437706 
2 6 0 0.9004346884894068 17.513371649393516 
2 5 0 0.7830945376801002 19.9999995420943 
2 4 0 0.7830945377360302 19.999999339642372 
2 3 0 0.929484476299507 17.869472884653803 
2 2 0 0.9294844762728587 17.869473847450067 
2 1 0 1.7110810779262258 13.685764276937157 
3 1 0 6.0 9.999999999999998 
2 0 0 1.7110810794660123 13.685764276955453 
3 0 0 6.000000000000001 10.0 
1 9 0 1.6647984611343203 10.910143296905712 
1 8 0 1.664798461810466 10.910143296905904 
1 7 0 0.9004346886695649 15.76704864621638 
1 6 0 0.900434688496492 15.767048605310338 
1 5 0 0.4721556689052735 19.692562334652678 
1 4 0 0.4721556689095813 19.6925620407952 
1 3 0 0.26419139101988903 19.58881740643323 
1 2 0 0.2641913910238049 19.58881669115976 
1 1 0 0.6373344911439685 15.636169707907756 
1 0 0 0.6373344913021457 15.63616980162288 
1 -1 0 1.3335065251087301 10.89969921372043 
2 -1 0 5.000000000000001 7.0 
1 -2 0 1.3335065248127604 10.899699218106534 
2 -2 0 5.000000000000001 7.0 
0 9 0 3.5857864376269055 8.414213562373098 
0 8 0 3.5857864376269033 8.414213562373098 
0 7 0 1.2278532041811774 13.83427431443641 
0 6 0 1.227853204189108 13.834274315008932 
0 5 0 0.4721556689040063 17.914980004826027 
0 4 0 0.4721556689762058 17.914980586632826 
0 3 1 0.2641913910195487 19.929485201230865 
0 2 1 0.26419139101954553 19.9294837481914 
0 1 2 0.6373344911248183 17.40411361182332 
0 0 2 0.7046471604190839 17.404113647963996 
0 -1 1 0.8273479948875108 12.896632227349633 
0 -2 1 0.8273479948875134 12.896631722174533 
-1 7 0 4.129457336317591 11.568707140779978 
-1 6 0 4.129457336317588 11.568707140779983 
-1 5 0 2.1717577929947454 15.999999962799698 
-1 4 0 2.1717577929937226 15.99999991793932 
-1 3 0 1.5536808564650362 19.929483371731084 
-1 2 0 1.553680857864211 19.929484554084496 
-1 1 0 1.0945944729152888 18.85661824654212 
-1 0 0 1.094594474655232 18.856620308022332 
-1 -1 0 0.8273479958022475 14.713467481479782 
-1 -2 0 0.8273479961765317 14.713467491429135 
-1 -3 0 1.5857864376269042 6.999999999999998 
0 -3 0 1.5857864376269046 6.414213562373095 
-1 -4 0 1.5857864376269053 7.000000000000002 
0 -4 0 1.5857864376269057 6.414213562373093 
-2 5 0 5.694102470666573 13.785667011198004 
-2 4 0 5.6941024706665715 13.785667011198008 
-2 3 0 2.832175738471915 17.999999046238184 
-2 2 0 2.832175746617293 17.999999997786475 
-2 1 0 2.277737575066602 19.999999999544457 
-2 0 0 2.2777375750930147 19.999999997650967 
-2 -1 0 1.8085790549143759 16.207717755894784 
-2 -2 0 1.8085790553545056 16.20771752465901 
-2 -3 0 1.5857864376269029 7.0 
-2 -4 0 1.5857864376269069 6.999999999999999 
-3 3 0 9.694102470666568 15.785667011198003 
-3 2 0 9.694102470666564 15.785667011198004 
-3 1 0 5.044660928799922 19.999999999999886 
-3 0 0 5.044660928799923 19.999999999999993 
-3 -1 0 4.080214135865468 16.854101966206308 
-3 -2 0 4.080214135850704 16.8541019661802 
-3 -3 0 3.585786437626905 7.000000000000001 
-3 -4 0 3.585786437626907 7.0 
-4 1 0 17.0 17.0 
-4 0 0 17.0 17.0 
-4 -1 0 10.145898033750317 16.854101966249686 
-4 -2 0 10.145898033750315 16.854101966249686 
-4 -3 0 7.0 7.0 
-4 -4 0 7.0 7.0 
