1 5 0 1.9999999999999998 4.0 
2 5 2 1.9999999999999998 4.0 
1 4 0 2.0 4.0 
2 4 2 1.9999999999999998 4.0 
1 3 0 1.0000000000000009 6.0 
2 3 1 1.0000000000000002 5.999999999999997 
1 2 0 0.9999999999999994 6.0 
2 2 1 1.0000000000000002 6.0 
1 1 0 0.9999999999999991 6.000000000000002 
2 1 0 1.0000000000000007 5.0 
1 0 0 0.9999999999999993 6.0 
2 0 0 0.9999999999999996 5.0 
1 -1 0 3.0 5.0 
2 -1 0 3.0 3.0 
1 -2 0 2.9999999999999996 5.0 
2 -2 0 3.0 3.0 
0 5 0 2.0 2.0 
0 4 0 2.0 2.0 
0 3 1 2.0000000000000004 5.999999999999999 
0 2 1 1.9999999999999996 5.999999999999999 
0 1 2 1.9999999999999984 6.000000000000003 
0 0 2 2.0000000000000004 6.0 
0 -1 1 1.0 5.000000000000001 
0 -2 1 1.0000000000000009 5.000000000000001 
-1 3 0 4.0 4.0 
-1 2 0 4.0 4.0 
-1 1 0 2.0000000000000004 6.000000000000001 
-1 0 0 1.9999999999999998 6.0 
-1 -1 0 1.0 5.0 
-1 -2 0 0.9999999999999997 5.0 
-1 -3 0 1.0 1.0 
0 -3 0 1.0 1.0 
-1 -4 0 1.0 1.0 
0 -4 0 1.0 1.0 
