2 4 0 1.0 5.0 
3 4 0 5.0 5.0 
2 3 0 0.9999999999999998 5.000000000000001 
3 3 0 5.0 5.0 
2 2 0 1.0000000000000138 13.605551275463991 
3 2 0 5.438447187191171 13.605551275463988 
2 1 0 1.000000000000005 13.605551275463991 
3 1 0 5.43844718719117 13.605551275463991 
2 0 0 1.4384471871945474 18.167104086025198 
3 0 0 6.832895911727181 18.167104088272822 
2 -1 0 1.4384471871912061 18.167104079704856 
3 -1 0 6.832895911727181 18.167104088272826 
2 -2 0 2.5179027698411836 19.561552738754553 
3 -2 0 9.394448724536012 16.60555127546399 
2 -3 0 2.517902770603859 19.56155281121258 
3 -3 0 9.39444872453601 16.605551275463988 
2 -4 0 5.079455582438638 17.999999999209567 
3 -4 0 15.0 15.0 
2 -5 0 5.0794555824400245 17.999999999351672 
3 -5 0 15.0 15.0 
1 4 0 1.0000000000000002 4.999999999999999 
1 3 0 1.0 5.0 
1 2 0 0.5857864376269052 13.60555127546092 
1 1 0 0.5857864376269055 13.605551275461064 
1 0 0 0.5857864377188582 18.167104083330056 
1 -1 0 0.5857864376269086 18.16710393585059 
1 -2 0 0.7639320233206277 19.56155281137516 
1 -3 0 0.763932022514807 19.56155281230266 
1 -4 0 1.8433876049404188 19.99999999998972 
1 -5 0 1.8433876049387241 19.99999999998185 
1 -6 0 3.079455582447677 15.999999999848018 
2 -6 0 8.267949192431121 13.000000000000002 
1 -7 0 3.0794555824388548 15.999999999818996 
2 -7 0 8.267949192431127 13.0 
0 4 0 4.0 4.0 
0 3 0 4.0 4.0 
0 2 0 0.5857864376271401 12.1431131363251 
0 1 0 0.5857864376269912 12.143113119390915 
0 0 1 0.5857864376269067 16.704665955854797 
0 -1 1 0.5857864376269069 16.70466595616203 
0 -2 2 1.4384471891080177 19.56155280367201 
0 -3 2 0.7639320225002078 19.561552800214088 
0 -4 1 1.079455582438412 19.99999989473911 
0 -5 1 1.0794555824384193 19.999999938805537 
0 -6 0 1.0794555824384333 17.99999701498413 
0 -7 0 1.0794555824384418 17.999998414673783 
0 -8 0 3.8732376543228084 13.999999920251076 
1 -8 0 6.267949192431123 11.414213562373094 
0 -9 0 3.8732376286094468 13.99999999943031 
1 -9 0 6.267949192431125 11.414213562373098 
-1 4 0 4.0 4.0 
-1 3 0 4.0 4.0 
-1 2 0 2.289086100462818 11.285971321672674 
-1 1 0 2.28908610046416 11.285971321672678 
-1 0 0 1.0000000000589697 15.847523573752921 
-1 -1 0 1.0000000000001066 15.84752413424522 
-1 -2 0 0.5857864376269956 19.561552786991356 
-1 -3 0 0.5857864381772923 19.56155280652822 
-1 -4 0 0.7639320232040883 19.99999942960588 
-1 -5 0 0.7639320233208811 19.99999968274038 
-1 -6 0 1.079455582622974 19.844426931499086 
-1 -7 0 1.0794555824496412 19.844426908783817 
-1 -8 0 1.8732376286635224 15.999999641886426 
-1 -9 0 1.8732376286305474 15.999999011349892 
-1 -10 0 3.332103482124698 11.999998898456386 
0 -10 0 6.585786437626906 9.414213562373092 
-1 -11 0 3.332103476740609 11.999999999923464 
0 -11 0 6.585786437626904 9.414213562373094 
-2 2 0 3.585786437626904 8.826838395311952 
-2 1 0 3.585786437626907 8.826838395311952 
-2 0 0 1.58935093021104 14.285971321659558 
-2 -1 0 1.5893509302226196 14.285971321672505 
-2 -2 0 0.5857864380918006 17.999999999460464 
-2 -3 0 0.5857864376368086 17.999999979104018 
-2 -4 1 0.5893509301897069 19.999999995708716 
-2 -5 1 0.5893509301896993 19.999999997349313 
-2 -6 1 0.5857864379407671 19.99999934898526 
-2 -7 1 0.5857864377010905 19.999999913521474 
-2 -8 0 0.6445606131651327 17.73827070868829 
-2 -9 0 0.644560613091236 17.738270522608367 
-2 -10 0 1.3321034767408646 13.843568340386064 
-2 -11 0 1.3321034767406443 13.843568327373365 
-2 -12 0 2.9307080876577225 9.843568344470173 
-1 -12 0 6.0 6.0 
-2 -13 0 2.930708087657722 9.843568344470167 
-1 -13 0 6.0 6.0 
-3 2 0 4.999999999999999 7.0 
-3 1 0 5.0 7.0 
-3 0 0 2.965136873833621 11.826838375374079 
-3 -1 0 2.9651368738451302 11.826838387681232 
-3 -2 0 1.1751373693474076 16.303870322021005 
-3 -3 0 1.1751373706717079 16.30387024474917 
-3 -4 0 0.5893509301959454 19.999999859790666 
-3 -5 0 0.58935093022982 19.99999855643488 
-3 -6 0 0.4438590416235094 19.999999418916055 
-3 -7 0 0.44385904184466507 19.99999988229214 
-3 -8 1 0.4438590415662539 19.193098812455094 
-3 -9 1 0.4438590415662536 19.19309792044375 
-3 -10 1 0.7639320228860866 15.379415756462288 
-3 -11 1 0.763932022871596 15.379415829112478 
-3 -12 0 0.9307080877941636 11.379415977678057 
-3 -13 0 0.9307080876577253 11.379415940840353 
-4 0 0 4.585786437626905 10.0 
-4 -1 0 4.585786437626906 9.999999999999996 
-4 -2 0 2.550923311460542 14.742317617536612 
-4 -3 0 2.550923316088235 14.742317548109222 
-4 -4 0 1.0296454792110297 17.99999986318193 
-4 -5 0 1.0296454792136491 17.99999996626914 
-4 -6 0 0.44385904164614715 19.999999853188708 
-4 -7 0 0.4438590419130926 19.999999231814975 
-4 -8 1 0.443859041566255 19.193098277644804 
-4 -9 1 0.44385904156625383 19.193099020515497 
-4 -10 2 0.7639320225002151 17.2749172169883 
-4 -11 2 0.8638622601595756 17.274917217497745 
-4 -12 1 0.9307080876577182 13.27491710112884 
-4 -13 1 0.9307080876577243 13.274917215372417 
-4 -14 0 0.9999999999999996 5.999999999999998 
-3 -14 0 3.0 5.0 
-4 -15 0 1.0 6.0 
-3 -15 0 3.0 5.0 
-5 -2 0 5.85373563005803 12.732050807568875 
-5 -3 0 5.853735630058024 12.732050807568877 
-5 -4 0 3.8852388136762417 16.742317617255882 
-5 -5 0 3.8852388136762253 16.74231761845364 
-5 -6 0 2.3266899142804682 19.99999996833247 
-5 -7 0 2.326689912663239 19.999999983266363 
-5 -8 0 1.7196853474664748 19.193098999083947 
-5 -9 0 1.7196853475946066 19.19309821641379 
-5 -10 0 1.1338989098622638 17.27491721763244 
-5 -11 0 1.133898909837989 17.27491721763214 
-5 -12 0 1.0000000000055236 14.274917217621576 
-5 -13 0 1.000000000009458 14.274917217631334 
-5 -14 0 0.9999999999999996 6.0 
-5 -15 0 0.9999999999999991 6.000000000000002 
-6 -4 0 10.585786437626906 14.732050807568875 
-6 -5 0 10.585786437626906 14.732050807568877 
-6 -6 0 5.884224318910481 17.999999993365456 
-6 -7 0 5.884224318910482 17.999999907134985 
-6 -8 0 4.310869219991535 19.193099103214866 
-6 -9 0 4.31086925358613 19.193098938931968 
-6 -10 0 3.585786437626911 17.274917157669513 
-6 -11 0 3.5857864376716764 17.274917172753053 
-6 -12 0 3.000000000079349 14.274917217635371 
-6 -13 0 3.000000000248666 14.274917217635375 
-6 -14 0 3.0000000000000018 6.000000000000001 
-6 -15 0 3.0000000000000004 6.000000000000001 
-7 -6 0 16.0 16.0 
-7 -7 0 16.0 16.0 
-7 -8 0 11.298437881283572 17.701562118716424 
-7 -9 0 11.298437881283578 17.701562118716424 
-7 -10 0 8.298437881283574 17.274917217635373 
-7 -11 0 8.298437881283574 17.27491721763537 
-7 -12 0 6.725082782364624 14.27491721763537 
-7 -13 0 6.725082782364624 14.274917217635375 
-7 -14 0 6.0 6.0 
-7 -15 0 6.0 6.0 
