2 2 0 4.0 8.000000000000002 
3 2 0 8.0 8.0 
2 1 0 3.999999999999998 8.0 
3 1 0 8.0 8.0 
2 0 0 3.3941300474673355 15.999999999999996 
3 0 0 16.0 16.0 
2 -1 0 3.3941300474673386 15.999999999999998 
3 -1 0 16.0 16.0 
1 2 0 0.999999999999999 8.000000000000002 
1 1 0 1.0000000000000009 8.0 
1 0 0 0.9254975469724717 14.679632709366771 
1 -1 0 0.9254975469724716 14.679632709225189 
1 -2 0 1.2602693405818086 15.773082539912846 
2 -2 0 5.655618139929582 14.86905742196769 
1 -3 0 1.2602693424328486 15.773045519535586 
2 -3 0 5.655618139929581 14.869057421967693 
0 2 0 1.0000000000000013 8.0 
0 1 0 1.000000000000001 7.999999999999998 
0 0 1 0.9254975469724692 13.356685605447081 
0 -1 1 0.9254975469724738 13.356685748182143 
0 -2 1 0.5487248251615219 15.77307352115887 
0 -3 1 0.5487248251615252 15.773080979414694 
0 -4 0 0.4234194073385037 14.550485250353344 
1 -4 0 2.167196916728902 12.999999909687512 
0 -5 0 0.42341940733863437 14.550152383641153 
1 -5 0 2.1671969167289022 12.999999687892048 
-1 2 0 3.0 7.0 
-1 1 0 2.9999999999999987 7.000000000000001 
-1 0 0 1.594748034415061 12.355865048309392 
-1 -1 0 1.594748035240907 12.355864652375619 
-1 -2 0 0.548724825163698 15.68213349030263 
-1 -3 0 0.5487248252157247 15.68213330644032 
-1 -4 0 0.4234194073469012 15.532080975103998 
-1 -5 0 0.4234194073470575 15.532127278978379 
-1 -6 0 0.9421673302179691 12.609866402832587 
0 -6 0 1.373588547857507 11.210879845040363 
-1 -7 0 0.9421673302276828 12.609866230334534 
0 -7 0 1.3735885478575074 11.210880143343745 
-2 2 0 4.0 7.000000000000001 
-2 1 0 3.9999999999999996 7.0 
-2 0 0 2.053114878915978 11.321460735050941 
-2 -1 0 2.0531148788746596 11.321460735133678 
-2 -2 0 0.6630960963496455 14.999999999954278 
-2 -3 0 0.6630960963499336 14.999999999975742 
-2 -4 1 0.7491407324912952 15.529417883533544 
-2 -5 1 0.7491407324912921 15.532126404375408 
-2 -6 1 0.5278850536437796 14.13806012076159 
-2 -7 1 0.5278850536437789 14.138059480283557 
-2 -8 0 0.4180405156092473 10.840649744766713 
-1 -8 0 1.6407561498583716 8.943081658472375 
-2 -9 0 0.4180405156131354 10.840649756569661 
-1 -9 0 1.6407561498583738 8.94308165847238 
-3 2 0 6.0 6.0 
-3 1 0 6.0 6.0 
-3 0 0 4.057714492795994 9.999999999999998 
-3 -1 0 4.057714492795994 10.000000000000005 
-3 -2 0 2.5854725639204297 13.043162100050136 
-3 -3 0 2.5854725639233096 13.043161925168343 
-3 -4 0 1.3276723633793919 14.724888703782915 
-3 -5 0 1.327672360045317 14.724889057386385 
-3 -6 0 0.5278850541445905 14.166520577854623 
-3 -7 0 0.5278850536924607 14.166520057066633 
-3 -8 0 0.4180405156094812 11.88829874446682 
-3 -9 0 0.41804051561667815 11.888298740846176 
-3 -10 0 0.9492426482974559 7.4996232184417355 
-2 -10 0 1.4502967613442241 5.818534363630097 
-3 -11 0 0.9492426482974566 7.499623218441734 
-2 -11 0 1.4502967613442261 5.818534363630096 
-4 0 0 8.0 8.0 
-4 -1 0 8.0 8.0 
-4 -2 0 5.068641052159532 12.000000000000002 
-4 -3 0 5.068641052159536 12.0 
-4 -4 0 3.1789804291192367 13.780019424776647 
-4 -5 0 3.1789804290837598 13.780019516495319 
-4 -6 0 1.8528017442286917 14.166520021477128 
-4 -7 0 1.8528017442286835 14.164348735417448 
-4 -8 0 1.1154754889075724 11.939240635971753 
-4 -9 0 1.11547548782419 11.939240635971931 
-4 -10 0 0.9492426482974545 7.87740374570004 
-4 -11 0 0.9492426482974549 7.877403745700039 
-4 -12 0 2.0 2.0 
-3 -12 0 2.0 2.0 
-4 -13 0 2.0 2.0 
-3 -13 0 2.0 2.0 
-5 -2 0 10.0 10.0 
-5 -3 0 10.0 10.0 
-5 -4 0 7.000000000000001 12.000000000000002 
-5 -5 0 7.0 12.0 
-5 -6 0 4.999999999999998 13.326746773925436 
-5 -7 0 5.000000000000001 13.32674677392544 
-5 -8 0 3.638531233814173 11.939240635971966 
-5 -9 0 3.638531233814175 11.939240635971972 
-5 -10 0 2.646144214569172 7.877403745700038 
-5 -11 0 2.6461442145691723 7.877403745700038 
-5 -12 0 2.0 2.0 
-5 -13 0 2.0 2.0 
