0 2 0 0.9999999999999999 3.0 
1 2 0 3.0 3.0 
0 1 0 0.9999999999999999 3.000000000000001 
1 1 0 3.0 3.0 
0 0 0 0.6972243622680055 7.302775637731995 
1 0 0 3.697224362268005 7.302775637731994 
0 -1 0 0.6972243622680036 7.302775637731995 
1 -1 0 3.697224362268005 7.302775637731995 
0 -2 0 1.0252962520126456 7.697261093961576 
1 -2 0 7.0 7.0 
0 -3 0 1.025296252012647 7.697261093961578 
1 -3 0 7.0 7.0 
-1 2 0 1.0000000000000002 3.0 
-1 1 0 1.0 3.0 
-1 0 1 0.6972243622680054 6.4026788295211885 
-1 -1 1 0.6972243622680059 6.402678829521189 
-1 -2 2 1.0252962520126447 7.697261093961578 
-1 -3 2 1.0252962520126438 7.697261093961579 
-1 -4 1 0.9753892800977568 6.437433702233074 
0 -4 0 2.267949192431123 5.732050807568877 
-1 -5 1 0.9753892800977576 6.437433702233075 
0 -5 0 2.267949192431123 5.7320508075688785 
-2 0 0 3.0 5.0 
-2 -1 0 2.9999999999999996 5.0 
-2 -2 0 1.2382675082698302 7.679620483128624 
-2 -3 0 1.2382675082698287 7.679620483128623 
-2 -4 0 0.9753892800977568 6.618033988749894 
-2 -5 0 0.9753892800977582 6.618033988749895 
-2 -6 0 0.9999999999999998 3.0000000000000004 
-1 -6 0 0.9999999999999999 2.9999999999999996 
-2 -7 0 1.0000000000000002 3.0 
-1 -7 0 1.0000000000000004 3.0 
-3 -2 0 7.0 7.0 
-3 -3 0 7.0 7.0 
-3 -4 0 4.381966011250105 6.618033988749895 
-3 -5 0 4.381966011250104 6.618033988749895 
-3 -6 0 3.0 3.0 
-3 -7 0 3.0 3.0 
