4 14 0 1.0 1.0 
5 14 0 1.0 1.0 
4 13 0 1.0 1.0 
5 13 0 1.0 1.0 
4 12 0 0.37892975691306985 7.470895516291016 
5 12 0 1.7898158701166278 7.470895516291018 
4 11 0 0.37892975691306924 7.470895516291016 
5 11 0 1.7898158701166285 7.470895516291018 
4 10 0 0.8179591500144173 9.754232569790684 
5 10 0 2.7639320225002106 9.645751311064592 
4 9 0 0.817959150054145 9.754235163507518 
5 9 0 2.76393202250021 9.645751311064592 
4 8 0 2.233871746818363 10.46626694730493 
5 8 0 4.104893484072469 9.29240158522462 
4 7 0 2.2338717468183633 10.466266848454717 
5 7 0 4.104893484072471 9.29240158522462 
4 6 0 3.6385312338141724 8.999999999999998 
5 6 0 7.0 7.0 
4 5 0 3.6385312338141738 9.000000000000002 
5 5 0 7.0 7.0 
3 12 0 0.3789297569130684 5.668783197111631 
3 11 0 0.3789297569130685 5.6687831971116305 
3 10 1 0.8179591500144184 9.754235163507532 
3 9 1 0.8179591500144173 9.754235163507527 
3 8 0 0.26755329835225233 11.705127158237648 
3 7 0 0.26755329835225655 11.705122238465865 
3 6 0 1.5328933689819744 9.999999981424292 
3 5 0 1.5328933696940727 9.999999999995856 
3 4 0 3.0000000000000004 6.000000000000001 
4 4 0 5.0 5.0 
3 3 0 3.0 6.000000000000001 
4 3 0 5.0 5.0 
2 10 0 0.9495735702811591 8.000000000000002 
2 9 0 0.9495735702811603 8.0 
2 8 0 0.26755329835225283 11.705127158239176 
2 7 0 0.2675532983522773 11.705127158239163 
2 6 1 1.2095951067096657 11.999999916695385 
2 5 1 1.209595106709663 11.999999996231592 
2 4 0 2.9999999999999996 8.64575131106459 
2 3 0 2.9999999999999996 8.645751311064592 
1 10 0 4.0 4.0 
1 9 0 4.0 4.0 
1 8 0 0.8505687127810142 10.000000000000002 
1 7 0 0.8505687127810113 10.000000000000004 
1 6 0 0.4745517051875765 11.999999998228176 
1 5 0 0.47455170520743434 11.999999997572802 
1 4 0 0.5907601058876079 9.454211085512185 
1 3 0 0.5907601058876077 9.454211085512188 
0 8 0 3.585786437626905 6.999999999999999 
0 7 0 3.585786437626905 7.000000000000001 
0 6 0 0.4745517051862962 12.000000000000004 
0 5 0 0.47455170518629564 12.0 
0 4 1 0.590760105887607 10.854101966249686 
0 3 1 0.5907601058876081 10.854101966249688 
0 2 1 2.0 3.0000000000000004 
1 2 0 2.0 2.0 
0 1 1 1.9999999999999998 3.0 
1 1 0 2.0 2.0 
-1 6 0 9.0 9.0 
-1 5 0 9.0 9.0 
-1 4 0 4.145898033750315 10.854101966249685 
-1 3 0 4.145898033750315 10.854101966249683 
-1 2 0 3.0 3.0 
-1 1 0 3.0 3.0 
