2 2 0 5.0 5.000000000000001 
3 2 0 5.0 5.0 
2 1 0 5.0 5.0 
3 1 0 5.0 5.0 
2 0 0 3.600645860766264 17.720153254455273 
3 0 0 7.279846745544724 17.720153254455276 
2 -1 0 3.600645860766273 17.720153254455283 
3 -1 0 7.279846745544725 17.720153254455276 
2 -2 0 4.850781663899955 20.000000000000004 
3 -2 0 15.0 15.0 
2 -3 0 4.850781663899964 20.0 
3 -3 0 15.0 15.0 
1 2 0 5.0 5.0 
1 1 0 5.0 5.0 
1 0 0 2.044105899918085 15.817650492641423 
1 -1 0 2.044105906868627 15.817650927240077 
1 -2 0 1.9745806698900574 19.99999999997062 
1 -3 0 1.9745806698890005 19.99999999993902 
1 -4 0 3.1183141420484635 17.999999784210694 
2 -4 0 10.000000000000002 14.0 
1 -5 0 3.118314131657621 17.999999469478997 
2 -5 0 9.999999999999998 14.0 
0 2 0 5.0 5.0 
0 1 0 5.0 5.0 
0 0 1 1.683648399628191 15.072911720602814 
0 -1 1 1.6836483996281921 15.07291207488212 
0 -2 1 0.7530410686393456 19.203019318198628 
0 -3 1 0.7530410686393444 19.20302047385974 
0 -4 0 0.5433046536295257 19.93865461214679 
0 -5 0 0.5433046536295814 19.93865681662288 
0 -6 0 1.288418341596144 15.99999737459742 
1 -6 0 7.999999999999999 13.000000000000004 
0 -7 0 1.2884183416064063 15.99999748633804 
1 -7 0 8.0 12.999999999999998 
-1 2 0 5.0 5.000000000000001 
-1 1 0 5.0 5.0 
-1 0 0 1.6836483996286826 13.464699010542455 
-1 -1 0 1.6836483996532088 13.464699010512236 
-1 -2 0 0.5718179728936668 17.467054079749627 
-1 -3 0 0.5718179723559625 17.46705313439546 
-1 -4 0 0.5433046536365694 19.99999857066201 
-1 -5 0 0.5433046541160986 19.999997488677334 
-1 -6 0 0.8078980741645048 17.887106441735508 
-1 -7 0 0.8078980741636215 17.887106184288307 
-1 -8 0 1.547039400119506 14.667271148039596 
0 -8 0 6.18639349735167 11.0 
-1 -9 0 1.5470394001196508 14.667271153382321 
0 -9 0 6.186393497351671 11.0 
-2 2 0 5.0 5.0 
-2 1 0 5.0 5.0 
-2 0 0 2.473713621824289 12.319772944668337 
-2 -1 0 2.47371361784278 12.319772944668394 
-2 -2 0 0.5718179723557748 16.489008914642543 
-2 -3 0 0.5718179726308731 16.48900900776741 
-2 -4 2 0.7823881613718623 19.999999998984794 
-2 -5 2 0.7823881613718646 19.999999998451365 
-2 -6 2 0.8078980741634002 19.687279091494336 
-2 -7 2 0.8078980741633965 19.68727868012681 
-2 -8 0 0.38603896363924867 15.851885548440416 
-2 -9 0 0.38603896364521806 15.851884771664455 
-2 -10 0 1.6659431077152722 12.581147066787544 
-1 -10 0 5.381966011250104 8.618033988749898 
-2 -11 0 1.6659431077152727 12.581147066410209 
-1 -11 0 5.381966011250104 8.618033988749895 
-3 0 0 4.829913513373965 9.761557181831893 
-3 -1 0 4.829913513373965 9.761557181831892 
-3 -2 0 3.0352280126814004 14.599277737842943 
-3 -3 0 3.0352280101127973 14.599277741193747 
-3 -4 0 1.1070694132945056 17.870668686849243 
-3 -5 0 1.107069413163935 17.870669102343992 
-3 -6 0 0.5938225944729482 19.999999922533117 
-3 -7 0 0.5938225943219604 19.999999992169446 
-3 -8 0 0.3860389636557529 17.62780819172518 
-3 -9 0 0.3860389636396218 17.627808181943102 
-3 -10 0 0.9236676336659643 14.180816600602217 
-3 -11 0 0.9236676336351761 14.180816600663936 
-3 -12 0 2.226880494568065 9.866733880674447 
-2 -12 0 5.0 5.0 
-3 -13 0 2.2268804945680647 9.86673388067445 
-2 -13 0 5.0 5.0 
-4 0 0 6.000000000000002 8.0 
-4 -1 0 6.000000000000001 8.0 
-4 -2 0 3.6714461682828934 12.761557181821201 
-4 -3 0 3.6714461682825466 12.76155718174369 
-4 -4 0 1.9245360674717016 16.77391071555436 
-4 -5 0 1.9245360674811052 16.773910720316998 
-4 -6 0 0.5938225950697127 19.999999992636255 
-4 -7 0 0.5938225947371818 19.99999992621285 
-4 -8 1 0.8343243003999421 19.027651028149453 
-4 -9 1 0.834324300399944 19.027651019784493 
-4 -10 1 0.9236676336307245 15.437048727336988 
-4 -11 1 0.9236676336316791 15.437048729931329 
-4 -12 0 0.5781722202994894 12.118056426877214 
-4 -13 0 0.5781722205895558 12.118056426877722 
-5 -2 0 7.000000000000001 11.0 
-5 -3 0 7.000000000000001 11.000000000000002 
-5 -4 0 4.7269944162359465 14.999999962726015 
-5 -5 0 4.7269943634321345 14.999999999784077 
-5 -6 0 2.9838945295083645 17.999999904351363 
-5 -7 0 2.983894529512367 17.9999998546113 
-5 -8 0 1.6361193456541807 19.027651015708226 
-5 -9 0 1.636119345654693 19.02765102280146 
-5 -10 0 1.074746903793359 17.089061536359715 
-5 -11 0 1.0747468902535506 17.089061537773617 
-5 -12 0 0.5781722202959045 12.51486482452132 
-5 -13 0 0.5781722203796584 12.514864694892696 
-5 -14 0 2.0 4.0 
-4 -14 0 2.0 4.0 
-5 -15 0 2.0 4.0 
-4 -15 0 1.9999999999999996 4.0 
-6 -4 0 9.999999999999996 13.0 
-6 -5 0 9.999999999999998 12.999999999999998 
-6 -6 0 6.307324404552196 15.999999769851467 
-6 -7 0 6.3073244045521895 16.0 
-6 -8 0 4.317735379627364 17.420485558519047 
-6 -9 0 4.317735416278818 17.420485539246663 
-6 -10 0 2.868328204055807 17.0890615379102 
-6 -11 0 2.8683282041273745 17.089061537880742 
-6 -12 0 2.456767333784547 12.934177722949137 
-6 -13 0 2.4567673322199006 12.934177722949142 
-6 -14 0 2.0000000000000004 4.0 
-6 -15 0 1.9999999999999998 4.0 
-7 -6 0 14.0 14.0 
-7 -7 0 14.0 14.0 
-7 -8 0 9.50074891602329 16.09106437327819 
-7 -9 0 9.500748916023294 16.09106437327819 
-7 -10 0 6.670450679663686 16.001674277962508 
-7 -11 0 6.670450679663686 16.00167427796251 
-7 -12 0 5.109164721942042 12.934177722949142 
-7 -13 0 5.109164721942042 12.934177722949142 
-7 -14 0 4.0 4.0 
-7 -15 0 4.0 4.0 
