0 2 0 1.0000000000000002 3.0 
1 2 0 3.0 3.0 
0 1 0 1.0000000000000002 3.0 
1 1 0 3.0 3.0 
0 0 0 0.9999999999999996 6.414213562373095 
1 0 0 3.5857864376269046 6.414213562373096 
0 -1 0 1.0000000000000004 6.414213562373096 
1 -1 0 3.5857864376269046 6.414213562373096 
0 -2 0 1.0000000000000004 7.414213562373094 
1 -2 0 4.585786437626904 7.414213562373096 
0 -3 0 0.9999999999999993 7.414213562373098 
1 -3 0 4.585786437626904 7.414213562373096 
0 -4 0 1.999999999999998 7.561552812808832 
1 -4 0 7.0 7.0 
0 -5 0 1.9999999999999978 7.561552812808831 
1 -5 0 7.0 7.0 
-1 2 0 1.0 3.0 
-1 1 0 1.0 3.0 
-1 0 1 1.0000000000000004 6.414213562373096 
-1 -1 1 1.0 6.414213562373094 
-1 -2 3 1.2679491924311235 7.414213562373098 
-1 -3 3 0.9999999999999991 7.414213562373097 
-1 -4 3 0.7639320225002115 7.999999999999999 
-1 -5 3 0.7639320225002099 7.999999999999999 
-1 -6 1 0.7639320225002102 5.56155281280883 
0 -6 0 3.0 5.0 
-1 -7 1 0.7639320225002111 5.561552812808829 
0 -7 0 3.0000000000000004 5.0 
-2 0 0 2.267949192431123 5.732050807568877 
-2 -1 0 2.267949192431123 5.732050807568878 
-2 -2 0 1.267949192431122 7.000000000000001 
-2 -3 0 1.267949192431124 6.999999999999998 
-2 -4 0 0.7639320225002099 8.000000000000004 
-2 -5 0 0.7639320225002124 8.0 
-2 -6 0 0.7639320225002105 6.0 
-2 -7 0 0.7639320225002116 5.999999999999999 
-2 -8 0 0.9999999999999998 3.0 
-1 -8 0 0.9999999999999998 3.0 
-2 -9 0 1.0000000000000004 3.0 
-1 -9 0 1.0 3.0 
-3 -2 0 7.0 7.0 
-3 -3 0 7.0 7.0 
-3 -4 0 4.000000000000001 8.0 
-3 -5 0 3.9999999999999996 8.0 
-3 -6 0 3.0000000000000004 5.999999999999999 
-3 -7 0 3.0000000000000004 6.0 
-3 -8 0 3.0 3.0 
-3 -9 0 3.0 3.0 
