2 2 0 4.0 7.0 
3 2 0 7.0 7.0 
2 1 0 4.0 7.0 
3 1 0 7.0 7.0 
2 0 0 3.9726504822272726 14.999999999965743 
3 0 0 9.999999999999998 15.0 
2 -1 0 3.972650482227272 14.999999999937252 
3 -1 0 10.000000000000002 15.0 
2 -2 0 5.440071103021285 17.999999999999616 
3 -2 0 16.0 16.0 
2 -3 0 5.440071103021292 17.999999999998945 
3 -3 0 16.0 16.0 
1 2 0 3.999999999999998 7.000000000000001 
1 1 0 3.999999999999998 7.000000000000002 
1 0 0 1.8089787231274947 14.400443244032877 
1 -1 0 1.8089787217006525 14.400443244031626 
1 -2 0 2.030709366833541 17.999999999356444 
1 -3 0 2.030709366833706 17.99999998050013 
1 -4 0 3.0701047282821303 15.955873095206082 
2 -4 0 9.082714006906464 15.0 
1 -5 0 3.0701047281850395 15.955873562301548 
2 -5 0 9.08271400690647 15.0 
0 2 0 3.9999999999999982 7.000000000000002 
0 1 0 4.0 7.000000000000001 
0 0 1 1.808978721700649 14.322512684515738 
0 -1 1 1.8089787217006525 14.322512685000444 
0 -2 1 0.7085688856068593 17.17404624786957 
0 -3 1 0.708568885606858 17.17404569657846 
0 -4 0 0.29412638066564634 17.876391833410977 
0 -5 0 0.2941263806690416 17.876391609780566 
0 -6 0 1.381727656024666 14.761103960822215 
1 -6 0 6.082714006906465 14.000000000000002 
0 -7 0 1.3817276557139768 14.761103484651441 
1 -7 0 6.082714006906466 14.000000000000002 
-1 2 0 3.9999999999999996 7.000000000000002 
-1 1 0 3.999999999999999 7.000000000000001 
-1 0 0 2.291618911771147 12.948337941834387 
-1 -1 0 2.2916189117750183 12.948337941833472 
-1 -2 0 0.7085688856070118 15.722762422331929 
-1 -3 0 0.7085688856071681 15.72276225000346 
-1 -4 0 0.2941263807155915 17.999999978578977 
-1 -5 0 0.29412638067943886 17.99999990527087 
-1 -6 0 0.8709852223211165 15.726351005915777 
-1 -7 0 0.8709852224371211 15.726350544040283 
-1 -8 0 1.644288076357242 13.612791631942292 
0 -8 0 4.098352038688998 11.999999971737411 
-1 -9 0 1.644288081902404 13.612791671289138 
0 -9 0 4.098352038688998 11.999999994992454 
-2 2 0 4.000000000000001 7.0 
-2 1 0 4.000000000000001 7.0 
-2 0 0 2.2971666359953566 11.450365673040428 
-2 -1 0 2.2971666359295755 11.450365672871186 
-2 -2 0 0.809873471855615 14.591658229465185 
-2 -3 0 0.8098734718533838 14.59165823380944 
-2 -4 1 0.8590277913510872 17.999999999588944 
-2 -5 1 0.8590277913510903 17.999999999815287 
-2 -6 1 0.621424644911172 17.212328524512824 
-2 -7 1 0.6214246449111743 17.20754663702135 
-2 -8 0 0.37169461764676964 14.23274824985931 
-2 -9 0 0.371694617646767 14.232748247368542 
-2 -10 0 1.2784523074420413 11.471692868153406 
-1 -10 0 3.0983520386889962 9.646020966722048 
-2 -11 0 1.2784523074386667 11.47169286815808 
-1 -11 0 3.098352038688999 9.646020966722045 
-3 2 0 6.0 6.0 
-3 1 0 6.0 6.0 
-3 0 0 4.341215518431317 10.655821515199072 
-3 -1 0 4.3412155184313175 10.655821515199072 
-3 -2 0 2.765822230075384 13.50455184121378 
-3 -3 0 2.765822230655637 13.504551844004123 
-3 -4 0 1.6042832121688642 15.695544734032342 
-3 -5 0 1.6042832120399924 15.695544026116277 
-3 -6 0 0.6214246449276003 17.212328581924336 
-3 -7 0 0.6214246449596371 17.212328581066675 
-3 -8 0 0.37169461764679923 15.258215336536795 
-3 -9 0 0.3716946176467857 15.258215329614739 
-3 -10 0 0.9739773004940531 12.418592524713379 
-3 -11 0 0.9739773004923696 12.418592528583291 
-3 -12 0 1.9229194275503927 8.517784779556413 
-2 -12 0 2.4559428898038527 6.646020966722047 
-3 -13 0 1.9229194275313224 8.51778477955642 
-2 -13 0 2.455942889803852 6.646020966722046 
-4 0 0 8.0 8.0 
-4 -1 0 8.0 8.0 
-4 -2 0 4.963449511709733 12.655769336979635 
-4 -3 0 4.963449511709191 12.655769327731143 
-4 -4 0 3.4048127036120825 14.803831011515763 
-4 -5 0 3.404812698809586 14.803831161730482 
-4 -6 0 1.976372761666526 16.198285878616435 
-4 -7 0 1.9763727615649693 16.198285583761894 
-4 -8 0 1.4723570564247612 15.2812913362448 
-4 -9 0 1.4723570559126673 15.281291333571225 
-4 -10 0 0.9739773005176692 13.044914603240933 
-4 -11 0 0.9739773005032896 13.044914603005262 
-4 -12 0 1.9229194274864936 9.247472695951588 
-4 -13 0 1.9229194343058515 9.247472695929789 
-4 -14 0 3.0 3.0 
-3 -14 0 3.0 3.0 
-4 -15 0 3.0 3.0 
-3 -15 0 3.0 3.0 
-5 -2 0 10.0 10.0 
-5 -3 0 10.0 10.0 
-5 -4 0 6.65079881628888 13.999999999999975 
-5 -5 0 6.650798816328926 13.999999999999591 
-5 -6 0 4.676443101856733 15.270863649826957 
-5 -7 0 4.676443101811515 15.270863649339825 
-5 -8 0 3.193581407038385 15.281291317766447 
-5 -9 0 3.1935814037790347 15.281291276510771 
-5 -10 0 2.149529090445996 13.171556577817132 
-5 -11 0 2.149529090445966 13.17155657782601 
-5 -12 0 1.967584505354497 9.273072863060854 
-5 -13 0 1.9675845052174437 9.273072863066572 
-5 -14 0 2.9999999999999996 3.0 
-5 -15 0 3.0 3.0 
-6 -4 0 12.0 12.0 
-6 -5 0 12.0 12.0 
-6 -6 0 8.697224362268008 13.860805853111703 
-6 -7 0 8.697224362268006 13.860805853111701 
-6 -8 0 6.617443405339266 14.514605703897363 
-6 -9 0 6.617443405339271 14.514605703897363 
-6 -10 0 4.972477027851475 13.171556577830074 
-6 -11 0 4.972477027851477 13.171556577830081 
-6 -12 0 3.8673625064201618 9.273072863067666 
-6 -13 0 3.8673625064201618 9.273072863067668 
-6 -14 0 3.0 3.0 
-6 -15 0 3.0 3.0 
