3 7 0 1.9999999999999998 4.0 
4 7 0 4.0 4.0 
3 6 0 2.0 4.0 
4 6 0 4.0 4.0 
3 5 0 2.071227110427519 12.162277660168384 
4 5 0 5.837722339831621 12.16227766016838 
3 4 0 2.0712271104275173 12.16227766016838 
4 4 0 5.837722339831621 12.162277660168378 
3 3 0 2.7635345385354175 14.0 
4 3 0 11.0 11.0 
3 2 0 2.763534538535422 14.000000000000002 
4 2 0 11.0 11.0 
2 7 0 2.0 4.0 
2 6 0 2.0 4.0 
2 5 0 1.009545459088783 11.572640272462092 
2 4 0 1.009545461242891 11.572640272246272 
2 3 0 1.1425532675888037 13.999999999863855 
2 2 0 1.142553267580445 13.999999999956147 
2 1 0 1.4825682282307842 12.816251446022301 
3 1 0 6.2679491924311215 9.732050807568877 
2 0 0 1.4825682281772887 12.816251445422468 
3 0 0 6.267949192431122 9.732050807568879 
1 7 0 2.0 4.0 
1 6 0 2.0 4.0 
1 5 0 1.0095454590887836 10.492683439479197 
1 4 0 1.0095454591594812 10.492683438549967 
1 3 0 0.41074633064742366 13.31054800805747 
1 2 0 0.4107463306181349 13.310548022351576 
1 1 0 0.6222018509522481 13.740745185461437 
1 0 0 0.6222018509522363 13.740745220796516 
1 -1 0 1.0563813727440687 10.81658706736167 
2 -1 0 4.267949192431122 7.7320508075688785 
1 -2 0 1.05638137197083 10.816586951703531 
2 -2 0 4.2679491924311215 7.732050807568877 
0 5 0 1.4943092302531293 8.805250308574774 
0 4 0 1.494309230253128 8.805250308574774 
0 3 0 0.410746330617362 12.678070566746388 
0 2 0 0.4107463306173379 12.678070566779573 
0 1 1 0.6222018509521458 13.740745227955795 
0 0 1 0.6222018509521474 13.740745230207672 
0 -1 1 0.6352773658524838 12.42300264983505 
0 -2 1 0.6352773658524823 12.423002649514595 
0 -3 0 0.4809596699143985 8.653986667203759 
1 -3 0 3.0 5.0 
0 -4 0 0.4809596699143991 8.653986667203753 
1 -4 0 3.0 5.0 
-1 5 0 4.000000000000001 6.0 
-1 4 0 3.999999999999999 6.0 
-1 3 0 2.0860732735161633 10.999999608215568 
-1 2 0 2.086073273516161 11.000000000000002 
-1 1 0 1.2318841307265849 13.698735670504048 
-1 0 0 1.2318841321772884 13.69873569346178 
-1 -1 0 0.6352773658524838 13.168410230342454 
-1 -2 0 0.635277365949042 13.168410230340902 
-1 -3 0 0.4809596699143988 10.218196198520902 
-1 -4 0 0.4809596699259692 10.218196198520895 
-2 3 0 6.0 8.0 
-2 2 0 5.999999999999999 8.0 
-2 1 0 2.5380222877739196 13.0 
-2 0 0 2.538022287773923 13.0 
-2 -1 0 1.4811480329944824 13.168410230342554 
-2 -2 0 1.4811480327671802 13.164310617185205 
-2 -3 0 1.1203092820929157 11.253677408395122 
-2 -4 0 1.1203092820929152 11.253677408395118 
-2 -5 0 1.0000000000000004 3.0 
-1 -5 0 1.0 3.0 
-2 -6 0 1.0 3.0000000000000004 
-1 -6 0 1.0 3.0 
-3 1 0 10.0 10.0 
-3 0 0 10.0 10.0 
-3 -1 0 5.3320713044081085 11.787759039037294 
-3 -2 0 5.332071304408111 11.787759039037294 
-3 -3 0 3.629634110835972 11.253677408395122 
-3 -4 0 3.6296341108359713 11.25367740839512 
-3 -5 0 3.0 3.0 
-3 -6 0 3.0 3.0 
