3 7 0 3.0 6.000000000000001 
4 7 0 6.0 6.0 
3 6 0 3.0 6.000000000000001 
4 6 0 6.0 6.0 
3 5 0 3.0939677076351293 12.0 
4 5 0 12.0 12.0 
3 4 0 3.0939677076351253 11.999999999999995 
4 4 0 12.0 12.0 
2 7 0 2.9999999999999996 6.000000000000001 
2 6 0 2.9999999999999987 6.000000000000001 
2 5 0 1.4613848785872137 11.178973349813639 
2 4 0 1.461384880036048 11.17897334981244 
2 3 0 1.6165565803013686 11.772955105166403 
3 3 0 4.233564516147295 11.000000000000002 
2 2 0 1.6165565772657244 11.772955105167474 
3 2 0 4.233564516147294 11.0 
1 7 0 2.9999999999999987 6.000000000000001 
1 6 0 3.0 6.0 
1 5 0 1.4613848785776553 10.308114567449264 
1 4 0 1.4613848785770533 10.308114566022487 
1 3 0 0.4768133666460112 11.772955104959298 
1 2 0 0.4768133666460202 11.772955105164812 
1 1 0 0.602443019426308 10.789659661320853 
2 1 0 2.2844053230513897 9.784560921192009 
1 0 0 0.6024430194262183 10.789659564839333 
2 0 0 2.2844053230513923 9.784560921192016 
0 7 0 3.0 6.0 
0 6 0 3.0000000000000004 5.999999999999999 
0 5 0 1.4922211028246841 9.627949152233667 
0 4 0 1.4922211028245242 9.627949150266438 
0 3 0 0.4768133666459556 10.939621436084755 
0 2 0 0.4768133666645292 10.93962143644558 
0 1 1 0.6024430194262024 10.789659679326409 
0 0 1 0.6024430194262039 10.789659679290976 
0 -1 1 0.5401741514069792 9.449540357116836 
1 -1 0 1.0324906784004593 7.6854780622965215 
0 -2 1 0.5401741514069799 9.449540380536146 
1 -2 0 1.0324906784004635 7.685478062296524 
-1 7 0 5.0 5.0 
-1 6 0 5.0 5.0 
-1 5 0 3.2855538783171743 9.000000000000002 
-1 4 0 3.285553878317177 8.999999999999998 
-1 3 0 2.0012949837723517 10.171481047415481 
-1 2 0 2.001294984886642 10.17148104742681 
-1 1 0 1.0142491886154 10.668853532314966 
-1 0 0 1.0142491860517164 10.668853532313992 
-1 -1 0 0.5401741514069796 9.449540413274567 
-1 -2 0 0.540174151406978 9.449540413274553 
-1 -3 0 0.4145316390045976 7.347445034526542 
0 -3 0 0.4145316390045988 5.339644533898902 
-1 -4 0 0.4145316390045998 7.347445034526546 
0 -4 0 0.4145316390045992 5.339644533898902 
-2 5 0 7.0 7.0 
-2 4 0 7.0 7.0 
-2 3 0 3.9755709572732814 9.060852562920203 
-2 2 0 3.97557095727328 9.060852562920205 
-2 1 0 2.524062083561543 9.764682328509801 
-2 0 0 2.524062083561543 9.764682328509798 
-2 -1 0 1.6015327222112021 9.39526877366916 
-2 -2 0 1.6015327222112035 9.395268773669159 
-2 -3 0 1.1530004021785292 7.3474450345265465 
-2 -4 0 1.1530004021785287 7.347445034526547 
-2 -5 0 1.0 1.0 
-1 -5 0 1.0 1.0 
-2 -6 0 1.0 1.0 
-1 -6 0 1.0 1.0 
