0 2 1 1.9999999999999998 1.9999999999999998 
1 2 0 2.0 2.0 
0 1 1 2.0 2.0 
1 1 0 2.0 2.0 
0 0 2 0.40713763194854513 5.847759065022572 
1 0 0 2.1522409349774265 5.847759065022574 
0 -1 2 0.40713763194854585 5.847759065022574 
1 -1 0 2.1522409349774265 5.847759065022574 
0 -2 1 0.28899508785132777 8.427170037166746 
1 -2 0 2.970490804570865 8.3606080811647 
0 -3 1 0.28899508785132727 8.42717003716676 
1 -3 0 2.9704908045708662 8.360608081164703 
0 -4 0 0.33111036295480556 9.158202118074367 
1 -4 0 4.504492343395077 8.495507656604923 
0 -5 0 0.3311103629563959 9.158202118757446 
1 -5 0 4.504492343395075 8.495507656604925 
0 -6 0 1.3284197610946522 7.588181949319445 
1 -6 0 7.0 7.0 
0 -7 0 1.3284197610946538 7.588181949319444 
1 -7 0 7.0 7.0 
-1 0 0 0.40713763194854524 5.414213562373094 
-1 -1 0 0.4071376319485452 5.414213562373097 
-1 -2 0 0.2889950878513278 8.427170002653815 
-1 -3 0 0.288995087851328 8.427170032238536 
-1 -4 0 0.3311103629547565 9.568772915564352 
-1 -5 0 0.33111036295475665 9.568773430880226 
-1 -6 0 1.0776238809582888 8.276458258068041 
-1 -7 0 1.0776238809617635 8.276458258068052 
-1 -8 0 3.0 5.0 
0 -8 0 3.0 5.0 
-1 -9 0 2.9999999999999996 5.0 
0 -9 0 3.0 5.0 
-2 -2 0 1.3136982435566527 7.7592620356288196 
-2 -3 0 1.3136982435566518 7.7592620356288196 
-2 -4 0 0.870977617586924 9.568773210477886 
-2 -5 0 0.8709776175869273 9.568773430688427 
-2 -6 0 1.0776238809569731 9.161711870779204 
-2 -7 0 1.0776238809569172 9.161711854711552 
-2 -8 0 2.9999999999999996 5.0 
-2 -9 0 3.0 5.000000000000002 
-3 -4 0 3.5505102572168217 9.0 
-3 -5 0 3.5505102572168217 9.000000000000002 
-3 -6 0 2.1134318399699694 10.000000000000002 
-3 -7 0 2.1134318399699703 10.0 
-3 -8 0 3.0 5.000000000000001 
-3 -9 0 3.0 5.0 
-4 -6 0 10.0 10.0 
-4 -7 0 10.0 10.0 
-4 -8 0 5.0 5.0 
-4 -9 0 5.0 5.0 
