1 7 0 1.0 1.0 
2 7 0 1.0 1.0 
1 6 0 1.0 1.0 
2 6 0 1.0 1.0 
1 5 0 0.5857864376269047 5.5615528128088325 
2 5 0 0.9999999999999997 5.56155281280883 
1 4 0 0.5857864376269045 5.561552812808831 
2 4 0 1.0 5.56155281280883 
1 3 0 0.585786437626906 7.561552812808835 
2 3 0 1.4384471871911697 7.56155281280883 
1 2 0 0.5857864376269053 7.56155281280883 
2 2 0 1.4384471871911706 7.561552812808829 
1 1 0 0.7639320225002092 8.000000000000002 
2 1 0 2.4384471871911697 6.561552812808831 
1 0 0 0.7639320225002113 8.0 
2 0 0 2.4384471871911697 6.56155281280883 
1 -1 0 1.7639320225002102 6.999999999999999 
2 -1 0 5.0 5.0 
1 -2 0 1.7639320225002086 7.000000000000001 
2 -2 0 5.0 5.0 
0 5 0 0.5857864376269046 3.9999999999999996 
0 4 0 0.5857864376269045 4.000000000000001 
0 3 1 0.5857864376269044 7.56155281280883 
0 2 1 0.5857864376269042 7.5615528128088325 
0 1 2 0.7639320225002108 8.0 
0 0 2 0.7639320225002114 8.000000000000002 
0 -1 1 0.9999999999999999 7.000000000000002 
0 -2 1 1.0000000000000007 7.000000000000001 
0 -3 0 0.9999999999999998 3.999999999999999 
1 -3 0 3.0 3.0 
0 -4 0 0.9999999999999997 4.0 
1 -4 0 3.0 3.0 
-1 3 0 2.585786437626905 6.000000000000001 
-1 2 0 2.585786437626905 6.0 
-1 1 0 1.585786437626906 8.0 
-1 0 0 1.5857864376269049 8.0 
-1 -1 0 0.999999999999999 7.000000000000002 
-1 -2 0 1.0 7.000000000000002 
-1 -3 0 1.0 4.0 
-1 -4 0 1.0 4.0 
-2 1 0 8.0 8.0 
-2 0 0 8.0 8.0 
-2 -1 0 5.0 7.0 
-2 -2 0 4.999999999999999 7.0 
-2 -3 0 4.0 4.0 
-2 -4 0 4.0 4.0 
