1 3 0 2.0 2.0 
2 3 0 2.0 2.0 
1 2 0 2.0 2.0 
2 2 0 2.0 2.0 
1 1 0 1.241372187059251 8.859523388615221 
2 1 0 2.5663353702167133 8.85952338861522 
1 0 0 1.241372187059253 8.859523388615218 
2 0 0 2.566335370216713 8.859523388615221 
1 -1 0 1.5671054532987476 11.331267071579795 
2 -1 0 4.373801931472706 10.141336115655365 
1 -2 0 1.5671054532987445 11.331267071579795 
2 -2 0 4.3738019314727055 10.141336115655365 
1 -3 0 2.841954033778507 10.0 
2 -3 0 8.0 8.0 
1 -4 0 2.841954033778508 10.0 
2 -4 0 8.0 8.0 
0 3 0 2.0 2.0 
0 2 0 2.0 2.0 
0 1 1 1.2413721870592513 8.319744050204893 
0 0 1 1.241372187059252 8.319744050204894 
0 -1 2 1.4249480714639051 11.331267071579756 
0 -2 2 1.4249480714639018 11.331267068304745 
0 -3 1 0.914786174438921 11.999999999999957 
0 -4 1 0.9147861744389203 11.999999999992134 
0 -5 0 1.5732568146851977 8.732050807568871 
1 -5 0 6.0 6.0 
0 -6 0 1.5732568146851986 8.732050807568879 
1 -6 0 5.999999999999999 6.0 
-1 1 0 3.2679491924311224 6.7320508075688785 
-1 0 0 3.2679491924311224 6.7320508075688785 
-1 -1 0 1.4249480714642064 9.944168132123524 
-1 -2 0 1.4249480714642488 9.944168122443138 
-1 -3 0 0.9147861758008532 11.999999974116589 
-1 -4 0 0.9147861760057184 11.999999879374254 
-1 -5 0 1.4249480714639167 9.94416808491663 
-1 -6 0 1.4249480714639124 9.944168103358967 
-1 -7 0 3.267949192431123 6.732050807568876 
0 -7 0 4.0 4.0 
-1 -8 0 3.2679491924311224 6.732050807568877 
0 -8 0 4.0 4.0 
-2 1 0 4.0 4.0 
-2 0 0 4.0 4.0 
-2 -1 0 1.573256814685199 8.732050807568877 
-2 -2 0 1.5732568146852004 8.732050807568877 
-2 -3 1 0.9147861744389227 11.999999999999982 
-2 -4 1 0.9147861744389222 11.999999873560546 
-2 -5 2 1.4249480714639007 11.331267064095824 
-2 -6 2 1.4249480714639056 11.331267071579795 
-2 -7 1 1.2413721870592505 8.319744050204896 
-2 -8 1 1.2413721870592522 8.3197440502049 
-3 -1 0 6.0 6.000000000000001 
-3 -2 0 6.0 6.0 
-3 -3 0 2.84195403377851 10.000000000000002 
-3 -4 0 2.8419540337785074 10.0 
-3 -5 0 1.5671054532987452 11.331267071579795 
-3 -6 0 1.567105453298749 11.331267071579799 
-3 -7 0 1.2413721870592527 8.859523388615218 
-3 -8 0 1.2413721870592518 8.85952338861522 
-3 -9 0 2.0 2.0 
-2 -9 0 2.0 2.0 
-3 -10 0 2.0 2.0 
-2 -10 0 2.0 2.0 
-4 -3 0 8.0 8.0 
-4 -4 0 8.0 8.0 
-4 -5 0 4.373801931472704 10.141336115655363 
-4 -6 0 4.373801931472706 10.141336115655363 
-4 -7 0 2.566335370216712 8.859523388615218 
-4 -8 0 2.5663353702167133 8.85952338861522 
-4 -9 0 2.0 2.0 
-4 -10 0 2.0 2.0 
