2 6 0 3.0 3.0 
3 6 0 3.0 3.0 
2 5 0 3.0 3.0 
3 5 0 3.0 3.0 
2 4 0 1.5279934175934653 9.013205059831074 
3 4 0 3.7124657396880347 9.013205059831073 
2 3 0 1.5279934175934642 9.013205059831074 
3 3 0 3.7124657396880356 9.013205059831073 
2 2 0 1.9059801610138454 12.021797345287863 
3 2 0 5.026830660095657 11.369675322887652 
2 1 0 1.9059801610138496 12.021797570103708 
3 1 0 5.026830660095656 11.369675322887653 
2 0 0 2.7160865454631633 12.23313048825097 
3 0 0 7.050613462269559 11.35284277561327 
2 -1 0 2.7160865467322846 12.233130126853457 
3 -1 0 7.050613462269561 11.352842775613269 
2 -2 0 4.467673476737698 11.06133863787794 
3 -2 0 10.0 10.0 
2 -3 0 4.467673476737694 11.061338637877938 
3 -3 0 10.0 10.0 
1 6 0 2.9999999999999996 3.0 
1 5 0 3.0 3.0 
1 4 0 1.4758286165658134 8.725475582959833 
1 3 0 1.475828616391421 8.72547558295983 
1 2 0 0.7688624712269616 12.021797667834731 
1 1 0 0.7688624712269327 12.021797667834543 
1 0 0 1.18954271687928 13.285468295557086 
1 -1 0 1.1895427169383865 13.285468063890697 
1 -2 0 2.0333162580512343 12.999999999993843 
1 -3 0 2.0333162590501197 12.999999884094485 
1 -4 0 3.311465966481095 9.83939956779573 
2 -4 0 7.000000000000001 9.0 
1 -5 0 3.3114659666781767 9.83939956715884 
2 -5 0 7.0 9.0 
0 6 0 3.0 3.0 
0 5 0 3.0 3.0 
0 4 0 1.4758286163914234 7.258976433349602 
0 3 0 1.4758286163914225 7.258976433349602 
0 2 1 0.7688624712269256 10.762427879110284 
0 1 1 0.7688624712269261 10.762427878617823 
0 0 2 1.060860479050822 13.285468288033575 
0 -1 2 1.0608604790508196 13.285468295100967 
0 -2 1 0.564688409432916 13.602810988942542 
0 -3 1 0.5646884094329168 13.602810984561586 
0 -4 0 0.9560656856255889 10.786507918313848 
0 -5 0 0.9560656856255876 10.786506378731897 
0 -6 0 2.3958336075861775 8.016428095583157 
1 -6 0 5.000000000000001 7.000000000000001 
0 -7 0 2.3958336075861775 8.016428095583153 
1 -7 0 5.0 7.000000000000001 
-1 4 0 3.9999999999999996 6.000000000000001 
-1 3 0 4.000000000000001 6.0 
-1 2 0 2.3737365114010833 9.797675595585023 
-1 1 0 2.3737365180312517 9.797675596851786 
-1 0 0 1.0608604790508316 12.69552992881901 
-1 -1 0 1.060860480740026 12.695529823163234 
-1 -2 0 0.5646884094330343 13.999999998346585 
-1 -3 0 0.5646884095536564 13.999999835261919 
-1 -4 0 0.9560656856255912 12.088369518059066 
-1 -5 0 0.9560656879223952 12.088369517924841 
-1 -6 0 2.3958336075861792 8.753769160231634 
-1 -7 0 2.3958336075861775 8.753769058721085 
-1 -8 0 4.0 4.0 
0 -8 0 4.0 4.0 
-1 -9 0 4.0 4.0 
0 -9 0 4.0 4.0 
-2 2 0 5.999999999999998 8.0 
-2 1 0 6.0 8.0 
-2 0 0 3.436696894747344 10.886255630355013 
-2 -1 0 3.4366968919197562 10.886255617509146 
-2 -2 0 1.63961775655029 13.999999849770289 
-2 -3 0 1.639617754418353 13.999999996844808 
-2 -4 0 1.4597960282802183 12.500482782412641 
-2 -5 0 1.4597960282824503 12.500482767390196 
-2 -6 0 2.3479965500507203 9.229625293385691 
-2 -7 0 2.347996549743796 9.229625446897408 
-2 -8 0 4.0 4.0 
-2 -9 0 4.0 4.0 
-3 0 0 7.999999999999999 10.0 
-3 -1 0 8.0 10.0 
-3 -2 0 5.209427340804952 12.02096006841511 
-3 -3 0 5.209427340804948 12.020960068415109 
-3 -4 0 3.013727943217423 12.500482778969563 
-3 -5 0 3.0137279432176722 12.500482778082505 
-3 -6 0 2.347996549638952 9.4142135623731 
-3 -7 0 2.3479965496389528 9.41421356237309 
-3 -8 0 4.0 4.0 
-3 -9 0 4.0 4.0 
-4 -2 0 11.0 11.0 
-4 -3 0 11.0 11.0 
-4 -4 0 8.267949192431121 11.732050807568877 
-4 -5 0 8.267949192431123 11.732050807568879 
-4 -6 0 6.000000000000002 9.414213562373096 
-4 -7 0 6.0 9.414213562373096 
-4 -8 0 4.0 4.0 
-4 -9 0 4.0 4.0 
