3 9 1 2.0 3.0 
4 9 0 3.0 3.0 
3 8 1 2.0 3.000000000000001 
4 8 0 3.0 3.0 
3 7 0 0.5826205396012992 10.339492256529288 
4 7 0 4.365391017582586 10.339492256529283 
3 6 0 0.5826205396012997 10.33949225652928 
4 6 0 4.365391017582585 10.339492256529285 
3 5 0 1.2729447440511934 13.087404388513148 
4 5 0 5.945915784613948 11.942820057795839 
3 4 0 1.2729447441155317 13.08740435404342 
4 4 0 5.945915784613947 11.942820057795839 
3 3 0 2.6541002851460047 11.999999999999991 
4 3 0 10.0 10.0 
3 2 0 2.654100285146003 12.0 
4 2 0 10.0 10.0 
2 9 0 2.0 2.0 
2 8 0 2.0 2.0 
2 7 1 0.5826205396012983 8.966088435576411 
2 6 1 0.5826205396012984 8.966088435576406 
2 5 1 0.7185704406645573 13.087404405173727 
2 4 1 0.7185704406645572 13.087404405109927 
2 3 0 0.6876910681597619 13.99999986243458 
2 2 0 0.6876910681597218 13.999999773270128 
2 1 0 2.805084931642147 9.999999999999998 
3 1 0 4.585786437626906 8.0 
2 0 0 2.8050849316421487 10.000000000000004 
3 0 0 4.585786437626905 8.0 
1 7 0 2.4745724391564825 8.156325174658662 
1 6 0 2.474572439156483 8.15632517465866 
1 5 0 0.7185704406646798 11.779043490085476 
1 4 0 0.7185704406714684 11.779043183253759 
1 3 1 0.6876910681597138 13.999999999932486 
1 2 1 0.68769106815971 13.999999999482876 
1 1 0 0.8897481996931372 11.999999996737193 
1 0 0 0.8897481993189051 11.99999998548242 
1 -1 0 3.65707691722283 7.813606502648331 
2 -1 0 5.0 5.0 
1 -2 0 3.6570769172228297 7.813606502648331 
2 -2 0 5.0 5.0 
0 7 0 4.0 4.0 
0 6 0 4.0 4.0 
0 5 0 1.5403541084637984 10.785667011198004 
0 4 0 1.5403541084637962 10.785667011198003 
0 3 2 1.494874974117588 13.999999999931337 
0 2 2 1.4948749741175875 13.999999848268027 
0 1 2 0.8897481985537382 13.699521427231003 
0 0 2 0.8897481985537392 13.69952146846968 
0 -1 0 0.7801737472465766 9.875891641157583 
0 -2 0 0.7801737472465845 9.87589164115357 
-1 5 0 5.267949192431123 8.732050807568877 
-1 4 0 5.267949192431122 8.732050807568879 
-1 3 0 1.8645360859659992 11.999999912361599 
-1 2 0 1.8645360859624582 11.999999999995376 
-1 1 1 1.12546135099063 13.699521348306156 
-1 0 1 1.1254613509906317 13.699514202636825 
-1 -1 0 0.5034769703846205 11.375639362611603 
-1 -2 0 0.5034769703846645 11.375639362618784 
-1 -3 0 1.245716992226515 6.794894151124477 
0 -3 0 3.0 3.0 
-1 -4 0 1.2457169922265146 6.794894151124476 
0 -4 0 3.0 3.0 
-2 5 0 6.0 6.0 
-2 4 0 6.0 6.0 
-2 3 0 3.9710388642968337 9.999999999999998 
-2 2 0 3.9710388642968355 10.0 
-2 1 0 1.9701335288146256 12.249718798838996 
-2 0 0 1.97013352880702 12.249718798839005 
-2 -1 0 0.5034769703848069 11.375638516818258 
-2 -2 0 0.5034769703847884 11.375639362621147 
-2 -3 1 1.2457169922265152 8.008290873265407 
-2 -4 1 1.2457169922265148 8.008290873265405 
-3 3 0 8.0 8.0 
-3 2 0 8.0 8.0 
-3 1 0 5.207099117124003 10.811886226360636 
-3 0 0 5.2070991171240015 10.811886226360635 
-3 -1 0 3.3088622398873575 10.90548714382836 
-3 -2 0 3.3088622398873566 10.905487143828356 
-3 -3 0 1.9260792311472381 8.008290873265407 
-3 -4 0 1.926079231147239 8.008290873265407 
-3 -5 0 1.0 1.0 
-2 -5 0 1.0 1.0 
-3 -6 0 1.0 1.0 
-2 -6 0 1.0 1.0 
