5 15 1 1.9999999999999998 1.9999999999999998 
6 15 0 2.0 2.0 
5 14 1 2.0 2.0 
6 14 0 2.0 2.0 
5 13 2 2.0 9.464101615137755 
6 13 0 2.535898384862245 9.464101615137757 
5 12 2 2.0 9.464101615137753 
6 12 0 2.535898384862245 9.464101615137753 
5 11 1 0.8768943743823427 11.418550718873847 
6 11 0 3.9999999999999996 10.0 
5 10 1 0.876894374382338 11.418550718873849 
6 10 0 4.0 9.999999999999996 
5 9 0 1.31415383444566 10.000000000000004 
6 9 0 8.0 8.0 
5 8 0 1.314153834445659 10.000000000000002 
6 8 0 8.0 8.0 
4 13 0 1.9999999999999996 8.0 
4 12 0 1.9999999999999998 8.000000000000002 
4 11 0 0.8768943743823392 11.418550718821333 
4 10 0 0.8768943743823405 11.418550718818011 
4 9 0 1.3141538344456591 11.999999963641079 
4 8 0 1.3141538344456591 11.999999997304807 
4 7 0 3.9999999999999996 8.000000000000002 
5 7 0 3.9999999999999996 6.0 
4 6 0 3.999999999999999 8.0 
5 6 0 3.9999999999999996 6.0 
3 13 0 2.0 4.0 
3 12 0 1.9999999999999996 4.0 
3 11 2 1.078990259962473 10.0 
3 10 2 1.0789902599624728 10.000000000000004 
3 9 4 1.6318323538323671 11.999999903539178 
3 8 4 2.5358983848622487 11.999999986473716 
3 7 2 1.3141538344456591 10.000000000000004 
3 6 2 1.314153834445659 10.0 
2 11 0 3.999999999999999 8.0 
2 10 0 3.9999999999999982 8.0 
2 9 0 1.0789902601679215 11.999999999796188 
2 8 0 1.0789902599935859 11.999999999318579 
2 7 0 0.7639320238647337 11.412938380197215 
2 6 0 0.7639320225771669 11.412938380171271 
2 5 0 1.1715728752538104 8.0 
3 5 0 1.9999999999999998 4.0 
2 4 0 1.1715728752538106 8.0 
3 4 0 1.9999999999999996 4.0 
1 11 0 4.000000000000001 6.0 
1 10 0 3.9999999999999996 6.0 
1 9 0 1.0789902599624714 10.000000000000004 
1 8 0 1.0789902599624732 9.999999999999998 
1 7 1 0.76393202250021 11.41293838020155 
1 6 1 0.7639320225002076 11.412938380201554 
1 5 2 1.171572875253811 8.493959207434933 
1 4 2 1.1715728752538102 8.493959207434933 
0 9 0 8.0 8.0 
0 8 0 8.0 8.0 
0 7 0 4.396124528390322 10.493959207434933 
0 6 0 4.396124528390324 10.493959207434933 
0 5 0 2.3961245283903247 8.493959207434935 
0 4 0 2.3961245283903234 8.493959207434933 
0 3 0 2.0 2.0 
1 3 1 2.0 2.0 
0 2 0 2.0 2.0 
1 2 1 2.0 2.0 
