3 7 0 0.5188056959079833 4.999999999999998 
4 7 0 5.0 5.0 
3 6 0 0.5188056959079846 5.0 
4 6 0 5.0 5.0 
3 5 0 1.1268526392776483 12.701562118716426 
4 5 0 6.298437881283577 12.701562118716424 
3 4 0 1.1268526392776474 12.701562118716424 
4 4 0 6.298437881283576 12.701562118716424 
3 3 0 1.9434131361800726 13.999999999999998 
4 3 0 12.0 12.0 
3 2 0 1.9434131361800706 14.0 
4 2 0 12.0 12.0 
2 7 0 0.5188056959079838 4.170086486626034 
2 6 0 0.5188056959079848 4.170086486626034 
2 5 1 1.1268526392776481 11.315404100836181 
2 4 1 1.126852639277647 11.315404100836185 
2 3 1 1.121296857350112 13.999999949479726 
2 2 1 1.121296857350116 13.99999992487207 
2 1 0 1.103083142437935 11.999999999416483 
3 1 0 3.9193955994290715 9.80978592012742 
2 0 0 1.1030831424415828 11.99999999960566 
3 0 0 3.919395599429072 9.809785920127421 
1 7 0 3.0 3.0 
1 6 0 3.0 3.0 
1 5 0 1.274898716646785 9.751801170968509 
1 4 0 1.274898716665846 9.751801170960423 
1 3 0 0.4363197188518669 13.81656106782364 
1 2 0 0.43631971885187276 13.81656105043337 
1 1 0 0.7730006251486464 13.999999999143268 
1 0 0 0.7730006251479021 13.999999823379579 
1 -1 0 1.823857605753201 9.846203229477233 
2 -1 0 3.2019808294522445 7.450296206346291 
1 -2 0 1.8238576054420963 9.846203229351284 
2 -2 0 3.2019808294522423 7.450296206346292 
0 5 0 2.4633703787941963 7.843404487333674 
0 4 0 2.463370378794197 7.843404487333675 
0 3 0 0.4363197188519445 11.999999998773891 
0 2 0 0.43631971885187315 11.99999997256098 
0 1 2 0.7730006251478955 13.999999999403386 
0 0 2 0.773000625147894 13.999999959375957 
0 -1 2 1.1709378213316575 11.999999995130564 
0 -2 2 1.1709378213316597 11.999999999991198 
0 -3 0 1.159323919367852 7.643493697029878 
1 -3 0 4.0 4.0 
0 -4 0 1.1593239193678535 7.643493697029879 
1 -4 0 4.0 4.0 
-1 5 0 5.0 5.0 
-1 4 0 5.0 5.0 
-1 3 0 2.6466631458974548 10.0 
-1 2 0 2.6466631458974548 10.000000000000002 
-1 1 0 1.0805830625947463 13.999999992075011 
-1 0 0 1.0805830625947253 13.999999999998142 
-1 -1 0 0.4443110148103933 13.202425570446987 
-1 -2 0 0.4443110148082581 13.202425725739662 
-1 -3 0 0.7034701773195854 9.768170993087823 
-1 -4 0 0.7034701773195883 9.768170993087823 
-2 3 0 4.585786437626906 8.0 
-2 2 0 4.585786437626904 8.000000000000002 
-2 1 0 2.298844225571875 12.000000000000002 
-2 0 0 2.2988442255718735 11.999999999999998 
-2 -1 0 0.44431101508841536 13.202425911933588 
-2 -2 0 0.44431101480900104 13.202425858164112 
-2 -3 1 0.7034701773195884 11.274917217635375 
-2 -4 1 0.7034701773195855 11.274917217635373 
-2 -5 1 1.9999999999999993 3.0 
-1 -5 0 2.0 2.0 
-2 -6 1 2.0000000000000004 3.0 
-1 -6 0 2.0 2.0 
-3 1 0 10.0 10.0 
-3 0 0 10.0 10.0 
-3 -1 0 5.298437881283575 11.701562118716424 
-3 -2 0 5.298437881283576 11.701562118716422 
-3 -3 0 3.725082782364624 11.274917217635377 
-3 -4 0 3.7250827823646255 11.274917217635373 
-3 -5 0 3.0 3.0 
-3 -6 0 3.0 3.0 
