2 4 0 2.999999999999999 7.0 
3 4 0 7.0 7.0 
2 3 0 3.0 7.0 
3 3 0 7.0 7.0 
2 2 0 3.0471162095795075 13.999999999999996 
3 2 0 14.0 14.0 
2 1 0 3.047116209579505 13.999999999999996 
3 1 0 14.0 14.0 
1 4 0 0.9999999999999993 7.000000000000002 
1 3 0 1.0000000000000018 7.000000000000001 
1 2 0 0.627124295477107 12.858600469637587 
1 1 0 0.6271242955735566 12.85860054020822 
1 0 0 0.8644273652402663 13.762854022626602 
2 0 0 4.740791610491569 12.860357511345947 
1 -1 0 0.8644273651890019 13.762832920013182 
2 -1 0 4.74079161049157 12.860357511345944 
0 4 0 0.9999999999999992 6.999999999999999 
0 3 0 0.9999999999999991 7.000000000000002 
0 2 1 0.6271242954771079 11.570214785872174 
0 1 1 0.6271242954771095 11.570214783731805 
0 0 2 0.8644273651889961 13.762037461440533 
0 -1 2 0.8644273651890009 13.762823970051166 
0 -2 1 1.1708443637198156 12.519394139508663 
1 -2 0 1.9445738663161687 11.000000000000004 
0 -3 1 1.170844363719816 12.519394115389343 
1 -3 0 1.9445738663161642 11.000000000000004 
-1 4 0 3.9999999999999996 6.0 
-1 3 0 3.9999999999999996 6.0 
-1 2 0 1.8152750181982766 10.999999997877854 
-1 1 0 1.815275018198202 10.999999995356191 
-1 0 0 0.5255309604001662 13.670585943740477 
-1 -1 0 0.5255309604365551 13.670585932019097 
-1 -2 0 0.40376127094852315 13.203660360832108 
-1 -3 0 0.40376127101505865 13.203660095591731 
-1 -4 0 0.5710825273604991 10.469113496272497 
0 -4 0 1.200345591309013 9.270883060002081 
-1 -5 0 0.5710825273605472 10.46911363399805 
0 -5 0 1.200345591309005 9.270883060002078 
-2 4 0 3.999999999999999 6.0 
-2 3 0 4.000000000000001 6.0 
-2 2 0 1.9070564806616297 9.108179938745275 
-2 1 0 1.9070564806616268 9.108179938745277 
-2 0 0 0.5255309603746805 12.999999901681841 
-2 -1 0 0.525530960374679 12.999999898293346 
-2 -2 1 0.40376127082295904 13.203660360714306 
-2 -3 1 0.4037612708229587 13.203660357198364 
-2 -4 2 1.3155502493850735 10.921387950199541 
-2 -5 2 1.3155502493832203 10.921387945926266 
-2 -6 1 0.9965165839191833 7.848917375588199 
-1 -6 0 1.4063116980685997 7.170086486626034 
-2 -7 1 0.9965165839191833 7.8489173755891235 
-1 -7 0 1.4063116980685995 7.170086486626033 
-3 2 0 5.999999999999999 8.0 
-3 1 0 6.0 8.0 
-3 0 0 4.128839767144287 11.035140920049386 
-3 -1 0 4.128839767144291 11.035140920049386 
-3 -2 0 2.515078802786882 12.787727405371406 
-3 -3 0 2.515078802786883 12.787727405371413 
-3 -4 0 1.3155502511191495 10.921387944143572 
-3 -5 0 1.3155502539317236 10.921387888705219 
-3 -6 0 0.996516583919181 7.9562952014676105 
-3 -7 0 0.9965165839191826 7.956295201467613 
-3 -8 0 1.0 3.0 
-2 -8 0 1.0000000000000002 3.0 
-3 -9 0 0.9999999999999999 3.0 
-2 -9 0 1.0000000000000002 3.0 
-4 0 0 10.0 10.0 
-4 -1 0 10.0 10.0 
-4 -2 0 7.454426705196646 11.840536194094952 
-4 -3 0 7.454426705196646 11.840536194094954 
-4 -4 0 5.620860174583602 10.8609736769627 
-4 -5 0 5.620860174583601 10.860973676962697 
-4 -6 0 4.1729090847147985 7.956295201467611 
-4 -7 0 4.1729090847147985 7.956295201467612 
-4 -8 0 3.0 3.0 
-4 -9 0 3.0 3.0 
