4 12 1 3.0 4.0 
5 12 0 4.0 4.0 
4 11 1 2.9999999999999996 4.0 
5 11 0 4.0 4.0 
4 10 1 0.8335568337243058 11.034041835803492 
5 10 0 4.452493386835025 11.034041835803492 
4 9 1 0.8335568337243042 11.034041835803496 
5 9 0 4.452493386835024 11.034041835803492 
4 8 0 0.545167745148352 13.168905652873457 
5 8 0 6.140476611384781 12.433664629783287 
4 7 0 0.5451677451458441 13.168905652873459 
5 7 0 6.14047661138478 12.433664629783285 
4 6 0 1.8210206090244 13.0 
5 6 0 11.0 11.0 
4 5 0 1.8210206090244 12.999999999999998 
5 5 0 11.0 11.0 
3 12 0 3.0 3.0 
3 11 0 3.0 3.0 
3 10 0 0.788013406414263 9.681444761215467 
3 9 0 0.788013406414263 9.681444760995861 
3 8 0 0.545167745146271 13.168905437595807 
3 7 0 0.5451677451451151 13.16890556145593 
3 6 0 1.5555515894500154 13.651848294261402 
3 5 0 1.555551589450018 13.651848293772858 
3 4 0 2.433893026155459 10.791805545198843 
4 4 0 4.267949192431122 9.000000000000002 
3 3 0 2.43389302615524 10.791805545198846 
4 3 0 4.267949192431121 9.000000000000002 
2 12 0 3.0 3.0 
2 11 0 3.0 3.0 
2 10 0 0.788013406414264 7.935537532430051 
2 9 0 0.7880134064142637 7.93553753243005 
2 8 2 1.3518983364561323 12.79744661177128 
2 7 2 1.3518983364561308 12.797446611863117 
2 6 2 0.8664998668237709 13.999999998847 
2 5 2 0.866499866823769 13.999999823825403 
2 4 0 0.5551640874142794 12.999999996644126 
2 3 0 0.5551640874165594 12.99999999997955 
2 2 0 1.6685831123855255 8.59158926810961 
3 2 0 4.585786437626904 7.414213562373095 
2 1 0 1.6685831123855246 8.591589268109612 
3 1 0 4.585786437626904 7.414213562373095 
1 10 0 3.5188056959079845 7.170086486626033 
1 9 0 3.518805695907985 7.170086486626033 
1 8 0 1.5644584754799877 10.555005858084568 
1 7 0 1.564458475479989 10.5550058504462 
1 6 0 0.8664998668271765 13.9999999994841 
1 5 0 0.866499867119438 13.999999985899372 
1 4 0 0.5551640874135769 13.671360585036682 
1 3 0 0.5551640875363145 13.671360580486523 
1 2 0 1.6080376810212968 10.540835062654388 
1 1 0 1.6080376810610155 10.540835066196111 
1 0 0 4.0 4.0 
2 0 0 4.0 4.0 
1 -1 0 4.0 4.0 
2 -1 0 4.0 4.0 
0 8 0 3.214202380740199 9.000000000000002 
0 7 0 3.2142023807401987 9.000000000000002 
0 6 0 0.9718740385192182 12.763025229393852 
0 5 0 0.9718740385171937 12.7630252405317 
0 4 1 1.5134675515469576 13.999999974081822 
0 3 1 1.5134675515469609 13.999999990059447 
0 2 1 1.1766462509251348 11.881957606523756 
0 1 1 1.1766462509251345 11.881957607995194 
0 0 0 0.9999999999999997 5.0 
0 -1 0 0.9999999999999994 5.0 
-1 6 0 4.5721211276292575 10.803542495682594 
-1 5 0 4.572121127629256 10.8035424956826 
-1 4 0 2.3342278501047473 14.000000000000007 
-1 3 0 2.334227850104748 14.0 
-1 2 0 1.176646250925134 12.70156211871642 
-1 1 0 1.176646250925135 12.70156211871642 
-1 0 0 1.0000000000000002 5.0 
-1 -1 0 1.0 5.0 
-2 4 0 12.0 12.0 
-2 3 0 12.0 12.0 
-2 2 0 6.298437881283575 12.701562118716424 
-2 1 0 6.298437881283575 12.701562118716424 
-2 0 0 5.0 5.0 
-2 -1 0 5.0 5.0 
