4 12 0 1.0 1.0 
5 12 0 1.0 1.0 
4 11 0 1.0 1.0 
5 11 0 1.0 1.0 
4 10 0 0.3248691294333531 7.719017593113546 
5 10 0 1.7180797077732775 7.719017593113547 
4 9 0 0.3248691294333541 7.719017593113546 
5 9 0 1.7180797077732786 7.719017593113544 
4 8 0 0.7696661836701792 11.581177060140892 
5 8 0 2.8158256265669395 11.581177060140897 
4 7 0 0.7696661823676542 11.581177060140886 
5 7 0 2.815825626566939 11.581177060140895 
4 6 0 2.01526304390894 13.604916250360104 
5 6 0 4.461057662864233 12.718953878885554 
4 5 0 2.0152630427044618 13.604916290040887 
5 5 0 4.461057662864235 12.718953878885552 
4 4 0 3.539362379538075 13.270657532046185 
5 4 0 6.039819139597349 11.669962919528524 
4 3 0 3.5393623795380793 13.270657532062454 
5 3 0 6.039819139597349 11.669962919528528 
4 2 0 5.186393497351668 10.999999999999998 
5 2 0 9.0 9.0 
4 1 0 5.186393497351667 11.0 
5 1 0 9.0 9.0 
3 10 0 0.32486912943335394 6.066436440280531 
3 9 0 0.3248691294333545 6.0664364402805315 
3 8 0 0.11194512612165694 11.464798690828719 
3 7 0 0.11194512612145893 11.464798690828719 
3 6 0 0.24732984071455738 13.770882446836943 
3 5 0 0.2473298407791227 13.770882321584573 
3 4 0 1.649880985078362 14.372064246407287 
3 3 0 1.6498809859284147 14.372064241913073 
3 2 0 3.389033843820222 11.999999999558089 
3 1 0 3.389033843820254 11.999999999613554 
3 0 0 5.000000000000001 8.0 
4 0 0 7.0 7.0 
3 -1 0 5.0 8.0 
4 -1 0 7.0 7.0 
2 8 0 0.11194512614518799 9.12243731397281 
2 7 0 0.11194512612340381 9.122437313972815 
2 6 1 0.2367216513759655 13.770882704775287 
2 5 1 0.2367216513759678 13.770882031194182 
2 4 1 0.2989725264527974 15.735086739248324 
2 3 1 0.2989725264527984 15.7350866293553 
2 2 0 1.4295227294502062 13.999999999377053 
2 1 0 1.429522729540243 13.999999997800199 
2 0 0 4.000000000000002 10.000000000000002 
2 -1 0 4.000000000000002 10.000000000000002 
1 8 0 4.0 4.0 
1 7 0 4.0 4.0 
1 6 0 0.2367216513759655 11.626882101026476 
1 5 0 0.23672165137596915 11.626882099936166 
1 4 0 0.08803636596016902 15.735086537698065 
1 3 0 0.08803636596040992 15.735086757706078 
1 2 0 0.3345511709703684 15.999999993808808 
1 1 0 0.33455117097292936 15.999999929577573 
1 0 0 2.3982586276442883 11.554306814793255 
1 -1 0 2.398258626183873 11.554306811236255 
0 6 0 3.0 8.0 
0 5 0 3.0 7.999999999999998 
0 4 0 0.08803636596012931 13.999999998316392 
0 3 0 0.08803636596012912 13.99999932743235 
0 2 1 0.3345511709703113 15.99999999931767 
0 1 1 0.3345511709703085 15.999999998411166 
0 0 1 0.31781549790788366 13.550233150174183 
0 -1 1 0.3178154979078871 13.550233150244857 
0 -2 0 2.0 5.0 
1 -2 0 4.0 4.0 
0 -3 0 1.9999999999999996 5.0 
1 -3 0 4.0 4.0 
-1 4 0 4.438447187191171 10.64575131106459 
-1 3 0 4.43844718719117 10.64575131106459 
-1 2 0 1.2291982507239947 15.99999991650088 
-1 1 0 1.2291982506664632 15.999999854787387 
-1 0 0 0.3178154979084001 15.626806398402321 
-1 -1 0 0.31781549790790226 15.626806382814554 
-1 -2 0 0.9999999999999983 9.429937557672687 
-1 -3 0 0.9999999999999978 9.429937557672684 
-2 4 0 7.0 7.0 
-2 3 0 7.0 7.0 
-2 2 0 3.768350650814698 13.0 
-2 1 0 3.7683506508147016 13.000000000000002 
-2 0 0 0.912240393566105 15.626806399660154 
-2 -1 0 0.9122403935661082 15.626806399660156 
-2 -2 0 0.9999999999999983 11.596915527892126 
-2 -3 0 0.999999999999999 11.596915527892119 
-3 2 0 9.0 9.0 
-3 1 0 9.0 9.0 
-3 0 0 4.387321501363908 13.562919930249274 
-3 -1 0 4.387321501363907 13.562919930249272 
-3 -2 0 2.49027405159043 11.596915527892126 
-3 -3 0 2.4902740515904265 11.596915527892124 
-3 -4 0 1.0 1.0 
-2 -4 0 1.0 1.0 
-3 -5 0 1.0 1.0 
-2 -5 0 1.0 1.0 
