2 8 0 3.0 3.0 
3 8 0 3.0 3.0 
2 7 0 3.0 3.0 
3 7 0 3.0 3.0 
2 6 0 1.456732136731459 8.214319743377537 
3 6 0 2.9999999999999996 8.214319743377535 
2 5 0 1.4567321367314618 8.214319743377532 
3 5 0 3.0 8.214319743377535 
2 4 0 1.4567321367314605 11.067810695413783 
3 4 0 3.9999999999999973 10.214319743377539 
2 3 0 1.4567321367314596 11.067810650003507 
3 3 0 4.000000000000001 10.214319743377535 
2 2 0 1.8308703471165755 13.06781071494284 
3 2 0 5.324869129433353 12.214319743377533 
2 1 0 1.8308703471165704 13.067810714955087 
3 1 0 5.324869129433353 12.214319743377533 
2 0 0 2.8308703602859473 12.067810714649463 
3 0 0 7.324869129433357 11.214319743377537 
2 -1 0 2.830870364014564 12.067810714917933 
3 -1 0 7.3248691294333526 11.214319743377533 
2 -2 0 4.517731473197872 11.0 
3 -2 0 10.0 10.0 
2 -3 0 4.517731473197871 10.999999999999998 
3 -3 0 10.0 10.0 
1 8 0 3.0 3.0 
1 7 0 3.0 3.0 
1 6 0 1.4213086759522382 7.738067259214057 
1 5 0 1.4213086759372597 7.738067259214038 
1 4 0 0.7291261898316747 11.067810714955124 
1 3 0 0.7291261898174883 11.067810714954913 
1 2 0 0.7291261904754829 13.067810714717849 
1 1 0 0.729126190009858 13.067810714859753 
1 0 0 1.1498294520442776 13.999999999999634 
1 -1 0 1.1498294515305778 13.999999712627679 
1 -2 0 2.149829451581398 12.999999988727117 
1 -3 0 2.1498294518061396 12.999999995536626 
1 -4 0 3.3789486544943164 9.821540871586432 
2 -4 0 7.000000000000002 9.0 
1 -5 0 3.378948654523527 9.821540871586429 
2 -5 0 7.000000000000001 9.0 
0 8 0 3.0 3.0 
0 7 0 3.0 3.0 
0 6 0 1.4213086759368052 6.975487706861082 
0 5 0 1.4213086759368032 6.975487706861077 
0 4 1 0.7291261898172448 9.750210729748666 
0 3 1 0.7291261898172458 9.750210625697873 
0 2 3 1.1498294515063037 13.067810714730816 
0 1 3 1.1498294515063001 13.067810714806201 
0 0 3 1.1498294515062883 13.999999999999812 
0 -1 3 1.1498294515062049 13.99999999999968 
0 -2 1 0.7291261898172434 12.999999999998138 
0 -3 1 0.7291261898172444 12.999999999993713 
0 -4 0 1.0000000000000806 10.750210733316495 
0 -5 0 1.000000000000001 10.750210733313192 
0 -6 0 2.4213086759368037 7.97548770686108 
1 -6 0 5.0 7.000000000000002 
0 -7 0 2.4213086759368023 7.97548770686108 
1 -7 0 5.0 7.0 
-1 6 0 4.0 6.000000000000001 
-1 5 0 3.9999999999999996 6.0 
-1 4 0 2.378948667471499 8.975487706742395 
-1 3 0 2.3789486546329575 8.975487706825477 
-1 2 0 1.1498294515104286 11.999999937820096 
-1 1 0 1.1498294515512915 11.999999808898155 
-1 0 0 0.7291261902984517 13.999999895822231 
-1 -1 0 0.7291261898197372 13.999999632727956 
-1 -2 0 0.7291261898176878 13.067810714942723 
-1 -3 0 0.7291261898174448 13.06781071048428 
-1 -4 0 1.0000000001014286 12.06781071485103 
-1 -5 0 1.0000000000200961 12.067810528640692 
-1 -6 0 2.4213086761704643 8.738067259214029 
-1 -7 0 2.421308679733627 8.73806725920579 
-1 -8 0 4.0 4.0 
0 -8 0 4.0 4.0 
-1 -9 0 4.0 4.0 
0 -9 0 4.0 4.0 
-2 4 0 6.0 8.0 
-2 3 0 6.0 8.0 
-2 2 0 3.517731473406091 10.801679856301845 
-2 1 0 3.5177314732043388 10.821540866870977 
-2 0 0 1.8308703508164241 13.999999957455156 
-2 -1 0 1.8308703471165721 13.99999997122552 
-2 -2 0 1.4567321367347437 13.067810714940299 
-2 -3 0 1.4567321373944957 13.06781071487142 
-2 -4 0 1.4567321367713317 12.067810714954122 
-2 -5 0 1.456732136771751 12.067810714952396 
-2 -6 0 2.4213086759368068 9.214319743376684 
-2 -7 0 2.421308678903645 9.214319743369636 
-2 -8 0 3.9999999999999996 4.0 
-2 -9 0 3.9999999999999996 4.0 
-3 2 0 7.999999999999999 10.0 
-3 1 0 8.0 10.0 
-3 0 0 5.517731473197871 12.0 
-3 -1 0 5.517731473197869 11.999999999999998 
-3 -2 0 3.830870371088747 13.067810714955217 
-3 -3 0 3.830870347116568 13.067810665865789 
-3 -4 0 2.830870347116587 12.067810714955215 
-3 -5 0 2.8308703471165746 12.06781071495522 
-3 -6 0 2.456732136731461 9.214319743377535 
-3 -7 0 2.4567321367314605 9.214319743377539 
-3 -8 0 4.0 4.0 
-3 -9 0 4.0 4.0 
-4 0 0 11.0 11.0 
-4 -1 0 11.0 11.0 
-4 -2 0 8.324869129433356 12.214319743377535 
-4 -3 0 8.324869129433356 12.214319743377533 
-4 -4 0 6.324869129433355 11.214319743377535 
-4 -5 0 6.324869129433353 11.214319743377537 
-4 -6 0 4.999999999999999 9.214319743377533 
-4 -7 0 4.999999999999999 9.214319743377533 
-4 -8 0 4.0 4.0 
-4 -9 0 4.0 4.0 
