3 9 0 3.0 3.0 
4 9 0 3.0 3.0 
3 8 0 3.0 3.0 
4 8 0 3.0 3.0 
3 7 0 2.2415390660624928 8.773262203349862 
4 7 0 3.4584417297264296 8.773262217573293 
3 6 0 2.241539065557252 8.773262217573292 
4 6 0 3.4584417297264305 8.773262217573295 
3 5 0 2.594023672224581 13.846122075742347 
4 5 0 4.477517589551488 13.846122075744013 
3 4 0 2.5940236753130077 13.846122075744002 
4 4 0 4.477517589551487 13.846122075744015 
3 3 0 3.2552975923671643 15.738789597876044 
4 3 0 6.061884485592698 15.080168853825569 
3 2 0 3.2552975921423677 15.73879028051194 
4 2 0 6.061884485592696 15.08016885382557 
3 1 0 4.648127529969582 15.932998115920128 
4 1 0 8.7897002554776 14.021707288181021 
3 0 0 4.648127529968791 15.932996710247648 
4 0 0 8.7897002554776 14.021707288181018 
3 -1 0 6.811693724391295 14.000000000000005 
4 -1 0 12.0 12.0 
3 -2 0 6.811693724391294 14.000000000000002 
4 -2 0 12.0 12.0 
2 9 0 3.0 3.0 
2 8 0 3.0 3.0000000000000004 
2 7 0 1.0000271201976145 8.754292058582429 
2 6 0 1.0000271201975466 8.754292058416436 
2 5 0 1.000512889399258 13.836220284471684 
2 4 0 1.000512889398811 13.836220007055257 
2 3 0 1.0840759843667915 15.738858022082749 
2 2 0 1.084075984366763 15.739798272370681 
2 1 0 1.720132190055222 16.781782631660377 
2 0 0 1.720132190325661 16.781782634672147 
2 -1 0 3.1639509239111883 15.99999999996105 
2 -2 0 3.1639509239091628 15.999999319075297 
2 -3 0 5.250740889900683 12.042845360907757 
3 -3 0 10.0 10.0 
2 -4 0 5.250740886433022 12.042844710947174 
3 -4 0 10.0 10.0 
1 9 0 3.0 3.0 
1 8 0 3.0 3.0 
1 7 0 1.000027120197543 8.187847128688418 
1 6 0 1.0000271201975421 8.187847128662442 
1 5 0 0.5857535175681494 12.990753837274363 
1 4 0 0.5857535181553499 12.99075383727647 
1 3 0 0.5844281956345797 15.73979803340853 
1 2 0 0.5844281962985166 15.739797964823822 
1 1 0 0.715957895653597 17.243075291102507 
1 0 0 0.7159578972011341 17.24307528565705 
1 -1 0 0.9861878449649739 16.59145349954499 
1 -2 0 0.9861878456271809 16.591453454275012 
1 -3 0 2.0535982660715706 14.040614858054255 
1 -4 0 2.0535982660727634 14.040615227539357 
1 -5 0 3.876490176763356 10.045447485617752 
2 -5 0 8.0 8.0 
1 -6 0 3.876490176763355 10.045447485617748 
2 -6 0 8.0 8.0 
0 7 0 2.585786437626905 7.214319743377534 
0 6 0 2.585786437626906 7.214319743377536 
0 5 0 0.5857535175681514 11.85314759678323 
0 4 0 0.585753517568144 11.85314726045575 
0 3 1 0.5844281956091546 14.825341933354535 
0 2 1 0.5844281956091552 14.825341899324467 
0 1 2 0.3891854767782457 17.24307528202727 
0 0 2 0.715957895645343 17.243075288546752 
0 -1 1 0.2899695520913533 17.445199389682788 
0 -2 1 0.28996955209135444 17.44519946525655 
0 -3 0 0.3661522650368181 15.047201346112443 
0 -4 0 0.3661522649680346 15.04720089715996 
0 -5 0 1.8964012228003881 11.050766272289625 
0 -6 0 1.896401226941082 11.05076626240882 
0 -7 0 4.0 7.0 
1 -7 0 6.0 6.0 
0 -8 0 3.999999999999997 7.0 
1 -8 0 6.0 6.0 
-1 5 0 2.982203793741755 10.0 
-1 4 0 2.982203793741756 10.0 
-1 3 0 0.9405491948296039 13.703605568620912 
-1 2 0 0.9405491948291472 13.703605566886445 
-1 1 0 0.38918547677827126 16.605136365977735 
-1 0 0 0.38918547680767634 16.605136996623447 
-1 -1 0 0.28996955209800723 17.777301092633312 
-1 -2 0 0.2899695521327517 17.7773008977663 
-1 -3 0 0.3661522649635886 15.637076997070332 
-1 -4 0 0.3661522650982779 15.637077110822183 
-1 -5 0 1.6877831304665851 12.222193999231354 
-1 -6 0 1.6877831309708178 12.22219397867819 
-1 -7 0 3.999999999999999 7.000000000000001 
-1 -8 0 3.999999999999999 7.000000000000001 
-2 3 0 3.8819922641119624 12.000000000000002 
-2 2 0 3.881992264111964 11.999999999929717 
-2 1 0 1.8040156504496827 15.457718259672689 
-2 0 0 1.8040156504500957 15.457718029626125 
-2 -1 0 1.2883755776917212 17.77730093290211 
-2 -2 0 1.2883755758882962 17.77730129368419 
-2 -3 0 1.0336927123715 16.86062842063469 
-2 -4 0 1.0336927123941007 16.860628484457628 
-2 -5 0 1.6877831304788524 13.830918247226439 
-2 -6 0 1.6877831304697009 13.830918184217005 
-2 -7 0 3.9999999999999973 7.000000000000001 
-2 -8 0 4.0 7.000000000000002 
-3 1 0 5.8819922641119655 13.783932359367135 
-3 0 0 5.881992264111963 13.783932359367135 
-3 -1 0 3.0186455296375816 16.999999990261735 
-3 -2 0 3.0186455286810014 16.99999987324325 
-3 -3 0 2.381277638425609 17.999999999962707 
-3 -4 0 2.3812776391234096 17.99999998847659 
-3 -5 0 2.10091732541592 15.298985823539589 
-3 -6 0 2.1009173226100137 15.298985803169792 
-3 -7 0 3.999999999999999 7.000000000000002 
-3 -8 0 3.9999999999999982 7.000000000000001 
-4 -1 0 8.233564516147295 15.0 
-4 -2 0 8.233564516147302 15.0 
-4 -3 0 5.058456752674659 17.99999999999306 
-4 -4 0 5.058456752674657 17.999999999956916 
-4 -5 0 3.6869152722811487 15.701562118716218 
-4 -6 0 3.686915272281149 15.701562118715001 
-4 -7 0 4.000000000000001 7.000000000000001 
-4 -8 0 3.9999999999999996 7.0 
-5 -3 0 16.0 16.0 
-5 -4 0 16.0 16.0 
-5 -5 0 9.298437881283576 15.701562118716424 
-5 -6 0 9.298437881283574 15.701562118716424 
-5 -7 0 7.0 7.0 
-5 -8 0 7.0 7.0 
