2 6 1 1.9999999999999998 1.9999999999999998 
3 6 0 2.0 2.0 
2 5 1 2.0 2.0 
3 5 0 2.0 2.0 
2 4 1 0.6730757760917034 11.053754570288582 
3 4 0 2.5540614777961497 11.053754570288582 
2 3 1 0.6730757760917034 11.053754570288588 
3 3 0 2.554061477796149 11.053754570288582 
2 2 0 0.27567529884235786 13.38331730916294 
3 2 0 4.25834261322606 11.74165738677394 
2 1 0 0.2756752988437239 13.383317280408768 
3 1 0 4.258342613226057 11.741657386773939 
2 0 0 1.8335143662486222 12.000000000000005 
3 0 0 9.0 9.0 
2 -1 0 1.8335143662486233 12.000000000000002 
3 -1 0 9.0 9.0 
1 4 0 0.6730757760917027 9.547891822974625 
1 3 0 0.6730757760917017 9.54789182297462 
1 2 0 0.2756752988423442 13.38331731082198 
1 1 0 0.27567529884234343 13.383317310506126 
1 0 0 1.3285118770689628 13.999999999981874 
1 -1 0 1.3285118770597226 13.99999999999737 
1 -2 0 3.572121127629253 9.999999999999998 
2 -2 0 5.000000000000001 7.0 
1 -3 0 3.5721211276292553 9.999999999999998 
2 -3 0 4.999999999999999 7.0 
0 4 0 2.0 5.0 
0 3 0 2.0000000000000004 5.0 
0 2 2 1.091378338062702 11.999999997166196 
0 1 2 1.0913783380626974 11.999999980953636 
0 0 2 0.6240853322135427 13.999999999742457 
0 -1 2 0.6240853322135428 13.999999999744649 
0 -2 0 0.3035820826825211 11.99999999917769 
0 -3 0 0.30358208268252257 11.99999999888098 
-1 4 0 4.0 4.0 
-1 3 0 4.0 4.0 
-1 2 0 2.2938271031621738 9.820258846364345 
-1 1 0 2.2938271031621706 9.820258846364343 
-1 0 0 0.6240853324911091 13.999999990432501 
-1 -1 0 0.6240853322135489 13.999999999966592 
-1 -2 0 0.30358208268252107 13.707077521405568 
-1 -3 0 0.30358208268252146 13.707077521410751 
-1 -4 0 0.9828119895356282 9.924105948934088 
0 -4 0 2.46377958790098 7.5665408544111035 
-1 -5 0 0.9828119894046399 9.924105948934084 
0 -5 0 2.4637795879009796 7.566540854411105 
-2 2 0 3.999999999999999 8.0 
-2 1 0 4.0 8.000000000000002 
-2 0 0 1.058754188021945 11.999999997299106 
-2 -1 0 1.0587541880216222 11.9999999479819 
-2 -2 1 0.9351775585554463 13.70707750140462 
-2 -3 1 0.9351775585554506 13.707077521378155 
-2 -4 1 0.6315086295625866 11.547666892076935 
-2 -5 1 0.6315086295625921 11.547666892076935 
-2 -6 0 0.44958413279894427 6.9190566560039795 
-1 -6 0 3.0 3.0 
-2 -7 0 0.4495841327989441 6.919056656003981 
-1 -7 0 3.0 3.0 
-3 2 0 6.0 6.0 
-3 1 0 6.0 6.0 
-3 0 0 3.495644847980467 10.000000000000002 
-3 -1 0 3.495644847980471 10.000000000000002 
-3 -2 0 1.6966254855954646 12.414933629156375 
-3 -3 0 1.696625485595563 12.414933629156378 
-3 -4 0 0.6315086295644926 11.547666892076952 
-3 -5 0 0.6315086300687074 11.547666892076954 
-3 -6 0 0.44958413279894516 7.659169235022054 
-3 -7 0 0.44958413279894466 7.659169235022056 
-4 0 0 8.0 8.0 
-4 -1 0 8.0 8.0 
-4 -2 0 5.3892167295190765 10.883316149348897 
-4 -3 0 5.3892167295190765 10.883316149348898 
-4 -4 0 2.8615633100322455 11.463167210007917 
-4 -5 0 2.861563310032244 11.46316721000792 
-4 -6 0 1.6342460973121935 7.659169235022053 
-4 -7 0 1.634246097312194 7.659169235022054 
-4 -8 0 1.0 1.0 
-3 -8 0 1.0 1.0 
-4 -9 0 1.0 1.0 
-3 -9 0 1.0 1.0 
