1 1 0 1.0 3.9999999999999996 
2 1 0 4.0 4.0 
1 0 0 1.0 4.0 
2 0 0 4.0 4.0 
1 -1 0 0.9748810641060253 11.464101615137753 
2 -1 0 4.535898384862246 11.464101615137752 
1 -2 0 0.9748810641060266 11.464101615137755 
2 -2 0 4.535898384862244 11.464101615137755 
1 -3 0 1.3357174612120668 15.046318916870765 
2 -3 0 7.03761139181597 14.340172973252066 
1 -4 0 1.3357174609898819 15.046318590371968 
2 -4 0 7.037611391815969 14.340172973252065 
1 -5 0 2.736470328290306 14.000000000000002 
2 -5 0 12.0 12.0 
1 -6 0 2.7364703282903036 14.0 
2 -6 0 12.0 12.0 
0 1 0 0.9999999999999998 4.0 
0 0 0 1.0000000000000004 4.0 
0 -1 1 0.974881064106022 10.395353119944936 
0 -2 1 0.9748810641060207 10.395353298612532 
0 -3 1 0.5330844841883458 15.04631896569055 
0 -4 1 0.5330844841883436 15.046318965691235 
0 -5 0 0.41552343880920506 15.999999998762757 
0 -6 0 0.4155234388092116 15.999999999972525 
0 -7 0 1.5507887982363568 12.841222070049662 
1 -7 0 5.875114580235426 10.761557181831893 
0 -8 0 1.5507887982363529 12.84122207004991 
1 -8 0 5.875114580235426 10.761557181831892 
-1 1 0 3.0 3.0 
-1 0 0 3.0 3.0 
-1 -1 0 1.60276470834357 10.000000000000002 
-1 -2 0 1.6027647083435754 9.999999999999996 
-1 -3 0 0.5330844841885675 13.596826591127773 
-1 -4 0 0.5330844841883494 13.596826600120515 
-1 -5 0 0.41552343881040255 15.999999999875152 
-1 -6 0 0.4155234388118096 15.999999958838796 
-1 -7 0 0.9207436972800218 14.820840825223293 
-1 -8 0 0.9207436972864635 14.820840825124641 
-1 -9 0 2.1008162107771557 10.760132665441885 
0 -9 0 4.476904409368331 8.441290910412462 
-1 -10 0 2.100816210777137 10.760132890318648 
0 -10 0 4.476904409368331 8.441290910412462 
-2 -1 0 2.9999999999999996 9.0 
-2 -2 0 2.9999999999999996 9.0 
-2 -3 0 0.7551705167183339 12.99999999999175 
-2 -4 0 0.755170516718384 12.999999999798852 
-2 -5 1 0.8449429363663535 15.750051578554656 
-2 -6 1 0.8449429363663112 15.750051546419307 
-2 -7 0 0.2411245519611141 15.72496187795851 
-2 -8 0 0.2411245519407986 15.72496189057485 
-2 -9 0 0.6389591392079582 12.685799148184536 
-2 -10 0 0.6389591392074574 12.685800143513358 
-2 -11 0 2.4529372826009634 7.8309803143661885 
-1 -11 0 5.0 5.0 
-2 -12 0 2.452937282600963 7.8309803143661885 
-1 -12 0 5.0 5.0 
-3 -1 0 5.0 5.0 
-3 -2 0 5.0 5.0 
-3 -3 0 2.000000000000016 10.99999999999821 
-3 -4 0 2.000000000000013 10.999999999999073 
-3 -5 0 0.9822922530576417 14.999999789285196 
-3 -6 0 0.9822922517794939 14.999999996608814 
-3 -7 0 0.24112455193392224 15.72496188065606 
-3 -8 0 0.2411245519354049 15.724961846994502 
-3 -9 1 0.6389591392073852 14.43826720313091 
-3 -10 1 0.6389591392073853 14.438267082663877 
-3 -11 0 0.4236112040078064 9.63265098115225 
-3 -12 0 0.42361120401091606 9.632650948819943 
-4 -3 0 3.9999999999999996 8.0 
-4 -4 0 4.0 8.000000000000002 
-4 -5 0 2.5974027815951235 12.999999206376382 
-4 -6 0 2.597402794205212 12.999999769395554 
-4 -7 0 1.5539413642424207 15.709310865045383 
-4 -8 0 1.553941364670653 15.709310171018151 
-4 -9 0 0.8439381367823053 14.878265481447416 
-4 -10 0 0.8439381396161751 14.878265615218632 
-4 -11 0 0.4236112040490661 10.561736570906964 
-4 -12 0 0.4236112040595256 10.561736525009902 
-4 -13 0 0.9999999999999996 5.0 
-3 -13 0 3.0 3.0 
-4 -14 0 1.0000000000000002 5.0 
-3 -14 0 3.0 3.0 
-5 -5 0 6.000000000000001 11.000000000000002 
-5 -6 0 6.0 11.0 
-5 -7 0 3.036795472688275 14.999999999999972 
-5 -8 0 3.0367954726882784 15.000000000000002 
-5 -9 0 2.18716017421844 14.878265034271543 
-5 -10 0 2.1871601742184397 14.878265620956858 
-5 -11 0 1.5915413237292926 10.999999999975373 
-5 -12 0 1.591541323708781 10.999999999945409 
-5 -13 0 1.0000000000000002 5.0 
-5 -14 0 1.000000000000001 5.000000000000001 
-6 -7 0 13.0 13.0 
-6 -8 0 13.0 13.0 
-6 -9 0 8.59877769517314 14.630633802458778 
-6 -10 0 8.598777695173142 14.630633802458778 
-6 -11 0 5.697224362268005 10.999999999999998 
-6 -12 0 5.697224362268004 11.0 
-6 -13 0 5.0 5.0 
-6 -14 0 5.0 5.0 
