1 -1 0 5.0 5.000000000000001 
2 -1 0 5.0 5.0 
1 -2 0 5.0 5.0 
2 -2 0 5.0 5.0 
1 -3 0 3.009424005075377 14.056060306305989 
2 -3 0 7.158777929949938 14.05606030630599 
1 -4 0 3.0094240050753727 14.05606030630599 
2 -4 0 7.158777929949939 14.05606030630599 
1 -5 0 4.2220634238925285 18.429211683511358 
2 -5 0 10.19955859997381 16.892185878863224 
1 -6 0 4.222063423883595 18.42921168351136 
2 -6 0 10.19955859997381 16.892185878863227 
1 -7 0 6.997930320077074 17.030879037328923 
2 -7 0 15.0 15.0 
1 -8 0 6.997930320077073 17.030879037328933 
2 -8 0 15.0 15.0 
0 -1 0 5.0 5.0 
0 -2 0 5.0 5.0 
0 -3 1 2.8786086516845844 13.308475539399236 
0 -4 1 2.878608592897283 13.30847550830633 
0 -5 1 1.5340540575063624 18.42921166607346 
0 -6 1 1.534054057506359 18.429211673349894 
0 -7 0 1.2124846329491732 19.999999999672465 
0 -8 0 1.2124846325657124 19.9999999996021 
0 -9 0 4.190873385836521 15.999999932265128 
1 -9 0 11.0 14.0 
0 -10 0 4.190873385839331 15.99999995437807 
1 -10 0 10.999999999999998 14.0 
-1 -1 0 5.0 5.0 
-1 -2 0 4.999999999999999 5.0 
-1 -3 0 2.878608592362765 13.22563334421106 
-1 -4 0 2.8786085934203274 13.22563334427604 
-1 -5 0 1.2917935939861895 16.813027327648253 
-1 -6 0 1.2917935966626901 16.813026670222015 
-1 -7 0 1.21248463240118 19.999999975781463 
-1 -8 0 1.2124846324022436 19.999999995116937 
-1 -9 0 1.6389946647632154 17.999999981673568 
-1 -10 0 1.6389946645812299 17.99999922514102 
-1 -11 0 3.7112321409407323 14.999999990577077 
0 -11 0 8.000000000000005 13.0 
-1 -12 0 3.7112321531065593 14.999999990440873 
0 -12 0 8.000000000000002 13.000000000000002 
-2 -1 0 5.0 5.0 
-2 -2 0 5.0 5.0 
-2 -3 0 2.913598597053735 11.525023768172428 
-2 -4 0 2.91359859705374 11.52502381113001 
-2 -5 0 1.291793593979049 16.087794619144187 
-2 -6 0 1.2917935941702676 16.087794538665253 
-2 -7 1 0.2880461298164157 19.999999646633675 
-2 -8 1 0.2880461298164191 19.999999973494702 
-2 -9 0 0.5180104120329317 19.76576969765116 
-2 -10 0 0.5180104114469242 19.765771999438968 
-2 -11 0 1.1488023077903815 16.83272870494151 
-2 -12 0 1.148802307809255 16.832728598842248 
-2 -13 0 2.9956154044577508 13.759262035424015 
-1 -13 0 6.585786437626909 11.414213562373096 
-2 -14 0 2.995615393188596 13.75926203401291 
-1 -14 0 6.585786437626904 11.414213562373096 
-3 -1 0 5.0 5.0 
-3 -2 0 5.0 5.0 
-3 -3 0 3.2438591743256087 10.819528107804588 
-3 -4 0 3.243859174325607 10.819528107804592 
-3 -5 0 1.6977290802356313 15.280543203270504 
-3 -6 0 1.6977290806059242 15.280543205848272 
-3 -7 0 0.28804612981815 17.712485350153376 
-3 -8 0 0.28804612981653493 17.71248501851612 
-3 -9 0 0.43746944958679695 19.999999185948358 
-3 -10 0 0.4374694495934034 19.99999971912399 
-3 -11 1 0.359711861290496 17.78190010347439 
-3 -12 1 0.35971186129049754 17.781954610157314 
-3 -13 0 0.9292965574978402 14.74688107124399 
-3 -14 0 0.9292965574981543 14.74688132426086 
-3 -15 0 2.4712850252028 10.825955014108194 
-2 -15 0 5.585786437626905 8.414213562373096 
-3 -16 0 2.471285025202789 10.82595500887862 
-2 -16 0 5.585786437626905 8.414213562373092 
-4 -3 0 5.459215461326635 10.281394239592146 
-4 -4 0 5.459215461326634 10.281394239592146 
-4 -5 0 3.345132274386006 13.587171991967448 
-4 -6 0 3.345132274385328 13.587172784626832 
-4 -7 0 1.5621060045786415 16.70645566694786 
-4 -8 0 1.562106004597517 16.70645518246593 
-4 -9 0 0.4374694495540126 19.99999982500632 
-4 -10 0 0.43746944953924083 19.999999938478563 
-4 -11 1 0.34021246920265347 19.38618229592782 
-4 -12 1 0.34021246920232134 19.386182288884076 
-4 -13 0 0.2412025367863781 16.373414102822633 
-4 -14 0 0.24120253680841863 16.37341429217094 
-4 -15 0 0.9942560401399548 12.657254747287576 
-4 -16 0 0.994256039304017 12.657254748148071 
-4 -17 0 3.407137631948546 7.825955014888476 
-3 -17 0 5.0 5.0 
-4 -18 0 3.407137631948547 7.825955014888477 
-3 -18 0 5.0 5.0 
-5 -3 0 7.0 7.0 
-5 -4 0 7.0 7.0 
-5 -5 0 4.721124756116709 12.760439850348128 
-5 -6 0 4.721124756101129 12.7604398508227 
-5 -7 0 2.935774168361388 15.745307095334132 
-5 -8 0 2.9357741755664692 15.745306944699722 
-5 -9 0 1.3278067737364205 17.99999924999523 
-5 -10 0 1.3278067737250123 17.999999621866113 
-5 -11 0 0.34021246920336434 19.38618232976331 
-5 -12 0 0.3402124692077682 19.386182255368812 
-5 -13 0 0.24120253678605244 17.469946059912203 
-5 -14 0 0.24120253678523812 17.469944982142454 
-5 -15 1 0.5998252396408803 14.418145014113259 
-5 -16 1 0.5998252396408726 14.418145011959535 
-5 -17 0 0.9467764568727253 9.700406152019 
-5 -18 0 0.9467764568727218 9.700406152019 
-6 -5 0 7.585786437626904 10.414213562373098 
-6 -6 0 7.585786437626902 10.414213562373094 
-6 -7 0 5.296417571364708 13.999999810888987 
-6 -8 0 5.296417568352321 13.99999999885236 
-6 -9 0 3.5211199288573467 16.999999999264645 
-6 -10 0 3.5211199256695096 16.999999999973138 
-6 -11 0 1.9065166048749702 18.26103447430463 
-6 -12 0 1.9065166041126032 18.261034628865275 
-6 -13 0 0.8120637939775728 17.46994494850094 
-6 -14 0 0.8120637939843816 17.469944535341664 
-6 -15 0 0.5998252396645852 15.508875099248282 
-6 -16 0 0.5998252396734765 15.5088748532871 
-6 -17 0 0.946776457036073 11.54493391584672 
-6 -18 0 0.9467764584160596 11.54493391584672 
-6 -19 0 3.0 3.0 
-5 -19 0 3.0 3.0 
-6 -20 0 3.0 3.0 
-5 -20 0 3.0 3.0 
-7 -7 0 9.000000000000002 12.0 
-7 -8 0 9.000000000000002 12.0 
-7 -9 0 6.316917873440252 14.999999775339257 
-7 -10 0 6.316917873440249 14.999999480028068 
-7 -11 0 4.38312170039332 16.580810694127674 
-7 -12 0 4.3831217073918385 16.580785605271764 
-7 -13 0 2.8837867021428076 17.307992662662286 
-7 -14 0 2.8837867021848616 17.307992668554597 
-7 -15 0 1.8221221007741477 15.50887509957709 
-7 -16 0 1.8221221007740553 15.508875099591982 
-7 -17 0 1.352649979114583 13.246157220744987 
-7 -18 0 1.3526499791145803 13.246157220744983 
-7 -19 0 3.0 3.0000000000000004 
-7 -20 0 3.0 3.0 
-8 -9 0 13.0 13.0 
-8 -10 0 13.0 13.0 
-8 -11 0 8.048339628566852 15.225800215729151 
-8 -12 0 8.048339628566856 15.225800215729153 
-8 -13 0 6.398672158720033 15.882225422547073 
-8 -14 0 6.398672158720032 15.882225422547078 
-8 -15 0 4.87689437438234 15.422009749251211 
-8 -16 0 4.876894374382342 15.422009749251206 
-8 -17 0 3.884300011131922 13.246157220744978 
-8 -18 0 3.884300011131922 13.246157220744982 
-8 -19 0 3.0 3.0 
-8 -20 0 3.0 3.0 
