5 13 0 4.0 4.0 
6 13 0 4.0 4.0 
5 12 0 4.0 4.0 
6 12 0 4.0 4.0 
5 11 0 2.1771987109073874 12.16227766016838 
6 11 0 5.000000000000001 12.162277660168378 
5 10 0 2.177198710907389 12.162277660168378 
6 10 0 4.999999999999998 12.162277660168378 
5 9 0 3.384274067585998 14.818424771326065 
6 9 0 6.605634867773745 14.394365132226257 
5 8 0 3.3842740675841796 14.81842477130336 
6 8 0 6.605634867773744 14.394365132226259 
5 7 0 4.594732671843678 16.288583322901506 
6 7 0 8.495335646411952 14.640023466892643 
5 6 0 4.594732645294881 16.28858332292541 
6 6 0 8.49533564641195 14.640023466892645 
5 5 0 6.240914653698643 14.999999999985029 
6 5 0 13.0 13.0 
5 4 0 6.240914653698637 14.999999999974062 
6 4 0 13.0 13.0 
4 13 0 4.0 4.0 
4 12 0 4.0 4.000000000000001 
4 11 0 0.9677651418007729 11.737958725638407 
4 10 0 0.967765141764211 11.737958725643402 
4 9 0 0.8216026189315664 14.818424764194411 
4 8 0 0.8216026189322677 14.818424743589064 
4 7 0 1.5934085700509466 17.01116119340654 
4 6 0 1.5934085702424134 17.011715161199792 
4 5 0 2.8053519832774545 16.043034771997117 
4 4 0 2.805351983273516 16.043034775055386 
4 3 0 4.408724591399721 13.741177529891552 
5 3 0 9.0 12.0 
4 2 0 4.408724588151702 13.741177529960572 
5 2 0 9.000000000000002 12.0 
3 13 0 4.0 4.0 
3 12 0 4.0 4.0 
3 11 0 0.9677651417817236 10.027974125035504 
3 10 0 0.9677651417629057 10.027974130590374 
3 9 1 0.8216026189313635 14.098705049713663 
3 8 1 0.8216026189313674 14.098705052903709 
3 7 0 0.16802490807623585 17.01113234205706 
3 6 0 0.16802490807628742 17.011374928037707 
3 5 0 0.4819894829572143 17.999999989580328 
3 4 0 0.481989482957229 17.99999999992804 
3 3 0 1.9326734299119612 14.999999942778953 
3 2 0 1.9326734301919237 14.999999978712497 
3 1 0 3.3395316053634154 11.928902893805313 
4 1 0 7.0 10.414213562373096 
3 0 0 3.3395316049583204 11.92890289379707 
4 0 0 6.999999999999999 10.414213562373092 
2 13 0 4.0 4.0 
2 12 0 4.0 4.0 
2 11 0 2.3050224468303098 9.197735702356447 
2 10 0 2.30502244683031 9.19773570235645 
2 9 0 1.253145629629032 12.731148880891256 
2 8 0 1.2531456292795884 12.731148978841594 
2 7 0 0.1680249080775089 15.655069458044139 
2 6 0 0.16802490808100023 15.655069252679052 
2 5 1 0.48198948295720856 17.999999961060322 
2 4 1 0.481989482957209 17.99999999922223 
2 3 0 0.2922027390479367 16.81769118336578 
2 2 0 0.29220273905706823 16.81769117915208 
2 1 0 2.123078996177425 13.698913081195682 
2 0 0 2.1230789961928 13.69891308076442 
2 -1 0 3.6670283285068903 9.921198523112885 
3 -1 0 5.585786437626904 8.414213562373096 
2 -2 0 3.6670283285068943 9.921198523112883 
3 -2 0 5.585786437626905 8.414213562373094 
1 11 0 5.0 8.000000000000002 
1 10 0 5.0 8.0 
1 9 0 3.0566803645566365 11.790863603543581 
1 8 0 3.056680364488575 11.790863107402066 
1 7 0 1.517600686356631 14.999999920601867 
1 6 0 1.5176006835463616 14.999999999929996 
1 5 0 0.5980319386178294 17.71728359237829 
1 4 0 0.5980319386128045 17.717199241600877 
1 3 0 0.2922027390792987 17.537859402277174 
1 2 0 0.29220273905051897 17.53785940346364 
1 1 0 0.8176945796466614 14.936207122484479 
1 0 0 0.8176945796466667 14.936210399405775 
1 -1 0 1.9922858577824238 11.698913081361576 
1 -2 0 1.9922858577802252 11.698913081367099 
1 -3 0 5.0 5.0 
2 -3 0 5.0 5.0 
1 -4 0 5.0 5.0 
2 -4 0 5.0 5.0 
0 9 0 6.999999999999999 10.0 
0 8 0 6.999999999999998 10.000000000000002 
0 7 0 3.548675394648129 13.785669118516285 
0 6 0 3.548675394803688 13.785669103938245 
0 5 0 0.6571440956938052 16.999999998986823 
0 4 0 0.6571440956936204 16.999999999952223 
0 3 1 0.6778449538771464 17.53785929817487 
0 2 1 0.6778449538771502 17.53785700919819 
0 1 1 0.4592363117227826 16.23467533623201 
0 0 1 0.45923631172278373 16.234675281387677 
0 -1 0 0.3246671381601653 12.976956056382209 
0 -2 0 0.32466713816016873 12.976956056353966 
0 -3 0 2.4148945417554994 8.674163462173755 
0 -4 0 2.414894541755501 8.674163462173754 
-1 9 0 7.0 7.0 
-1 8 0 7.0 7.0 
-1 7 0 3.7569129982143212 12.000000000000007 
-1 6 0 3.756912998214319 12.0 
-1 5 0 2.153099229462228 15.032554939120791 
-1 4 0 2.1530992265373947 15.032566284842233 
-1 3 0 1.1676583228479565 17.06600422535049 
-1 2 0 1.1676583250814958 17.066004339407847 
-1 1 0 0.4592363117678523 16.240148205890588 
-1 0 0 0.4592363117229339 16.24014822246601 
-1 -1 0 0.32466713816051734 13.521852038092655 
-1 -2 0 0.32466713816118675 13.521852037476403 
-1 -3 0 0.834796107117999 8.791038379445638 
-1 -4 0 0.834796107118001 8.791038379445634 
-2 7 0 9.0 9.0 
-2 6 0 9.0 9.0 
-2 5 0 5.651317569258039 14.000000000000005 
-2 4 0 5.65131756925803 14.0 
-2 3 0 3.138056220056928 15.473139784090261 
-2 2 0 3.138056231852617 15.47313978495715 
-2 1 0 1.485864877489621 16.240148220470147 
-2 0 0 1.4858648774896057 16.24014821922902 
-2 -1 0 0.9387590315190513 13.564699909239799 
-2 -2 0 0.9387590315034897 13.564699909224345 
-2 -3 0 0.8347961071180042 8.813945983624839 
-2 -4 0 0.8347961071180028 8.813945983624839 
-2 -5 0 2.0 2.0 
-1 -5 0 2.0 2.0 
-2 -6 0 2.0 2.0 
-1 -6 0 2.0 2.0 
-3 5 0 11.0 11.0 
-3 4 0 11.0 11.0 
-3 3 0 7.701138649571889 14.151500298425027 
-3 2 0 7.701138649571889 14.151500298425026 
-3 1 0 5.479857755024086 15.396815979263375 
-3 0 0 5.479857755024083 15.396815979263376 
-3 -1 0 3.603522550225289 13.564699909242634 
-3 -2 0 3.603522550225287 13.56469990924263 
-3 -3 0 2.3154588315590097 8.813945983624839 
-3 -4 0 2.3154588315590092 8.813945983624839 
-3 -5 0 2.0 2.0 
-3 -6 0 2.0 2.0 
