3 11 0 2.0 2.0 
4 11 0 2.0 2.0 
3 10 0 2.0 2.0 
4 10 0 2.0 2.0 
3 9 0 0.6128979102859222 7.281394239592152 
4 9 0 2.4592154613266364 7.281394239592148 
3 8 0 0.6128979102859216 7.281394239592151 
4 8 0 2.459215461326636 7.281394239592149 
3 7 0 0.9370664463618856 10.217238854579156 
4 7 0 3.6724924799796432 9.62869141672109 
3 6 0 0.9370664464389202 10.217238717386754 
4 6 0 3.6724924799796437 9.628691416721093 
3 5 0 1.6282856061070095 10.702177651425426 
4 5 0 5.4071376319485465 9.825955014888475 
3 4 0 1.628285606104193 10.702177651425426 
4 4 0 5.407137631948546 9.825955014888475 
3 3 0 3.0596223756150565 9.081359858783065 
4 3 0 8.0 8.0 
3 2 0 3.059622375615061 9.081359858783067 
4 2 0 8.0 8.0 
2 11 0 2.0 2.0 
2 10 0 2.0 2.0 
2 9 0 0.6128979102859217 6.855791691271534 
2 8 0 0.612897910285921 6.855791691271536 
2 7 1 0.9370664463587081 10.21723887181584 
2 6 1 0.9370664463587067 10.21723887182382 
2 5 1 0.8370268485774037 11.503088169124783 
2 4 1 0.8370268485774047 11.503088169466926 
2 3 0 0.6095698109641825 10.999999989475581 
2 2 0 0.6095698107069754 10.99999996846802 
2 1 0 1.962944928849477 7.901899173320932 
3 1 0 5.000000000000001 7.0 
2 0 0 1.9629449288494765 7.9018991733209365 
3 0 0 5.0 7.0 
1 9 0 2.518805695907984 6.170086486626036 
1 8 0 2.518805695907985 6.170086486626033 
1 7 0 1.2173739114085933 9.480314448212743 
1 6 0 1.2173739118344074 9.480314453599375 
1 5 0 0.6891898022826546 11.503088168941094 
1 4 0 0.6891898029142377 11.503088155066 
1 3 0 0.6095698107065768 11.66643976064942 
1 2 0 0.609569810708253 11.666439802820976 
1 1 0 1.7773163257410254 9.616495332796127 
1 0 0 1.7773163220645312 9.616495332796507 
1 -1 0 4.0 4.0 
2 -1 0 4.0 4.0 
1 -2 0 4.0 4.0 
2 -2 0 4.0 4.0 
0 7 0 2.2142023807402005 8.0 
0 6 0 2.2142023807401965 8.0 
0 5 0 0.6891898023279217 10.736606704761032 
0 4 0 0.6891898022779063 10.736606704761044 
0 3 1 0.9459702352992386 11.730440969056152 
0 2 1 0.9459702352992401 11.730441231197446 
0 1 1 1.1728962972546078 10.32847268913865 
0 0 1 1.1728962972546093 10.32847268913865 
0 -1 0 1.0 5.0 
0 -2 0 1.0 5.0 
-1 5 0 3.5721211276292566 9.803542495682596 
-1 4 0 3.5721211276292557 9.803542495682597 
-1 3 0 2.019313568909172 11.730441234260466 
-1 2 0 2.0193135689091695 11.730441234260471 
-1 1 0 1.1728962972546055 11.192582403567256 
-1 0 0 1.1728962972546078 11.192582403567256 
-1 -1 0 0.9999999999999999 5.0 
-1 -2 0 0.9999999999999997 5.0 
-2 3 0 11.0 11.0 
-2 2 0 11.0 11.0 
-2 1 0 5.807417596432748 11.192582403567252 
-2 0 0 5.807417596432747 11.19258240356725 
-2 -1 0 5.0 5.0 
-2 -2 0 5.0 5.0 
