1 3 0 1.0 4.0 
2 3 0 4.0 4.0 
1 2 0 1.0000000000000002 4.0 
2 2 0 4.0 4.0 
1 1 0 1.158715788831404 7.999999999999998 
2 1 0 8.0 8.0 
1 0 0 1.1587157888314024 7.999999999999999 
2 0 0 8.0 8.0 
0 3 0 0.9999999999999996 4.0 
0 2 0 1.0 4.0 
0 1 1 1.1587157888314037 7.548447567420489 
0 0 1 1.1587157888314044 7.548447567420487 
0 -1 1 0.8082037186725161 7.669854744652451 
1 -1 0 1.8751145802354252 6.761557181831892 
0 -2 1 0.8082037186725167 7.669854744652449 
1 -2 0 1.875114580235426 6.761557181831891 
-1 3 0 3.0 3.0 
-1 2 0 3.0 3.0 
-1 1 0 1.3186693563950225 7.0 
-1 0 0 1.3186693563950211 6.999999999999999 
-1 -1 0 0.8082037186725154 7.66985474465245 
-1 -2 0 0.8082037186725161 7.669854744652449 
-1 -3 0 0.5857864376269044 6.124885419764574 
0 -3 0 0.5857864376269055 4.999999999999999 
-1 -4 0 0.5857864376269053 6.124885419764573 
0 -4 0 0.5857864376269046 5.0 
-2 1 0 5.0 5.0 
-2 0 0 5.0 5.0 
-2 -1 0 2.2907246405630777 6.9032119259115525 
-2 -2 0 2.2907246405630777 6.903211925911553 
-2 -3 0 1.2384428181681086 6.124885419764573 
-2 -4 0 1.2384428181681093 6.124885419764575 
-2 -5 0 1.0 1.0 
-1 -5 0 1.0 1.0 
-2 -6 0 1.0 1.0 
-1 -6 0 1.0 1.0 
