3 9 0 3.0 3.0 
4 9 0 3.0 3.0 
3 8 0 3.0 3.0 
4 8 0 3.0 3.0 
3 7 0 1.9221487255825722 10.789247192540163 
4 7 0 3.5135284451918336 10.789247192540161 
3 6 0 1.9221487255825713 10.789247192540165 
4 6 0 3.513528445191834 10.789247192540161 
3 5 0 2.3652901152061903 13.98650799011332 
4 5 0 4.486199722936296 13.101309199535432 
3 4 0 2.365290115212544 13.986507990112582 
4 4 0 4.486199722936296 13.10130919953543 
3 3 0 3.23513829043614 14.244406627159183 
4 3 0 6.73930514961941 12.86415817780378 
3 2 0 3.235138246955073 14.24440656578812 
4 2 0 6.739305149619409 12.864158177803779 
3 1 0 4.882028122364481 12.999999999999996 
4 1 0 11.0 11.0 
3 0 0 4.882028122364481 13.000000000000002 
4 0 0 11.0 11.0 
2 9 0 3.0 3.0 
2 8 0 3.0 3.0 
2 7 0 0.9648326225123587 10.169523282612838 
2 6 0 0.964832622512891 10.169523282612662 
2 5 0 0.7592973321160178 13.98650799011268 
2 4 0 0.7592973321576908 13.986507990110969 
2 3 0 1.023639833160167 15.278088725126409 
2 2 0 1.0236398346753697 15.278088726257547 
2 1 0 1.9840114628325385 14.99999999987402 
2 0 0 1.9840114627159116 14.99999999994571 
2 -1 0 3.696832058776942 11.692224870588188 
3 -1 0 8.0 10.0 
2 -2 0 3.696832058820844 11.692224890666074 
3 -2 0 8.0 9.999999999999998 
1 9 0 3.0 3.0 
1 8 0 3.0 3.0 
1 7 0 0.9648326225115889 8.637497710037046 
1 6 0 0.9648326225115926 8.637497710037046 
1 5 0 0.3979320239304605 12.499184186006964 
1 4 0 0.3979320239414922 12.499184154897518 
1 3 0 0.3866874362842865 15.278088096450428 
1 2 0 0.3866874362740853 15.278088726481705 
1 1 0 0.48250709588514545 15.702242080127135 
1 0 0 0.4825070954095735 15.702242108031562 
1 -1 0 1.4396395474808603 12.944821888267118 
1 -2 0 1.4396395472352108 12.944821389307387 
1 -3 0 2.912451137597092 9.964552067201364 
2 -3 0 5.999999999999999 7.999999999999999 
1 -4 0 2.9124511375970865 9.964552067201364 
2 -4 0 6.000000000000001 8.0 
0 7 0 2.4559428898038522 6.646020966722048 
0 6 0 2.4559428898038513 6.64602096672205 
0 5 0 0.3979320239291268 10.89830435109622 
0 4 0 0.39793202392912636 10.89830411096604 
0 3 1 0.3866874362740525 14.516794024108549 
0 2 1 0.38668743627405705 14.516794022562376 
0 1 2 0.48250709539133285 15.729805092262783 
0 0 2 0.4825070953913352 15.729801660873154 
0 -1 1 0.6710883780972862 14.341571892715562 
0 -2 1 0.67108837809729 14.341571489523183 
0 -3 0 0.9389465641696573 11.192976824714812 
0 -4 0 0.938946564090213 11.192976824857947 
0 -5 0 3.0 6.000000000000001 
1 -5 0 5.0 5.0 
0 -6 0 2.999999999999999 6.0 
1 -6 0 5.0 5.0 
-1 5 0 3.0983520386889984 8.999999999999996 
-1 4 0 3.098352038688995 9.0 
-1 3 0 1.3532130030420735 12.845770972451755 
-1 2 0 1.3532130030423664 12.845771729946726 
-1 1 0 0.8395568310033139 15.729805395037406 
-1 0 0 0.8395568309998993 15.729805763218804 
-1 -1 0 0.6710883780977515 15.09078087865912 
-1 -2 0 0.6710883780973498 15.09078101799984 
-1 -3 0 0.938946564080454 12.495080651112504 
-1 -4 0 0.9389465640806275 12.49508065114077 
-1 -5 0 2.9999999999999996 6.000000000000001 
-1 -6 0 2.9999999999999996 6.0 
-2 3 0 5.082714006906466 11.0 
-2 2 0 5.082714006906467 11.0 
-2 1 0 2.3189471072897363 14.836521455491791 
-2 0 0 2.318947106911468 14.83652145549171 
-2 -1 0 1.8456263787184741 15.999999999862965 
-2 -2 0 1.8456263787486489 15.999999998437511 
-2 -3 0 1.654692473950501 13.352978993188565 
-2 -4 0 1.6546924739504947 13.35297845518473 
-2 -5 0 3.0 6.000000000000001 
-2 -6 0 2.9999999999999996 6.000000000000001 
-3 1 0 7.082714006906467 13.000000000000002 
-3 0 0 7.082714006906464 13.000000000000004 
-3 -1 0 4.183142499544702 15.999999999999995 
-3 -2 0 4.183142499544703 15.999999999999996 
-3 -3 0 2.9540043141822365 13.82842712474619 
-3 -4 0 2.954004314182245 13.82842712474619 
-3 -5 0 2.999999999999999 6.000000000000001 
-3 -6 0 2.9999999999999996 6.000000000000001 
-4 -1 0 14.0 14.0 
-4 -2 0 14.0 14.0 
-4 -3 0 8.171572875253808 13.82842712474619 
-4 -4 0 8.17157287525381 13.82842712474619 
-4 -5 0 6.0 6.0 
-4 -6 0 6.0 6.0 
