1 5 0 2.0 2.0 
2 5 0 2.0 2.0 
1 4 0 2.0 2.0 
2 4 0 2.0 2.0 
1 3 0 1.2455219106061342 7.696392779347098 
2 3 0 2.4818013006736583 7.6963927793470965 
1 2 0 1.2455219106061328 7.6963927793470965 
2 2 0 2.4818013006736597 7.696392779347098 
1 1 0 1.5658947921345505 9.352357778036891 
2 1 0 3.8357520615397886 8.391382380630901 
1 0 0 1.565894792134557 9.352357778036893 
2 0 0 3.8357520615397878 8.391382380630901 
1 -1 0 2.4401769469181387 9.0 
2 -1 0 7.0 7.0 
1 -2 0 2.440176946918137 9.0 
2 -2 0 7.0 7.0 
0 5 0 2.0 2.0 
0 4 0 2.0 2.0 
0 3 1 1.2455219106061322 6.846938275734833 
0 2 1 1.2455219106061324 6.846938275734832 
0 1 2 1.0713716514217029 9.35235777803686 
0 0 2 1.0713716514217002 9.352357640069162 
0 -1 1 0.680876984384386 9.583928981314015 
0 -2 1 0.6808769843843784 9.583928981313905 
0 -3 0 0.9429391324631747 7.0388267476086215 
1 -3 0 5.0 5.0 
0 -4 0 0.9429391324631786 7.038826747608622 
1 -4 0 5.0 5.0 
-1 3 0 3.0 4.999999999999999 
-1 2 0 3.0 5.0 
-1 1 0 1.0713716514217013 8.688597189674548 
-1 0 0 1.071371651421702 8.688597189674544 
-1 -1 0 0.6808769845822016 10.000000000000002 
-1 -2 0 0.6808769843843808 9.999999964243173 
-1 -3 0 0.9429391324631764 8.044733225263517 
-1 -4 0 0.9429391324631768 8.044733225263514 
-1 -5 0 3.0 3.0 
0 -5 0 3.0 3.0 
-1 -6 0 2.9999999999999996 3.0 
0 -6 0 3.0 3.0 
-2 1 0 5.000000000000001 7.0 
-2 0 0 5.000000000000001 7.0 
-2 -1 0 2.2996713427900786 10.0 
-2 -2 0 2.2996713427900795 9.999999999999998 
-2 -3 0 1.7535342959631102 8.56155281280883 
-2 -4 0 1.7535342959631086 8.561552812808827 
-2 -5 0 3.0 3.0 
-2 -6 0 3.0 3.0 
-3 -1 0 8.0 8.0 
-3 -2 0 8.0 8.0 
-3 -3 0 4.438447187191169 8.56155281280883 
-3 -4 0 4.438447187191169 8.56155281280883 
-3 -5 0 3.0 3.0 
-3 -6 0 3.0 3.0 
