1 3 0 1.0000000000000002 5.0 
2 3 0 5.0 5.0 
1 2 0 0.9999999999999997 5.0 
2 2 0 5.0 5.0 
1 1 0 1.1559755504895168 11.192582403567258 
2 1 0 5.807417596432749 11.19258240356725 
1 0 0 1.1559755504895137 11.192582403567254 
2 0 0 5.807417596432748 11.192582403567252 
1 -1 0 1.884397279592877 11.740403009722549 
2 -1 0 11.0 11.0 
1 -2 0 1.8843972795928703 11.740403009722554 
2 -2 0 11.0 11.0 
0 3 0 0.9999999999999997 5.0 
0 2 0 0.9999999999999996 5.0 
0 1 1 1.1559755504895124 10.239450363773123 
0 0 1 1.1559755504895104 10.239450175777566 
0 -1 1 1.0446681880755453 11.740403009670999 
0 -2 1 1.0446681880755404 11.740402888976462 
0 -3 0 0.8582247654884629 10.734704907842124 
1 -3 0 3.572121127629258 9.803542495682597 
0 -4 0 0.8582247654887094 10.729292746215787 
1 -4 0 3.5721211276292553 9.803542495682594 
-1 3 0 3.9999999999999996 4.0 
-1 2 0 4.0 4.0 
-1 1 0 2.015325320284009 8.999999990788051 
-1 0 0 2.01532531209843 8.999999997379655 
-1 -1 0 0.7036582281493163 11.642265282288925 
-1 -2 0 0.703658228138973 11.642265282942422 
-1 -3 0 0.8582247654882466 11.448517286582277 
-1 -4 0 0.8582247654882448 11.450840637803683 
-1 -5 0 1.2532032820586905 9.51355326354889 
0 -5 0 2.0498336621964954 8.000000000000002 
-1 -6 0 1.2532032808036684 9.513553263547747 
0 -6 0 2.049833662196494 8.0 
-2 3 0 4.0 4.0 
-2 2 0 4.0 4.0 
-2 1 0 2.0757623552276563 7.8235438719074155 
-2 0 0 2.0757623552276554 7.823543871907419 
-2 -1 0 0.7036582281394925 10.999999999924643 
-2 -2 0 0.7036582281401957 10.999999999828036 
-2 -3 1 0.9470994209274499 11.450840365683485 
-2 -4 1 0.947099420927453 11.448476266795959 
-2 -5 1 1.0882702849336425 9.586533558736877 
-2 -6 1 1.0882702849336396 9.586533569827326 
-2 -7 0 0.838196781641143 7.165631557862946 
-1 -7 0 2.3819660112501047 5.618033988749897 
-2 -8 0 0.8381967816411442 7.165631557862946 
-1 -8 0 2.3819660112501055 5.618033988749895 
-3 1 0 6.0 6.0 
-3 0 0 5.999999999999999 6.0 
-3 -1 0 3.7198889439441256 9.077294398403057 
-3 -2 0 3.719888943944124 9.07729439840306 
-3 -3 0 2.200112345874099 10.771251555087415 
-3 -4 0 2.200112351493183 10.771251555087419 
-3 -5 0 1.0882702849658523 9.58653357030978 
-3 -6 0 1.0882702853428532 9.586533570309786 
-3 -7 0 0.8381967816411439 7.214319743377535 
-3 -8 0 0.8381967816411449 7.214319743377534 
-3 -9 0 2.0 2.0 
-2 -9 0 2.0 2.0 
-3 -10 0 2.0 2.0 
-2 -10 0 2.0 2.0 
-4 -1 0 8.0 8.0 
-4 -2 0 8.0 8.0 
-4 -3 0 5.657076917222831 9.81360650264833 
-4 -4 0 5.65707691722283 9.81360650264833 
-4 -5 0 4.357392985226034 9.226283457092318 
-4 -6 0 4.357392985226033 9.22628345709232 
-4 -7 0 3.000000000000001 7.214319743377535 
-4 -8 0 3.0 7.214319743377537 
-4 -9 0 2.0 2.0 
-4 -10 0 2.0 2.0 
