7 15 0 3.4472447163342483 9.999999999999998 
8 15 0 10.0 10.0 
7 14 0 3.4472447163342483 10.000000000000005 
8 14 0 10.0 10.0 
7 13 0 4.513948623545259 20.0 
8 13 0 20.0 20.0 
7 12 0 4.513948623545257 20.000000000000004 
8 12 0 20.0 20.0 
6 15 0 0.920613734662099 9.534840813536771 
6 14 0 0.9206137346620997 9.534840803201872 
6 13 0 1.548238416640068 18.51043745080892 
6 12 0 1.5482384200974528 18.51043784186893 
6 11 0 2.029712504878949 19.99999920264512 
7 11 0 6.438082823090562 18.000000000000004 
6 10 0 2.02971250487774 19.999999925512242 
7 10 0 6.438082823090561 18.0 
5 15 0 0.9206137346620988 8.952283993081558 
5 14 0 0.9206137346621103 8.952283997232232 
5 13 0 0.5718292671331738 16.932852663518982 
5 12 0 0.5718292671331637 16.932852435180074 
5 11 0 0.8447223104151267 19.99999983941768 
5 10 0 0.8447223122698082 19.9999976086353 
5 9 0 1.5661603102083574 17.999999541665645 
6 9 0 3.4897425160152182 15.919744786201152 
5 8 0 1.5661603102435646 17.99999953479482 
6 8 0 3.489742516015213 15.919744786200962 
4 15 0 2.21119514662736 8.099474336154746 
4 14 0 2.2111951466273623 8.099474336154742 
4 13 0 0.5718292672319205 15.285117789535867 
4 12 0 0.5718292671499922 15.285118153505628 
4 11 0 0.31621232352206213 19.68764157610901 
4 10 0 0.31621232352307377 19.687641438933543 
4 9 0 0.5604157097723389 19.999999314283762 
4 8 0 0.5604157094085161 19.999999288607274 
4 7 0 1.2560534338184783 15.99999906215951 
5 7 0 2.566471950108055 13.783198848642355 
4 6 0 1.2560534347418217 15.999999382797695 
5 6 0 2.5664719501080153 13.78124044511255 
3 15 0 3.000000000000001 8.0 
3 14 0 3.0000000000000018 8.0 
3 13 0 1.4230481715155217 13.663080652321916 
3 12 0 1.4230481719138734 13.663080650752772 
3 11 0 0.31621232352184947 17.847126305366263 
3 10 0 0.3162123235328605 17.847127488114264 
3 9 1 0.560415709391209 19.999998703953615 
3 8 1 0.5604157093912083 19.99999982296676 
3 7 0 0.19618255213664096 17.999999946655105 
3 6 0 0.1961825521383821 17.999999449221534 
3 5 0 0.7856122382147517 13.596145263842667 
4 5 0 2.8981190261927425 11.606310416741225 
3 4 0 0.7856122382139324 13.596144975429107 
4 4 0 2.898119038220446 11.606310742731974 
2 15 0 5.000000000000002 7.0 
2 14 0 5.000000000000001 7.0 
2 13 0 3.1344467534794247 12.320884491992167 
2 12 0 3.134446753479189 12.320884451424005 
2 11 0 1.429944877212288 15.999999370841229 
2 10 0 1.4299448796682037 15.999999354365837 
2 9 0 0.6417797709094062 19.99999999499348 
2 8 0 0.6417797709085068 19.999999784793925 
2 7 0 0.19618255214173358 19.495306841898916 
2 6 0 0.19618255214825187 19.49530683085796 
2 5 1 0.7454194751266553 15.863598577369977 
2 4 1 0.7454194751266509 15.863598585220606 
2 3 0 1.2454306918290754 10.906254085981196 
3 3 0 2.4488288540726066 8.713616280003015 
2 2 0 1.2454306918290792 10.906254083434542 
3 2 0 2.448828854072603 8.713616280003018 
1 13 0 5.585786437626904 10.414213562373094 
1 12 0 5.585786437626905 10.414213562373094 
1 11 0 3.503338307215941 14.32088437850651 
1 10 0 3.5033383072170405 14.320884497215536 
1 9 0 1.678241326924153 17.999999046759616 
1 8 0 1.6782413269417318 17.999998760287465 
1 7 0 0.711539256700235 19.999999947882166 
1 6 0 0.7115392567876184 19.999999996626393 
1 5 0 0.213481852952848 17.228941790455348 
1 4 0 0.2134818529690456 17.228939666876855 
1 3 0 0.557073618479319 13.465292566052836 
1 2 0 0.557073618479234 13.465292579046647 
1 1 0 2.999999999999999 5.0 
2 1 0 3.0000000000000004 5.0 
1 0 0 3.0 5.0 
2 0 0 3.0 5.0 
0 11 0 5.267949192431123 12.414213562373096 
0 10 0 5.267949192431121 12.41421356237309 
0 9 0 2.670494883262241 15.999999864555486 
0 8 0 2.670494878109488 15.999999998875005 
0 7 0 0.9119098195761145 19.999999895558005 
0 6 0 0.9119098195764542 19.999999976991276 
0 5 0 0.2134818529732878 18.503736092502344 
0 4 0 0.2134818529520542 18.503735459497218 
0 3 1 0.557073618479224 15.012010739340951 
0 2 1 0.5570736184792211 15.012010783069295 
0 1 1 1.9999999999999991 6.0 
0 0 1 2.0000000000000004 5.999999999999999 
-1 9 0 9.26794919243112 14.0 
-1 8 0 9.267949192431125 14.0 
-1 7 0 5.5690116042359845 17.999999973521458 
-1 6 0 5.569011604235875 17.9999999957546 
-1 5 0 3.3279317428044015 18.503736092764903 
-1 4 0 3.3279317432876576 18.503736092801994 
-1 3 0 2.20598133970797 15.30218681787294 
-1 2 0 2.2059813397092007 15.302186817859477 
-1 1 0 1.9999999999999998 6.000000000000001 
-1 0 0 2.000000000000001 6.000000000000003 
-2 7 0 16.0 16.0 
-2 6 0 16.0 16.0 
-2 5 0 10.241229516856366 17.064177772475908 
-2 4 0 10.241229516856365 17.06417777247591 
-2 3 0 7.2455942920540855 15.30218681787435 
-2 2 0 7.245594292054085 15.302186817874349 
-2 1 0 6.0 6.0 
-2 0 0 6.0 6.0 
