3 9 0 4.0 4.0 
4 9 0 4.0 4.0 
3 8 0 4.0 4.0 
4 8 0 4.0 4.0 
3 7 0 2.405775981895599 10.000000000000004 
4 7 0 4.438447187191168 10.0 
3 6 0 2.4057759818955997 10.000000000000004 
4 6 0 4.438447187191171 10.000000000000002 
3 5 0 2.844223169086769 14.56155281268424 
4 5 0 5.43844718719117 14.56155281280883 
3 4 0 2.8442231690867708 14.561552812772545 
4 4 0 5.438447187191169 14.56155281280883 
3 3 0 3.9743455720534357 15.561552569505544 
4 3 0 7.999999999999999 13.56155281280883 
3 2 0 3.9743455720535823 15.561552812808833 
4 2 0 7.999999999999998 13.561552812808829 
3 1 0 5.438447187191168 14.000000000000002 
4 1 0 12.0 12.0 
3 0 0 5.438447187191171 14.0 
4 0 0 12.0 12.0 
2 9 0 4.0 4.0 
2 8 0 4.0 4.0 
2 7 0 0.9999999999999978 10.000000000000005 
2 6 0 1.0000000000000018 9.999999999999998 
2 5 0 1.0000000009480337 14.561552681488067 
2 4 0 1.0000000002944804 14.561552762962457 
2 3 0 1.317425357294909 15.561552798096274 
2 2 0 1.3174253571342585 15.561552803696031 
2 1 0 1.7558725442963021 15.999999999713491 
2 0 0 1.75587254429625 15.999999999954959 
2 -1 0 4.000000000000478 12.999999813372236 
3 -1 0 8.000000000000002 11.0 
2 -2 0 4.024233386132965 12.999999999999988 
3 -2 0 7.999999999999999 11.000000000000002 
1 9 0 4.0 4.0 
1 8 0 4.0 4.0 
1 7 0 1.0000000000000004 8.56155281280873 
1 6 0 1.0000000000000016 8.561552812805589 
1 5 1 0.9999999999999999 13.999999998638645 
1 4 1 1.0 13.999999955879744 
1 3 2 0.38896815978091376 15.561552805209185 
1 2 2 0.38896815978091853 15.561552802595164 
1 1 1 0.3174253571049142 15.999999282629318 
1 0 1 0.31742535710491865 15.999999982567912 
1 -1 0 0.3174253571049249 14.73205080756177 
1 -2 0 0.3174253571049323 14.73205080748467 
1 -3 0 2.317425357104917 11.732050807520293 
2 -3 0 6.0 9.414213562373094 
1 -4 0 2.317425358169518 11.732050807398323 
2 -4 0 6.0 9.414213562373092 
0 9 0 4.0 4.0 
0 8 0 4.0 4.0 
0 7 0 2.330920911717712 8.561552812808833 
0 6 0 2.3309209117177123 8.561552812808834 
0 5 0 1.3309209117550347 12.29434926911997 
0 4 0 1.3309209117209175 12.294349405786399 
0 3 0 0.38896815978170574 15.561552475706318 
0 2 0 0.38896815978110605 15.561552711460436 
0 1 0 0.317425357150703 15.99999978964204 
0 0 0 0.3174253571072493 15.999999643005278 
0 -1 0 0.31742535715442116 15.368615488935777 
0 -2 0 0.3174253571303311 15.36861541275741 
0 -3 0 0.49677558373097414 12.489867200219313 
0 -4 0 0.49677558373097497 12.489867203762653 
0 -5 0 1.9999999999999998 10.146264369941974 
1 -5 0 4.585786437626903 7.414213562373096 
0 -6 0 1.9999999999999964 10.146264369941973 
1 -6 0 4.585786437626904 7.414213562373095 
-1 7 0 4.999999999999999 8.0 
-1 6 0 4.999999999999999 8.0 
-1 5 0 3.0000000000000653 11.561552812782045 
-1 4 0 3.0000000000000027 11.561552812808735 
-1 3 0 0.7639320225363619 14.999999999997694 
-1 2 0 0.7639320225002466 14.999999999995374 
-1 1 1 0.6930630541503594 15.999999997292813 
-1 0 1 0.6930630541503593 15.999999999787924 
-1 -1 2 0.4967755837309777 15.36861507022727 
-1 -2 2 0.4967755837309738 15.368615493041322 
-1 -3 1 0.3174253571049176 14.100666300856409 
-1 -4 1 0.3174253571049166 14.10066630085879 
-1 -5 0 0.3174253572335101 10.468561027536074 
-1 -6 0 0.3174253571049162 10.4685610313688 
-1 -7 0 2.5857864376269055 6.732050807568877 
0 -7 0 4.0 4.0 
-1 -8 0 2.585786437626905 6.732050807568877 
0 -8 0 4.0 4.0 
-2 7 0 6.0 6.0 
-2 6 0 6.0 6.0 
-2 5 0 3.7639320225002115 10.999999999999996 
-2 4 0 3.76393202250021 11.000000000000002 
-2 3 0 2.094852934217922 12.999999983648623 
-2 2 0 2.094852934217922 12.999999999209912 
-2 1 0 1.152900183309669 15.236067977476784 
-2 0 0 1.152900182637621 15.236067692652703 
-2 -1 0 0.38896815978097676 15.368614695185776 
-2 -2 0 0.38896815978095145 15.368615492778474 
-2 -3 0 0.3174253571049177 14.100665782803613 
-2 -4 0 0.31742535712099834 14.100666300829882 
-2 -5 0 0.317425357107609 11.732050807562922 
-2 -6 0 0.3174253571059122 11.732050807559363 
-2 -7 0 0.49677558373097686 6.7320508075688785 
-2 -8 0 0.49677558373097513 6.732050807568877 
-3 5 0 7.0 9.0 
-3 4 0 7.0 8.999999999999998 
-3 3 0 4.76393202250021 12.000000000000002 
-3 2 0 4.76393202250021 12.000000000000004 
-3 1 0 2.7807729909789107 13.561552812743288 
-3 0 0 2.7807729912734236 13.561552812717256 
-3 -1 0 1.4569950766505784 14.604683469660007 
-3 -2 0 1.4569950766506061 14.604683468602056 
-3 -3 0 0.6930630541503934 14.100666300859706 
-3 -4 0 0.6930630541525264 14.100566625858573 
-3 -5 0 0.4967755837309779 11.732050807531477 
-3 -6 0 0.4967755837309758 11.732050807567227 
-3 -7 0 0.49677558373097475 7.0 
-3 -8 0 0.496775583730978 7.000000000000005 
-3 -9 0 2.0 2.0 
-2 -9 0 2.0 2.0 
-3 -10 0 2.0 2.0 
-2 -10 0 2.0 2.0 
-4 3 0 10.0 10.0 
-4 2 0 10.0 10.0 
-4 1 0 7.43844718719117 12.236067977499792 
-4 0 0 7.43844718719117 12.23606797749979 
-4 -1 0 5.202379209691381 13.797620790308624 
-4 -2 0 5.202379209691382 13.79762079030862 
-4 -3 0 3.7639320225002075 13.293603620377707 
-4 -4 0 3.763932022500209 13.293603620377702 
-4 -5 0 2.7639320225002098 11.732050807568879 
-4 -6 0 2.7639320225002115 11.732050807568875 
-4 -7 0 1.9999999999999991 7.0 
-4 -8 0 2.0 6.999999999999998 
-4 -9 0 2.0 2.0 
-4 -10 0 2.0 2.0 
