3 7 0 2.0000000000000004 4.0 
4 7 0 4.0 4.0 
3 6 0 2.0 4.000000000000001 
4 6 0 4.0 4.0 
3 5 0 1.6361264455427196 12.37228132326902 
4 5 0 5.000000000000001 12.372281323269016 
3 4 0 1.6361264455427227 12.372281323269014 
4 4 0 5.000000000000001 12.37228132326901 
3 3 0 2.1040763700891065 14.887424708751306 
4 3 0 7.140476611384783 13.43366462978329 
3 2 0 2.104076370095515 14.88742514224265 
4 2 0 7.140476611384781 13.433664629783289 
3 1 0 3.941789686216593 14.0 
4 1 0 12.0 12.0 
3 0 0 3.9417896862165986 14.0 
4 0 0 12.0 12.0 
2 7 0 1.9999999999999996 4.0 
2 6 0 1.9999999999999998 4.0 
2 5 0 1.0384856873657862 11.976235606782263 
2 4 0 1.0384856873656922 11.976235606791503 
2 3 0 1.036432972683101 14.887425142046679 
2 2 0 1.036432972282489 14.887425142215765 
2 1 0 1.1352066459433143 15.999999997992566 
2 0 0 1.1352066459641879 15.999999992190908 
2 -1 0 2.5528506440545558 12.828427116417435 
3 -1 0 7.267949192431122 10.732050807568877 
2 -2 0 2.552850645778841 12.828427124744316 
3 -2 0 7.267949192431123 10.732050807568877 
1 7 0 2.0 4.0 
1 6 0 2.0 4.000000000000001 
1 5 0 1.0384856873663637 10.502667314930168 
1 4 0 1.0384856873871133 10.50266731490658 
1 3 0 0.40133345596759507 13.604714150121422 
1 2 0 0.4013334559676449 13.604713359159929 
1 1 0 0.33600985871039285 15.99999998165903 
1 0 0 0.3360098587066314 15.999999475698385 
1 -1 0 0.5360286590327396 14.865526823760034 
1 -2 0 0.5360286590713942 14.86552682692465 
1 -3 0 1.6233972398880627 10.828427124700589 
2 -3 0 5.267949192431123 8.732050807568877 
1 -4 0 1.6233972398880865 10.82842712473251 
2 -4 0 5.267949192431122 8.732050807568877 
0 5 0 1.5857864376269055 9.56155281280883 
0 4 0 1.5857864376269064 9.56155281280883 
0 3 0 0.4013334559683975 12.684169336522306 
0 2 0 0.401333456030878 12.684169275682903 
0 1 1 0.3360098586910417 15.495850889350233 
0 0 1 0.3360098586910438 15.49585060502533 
0 -1 2 0.536028659032736 15.550667243028748 
0 -2 2 0.5360286590327411 15.550667618134089 
0 -3 1 1.1285184558543688 12.81069585302502 
0 -4 1 1.1285184558543717 12.810695870779124 
0 -5 0 1.9999999999999978 8.732050807568882 
1 -5 0 4.0 6.0 
0 -6 0 2.0000000000000004 8.732050807568875 
1 -6 0 4.000000000000001 6.0 
-1 5 0 4.0 6.0 
-1 4 0 4.000000000000001 6.0 
-1 3 0 1.820433115133197 11.561552811657602 
-1 2 0 1.8204331151303228 11.561552812808827 
-1 1 0 1.068826998157265 14.678524381290789 
-1 0 0 1.0688269982256342 14.67852437689178 
-1 -1 0 0.34368183405128777 15.765989598438678 
-1 -2 0 0.3436818340350109 15.765989632778343 
-1 -3 0 0.29324681156122007 13.97936595464413 
-1 -4 0 0.29324681156153276 13.97936596241517 
-1 -5 0 0.473123869367307 10.645486540240004 
-1 -6 0 0.4731238693673057 10.645486540362759 
-2 3 0 3.5857864376269055 8.999999999999998 
-2 2 0 3.585786437626906 9.0 
-2 1 0 1.4795356948688916 12.999999999899002 
-2 0 0 1.4795356922191276 12.999999999784048 
-2 -1 0 0.3436818340429634 15.765989634005098 
-2 -2 0 0.3436818340535702 15.76598951766405 
-2 -3 1 0.2932468115611973 14.718554818128974 
-2 -4 1 0.29324681156119176 14.71855481905132 
-2 -5 2 1.049680133407709 11.976828774411763 
-2 -6 2 1.0496801334077106 11.97682877516369 
-2 -7 1 2.0 5.0 
-1 -7 0 1.9999999999999998 4.0 
-2 -8 1 2.0 5.000000000000001 
-1 -8 0 1.9999999999999998 4.0 
-3 1 0 7.585786437626904 11.0 
-3 0 0 7.585786437626903 11.000000000000002 
-3 -1 0 4.527767693812105 14.999999999997504 
-3 -2 0 4.527767693763089 14.999999999411049 
-3 -3 0 2.7973177606697215 14.718554818042872 
-3 -4 0 2.797317760043288 14.718554815740067 
-3 -5 0 2.098766923383733 12.040964594865569 
-3 -6 0 2.0987669233947326 12.040964594830324 
-3 -7 0 2.000000000000001 5.0 
-3 -8 0 2.0 5.0 
-4 -1 0 13.0 13.0 
-4 -2 0 13.0 13.0 
-4 -3 0 8.653537810432576 14.068707823329955 
-4 -4 0 8.653537810432576 14.068707823329953 
-4 -5 0 6.088496685924976 12.040964594877464 
-4 -6 0 6.088496685924975 12.040964594877462 
-4 -7 0 5.0 5.0 
-4 -8 0 5.0 5.0 
