1 1 1 5.0 6.0 
2 1 0 6.0 6.0 
1 0 1 5.0 5.999999999999998 
2 0 0 6.0 6.0 
1 -1 1 2.39454605227862 14.605551275463997 
2 -1 0 7.394448724536012 14.60555127546399 
1 -2 1 2.3945460522786157 14.60555127546399 
2 -2 0 7.394448724536009 14.60555127546399 
1 -3 0 1.453623367987673 16.000000000000007 
2 -3 0 14.0 14.0 
1 -4 0 1.4536233679876716 15.999999999999993 
2 -4 0 14.0 14.0 
0 1 0 5.0 5.000000000000001 
0 0 0 5.0 5.000000000000001 
0 -1 0 2.0000000001562848 13.340089247315621 
0 -2 0 2.000000006541712 13.340089247229809 
0 -3 0 1.4536233679876742 15.999999999956865 
0 -4 0 1.4536233679876736 15.999999999723709 
0 -5 0 2.8245859250342424 13.999999633918584 
1 -5 0 4.763932022500212 12.0 
0 -6 0 2.8245859251813483 13.999999646951123 
1 -6 0 4.76393202250021 12.000000000000002 
-1 1 0 5.0 5.0 
-1 0 0 5.0 5.000000000000001 
-1 -1 0 2.0000000000490057 12.052158579365294 
-1 -2 0 2.0000000006512195 12.05215978142531 
-1 -3 2 1.6896236416323576 15.999999357665073 
-1 -4 2 1.6896236416324655 15.999999799338228 
-1 -5 1 0.8838246980891464 15.782544739043228 
-1 -6 1 0.8838246980891445 15.783002601941163 
-1 -7 0 1.7973390085866399 12.999999997880483 
0 -7 0 4.792596624257834 11.0 
-1 -8 0 1.7973390085856795 12.999999999398817 
0 -8 0 4.792596624257837 11.000000000000002 
-2 1 0 5.0 5.0 
-2 0 0 5.0 5.0 
-2 -1 0 2.9110707304210743 11.20454872373192 
-2 -2 0 2.9110706958966825 11.20454872365193 
-2 -3 0 1.3898086985288738 13.99999972195637 
-2 -4 0 1.3898086985289992 13.999999993981875 
-2 -5 0 0.49902194765203717 15.782983283630392 
-2 -6 0 0.4990219476498212 15.781845442875488 
-2 -7 1 0.9606502735368768 13.844416692856392 
-2 -8 1 0.9606502735368755 13.844416692644476 
-2 -9 0 1.284229188274536 11.78199734836837 
-1 -9 0 3.7782924731758873 9.549241456087962 
-2 -10 0 1.2842291882745438 11.781997348329432 
-1 -10 0 3.7782924731758873 9.549241456087964 
-3 1 0 5.0 5.0 
-3 0 0 5.0 5.0 
-3 -1 0 3.1102928659373767 9.742885194854416 
-3 -2 0 3.1102928659373803 9.742885194854424 
-3 -3 0 1.548713424461275 12.589693869181707 
-3 -4 0 1.5487134240866267 12.589693758421102 
-3 -5 0 0.49902194764893726 14.617359411982697 
-3 -6 0 0.4990219476489322 14.61735928949483 
-3 -7 2 0.9606502735368831 13.940611022969355 
-3 -8 2 1.1511654354291643 13.940609123538156 
-3 -9 1 0.779026762274742 12.51447638881869 
-3 -10 1 0.7790267622747443 12.514476186957985 
-3 -11 0 0.9964792833109252 9.633610873453677 
-2 -11 0 3.2679491924311224 6.732050807568876 
-3 -12 0 0.9964792833089996 9.633610873459306 
-2 -12 0 3.267949192431123 6.7320508075688785 
-4 -1 0 7.0 9.0 
-4 -2 0 6.999999999999999 9.0 
-4 -3 0 4.1421313773689015 11.821922466303477 
-4 -4 0 4.142131377368906 11.821922476762238 
-4 -5 0 2.4804285102837564 13.399855191928834 
-4 -6 0 2.4804285156656993 13.399855028358061 
-4 -7 0 1.1511654354356982 13.940611197671226 
-4 -8 0 1.1511654356882206 13.94061119209668 
-4 -9 0 0.40767329876950803 12.569594556419393 
-4 -10 0 0.40767329876948916 12.569592833241774 
-4 -11 1 0.7837491355816532 10.5537229611617 
-4 -12 1 0.7837491355816614 10.553722945128607 
-4 -13 0 1.2613987442657746 6.673436566345462 
-3 -13 0 3.0 3.0 
-4 -14 0 1.2613987442657737 6.673436566345463 
-3 -14 0 3.0 3.0 
-5 -1 0 7.0 7.0 
-5 -2 0 7.0 7.0 
-5 -3 0 4.4407111693057955 10.999999999999996 
-5 -4 0 4.440711169305794 11.000000000000002 
-5 -5 0 2.6838397210999756 12.58058512861807 
-5 -6 0 2.683839721096397 12.580584572570833 
-5 -7 0 1.3041854056204059 13.477065598313338 
-5 -8 0 1.3041854048056154 13.477065255680325 
-5 -9 0 0.4076732987694777 12.569595490924739 
-5 -10 0 0.40767329876948044 12.569595490922898 
-5 -11 1 0.7837491355816477 10.635773605729753 
-5 -12 1 0.783749135581649 10.635773553332093 
-5 -13 1 1.260893160078585 6.6999400338000425 
-5 -14 1 1.2608931600785853 6.6999400338000425 
-6 -3 0 9.0 9.0 
-6 -4 0 9.0 9.0 
-6 -5 0 6.478764916238506 11.548397765777864 
-6 -6 0 6.478764916238506 11.548397765777866 
-6 -7 0 4.404391203803206 12.696543288711835 
-6 -8 0 4.404391203803205 12.696543288711833 
-6 -9 0 3.041944851207719 12.51633544471502 
-6 -10 0 3.0419448512077167 12.516335444715025 
-6 -11 0 1.9798949505312782 10.635773605729753 
-6 -12 0 1.979894950531275 10.635773605729748 
-6 -13 0 1.260893160078585 6.699940033800043 
-6 -14 0 1.2608931600785855 6.699940033800042 
-6 -15 0 1.0 1.0 
-5 -15 0 1.0 1.0 
-6 -16 0 1.0 1.0 
-5 -16 0 1.0 1.0 
