3 9 1 1.9999999999999998 1.9999999999999998 
4 9 0 2.0 2.0 
3 8 1 2.0 2.0 
4 8 0 2.0 2.0 
3 7 0 0.16461818408023196 9.45438472319929 
4 7 0 2.7155225047417626 9.45438472319929 
3 6 0 0.16461818408023346 9.454384723199286 
4 6 0 2.7155225047417635 9.454384723199292 
3 5 0 0.6715664281369439 12.231565691493968 
4 5 0 4.057187237573056 11.201970077615178 
3 4 0 0.6715664281369105 12.231565691493964 
4 4 0 4.057187237573054 11.201970077615176 
3 3 0 1.6854854403828903 12.451196914713494 
4 3 0 5.51031505559888 11.237555226206933 
3 2 0 1.6854854403828938 12.451196912754044 
4 2 0 5.5103150555988805 11.237555226206927 
3 1 0 3.0189927166745507 10.999999999999996 
4 1 0 9.0 9.0 
3 0 0 3.0189927166745516 11.000000000000002 
4 0 0 9.0 9.0 
2 7 0 0.1646181840802334 8.052039773538779 
2 6 0 0.16461818408023401 8.052039773538777 
2 5 1 0.6715664281368567 12.231565691328894 
2 4 1 0.6715664281368523 12.231565691165528 
2 3 0 0.28135586498205034 13.462856866185373 
2 2 0 0.2813558649615219 13.46285686532369 
2 1 0 1.2988845539315788 12.999999999452848 
2 0 0 1.2988845558397133 12.999999981788847 
2 -1 0 3.8751145802354254 8.76155718183189 
3 -1 0 4.999999999999999 7.0 
2 -2 0 3.875114580235426 8.76155718183189 
3 -2 0 5.0 7.0 
1 7 0 3.0 3.0 
1 6 0 3.0 3.0 
1 5 0 0.8627701152253663 10.825678737386822 
1 4 0 0.8627701152253628 10.825679706605644 
1 3 0 0.28135586495870896 13.462856857008308 
1 2 0 0.2813558649912856 13.462856860087747 
1 1 0 1.052021995468857 13.69074972041252 
1 0 0 1.0520219954590564 13.690749717665883 
1 -1 0 1.9130776976438995 10.852786753875911 
1 -2 0 1.9130776976438997 10.852786754331703 
0 5 0 2.9999999999999987 7.7320508075688785 
0 4 0 2.999999999999999 7.732050807568877 
0 3 1 1.1993339687699067 12.837333828187916 
0 2 1 1.1993339687698923 12.837336893213967 
0 1 1 0.6375230507682242 13.99999990726785 
0 0 1 0.6375230507682219 13.999999923626723 
0 -1 0 0.3827833195068823 12.638705685806942 
0 -2 0 0.38278331950694733 12.638705686132122 
0 -3 0 1.4614436970617168 8.15733553421126 
1 -3 0 4.0 4.0 
0 -4 0 1.4614436970617182 8.157335534211263 
1 -4 0 4.0 4.0 
-1 5 0 5.0 5.0 
-1 4 0 5.0 5.0 
-1 3 0 2.5538244619654695 9.856336891497753 
-1 2 0 2.5538244619654686 9.856336891497753 
-1 1 0 0.6375230507682293 13.999999764972266 
-1 0 0 0.6375230507682261 13.999999973533862 
-1 -1 0 0.3827833195109033 13.272297086737046 
-1 -2 0 0.3827833197066739 13.272297073083616 
-1 -3 0 0.9824242379095509 9.137510530477726 
-1 -4 0 0.9824242379095514 9.137510530477728 
-2 3 0 7.0 7.0 
-2 2 0 7.0 7.0 
-2 1 0 3.8308871627832395 11.285128425899895 
-2 0 0 3.830887162783239 11.2851284258999 
-2 -1 0 1.5248529562081141 13.272297086919432 
-2 -2 0 1.524852956208115 13.27229708696466 
-2 -3 0 0.9824242379095522 9.611858709804041 
-2 -4 0 0.9824242379095515 9.611858709804043 
-2 -5 0 2.0 2.0 
-1 -5 0 2.0 2.0 
-2 -6 0 2.0 2.0 
-1 -6 0 2.0 2.0 
-3 1 0 9.0 9.0 
-3 0 0 9.0 9.0 
-3 -1 0 5.7692745765039515 11.713584661871097 
-3 -2 0 5.7692745765039515 11.713584661871096 
-3 -3 0 3.729465979484834 9.611858709804043 
-3 -4 0 3.7294659794848344 9.611858709804045 
-3 -5 0 2.0 2.0 
-3 -6 0 2.0 2.0 
