3 7 0 4.0 4.0 
4 7 0 4.0 4.0 
3 6 0 4.0 4.0 
4 6 0 4.0 4.0 
3 5 0 2.9486377151601926 10.109894908618307 
4 5 0 4.890104827237532 10.109895172762469 
3 4 0 2.948637715161381 10.109895158671753 
4 4 0 4.890104827237532 10.109895172762466 
3 3 0 3.6151705103608003 15.014381691825623 
4 3 0 6.4076029675774535 15.014381693371075 
3 2 0 3.6151705103664944 15.01438169337096 
4 2 0 6.40760296757745 15.014381693371076 
3 1 0 4.847759206231921 16.379582771569513 
4 1 0 9.43844718719117 14.791287847477921 
3 0 0 4.8477592086512615 16.3795838355679 
4 0 0 9.43844718719117 14.791287847477925 
3 -1 0 6.767608594475734 14.999999999991356 
4 -1 0 13.0 13.0 
3 -2 0 6.76760859447585 14.99999999999779 
4 -2 0 13.0 13.0 
2 7 0 4.0 4.0 
2 6 0 4.0 4.000000000000001 
2 5 0 1.9995882706976988 9.905429599098772 
2 4 0 1.9995882708644492 9.905429601254834 
2 3 0 1.9447860840119724 14.9944265486672 
2 2 0 1.9447860840132687 14.994426533633966 
2 1 0 2.180422042223558 16.82398257597245 
2 0 0 2.180422041791638 16.823982573528376 
2 -1 0 3.497126353566894 16.999999999902716 
2 -2 0 3.4971263571942295 16.999999999950226 
2 -3 0 5.308793091804891 13.999999995870558 
3 -3 0 10.0 12.0 
2 -4 0 5.308793091805349 13.9999999959154 
3 -4 0 10.0 12.0 
1 7 0 4.0 4.0 
1 6 0 3.9999999999999996 4.0 
1 5 0 1.9810070782834208 9.829390480151837 
1 4 0 1.9810070782328573 9.829390454661405 
1 3 0 0.9461268126720271 14.109187202184968 
1 2 0 0.9461268128959981 14.109187202398402 
1 1 0 0.9000752413082042 16.823982576341137 
1 0 0 0.9000752405819146 16.823982424616975 
1 -1 0 1.1720597791032639 17.717276712150998 
1 -2 0 1.1720597778634354 17.71727676319753 
1 -3 0 2.0168973373269994 15.0182409522715 
1 -4 0 2.0168973350094586 15.018240866960863 
1 -5 0 3.8171621673033034 12.0460505474908 
2 -5 0 7.999999999999999 10.000000000000002 
1 -6 0 3.8171621758441847 12.046050547750026 
2 -6 0 7.999999999999999 10.0 
0 7 0 4.0 4.0 
0 6 0 4.0 4.0 
0 5 0 1.981007078232195 9.139344269825841 
0 4 0 1.9810070782321005 9.139344269825848 
0 3 1 0.9461268122773141 13.047482539364067 
0 2 1 0.9461268122773147 13.047482378076877 
0 1 3 0.49216999195662015 15.984028014431436 
0 0 3 0.9000752405806454 15.984028012254692 
0 -1 3 0.6364610123278848 17.717276802772933 
0 -2 3 0.32970379234030345 17.717276804484804 
0 -3 1 0.4275339234497829 16.261020712415867 
0 -4 1 0.42753392344976726 16.261021183385765 
0 -5 0 0.6759287831796862 13.05480590126676 
0 -6 0 0.6759287831797118 13.054805971701724 
0 -7 0 2.6806692784129122 9.118700929842245 
1 -7 0 5.999999999999999 7.999999999999999 
0 -8 0 2.6806692784129127 9.118700929842241 
1 -8 0 6.000000000000001 8.000000000000002 
-1 5 0 4.518805695907984 8.170086486626035 
-1 4 0 4.518805695907984 8.170086486626035 
-1 3 0 2.4299842275795385 11.99558581620976 
-1 2 0 2.4299842276615133 11.995585816217115 
-1 1 0 0.4921699919570622 14.8980871528005 
-1 0 0 0.4921699919869457 14.898086968940357 
-1 -1 0 0.32970379235504305 17.533930080457118 
-1 -2 0 0.3297037923403506 17.53393011643909 
-1 -3 0 0.4275339238240112 17.207941483871007 
-1 -4 0 0.42753392347564206 17.2079414740482 
-1 -5 0 0.6759287832892743 14.298293928855257 
-1 -6 0 0.6759287831798946 14.298293846404421 
-1 -7 0 2.4172112838116884 10.436980707385684 
-1 -8 0 2.417211277425095 10.436979467043269 
-1 -9 0 5.0 5.0 
0 -9 0 5.0 5.0 
-1 -10 0 5.0 5.0 
0 -10 0 5.0 5.0 
-2 3 0 5.518805695907984 10.170086486626035 
-2 2 0 5.518805695907983 10.170086486626031 
-2 1 0 3.4774772458018615 13.99999999993493 
-2 0 0 3.477477245558297 13.999999999732568 
-2 -1 0 1.7327208561776515 16.81310047794637 
-2 -2 0 1.7327208565048535 16.8131001722658 
-2 -3 0 1.1168607327823783 17.999999648611073 
-2 -4 0 1.1168607277994038 17.9999999992971 
-2 -5 0 1.5126012240118516 15.428080317518233 
-2 -6 0 1.5126012301915208 15.428078984919864 
-2 -7 0 2.4172112767100677 12.162150407824834 
-2 -8 0 2.4172112767034433 12.162150407824761 
-2 -9 0 5.0 5.000000000000001 
-2 -10 0 5.0 5.0 
-3 1 0 6.999999999999999 12.000000000000002 
-3 0 0 6.999999999999999 12.0 
-3 -1 0 4.5552739860468385 14.999999999682425 
-3 -2 0 4.555273985818543 14.999999999347324 
-3 -3 0 2.8332611946173762 17.99999999381175 
-3 -4 0 2.8332611946146895 17.999999999002178 
-3 -5 0 2.181130012338403 16.74000625444934 
-3 -6 0 2.1811300123414137 16.740006934369816 
-3 -7 0 2.5857057182369183 13.853349466213476 
-3 -8 0 2.585705718236582 13.853349466283676 
-3 -9 0 5.0 5.0 
-3 -10 0 5.0 5.0 
-4 -1 0 9.0 13.0 
-4 -2 0 9.0 13.000000000000002 
-4 -3 0 5.9588861852343475 15.999999999991054 
-4 -4 0 5.958886185234348 15.999999999999115 
-4 -5 0 4.047277313127957 16.740006477013768 
-4 -6 0 4.0472772875785115 16.7400069347826 
-4 -7 0 3.3251042001721 14.20060687827349 
-4 -8 0 3.3251042001721003 14.200606878273488 
-4 -9 0 5.0 5.0 
-4 -10 0 5.0 5.0 
-5 -3 0 14.0 14.0 
-5 -4 0 14.0 14.0 
-5 -5 0 8.412258549527987 15.189534020335083 
-5 -6 0 8.412258549527985 15.189534020335081 
-5 -7 0 6.14765300336303 14.20060687827349 
-5 -8 0 6.147653003363032 14.20060687827349 
-5 -9 0 5.0 5.0 
-5 -10 0 5.0 5.0 
