2 2 0 3.7856802566224634 8.0 
3 2 0 8.0 8.0 
2 1 0 3.785680256622467 7.999999999999999 
3 1 0 8.0 8.0 
2 0 0 4.1830177109955935 15.236067977499788 
3 0 0 10.76393202250021 15.23606797749979 
2 -1 0 4.1830177109923 15.236067946374526 
3 -1 0 10.76393202250021 15.23606797749979 
2 -2 0 5.431150615218077 17.765953101563653 
3 -2 0 17.0 17.0 
2 -3 0 5.431150615217994 17.765953100761813 
3 -3 0 17.0 17.0 
1 2 0 1.7856802566224648 8.000000000000002 
1 1 0 1.785680256622466 8.0 
1 0 0 1.7636322542861378 15.169952767968322 
1 -1 0 1.763632254277986 15.169952745662364 
1 -2 0 1.959222688209526 17.765953091996106 
1 -3 0 1.9592226901521683 17.76595305283136 
1 -4 0 2.6343888433405094 16.872240402726202 
2 -4 0 8.233564516147297 15.000000000000002 
1 -5 0 2.6343888433405147 16.872240516418312 
2 -5 0 8.233564516147293 15.000000000000002 
0 2 1 1.7856802566224617 7.675130870566646 
0 1 1 1.7856802566224654 7.675130870566649 
0 0 2 0.41363568083232877 13.892270052536977 
0 -1 2 0.5413671272912519 13.892270052633037 
0 -2 1 0.17168640417928424 17.18095636649768 
0 -3 1 0.17168640417928194 17.18095638697311 
0 -4 0 0.18896340777690876 17.622458454582205 
0 -5 0 0.18896340777643944 17.62245891211367 
0 -6 0 0.8373134824381664 14.872803793308973 
1 -6 0 4.233564516147297 13.000000000000002 
0 -7 0 0.837313482440619 14.872803673176907 
1 -7 0 4.233564516147296 13.0 
-1 2 0 1.9999999999999991 7.000000000000002 
-1 1 0 2.0000000000000004 7.0 
-1 0 0 0.41363568083852537 12.422826934627667 
-1 -1 0 0.41363568102286546 12.42282693119567 
-1 -2 0 0.17168640420520823 16.05025676476716 
-1 -3 0 0.17168640418396447 16.05025682219565 
-1 -4 0 0.1889634077876219 17.622455449328644 
-1 -5 0 0.18896340779109408 17.622458766740547 
-1 -6 0 0.5575678768701993 16.358948078864906 
-1 -7 0 0.5575678768315225 16.358948360016765 
-1 -8 0 1.5092672655146813 12.786996325556288 
0 -8 0 2.252104369173653 11.170086485887635 
-1 -9 0 1.5092672642315477 12.786995661450025 
0 -9 0 2.2521043691736558 11.170086485407719 
-2 2 0 4.000000000000001 6.0 
-2 1 0 4.000000000000001 6.0 
-2 0 0 1.978548058470425 10.667580707803289 
-2 -1 0 1.978548058514246 10.667580703288412 
-2 -2 0 0.556274118317461 14.776402012025748 
-2 -3 0 0.5562741188679726 14.776402998925137 
-2 -4 0 0.5518036965855792 17.53515318688968 
-2 -5 0 0.5518036969468222 17.53515262473864 
-2 -6 0 0.5575678768313012 17.220375276286177 
-2 -7 0 0.5575678768311991 17.220375217628728 
-2 -8 0 0.6838810646267114 14.365690853728728 
-2 -9 0 0.683881065041568 14.365690863214528 
-2 -10 0 1.630111495033569 10.300156321798994 
-1 -10 0 2.585786437626906 9.17008648662603 
-2 -11 0 1.63011149503357 10.300156325672617 
-1 -11 0 2.585786437626906 9.170086486626031 
-3 0 0 5.0 9.0 
-3 -1 0 5.0 9.000000000000002 
-3 -2 0 2.6094425240952224 13.390655467777645 
-3 -3 0 2.6094425252415845 13.39065553217757 
-3 -4 0 0.8343959677412804 16.850750734671294 
-3 -5 0 0.8343959677359557 16.850750739118716 
-3 -6 0 0.6724006368722084 17.99999997482102 
-3 -7 0 0.6724006369395437 17.999999992347217 
-3 -8 0 0.6838810647255839 15.15046895854419 
-3 -9 0 0.6838810646267002 15.150469073808566 
-3 -10 0 1.5480679755174307 11.649396456469109 
-3 -11 0 1.5480679756709128 11.649396454417571 
-3 -12 0 2.9999999999999996 5.0 
-2 -12 0 2.9999999999999996 5.0 
-3 -13 0 3.0 5.0 
-2 -13 0 3.0 5.0 
-4 -2 0 6.267949192431126 11.732050807568877 
-4 -3 0 6.267949192431123 11.732050807568877 
-4 -4 0 3.7426968496058524 14.732050040386198 
-4 -5 0 3.74269684945291 14.732050762011736 
-4 -6 0 1.7052725825430626 17.999999993326377 
-4 -7 0 1.7052725825431492 17.999999998109423 
-4 -8 0 1.2532480586972226 16.474979605835372 
-4 -9 0 1.253248058694831 16.47497960576674 
-4 -10 0 1.548067978619157 11.784384982174346 
-4 -11 0 1.5480679755103506 11.78438496644498 
-4 -12 0 2.9999999999999996 5.000000000000001 
-4 -13 0 3.0 5.000000000000001 
-5 -4 0 9.267949192431121 12.999999999999998 
-5 -5 0 9.267949192431121 13.0 
-5 -6 0 5.619491450497064 15.999999999975936 
-5 -7 0 5.619491450497066 15.999999999191182 
-5 -8 0 3.8441725372048188 16.474979385639564 
-5 -9 0 3.8441725374809663 16.474979605847572 
-5 -10 0 2.565060311024384 12.13263749347799 
-5 -11 0 2.5650603110243866 12.132637489600706 
-5 -12 0 2.9999999999999996 5.0 
-5 -13 0 3.0 5.0 
-6 -6 0 14.0 14.0 
-6 -7 0 14.0 14.0 
-6 -8 0 10.354248688935408 15.64575131106459 
-6 -9 0 10.354248688935408 15.645751311064592 
-6 -10 0 6.726927136932333 12.13263749357984 
-6 -11 0 6.726927136932333 12.13263749357984 
-6 -12 0 5.0 5.0 
-6 -13 0 5.0 5.0 
