0 -2 1 2.0000000000000004 3.0000000000000004 
1 -2 0 3.0 3.0 
0 -3 1 2.000000000000001 3.0 
1 -3 0 3.0 3.0 
0 -4 1 0.8327065752163424 13.164771202832824 
1 -4 0 3.507074660868224 13.164771202832824 
0 -5 1 0.8327065752163434 13.16477120283282 
1 -5 0 3.5070746608682253 13.16477120283282 
0 -6 0 0.49531642042914265 15.143193039193482 
1 -6 0 5.171572875253808 14.0 
0 -7 0 0.49531642039863505 15.143193039192285 
1 -7 0 5.171572875253808 14.000000000000002 
0 -8 0 1.5425356094723197 15.000000000000002 
1 -8 0 11.0 11.0 
0 -9 0 1.5425356094723217 15.000000000000007 
1 -9 0 11.0 11.0 
-1 -2 0 2.0 2.0 
-1 -3 0 2.0 2.0 
-1 -4 0 0.8327065752163415 11.847211021073504 
-1 -5 0 0.8327065752163421 11.847211021073502 
-1 -6 0 0.4953164203750763 15.143193039180519 
-1 -7 0 0.4953164203754723 15.143193033278385 
-1 -8 0 1.4708751697294173 15.749063398195984 
-1 -9 0 1.470875167592378 15.749133638131738 
-1 -10 0 2.653953931266416 12.999999999999996 
0 -10 0 5.585786437626904 9.0 
-1 -11 0 2.6539539312664138 12.999999999999995 
0 -11 0 5.585786437626904 8.999999999999998 
-2 -4 0 1.6507077049915844 9.413304684678364 
-2 -5 0 1.6507077049915828 9.413304684678359 
-2 -6 1 1.1340463790008073 14.758943926478818 
-2 -7 1 1.1340463790008084 14.758943864697049 
-2 -8 0 0.5833362516064677 15.99999997642425 
-2 -9 0 0.5833362516134345 15.99999999912055 
-2 -10 0 1.141441273759738 14.819791653812024 
-2 -11 0 1.141441273986943 14.819791624202496 
-2 -12 0 2.2370808579367965 10.933564528547103 
-1 -12 0 6.0 6.0 
-2 -13 0 2.2370808579367956 10.9335645285471 
-1 -13 0 6.0 6.0 
-3 -4 0 3.5857864376269037 6.999999999999999 
-3 -5 0 3.585786437626905 7.000000000000001 
-3 -6 0 1.1340463790030728 12.476941109163093 
-3 -7 0 1.1340463790145099 12.476941235604581 
-3 -8 0 0.4824491513741158 15.999999999876453 
-3 -9 0 0.48244915137425454 15.999999999972513 
-3 -10 1 0.8889274280995053 15.531922475906038 
-3 -11 1 0.8889274280995006 15.531922142588224 
-3 -12 0 0.6713567535894199 12.768763422448899 
-3 -13 0 0.6713567536031614 12.768763076550204 
-4 -4 0 3.585786437626906 6.414213562373095 
-4 -5 0 3.585786437626905 6.414213562373095 
-4 -6 0 1.7260219833766468 11.434023953377471 
-4 -7 0 1.7260219834281416 11.434023953377471 
-4 -8 0 0.4824491513761372 14.76308102341265 
-4 -9 0 0.48244915137454814 14.763081023682803 
-4 -10 1 0.8889274280995025 15.99999973699513 
-4 -11 1 0.8889274280997005 15.999999733602303 
-4 -12 1 0.6713567535894224 13.999381349083125 
-4 -13 1 0.67135675358942 13.999381348239718 
-4 -14 0 0.5559069893796214 10.266810415608841 
-3 -14 0 1.6746724142614238 8.595383480116084 
-4 -15 0 0.5559069893796232 10.266810415608703 
-3 -15 0 1.6746724142614262 8.59538348011608 
-5 -6 0 4.2907246405630755 9.761557181831892 
-5 -7 0 4.290724640563079 9.761557181831888 
-5 -8 0 2.4766618510457374 12.810204949369506 
-5 -9 0 2.476661851779454 12.81020554203916 
-5 -10 0 1.2872493648047414 15.999999999995634 
-5 -11 0 1.287249365274838 15.999999999957458 
-5 -12 0 0.8095763563832616 14.828378820713807 
-5 -13 0 0.8095763575670671 14.828378795525847 
-5 -14 0 0.5559069893796427 11.62079335961795 
-5 -15 0 0.555906989379624 11.620793365797079 
-5 -16 0 1.5857864376269044 5.000000000000002 
-4 -16 0 1.5857864376269044 4.414213562373095 
-5 -17 0 1.585786437626905 5.000000000000001 
-4 -17 0 1.5857864376269049 4.414213562373095 
-6 -8 0 5.69410247066657 11.785667011198 
-6 -9 0 5.694102470666571 11.785667011198003 
-6 -10 0 3.8617962960725745 13.919802752254714 
-6 -11 0 3.861796296072574 13.91980275236647 
-6 -12 0 2.58144964613989 14.828343608732919 
-6 -13 0 2.581449644931768 14.828378819654619 
-6 -14 0 1.9300789058721668 12.449489742783175 
-6 -15 0 1.9300789058721688 12.44948974278318 
-6 -16 0 1.5857864376269049 5.000000000000001 
-6 -17 0 1.5857864376269046 5.000000000000001 
-7 -10 0 13.0 13.0 
-7 -11 0 13.0 13.0 
-7 -12 0 7.683375209644599 14.316624790355398 
-7 -13 0 7.683375209644599 14.3166247903554 
-7 -14 0 6.000000000000001 12.449489742783179 
-7 -15 0 6.0 12.449489742783175 
-7 -16 0 5.0 5.0 
-7 -17 0 5.0 5.0 
