4 10 0 4.0 4.0 
5 10 0 4.0 4.0 
4 9 0 4.0 4.0 
5 9 0 4.0 4.0 
4 8 0 2.632075722756607 10.460625560049154 
5 8 0 4.901232541314113 10.460625575215769 
4 7 0 2.63207572275824 10.460625490112285 
5 7 0 4.901232541314112 10.460625575215767 
4 6 0 3.114554711214806 14.957957771691975 
5 6 0 6.205855737404044 14.957957772088818 
4 5 0 3.114554714097378 14.95795776592214 
5 5 0 6.20585573740404 14.957957772088822 
4 4 0 4.082762186393246 17.539520803225376 
5 4 0 8.11499279622547 16.677059960016827 
4 3 0 4.0827621855784075 17.539520813461987 
5 3 0 8.114992796225469 16.67705996001682 
4 2 0 5.764387634789323 17.464681593221794 
5 2 0 10.407751898531501 15.657716849373204 
4 1 0 5.764387634783441 17.46468092450604 
5 1 0 10.4077518985315 15.6577168493732 
4 0 0 8.31487408400761 15.999999999968082 
5 0 0 14.0 14.0 
4 -1 0 8.314874084007615 15.999999999980766 
5 -1 0 14.0 14.0 
3 10 0 4.0 4.0 
3 9 0 4.0 4.0 
3 8 0 1.9968391939324084 10.412246691008832 
3 7 0 1.9968391942893748 10.412246462758672 
3 6 0 1.522644280014662 14.929183872378069 
3 5 0 1.5226442820154409 14.92918384677975 
3 4 0 1.8954326053190107 17.53952081203513 
3 3 0 1.8954326127528907 17.539520806551405 
3 2 0 3.060411576349037 18.380025921612386 
3 1 0 3.0604115810053933 18.380025925257826 
3 0 0 4.502689730469749 17.027215192978144 
3 -1 0 4.502689730411683 17.027215942589056 
3 -2 0 6.172791762161468 14.087315043514316 
4 -2 0 11.0 13.0 
3 -3 0 6.172791737895347 14.087315100665208 
4 -3 0 11.000000000000002 13.0 
2 10 0 4.0 4.0 
2 9 0 4.0 4.0 
2 8 0 1.9976481771531573 10.213426961497937 
2 7 0 1.9968392040486131 10.213426961630345 
2 6 0 0.8308341992171456 14.321397241587633 
2 5 0 0.8308341992170521 14.32139732015975 
2 4 0 0.7330627962130625 17.52314583929428 
2 3 0 0.7330627962345531 17.523146445040584 
2 2 0 0.8688223917678571 19.13783656754381 
2 1 0 0.8688223916064388 19.137836866635087 
2 0 0 1.5627236610096458 18.999999764048 
2 -1 0 1.5627236613695221 18.999999727419265 
2 -2 0 3.207377932461744 15.999999956626018 
2 -3 0 3.2073779401905305 15.999999951096127 
2 -4 0 5.150685452419589 12.793251047064604 
3 -4 0 8.999999999999998 11.000000000000002 
2 -5 0 5.150685452420885 12.793251034512723 
3 -5 0 9.0 11.0 
1 10 0 4.0 4.0 
1 9 0 4.0 4.0 
1 8 0 1.9976486288044237 9.0208878517643 
1 7 0 1.9976486288044204 9.020887851764112 
1 6 0 0.8308341992398771 13.165873891153957 
1 5 0 0.8308341992183101 13.1658738913814 
1 4 0 0.3149553307534179 16.21599629746625 
1 3 0 0.3149553306613718 16.21599609060497 
1 2 0 0.29719914202656494 19.13783700517333 
1 1 0 0.29719914202580167 19.13783701191929 
1 0 0 0.4070058261620404 19.710616842806147 
1 -1 0 0.40700582616210523 19.710617047483435 
1 -2 0 1.253680770935297 16.708400439660455 
1 -3 0 1.253680771431087 16.708400399003146 
1 -4 0 2.275684212062047 13.738958638145318 
1 -5 0 2.2756842120664924 13.738958391576704 
1 -6 0 3.929219475038379 10.150667502941477 
2 -6 0 7.000000000000001 9.0 
1 -7 0 3.9292194750383764 10.150667502941468 
2 -7 0 7.0 9.0 
0 8 0 4.267949192431123 7.732050807568877 
0 7 0 4.267949192431122 7.732050807568877 
0 6 0 2.2817597062435073 11.94141746728864 
0 5 0 2.281759706230711 11.941417467780065 
0 4 0 0.31495533065728465 15.22422069938644 
0 3 0 0.31495533065985093 15.224220695752813 
0 2 1 0.2971991420254563 18.239604589376782 
0 1 1 0.29719914202545616 18.239604552755054 
0 0 2 0.4804339404437586 19.710617037094025 
0 -1 2 0.48043394044375637 19.71061642002233 
0 -2 1 0.4020087019524157 18.25857001428543 
0 -3 1 0.4020087019524099 18.258569948071283 
0 -4 0 0.9027602398443052 15.06930278060073 
0 -5 0 0.9027602398950848 15.069302822691863 
0 -6 0 2.9725275701220393 11.43497783902006 
0 -7 0 2.9725275554253625 11.434977438416162 
0 -8 0 6.0 6.0 
1 -8 0 6.0 6.0 
0 -9 0 6.0 6.0 
1 -9 0 6.0 6.0 
-1 6 0 4.778292473175887 10.54924145608796 
-1 5 0 4.7782924731758865 10.549241456087966 
-1 4 0 2.6155316255763608 13.930244229534093 
-1 3 0 2.6155316255757994 13.930244207595758 
-1 2 0 0.7048310331977046 16.938773111491578 
-1 1 0 0.7048310332015365 16.938773080932968 
-1 0 0 0.4804339404438587 19.554764800290425 
-1 -1 0 0.4804339410227232 19.554763722030344 
-1 -2 0 0.40200870195498484 19.161773613751127 
-1 -3 0 0.4020087019527716 19.16177377480792 
-1 -4 0 0.9027602398339182 16.03224093401257 
-1 -5 0 0.9027602398349461 16.032241880505165 
-1 -6 0 2.9341582632092478 13.022336884583945 
-1 -7 0 2.934158252220408 13.022336899843324 
-1 -8 0 5.999999999999999 6.0 
-1 -9 0 5.999999999999999 6.0 
-2 4 0 5.792596624257837 12.549241456087968 
-2 3 0 5.792596624257838 12.549241456087964 
-2 2 0 3.3808370054052066 15.770365962301732 
-2 1 0 3.3808369841892043 15.770365961041605 
-2 0 0 1.5819922821001606 18.833436748842317 
-2 -1 0 1.581992282091308 18.833436245432083 
-2 -2 0 1.1193707405488256 19.999999881184454 
-2 -3 0 1.1193707405487103 19.99999999708584 
-2 -4 0 1.1423006782519487 17.322069037837952 
-2 -5 0 1.142300678664527 17.322066529010083 
-2 -6 0 2.8662859076953193 14.03357149412618 
-2 -7 0 2.866285906072072 14.033571403558575 
-2 -8 0 6.0 6.0 
-2 -9 0 5.999999999999999 6.000000000000001 
-3 2 0 7.792596624257834 14.000000000000005 
-3 1 0 7.792596624257834 14.000000000000002 
-3 0 0 4.818224802727702 16.99999999830678 
-3 -1 0 4.818224761654188 16.99999999808056 
-3 -2 0 2.937408968844015 19.999999978501 
-3 -3 0 2.9374089688645477 19.999999999960423 
-3 -4 0 2.0918338583057325 18.61749417123613 
-3 -5 0 2.0918338583087173 18.61749416448482 
-3 -6 0 2.866285904067236 15.756369276075105 
-3 -7 0 2.8662859044526083 15.756369275561374 
-3 -8 0 5.999999999999999 6.000000000000001 
-3 -9 0 5.999999999999999 6.000000000000001 
-4 0 0 9.999999999999998 15.000000000000002 
-4 -1 0 10.000000000000002 15.0 
-4 -2 0 6.8662589089559125 17.999999994786776 
-4 -3 0 6.8662589089558415 17.99999999048936 
-4 -4 0 4.722415640111541 18.61749418261452 
-4 -5 0 4.722415651980312 18.617494179289462 
-4 -6 0 3.5000900164119537 16.062496244663922 
-4 -7 0 3.5000900164119506 16.062496244663926 
-4 -8 0 6.0 6.0 
-4 -9 0 6.0 6.0 
-5 -2 0 16.0 16.0 
-5 -3 0 16.0 16.0 
-5 -4 0 9.627718676730986 17.0 
-5 -5 0 9.627718676730984 17.0 
-5 -6 0 7.26369818663391 16.062496244663915 
-5 -7 0 7.263698186633912 16.062496244663915 
-5 -8 0 6.0 6.0 
-5 -9 0 6.0 6.0 
