5 11 0 3.999999999999999 6.000000000000001 
6 11 0 6.0 6.0 
5 10 0 4.000000000000001 6.000000000000001 
6 10 0 6.0 6.0 
5 9 0 3.7464887352189793 15.302186817874324 
6 9 0 7.245594292054085 15.302186817874352 
5 8 0 3.7464887352189917 15.302186817873505 
6 8 0 7.245594292054084 15.302186817874349 
5 7 0 4.893503992455752 18.541774368651094 
6 7 0 10.241229516856368 17.064177772475915 
5 6 0 4.893503998729475 18.541774368658448 
6 6 0 10.241229516856365 17.064177772475908 
5 5 0 6.643063216055194 17.999999997930264 
6 5 0 16.0 16.0 
5 4 0 6.643063216055194 17.999999991608295 
6 4 0 16.0 16.0 
4 11 0 3.9999999999999996 6.000000000000001 
4 10 0 3.999999999999999 6.000000000000001 
4 9 0 2.1858887071051756 14.877432151132993 
4 8 0 2.1858887111302097 14.87743218541672 
4 7 0 2.1376456937857 18.541774368320276 
4 6 0 2.1376456931767596 18.541774368065674 
4 5 0 2.982662450683919 19.99999994697289 
4 4 0 2.982662450634808 19.99999998672 
4 3 0 4.817130623716228 16.99999997154986 
5 3 0 10.438447187191171 15.000000000000002 
4 2 0 4.817130623716263 16.999999995694385 
5 2 0 10.438447187191173 15.000000000000002 
3 11 0 3.9999999999999987 6.000000000000002 
3 10 0 3.9999999999999996 6.000000000000001 
3 9 0 2.185888712063186 14.842106301307293 
3 8 0 2.1858887090505315 14.842106300885005 
3 7 0 0.5589389720451893 17.056723215068892 
3 6 0 0.5589389720367267 17.05672321403313 
3 5 0 1.0964956148123193 19.99999986623356 
3 4 0 1.0964956153138026 19.999999957229278 
3 3 0 1.379961461067845 17.829452508675985 
3 2 0 1.3799614610679516 17.829447621695422 
3 1 0 3.3226151291992023 14.944080985939202 
4 1 0 7.438447187191168 14.0 
3 0 0 3.3226151291990313 14.944079865149291 
4 0 0 7.43844718719117 14.000000000000004 
2 11 0 3.9999999999999996 6.0 
2 10 0 3.9999999999999996 6.0 
2 9 0 2.224153517999704 12.848777739882765 
2 8 0 2.224153528654824 12.848777739946321 
2 7 0 0.5589389720739003 16.335951433497108 
2 6 0 0.5589389720412181 16.335951434658448 
2 5 0 0.29530395482113536 19.28819994174339 
2 4 0 0.29530395482125904 19.28819993597865 
2 3 0 0.3229496872276018 19.99999987106925 
2 2 0 0.32294968729771506 19.999999573944933 
2 1 0 0.9241410378118066 16.69849511060109 
2 0 0 0.9241410375185579 16.698495634635957 
2 -1 0 2.5407265610562293 13.030945680497107 
3 -1 0 5.65707691722283 12.0 
2 -2 0 2.540726561386769 13.030945400746784 
3 -2 0 5.657076917222829 12.0 
1 11 0 4.0 6.0 
1 10 0 4.000000000000001 6.000000000000001 
1 9 0 2.341377628727906 11.771659969843034 
1 8 0 2.341377628727915 11.771659969857607 
1 7 0 0.7191118101360654 15.157860834734395 
1 6 0 0.7191118101138204 15.157860646998456 
1 5 0 0.29530395489198563 17.456442349153818 
1 4 0 0.29530395486872896 17.45644535905673 
1 3 0 0.20853053683392966 19.999999860946268 
1 2 0 0.20853053683888226 19.999999957945736 
1 1 0 0.27119199966525775 17.505047109217188 
1 0 0 0.27119199965671 17.50504628358187 
1 -1 0 0.8704536487535257 14.513686948072234 
1 -2 0 0.8704536481228888 14.513724921951372 
1 -3 0 2.1524317628527982 10.525969483762047 
2 -3 0 4.657076917222832 9.000000000000002 
1 -4 0 2.1524317626395066 10.52596948095598 
2 -4 0 4.65707691722283 9.0 
0 9 0 4.52330881445004 10.39907816518117 
0 8 0 4.523308814450037 10.399078165181175 
0 7 0 2.620596087581684 13.754507236753769 
0 6 0 2.6205960911326533 13.754507169092983 
0 5 0 0.7482528901606871 16.774963848394545 
0 4 0 0.748252890160325 16.774964567375825 
0 3 0 0.20853053691521772 19.91646050090684 
0 2 0 0.20853053683391795 19.916460834235703 
0 1 1 0.2711919996553774 19.197778186706927 
0 0 1 0.27119199965537655 19.197777648463184 
0 -1 1 0.8704536479469616 15.969995236599862 
0 -2 1 0.8704536479470352 15.969995247864116 
0 -3 0 1.859908422558922 12.056658118397706 
0 -4 0 1.8599084226972542 12.056657745456272 
0 -5 0 3.9999999999999987 6.0 
1 -5 0 3.999999999999999 6.0 
0 -6 0 3.999999999999999 6.0 
1 -6 0 3.9999999999999996 6.0 
-1 7 0 5.560466694658008 12.536908388363587 
-1 6 0 5.56046669465801 12.536908388363587 
-1 5 0 3.524734038878533 15.579775174302949 
-1 4 0 3.524734038828824 15.57977530221804 
-1 3 0 1.7646247471575862 17.809095856999548 
-1 2 0 1.7646247482431752 17.806084781362674 
-1 1 0 1.2331989670280532 19.999999999119805 
-1 0 0 1.2331989670375332 19.99999993824027 
-1 -1 0 0.9726422017361722 17.15720176434715 
-1 -2 0 0.972642201737084 17.15720261678821 
-1 -3 0 1.859908422578697 13.907159971171133 
-1 -4 0 1.8599084230180944 13.90715997112858 
-1 -5 0 4.0 6.000000000000001 
-1 -6 0 3.9999999999999996 6.000000000000001 
-2 5 0 6.777753823758826 13.999999999999998 
-2 4 0 6.777753823758831 14.000000000000002 
-2 3 0 4.779228106904833 16.999999989264772 
-2 2 0 4.779228081644123 16.999999981282194 
-2 1 0 2.9087616572791206 19.99999999935951 
-2 0 0 2.9087616569085424 19.99999999759782 
-2 -1 0 2.364211399868054 18.80624833153523 
-2 -2 0 2.3642113994067318 18.806248330224168 
-2 -3 0 2.0656381156258643 15.012080503559861 
-2 -4 0 2.065638115382108 15.012080503559787 
-2 -5 0 3.999999999999998 6.0 
-2 -6 0 3.9999999999999996 6.000000000000001 
-3 3 0 8.627718676730986 15.000000000000002 
-3 2 0 8.627718676730987 15.000000000000002 
-3 1 0 6.592437133193591 17.999999944332316 
-3 0 0 6.592437133279605 17.99999999460855 
-3 -1 0 4.83710048438342 18.80624827074987 
-3 -2 0 4.837100484383548 18.8062482171642 
-3 -3 0 3.848968183409216 16.898979485566354 
-3 -4 0 3.8489681834076044 16.89897948556636 
-3 -5 0 4.0 6.0 
-3 -6 0 4.000000000000001 6.0 
-4 1 0 16.0 16.0 
-4 0 0 16.0 16.0 
-4 -1 0 8.876894374382339 17.12310562561766 
-4 -2 0 8.87689437438234 17.12310562561766 
-4 -3 0 7.101020514433646 16.898979485566358 
-4 -4 0 7.101020514433644 16.898979485566358 
-4 -5 0 6.0 6.0 
-4 -6 0 6.0 6.0 
