3 7 0 1.0 5.0 
4 7 0 5.0 5.0 
3 6 0 1.0 5.0 
4 6 0 5.0 5.0 
3 5 0 1.6423998714077161 13.937670460141698 
4 5 0 6.372838824554132 13.937670460141694 
3 4 0 1.642399871407714 13.937670460141701 
4 4 0 6.3728388245541305 13.937670460141696 
3 3 0 2.7698260324551147 16.75741921515494 
4 3 0 8.23042940375779 15.69167773510225 
3 2 0 2.7698260324551196 16.757419215118095 
4 2 0 8.230429403757794 15.691677735102251 
3 1 0 4.487430177878152 15.999999990926705 
4 1 0 14.0 14.0 
3 0 0 4.4874301778781565 15.999999999991758 
4 0 0 14.0 14.0 
2 7 0 0.9999999999999999 5.0 
2 6 0 1.0 5.0 
2 5 1 1.239715745923853 12.484776655707261 
2 4 1 1.239715745923855 12.484776655678534 
2 3 0 0.48640902623312743 16.757419215154975 
2 2 0 0.4864090261268528 16.757418784116282 
2 1 0 1.2494593254193762 17.99999999997292 
2 0 0 1.2494593254188127 17.99999999958399 
2 -1 0 2.785924014842147 14.830904566933567 
3 -1 0 6.572121127629257 12.803542495682594 
2 -2 0 2.7859240151209765 14.830904473739434 
3 -2 0 6.5721211276292575 12.803542495682596 
1 7 0 3.9999999999999996 4.0 
1 6 0 3.9999999999999996 4.0 
1 5 0 1.2397157459243684 11.492626826458809 
1 4 0 1.2397157459238792 11.49262677978098 
1 3 0 0.4864090261374856 15.390840363853075 
1 2 0 0.48640902615406256 15.390840993426622 
1 1 1 1.066430442950031 17.99999998509998 
1 0 1 1.0664304419778932 17.999999991330398 
1 -1 0 1.2005065866271356 15.99999986578988 
1 -2 0 1.200506586667127 15.999999723785452 
1 -3 0 2.8478839485583336 12.999999999940442 
2 -3 0 5.0498336621964945 11.000000000000002 
1 -4 0 2.8478839484876066 12.999998689829415 
2 -4 0 5.0498336621964945 11.0 
0 7 0 4.0 4.0 
0 6 0 4.0 4.0 
0 5 0 2.099981394626766 10.779817395211769 
0 4 0 2.0999813946267674 10.779817395211767 
0 3 0 0.7557218019311296 14.296171766990096 
0 2 0 0.7557218020085755 14.296171770416384 
0 1 2 0.8421156263985399 17.707707815829302 
0 0 2 0.8421156263985338 17.70770096722085 
0 -1 2 1.1852517689289237 17.749824911106742 
0 -2 2 1.1852517689289244 17.74982222570847 
0 -3 0 0.7975921345483922 14.813427061777634 
0 -4 0 0.7975921345428609 14.813427048134072 
0 -5 0 2.4231723473740403 11.573907999656683 
1 -5 0 5.381966011250105 8.618033988749895 
0 -6 0 2.4231723473740385 11.573907999656697 
1 -6 0 5.381966011250104 8.618033988749895 
-1 5 0 4.459215461326636 9.281394239592146 
-1 4 0 4.459215461326637 9.281394239592148 
-1 3 0 2.5961464523600073 13.514193440766384 
-1 2 0 2.5961464520558217 13.51419344139652 
-1 1 0 0.8421156265492881 15.999999980128454 
-1 0 0 0.8421156264880693 15.999999593343336 
-1 -1 1 0.7007414254667329 17.999999950698232 
-1 -2 1 0.7007414254667355 17.99999997598495 
-1 -3 0 0.6264274988621937 15.705834131416877 
-1 -4 0 0.6264274988602765 15.70583410615205 
-1 -5 0 1.5217088390263487 12.582247754813677 
-1 -6 0 1.5217088377543806 12.582247797704415 
-1 -7 0 3.3330998749591463 8.621425030493736 
0 -7 0 5.0 5.0 
-1 -8 0 3.333099874959149 8.621425030493734 
0 -8 0 5.0 5.0 
-2 5 0 6.0 6.0 
-2 4 0 6.0 6.0 
-2 3 0 3.5912092204854127 11.76076297603693 
-2 2 0 3.5912092204853865 11.760762976036924 
-2 1 0 2.034050311969516 14.7479882823932 
-2 0 0 2.034050311994584 14.747988305641224 
-2 -1 0 0.7007414254985194 17.999999983085935 
-2 -2 0 0.7007414255128804 17.999999997880117 
-2 -3 1 0.6264274988596252 16.959519659471194 
-2 -4 1 0.6264274988596263 16.959519885406536 
-2 -5 1 0.49993588378430925 13.985372533287423 
-2 -6 1 0.4999358837843115 13.985372476780533 
-2 -7 0 1.1330763922526608 9.623628982794454 
-2 -8 0 1.1330763920652747 9.623628982873669 
-3 3 0 5.585786437626906 8.999999999999998 
-3 2 0 5.585786437626904 9.0 
-3 1 0 3.6738361584220285 13.795850639193752 
-3 0 0 3.6738361621279747 13.795850564302517 
-3 -1 0 2.0999309776381705 15.909445705185545 
-3 -2 0 2.0999309802353183 15.909445050498052 
-3 -3 0 1.102740876253279 16.95951936941352 
-3 -4 0 1.1027408783355979 16.959519807192162 
-3 -5 0 0.4999358837843884 14.66762293207215 
-3 -6 0 0.49993588378447307 14.667622861620686 
-3 -7 1 1.1330763920491966 11.033235021017035 
-3 -8 1 1.133076392049199 11.033235021042007 
-3 -9 0 0.9999999999999997 3.999999999999999 
-2 -9 0 3.0 3.0 
-3 -10 0 1.0000000000000002 3.9999999999999996 
-2 -10 0 3.0 3.0 
-4 1 0 7.585786437626904 11.0 
-4 0 0 7.585786437626905 11.000000000000002 
-4 -1 0 4.65957332532921 14.999999985449707 
-4 -2 0 4.65957332532921 14.999999999126402 
-4 -3 0 2.8748334134333127 16.27824127307654 
-4 -4 0 2.8748334134333113 16.278241273072734 
-4 -5 0 1.9400219961770488 14.66762293208081 
-4 -6 0 1.9400219961770517 14.667622932082288 
-4 -7 0 1.4180571741660215 11.456827436455567 
-4 -8 0 1.4180571741716685 11.45682743645557 
-4 -9 0 1.0000000000000004 4.0 
-4 -10 0 0.9999999999999998 4.0 
-5 -1 0 13.0 13.0 
-5 -2 0 13.0 13.0 
-5 -3 0 8.484783448011447 14.673493689122859 
-5 -4 0 8.484783448011447 14.67349368912286 
-5 -5 0 6.034514864639181 14.442056520337044 
-5 -6 0 6.034514864639184 14.442056520337038 
-5 -7 0 4.5602322135958255 11.456827436455566 
-5 -8 0 4.560232213595826 11.456827436455562 
-5 -9 0 4.0 4.0 
-5 -10 0 4.0 4.0 
