3 11 1 1.9999999999999998 1.9999999999999998 
4 11 0 2.0 2.0 
3 10 1 2.0 2.0 
4 10 0 2.0 2.0 
3 9 1 0.4419899577561256 7.895106515927531 
4 9 0 2.7075984147753798 7.895106515927532 
3 8 1 0.44198995775612565 7.895106515927531 
4 8 0 2.7075984147753798 7.895106515927531 
3 7 0 0.5487764637305643 10.271351398451154 
4 7 0 3.6972243622680048 9.751532071547532 
3 6 0 0.5487764637307244 10.271351398451152 
4 6 0 3.697224362268007 9.751532071547528 
3 5 0 1.5329371992345984 10.518325431370958 
4 5 0 5.133801737490979 9.655442381549829 
3 4 0 1.5329371992573122 10.518325431375793 
4 4 0 5.133801737490978 9.65544238154983 
3 3 0 2.6277186767309857 8.898548226072638 
4 3 0 8.0 8.0 
3 2 0 2.6277186767309857 8.89854822607264 
4 2 0 8.0 8.0 
2 9 0 0.4419899577561253 6.588268332037611 
2 8 0 0.44198995775612554 6.588268332037613 
2 7 1 0.548776463730542 10.271351398291928 
2 6 1 0.5487764637305412 10.271351398451051 
2 5 1 0.9890620345619658 11.48405601725181 
2 4 1 0.9890620345619933 11.484056017254721 
2 3 0 0.9657413171486222 10.999999999777948 
2 2 0 0.9657413172298465 10.999999999946528 
2 1 0 3.999999999999999 6.0 
3 1 0 4.000000000000001 6.0 
2 0 0 3.999999999999999 6.0 
3 0 0 4.000000000000001 6.0 
1 7 0 1.5469138613687343 8.835089500536307 
1 6 0 1.546913861368731 8.83508950053631 
1 5 0 0.9890620345923586 11.484056017253398 
1 4 0 0.989062034572889 11.484056017255625 
1 3 0 0.9657413172052658 11.679304530078145 
1 2 0 0.965741317145644 11.679304776395544 
1 1 0 3.35424868893541 9.0 
1 0 0 3.3542486889354093 9.000000000000004 
0 7 0 3.0 5.0 
0 6 0 3.0 5.0 
0 5 1 1.4258470241248387 10.854101966249685 
0 4 1 1.425847024124831 10.854101966249686 
0 3 2 1.2480937264576297 11.999999578276174 
0 2 2 1.2480937264576286 11.999999664826534 
0 1 1 0.8085993979847004 10.187622078552568 
0 0 1 0.8085993979847018 10.187622078552566 
-1 5 0 4.267949192431122 7.732050807568878 
-1 4 0 4.267949192431123 7.732050807568878 
-1 3 0 1.2480937264576282 12.000000000000002 
-1 2 0 1.2480937264576275 12.0 
-1 1 0 0.8085993979847009 10.854101966249683 
-1 0 0 0.8085993979847008 10.854101966249681 
-1 -1 0 1.0000000000000004 3.0 
0 -1 0 0.9999999999999999 3.0 
-1 -2 0 1.0 3.0 
0 -2 0 0.9999999999999997 3.0 
-2 3 0 9.0 9.0 
-2 2 0 9.0 9.0 
-2 1 0 4.145898033750316 10.854101966249683 
-2 0 0 4.145898033750314 10.854101966249685 
-2 -1 0 3.0 3.0 
-2 -2 0 3.0 3.0 
