-1 -1 0 0.4071376319485464 4.825955014888478 
0 -1 1 0.4071376319485463 4.825955014888476 
-1 -2 0 0.40713763194854635 4.825955014888475 
0 -2 1 0.4071376319485465 4.825955014888477 
-1 -3 0 0.28899508785132705 7.791208890983228 
0 -3 0 0.28899508785132755 7.791208890983226 
-1 -4 0 0.288995087851328 7.791208890983228 
0 -4 0 0.28899508785132705 7.791208890983229 
-1 -5 0 0.8709776175910349 8.984928884346806 
0 -5 0 1.165130795288399 8.485995595515085 
-1 -6 0 0.8709776175872724 8.984928321010342 
0 -6 0 1.1651307952884 8.485995595515089 
-1 -7 0 2.386355397205477 8.495507656604925 
0 -7 0 2.697224362268005 7.302775637731994 
-1 -8 0 2.3863553972054756 8.495507656604923 
0 -8 0 2.697224362268005 7.302775637731997 
-1 -9 0 5.0 7.0 
0 -9 0 5.0 5.0 
-1 -10 0 5.0 7.0 
0 -10 0 5.0 5.0 
-2 -1 0 2.0 2.0 
-2 -2 0 2.0 2.0 
-2 -3 1 1.3136982435566518 7.759262035628819 
-2 -4 1 1.3136982435566538 7.759262035628818 
-2 -5 1 0.4796683362952208 8.999999981389285 
-2 -6 1 0.4796683362952203 8.999988803559786 
-2 -7 0 0.3311103629602021 9.161711916485736 
-2 -8 0 0.33111036295499724 9.161711819552181 
-2 -9 0 1.3284197610946533 7.588181949319447 
-2 -10 0 1.3284197610946555 7.588181949319446 
-3 -3 0 2.5857864376269055 5.414213562373096 
-3 -4 0 2.5857864376269046 5.414213562373095 
-3 -5 0 0.4796683362952195 9.000000000000002 
-3 -6 0 0.4796683362952247 9.000000000000004 
-3 -7 0 0.3311103629556152 9.999999991558587 
-3 -8 0 0.3311103629678081 9.999999998909143 
-3 -9 0 1.077623880956919 8.276458258068043 
-3 -10 0 1.077623880956921 8.276458258068047 
-3 -11 0 3.0 3.0 
-2 -11 0 3.0 3.0 
-3 -12 0 3.0 3.0 
-2 -12 0 3.0 3.0 
-4 -5 0 3.9999999999999996 7.0 
-4 -6 0 4.0 7.000000000000001 
-4 -7 0 1.6211660181400056 10.0 
-4 -8 0 1.6211660181399998 10.0 
-4 -9 0 1.0776238809569216 9.000000000000005 
-4 -10 0 1.0776238809569194 9.0 
-4 -11 0 2.9999999999999996 3.0000000000000004 
-4 -12 0 3.0 3.0 
-5 -7 0 8.0 8.0 
-5 -8 0 8.0 8.0 
-5 -9 0 4.000000000000001 9.0 
-5 -10 0 4.000000000000001 9.0 
-5 -11 0 3.0 3.0 
-5 -12 0 3.0 3.0 
