3 7 0 1.1863934973516692 6.000000000000002 
4 7 0 6.0 6.0 
3 6 0 1.1863934973516692 5.999999999999998 
4 6 0 6.0 6.0 
3 5 0 2.1913003669629916 12.0 
4 5 0 12.0 12.0 
3 4 0 2.191300366962993 11.999999999999998 
4 4 0 12.0 12.0 
2 7 0 1.1863934973516699 5.342923082777171 
2 6 0 1.1863934973516685 5.342923082777169 
2 5 0 0.6821956985552043 11.430103055956302 
2 4 0 0.6821956985552037 11.430103027844273 
2 3 0 0.783404821530674 11.999999999999725 
3 3 0 2.8899079289771845 10.0 
2 2 0 0.7834048214199493 11.99999999999994 
3 2 0 2.889907928977186 10.0 
1 7 0 1.3819660112501047 4.618033988749897 
1 6 0 1.3819660112501049 4.618033988749895 
1 5 0 0.6821956985552042 9.581745904551859 
1 4 0 0.682195698555204 9.581745904675973 
1 3 0 0.33412834739241387 11.999999999983983 
1 2 0 0.33412834738162955 11.999999260833935 
1 1 0 0.5780088169688556 9.59158783108597 
2 1 0 2.082714006906467 7.8380922341647 
1 0 0 0.5780088169688535 9.591587834559247 
2 0 0 2.0827140069064676 7.838092234164698 
0 5 0 0.9409559399224489 7.6075765596754525 
0 4 0 0.940955939922449 7.60757655967545 
0 3 0 0.33412834738162983 11.8881443385021 
0 2 0 0.33412834738162933 11.888144338502695 
0 1 1 0.578008816968854 11.013707124287704 
0 0 1 0.5780088169688541 11.013707124596491 
0 -1 1 1.3819660112501049 5.732050807568878 
1 -1 0 1.3819660112501044 4.618033988749895 
0 -2 1 1.381966011250103 5.7320508075688785 
1 -2 0 1.3819660112501053 4.618033988749895 
-1 3 0 3.2984378812835757 10.0 
-1 2 0 3.2984378812835757 9.999999999999998 
-1 1 0 2.0819675081350746 11.999999999999998 
-1 0 0 2.081967508135078 12.000000000000005 
-1 -1 0 2.2679491924311233 5.999999999999999 
-1 -2 0 2.267949192431121 6.000000000000001 
-2 1 0 12.0 12.0 
-2 0 0 12.0 12.0 
-2 -1 0 6.0 6.0 
-2 -2 0 6.0 6.0 
