5 11 0 3.999999999999999 7.000000000000001 
6 11 0 7.0 7.0 
5 10 0 3.999999999999999 7.000000000000001 
6 10 0 7.0 7.0 
5 9 0 4.6050043498672215 15.701562118715586 
6 9 0 9.298437881283576 15.701562118716424 
5 8 0 4.6050043498879845 15.70156211871569 
6 8 0 9.298437881283574 15.701562118716424 
5 7 0 5.529413319583606 17.9999999999984 
6 7 0 16.0 16.0 
5 6 0 5.529413319583597 17.99999999997061 
6 6 0 16.0 16.0 
4 11 0 3.999999999999995 7.000000000000002 
4 10 0 3.9999999999999996 7.000000000000002 
4 9 0 1.6656069091012782 15.298624558339668 
4 8 0 1.6656069128585727 15.298624558339336 
4 7 0 2.4047722342419386 17.999999985650238 
4 6 0 2.4047722342447684 17.999999993533155 
4 5 0 3.2808994222590186 16.804898566227326 
5 5 0 8.233564516147297 15.0 
4 4 0 3.28089942225906 16.804898569828676 
5 4 0 8.233564516147295 15.0 
3 11 0 4.0 7.0 
3 10 0 3.999999999999999 7.000000000000003 
3 9 0 1.6402240084376312 14.408072990642113 
3 8 0 1.6402240084377089 14.40807296871854 
3 7 0 0.6786891228759463 17.197687397497013 
3 6 0 0.6786891228782799 17.19768740333923 
3 5 0 1.1046513597907228 17.999999999202615 
3 4 0 1.104651360289148 17.999999204397806 
3 3 0 2.0488243909943615 14.910573084345504 
4 3 0 6.233564516147296 13.999999999999996 
3 2 0 2.048824390995677 14.91057474964352 
4 2 0 6.233564516147294 14.000000000000004 
2 11 0 4.0 7.000000000000001 
2 10 0 3.999999999999999 7.000000000000001 
2 9 0 1.6402240084376245 12.780522403987943 
2 8 0 1.6402240084383999 12.78052243371759 
2 7 0 0.6786891228751095 16.640055781288922 
2 6 0 0.678689122874581 16.640055640617906 
2 5 0 0.6798338208229809 17.99999998224157 
2 4 0 0.6798338204981835 17.99999970820647 
2 3 0 0.543791775782211 16.8169323610116 
2 2 0 0.5437917750971407 16.81693238253627 
2 1 0 1.643329816951091 13.767742784108547 
3 1 0 4.615453511316382 12.162851389984118 
2 0 0 1.6433298191244747 13.767742352579369 
3 0 0 4.615453511317549 12.16285149386501 
1 11 0 4.0 7.0 
1 10 0 3.9999999999999996 6.999999999999999 
1 9 0 2.4869041364080036 11.474096750900557 
1 8 0 2.486904136407997 11.474096753986215 
1 7 0 1.4710944485621293 14.656170542573522 
1 6 0 1.4710944484531943 14.65617115269358 
1 5 0 0.6798338211446583 17.670330707992612 
1 4 0 0.6798338202862455 17.670330822619544 
1 3 0 0.17593826523434816 17.30323215600332 
1 2 0 0.17593826523081135 17.303232100384783 
1 1 0 0.41839614721102175 14.691510040058475 
1 0 0 0.41839614716094864 14.6915104772398 
1 -1 0 1.130014481821137 11.777444955823713 
2 -1 0 3.438786709262132 10.162851494975452 
1 -2 0 1.1300144818211157 11.777444816926607 
2 -2 0 3.438786709262132 10.16285149497546 
0 11 0 6.0 6.0 
0 10 0 6.0 6.0 
0 9 0 4.2293058257311715 10.159190079306192 
0 8 0 4.22930582573117 10.159190079306198 
0 7 0 2.804246601384415 13.753402071973497 
0 6 0 2.8042466075448402 13.753401846956095 
0 5 0 0.850267031397688 16.999999999586045 
0 4 0 0.850267032477599 16.99999999759975 
0 3 0 0.17593826521015118 17.303232095262285 
0 2 0 0.17593826520863712 17.30323207712368 
0 1 1 0.41839614715893986 15.871524345962499 
0 0 1 0.41839614715894163 15.871524319794162 
0 -1 1 1.1300144818210887 12.728740358050281 
0 -2 1 1.1300144818210889 12.728740444761911 
0 -3 0 1.6793304517755019 9.551400027156742 
1 -3 0 2.381966011250104 7.302775637731996 
0 -4 0 1.6793304517756718 9.551400027156747 
1 -4 0 2.3819660112501055 7.302775637731996 
-1 9 0 8.0 8.0 
-1 8 0 8.0 8.0 
-1 7 0 4.732489277201476 11.999999999917648 
-1 6 0 4.732489277201484 11.999999999237122 
-1 5 0 3.2337983705787043 14.999999992045502 
-1 4 0 3.233798369843741 14.999999981937014 
-1 3 0 2.1434637797779232 16.392889004184905 
-1 2 0 2.1434637900253004 16.392889036843613 
-1 1 0 1.6204785566365 15.871524346010327 
-1 0 0 1.6204785565502442 15.871524216469505 
-1 -1 0 1.1662865548273285 13.05654881722599 
-1 -2 0 1.16628655479295 13.056550059083323 
-1 -3 0 1.679330451774981 9.645429906598375 
-1 -4 0 1.6793304517748444 9.64542989224143 
-1 -5 0 3.0 3.0 
0 -5 0 3.0 3.0 
-1 -6 0 3.0 3.0000000000000004 
0 -6 0 3.0 3.0 
-2 7 0 10.0 10.0 
-2 6 0 10.0 10.0 
-2 5 0 6.627480050986091 13.999999999999856 
-2 4 0 6.627480050986043 13.999999999999995 
-2 3 0 4.162661522357342 15.17998618693091 
-2 2 0 4.162661516127896 15.179986003144307 
-2 1 0 2.629942014232849 15.08685860466021 
-2 0 0 2.6299420141973173 15.08685863100341 
-2 -1 0 2.0408778607018334 13.121819504567432 
-2 -2 0 2.0408778607347275 13.121819504553772 
-2 -3 0 1.8577298897656462 9.810821027372484 
-2 -4 0 1.8577298897631136 9.810821027372485 
-2 -5 0 3.0 3.0 
-2 -6 0 2.9999999999999996 3.0000000000000004 
-3 5 0 12.0 12.0 
-3 4 0 12.0 12.0 
-3 3 0 8.908217266445618 14.200252772199894 
-3 2 0 8.908217266445616 14.200252772199894 
-3 1 0 6.676595723913522 14.393169756083758 
-3 0 0 6.676595723913519 14.393169756083754 
-3 -1 0 4.760718432469686 13.121819504570446 
-3 -2 0 4.760718432469683 13.12181950457045 
-3 -3 0 3.38606575209925 9.81082102737248 
-3 -4 0 3.38606575209925 9.810821027372482 
-3 -5 0 3.0 3.0 
-3 -6 0 3.0 3.0 
