3 7 0 3.3819660112501073 7.0 
4 7 0 7.0 7.0 
3 6 0 3.381966011250104 7.0 
4 6 0 7.0 7.0 
3 5 0 3.7181944509320792 14.000000000000002 
4 5 0 14.0 14.0 
3 4 0 3.7181944509320757 13.999999999999996 
4 4 0 14.0 14.0 
2 7 0 2.0 7.0000000000000036 
2 6 0 1.9999999999999998 7.000000000000001 
2 5 0 1.6330189797292893 13.151507571018799 
2 4 0 1.6330189796691772 13.151507531677074 
2 3 0 2.1059545033067204 13.887186644608839 
3 3 0 4.761860637298005 12.999999999999996 
2 2 0 2.1059545043344996 13.887186625809418 
3 2 0 4.761860637298007 12.999999999999998 
1 7 0 1.9999999999999998 6.999999999999998 
1 6 0 1.9999999999999998 7.000000000000002 
1 5 0 0.915645459894491 12.222064409852614 
1 4 0 0.9156454591953596 12.22206441254743 
1 3 0 0.6072891693343629 13.887186506617102 
1 2 0 0.6072891693347321 13.887186550515533 
1 1 0 0.9252993005005183 12.880859332755943 
2 1 0 2.729900018610623 11.602597813555246 
1 0 0 0.9252993005895376 12.88085937109953 
2 0 0 2.729900018610622 11.60259781355524 
0 7 0 2.0 6.618033988749894 
0 6 0 2.000000000000001 6.618033988749893 
0 5 0 0.9156454591955118 11.417885153704248 
0 4 0 0.9156454592075475 11.417885154140908 
0 3 1 0.6072891693342116 13.339421234440914 
0 2 1 0.6072891693342155 13.339421241306853 
0 1 2 0.9252993004994661 13.495802320728963 
0 0 2 0.9252993004994231 13.495801651691597 
0 -1 1 0.4078127718245613 11.327293601922664 
1 -1 0 1.5711661779950625 9.283635333780525 
0 -2 1 0.4078127718245593 11.327293595566488 
1 -2 0 1.5711661779950639 9.283635333780529 
-1 7 0 5.0 5.0 
-1 6 0 5.0 5.0 
-1 5 0 2.7807896231897327 9.888347032479652 
-1 4 0 2.780789623189733 9.888347032479652 
-1 3 0 1.5797434386915603 12.722556434510617 
-1 2 0 1.5797434386808005 12.72255628766184 
-1 1 0 0.6492458119526093 13.495802453697591 
-1 0 0 0.6492458111563738 13.495802570862919 
-1 -1 0 0.4078127718257802 12.495934413074806 
-1 -2 0 0.4078127718362686 12.495934411211296 
-1 -3 0 0.6820231206753097 8.715334440977008 
0 -3 0 0.6820231206753087 6.305309675657891 
-1 -4 0 0.6820231206753097 8.715334440977003 
0 -4 0 0.6820231206753089 6.30530967565789 
-2 5 0 6.000000000000001 8.0 
-2 4 0 6.000000000000001 8.0 
-2 3 0 3.6859991542114363 12.000000000000002 
-2 2 0 3.6859991542114368 12.0 
-2 1 0 2.4179608794840615 12.552877786036012 
-2 0 0 2.4179608786027402 12.552877784108139 
-2 -1 0 1.5965841358017456 12.495934112608067 
-2 -2 0 1.5965841358017814 12.495934413263306 
-2 -3 0 1.139923725417603 10.806256759038623 
-2 -4 0 1.139923725417606 10.806256759038622 
-2 -5 0 2.0 2.0 
-1 -5 0 2.0 2.0 
-2 -6 0 2.0 2.0 
-1 -6 0 2.0 2.0 
-3 3 0 9.0 9.0 
-3 2 0 9.0 9.0 
-3 1 0 4.5358983848622465 11.464101615137753 
-3 0 0 4.535898384862245 11.464101615137755 
-3 -1 0 3.1324962471399864 11.303222018465824 
-3 -2 0 3.1324962471399855 11.30322201846582 
-3 -3 0 2.3745188014736955 10.806256759038623 
-3 -4 0 2.374518801473695 10.806256759038625 
-3 -5 0 2.0 2.0 
-3 -6 0 2.0 2.0 
