1 5 0 1.0 1.0 
2 5 0 1.0 1.0 
1 4 0 1.0 1.0 
2 4 0 1.0 1.0 
1 3 0 0.4637795879009804 7.048917339522306 
2 3 0 2.3079785283699046 7.048917339522307 
1 2 0 0.4637795879009809 7.048917339522305 
2 2 0 2.3079785283699037 7.048917339522305 
1 1 0 0.6646712849209282 9.627988124329187 
2 1 0 3.4242265273480643 8.388489747541712 
1 0 0 0.6646712849209281 9.627988124329192 
2 0 0 3.424226527348066 8.388489747541712 
1 -1 0 2.3453840640339725 8.0 
2 -1 0 6.0 6.0 
1 -2 0 2.3453840640339716 8.000000000000002 
2 -2 0 6.0 6.0 
0 3 0 0.4637795879009816 5.5665408544111035 
0 2 0 0.4637795879009802 5.566540854411102 
0 1 1 0.6646712849209278 9.62798812432919 
0 0 1 0.6646712849209295 9.62798812432919 
0 -1 1 1.1160979109541338 10.0 
0 -2 1 1.1160979109541338 10.0 
0 -3 0 2.0 5.0 
1 -3 0 4.0 4.0 
0 -4 0 1.9999999999999996 4.999999999999999 
1 -4 0 4.0 4.0 
-1 1 0 1.5721211276292562 8.0 
-1 0 0 1.5721211276292575 7.999999999999998 
-1 -1 0 0.31673243061794826 10.0 
-1 -2 0 0.3167324306179491 10.0 
-1 -3 0 0.9477571686456544 7.820258846364342 
-1 -4 0 0.9477571686456571 7.820258846364341 
-2 1 0 3.0 5.0 
-2 0 0 3.0 4.999999999999999 
-2 -1 0 0.3167324306179493 10.0 
-2 -2 0 0.31673243061795175 10.0 
-2 -3 1 0.9477571686456564 9.162277660168378 
-2 -4 1 0.9477571686456564 9.162277660168375 
-3 -1 0 7.0 7.0 
-3 -2 0 7.0 7.0 
-3 -3 0 2.83772233983162 9.16227766016838 
-3 -4 0 2.837722339831621 9.162277660168378 
-3 -5 0 2.0 2.0 
-2 -5 1 2.0 2.0 
-3 -6 0 2.0 2.0 
-2 -6 1 2.0 2.0 
