5 11 0 2.0 5.0 
6 11 0 5.0 5.0 
5 10 0 1.9999999999999998 5.0 
6 10 0 5.0 5.0 
5 9 0 2.6318072352371793 15.69041575982343 
6 9 0 6.309584240176571 15.69041575982343 
5 8 0 2.6318072352371145 15.69041575982343 
6 8 0 6.309584240176571 15.690415759823429 
5 7 0 3.435024289292771 18.588673944662705 
6 7 0 8.784907519990265 16.955581958641112 
5 6 0 3.4350242812567453 18.58867375286889 
6 6 0 8.78490751999026 16.955581958641115 
5 5 0 5.650235854054096 17.999999999926768 
6 5 0 15.0 15.0 
5 4 0 5.650235854053684 17.999999999874657 
6 4 0 15.0 15.0 
4 11 0 1.9999999999999991 5.0 
4 10 0 2.0 5.0 
4 9 0 1.0065129122088337 15.431674032590232 
4 8 0 1.0065129122087955 15.43167403158845 
4 7 0 1.1233824073297483 18.58867430826137 
4 6 0 1.123382406526968 18.588674308672754 
4 5 0 2.0926172098970732 19.99999994753011 
4 4 0 2.0926172103851344 19.999999958416463 
4 3 0 3.9597551078831352 15.999999807419226 
5 3 0 8.875114580235426 13.76155718183189 
4 2 0 3.959755107883139 15.99999976220325 
5 2 0 8.875114580235426 13.76155718183189 
3 11 0 1.9999999999999993 4.999999999999999 
3 10 0 2.0 5.000000000000001 
3 9 0 1.006512912222302 13.867265344779412 
3 8 0 1.0065129122097018 13.867265346737792 
3 7 0 0.49793084174279967 17.275419604255326 
3 6 0 0.4979308417443031 17.275420165837193 
3 5 0 0.8475066420431415 19.999999997792223 
3 4 0 0.8475066412541197 19.999999285302387 
3 3 0 1.443744427449324 17.999999804802208 
3 2 0 1.443744427450703 17.999999901180296 
3 1 0 2.7845948655798565 13.999999995753411 
4 1 0 6.875114580235427 11.761557181831888 
3 0 0 2.7845948667448828 13.999999997064176 
4 0 0 6.875114580235426 11.761557181831892 
2 11 0 4.0 4.0 
2 10 0 4.0 4.0 
2 9 0 1.412435902266774 12.151746053783507 
2 8 0 1.4124359022081563 12.151746053778158 
2 7 0 0.49793084174396723 16.270068053827096 
2 6 0 0.49793084174491625 16.270068258394787 
2 5 0 0.4415820152917439 19.44610311575439 
2 4 0 0.4415820155596691 19.44610487699663 
2 3 0 0.43483252649409193 19.999999926307712 
2 2 0 0.43483252636411646 19.999999850476005 
2 1 0 1.2504501271390338 15.976544521123389 
2 0 0 1.2504501262443959 15.97654558650811 
2 -1 0 3.358885691096613 11.999999999996426 
3 -1 0 5.4769044093683315 9.441290910412462 
2 -2 0 3.358885691096431 11.999997700262515 
3 -2 0 5.47690440936833 9.441290910412462 
1 9 0 3.6540367042901165 9.939234868116076 
1 8 0 3.6540367042901165 9.939234868116074 
1 7 0 1.0094471918587304 14.499368014561163 
1 6 0 1.0094471922165231 14.499368032929006 
1 5 0 0.44158201528011937 17.81960907897297 
1 4 0 0.44158201529401253 17.819612295510684 
1 3 0 0.17291217287498525 19.999998529230794 
1 2 0 0.17291217289511976 19.99999939699807 
1 1 0 0.35853857468459527 17.71711872097958 
1 0 0 0.35853857465499567 17.717118534162754 
1 -1 0 1.0534250544357984 14.008866163402516 
1 -2 0 1.0534250544401662 14.008866509640498 
1 -3 0 2.9705063631035062 9.864660617486035 
2 -3 0 6.0 6.0 
1 -4 0 2.9705063631035067 9.864660617486038 
2 -4 0 6.0 6.0 
0 9 0 5.0 7.0 
0 8 0 5.0 7.0 
0 7 0 3.0939961156604308 12.552134419586995 
0 6 0 3.0939961256718527 12.552134419591724 
0 5 0 0.9971630082664191 16.636430254498677 
0 4 0 0.9971630082690035 16.63643014854183 
0 3 0 0.1729121728748621 19.8373221911265 
0 2 0 0.17291217293768682 19.837323141538448 
0 1 1 0.35853857436775705 19.333764204476484 
0 0 1 0.3585385743677583 19.33376649918159 
0 -1 1 1.0534210613022508 15.540958705130729 
0 -2 1 1.0534134587144808 15.540958059282328 
0 -3 0 1.6778882400859503 11.82908797379139 
0 -4 0 1.6778882400859485 11.82908797352241 
-1 7 0 6.267949192431123 9.732050807568879 
-1 6 0 6.267949192431123 9.732050807568877 
-1 5 0 3.7348085737990484 14.552109558715708 
-1 4 0 3.734808573798251 14.552109558617811 
-1 3 0 1.8170273400892363 17.999999917903338 
-1 2 0 1.8170273400882881 17.999999922894517 
-1 1 0 1.3938412912679627 19.99999997637129 
-1 0 0 1.3938412907225017 19.999999954329926 
-1 -1 0 1.0534134587237542 16.909729457459278 
-1 -2 0 1.0534134587163628 16.909728376613863 
-1 -3 0 1.6778882402084665 13.293311962890348 
-1 -4 0 1.6778882400873882 13.293311956355055 
-1 -5 0 3.0 5.0 
0 -5 0 3.0 5.0 
-1 -6 0 3.0 5.000000000000001 
0 -6 0 3.0000000000000004 5.0 
-2 5 0 8.267949192431121 11.732050807568877 
-2 4 0 8.267949192431123 11.732050807568879 
-2 3 0 5.020694308622855 15.99999991846946 
-2 2 0 5.020694308662449 15.99999979954033 
-2 1 0 2.419709996814706 19.99999844318766 
-2 0 0 2.4197099967127254 19.99999870259752 
-2 -1 0 1.965191099035553 18.22417001650512 
-2 -2 0 1.9651910990249146 18.224170019426545 
-2 -3 0 1.823316351452614 13.565509001893384 
-2 -4 0 1.8233163514440778 13.565509003143106 
-2 -5 0 3.0 5.000000000000001 
-2 -6 0 2.999999999999999 5.000000000000001 
-3 3 0 10.267949192431123 13.732050807568877 
-3 2 0 10.267949192431121 13.732050807568875 
-3 1 0 7.242519085280443 17.000000000000004 
-3 0 0 7.242519085285215 16.999999720123636 
-3 -1 0 3.9711748299532554 18.224170026339706 
-3 -2 0 3.9711748290947186 18.224170026553583 
-3 -3 0 3.1921814883199806 13.999999999999998 
-3 -4 0 3.1921814883729076 13.999999999999996 
-3 -5 0 3.0 5.0 
-3 -6 0 3.0 5.0 
-4 1 0 15.0 15.0 
-4 0 0 15.0 15.0 
-4 -1 0 10.298437881283574 16.701562118716424 
-4 -2 0 10.298437881283574 16.701562118716424 
-4 -3 0 7.999999999999999 14.0 
-4 -4 0 7.999999999999999 14.0 
-4 -5 0 5.0 5.0 
-4 -6 0 5.0 5.0 
