6 16 0 4.0 4.0 
7 16 0 4.0 4.0 
6 15 0 4.0 4.0 
7 15 0 4.0 4.0 
6 14 0 2.1357632087928815 13.511636019780068 
7 14 0 5.223097191570716 13.51163601978007 
6 13 0 2.135763208792956 13.511636019780072 
7 13 0 5.223097191570716 13.511636019780076 
6 12 0 2.7823434976220818 17.122025940208236 
7 12 0 6.717795924789766 16.05216819327108 
6 11 0 2.782343497622094 17.122025956700767 
7 11 0 6.717795924789768 16.052168193271072 
6 10 0 4.453750923742097 17.498246043436197 
7 10 0 9.10489348407247 15.999999999999998 
6 9 0 4.453750923742103 17.498247198472274 
7 9 0 9.10489348407247 16.0 
6 8 0 6.668191425913102 15.999999540939111 
7 8 0 14.0 14.0 
6 7 0 6.668191425913103 15.999999085867568 
7 7 0 14.0 14.0 
5 16 0 4.0 4.0 
5 15 0 3.9999999999999996 4.0 
5 14 0 2.1238728108511173 13.252046634500555 
5 13 0 2.123872810851134 13.252046634496624 
5 12 0 1.3216118294325818 17.122025956176834 
5 11 0 1.3216118291783008 17.122025955222473 
5 10 0 1.538511229119037 19.072289616177738 
5 9 0 1.5385112291275047 19.072290778239893 
5 8 0 3.2802169509256007 17.9999995282999 
5 7 0 3.2802169178944283 17.999999912838184 
5 6 0 5.109665521447544 14.999999995518477 
6 6 0 9.999999999999998 12.999999999999998 
5 5 0 5.109665521447541 14.99999992778497 
6 5 0 10.0 13.000000000000004 
4 16 0 4.0 4.0 
4 15 0 4.0 4.0 
4 14 0 2.123872810862181 11.55577662772258 
4 13 0 2.123872813973463 11.55577662558688 
4 12 0 1.3003070802054693 15.372630350096994 
4 11 0 1.3003070837322597 15.372630353980737 
4 10 0 0.8837451039073551 19.07229091982071 
4 9 0 0.8837451029290577 19.072290915693813 
4 8 0 1.0822954564709328 19.99999999739763 
4 7 0 1.0822954564851828 19.9999999931823 
4 6 0 2.617496171543667 16.999999984245946 
4 5 0 2.617496174929234 16.999999783974328 
4 4 0 4.342611428312343 13.999999998248292 
5 4 0 7.999999999999999 11.414213562373096 
4 3 0 4.34261142831164 13.999999999679243 
5 3 0 7.999999999999999 11.414213562373094 
3 16 0 4.0 4.0 
3 15 0 4.0 4.0 
3 14 0 2.5301434381021743 9.656974420467547 
3 13 0 2.5301434381021974 9.656974420467554 
3 12 0 1.3003070805586043 14.492143437982312 
3 11 0 1.300307080239662 14.492143929489053 
3 10 0 0.48508599244837486 18.063459530631032 
3 9 0 0.48508599248263434 18.063459826762692 
3 8 0 0.2520993357672701 19.999999993089304 
3 7 0 0.25209933569906406 19.99999994452197 
3 6 0 0.5878147999037662 18.858722646966626 
3 5 0 0.5878147999091821 18.858722491856184 
3 4 0 2.355747158991505 15.999999904530258 
3 3 0 2.3557471561086682 15.999999865220909 
3 2 0 3.974946204889281 11.78752521620633 
4 2 0 6.585786437626904 9.414213562373096 
3 1 0 3.9749461801517594 11.787525216205067 
4 1 0 6.585786437626905 9.414213562373094 
2 14 0 3.585786437626904 8.000000000000004 
2 13 0 3.585786437626905 8.0 
2 12 0 1.538819649615823 13.05589643650584 
2 11 0 1.5388196496158182 13.0558964287657 
2 10 0 0.4850859924436571 16.51984124380785 
2 9 0 0.4850859924781014 16.51984125486266 
2 8 1 0.252099335691315 19.589215861395417 
2 7 1 0.25209933569131276 19.58921516690185 
2 6 2 0.6797191147468902 19.57550293621756 
2 5 2 0.5878147999002534 19.575502621940554 
2 4 1 0.7886661761250472 16.610435321318846 
2 3 1 0.7886661761250481 16.61043531576447 
2 2 0 1.9860533193992171 14.158467461470257 
2 1 0 1.986053319399533 14.158467461301024 
2 0 0 3.9999999999999987 8.825955014888478 
3 0 0 6.0 6.0 
2 -1 0 4.000000000000002 8.825955014888478 
3 -1 0 6.0 6.0 
1 14 0 6.0 6.0 
1 13 0 6.0 6.0 
1 12 0 3.64518030280019 11.062121937549437 
1 11 0 3.6451803027979874 11.062121937549437 
1 10 0 2.2985074126630893 15.638875771116485 
1 9 0 2.2985073798827558 15.638875770960167 
1 8 0 1.0170831502950664 18.83315179536 
1 7 0 1.017083149804949 18.83315251086624 
1 6 0 0.43272580654276804 19.75736368653268 
1 5 0 0.43272580682255235 19.757363682247373 
1 4 0 0.23163367803430315 18.216477092364844 
1 3 0 0.231633678045357 18.216477087141637 
1 2 0 0.4335613845573349 15.554809853971165 
1 1 0 0.4335613845691243 15.554809853633733 
1 0 0 2.3560708320160924 9.906559136801318 
1 -1 0 2.3560708320160915 9.906559138871035 
0 12 0 5.585786437626907 9.0 
0 11 0 5.585786437626903 9.0 
0 10 0 3.174574976206008 13.9999993877499 
0 9 0 3.174574971202022 13.999999999972623 
0 8 0 1.2006016828983752 16.911500277298156 
0 7 0 1.2006016834135633 16.91149880606777 
0 6 0 0.4327258065745939 19.75736368656907 
0 5 0 0.43272580687062306 19.757363547339473 
0 4 1 0.23163367803349527 19.159724220690098 
0 3 1 0.23163367803349483 19.159724214263726 
0 2 2 0.6938594275908132 15.690239875080751 
0 1 2 0.6938594275908095 15.690239948329893 
0 0 1 0.7955880522202694 11.706915508153719 
0 -1 1 0.7955880522202726 11.706915508153482 
0 -2 0 2.0 5.0 
1 -2 0 4.0 4.0 
0 -3 0 1.999999999999999 5.000000000000001 
1 -3 0 4.0 4.0 
-1 10 0 6.585786437626906 11.999999999999996 
-1 9 0 6.585786437626907 12.0 
-1 8 0 4.181333972153728 15.999999989509686 
-1 7 0 4.181333971034172 15.999999956881044 
-1 6 0 2.4425676845382958 18.99999998511205 
-1 5 0 2.4425676846485893 18.99999999994568 
-1 4 0 1.4529727435304047 19.159724223428245 
-1 3 0 1.4529727413813234 19.159724223296415 
-1 2 0 1.012873007783575 16.45597453187733 
-1 1 0 1.012873007753957 16.45597453031191 
-1 0 0 0.7955880522202695 11.781237947209112 
-1 -1 0 0.79558805250066 11.78123794680505 
-1 -2 0 1.9999999999999996 5.000000000000001 
-1 -3 0 1.9999999999999998 5.0 
-2 8 0 9.585786437626904 14.0 
-2 7 0 9.585786437626904 14.0 
-2 6 0 6.083321194285706 16.99999999796343 
-2 5 0 6.0833211942857055 16.999999998896737 
-2 4 0 3.6785782250331045 19.05772921534741 
-2 3 0 3.678578223446264 19.057729156217842 
-2 2 0 2.639317217728244 16.49365802613698 
-2 1 0 2.6393172177282116 16.4936582129128 
-2 0 0 2.1383399245215586 12.434876543782456 
-2 -1 0 2.138339924687908 12.434876543793276 
-2 -2 0 2.0000000000000004 5.000000000000001 
-2 -3 0 2.0000000000000004 5.0 
-3 6 0 15.0 15.0 
-3 5 0 15.0 15.0 
-3 4 0 10.274551264698893 17.12398317950582 
-3 3 0 10.274551264698891 17.123983179505814 
-3 2 0 7.527553426348599 16.49365824423795 
-3 1 0 7.5275534263486 16.49365824423795 
-3 0 0 5.352436977358246 12.434876543796673 
-3 -1 0 5.352436977358244 12.434876543796669 
-3 -2 0 5.0 5.0 
-3 -3 0 5.0 5.0 
