2 8 0 1.0 1.0 
3 8 0 1.0 1.0 
2 7 0 1.0 1.0 
3 7 0 1.0 1.0 
2 6 1 1.244892312677106 6.224023657251024 
3 6 0 1.2448923126771054 6.2240236572510215 
2 5 1 1.2448923126771054 6.2240236572510215 
3 5 0 1.2448923126771057 6.224023657251022 
2 4 1 0.5710825273604696 10.247492311993778 
3 4 0 2.3986143055161526 10.247492349853111 
2 3 1 0.5710825273604694 10.247492349853111 
3 3 0 2.3986143055161517 10.247492349853113 
2 2 0 0.40376127084796687 12.550062485729438 
3 2 0 3.8435202618741537 11.692395797437317 
2 1 0 0.4037612708283081 12.550062485729555 
3 1 0 3.8435202618741537 11.692395797437321 
2 0 0 1.7020679849613456 11.840536120852716 
3 0 0 5.654302840861253 10.411368983446646 
2 -1 0 1.7020679849512597 11.84053619409493 
3 -1 0 5.654302840861252 10.411368983446646 
2 -2 0 3.5645639540052523 10.000000000000002 
3 -2 0 8.0 8.0 
2 -3 0 3.564563954005249 9.999999999999998 
3 -3 0 8.0 8.0 
1 6 0 1.406311698068599 6.026638394638134 
1 5 0 1.406311698068599 6.026638394638134 
1 4 0 0.5710825273605418 10.195892160586293 
1 3 0 0.5710825273604733 10.195892166532804 
1 2 0 0.40376127082310403 12.550062485206222 
1 1 0 0.4037612708231009 12.550062485684098 
1 0 0 1.364995105111878 13.087521893566883 
1 -1 0 1.3649951051236233 13.087521947698058 
1 -2 0 3.1101352224463477 11.035140919983824 
1 -3 0 3.1101352156478854 11.035140919797323 
1 -4 0 6.0 8.0 
2 -4 0 6.0 6.0 
1 -5 0 6.0 8.0 
2 -5 0 6.0 6.0 
0 6 0 3.0 3.0 
0 5 0 3.0 3.0 
0 4 0 0.9965165839192026 9.270883060002074 
0 3 0 0.9965165839204688 9.270883060000957 
0 2 2 1.315550249367341 12.519394400562854 
0 1 2 1.315550249367343 12.519385648538696 
0 0 2 0.8644273651889992 13.762854031160417 
0 -1 2 0.7730873888210005 13.76285403205597 
0 -2 0 0.5255309603747031 12.999999999994124 
0 -3 0 0.5255309603746826 12.999999804643302 
0 -4 0 1.9070564806616268 8.688998822009426 
0 -5 0 1.9070564806616277 8.688998822009424 
-1 4 0 3.518805695907985 7.170086486626033 
-1 3 0 3.5188056959079845 7.170086486626035 
-1 2 0 1.4677648213440933 10.99999944900318 
-1 1 0 1.467764821344093 10.999999644445536 
-1 0 0 0.7730873888223532 13.761930449924504 
-1 -1 0 0.7730873888210402 13.762623986926629 
-1 -2 0 0.5255309603746819 13.67058594418944 
-1 -3 0 0.5255309604017901 13.670585891265358 
-1 -4 0 1.8152750181981872 10.216949336922927 
-1 -5 0 1.8152750181981874 10.216949336925108 
-1 -6 0 4.0 4.0 
0 -6 0 4.0 4.0 
-1 -7 0 4.0 4.0 
0 -7 0 4.0 4.0 
-2 2 0 3.2142023807401965 9.0 
-2 1 0 3.2142023807401974 9.0 
-2 0 0 1.1708443637390484 12.860357509554122 
-2 -1 0 1.1708443638221644 12.86035749464885 
-2 -2 1 1.4346139589611424 13.999999999660044 
-2 -3 1 1.4346139589611455 13.999999998397625 
-2 -4 1 1.1666477544862046 11.324412486691573 
-2 -5 1 1.1666477544862055 11.32441248669158 
-2 -6 0 0.9999999999999999 5.0 
-2 -7 0 1.0000000000000007 5.0 
-3 0 0 4.5721211276292575 10.803542495682596 
-3 -1 0 4.572121127629258 10.803542495682594 
-3 -2 0 2.118829086048489 14.000000000000002 
-3 -3 0 2.11882908604849 14.0 
-3 -4 0 1.1666477544862048 12.701562118716431 
-3 -5 0 1.166647754486207 12.70156211871642 
-3 -6 0 0.9999999999999998 5.0 
-3 -7 0 0.9999999999999999 5.0 
-4 -2 0 12.0 12.0 
-4 -3 0 12.0 12.0 
-4 -4 0 6.298437881283576 12.701562118716424 
-4 -5 0 6.298437881283574 12.701562118716424 
-4 -6 0 5.0 5.0 
-4 -7 0 5.0 5.0 
