1 3 0 3.0 3.0 
2 3 0 3.0 3.0 
1 2 0 3.0 3.0 
2 2 0 3.0 3.0 
1 1 0 1.4057759818955995 9.000000000000002 
2 1 0 4.0 9.0 
1 0 0 1.4057759818955984 9.000000000000004 
2 0 0 4.000000000000001 9.0 
1 -1 0 2.5358983848622456 10.000000000000002 
2 -1 0 8.0 8.0 
1 -2 0 2.535898384862245 10.000000000000002 
2 -2 0 8.0 8.0 
0 3 0 3.0 3.0 
0 2 0 3.0 3.0 
0 1 1 1.3309209117177105 7.294349409602903 
0 0 1 1.3309209117177119 7.294349409602903 
0 -1 1 0.38896815978091703 9.999999999613435 
0 -2 1 0.38896815978091887 9.999999999241615 
0 -3 0 0.31742535710491604 7.757816396257004 
1 -3 0 3.999999999999999 7.0 
0 -4 0 0.3174253571049142 7.757816396257007 
1 -4 0 4.0 7.000000000000001 
-1 3 0 3.0 3.0 
-1 2 0 3.0 3.0 
-1 1 0 1.3309209117177117 6.414213562373098 
-1 0 0 1.330920911717711 6.414213562373093 
-1 -1 0 0.38896815978091903 9.999999999998948 
-1 -2 0 0.38896815978093 9.999999999359517 
-1 -3 0 0.3174253571072262 9.368615381710045 
-1 -4 0 0.31742535714279313 9.368615493290827 
-1 -5 0 0.49677558373097525 5.736510224768238 
0 -5 0 2.585786437626904 5.414213562373095 
-1 -6 0 0.49677558373097597 5.73651022476824 
0 -6 0 2.5857864376269046 5.414213562373094 
-2 1 0 4.000000000000001 6.0 
-2 0 0 3.9999999999999996 6.0 
-2 -1 0 2.01684096818208 8.0 
-2 -2 0 2.016840968182079 8.0 
-2 -3 0 0.6930630541503622 9.368615493290838 
-2 -4 0 0.6930630541503604 9.368615493290838 
-2 -5 0 0.4967755837309753 6.999999999999999 
-2 -6 0 0.4967755837309753 6.999999999999998 
-2 -7 0 2.0 2.0 
-1 -7 0 2.0 2.0 
-2 -8 0 2.0 2.0 
-1 -8 0 2.0 2.0 
-3 -1 0 7.0 7.0 
-3 -2 0 7.0 7.0 
-3 -3 0 4.438447187191169 8.56155281280883 
-3 -4 0 4.43844718719117 8.56155281280883 
-3 -5 0 3.0000000000000004 7.0 
-3 -6 0 3.0 6.999999999999999 
-3 -7 0 2.0 2.0 
-3 -8 0 2.0 2.0 
