4 8 0 2.829913513373965 7.0 
5 8 0 7.0 7.0 
4 7 0 2.829913513373967 7.0 
5 7 0 7.0 7.0 
4 6 0 3.4422076076818335 18.109772228645436 
5 6 0 8.890227771353555 18.10977222864644 
4 5 0 3.442207607666354 18.109772228646435 
5 5 0 8.890227771353555 18.10977222864644 
4 4 0 4.49280862377336 19.99999999999999 
5 4 0 17.0 17.0 
4 3 0 4.492808623773361 19.999999999999993 
5 3 0 17.0 17.0 
3 8 0 0.8299135133739637 7.000000000000001 
3 7 0 0.8299135133739656 7.000000000000001 
3 6 0 0.9323544769499061 16.600694522768613 
3 5 0 0.9323544769617775 16.6006945267748 
3 4 0 1.3853591063398938 19.9999999961516 
3 3 0 1.3853591042583275 19.99999999852379 
3 2 0 2.352698360706832 17.999999760035344 
4 2 0 7.48395412918599 15.000000000000002 
3 1 0 2.3526983573822093 17.999999989711853 
4 1 0 7.483954129185987 15.000000000000002 
2 8 0 0.8299135133739661 6.481194304092014 
2 7 0 0.8299135133739673 6.481194304092018 
2 6 0 0.4728787334951684 14.986543087202245 
2 5 0 0.4728787334951311 14.986543192301816 
2 4 0 0.6349017228581372 19.147422103520718 
2 3 0 0.6349017228541084 19.147421816375893 
2 2 0 0.898986125329676 19.932105316358093 
2 1 0 0.8989861252922576 19.932103160588557 
2 0 0 1.5413443306768853 15.949730155626286 
3 0 0 5.063591162148403 13.611833667660774 
2 -1 0 1.5413443306769268 15.949730235847635 
3 -1 0 5.063591162148404 13.611833667660774 
1 8 0 2.0 6.0 
1 7 0 2.0 6.0 
1 6 0 0.4728787335078273 13.33436387205319 
1 5 0 0.47287873350845966 13.334363981340148 
1 4 0 0.2292601766713302 17.63012738014165 
1 3 0 0.22926017668071494 17.630127518408624 
1 2 0 0.36035643461100764 19.932106043101065 
1 1 0 0.36035643496585157 19.932105137623104 
1 0 0 0.5880190586155636 17.869648830023138 
1 -1 0 0.5880190587521291 17.869646821046242 
1 -2 0 1.5428044974638593 13.808788242122665 
2 -2 0 4.074516673751339 11.561552812808829 
1 -3 0 1.5428044974640398 13.808787628214995 
2 -3 0 4.074516673751342 11.561552812808829 
0 6 0 1.300474587169904 10.628579156163308 
0 5 0 1.3004745871382064 10.628579163652452 
0 4 0 0.2292601766736363 15.755393514501078 
0 3 0 0.2292601767636033 15.755393408954175 
0 2 1 0.36035643461076616 19.764472651026814 
0 1 1 0.3603564346107602 19.764474268388415 
0 0 1 0.49285770820566044 19.672843328318883 
0 -1 1 0.49285770820623453 19.672843944497306 
0 -2 0 0.41406642796168686 15.556182833421834 
0 -3 0 0.414066427956813 15.556182716839116 
0 -4 0 1.3203347004521397 11.154908116695626 
1 -4 0 3.9999999999999996 7.999999999999999 
0 -5 0 1.3203347003862027 11.154908116797746 
1 -5 0 3.999999999999999 8.0 
-1 6 0 3.8642207949301426 8.135779205069857 
-1 5 0 3.864220794930142 8.135779205069857 
-1 4 0 1.4218990681032382 13.585590733788699 
-1 3 0 1.4218990681054962 13.58559134983148 
-1 2 0 0.6392338864376843 17.9999999518691 
-1 1 0 0.6392338864607872 17.999999983208347 
-1 0 0 0.4928577084645657 19.999999582372283 
-1 -1 0 0.4928577082063098 19.999997364941454 
-1 -2 0 0.41406642795392457 17.37749533275207 
-1 -3 0 0.4140664279553304 17.377496340187268 
-1 -4 0 0.8579868761678919 13.273961223530824 
-1 -5 0 0.8579868760895887 13.273961225889426 
-2 4 0 4.146375261067773 11.33286276772056 
-2 3 0 4.146375261067775 11.332862767720558 
-2 2 0 1.7194895855480359 15.942705963523476 
-2 1 0 1.7194895855462724 15.94270574063172 
-2 0 0 1.0951207190619823 19.999999172575862 
-2 -1 0 1.0951207190747492 19.99999721318628 
-2 -2 0 0.8379421322542038 19.128390848658 
-2 -3 0 0.8379421322542344 19.128390667069947 
-2 -4 0 0.8579868760910261 14.841504532530895 
-2 -5 0 0.857986876841365 14.841504327589979 
-2 -6 0 1.8642207949301406 6.618033988749896 
-1 -6 0 1.8642207949301435 6.135779205069857 
-2 -7 0 1.864220794930143 6.618033988749895 
-1 -7 0 1.8642207949301426 6.135779205069857 
-3 2 0 5.084798605155535 13.741379053807805 
-3 1 0 5.084798605155538 13.741379053807805 
-3 0 0 2.421321929702913 17.99999908712984 
-3 -1 0 2.421321929379041 17.999999999722423 
-3 -2 0 1.8872752634096797 19.999999999432834 
-3 -3 0 1.8872752635192576 19.999999995768775 
-3 -4 0 1.4377092797545792 16.520054399799985 
-3 -5 0 1.437709280713504 16.520054406929884 
-3 -6 0 1.8642207949301437 7.0 
-3 -7 0 1.864220794930143 6.9999999999999964 
-4 0 0 7.451143279838587 15.834395990846195 
-4 -1 0 7.451143279838585 15.8343959908462 
-4 -2 0 4.263515930308283 19.99999999999999 
-4 -3 0 4.263515930308285 20.0 
-4 -4 0 3.124713915869446 18.109772228646428 
-4 -5 0 3.1247139158693567 18.10977222864643 
-4 -6 0 2.6972243622680043 7.0 
-4 -7 0 2.697224362268005 7.000000000000001 
-5 -2 0 17.0 17.0 
-5 -3 0 17.0 17.0 
-5 -4 0 8.890227771353558 18.109772228646445 
-5 -5 0 8.890227771353556 18.109772228646445 
-5 -6 0 7.0 7.0 
-5 -7 0 7.0 7.0 
