2 4 1 0.8171193541039444 9.076357116983012 
3 4 0 0.817119354103945 9.076357116983015 
2 3 1 0.8171193541039449 9.076357116983012 
3 3 0 0.8171193541039453 9.076357116983015 
2 2 1 2.2625242310998366 13.519760105289718 
3 2 0 2.2625242310998366 12.51325016299316 
2 1 1 2.2625242310998424 13.519760105289727 
3 1 0 2.262524231099839 12.513250162993163 
2 0 0 1.8355701224233547 14.369221127490533 
3 0 0 4.55785383006775 12.375753855671945 
2 -1 0 1.8355701224233558 14.369221124866947 
3 -1 0 4.5578538300677485 12.375753855671945 
2 -2 0 8.0 11.000000000000004 
3 -2 0 8.0 8.0 
2 -3 0 7.9999999999999964 11.0 
3 -3 0 8.0 8.0 
1 4 0 1.9999999999999996 3.0 
1 3 0 2.0000000000000004 3.0 
1 2 2 2.4354627960043107 13.519760104922012 
1 1 2 1.4063630744647913 13.519760104255942 
1 0 1 0.6418802675256355 15.999999999863885 
1 -1 1 0.6418802675256344 15.99999999918744 
1 -2 0 1.9898695369432484 13.999999999868855 
1 -3 0 1.9898695369432489 13.99999999999983 
0 4 0 3.0 3.0 
0 3 0 3.0 3.0 
0 2 0 1.406363074464792 11.274917217635375 
0 1 0 1.4063630744647926 11.274917217635377 
0 0 3 0.6418802675256376 15.999999999741663 
0 -1 3 0.6418802675256369 15.999999999929702 
0 -2 3 1.0864535212953945 15.999999998282215 
0 -3 3 1.3573994239539302 15.999999996174878 
0 -4 0 1.9675771306845107 11.999999999999998 
1 -4 0 5.999999999999999 9.0 
0 -5 0 1.9675771306845073 11.999999999999998 
1 -5 0 6.0 9.0 
-1 2 0 4.0 10.372281323269013 
-1 1 0 3.9999999999999996 10.37228132326901 
-1 0 0 1.8412604252684779 13.999999999892985 
-1 -1 0 1.8412604252710805 13.999999626762985 
-1 -2 2 1.0864535212953674 15.99999999341472 
-1 -3 2 1.0864535212896271 15.999999996060067 
-1 -4 2 1.6466032720125494 13.999999463416422 
-1 -5 2 1.6466032722258275 13.999999998051821 
-1 -6 0 1.9999999999999978 9.849604646563384 
0 -6 0 5.0 5.0 
-1 -7 0 2.000000000000001 9.849604646563384 
0 -7 0 5.0 5.0 
-2 2 0 6.0 6.000000000000001 
-2 1 0 6.0 6.000000000000001 
-2 0 0 2.694866103972028 12.999999998216135 
-2 -1 0 2.6948661064336603 12.999999996965276 
-2 -2 0 0.9090903694199791 14.61691412397175 
-2 -3 0 0.9090903694202295 14.616914282417639 
-2 -4 3 0.9880134252671192 14.022327362442738 
-2 -5 3 0.9626361012987315 14.022325802433494 
-2 -6 2 0.3619626726671685 11.904379576431307 
-2 -7 2 0.36196267266717086 11.904379565414711 
-3 2 0 6.0 6.0 
-3 1 0 6.0 6.0 
-3 0 0 3.970211939935661 10.957321276437908 
-3 -1 0 3.970211939935659 10.957321276437908 
-3 -2 0 2.4830030903976907 13.315999974765285 
-3 -3 0 2.483003090396492 13.315999823012715 
-3 -4 0 0.9626361015620583 14.02232740775908 
-3 -5 0 0.9626361013121159 14.022327407582189 
-3 -6 1 0.3619626726671696 12.151674808745422 
-3 -7 1 0.361962672667171 12.151674844718427 
-3 -8 3 0.6276371130313252 9.77988566688246 
-2 -8 0 1.9999999999999998 7.114907541476754 
-3 -9 3 0.6276371130313232 9.779885666890817 
-2 -9 0 1.9999999999999996 7.1149075414767555 
-4 0 0 8.0 10.0 
-4 -1 0 7.999999999999999 10.0 
-4 -2 0 4.759744900753096 12.11116748200108 
-4 -3 0 4.759744900750649 12.111167482001019 
-4 -4 0 2.4432736824608527 13.104144874304199 
-4 -5 0 2.4432736824596937 13.104144945419296 
-4 -6 0 0.8980231567871605 12.151674846311888 
-4 -7 0 0.8980231566140413 12.151674874697203 
-4 -8 1 0.6276371130313236 10.090161201720727 
-4 -9 1 0.627637113031323 10.090161202283971 
-4 -10 1 0.29371811046557145 6.146398709229003 
-3 -10 0 2.0 2.0 
-4 -11 1 0.2937181104655716 6.146398709229004 
-3 -11 0 2.0 2.0 
-5 0 0 8.0 8.0 
-5 -1 0 8.0 8.0 
-5 -2 0 5.236276181524063 10.888969400889305 
-5 -3 0 5.2362761815240635 10.888969400889307 
-5 -4 0 3.3779632516413645 12.26599512219737 
-5 -5 0 3.3779632516413636 12.265995122197367 
-5 -6 0 2.0571915951442827 12.10959690745278 
-5 -7 0 2.0571915951442876 12.109596907452785 
-5 -8 0 1.0475791571455941 10.090161202576919 
-5 -9 0 1.0475791571455961 10.090161202576919 
-5 -10 0 0.29371811046557206 6.146398709229004 
-5 -11 0 0.293718110465572 6.146398709229006 
