3 9 0 2.0 2.0 
4 9 0 2.0 2.0 
3 8 0 2.0 2.0 
4 8 0 2.0 2.0 
3 7 0 1.625651462619715 10.57537973212166 
4 7 0 2.572386789951625 10.575379732121661 
3 6 0 1.6256514626197174 10.575379732121663 
4 6 0 2.5723867899516244 10.575379732121661 
3 5 0 1.7472500044620867 13.323238217528374 
4 5 0 4.520481811734065 11.798590640199423 
3 4 0 1.7472500044620691 13.323238115211609 
4 4 0 4.520481811734065 11.798590640199423 
3 3 0 3.245088839534813 11.999999999999996 
4 3 0 9.0 9.0 
3 2 0 3.2450888395348136 12.000000000000005 
4 2 0 9.0 9.0 
2 9 0 2.0 2.0 
2 8 0 2.0 2.0 
2 7 0 0.6246616894081569 9.612769528212453 
2 6 0 0.6246616894081605 9.612769528212452 
2 5 0 0.5318952614960147 13.323238038610931 
2 4 0 0.5318952612320111 13.323238219625322 
2 3 0 0.926093569300415 13.999999659765216 
2 2 0 0.926093569300351 13.999999999995442 
2 1 0 2.5564648881200074 9.889157543423966 
3 1 0 7.0 7.0 
2 0 0 2.5564648881200047 9.889157543423968 
3 0 0 7.0 7.0 
1 7 0 0.6246616894081571 7.644334282944819 
1 6 0 0.6246616894081584 7.644334282944822 
1 5 0 0.3096352785086958 11.81908194697449 
1 4 0 0.30963527850682393 11.819082459312806 
1 3 0 0.3204150841513637 13.999999669567138 
1 2 0 0.32041508415136577 13.999999998850633 
1 1 0 0.3809922253850967 11.912979596134388 
1 0 0 0.38099222538486927 11.91297960384473 
1 -1 0 2.000000000000001 7.732050807568878 
2 -1 0 5.0 5.0 
1 -2 0 2.000000000000001 7.7320508075688785 
2 -2 0 5.0 5.0 
0 7 0 4.0 4.0 
0 6 0 4.0 4.0 
0 5 0 0.3096352785063829 9.999999819718928 
0 4 0 0.30963527850637984 10.000000000000002 
0 3 1 0.32041508415134407 13.866671476180993 
0 2 1 0.32041508415134645 13.86667138037985 
0 1 2 0.3809922253848701 13.493194342550536 
0 0 2 0.3809922253848692 13.49319447628986 
0 -1 1 1.5240404381704404 9.431966695213458 
0 -2 1 1.5240404381704373 9.43196669521377 
-1 5 0 5.0 7.0 
-1 4 0 5.000000000000001 7.0 
-1 3 0 2.0182339119470556 11.999999999949408 
-1 2 0 2.018233912236315 11.999999999996861 
-1 1 0 0.9964361585091349 13.999999999953882 
-1 0 0 0.9964361585091359 13.999999999958169 
-1 -1 0 1.5240404381704407 11.082574409522847 
-1 -2 0 1.52404043817044 11.082574409521639 
-1 -3 0 3.0 3.0000000000000004 
0 -3 0 3.0 3.0 
-1 -4 0 3.0 3.0 
0 -4 0 3.0 3.0 
-2 3 0 7.0 9.0 
-2 2 0 7.0 9.0 
-2 1 0 2.886957672445764 14.000000000000002 
-2 0 0 2.88695767244577 14.000000000000007 
-2 -1 0 2.466636181233549 12.531128874149276 
-2 -2 0 2.466636181233546 12.531128874149276 
-2 -3 0 3.0 3.0000000000000004 
-2 -4 0 2.9999999999999996 3.0000000000000004 
-3 1 0 10.0 10.0 
-3 0 0 10.0 10.0 
-3 -1 0 4.468871125850725 12.531128874149275 
-3 -2 0 4.468871125850725 12.531128874149275 
-3 -3 0 3.0 3.0 
-3 -4 0 3.0 3.0 
