3 9 0 1.0 3.0 
4 9 0 3.0 3.0 
3 8 0 0.9999999999999999 3.0 
4 8 0 3.0 3.0 
3 7 0 0.9544239968037703 8.56155281280883 
4 7 0 4.438447187191169 8.56155281280883 
3 6 0 0.9544239968037721 8.56155281280883 
4 6 0 4.438447187191169 8.56155281280883 
3 5 0 1.2718281134251355 10.0 
4 5 0 8.0 8.0 
3 4 0 1.2718281134251375 10.000000000000002 
4 4 0 8.0 8.0 
2 9 0 1.0 3.0 
2 8 0 1.0 3.0 
2 7 1 0.9544239968037722 8.259352278438548 
2 6 1 0.9544239968037732 8.259352278438545 
2 5 2 1.6072245818725954 10.0 
2 4 2 1.6072245818726165 9.999999999999998 
2 3 1 1.1078141211367771 8.82842712474619 
3 3 0 3.999999999999999 6.0 
2 2 1 1.107814121136778 8.82842712474619 
3 2 0 3.999999999999999 6.0 
1 7 0 2.999999999999999 7.000000000000001 
1 6 0 2.9999999999999996 7.0 
1 5 0 0.7250827823724868 9.68338270072551 
1 4 0 0.725082782364632 9.683382701050146 
1 3 0 0.590958689750063 9.418989105314196 
1 2 0 0.5909586896372221 9.41898907718728 
1 1 0 0.8972249509033587 6.732050807568878 
2 1 0 2.0 4.0 
1 0 0 0.8972249509033587 6.732050807568878 
2 0 0 1.9999999999999998 4.0 
0 7 0 3.0000000000000004 5.0 
0 6 0 2.9999999999999996 5.0 
0 5 0 0.7250827823646254 8.999999999999998 
0 4 0 0.7250827823646242 9.0 
0 3 1 0.590958689634144 9.418989105314195 
0 2 1 0.5909586896341418 9.418989105314195 
0 1 2 0.8972249509033595 7.645751311064589 
0 0 2 0.8972249509033594 7.645751311064592 
-1 5 0 7.0 7.0 
-1 4 0 7.0 7.0 
-1 3 0 3.676595723913522 8.681330643604978 
-1 2 0 3.676595723913523 8.681330643604976 
-1 1 0 2.3542486889354097 7.645751311064589 
-1 0 0 2.3542486889354093 7.64575131106459 
-1 -1 0 2.0 2.0 
0 -1 1 2.0 2.0 
-1 -2 0 2.0 2.0 
0 -2 1 2.0 2.0 
