4 8 0 2.8299135133739677 7.0 
5 8 0 7.0 7.0 
4 7 0 2.8299135133739663 7.0 
5 7 0 7.0 7.0 
4 6 0 3.3557654390208054 18.109772228646452 
5 6 0 8.890227771353555 18.10977222864644 
4 5 0 3.3557654390209777 18.109772228646385 
5 5 0 8.890227771353555 18.10977222864644 
4 4 0 4.7222383937359655 20.0 
5 4 0 17.0 17.0 
4 3 0 4.72223839373597 20.000000000000014 
5 3 0 17.0 17.0 
3 8 0 2.829913513373965 6.999999999999999 
3 7 0 2.829913513373965 7.000000000000001 
3 6 0 1.6138653345959015 16.589868527782997 
3 5 0 1.613865334595947 16.58986851469247 
3 4 0 2.3838543174714273 19.999999995703693 
3 3 0 2.3838543174678475 19.999999997572857 
3 2 0 2.994391133308195 17.999999983730532 
4 2 0 7.7045672506104905 16.0 
3 1 0 2.994391123202515 17.999999904935105 
4 1 0 7.704567250610494 16.0 
2 8 0 2.829913513373966 7.000000000000002 
2 7 0 2.8299135133739655 7.000000000000002 
2 6 0 0.9021381876890738 14.990841135466004 
2 5 0 0.9021381876745884 14.99084113571929 
2 4 0 0.9235638032461234 19.087478234998677 
2 3 0 0.9235638032007509 19.087477963028473 
2 2 0 1.1938001796373519 19.999999921332506 
2 1 0 1.193800179667431 19.99999988553485 
2 0 0 2.127477318665798 15.99999991541783 
3 0 0 5.569313843510741 14.000000000000002 
2 -1 0 2.1274773186902656 15.99999995533455 
3 -1 0 5.569313843510744 14.000000000000007 
1 8 0 2.829913513373965 6.481194304092015 
1 7 0 2.8299135133739663 6.481194304092017 
1 6 0 0.9021381876660869 13.569351528947706 
1 5 0 0.9021381876659551 13.569351589227416 
1 4 0 0.3501519961026999 17.397434542464243 
1 3 0 0.3501519961103365 17.397434232070555 
1 2 0 0.4454886914384809 19.999996440265033 
1 1 0 0.4454886912646242 19.999999665956803 
1 0 0 0.673519386235351 17.891325286251544 
1 -1 0 0.6735193862144389 17.891325187610455 
1 -2 0 1.4845241736832697 13.911636784575077 
2 -2 0 4.637752813478745 12.000000000000005 
1 -3 0 1.4845241736831987 13.911637215961258 
2 -3 0 4.637752813478748 11.999999999999998 
0 8 0 3.9999999999999987 6.0 
0 7 0 3.999999999999999 6.0 
0 6 0 2.1216171338923577 12.03347443590087 
0 5 0 2.1216171338920704 12.033474048857052 
0 4 0 0.35015199610258485 16.481245555097846 
0 3 0 0.3501519961029353 16.481245385990203 
0 2 1 0.4454886911445968 19.74252578575476 
0 1 1 0.4454886911445989 19.742525789830268 
0 0 1 0.4181571853788552 19.59843564176192 
0 -1 1 0.41815718538036534 19.598435514237334 
0 -2 0 0.21106213702971302 15.84028066766826 
0 -3 0 0.21106213702938884 15.840279164873893 
0 -4 0 1.6738745818378882 11.71219068483884 
1 -4 0 4.040714370239204 9.677917686914075 
0 -5 0 1.6738745818378864 11.712190256765124 
1 -5 0 4.040714370239205 9.677917686914075 
-1 6 0 3.35083226323407 10.098675536628205 
-1 5 0 3.3508322632340715 10.098675536628203 
-1 4 0 1.6475460639227708 14.683693112530335 
-1 3 0 1.6475460639273312 14.68369289720895 
-1 2 0 0.5987132094055624 17.912959243966224 
-1 1 0 0.5987132096003456 17.912958874815207 
-1 0 0 0.41815718538743474 19.999999895992136 
-1 -1 0 0.41815718538071434 19.99999968571852 
-1 -2 0 0.21106213704424695 17.578378646258894 
-1 -3 0 0.21106213703834423 17.578378145470687 
-1 -4 0 0.8301133241339987 13.502000821983426 
-1 -5 0 0.8301133242246956 13.502000926797267 
-1 -6 0 1.8276579169056126 7.059445635599566 
0 -6 0 4.0 6.0 
-1 -7 0 1.8276579169056124 7.05944563559957 
0 -7 0 3.9999999999999996 6.0 
-2 4 0 4.041840604533666 12.741295066038385 
-2 3 0 4.041840604533552 12.741294862210957 
-2 2 0 2.3314302188989386 16.83900778611688 
-2 1 0 2.3314302129655844 16.839008185169064 
-2 0 0 1.2166272781540588 19.999999843084726 
-2 -1 0 1.216627278166766 19.999999958093976 
-2 -2 0 0.8765263093297323 19.12668158858374 
-2 -3 0 0.8765263092172197 19.126681594663992 
-2 -4 0 0.8301133241339888 15.32171018172489 
-2 -5 0 0.8301133241344064 15.32171025548188 
-2 -6 0 1.8276579169056106 7.5669509661997125 
-2 -7 0 1.8276579169056113 7.566950966199719 
-3 2 0 5.2997728514183615 14.8325187173623 
-3 1 0 5.299772851418361 14.832518717362312 
-3 0 0 3.40112010693826 17.999999469806173 
-3 -1 0 3.401120096584363 17.99999952740281 
-3 -2 0 2.2671183747193444 19.999999991133592 
-3 -3 0 2.2671183766913905 19.999999998507935 
-3 -4 0 1.7951290277943597 16.92567781845218 
-3 -5 0 1.795129021424263 16.92567781823377 
-3 -6 0 1.8276579169056115 7.999999999999996 
-3 -7 0 1.8276579169056117 7.999999999999999 
-4 0 0 7.087898337071794 16.829331555438877 
-4 -1 0 7.087898337071796 16.829331555438884 
-4 -2 0 4.901463746715119 19.999999997887734 
-4 -3 0 4.90146374671515 19.99999943513923 
-4 -4 0 3.481862390488367 18.472135935756942 
-4 -5 0 3.481862390374314 18.472135954997274 
-4 -6 0 2.6993500152110834 8.0 
-4 -7 0 2.6993500152110816 8.000000000000002 
-5 -2 0 18.0 18.0 
-5 -3 0 18.0 18.0 
-5 -4 0 9.527864045000422 18.47213595499958 
-5 -5 0 9.52786404500042 18.47213595499958 
-5 -6 0 8.0 8.0 
-5 -7 0 8.0 8.0 
