2 2 0 2.8299135133739677 7.000000000000001 
3 2 0 7.0 7.0 
2 1 0 2.829913513373966 7.000000000000002 
3 1 0 7.0 7.0 
2 0 0 3.543807209120063 16.531128874149243 
3 0 0 8.468871125850725 16.531128874149275 
2 -1 0 3.5438072091191493 16.53112887414927 
3 -1 0 8.468871125850724 16.531128874149275 
2 -2 0 4.57171136605204 17.999999999948106 
3 -2 0 16.0 16.0 
2 -3 0 4.571711366052043 17.999999999999908 
3 -3 0 16.0 16.0 
1 2 0 2.829913513373965 7.000000000000002 
1 1 0 2.829913513373966 7.000000000000002 
1 0 0 1.6231924803863236 14.978446076855985 
1 -1 0 1.6231924803883073 14.97844609980777 
1 -2 0 2.2508872324333873 17.99999999439895 
1 -3 0 2.2508872324471887 17.99999999153939 
1 -4 0 2.9681488850292745 15.928542083154404 
2 -4 0 6.70456725061049 15.000000000000002 
1 -5 0 2.968148884987942 15.928542107720602 
2 -5 0 6.704567250610491 15.000000000000002 
0 2 0 2.829913513373966 7.0 
0 1 0 2.8299135133739655 7.0 
0 0 1 1.2713382392020898 13.147410423792373 
0 -1 1 1.271338239202075 13.14741034668819 
0 -2 1 0.565712231399537 17.147003945523256 
0 -3 1 0.5657122313995322 17.147003809812592 
0 -4 0 0.40640678476185094 17.99999999243077 
0 -5 0 0.4064067847618856 17.99999967512152 
0 -6 0 1.4024217222018944 14.850504102316423 
1 -6 0 4.84644812296316 13.63464242030054 
0 -7 0 1.4024217222017097 14.85050404474635 
1 -7 0 4.846448122963165 13.63464242030054 
-1 2 0 2.829913513373965 6.481194304092017 
-1 1 0 2.829913513373967 6.481194304092015 
-1 0 0 1.2713382392034631 11.697154229107534 
-1 -1 0 1.27133823951519 11.697154233427813 
-1 -2 0 0.5657122313998071 15.513624723210626 
-1 -3 0 0.5657122317641339 15.513624662838604 
-1 -4 0 0.4064067847624953 17.999999992170054 
-1 -5 0 0.4064067847625288 17.999999995205176 
-1 -6 0 0.6142114203081779 15.999999991455706 
-1 -7 0 0.6142114202783796 15.99999923565459 
-1 -8 0 1.2708031736771503 13.423905497538076 
0 -8 0 3.6326955975604656 11.657136249860187 
-1 -9 0 1.2708031736771235 13.423905975181466 
0 -9 0 3.6326955975604647 11.657136249860185 
-2 2 0 4.000000000000001 6.0 
-2 1 0 4.0 6.0 
-2 0 0 2.162734362561313 10.449095081305163 
-2 -1 0 2.16273436255197 10.449095051212261 
-2 -2 0 0.8999359128021309 14.626001575974598 
-2 -3 0 0.8999359131294611 14.626001461363543 
-2 -4 1 0.6035900287963225 17.999999995502378 
-2 -5 1 0.6035900287963254 17.999999991270954 
-2 -6 1 0.6142114204921882 17.707108736347973 
-2 -7 1 0.6142114202754516 17.707109242976497 
-2 -8 0 0.3088838901229212 14.420938597183655 
-2 -9 0 0.30888389009608164 14.42093859739053 
-2 -10 0 1.4426006131147457 11.460234567465708 
-1 -10 0 2.875621127175953 8.63877411488484 
-2 -11 0 1.442600612640737 11.460234567465708 
-1 -11 0 2.8756211271759526 8.638774114884846 
-3 0 0 4.999999999999998 9.0 
-3 -1 0 5.000000000000002 8.999999999999998 
-3 -2 0 2.78057491710517 12.854436434187331 
-3 -3 0 2.780574917097709 12.854436434768315 
-3 -4 0 1.179406306798218 15.904069436829703 
-3 -5 0 1.1794063059386606 15.904069412684853 
-3 -6 0 0.6366356641170743 17.99999998602491 
-3 -7 0 0.6366356636695903 17.99999999851155 
-3 -8 0 0.30888389009601847 15.280972133216569 
-3 -9 0 0.3088838901711965 15.280971904785941 
-3 -10 0 0.7392168749709915 12.961387832401645 
-3 -11 0 0.739216874970991 12.961387832385835 
-3 -12 0 3.0 5.0 
-2 -12 0 3.0 5.0 
-3 -13 0 2.9999999999999996 5.0 
-2 -13 0 2.9999999999999996 5.0 
-4 -2 0 6.267949192431124 11.732050807568877 
-4 -3 0 6.267949192431122 11.732050807568873 
-4 -4 0 3.656579567741077 14.999999641264308 
-4 -5 0 3.6565795644343537 14.999999931530716 
-4 -6 0 1.9105950418448145 17.99999999961169 
-4 -7 0 1.9105950417756021 17.999999997995157 
-4 -8 0 1.1366268187654844 16.646654237023913 
-4 -9 0 1.1366268187665525 16.646654230846213 
-4 -10 0 0.7392168757007723 13.006346516710513 
-4 -11 0 0.739216874970992 13.006346596466706 
-4 -12 0 2.9999999999999996 5.0 
-4 -13 0 2.9999999999999996 5.0 
-5 -4 0 9.267949192431127 12.999999999999998 
-5 -5 0 9.267949192431123 13.0 
-5 -6 0 5.609040683424824 15.999999999928065 
-5 -7 0 5.609040683424831 15.99999999998095 
-5 -8 0 3.8003461927406477 16.646653423453202 
-5 -9 0 3.800346192652783 16.646654237481428 
-5 -10 0 3.077502242216208 13.503307634654979 
-5 -11 0 3.0775022422162053 13.503307634654961 
-5 -12 0 3.0 5.0 
-5 -13 0 3.0000000000000004 5.0 
-6 -6 0 14.0 14.0 
-6 -7 0 14.0 14.0 
-6 -8 0 8.916127640564394 15.297070544363276 
-6 -9 0 8.91612764056439 15.297070544363269 
-6 -10 0 6.111763991156588 13.503307634654973 
-6 -11 0 6.1117639911565895 13.503307634654977 
-6 -12 0 5.0 5.0 
-6 -13 0 5.0 5.0 
