2 2 0 0.9999999999999988 7.0 
3 2 0 7.0 7.0 
2 1 0 1.0000000000000004 7.000000000000002 
3 1 0 7.0 7.0 
2 0 0 2.378826693965277 18.10977222864645 
3 0 0 8.890227771353555 18.10977222864644 
2 -1 0 2.378826693965421 18.109772228646428 
3 -1 0 8.890227771353555 18.10977222864644 
2 -2 0 3.8753946340920638 19.999999999999567 
3 -2 0 17.0 17.0 
2 -3 0 3.875394634092066 19.999999999999986 
3 -3 0 17.0 17.0 
1 2 0 0.9999999999999996 6.999999999999999 
1 1 0 1.0000000000000013 7.0 
1 0 0 0.42342452517585005 16.532935605665017 
1 -1 0 0.4234245251758517 16.53293560583269 
1 -2 0 0.5696614167111514 19.99999999994935 
1 -3 0 0.5696614167111524 19.999999979719885 
1 -4 0 2.691949424407488 17.999999989715583 
2 -4 0 7.089371933723403 15.857842095785664 
1 -5 0 2.6919494279617644 17.999999993622428 
2 -5 0 7.089371933723406 15.857842095785662 
0 2 0 5.999999999999999 6.0 
0 1 0 6.0 6.000000000000001 
0 0 0 0.42342452517584805 15.539042940529743 
0 -1 0 0.4234245251872254 15.539043090466457 
0 -2 1 0.5696614167111498 19.638225069468838 
0 -3 1 0.5696614167111493 19.638225085865265 
0 -4 1 1.246523895425004 19.832936668321068 
0 -5 1 1.2465238954250042 19.832950544498917 
0 -6 0 2.294156545893626 16.99999903015285 
1 -6 0 5.309080946982949 14.000000000000002 
0 -7 0 2.294156546753226 16.999998821357128 
1 -7 0 5.309080946982947 14.000000000000002 
-1 2 0 5.999999999999999 6.000000000000001 
-1 1 0 5.999999999999999 6.0 
-1 0 0 3.267757291272134 14.734252688731086 
-1 -1 0 3.267757291163819 14.734252768369675 
-1 -2 0 0.9424852916449725 17.820305084071343 
-1 -3 0 0.9424852923608785 17.820305069236316 
-1 -4 0 0.3155976465362746 19.999999870357367 
-1 -5 0 0.31559764645391547 19.999999600058654 
-1 -6 0 0.871774348755327 17.840665635122058 
-1 -7 0 0.8717743480288745 17.840665289289994 
-1 -8 0 1.867126543276865 15.830329855488172 
0 -8 0 5.182124660523608 13.0 
-1 -9 0 1.8671265434160278 15.830329862844751 
0 -9 0 5.182124660523614 12.999999999999998 
-2 2 0 6.0 6.000000000000001 
-2 1 0 5.999999999999999 6.0 
-2 0 0 3.8136258793792264 13.980781144384729 
-2 -1 0 3.813625879451002 13.980781159184414 
-2 -2 0 2.2398646244768163 16.325935563907073 
-2 -3 0 2.239864622476096 16.325933492256823 
-2 -4 0 0.3155976464528993 19.999999999920885 
-2 -5 0 0.31559764645140714 19.999999997866446 
-2 -6 1 0.7872230089589533 19.327836366933052 
-2 -7 1 0.7872230091615584 19.325197726325783 
-2 -8 0 0.2932933646224334 16.57836163979854 
-2 -9 0 0.2932933646343345 16.578361882031174 
-2 -10 0 1.5957388204495375 13.819188821249675 
-1 -10 0 4.547498801085593 10.92201277545739 
-2 -11 0 1.595738818878322 13.819188807414909 
-1 -11 0 4.54749880108559 10.9220127754574 
-3 2 0 6.0 6.0 
-3 1 0 6.0 6.0 
-3 0 0 4.0751181344940495 13.282937236933133 
-3 -1 0 4.075118134494046 13.282937236933142 
-3 -2 0 2.504694522406299 15.503912992739277 
-3 -3 0 2.5046945224102055 15.503913121955344 
-3 -4 0 1.4011481646149615 17.54531463577069 
-3 -5 0 1.4011481646084427 17.545316370865933 
-3 -6 0 0.7872230089225728 19.327836350503812 
-3 -7 0 0.7872230090380139 19.32783476155787 
-3 -8 0 0.2855591619413648 17.469933782510473 
-3 -9 0 0.28555916203319837 17.469934106006136 
-3 -10 1 0.6117536633286889 15.173715708210093 
-3 -11 1 0.6117536633286951 15.173715681551537 
-3 -12 0 1.3202417669590105 11.442512023502196 
-2 -12 0 4.198062264195162 7.801937735804838 
-3 -13 0 1.3202417669591975 11.442512025653967 
-2 -13 0 4.198062264195162 7.801937735804839 
-4 0 0 5.72257284251454 11.277427157485459 
-4 -1 0 5.72257284251454 11.277427157485462 
-4 -2 0 3.8117349718909925 14.681230276457676 
-4 -3 0 3.8117350163753474 14.681230177325366 
-4 -4 0 2.2491741581869036 16.617236656687382 
-4 -5 0 2.2491741581936417 16.61723699065574 
-4 -6 0 1.1368018210359274 18.416707341159416 
-4 -7 0 1.1368018216573668 18.41670751677967 
-4 -8 0 0.28555916195182096 17.580683428357684 
-4 -9 0 0.28555916194117403 17.58068273693285 
-4 -10 1 0.4689918995157231 15.872501156263725 
-4 -11 1 0.468991899515826 15.872500705429628 
-4 -12 0 0.11613096859432577 12.825958872033699 
-4 -13 0 0.11613096859432619 12.825959286057268 
-4 -14 0 1.118301344690462 7.8490392484101745 
-3 -14 0 4.0 4.0 
-4 -15 0 1.1183013446904608 7.849039248410177 
-3 -15 0 4.0 4.0 
-5 0 0 6.999999999999999 9.0 
-5 -1 0 7.0 9.0 
-5 -2 0 5.007595125703467 13.742325085416718 
-5 -3 0 5.007595124357645 13.742325085393453 
-5 -4 0 3.2958383855120688 15.827294283859452 
-5 -5 0 3.2958383853987416 15.827294281127326 
-5 -6 0 1.911216288392788 17.47957628594193 
-5 -7 0 1.9112162883935946 17.479576224974334 
-5 -8 0 0.9682721411808414 17.580683800214516 
-5 -9 0 0.9682721411744486 17.580683365354016 
-5 -10 0 0.4689918995158074 15.988428590338419 
-5 -11 0 0.4689918995157886 15.988428458883494 
-5 -12 0 0.11613096859435564 13.26164350229907 
-5 -13 0 0.11613096859438235 13.26164361175095 
-5 -14 1 1.0590174338430356 9.244867138223915 
-5 -15 1 1.0590174338414726 9.244867138224038 
-6 -2 0 9.000000000000002 11.0 
-6 -3 0 9.000000000000002 11.0 
-6 -4 0 6.135345663025842 14.99999999999593 
-6 -5 0 6.135345663025832 14.999999999974335 
-6 -6 0 4.212983856384078 16.710419893921472 
-6 -7 0 4.212983830363643 16.7104198939322 
-6 -8 0 2.744877176623081 17.265767651876796 
-6 -9 0 2.7448771766240223 17.265767697778987 
-6 -10 0 1.7910346573294558 15.988428595022201 
-6 -11 0 1.7910346573235407 15.9884285048291 
-6 -12 0 1.2805484764960218 13.379022524927663 
-6 -13 0 1.2805484764846518 13.379022515577407 
-6 -14 0 1.0590174338536391 9.782802283587975 
-6 -15 0 1.0590174338421021 9.78280228358798 
-6 -16 0 1.0 3.0 
-5 -16 0 1.0 3.0 
-6 -17 0 1.0000000000000002 3.0 
-5 -17 0 0.9999999999999999 3.0 
-7 -4 0 13.0 13.0 
-7 -5 0 13.0 13.0 
-7 -6 0 9.15259269547053 14.883450717586028 
-7 -7 0 9.152592695470528 14.883450717586028 
-7 -8 0 6.922716330992808 16.003031745540078 
-7 -9 0 6.922716330992806 16.003031745540078 
-7 -10 0 5.175633084059145 15.609598907167804 
-7 -11 0 5.175633084059149 15.609598907167804 
-7 -12 0 3.943891276079667 13.379022529070689 
-7 -13 0 3.9438912760796634 13.379022529070687 
-7 -14 0 3.237518668359187 9.782802283587975 
-7 -15 0 3.237518668359184 9.782802283587975 
-7 -16 0 3.0 3.0 
-7 -17 0 3.0 3.0 
