3 9 0 3.0 3.0 
4 9 0 3.0 3.0 
3 8 0 3.0 3.0 
4 8 0 3.0 3.0 
3 7 0 1.9335635597194707 8.402678829521191 
4 7 0 3.2812903096080857 8.402678829521191 
3 6 0 1.9335635597194698 8.402678829521191 
4 6 0 3.2812903096080843 8.402678829521188 
3 5 0 2.214853869415963 13.638746807019665 
4 5 0 4.045222332108296 13.638746807020985 
3 4 0 2.2148538693297146 13.638746807020304 
4 4 0 4.045222332108295 13.638746807020976 
3 3 0 2.909008986341309 14.908121799295753 
4 3 0 4.972644175022289 14.027355824977711 
3 2 0 2.9090089863422435 14.908121802254414 
4 2 0 4.97264417502229 14.027355824977713 
3 1 0 3.8364308292555176 14.791287847429865 
4 1 0 7.76393202250021 12.791287847477921 
3 0 0 3.836430829256494 14.79128784737309 
4 0 0 7.76393202250021 12.791287847477918 
3 -1 0 5.20871215252208 13.000000000000002 
4 -1 0 11.0 11.0 
3 -2 0 5.208712152522079 13.0 
4 -2 0 11.0 11.0 
2 9 0 3.0 3.0000000000000004 
2 8 0 3.0 3.0 
2 7 0 0.9999999999999997 8.402678829521188 
2 6 0 0.999999999999999 8.40267882952119 
2 5 0 1.0000000001407354 13.63874680670588 
2 4 0 1.0000000002844847 13.638746806918032 
2 3 0 1.0000000000003015 14.908121429525409 
2 2 0 1.0000000000054075 14.908121776901133 
2 1 0 1.2812903096224213 15.67205381740176 
2 0 0 1.2812903096156836 15.67205381878049 
2 -1 0 2.2087121525237055 14.999999999559689 
2 -2 0 2.2087121525246523 14.999999870562926 
2 -3 0 4.20871224176433 11.999999999997069 
3 -3 0 7.999999999999999 9.999999999999998 
2 -4 0 4.208712152522079 11.999999999991255 
3 -4 0 7.999999999999999 9.999999999999998 
1 9 0 3.0 3.0 
1 8 0 3.0 3.0 
1 7 0 1.0000000000000009 8.402678829521191 
1 6 0 1.0000000000000018 8.402678829521188 
1 5 0 0.47690440936912354 12.039083611630161 
1 4 0 0.47690440936904194 12.039083766731508 
1 3 0 0.47690440944301105 14.908121802280776 
1 2 0 0.4769044098073334 14.908121508436391 
1 1 0 0.47690440936864087 15.67205382401995 
1 0 0 0.4769044097510741 15.672053342403657 
1 -1 0 0.6485365351864751 15.548521388135965 
1 -2 0 0.648536535248838 15.548521413472912 
1 -3 0 1.6438806713757566 12.636404621004743 
1 -4 0 1.643880671376754 12.636404556386347 
1 -5 0 2.999999999999999 9.000000000000002 
2 -5 0 5.999999999999999 8.0 
1 -6 0 2.9999999999999982 9.0 
2 -6 0 6.000000000000001 8.0 
0 7 0 2.4769044093683306 6.441290910412461 
0 6 0 2.47690440936833 6.441290910412462 
0 5 0 0.47690440937009754 11.40267882908461 
0 4 0 0.4769044094310329 11.40267882948785 
0 3 1 0.47690440936832845 14.40267882753438 
0 2 1 0.4769044093683304 14.402678828878402 
0 1 3 0.9335635597194667 15.672053824057066 
0 0 3 0.9335635597194647 15.67205382448471 
0 -1 3 0.9335635597194686 15.99999999993933 
0 -2 3 0.9335635597194694 15.99999997562288 
0 -3 1 0.9335635597194725 14.236067977442621 
0 -4 1 0.9335635598858363 14.236067977478768 
0 -5 0 1.0000000000044442 10.23606797513162 
0 -6 0 1.0000000000054823 10.23606797001618 
0 -7 0 2.999999999999999 6.0 
1 -7 0 5.0 5.0 
0 -8 0 3.0 6.0 
1 -8 0 5.0 5.0 
-1 5 0 3.476904409368329 9.44129091041246 
-1 4 0 3.47690440936833 9.441290910412464 
-1 3 0 1.8751145805725895 12.672053752668166 
-1 2 0 1.8751145802413383 12.67205382473702 
-1 1 0 1.0831602254181452 15.672053554455541 
-1 0 0 1.083160225381562 15.672053822721416 
-1 -1 0 0.9335635597277927 15.999999970160133 
-1 -2 0 0.9335635597209015 15.999999998956318 
-1 -3 0 0.9335635598490916 14.784589485160208 
-1 -4 0 0.93356355975034 14.784589510975332 
-1 -5 0 1.0000000004906757 11.236067977372212 
-1 -6 0 1.0000000000093696 11.236067977470189 
-1 -7 0 3.0 6.0 
-1 -8 0 2.999999999999999 6.000000000000001 
-2 3 0 4.875114580235426 11.761557181831886 
-2 2 0 4.875114580235425 11.761557181831888 
-2 1 0 3.2408364318685434 14.761556824345988 
-2 0 0 3.2408364318690115 14.76155718182687 
-2 -1 0 2.476904409368372 15.999999992788789 
-2 -2 0 2.4769044093727386 15.999999997529674 
-2 -3 0 2.0000000000833937 15.236067977375548 
-2 -4 0 2.000000000134261 15.23606797745406 
-2 -5 0 1.9335635630246382 11.236067977488936 
-2 -6 0 1.933563559719468 11.236067977497516 
-2 -7 0 2.9999999999999973 6.000000000000002 
-2 -8 0 2.999999999999999 6.000000000000002 
-3 1 0 7.875114580235426 13.000000000000002 
-3 0 0 7.875114580235426 13.000000000000002 
-3 -1 0 4.639046602735642 16.0 
-3 -2 0 4.639046602735636 15.999999999999986 
-3 -3 0 3.847092247879246 15.2360679727519 
-3 -4 0 3.8470922478792504 15.236067928659942 
-3 -5 0 3.0831602253790384 11.23606797749979 
-3 -6 0 3.0831602253790384 11.236067977499788 
-3 -7 0 3.0 6.0 
-3 -8 0 3.0 6.0 
-4 -1 0 14.0 14.0 
-4 -2 0 14.0 14.0 
-4 -3 0 10.000000000000004 15.236067977499788 
-4 -4 0 10.000000000000002 15.23606797749979 
-4 -5 0 6.76393202250021 11.23606797749979 
-4 -6 0 6.763932022500209 11.236067977499786 
-4 -7 0 6.0 6.0 
-4 -8 0 6.0 6.0 
