2 2 0 1.585786437626905 5.000000000000001 
3 2 0 5.0 5.0 
2 1 0 1.5857864376269053 5.0 
3 1 0 5.0 5.0 
2 0 0 2.2106554225176165 14.767276363968595 
3 0 0 5.897406596912235 14.767276363968765 
2 -1 0 2.210655422529072 14.767276363968294 
3 -1 0 5.897406596912236 14.767276363968762 
2 -2 0 3.001569573408461 18.616344354584058 
3 -2 0 8.949568999388308 17.234101403945107 
2 -3 0 3.001569573408457 18.616344377902582 
3 -3 0 8.949568999388307 17.234101403945104 
2 -4 0 4.328852499190097 17.99999999985606 
3 -4 0 15.0 15.0 
2 -5 0 4.328852499190101 17.999999999973618 
3 -5 0 15.0 15.0 
1 2 0 1.5857864376269044 5.0 
1 1 0 1.585786437626904 5.000000000000001 
1 0 0 1.007496391975047 13.618621501515683 
1 -1 0 1.0074963919791136 13.618621501505963 
1 -2 0 1.3937526134284652 18.616344378259683 
1 -3 0 1.3937526161386107 18.616344348187518 
1 -4 0 2.246141032916578 19.999999988399487 
1 -5 0 2.2461410329146143 19.9999999909476 
1 -6 0 3.5699697030828723 15.999999234240024 
2 -6 0 8.438447187191175 13.0 
1 -7 0 3.5699697098412986 15.999999658066686 
2 -7 0 8.438447187191167 13.0 
0 2 0 1.5857864376269049 4.414213562373096 
0 1 0 1.5857864376269044 4.414213562373096 
0 0 1 0.8549673191369191 12.333228342305773 
0 -1 1 0.8549673191369196 12.333228326258801 
0 -2 1 0.3349138620536037 17.258673700654462 
0 -3 1 0.33491386205360896 17.258673749364227 
0 -4 0 0.15924219980884827 19.99999999646226 
0 -5 0 0.15924219980871224 19.999999994294324 
0 -6 0 1.4635921457970726 17.99999722275929 
0 -7 0 1.4635921458060963 17.99999905520131 
0 -8 0 3.197581414760018 13.882743001614978 
1 -8 0 6.43844718719117 11.0 
0 -9 0 3.197581423711819 13.882743051137915 
1 -9 0 6.438447187191171 10.999999999999998 
-1 0 0 0.854967319136929 9.458483773970585 
-1 -1 0 0.8549673191369299 9.458483773971317 
-1 -2 0 0.3349138621847045 15.344482477332386 
-1 -3 0 0.3349138623210503 15.344482537844215 
-1 -4 0 0.15924219980869964 19.535445411655704 
-1 -5 0 0.15924219980872267 19.53544627757657 
-1 -6 0 0.46623224190948137 19.99999988065327 
-1 -7 0 0.4662322419425276 19.999999918859253 
-1 -8 0 1.3795239872635945 15.703926830590532 
-1 -9 0 1.379523988499223 15.703927820835869 
-1 -10 0 3.5857864378652424 11.393792510634684 
0 -10 0 5.585786437626905 8.414213562373094 
-1 -11 0 3.585786437732928 11.3937925106347 
0 -11 0 5.585786437626905 8.414213562373094 
-2 0 0 3.585786437626905 6.414213562373096 
-2 -1 0 3.585786437626906 6.414213562373098 
-2 -2 0 0.570071015160226 13.165561644636616 
-2 -3 0 0.5700710152299172 13.165561619362906 
-2 -4 1 0.3760677062282693 17.861423474731055 
-2 -5 1 0.3760677062282665 17.861423602257357 
-2 -6 1 0.3482217967243625 19.999997874054014 
-2 -7 1 0.34822179672436965 19.999995049579905 
-2 -8 0 0.13782432527219343 17.724766529473808 
-2 -9 0 0.1378243252560051 17.724766649676827 
-2 -10 0 1.7093636875818679 13.321137599006065 
-2 -11 0 1.709363687581886 13.321137598817414 
-3 -2 0 3.2265338188843824 10.846864588160713 
-3 -3 0 3.2265338188843855 10.846864588160711 
-3 -4 0 0.581462621274105 15.645109957757342 
-3 -5 0 0.5814626210488485 15.64510943773503 
-3 -6 0 0.34822179677203635 19.999999911849628 
-3 -7 0 0.34822179679757476 19.9999988809577 
-3 -8 0 0.13782432525789665 19.689828283293195 
-3 -9 0 0.13782432529506386 19.689827422528086 
-3 -10 0 0.5018466999877587 15.250778516913325 
-3 -11 0 0.5018466995306822 15.250778531274939 
-3 -12 0 1.6172426221711853 9.077464896586594 
-2 -12 0 3.5857864376269055 6.414213562373096 
-3 -13 0 1.6172426221711869 9.07746489658659 
-2 -13 0 3.585786437626905 6.414213562373094 
-4 -2 0 7.0 7.0 
-4 -3 0 7.0 7.0 
-4 -4 0 3.846062591730542 13.472287695785187 
-4 -5 0 3.846062590206771 13.472287170846403 
-4 -6 0 1.2012203672860715 17.999999985462136 
-4 -7 0 1.201220367861973 17.999999733500825 
-4 -8 0 0.5559368762186478 19.999999996856463 
-4 -9 0 0.5559368760085699 19.99999995692946 
-4 -10 0 0.5018466995097896 17.007337250548037 
-4 -11 0 0.501846699513538 17.007337875098028 
-4 -12 0 0.923992921495817 11.686427343670344 
-4 -13 0 0.9239929214884536 11.686427343670339 
-5 -4 0 7.999999999999999 10.0 
-5 -5 0 7.999999999999999 10.0 
-5 -6 0 4.795828288709937 15.834395990845472 
-5 -7 0 4.7958282991133405 15.834395963072092 
-5 -8 0 1.5185976776772672 19.999999775970313 
-5 -9 0 1.518597677678753 19.999999522361055 
-5 -10 0 1.1506336881327477 18.934594503434 
-5 -11 0 1.1506336881326784 18.934594555541644 
-5 -12 0 0.9239929219843469 13.339705541872261 
-5 -13 0 0.9239929226944591 13.33970554187222 
-5 -14 0 3.0 3.0 
-4 -14 0 3.0 3.0 
-5 -15 0 3.0 3.0000000000000004 
-4 -15 0 3.0 3.0 
-6 -6 0 10.0 11.999999999999998 
-6 -7 0 10.0 12.0 
-6 -8 0 5.282300114023868 17.000000000000004 
-6 -9 0 5.282300114023868 17.0 
-6 -10 0 2.6007277801177437 18.934594555588234 
-6 -11 0 2.6007277801150113 18.934594555681564 
-6 -12 0 2.0949239833037767 14.678115818687242 
-6 -13 0 2.0949239833037776 14.678115818687244 
-6 -14 0 3.0 3.0 
-6 -15 0 2.9999999999999996 3.0000000000000004 
-7 -8 0 13.0 13.0 
-7 -9 0 13.0 13.0 
-7 -10 0 7.332478868374839 16.712979947116967 
-7 -11 0 7.332478868374839 16.712979947116963 
-7 -12 0 5.18115812590074 14.678115818687246 
-7 -13 0 5.181158125900741 14.678115818687239 
-7 -14 0 3.0 3.0 
-7 -15 0 3.0 3.0 
