2 4 0 2.999999999999999 6.0 
3 4 0 6.0 6.0 
2 3 0 3.0 6.0 
3 3 0 6.0 6.0 
2 2 0 2.690465467342645 12.23606797749979 
3 2 0 7.763932022500209 12.23606797749979 
2 1 0 2.690465467342642 12.23606797749979 
3 1 0 7.763932022500211 12.23606797749979 
2 0 0 3.8260262790416 13.756868070938452 
3 0 0 13.0 13.0 
2 -1 0 3.826026279041602 13.756868070938456 
3 -1 0 13.0 13.0 
1 4 0 1.0000000000000002 6.0 
1 3 0 0.9999999999999999 6.0 
1 2 0 0.9855562967673734 12.195366572175 
1 1 0 0.9855562967673275 12.19536656849508 
1 0 0 1.1977087614630606 13.756868070887462 
1 -1 0 1.1977087614634576 13.756868070896537 
1 -2 0 1.608430903711713 12.680737787994676 
2 -2 0 5.76393202250021 11.0 
1 -3 0 1.6084309030763815 12.680737763421236 
2 -3 0 5.76393202250021 11.000000000000002 
0 4 0 1.0 6.0 
0 3 0 0.9999999999999989 6.000000000000002 
0 2 1 0.9855562967672531 11.042082121852538 
0 1 1 0.9855562967672519 11.042082121890965 
0 0 2 0.9497733544009759 13.068213328089602 
0 -1 2 0.5521841432670349 13.068213325381928 
0 -2 1 0.41392000191974015 13.505808675013622 
0 -3 1 0.413920001919738 13.505808667812394 
0 -4 0 0.4508555693632398 10.765243518875726 
1 -4 0 3.4633703787942 9.0 
0 -5 0 0.4508555693632503 10.765243519065258 
1 -5 0 3.463370378794199 9.000000000000002 
-1 4 0 2.9999999999999996 5.000000000000001 
-1 3 0 3.0 5.0 
-1 2 0 1.5595952534532018 9.728860531600933 
-1 1 0 1.5595952558395767 9.728860531600814 
-1 0 0 0.5521841432823358 12.415760061736457 
-1 -1 0 0.5521841432691558 12.415760068178553 
-1 -2 0 0.4139200019200317 13.755136850834774 
-1 -3 0 0.4139200021303141 13.755136860375476 
-1 -4 0 0.4508555693632853 12.299825130898567 
-1 -5 0 0.4508555693632217 12.299825142229768 
-1 -6 0 0.9302713495279602 8.87293479634066 
0 -6 0 1.4633703787941978 7.0 
-1 -7 0 0.9302713495226432 8.8729347957759 
0 -7 0 1.4633703787941963 7.000000000000001 
-2 2 0 4.064567668029969 8.472833908995256 
-2 1 0 4.064567668029972 8.472833908995256 
-2 0 0 2.1239529051753916 11.809182606551047 
-2 -1 0 2.1239529115374367 11.809182663835141 
-2 -2 0 1.118866546549046 13.755136854854772 
-2 -3 0 1.1188665464684644 13.755136469832731 
-2 -4 0 0.778871429447934 13.16686717256299 
-2 -5 0 0.7788714293191858 13.166897185652386 
-2 -6 0 0.9302713495194997 10.399351781616039 
-2 -7 0 0.9302713498630658 10.39935177781797 
-2 -8 0 1.9999999999999996 4.0 
-1 -8 0 2.0 4.0 
-2 -9 0 1.9999999999999996 4.0 
-1 -9 0 2.0000000000000004 4.0 
-3 0 0 5.438447187191169 10.0 
-3 -1 0 5.43844718719117 9.999999999999998 
-3 -2 0 3.336734470180434 12.999999999999998 
-3 -3 0 3.3367344701804345 13.000000000000002 
-3 -4 0 2.1890605932860017 13.16366294876972 
-3 -5 0 2.1890605939774086 13.16689718573162 
-3 -6 0 1.815290271604176 11.832211654587244 
-3 -7 0 1.8152902716041759 11.832211654587246 
-3 -8 0 2.0000000000000004 4.0 
-3 -9 0 2.0000000000000004 4.0 
-4 -2 0 11.0 11.0 
-4 -3 0 11.0 11.0 
-4 -4 0 6.000000000000001 12.0 
-4 -5 0 6.000000000000001 11.999999999999998 
-4 -6 0 4.692226301612771 11.832211654587248 
-4 -7 0 4.692226301612773 11.832211654587248 
-4 -8 0 4.0 4.0 
-4 -9 0 4.0 4.0 
