1 5 0 1.0 1.0 
2 5 0 1.0 1.0 
1 4 0 1.0 1.0 
2 4 0 1.0 1.0 
1 3 1 1.4384471871911697 5.561552812808831 
2 3 0 1.43844718719117 5.56155281280883 
1 2 1 1.4384471871911697 5.561552812808831 
2 2 0 1.4384471871911697 5.561552812808831 
1 1 1 2.5857864376269046 5.999999999999998 
2 1 0 4.0 4.0 
1 0 1 2.5857864376269055 6.000000000000001 
2 0 0 4.0 4.0 
0 3 0 2.9999999999999996 5.0 
0 2 0 3.0 5.0 
0 1 0 0.7639320225002109 6.000000000000002 
0 0 0 0.7639320225002104 6.0 
0 -1 0 1.2679491924311228 4.732050807568876 
1 -1 0 2.0 2.0 
0 -2 0 1.2679491924311226 4.732050807568877 
1 -2 0 2.0 2.0 
-1 3 0 3.0 3.0 
-1 2 0 3.0 3.0 
-1 1 0 0.7639320225002104 5.23606797749979 
-1 0 0 0.7639320225002101 5.236067977499791 
-1 -1 1 1.2679491924311228 4.732050807568876 
-1 -2 1 1.2679491924311237 4.7320508075688785 
