5 13 0 2.000000000000001 4.0 
6 13 0 4.0 4.0 
5 12 0 2.0 4.0 
6 12 0 4.0 4.0 
5 11 0 2.1763806084549633 14.64080598827655 
6 11 0 4.927547899865794 14.64080598827655 
5 10 0 2.1763806084549664 14.640805988276552 
6 10 0 4.927547899865796 14.640805988276549 
5 9 0 2.74065845352987 16.94090408467358 
6 9 0 6.876894374382341 15.123105625617661 
5 8 0 2.740658457516774 16.94090408468715 
6 8 0 6.8768943743823385 15.12310562561766 
5 7 0 4.436840052985516 16.000000000000004 
6 7 0 13.0 13.0 
5 6 0 4.4368400529855085 15.999999999999995 
6 6 0 13.0 13.0 
4 13 0 2.0 4.0 
4 12 0 2.0 4.0 
4 11 0 0.8077239896408142 13.085485383930228 
4 10 0 0.8077239893647796 13.08548538393448 
4 9 0 1.2179037649215294 16.940904015430604 
4 8 0 1.2179037649032165 16.940904084686213 
4 7 0 1.6817381069091 17.999999697892957 
4 6 0 1.6817381069575355 17.999999999651557 
4 5 0 3.421712232422652 13.999999838927499 
5 5 0 7.438447187191166 12.000000000000004 
4 4 0 3.421712233691651 13.999999934220885 
5 4 0 7.438447187191169 11.999999999999998 
3 13 0 1.9999999999999996 3.9999999999999996 
3 12 0 2.0 3.9999999999999996 
3 11 0 0.8077239897932801 11.027107922565408 
3 10 0 0.807723989364801 11.027107923725453 
3 9 0 0.2502003533025575 15.493569698277785 
3 8 0 0.2502003533055059 15.493569701591655 
3 7 0 0.5236333661868501 17.999999996802902 
3 6 0 0.5236333662552884 17.999999730984573 
3 5 0 1.0319100062542408 15.999999961939348 
3 4 0 1.031910005994449 15.999998791371278 
3 3 0 2.7890507134133675 12.024017154696448 
4 3 0 6.06456766802997 10.472833908995256 
3 2 0 2.789050706527675 12.024017165354067 
4 2 0 6.06456766802997 10.472833908995256 
2 11 0 1.0505652710360005 8.370519786435109 
2 10 0 1.0505652710359996 8.370519786435107 
2 9 0 0.2502003533025238 13.768239285701235 
2 8 0 0.25020035340152513 13.768238992569835 
2 7 1 0.5236333661867991 17.62504941291068 
2 6 1 0.5236333661867977 17.625051818919363 
2 5 1 0.5347992862892452 17.999999992665856 
2 4 1 0.5347992862892391 17.999999967360395 
2 3 0 0.7579498425214214 13.697967471051182 
2 2 0 0.7579498425156388 13.69796783789341 
2 1 0 2.6162402800541864 8.211416766338715 
3 1 0 5.0 7.0 
2 0 0 2.6162402800541837 8.211416766338717 
3 0 0 5.000000000000001 7.0 
1 9 0 1.3255315838598662 11.409890608948396 
1 8 0 1.325531584550499 11.409890609019008 
1 7 0 0.733358931841923 15.88817306477325 
1 6 0 0.7333589322688421 15.888173096247264 
1 5 0 0.2532445156029974 17.99999984706304 
1 4 0 0.253244515616536 17.999999834391755 
1 3 0 0.6034023667239469 15.724567153282917 
1 2 0 0.6034023666615421 15.724567187940837 
1 1 0 1.5474516511078023 10.856413655913492 
1 0 0 1.5474516511356589 10.856413655913494 
0 9 0 5.0 7.0 
0 8 0 5.0 7.0 
0 7 0 1.3796702836082355 13.999999978663594 
0 6 0 1.3796702835395676 13.999999883908329 
0 5 0 0.25324451560298905 17.918470643179948 
0 4 0 0.25324451560485134 17.91847576538217 
0 3 1 0.6034023665658091 17.362211965110287 
0 2 1 0.6034023665658091 17.36221187516098 
0 1 1 1.2274034662088424 12.952500350980847 
0 0 1 1.2274034662088382 12.952500344622207 
-1 7 0 5.999999999999999 9.999999999999998 
-1 6 0 6.0 10.0 
-1 5 0 2.389788140552004 15.99999994298038 
-1 4 0 2.3897881409992534 15.99999998973242 
-1 3 0 1.6961796036878387 17.99999999774578 
-1 2 0 1.696179603687913 17.999999999241105 
-1 1 0 1.2274034662089468 14.781283916339499 
-1 0 0 1.2274034726067784 14.781283913351382 
-1 -1 0 2.0 4.0 
0 -1 0 1.9999999999999996 4.0 
-1 -2 0 2.0 4.0 
0 -2 0 1.9999999999999996 3.9999999999999996 
-2 5 0 9.0 12.0 
-2 4 0 9.000000000000002 11.999999999999996 
-2 3 0 2.988765077289376 18.0 
-2 2 0 2.988765077289378 18.00000000000001 
-2 1 0 2.2753728081195352 16.0 
-2 0 0 2.2753728081195272 16.000000000000004 
-2 -1 0 2.000000000000001 4.0 
-2 -2 0 2.0000000000000004 4.0 
-3 3 0 13.0 13.0 
-3 2 0 13.0 13.0 
-3 1 0 5.999999999999999 16.0 
-3 0 0 6.0 16.0 
-3 -1 0 4.0 4.0 
-3 -2 0 4.0 4.0 
