2 8 0 1.0 1.0 
3 8 0 1.0 1.0 
2 7 0 1.0 1.0 
3 7 0 1.0 1.0 
2 6 1 1.3819660112501055 6.1642479384602105 
3 6 0 1.6086176193690993 6.164247938460211 
2 5 1 1.381966011250105 6.164247938460214 
3 5 0 1.6086176193691 6.1642479384602105 
2 4 1 1.0599248465127245 8.512290143081785 
3 4 0 2.5857864376269046 7.947412642480456 
2 3 1 1.0599248465127267 8.512290154169587 
3 3 0 2.585786437626904 7.947412642480453 
2 2 0 0.7550758260597084 8.825412272777246 
3 2 0 3.8850924585232436 7.860805853111704 
2 1 0 0.7550758260597084 8.825412292220182 
3 1 0 3.885092458523245 7.860805853111701 
2 0 0 2.1034522538046216 7.095373935852243 
3 0 0 6.0 6.0 
2 -1 0 2.1034522538046208 7.095373935852244 
3 -1 0 6.0 6.0 
1 6 0 1.3819660112501053 4.618033988749894 
1 5 0 1.381966011250105 4.618033988749896 
1 4 0 1.0498336621964917 8.512290159897002 
1 3 0 1.0498336621973563 8.512290159898699 
1 2 0 0.7550758268726243 9.718496000148567 
1 1 0 0.7550758260597085 9.718495998651138 
1 0 0 2.0612576411360406 9.0 
1 -1 0 2.0612576410415513 9.000000000000005 
1 -2 0 4.0 4.0 
2 -2 0 4.0 4.0 
1 -3 0 4.0 4.0 
2 -3 0 4.0 4.0 
0 4 0 1.0498336621964925 6.999999999999999 
0 3 0 1.0498336621964952 7.000000000000001 
0 2 1 1.2478859431303004 9.71849600021691 
0 1 1 1.2478859431302978 9.718496000216906 
0 0 1 1.2415400923597313 9.538656887132307 
0 -1 1 1.2415400923597348 9.538656780645066 
0 -2 0 1.0000000000000009 5.0 
0 -3 0 1.0000000000000007 5.000000000000001 
-1 2 0 2.572121127629257 8.803542495682597 
-1 1 0 2.572121127629255 8.803542495682597 
-1 0 0 1.241540092359733 10.000000000000004 
-1 -1 0 1.2415400923597326 10.000000000000004 
-1 -2 0 0.9999999999999987 5.0 
-1 -3 0 1.0000000000000002 5.0 
-2 0 0 10.0 10.0 
-2 -1 0 10.0 10.0 
-2 -2 0 5.0 5.0 
-2 -3 0 5.0 5.0 
