4 10 0 2.9999999999999982 5.0 
5 10 0 5.0 5.0 
4 9 0 3.0 5.000000000000001 
5 9 0 5.0 5.0 
4 8 0 1.9868999071114448 12.701562118716424 
5 8 0 6.298437881283577 12.701562118716424 
4 7 0 1.9868999071114488 12.701562118716428 
5 7 0 6.298437881283576 12.701562118716424 
4 6 0 3.1956445339983 14.000000000000005 
5 6 0 12.0 12.0 
4 5 0 3.1956445339983017 14.000000000000002 
5 5 0 12.0 12.0 
3 10 0 1.0000000000000009 5.0 
3 9 0 0.9999999999999987 5.0 
3 8 0 0.621304793244829 11.422011473012518 
3 7 0 0.6213047932448307 11.422011473012505 
3 6 0 0.5353764060068088 13.999999999801549 
3 5 0 0.5353764060079677 13.99999999995633 
3 4 0 0.7739992566798294 12.872983346207025 
4 4 0 5.17157287525381 10.828427124746192 
3 3 0 0.7739992566779357 12.872983181229564 
4 3 0 5.171572875253811 10.82842712474619 
2 10 0 1.0000000000000009 5.0 
2 9 0 1.0000000000000002 5.0 
2 8 1 0.62130479324483 10.310259829452626 
2 7 1 0.6213047932448312 10.31025982992303 
2 6 3 0.8818848088012343 13.22064763202135 
2 5 3 0.8818848088012351 13.22064763201559 
2 4 3 0.77399925667648 13.552197503772932 
2 3 3 0.7739992566764828 13.552197508338761 
2 2 1 1.275320334285124 10.82842712474116 
3 2 0 2.763932022500211 8.732050807568882 
2 1 1 1.2753203342851243 10.828427124744946 
3 1 0 2.7639320225002098 8.732050807568877 
1 8 0 2.999999999999997 9.0 
1 7 0 2.999999999999999 8.999999999999998 
1 6 0 0.6183582614339548 12.277547478412487 
1 5 0 0.6183582617351543 12.27754712147906 
1 4 0 0.46307563551393366 13.75174726908598 
1 3 0 0.46307563584952127 13.75174619649071 
1 2 0 0.39427113705182765 12.008968666428457 
1 1 0 0.3942711371809709 12.008968665218282 
1 0 0 0.5482992771482716 8.732050807568879 
2 0 0 1.9999999999999996 6.000000000000002 
1 -1 0 0.5482992771482699 8.732050807568875 
2 -1 0 1.9999999999999991 6.0 
0 8 0 3.0000000000000004 7.0 
0 7 0 3.0 7.0 
0 6 0 0.6183582614339515 11.000000000000004 
0 5 0 0.6183582614339513 11.000000000000002 
0 4 1 0.4630756355139294 13.75174727401674 
0 3 1 0.46307563551393177 13.75174727653757 
0 2 3 0.3942711370518288 12.68939953286866 
0 1 3 0.6529870786667459 12.68939953283624 
0 0 3 0.5482992771482718 9.65071275677463 
0 -1 3 0.5482992771482748 9.650712756758248 
-1 6 0 6.999999999999999 9.0 
-1 5 0 6.999999999999999 9.0 
-1 4 0 3.6183582614339542 13.000000000000004 
-1 3 0 3.618358261433955 13.000000000000004 
-1 2 0 2.1608625475051397 12.689399532989794 
-1 1 0 2.160862547505141 12.689399532989803 
-1 0 0 1.900015600535582 9.709275359436925 
-1 -1 0 1.9000156005355866 9.709275359436923 
-1 -2 0 2.0 4.0 
0 -2 1 2.0000000000000004 3.999999999999999 
-1 -3 0 2.0 4.0 
0 -3 1 2.0 4.0 
-2 4 0 11.0 11.0 
-2 3 0 11.0 11.0 
-2 2 0 7.550510257216823 12.449489742783179 
-2 1 0 7.550510257216821 12.449489742783177 
-2 0 0 5.096788074088446 9.709275359436923 
-2 -1 0 5.096788074088446 9.709275359436923 
-2 -2 0 4.0 4.0 
-2 -3 0 4.0 4.0 
