4 10 0 4.0 4.0 
5 10 0 4.0 4.0 
4 9 0 4.0 4.0 
5 9 0 4.0 4.0 
4 8 0 2.709460398517764 13.887482193696064 
5 8 0 5.1125178063039405 13.887482193696062 
4 7 0 2.7094603985177623 13.887482193696062 
5 7 0 5.1125178063039405 13.887482193696062 
4 6 0 3.5851329189143275 16.7787510465894 
5 6 0 7.483090583387999 15.243918171302438 
4 5 0 3.585132918914328 16.778750874103437 
5 5 0 7.483090583387996 15.24391817130244 
4 4 0 5.550263676569447 15.999999999999998 
5 4 0 13.0 13.0 
4 3 0 5.550263676569448 15.999999999999998 
5 3 0 13.0 13.0 
3 10 0 4.0 4.0 
3 9 0 4.0 4.0 
3 8 0 1.4561946858664605 13.604240499916372 
3 7 0 1.4561946858664583 13.6042404999161 
3 6 0 1.53951907828167 16.77875107179346 
3 5 0 1.539519075126198 16.77875107172173 
3 4 0 2.0682577682940475 17.999999991360806 
3 3 0 2.0682577682922036 17.999999999588564 
3 2 0 4.591615693080241 13.99999991183523 
4 2 0 8.999999999999998 12.0 
3 1 0 4.591615693080918 13.999999861418178 
4 1 0 9.000000000000002 12.0 
2 10 0 4.0 4.0 
2 9 0 4.0 4.0 
2 8 0 1.4561946862136044 11.481804462187993 
2 7 0 1.4561946858788362 11.481804462209904 
2 6 0 0.6260479670053432 15.38334963885641 
2 5 0 0.6260479670064016 15.38334963892879 
2 4 0 0.7689587346153441 17.999999774467437 
2 3 0 0.7689587351824358 17.999999997946173 
2 2 0 1.089322488475961 15.934685485815756 
2 1 0 1.0893224901040477 15.934684848447812 
2 0 0 2.90685000788612 12.13207281697292 
3 0 0 6.999999999999999 10.41421356237309 
2 -1 0 2.9068500076710766 12.132072041860122 
3 -1 0 7.000000000000002 10.414213562373094 
1 10 0 4.0 4.0 
1 9 0 4.0 4.0 
1 8 0 1.5106563648304163 9.471665575189519 
1 7 0 1.510656364833751 9.471665575173105 
1 6 0 0.626047967005727 14.223891689205544 
1 5 0 0.6260479670149708 14.22389168754634 
1 4 0 0.29075325875225433 17.51510150289125 
1 3 0 0.2907532587523661 17.515101261722304 
1 2 0 0.46036186089116105 17.854164037842516 
1 1 0 0.4603618609392684 17.854163855505803 
1 0 0 0.7244109327260795 14.004215890170109 
1 -1 0 0.7244109317335048 14.004215628799273 
1 -2 0 2.29768264520313 10.003540921556294 
2 -2 0 5.585786437626906 8.414213562373096 
1 -3 0 2.297682645203174 10.003540936192618 
2 -3 0 5.585786437626904 8.414213562373096 
0 8 0 3.5857864376269055 8.170086486626037 
0 7 0 3.5857864376269064 8.170086486626033 
0 6 0 1.1084003172156327 12.307562401525859 
0 5 0 1.1084003172156363 12.307562347647638 
0 4 0 0.29075325875260594 15.875008476358296 
0 3 0 0.2907532587526362 15.875007212425613 
0 2 1 0.46036186088998393 17.88224930369193 
0 1 1 0.46036186088998576 17.882249662131624 
0 0 1 0.6440277715273641 15.514096537898938 
0 -1 1 0.6440277715295909 15.514096570935509 
0 -2 0 0.5357343374989925 11.595251764946003 
0 -3 0 0.535734337457387 11.59525176395092 
0 -4 0 3.0 6.0 
1 -4 0 5.0 5.0 
0 -5 0 3.0000000000000004 6.0 
1 -5 0 5.0 5.0 
-1 6 0 4.232664259236467 10.170086486626037 
-1 5 0 4.232664259236466 10.170086486626033 
-1 4 0 1.5622002603173397 14.61264804677237 
-1 3 0 1.562200260317265 14.612648047601368 
-1 2 0 0.8711753061979944 17.882250034281103 
-1 1 0 0.8711753062034946 17.882250026425357 
-1 0 0 0.6440277718325044 17.031355341617594 
-1 -1 0 0.644027771527408 17.03135543626008 
-1 -2 0 0.5357343374576253 13.2733517120209 
-1 -3 0 0.5357343374574133 13.273351711557444 
-1 -4 0 2.9999999999999987 6.000000000000001 
-1 -5 0 3.0000000000000004 6.000000000000001 
-2 4 0 6.082714006906471 12.0 
-2 3 0 6.082714006906467 12.000000000000002 
-2 2 0 2.818016310158596 15.999999836204244 
-2 1 0 2.8180163109078253 15.999999834007358 
-2 0 0 2.284079874231951 17.99999999997245 
-2 -1 0 2.2840798742289268 17.999999999718373 
-2 -2 0 1.8355063018146398 14.778033229451768 
-2 -3 0 1.8355063018041207 14.778033204944162 
-2 -4 0 3.0 6.0 
-2 -5 0 2.9999999999999996 6.0 
-3 2 0 8.082714006906468 13.999999999999998 
-3 1 0 8.082714006906468 13.999999999999996 
-3 0 0 4.329189447312105 18.0 
-3 -1 0 4.3291894473121015 18.000000000000007 
-3 -2 0 3.190965076571471 15.605551275463991 
-3 -3 0 3.1909650765714637 15.605551275463991 
-3 -4 0 3.000000000000001 6.0 
-3 -5 0 3.0000000000000004 6.000000000000001 
-4 0 0 15.0 15.0 
-4 -1 0 15.0 15.0 
-4 -2 0 8.394448724536012 15.60555127546399 
-4 -3 0 8.39444872453601 15.605551275463988 
-4 -4 0 6.0 6.0 
-4 -5 0 6.0 6.0 
