1 5 0 2.0 2.0 
2 5 0 2.0 2.0 
1 4 0 2.0 2.0 
2 4 0 2.0 2.0 
1 3 0 0.944613904454037 7.6457513110645925 
2 3 0 1.9999999999999993 7.64575131106459 
1 2 0 0.9446139044540377 7.645751311064592 
2 2 0 2.0 7.645751311064591 
1 1 0 0.9446139044680992 9.645751311064588 
2 1 0 2.354248688935413 9.645751311064588 
1 0 0 0.9446139047926331 9.645751158965682 
2 0 0 2.3542486889354106 9.64575131106459 
1 -1 0 1.4952542325482014 11.43083388774832 
2 -1 0 3.3542486889354093 10.681330643604975 
1 -2 0 1.4952542325488896 11.430833799352984 
2 -2 0 3.3542486889354075 10.681330643604976 
1 -3 0 2.1964575063313654 10.999999999719469 
2 -3 0 4.676595723913524 9.681330643604976 
1 -4 0 2.1964575043174044 10.999999999831294 
2 -4 0 4.6765957239135245 9.681330643604978 
1 -5 0 3.1964575043174053 9.999999999999996 
2 -5 0 8.0 8.0 
1 -6 0 3.1964575043174053 10.000000000000002 
2 -6 0 8.0 8.0 
0 5 0 2.0 2.0 
0 4 0 2.0 2.0 
0 3 1 0.9446139044540393 6.299272372268046 
0 2 1 0.9446139044540384 6.299272372268043 
0 1 3 0.9446139044540331 9.645751311064416 
0 0 3 0.9446139044540407 9.645751311064481 
0 -1 3 0.5672622090406844 11.43083388766548 
0 -2 3 0.5672622090406861 11.430833887703375 
0 -3 1 0.5672622090406838 11.585552423777417 
0 -4 1 0.567262209040685 11.585552424257642 
0 -5 0 0.8370919603303995 10.58555242248735 
0 -6 0 0.8370919603313411 10.58555242429452 
0 -7 0 1.837091960330397 7.686239935452766 
1 -7 0 5.0 7.0 
0 -8 0 1.8370919603303961 7.6862399354527655 
1 -8 0 4.999999999999999 7.0 
-1 3 0 3.0 6.0 
-1 2 0 3.0 5.999999999999998 
-1 1 0 1.0721856801979377 8.691763783152345 
-1 0 0 1.0721856806163645 8.691763805484406 
-1 -1 0 0.567262209040686 11.430833884645846 
-1 -2 0 0.5672622090406992 11.430833887604589 
-1 -3 0 0.5672622090407251 11.999999999797549 
-1 -4 0 0.5672622090491609 11.999999999996287 
-1 -5 0 0.8370919603304002 10.99999997047942 
-1 -6 0 0.837091962077339 10.999999998987267 
-1 -7 0 1.8370919603303961 9.280454939480911 
-1 -8 0 1.837091960330397 9.280454939480917 
-1 -9 0 4.0 4.0 
0 -9 0 4.0 4.0 
-1 -10 0 4.0 4.0 
0 -10 0 4.0 4.0 
-2 1 0 3.999999999999999 7.999999999999998 
-2 0 0 3.999999999999999 8.000000000000002 
-2 -1 0 2.1913599425927974 10.691763803871941 
-2 -2 0 2.1913599425748953 10.69176380558009 
-2 -3 0 1.8100523478244637 11.99999999999671 
-2 -4 0 1.810052349936472 11.99999999999958 
-2 -5 0 1.5672622090523114 10.999999440155246 
-2 -6 0 1.5672622109070544 10.999999849007505 
-2 -7 0 1.8370919603303992 10.0 
-2 -8 0 1.8370919603303963 10.000000000000004 
-2 -9 0 4.0 4.0 
-2 -10 0 3.9999999999999996 4.0 
-3 -1 0 6.0 9.0 
-3 -2 0 6.000000000000002 9.0 
-3 -3 0 3.999999999999998 12.0 
-3 -4 0 4.0 11.999999999999998 
-3 -5 0 3.000000009157349 10.999999999996911 
-3 -6 0 3.000000000120012 10.999999999999552 
-3 -7 0 2.810052347824325 10.000000000000002 
-3 -8 0 2.810052347824322 10.000000000000004 
-3 -9 0 4.0 4.0 
-3 -10 0 4.0 4.0 
-4 -3 0 10.0 10.0 
-4 -4 0 10.0 10.0 
-4 -5 0 5.999999999999998 11.0 
-4 -6 0 6.0 11.0 
-4 -7 0 4.999999999999999 10.0 
-4 -8 0 5.0 10.0 
-4 -9 0 4.0 4.0 
-4 -10 0 4.0 4.0 
