4 10 0 2.0 4.0 
5 10 0 4.0 4.0 
4 9 0 2.0 4.0 
5 9 0 4.0 4.0 
4 8 0 2.0635069616135264 12.0 
5 8 0 5.999999999999999 12.0 
4 7 0 2.063506961613523 12.0 
5 7 0 6.0 12.0 
4 6 0 2.5239080379650347 14.0 
5 6 0 11.0 11.0 
4 5 0 2.5239080379650334 14.0 
5 5 0 11.0 11.0 
3 10 0 2.0 4.0 
3 9 0 1.9999999999999993 4.0 
3 8 0 1.249264201065735 11.240834803490733 
3 7 0 1.2492642015067839 11.240834794485679 
3 6 0 1.2436162265229096 13.99999999998999 
3 5 0 1.2436162268095574 13.999999999978302 
3 4 0 1.9663793755290062 11.999999999998527 
4 4 0 7.0 10.0 
3 3 0 1.9663793768798745 11.999999999997657 
4 3 0 7.0 10.000000000000002 
2 10 0 2.0 4.0 
2 9 0 2.0 4.0 
2 8 0 0.7639320225275654 9.846517128317675 
2 7 0 0.763932024527535 9.846517150211739 
2 6 0 0.4724640502476861 13.382441822001702 
2 5 0 0.4724640502606818 13.38244179830922 
2 4 0 0.39135355991467835 13.553431866099869 
2 3 0 0.3913535597684011 13.553431515367377 
2 2 0 0.7453012348839246 9.900767171109422 
3 2 0 3.9999999999999996 8.0 
2 1 0 0.7453012349318167 9.900767102845188 
3 1 0 4.000000000000001 7.999999999999999 
1 8 0 0.763932022500211 8.449489742783177 
1 7 0 0.763932022500212 8.44948974278317 
1 6 1 0.4724640502476604 11.858729656039184 
1 5 1 0.4724640502476583 11.858729980739042 
1 4 3 1.0098127867512112 13.871472464878886 
1 3 3 1.0098127867512143 13.871472761537127 
1 2 3 1.524631059677532 11.488136841666481 
1 1 3 1.5246310597139803 11.488136810345631 
1 0 1 1.3819660112501055 6.618033988749895 
2 0 0 3.0 5.0 
1 -1 1 1.3819660112501055 6.6180339887498985 
2 -1 0 3.0000000000000004 5.0 
0 6 0 2.0436439962202737 10.000000000000002 
0 5 0 2.0436439962202773 10.000000000000005 
0 4 0 1.5112427458369957 13.871472813486918 
0 3 0 1.511242745848518 13.871472811751156 
0 2 0 1.1015475510637698 12.742097477866704 
0 1 0 1.1015475510666697 12.74209747757768 
0 0 0 1.3819660112501055 6.999999999999999 
0 -1 0 1.3819660112501069 7.000000000000001 
-1 4 0 4.535898384862243 12.0 
-1 3 0 4.535898384862247 12.000000000000002 
-1 2 0 3.397277900907069 14.000000000000005 
-1 1 0 3.3972779009070697 13.999999999999998 
-1 0 0 3.3819660112501038 7.000000000000002 
-1 -1 0 3.3819660112501064 7.0 
-2 2 0 14.0 14.0 
-2 1 0 14.0 14.0 
-2 0 0 7.0 7.0 
-2 -1 0 7.0 7.0 
