3 9 0 1.0 1.0 
4 9 0 1.0 1.0 
3 8 0 1.0 1.0 
4 8 0 1.0 1.0 
3 7 0 0.4072410465344752 11.219824489280368 
4 7 0 1.2302387408103819 11.219824489280374 
3 6 0 0.40724104653447574 11.219824489280374 
4 6 0 1.2302387408103816 11.219824489280375 
3 5 0 0.5537273967159783 13.74274535169742 
4 5 0 2.337981374947751 12.354723680063273 
3 4 0 0.5537273967096695 13.742745343504588 
4 4 0 2.337981374947754 12.35472368006327 
3 3 0 1.8008960907760687 14.18484741335181 
4 3 0 4.346688068540962 12.653311931459037 
3 2 0 1.8008960907811584 14.184847838970148 
4 2 0 4.3466880685409635 12.65331193145904 
3 1 0 3.403768623834603 12.000000000000004 
4 1 0 9.0 9.0 
3 0 0 3.403768623834608 12.000000000000002 
4 0 0 9.0 9.0 
2 7 0 0.4072410465344762 9.446932208306414 
2 6 0 0.4072410465344747 9.446932208306414 
2 5 0 0.4007198139555524 13.742745403877237 
2 4 0 0.4007198139095763 13.74274540386167 
2 3 0 0.4777078128082732 15.729722454034219 
2 2 0 0.4777078128069961 15.729722464048344 
2 1 0 2.298348154691176 13.999999957065624 
2 0 0 2.2983481546780378 13.999999965628469 
2 -1 0 5.000000000000002 10.791287847477923 
3 -1 0 7.0 7.0 
2 -2 0 5.000000000000001 10.79128784747792 
3 -2 0 7.0 7.0 
1 7 0 3.0000000000000004 4.0 
1 6 0 3.0 4.0 
1 5 0 0.4007198138323766 11.900708836625292 
1 4 0 0.4007198138323756 11.900708836531482 
1 3 0 0.12456736389637617 15.729722462989166 
1 2 0 0.12456736389647138 15.729722454201244 
1 1 0 0.28544958491564515 15.999999982274632 
1 0 0 0.2854495847522545 15.9999999629844 
1 -1 0 1.9392967785031854 12.854101925965374 
1 -2 0 1.9392967785039683 12.854101799302784 
0 7 0 4.0 4.0 
0 6 0 4.0 4.0 
0 5 0 1.8693660843676434 9.792033070644846 
0 4 0 1.8693660843676452 9.792033070644845 
0 3 0 0.12456736391288944 13.999999998314866 
0 2 0 0.12456736390080787 13.999999946757645 
0 1 1 0.2854495847522535 15.999999958549031 
0 0 1 0.2854495847522564 15.9999999747248 
0 -1 1 0.4719944609209544 13.999999996945105 
0 -2 1 0.47199446092095604 13.999999857497537 
0 -3 0 1.7233847235312143 10.922241948554513 
1 -3 0 4.43844718719117 8.561552812808827 
0 -4 0 1.7233847235383548 10.922241948649866 
1 -4 0 4.438447187191169 8.56155281280883 
-1 5 0 4.65707691722283 8.81360650264833 
-1 4 0 4.65707691722283 8.813606502648328 
-1 3 0 2.234877603733632 11.99999955225803 
-1 2 0 2.234877603733667 11.99999995981631 
-1 1 0 0.41304641164590317 15.999999978212843 
-1 0 0 0.41304641191188596 15.99999999877643 
-1 -1 0 0.12265906623869599 15.465288995063021 
-1 -2 0 0.12265906623818236 15.465289467101 
-1 -3 0 0.2601601218120617 11.791965807583848 
-1 -4 0 0.26016012181207654 11.791965808055139 
-1 -5 0 2.4022648118811243 7.917285993093533 
0 -5 0 4.0 4.0 
-1 -6 0 2.402264811881125 7.917285993093533 
0 -6 0 4.0 4.0 
-2 5 0 6.0 6.0 
-2 4 0 6.0 6.0 
-2 3 0 3.653322490930925 11.000000000000005 
-2 2 0 3.653322490930928 11.000000000000004 
-2 1 0 1.787019938688478 13.999999995524929 
-2 0 0 1.7870199386776915 13.999999997682522 
-2 -1 0 0.12265906623820726 15.465287394334814 
-2 -2 0 0.12265906623810018 15.465288759851637 
-2 -3 1 0.2601601218120564 13.49856695673083 
-2 -4 1 0.26016012181205467 13.498566956702724 
-2 -5 1 0.7811275454128749 8.640310583501988 
-2 -6 1 0.7811275454128738 8.640310583501986 
-3 3 0 7.0 9.0 
-3 2 0 7.000000000000001 9.0 
-3 1 0 4.636539138518588 12.000000000000002 
-3 0 0 4.636539138518588 12.000000000000002 
-3 -1 0 2.664394331504026 14.005439108555986 
-3 -2 0 2.6643943322213306 14.005439109086637 
-3 -3 0 1.2745978873177661 13.498566437434212 
-3 -4 0 1.2745978872789614 13.498566957124815 
-3 -5 0 0.7811275454128749 10.605551275463986 
-3 -6 0 0.7811275454128725 10.605551275463993 
-3 -7 0 2.0 2.0 
-2 -7 0 2.0 2.0 
-3 -8 0 2.0 2.0 
-2 -8 0 2.0 2.0 
-4 1 0 10.0 10.0 
-4 0 0 10.0 10.0 
-4 -1 0 5.954965416913616 12.567903599540475 
-4 -2 0 5.954965416913615 12.567903599540475 
-4 -3 0 4.3116358843301 12.705856207708326 
-4 -4 0 4.311635884330099 12.705856207708324 
-4 -5 0 3.0 10.605551275463988 
-4 -6 0 2.999999999999999 10.605551275463988 
-4 -7 0 2.0 2.0 
-4 -8 0 2.0 2.0 
