4 10 0 2.0 4.0 
5 10 0 4.0 4.0 
4 9 0 2.0 4.0 
5 9 0 4.0 4.0 
4 8 0 2.0236131284429817 13.470601653533745 
5 8 0 5.3617865772114905 13.470601653533743 
4 7 0 2.023613121498487 13.47060165353374 
5 7 0 5.36178657721149 13.470601653533743 
4 6 0 2.84369076569603 16.62127426230248 
5 6 0 6.928283978627374 15.74218706544425 
4 5 0 2.8436907656962807 16.62127423999247 
5 5 0 6.928283978627376 15.74218706544425 
4 4 0 4.231490504988863 17.62606807049306 
5 4 0 9.088372157243958 16.190470033350817 
4 3 0 4.2314904756262255 17.62606807056328 
5 3 0 9.088372157243956 16.190470033350817 
4 2 0 6.3539815025634425 15.999999939279846 
5 2 0 14.0 14.0 
4 1 0 6.353981502563437 15.999999162562721 
5 1 0 14.0 14.0 
3 10 0 1.9999999999999996 4.0 
3 9 0 2.0 4.0 
3 8 0 1.407455578023423 13.156985736464858 
3 7 0 1.4074555780186075 13.156985736218717 
3 6 0 1.5712902605423005 16.62127420235342 
3 5 0 1.5712902622035712 16.62127354916193 
3 4 0 1.7032541876967984 19.00916548169507 
3 3 0 1.7032541875672802 19.0091653552983 
3 2 0 3.228545907401738 17.999999878828994 
3 1 0 3.2285459074009855 17.999999935869727 
3 0 0 4.924235726109702 14.810695871127217 
4 0 0 9.26794919243112 12.732050807568879 
3 -1 0 4.924235767723755 14.810695871151662 
4 -1 0 9.267949192431121 12.732050807568875 
2 10 0 1.9999999999999998 4.0 
2 9 0 1.9999999999999996 3.9999999999999996 
2 8 0 1.3993521714962138 11.646287239741806 
2 7 0 1.3993521714961963 11.646287239737767 
2 6 0 0.9224656688078002 16.021569844715337 
2 5 0 0.9224656695007576 16.021569845192232 
2 4 0 0.7793076581473636 19.009165484590916 
2 3 0 0.7793076581834365 19.009165490262138 
2 2 0 1.2029842561230097 19.999999293057353 
2 1 0 1.2029842560895185 19.99999984992502 
2 0 0 2.4999413761155624 15.999999276223152 
2 -1 0 2.4999413894087934 15.99999991402237 
2 -2 0 4.1480797604392485 12.822012004992095 
3 -2 0 7.267949192431124 10.732050807568877 
2 -3 0 4.148079796752985 12.822012004842998 
3 -3 0 7.267949192431122 10.732050807568879 
1 8 0 1.3993521714961925 9.557186728758483 
1 7 0 1.399352171496195 9.557186728758477 
1 6 0 0.9224656689633597 14.516060471853873 
1 5 0 0.9224656687493379 14.516060341045666 
1 4 0 0.39929629507342945 17.569342610525258 
1 3 0 0.399296295107707 17.5693429412184 
1 2 0 0.344119665685596 19.999999993640618 
1 1 0 0.34411966568733665 19.999999994064137 
1 0 0 0.5105992704005766 17.999998703385295 
1 -1 0 0.5105992703261801 17.99999998287716 
1 -2 0 1.9763400966079703 14.188122458146832 
1 -3 0 1.9763400993702531 14.188124747648573 
1 -4 0 3.9999999999999973 9.0 
2 -4 0 5.999999999999999 8.0 
1 -5 0 4.0 9.0 
2 -5 0 5.999999999999999 8.0 
0 6 0 0.9849385632444055 12.73618834218216 
0 5 0 0.9849385610419402 12.736188342212463 
0 4 0 0.3992962950722345 16.494280769321726 
0 3 0 0.3992962953184302 16.494281338081645 
0 2 1 0.3441196656848818 19.522157349525326 
0 1 1 0.3441196656848767 19.52215796421733 
0 0 2 0.5105992703159655 19.504696341822388 
0 -1 2 0.5105992703159707 19.504697411424683 
0 -2 1 0.9811604598426926 15.867737228907211 
0 -3 1 0.9811604598426868 15.86436614351079 
0 -4 0 1.9999999999999998 11.820258846364343 
0 -5 0 1.9999999999999967 11.82025884636434 
-1 6 0 4.000000000000001 8.0 
-1 5 0 3.999999999999999 8.000000000000002 
-1 4 0 1.2953324941532485 14.768400476684329 
-1 3 0 1.2953324941532733 14.768400483859251 
-1 2 0 0.874226052689854 17.855955742709185 
-1 1 0 0.8742260526889808 17.855955310444664 
-1 0 0 0.2838307907445128 19.782389825889478 
-1 -1 0 0.28383079075663004 19.782401828280197 
-1 -2 0 0.24121158383840366 17.500220675890603 
-1 -3 0 0.24121158383587119 17.500220703494033 
-1 -4 0 0.5586984137256711 13.662537431063251 
-1 -5 0 0.5586984141387054 13.662537464110224 
-2 4 0 3.585786437626906 11.65062007964391 
-2 3 0 3.585786437626905 11.650620079643913 
-2 2 0 0.8782057359761515 16.768452041583057 
-2 1 0 0.8782057359761504 16.76845168077202 
-2 0 0 0.2838307907435481 19.78240330403298 
-2 -1 0 0.2838307907435527 19.78240330719849 
-2 -2 1 0.24121158383580277 18.957114892457906 
-2 -3 1 0.241211583835798 18.95711377900818 
-2 -4 2 0.5586984137256688 15.160633788312838 
-2 -5 2 1.0013253264006483 15.160633749280567 
-2 -6 1 2.0000000000000004 7.000000000000001 
-1 -6 0 2.0 6.000000000000001 
-2 -7 1 1.9999999999999996 6.999999999999998 
-1 -7 0 2.0000000000000004 6.0 
-3 2 0 5.168369670928255 13.701562118716424 
-3 1 0 5.168369670928261 13.701562118716422 
-3 0 0 2.406560314885485 17.999999999698453 
-3 -1 0 2.4065603148847527 17.99999999832364 
-3 -2 0 1.7112302407102737 19.99999999965676 
-3 -3 0 1.7112302407115718 19.999999996742556 
-3 -4 0 1.4552210896938553 16.60815815672928 
-3 -5 0 1.4552210894700135 16.608142366870368 
-3 -6 0 2.000000000000001 7.000000000000001 
-3 -7 0 1.9999999999999996 7.000000000000001 
-4 0 0 7.837722339831624 15.000000000000002 
-4 -1 0 7.8377223398316245 15.000000000000002 
-4 -2 0 4.72036014449977 20.000000000000004 
-4 -3 0 4.720360144499772 19.999999999999996 
-4 -4 0 3.601789031010014 18.10977222864641 
-4 -5 0 3.60178903100795 18.109772228643827 
-4 -6 0 4.0 6.999999999999999 
-4 -7 0 3.9999999999999982 7.0 
-5 -2 0 17.0 17.0 
-5 -3 0 17.0 17.0 
-5 -4 0 8.890227771353556 18.109772228646445 
-5 -5 0 8.890227771353556 18.10977222864644 
-5 -6 0 7.0 7.0 
-5 -7 0 7.0 7.0 
