3 11 0 2.0 2.0 
4 11 0 2.0 2.0 
3 10 0 2.0 2.0 
4 10 0 2.0 2.0 
3 9 0 0.9999999999999992 6.561552812808831 
4 9 0 2.43844718719117 6.561552812808831 
3 8 0 0.9999999999999991 6.561552812808831 
4 8 0 2.4384471871911693 6.561552812808831 
3 7 0 1.0000000000008278 11.12310562561766 
4 7 0 2.876894374382338 11.123105625617661 
3 6 0 1.0000000000037668 11.123105625617656 
4 6 0 2.876894374382339 11.123105625617658 
3 5 0 1.4384471871911702 11.561552812808817 
4 5 0 5.438447187191169 9.56155281280883 
3 4 0 1.4384471871911715 11.561552812808824 
4 4 0 5.438447187191168 9.56155281280883 
3 3 0 3.438447187191168 10.000000000000002 
4 3 0 8.0 8.0 
3 2 0 3.4384471871911697 10.000000000000002 
4 2 0 8.0 8.0 
2 11 0 2.0 2.0 
2 10 0 2.0 2.0 
2 9 0 0.9999999999999984 6.561552812808833 
2 8 0 0.9999999999999978 6.561552812808832 
2 7 0 0.5857864382748267 11.123105625617173 
2 6 0 0.5857864376269053 11.123105625617622 
2 5 0 0.5857864376302488 11.561552807139313 
2 4 0 0.5857864376805219 11.561552792228884 
2 3 0 0.7639320233072792 11.999999984527838 
2 2 0 0.7639320225342653 11.999999997075816 
2 1 0 2.000000000000001 8.73205080756888 
3 1 0 6.0 6.0 
2 0 0 1.9999999999999998 8.732050807568879 
3 0 0 6.0 6.0 
1 9 0 1.5857864376269046 5.999999999999999 
1 8 0 1.585786437626905 6.000000000000002 
1 7 0 0.5857864376270437 10.561552812808813 
1 6 0 0.5857864376288322 10.561552812808763 
1 5 1 0.5857864376269047 11.561552812808575 
1 4 1 0.5857864376269056 11.561552631813727 
1 3 2 0.7639320225002129 11.999999999999956 
1 2 2 0.9999999999999997 11.999999862944183 
1 1 1 1.438447187191167 10.732050807568461 
1 0 1 1.4384471871911682 10.732050807562507 
1 -1 0 1.9999999999999993 6.732050807568878 
2 -1 0 4.0 4.0 
1 -2 0 2.000000000000001 6.732050807568876 
2 -2 0 4.0 4.0 
0 9 0 4.0 4.0 
0 8 0 4.0 4.0 
0 7 0 1.7639320225002109 9.000000000000002 
0 6 0 1.763932022500209 9.000000000000002 
0 5 0 1.0000000000000004 11.561552809905422 
0 4 0 0.9999999999999991 11.561552812808825 
0 3 0 0.5857864379493074 11.999999930707656 
0 2 0 0.5857864380259902 11.999999959294026 
0 1 0 0.5857864376269045 10.732050807568216 
0 0 0 0.5857864376269081 10.732050807566962 
0 -1 0 0.7639320225002135 7.732050807568881 
0 -2 0 0.7639320225002106 7.732050807568879 
-1 7 0 3.5857864376269055 7.0 
-1 6 0 3.5857864376269046 6.999999999999999 
-1 5 0 1.349718460127116 11.000000000000002 
-1 4 0 1.349718460127112 11.000000000000002 
-1 3 0 0.5857864376269039 11.999999999981654 
-1 2 0 0.5857864376269052 11.999999999927802 
-1 1 1 0.5857864376269041 10.732050807568854 
-1 0 1 0.5857864376269059 10.732050807568859 
-1 -1 2 0.7639320225002127 7.7320508075688785 
-1 -2 2 0.7639320225002089 7.732050807568877 
-1 -3 1 1.9999999999999998 3.0000000000000004 
0 -3 0 2.0 2.0 
-1 -4 1 1.9999999999999998 3.0 
0 -4 0 2.0 2.0 
-2 5 0 9.0 9.0 
-2 4 0 9.0 9.0 
-2 3 0 6.0 11.236067977499793 
-2 2 0 6.0 11.23606797749979 
-2 1 0 3.763932022500211 10.732050807568875 
-2 0 0 3.763932022500211 10.732050807568873 
-2 -1 0 2.9999999999999996 7.7320508075688785 
-2 -2 0 3.0 7.732050807568879 
-2 -3 0 3.0 3.0 
-2 -4 0 3.0 3.0 
