2 8 0 1.0 1.0 
3 8 0 1.0 1.0 
2 7 0 1.0 1.0 
3 7 0 1.0 1.0 
2 6 1 1.5857864376269046 5.414213562373095 
3 6 0 2.000000000000001 5.414213562373096 
2 5 1 1.585786437626904 5.414213562373096 
3 5 0 2.0 5.414213562373095 
2 4 1 1.5505102572168235 7.645751311064591 
3 4 0 3.2679491924311224 6.732050807568878 
2 3 1 1.5505102572168228 7.64575131106459 
3 3 0 3.2679491924311233 6.732050807568878 
2 2 0 1.1863934973516692 6.0 
3 2 0 5.0 5.0 
2 1 0 1.1863934973516697 5.999999999999998 
3 1 0 5.0 5.0 
1 6 0 1.5857864376269049 4.414213562373094 
1 5 0 1.5857864376269046 4.414213562373096 
1 4 0 1.2679491924311241 7.645751311064591 
1 3 0 1.2679491924311221 7.645751311064592 
1 2 0 1.1863934973516703 8.0 
1 1 0 1.186393497351669 8.000000000000004 
1 0 0 3.0 3.0 
2 0 0 3.0 3.0 
1 -1 0 3.0 3.0 
2 -1 0 3.0 3.0 
0 4 0 1.2679491924311226 6.000000000000001 
0 3 0 1.2679491924311228 5.999999999999999 
0 2 1 1.4659298032772683 7.999999999999999 
0 1 1 1.4659298032772679 8.0 
0 0 1 3.0 4.000000000000001 
0 -1 1 2.999999999999999 4.0 
-1 2 0 8.0 8.0 
-1 1 0 8.0 8.0 
-1 0 0 4.0 4.0 
-1 -1 0 4.0 4.0 
