6 18 0 1.0 1.0 
7 18 0 1.0 1.0 
6 17 0 1.0 1.0 
7 17 0 1.0 1.0 
6 16 0 0.5857864376269057 9.546313002081353 
7 16 0 1.6775300092781862 9.546313002081353 
6 15 0 0.5857864376269036 9.546313002081357 
7 15 0 1.677530009278187 9.546313002081353 
6 14 0 0.8774461857076495 13.266503068063834 
7 14 0 2.634632116761424 12.908763861454759 
6 13 0 0.8774461857009126 13.266503068078746 
7 13 0 2.634632116761424 12.908763861454757 
6 12 0 1.9474586986210154 15.565409374902563 
7 12 0 3.945610422571489 14.56760419835959 
6 11 0 1.9474586933482596 15.56540937484556 
7 11 0 3.945610422571489 14.567604198359591 
6 10 0 3.1537479313127426 15.110895097205134 
7 10 0 6.074941207715167 13.778928162355836 
6 9 0 3.1537479313127417 15.11089509748528 
7 9 0 6.074941207715165 13.778928162355838 
6 8 0 4.41997098943718 13.0 
7 8 0 10.0 10.0 
6 7 0 4.419970989437183 13.000000000000002 
7 7 0 10.0 10.0 
5 16 0 0.5857864376269046 9.3247631815102 
5 15 0 0.5857864376269034 9.324763181510203 
5 14 1 0.877446222031242 13.266503066199242 
5 13 1 0.8774461857019047 13.266503067419514 
5 12 0 0.2732346281883708 15.712380821897979 
5 11 0 0.2732346282073579 15.71238070560463 
5 10 0 1.2823973982274408 16.44237054719182 
5 9 0 1.2823973982274495 16.44237021840895 
5 8 0 2.701437068301247 14.999999467127722 
5 7 0 2.7014370701871386 14.999999971273313 
5 6 0 6.000000000000001 11.0 
6 6 0 8.0 8.0 
5 5 0 6.000000000000001 11.000000000000002 
6 5 0 8.0 8.0 
4 16 0 4.0 4.0 
4 15 0 4.0 4.0 
4 14 0 0.8928229213194074 12.572902860282975 
4 13 0 0.892822921319429 12.57290275255103 
4 12 0 0.27323462820437683 15.712380777099835 
4 11 0 0.2732346281966482 15.712380830169003 
4 10 1 0.9211787221192265 17.754478197790394 
4 9 1 0.9211787221192219 17.754018153422404 
4 8 0 1.6784230086071756 15.999999997129425 
4 7 0 1.6784230086020273 15.999999711972782 
4 6 0 3.524856596540507 12.999999950365439 
4 5 0 3.5248566101188277 12.99999999999996 
3 16 0 4.0 4.0 
3 15 0 4.0 4.0 
3 14 0 2.621842680822937 9.56814639638513 
3 13 0 2.6218426808229385 9.568146396385119 
3 12 0 0.567312167183414 14.712687179884282 
3 11 0 0.567312167148494 14.71268717988178 
3 10 1 0.5732671166025273 17.754431794389333 
3 9 1 0.5732671166025245 17.75407484380585 
3 8 0 0.38112882462416536 17.999999757400296 
3 7 0 0.38112882460895836 17.999999934242307 
3 6 0 1.5235101462091247 14.187076523935842 
3 5 0 1.523510146048607 14.187076517130262 
3 4 0 3.179910625625209 10.53755408758439 
4 4 0 6.0 8.999999999999998 
3 3 0 3.1799106256252085 10.537554087584391 
4 3 0 6.0 9.0 
2 14 0 3.585786437626905 7.414213562373095 
2 13 0 3.5857864376269046 7.414213562373095 
2 12 0 2.0150456760656437 12.239621942048245 
2 11 0 2.0150456760185116 12.23962215990143 
2 10 0 0.5732671166035136 15.99999991692063 
2 9 0 0.5732671166043236 15.999999767829609 
2 8 1 0.38112882460893244 17.999999561226705 
2 7 1 0.3811288246089326 17.99999999943011 
2 6 1 0.4807639676504655 15.792263109171225 
2 5 1 0.4807639676504607 15.792263108748724 
2 4 0 1.1739093239952776 11.753269940397242 
2 3 0 1.1739093237866498 11.753270185770491 
2 2 0 3.0 6.0 
3 2 0 5.0 5.0 
2 1 0 3.000000000000001 6.0 
3 1 0 5.0 5.0 
1 12 0 4.171572875253809 10.414213562373098 
1 11 0 4.1715728752538075 10.414213562373094 
1 10 0 1.5965111528303577 14.436525149077351 
1 9 0 1.5965111528303468 14.436525073973486 
1 8 0 1.0508076588233974 17.9999998039484 
1 7 0 1.0508076588172246 17.999999454374326 
1 6 0 0.41881048572963003 17.162508306790585 
1 5 0 0.41881048573057433 17.162508419030708 
1 4 1 0.7735761876574943 12.900085689930787 
1 3 1 0.773576187657498 12.900085689815826 
1 2 0 2.0000000000000004 6.000000000000002 
1 1 0 1.9999999999999982 6.000000000000001 
0 10 0 3.853735630058027 12.414213562373096 
0 9 0 3.8537356300580257 12.414213562373094 
0 8 0 1.5083604746472783 15.999999960067877 
0 7 0 1.5083604750611814 15.999999196483804 
0 6 0 0.41881048573366925 17.999999998735053 
0 5 0 0.4188104857299678 17.999999995888462 
0 4 1 0.7735761876574925 14.027150112591748 
0 3 1 0.7735761876574969 14.027150112676305 
0 2 1 1.9999999999999996 7.0 
0 1 1 2.0000000000000018 6.999999999999998 
-1 8 0 9.267949192431121 14.0 
-1 7 0 9.267949192431123 13.999999999999998 
-1 6 0 4.717508939708804 17.99999999999975 
-1 5 0 4.717508939708803 17.999999999998256 
-1 4 0 3.3416287769870046 14.561552812808829 
-1 3 0 3.3416287769870014 14.561552812808785 
-1 2 0 3.0 6.999999999999999 
-1 1 0 2.999999999999999 7.0 
-2 6 0 16.0 16.0 
-2 5 0 16.0 16.0 
-2 4 0 10.438447187191171 14.56155281280883 
-2 3 0 10.438447187191171 14.56155281280883 
-2 2 0 7.0 7.0 
-2 1 0 7.0 7.0 
