2 8 0 1.0 1.0 
3 8 0 1.0 1.0 
2 7 0 1.0 1.0 
3 7 0 1.0 1.0 
2 6 1 1.5335997558958623 6.887265838342693 
3 6 0 1.533599755895862 6.887265838342692 
2 5 1 1.533599755895862 6.887265838342692 
3 5 0 1.533599755895862 6.887265838342694 
2 4 1 1.2702032200775386 9.765991011209978 
3 4 0 2.746743929235024 9.595430730178123 
2 3 1 1.2702032200775364 9.765991011209982 
3 3 0 2.746743929235026 9.595430730178126 
2 2 0 0.8253583165954043 10.60950075374032 
3 2 0 4.585786437626905 9.56155281280883 
2 1 0 0.8253583165954018 10.6095004997111 
3 1 0 4.585786437626905 9.561552812808834 
2 0 0 2.3899972725089795 9.0 
3 0 0 7.0 7.0 
2 -1 0 2.389997272508979 8.999999999999998 
3 -1 0 7.0 7.0 
1 6 0 1.5372158157219828 6.616696499565516 
1 5 0 1.5372158157219833 6.616696499565514 
1 4 0 0.9556171295958656 9.765990765081524 
1 3 0 0.9556171295958724 9.765991011209962 
1 2 0 0.825358316595458 11.719410390131632 
1 1 0 0.8253583165954357 11.719415961781584 
1 0 0 2.2137145602142603 9.999999938359833 
1 -1 0 2.213714585184246 9.999999998677323 
1 -2 0 5.0 7.0 
2 -2 0 5.0 5.0 
1 -3 0 5.0 7.0 
2 -3 0 5.0 5.0 
0 6 0 3.0 3.0 
0 5 0 3.0 3.0 
0 4 0 0.9556171295958638 8.759660979912844 
0 3 0 0.9556171295958669 8.759660979912852 
0 2 2 1.4699404696298888 11.719341441358857 
0 1 2 1.4699404696298906 11.719109757970486 
0 0 2 1.5442704872143127 11.999999988826529 
0 -1 2 1.5442704872143125 11.99999999989809 
0 -2 0 1.2070047243574211 8.455037138606968 
0 -3 0 1.2070047243574202 8.455037138606967 
-1 4 0 3.585786437626905 6.414213562373095 
-1 3 0 3.5857864376269055 6.414213562373095 
-1 2 0 1.6023407334588886 9.999999845824794 
-1 1 0 1.6023407334588904 9.99999990029189 
-1 0 0 0.9603847024265939 11.999999954222918 
-1 -1 0 0.9603847024265808 11.999999941540693 
-1 -2 0 1.207004724357451 9.541493881315906 
-1 -3 0 1.207004724358194 9.541493881001802 
-1 -4 0 3.0 3.0 
0 -4 0 3.0 3.0 
-1 -5 0 3.0 3.0 
0 -5 0 3.0 3.0 
-2 2 0 3.267949192431122 8.0 
-2 1 0 3.2679491924311224 8.000000000000002 
-2 0 0 0.9603847024265789 11.999999999999998 
-2 -1 0 0.9603847024265775 12.0 
-2 -2 1 1.5168784692354982 10.828427124746188 
-2 -3 1 1.5168784692354993 10.828427124746192 
-2 -4 1 3.0 4.0 
-2 -5 1 3.0 4.0 
-3 0 0 10.0 10.0 
-3 -1 0 10.0 10.0 
-3 -2 0 5.17157287525381 10.828427124746192 
-3 -3 0 5.17157287525381 10.82842712474619 
-3 -4 0 4.0 4.0 
-3 -5 0 4.0 4.0 
