2 4 0 2.0 5.0 
3 4 0 5.0 5.0 
2 3 0 2.000000000000001 5.000000000000001 
3 3 0 5.0 5.0 
2 2 0 2.5307281369291386 14.242640687119286 
3 2 0 5.757359312880717 14.242640687119284 
2 1 0 2.5307281369245795 14.242640687119287 
3 1 0 5.757359312880717 14.242640687119284 
2 0 0 3.143902170123509 17.127766517175314 
3 0 0 8.354248688935408 15.000000000000002 
2 -1 0 3.1439021697770992 17.127766517524133 
3 -1 0 8.354248688935412 15.0 
2 -2 0 4.29154648990133 16.99999999999999 
3 -2 0 14.0 14.0 
2 -3 0 4.29154648990132 17.0 
3 -3 0 14.0 14.0 
1 4 0 1.9999999999999993 5.0 
1 3 0 1.9999999999999998 5.0 
1 2 0 0.8405850346584148 13.211462215735326 
1 1 0 0.8405850350187462 13.21146223019028 
1 0 0 1.2847101820956537 17.127766422730296 
1 -1 0 1.284710183555674 17.12776644194245 
1 -2 0 2.0060729273398095 17.751009804504168 
1 -3 0 2.0060729239780075 17.751009804493467 
1 -4 0 3.3417364713081197 14.999999998305482 
2 -4 0 8.585786437626906 13.000000000000002 
1 -5 0 3.341736471308065 14.999999996715307 
2 -5 0 8.585786437626902 13.000000000000002 
0 4 0 2.000000000000001 5.0 
0 3 0 2.000000000000001 5.0 
0 2 1 0.8405850344443688 12.966711749671113 
0 1 1 0.8405850344443725 12.966711762256772 
0 0 1 0.23046820407438312 16.109366173125455 
0 -1 1 0.23046820407438462 16.109365589597903 
0 -2 0 0.10887932556088221 17.7510097858969 
0 -3 0 0.10887932555606711 17.751009770554614 
0 -4 0 0.934022436405921 16.771959155777026 
0 -5 0 0.9340224367748803 16.771958489921765 
0 -6 0 1.9842681560641435 12.999999998800886 
1 -6 0 5.585786437626905 11.0 
0 -7 0 1.9842681550640735 12.999999874295616 
1 -7 0 5.585786437626903 11.0 
-1 4 0 4.0 4.0 
-1 3 0 4.0 4.0 
-1 2 0 1.9920948569206696 11.462411607776842 
-1 1 0 1.9920948569206678 11.462411607782558 
-1 0 0 0.2304682040743844 14.560110937313082 
-1 -1 0 0.23046820407438504 14.56011296240299 
-1 -2 0 0.10887932555556042 17.471196485472706 
-1 -3 0 0.10887932555557282 17.471196370237145 
-1 -4 0 0.3346467802062129 17.509979079275567 
-1 -5 0 0.3346467803728544 17.509979116027722 
-1 -6 0 1.063247750324742 14.83017400649613 
-1 -7 0 1.0632477503222744 14.830174058239228 
-1 -8 0 2.0794503452978086 10.880952694902994 
0 -8 0 4.585786437626906 8.0 
-1 -9 0 2.0794503452995867 10.880952694902994 
0 -9 0 4.585786437626906 8.000000000000002 
-2 2 0 3.9999999999999996 10.449489742783177 
-2 1 0 4.0 10.449489742783177 
-2 0 0 1.7949731331242877 13.646652326493838 
-2 -1 0 1.7949731331053282 13.6466523760039 
-2 -2 0 0.3726538560511593 16.77799043189983 
-2 -3 0 0.3726538560511454 16.777990428187383 
-2 -4 0 0.3346467802054369 17.999999996898772 
-2 -5 0 0.33464678020893385 17.999999640848756 
-2 -6 0 0.3413430456003713 16.497965429007458 
-2 -7 0 0.34134304560051626 16.497965642477226 
-2 -8 0 1.3376935817490037 12.836189791639713 
-2 -9 0 1.3376935817490556 12.836189855075636 
-2 -10 0 2.4298091012912204 8.341946159596453 
-1 -10 0 5.0 5.0 
-2 -11 0 2.429809101291219 8.341946159596455 
-1 -11 0 5.0 5.0 
-3 2 0 6.0 6.0 
-3 1 0 6.0 6.0 
-3 0 0 3.493823172482915 12.000000000000002 
-3 -1 0 3.493823172482909 11.999999999999993 
-3 -2 0 1.855457061996261 14.999999837904815 
-3 -3 0 1.855457061852402 14.999999998832521 
-3 -4 0 0.4082340946511101 17.999999148579885 
-3 -5 0 0.4082340948160801 17.999999996781874 
-3 -6 0 0.3413430456020777 17.297393574810922 
-3 -7 0 0.3413430456525654 17.297393334769367 
-3 -8 0 0.671009064212871 14.528689725397928 
-3 -9 0 0.6710090640663228 14.528690145145141 
-3 -10 0 1.5030376886342465 10.093466510549542 
-3 -11 0 1.5030376886342396 10.09346651054954 
-4 0 0 6.999999999999999 10.0 
-4 -1 0 7.0 10.0 
-4 -2 0 4.303274092266575 13.06148430607346 
-4 -3 0 4.303274088455003 13.061484306053792 
-4 -4 0 2.385156985899436 15.999999981732406 
-4 -5 0 2.385156986158955 15.999999998872529 
-4 -6 0 1.0527039232982847 17.297393499461997 
-4 -7 0 1.0527039232986994 17.29739337750282 
-4 -8 0 0.6710090640243077 15.331329005048218 
-4 -9 0 0.671009064013835 15.331328849149365 
-4 -10 0 1.5030376886342414 11.629753339759365 
-4 -11 0 1.5030376886342458 11.629753339759416 
-4 -12 0 3.0 3.0 
-3 -12 0 3.0 3.0 
-4 -13 0 2.9999999999999996 3.0 
-3 -13 0 3.0 3.0 
-5 -2 0 8.000000000000002 11.0 
-5 -3 0 8.000000000000002 11.0 
-5 -4 0 5.476329156223797 14.097839804419587 
-5 -5 0 5.476329156223792 14.09783980441958 
-5 -6 0 3.5752953529708074 15.820324004645881 
-5 -7 0 3.5752953529673324 15.82032444925855 
-5 -8 0 2.1576729964442602 15.331329112940386 
-5 -9 0 2.1576729964444112 15.33132911074659 
-5 -10 0 1.7295625265120245 12.402744272247428 
-5 -11 0 1.7295625265120251 12.402744272247432 
-5 -12 0 3.0 3.0 
-5 -13 0 3.0 3.0 
-6 -4 0 12.0 12.0 
-6 -5 0 12.0 12.0 
-6 -6 0 7.244032530317785 14.311761389048504 
-6 -7 0 7.244032530317791 14.311761389048506 
-6 -8 0 5.480240974548411 14.47919320840225 
-6 -9 0 5.480240974548409 14.47919320840225 
-6 -10 0 4.145120260544327 12.402744272247432 
-6 -11 0 4.145120260544325 12.402744272247439 
-6 -12 0 3.0 3.0 
-6 -13 0 3.0 3.0 
