3 9 1 1.9999999999999998 4.0 
4 9 0 4.0 4.0 
3 8 1 1.9999999999999993 4.0 
4 8 0 4.0 4.0 
3 7 0 0.5036450289761915 9.23606797749979 
4 7 0 4.763932022500209 9.23606797749979 
3 6 0 0.5036450289761927 9.236067977499792 
4 6 0 4.763932022500211 9.23606797749979 
3 5 0 1.0091968620742597 9.598084447476488 
4 5 0 9.0 9.0 
3 4 0 1.0091968620742595 9.598084447476488 
4 4 0 9.0 9.0 
2 9 0 2.0 2.0 
2 8 0 2.0 2.0 
2 7 0 0.5036450289761927 8.61861069550744 
2 6 0 0.5036450289761939 8.618610695507444 
2 5 1 1.0091968620742566 9.999999895385496 
2 4 1 1.0091968620742615 9.999999929031251 
2 3 0 0.8601498937694266 9.000000000000005 
3 3 0 2.0 6.0 
2 2 0 0.8601498937694255 9.000000000000002 
3 2 0 1.9999999999999993 6.0 
1 7 0 3.2679491924311233 6.7320508075688785 
1 6 0 3.267949192431122 6.7320508075688785 
1 5 0 1.1078141211367787 10.000000000000004 
1 4 0 1.10781412113678 10.0 
1 3 0 0.8601498937694315 9.683382701070254 
1 2 0 0.8601498937694255 9.68338270107025 
1 1 0 2.999999999999999 7.000000000000002 
2 1 0 3.0 3.0 
1 0 0 2.9999999999999996 7.0 
2 0 0 3.0 3.0000000000000004 
0 7 0 4.0 4.0 
0 6 0 4.0 4.0 
0 5 0 1.1078141211367796 8.000000000000002 
0 4 0 1.1078141211367774 8.0 
0 3 1 1.6072245818725956 9.683382701070249 
0 2 1 1.6072245818725943 9.68338270107025 
0 1 1 1.2534317530042818 7.20147233821924 
0 0 1 1.2534317530042818 7.201472338219243 
-1 5 0 6.0 6.0 
-1 4 0 6.0 6.0 
-1 3 0 2.8586638843446366 8.626198068527296 
-1 2 0 2.8586638843446366 8.626198068527295 
-1 1 0 1.2534317530042827 7.201472338219242 
-1 0 0 1.253431753004283 7.201472338219242 
-1 -1 0 1.0 1.0 
0 -1 0 1.0 1.0 
-1 -2 0 1.0 1.0 
0 -2 0 1.0 1.0 
