3 9 0 2.0 2.0 
4 9 0 2.0 2.0 
3 8 0 2.0 2.0 
4 8 0 2.0 2.0 
3 7 0 0.9620636461325276 9.45618702308676 
4 7 0 3.2260183951436283 9.456187023086759 
3 6 0 0.9620636461325266 9.456187023086759 
4 6 0 3.2260183951436274 9.456187023086759 
3 5 0 1.7235627678051284 13.029623927166144 
4 5 0 4.360744838397216 12.450113458384232 
3 4 0 1.723562766303623 13.029623927166787 
4 4 0 4.360744838397215 12.450113458384234 
3 3 0 3.1688165641908466 14.400324021918024 
4 3 0 6.375004423229716 13.07704149603897 
3 2 0 3.168816571741582 14.400324021917832 
4 2 0 6.375004423229716 13.077041496038962 
3 1 0 4.380376132725869 12.03724887228651 
4 1 0 10.0 10.0 
3 0 0 4.380376132725866 12.037248872286503 
4 0 0 10.0 10.0 
2 9 0 2.0 2.0 
2 8 0 2.0 2.0 
2 7 1 0.9620636461325278 8.925768663559948 
2 6 1 0.9620636461325258 8.92576866355995 
2 5 1 0.3368344352302626 13.029623775369517 
2 4 1 0.3368344352302652 13.029623850055621 
2 3 0 0.37393787620941665 15.477289244461714 
2 2 0 0.37393787620851826 15.477289221791972 
2 1 0 1.764444093067264 13.999999999817073 
2 0 0 1.7644441010526906 13.999999999894314 
2 -1 0 3.2767916853652883 11.0 
3 -1 0 7.000000000000001 9.0 
2 -2 0 3.2767916853652865 10.999999999999998 
3 -2 0 7.0 9.0 
1 7 0 2.3526165832434227 8.872090597847375 
1 6 0 2.3526165832434223 8.872090597847372 
1 5 0 0.33683443523026396 11.72798836645035 
1 4 0 0.336834435230263 11.727988875402232 
1 3 1 0.3739378762075009 15.477289243647867 
1 2 1 0.37393787620750374 15.477289140385151 
1 1 1 0.9166337985915719 15.999999994283362 
1 0 1 0.9166337985915775 15.999999994787741 
1 -1 0 1.6562702388098947 12.999999997189827 
1 -2 0 1.6562702376243696 12.999999992353779 
1 -3 0 4.999999999999999 8.0 
2 -3 0 6.0 6.0 
1 -4 0 5.000000000000001 7.999999999999999 
2 -4 0 6.0 6.0 
0 7 0 4.0 4.0 
0 6 0 4.0 4.0 
0 5 0 1.8085086566514479 11.62981327169188 
0 4 0 1.8085086566514428 11.62981327169188 
0 3 1 0.7600351739951581 13.881972734124187 
0 2 1 0.7600351739951541 13.881972442070955 
0 1 2 0.9166337985915789 15.99999998447078 
0 0 2 0.9166337985915805 15.999999988153979 
0 -1 1 0.9629758103440422 13.877523504767439 
0 -2 1 0.9629758103440426 13.877523579664405 
0 -3 0 1.7271710406456584 10.56155281280883 
0 -4 0 1.7271710406456553 10.561552812808833 
-1 5 0 5.000000000000001 8.0 
-1 4 0 5.0 8.0 
-1 3 0 1.987574913979758 12.999999998374474 
-1 2 0 1.987574913413866 12.9999999998578 
-1 1 1 0.9097296911081779 15.999999992853674 
-1 0 1 0.9097296911081778 15.999999992746638 
-1 -1 1 0.4494743826570391 15.472748559395647 
-1 -2 1 0.44947438265704265 15.472748563391132 
-1 -3 0 0.3814411161474746 11.78931777663631 
-1 -4 0 0.38144111614745735 11.789318052330664 
-1 -5 0 3.0000000000000004 7.561552812808831 
0 -5 0 4.0 4.0 
-1 -6 0 2.9999999999999996 7.561552812808831 
0 -6 0 4.0 4.0 
-2 5 0 6.0 6.0 
-2 4 0 6.0 6.0 
-2 3 0 3.6277186767309857 11.0 
-2 2 0 3.6277186767309866 10.999999999999998 
-2 1 0 1.5112182219838746 13.999999999472712 
-2 0 0 1.5112182219839188 13.99999999962736 
-2 -1 0 0.4494743826812996 15.472748416041272 
-2 -2 0 0.4494743826585001 15.472748296286467 
-2 -3 1 0.3814411161474445 13.491393720637294 
-2 -4 1 0.381441116147441 13.49139372063723 
-2 -5 1 1.0636661027429517 8.247369432489053 
-2 -6 1 1.063666102742951 8.247369432489046 
-3 3 0 7.000000000000001 9.0 
-3 2 0 7.000000000000001 9.0 
-3 1 0 4.627718676730986 12.000000000000002 
-3 0 0 4.627718676730986 12.0 
-3 -1 0 3.0955329385727874 14.329170571137766 
-3 -2 0 3.095532938572801 14.329170571136068 
-3 -3 0 1.7268988725058445 13.491393720639985 
-3 -4 0 1.726898872505839 13.491393720639975 
-3 -5 0 1.063666102742951 9.5188166932723 
-3 -6 0 1.0636661027429508 9.518816693272298 
-3 -7 0 2.0 2.0 
-2 -7 0 2.0 2.0 
-3 -8 0 2.0 2.0 
-2 -8 0 2.0 2.0 
-4 1 0 10.0 10.0 
-4 0 0 10.0 10.0 
-4 -1 0 6.495335646411952 12.640023466892645 
-4 -2 0 6.495335646411952 12.640023466892645 
-4 -3 0 3.9999999999999996 13.295209388144293 
-4 -4 0 3.999999999999999 13.295209388144293 
-4 -5 0 2.9999999999999996 9.518816693272298 
-4 -6 0 3.0 9.518816693272296 
-4 -7 0 2.0 2.0 
-4 -8 0 2.0 2.0 
