6 14 0 4.0 4.0 
7 14 0 4.0 4.0 
6 13 0 4.0 4.0 
7 13 0 4.0 4.0 
6 12 0 2.7379461975884536 15.772001872658766 
7 12 0 4.999999999999999 15.772001872658766 
6 11 0 2.7379461975884487 15.772001872658771 
7 11 0 5.0 15.77200187265877 
6 10 0 3.5262411145534727 18.795797072180587 
7 10 0 7.4849096635375 16.73922634302045 
6 9 0 3.5262411228408497 18.795797072250405 
7 9 0 7.4849096635375 16.739226343020455 
6 8 0 5.40049055556314 18.0 
7 8 0 14.0 14.0 
6 7 0 5.400490555563141 17.999999999999993 
7 7 0 14.0 14.0 
5 14 0 4.0 4.0 
5 13 0 4.0 4.0 
5 12 0 1.4579595817053153 14.500532479132197 
5 11 0 1.4579595845437372 14.500532776948981 
5 10 0 1.7926325637469138 18.795796724177674 
5 9 0 1.7926325637467417 18.795796823440774 
5 8 0 2.3297661398332514 19.99999995802755 
5 7 0 2.329766139851815 19.999999972830135 
5 6 0 4.09325378162018 16.857194554800245 
6 6 0 10.0 13.000000000000002 
5 5 0 4.093253782691727 16.857194554785025 
6 5 0 10.000000000000002 13.0 
4 14 0 4.0 4.0 
4 13 0 4.0 4.0 
4 12 0 1.4579595853448124 12.964748449821885 
4 11 0 1.4579595817405422 12.96474844982988 
4 10 0 0.4592385843517277 17.2621537308576 
4 9 0 0.4592385841959594 17.26215466459499 
4 8 0 0.8114498890365506 19.999999493789257 
4 7 0 0.811449889011209 19.999999204683576 
4 6 0 1.310645387463689 17.999999905932565 
4 5 0 1.3106453875135913 17.99999953293456 
4 4 0 3.223369787173931 14.865548595408368 
5 4 0 8.0 11.4142135623731 
4 3 0 3.223369787173919 14.865548113248297 
5 3 0 7.999999999999999 11.41421356237309 
3 14 0 4.0 4.0 
3 13 0 4.0 4.0 
3 12 0 1.4803919150726272 11.854830529511982 
3 11 0 1.4803919150902582 11.854830529502747 
3 10 0 0.45923858397450706 16.224726094539463 
3 9 0 0.45923858424017383 16.224726037497533 
3 8 0 0.16987402199859875 19.552358977984966 
3 7 0 0.1698740219987399 19.552359044431327 
3 6 0 0.30772820209426366 19.999999707601493 
3 5 0 0.30772820207769075 19.999999146059125 
3 4 0 0.7895000326797734 16.659888952516635 
3 3 0 0.789500032593174 16.659888975660333 
3 2 0 2.6378751110654077 12.813240695921689 
4 2 0 6.585786437626904 9.414213562373096 
3 1 0 2.6378751116223955 12.81324069540329 
4 1 0 6.585786437626906 9.414213562373092 
2 12 0 3.384040706499276 9.698709009767134 
2 11 0 3.3840407064992757 9.698709009767146 
2 10 0 1.1590860538872292 14.405507402478593 
2 9 0 1.1590860520771251 14.40550752108691 
2 8 0 0.1698740220031143 17.849731756880452 
2 7 0 0.1698740220043498 17.849731716879802 
2 6 1 0.3077282020776397 19.999998410291315 
2 5 1 0.3077282020776382 19.99999918681564 
2 4 1 0.5045118068642874 17.84262869420256 
2 3 1 0.5045118068642885 17.842629041802255 
2 2 0 1.079709098037884 14.625710963855047 
2 1 0 1.0797090973039736 14.625710986603801 
2 0 0 2.925432938634369 10.684707940246009 
3 0 0 6.0 6.0 
2 -1 0 2.925432938634368 10.68470794024601 
3 -1 0 6.0 6.0 
1 12 0 5.0 7.0 
1 11 0 5.000000000000001 7.0 
1 10 0 2.909826326544216 12.502661248974238 
1 9 0 2.909826326544182 12.50266125075612 
1 8 0 1.293649608138571 16.554086598083206 
1 7 0 1.2936496096313226 16.553339814547574 
1 6 0 0.47870418301624396 19.926303262934827 
1 5 0 0.47870418301989476 19.92630436080031 
1 4 0 0.16418189428940785 19.511888545336205 
1 3 0 0.1641818943004578 19.51188885838717 
1 2 0 0.32977613428960495 16.1977416518582 
1 1 0 0.3297761342873908 16.197741599846626 
1 0 0 1.2783486489742215 12.304924297579673 
1 -1 0 1.2783486489742268 12.30492467213009 
0 10 0 5.064888003525422 10.56852833197802 
0 9 0 5.06488800352542 10.568528331978024 
0 8 0 2.9214928854118893 14.772108299702998 
0 7 0 2.9214928853971993 14.772108433172772 
0 6 0 0.9553848289116567 17.999998307803303 
0 5 0 0.9553848289673894 17.99999944695853 
0 4 0 0.16418189428378477 19.99999997758343 
0 3 0 0.1641818942838971 19.99999999597558 
0 2 1 0.3297761342870923 17.523196810025304 
0 1 1 0.32977613428709507 17.523197237920737 
0 0 1 0.8957235569769868 14.265035463200071 
0 -1 1 0.8957235569769837 14.265035400861388 
0 -2 0 1.8299135133739668 5.481194304092016 
1 -2 0 3.000000000000001 5.0 
0 -3 0 1.829913513373966 5.481194304092015 
1 -3 0 2.999999999999999 5.0 
-1 8 0 5.7246223026481795 12.761399537515725 
-1 7 0 5.724622302648177 12.761399537515722 
-1 6 0 3.6046996494558474 16.84082526826376 
-1 5 0 3.604699649455891 16.840825268356536 
-1 4 0 2.01382270637433 19.99999992330887 
-1 3 0 2.013822705021761 19.99999999997662 
-1 2 0 1.2363606864337895 18.808163031667977 
-1 1 0 1.2363606864319912 18.80816303235615 
-1 0 0 0.8957235569783509 15.304691465194523 
-1 -1 0 0.8957235569775278 15.304691465226837 
-1 -2 0 1.829913513373966 6.0 
-1 -3 0 1.8299135133739668 6.000000000000001 
-2 6 0 7.506345948286409 14.820196766378011 
-2 5 0 7.50634594828641 14.820196766378011 
-2 4 0 5.044212970212749 18.0 
-2 3 0 5.044212970066733 17.99999998746587 
-2 2 0 3.0476171345217913 18.808163032297845 
-2 1 0 3.0476171381544748 18.808162624684424 
-2 0 0 2.116566688820941 16.898979485566358 
-2 -1 0 2.116566688821132 16.898979485566347 
-2 -2 0 1.829913513373967 6.0 
-2 -3 0 1.8299135133739655 6.0 
-3 4 0 16.0 16.0 
-3 3 0 16.0 16.0 
-3 2 0 8.87689437438234 17.12310562561766 
-3 1 0 8.876894374382339 17.12310562561766 
-3 0 0 7.101020514433644 16.898979485566358 
-3 -1 0 7.101020514433644 16.898979485566354 
-3 -2 0 6.0 6.0 
-3 -3 0 6.0 6.0 
