4 12 0 2.0 2.0 
5 12 0 2.0 2.0 
4 11 0 2.0 2.0 
5 11 0 2.0 2.0 
4 10 0 1.6286553201971488 9.689906891369546 
5 10 0 2.264803947617706 9.689906891369546 
4 9 0 1.628655320197148 9.689906891369551 
5 9 0 2.2648039476177053 9.689906891369546 
4 8 0 1.714059977960046 13.85472597435101 
5 8 0 3.4928736710137347 13.854725974351574 
4 7 0 1.7140599779598338 13.854725974351581 
5 7 0 3.492873671013734 13.85472597435158 
4 6 0 2.318437206649047 15.072725431341272 
5 6 0 5.839628210606097 12.551237677092862 
4 5 0 2.318437206626375 15.074194864474013 
5 5 0 5.839628210606098 12.551237677092866 
4 4 0 4.623181019608213 13.0 
5 4 0 10.0 10.0 
4 3 0 4.623181019608218 13.000000000000002 
5 3 0 10.0 10.0 
3 12 0 2.0 2.0 
3 11 0 2.0 2.0 
3 10 0 0.6100112871587929 8.52109209502211 
3 9 0 0.6100112871587928 8.52109209502211 
3 8 0 0.47201767657580584 13.820788964093232 
3 7 0 0.47201767657580895 13.820788964952818 
3 6 0 0.8687336849560298 15.455172383382857 
3 5 0 0.8687336849713014 15.45517218263606 
3 4 0 1.5602098865827012 14.999999990695073 
3 3 0 1.5602098879736794 14.999999992499069 
3 2 0 3.61282605091674 10.879733679448663 
4 2 0 8.0 8.0 
3 1 0 3.612826050916741 10.879733679448659 
4 1 0 8.0 8.0 
2 10 0 0.6100112871587939 6.833280029470544 
2 9 0 0.610011287158793 6.833280029470546 
2 8 1 0.47201767657580584 12.496535404813807 
2 7 1 0.47201767657580573 12.496535404816559 
2 6 2 0.6810929962883241 15.455171956843472 
2 5 2 0.6810929962883256 15.45517188125715 
2 4 1 0.47981137757162073 15.7402090300609 
2 3 1 0.4798113775716222 15.740209038433 
2 2 0 0.6446892520196498 12.879729177542657 
2 1 0 0.6446892520083591 12.879729162906449 
2 0 0 3.0 8.000000000000002 
3 0 0 6.0 6.0 
2 -1 0 2.9999999999999996 8.000000000000002 
3 -1 0 6.0 6.0 
1 10 0 4.0 4.0 
1 9 0 4.0 4.0 
1 8 0 1.0217469475931753 10.379105498443455 
1 7 0 1.021746947718814 10.37910549844345 
1 6 0 0.6007993270364823 14.659831395344549 
1 5 0 0.6007993268960393 14.659831391623824 
1 4 0 0.45966417311435376 15.890835326702906 
1 3 0 0.4596641731716202 15.89083413836716 
1 2 0 0.6446892519846739 14.375402975906532 
1 1 0 0.6446892519846997 14.375402858500763 
1 0 0 1.9099234216238137 9.618033983765578 
1 -1 0 1.9099234235600053 9.618033920544319 
0 8 0 2.6133886275659775 7.659262241564461 
0 7 0 2.6133886275659743 7.659262241564462 
0 6 0 0.6007993270463072 12.772771779436754 
0 5 0 0.60079932707992 12.772772016150826 
0 4 1 0.45966417311434693 15.89083533275074 
0 3 1 0.4596641731143469 15.890835333430283 
0 2 2 0.9442189297528291 15.261310059578163 
0 1 2 0.8916732664225256 15.2613092455975 
0 0 1 0.6379285854927081 11.404711390868878 
0 -1 1 0.6379285854927104 11.404711579198098 
0 -2 0 0.9999999999999998 5.618033988749894 
1 -2 0 4.0 4.0 
0 -3 0 0.999999999999999 5.618033988749896 
1 -3 0 4.0 4.0 
-1 6 0 3.3460577486244456 10.548569526507496 
-1 5 0 3.346057748624443 10.548569526507496 
-1 4 0 1.1520658283275986 14.862087731367676 
-1 3 0 1.1520658285661416 14.862087791705019 
-1 2 0 0.8916732666279459 15.999999996471978 
-1 1 0 0.8916732666417755 15.999999999981805 
-1 0 0 0.6379285854928191 13.10119684569918 
-1 -1 0 0.6379285855361196 13.101197036702777 
-1 -2 0 1.0000000000000002 6.0 
-1 -3 0 1.0 6.000000000000003 
-2 4 0 5.581167324029958 12.805602832577593 
-2 3 0 5.581167324029958 12.80560283257759 
-2 2 0 2.9404873841732124 15.999999999999996 
-2 1 0 2.940487384173212 16.0 
-2 0 0 2.0711199997288228 14.605551275463988 
-2 -1 0 2.071119999728823 14.605551275463988 
-2 -2 0 2.3819660112501033 6.000000000000001 
-2 -3 0 2.381966011250105 6.0 
-3 2 0 14.0 14.0 
-3 1 0 14.0 14.0 
-3 0 0 7.394448724536012 14.60555127546399 
-3 -1 0 7.394448724536011 14.60555127546399 
-3 -2 0 6.0 6.0 
-3 -3 0 6.0 6.0 
