4 12 0 4.0 4.0 
5 12 0 4.0 4.0 
4 11 0 4.0 4.0 
5 11 0 4.0 4.0 
4 10 0 2.459943490806724 9.895106515927532 
5 10 0 4.707598414775379 9.895106515927532 
4 9 0 2.459943490806726 9.895106515927528 
5 9 0 4.707598414775379 9.895106515927528 
4 8 0 2.6273157090567274 14.895106515670111 
5 8 0 5.697224362268004 14.895106515927527 
4 7 0 2.62731570019918 14.895106515789072 
5 7 0 5.697224362268005 14.89510651592753 
4 6 0 3.456188634695447 17.292513991824013 
5 6 0 6.697224362267999 16.751532071547533 
4 5 0 3.4561886396553354 17.292513991902005 
5 5 0 6.697224362268004 16.751532071547526 
4 4 0 4.456188634280383 17.751531889418317 
5 4 0 8.133801737490973 16.65544238154984 
4 3 0 4.456188634593291 17.7515320714979 
5 3 0 8.133801737490979 16.655442381549825 
4 2 0 5.9310687067964425 17.65544233681199 
5 2 0 10.999999999999998 15.65544238154983 
4 1 0 5.931068596188494 17.655442350438502 
5 1 0 11.0 15.65544238154983 
4 0 0 8.000000000000007 15.999999999981595 
5 0 0 14.0 14.0 
4 -1 0 8.000000000000046 15.999999999931505 
5 -1 0 14.0 14.0 
3 12 0 3.9999999999999996 4.0 
3 11 0 4.0 4.0 
3 10 0 2.0000000000000044 9.895106515927532 
3 9 0 1.9999999999999998 9.89510651592753 
3 8 0 1.7278926832392218 14.895106515927528 
3 7 0 1.7278926832619255 14.895106513998403 
3 6 0 1.895264892954127 17.292513947194756 
3 5 0 1.8952648926760522 17.292513745228735 
3 4 0 2.2550343780047157 18.498641221075466 
3 3 0 2.2550343808241307 18.498641295315295 
3 2 0 3.0839073126000214 18.5468863624545 
3 1 0 3.0839073133682673 18.546885955669364 
3 0 0 4.558787273026029 17.073561760312316 
3 -1 0 4.558787273042941 17.07356180495186 
3 -2 0 6.627718676731017 14.999999997657245 
4 -2 0 11.0 13.0 
3 -3 0 6.6277186767311775 14.999999999360867 
4 -3 0 11.0 12.999999999999998 
2 12 0 4.0 4.0 
2 11 0 4.0 4.0 
2 10 0 2.0000000000000004 9.895106515927537 
2 9 0 2.0000000000000013 9.895106515927523 
2 8 0 0.4599434908067272 13.89510651589738 
2 7 0 0.45994349080672653 13.89510651591908 
2 6 0 0.4599434908073202 17.292513970348917 
2 5 0 0.4599434908082217 17.292513860106126 
2 4 0 0.4599434909279435 18.49864129738498 
2 3 0 0.4599434908300872 18.498630661798188 
2 2 0 0.6273157002022497 19.498641110841827 
2 1 0 0.6273157001991613 19.498641294672904 
2 0 0 1.4561886343864994 18.999999800295296 
2 -1 0 1.4561886345761446 18.999999976864352 
2 -2 0 2.931068596264787 15.464698256226239 
2 -3 0 2.9310685961817216 15.464698314225872 
2 -4 0 4.931068596201395 12.999999996356138 
3 -4 0 9.0 11.0 
2 -5 0 4.931068596163715 12.999999999900158 
3 -5 0 9.0 11.000000000000002 
1 12 0 4.0 4.0 
1 11 0 4.0 4.0 
1 10 0 1.9999999999999996 8.201204821150837 
1 9 0 1.9999999999999987 8.201204821150831 
1 8 0 0.4599434908067241 12.618033971348883 
1 7 0 0.45994349080672586 12.618033482230308 
1 6 0 0.2514783602866773 16.292513966860728 
1 5 0 0.2514783602971064 16.292513985278248 
1 4 0 0.2514783602842798 18.498641298038923 
1 3 0 0.25147836028438664 18.49864129487093 
1 2 0 0.25147836028458664 19.49864128046754 
1 1 0 0.25147836040948207 19.498641290727882 
1 0 0 0.3260101767698559 19.56946547456169 
1 -1 0 0.3260101767574612 19.569465476885107 
1 -2 0 1.0985192050297286 16.999999979006287 
1 -3 0 1.0985192055590145 16.99999990603002 
1 -4 0 2.274540998955251 13.999999999990365 
1 -5 0 2.274540998921497 13.999999999983508 
1 -6 0 4.000000000000001 10.000000000000004 
2 -6 0 7.000000000000002 8.999999999999998 
1 -7 0 4.000000000000002 9.999999999999998 
2 -7 0 7.0 9.0 
0 10 0 4.381966011250106 7.618033988749896 
0 9 0 4.381966011250105 7.618033988749894 
0 8 0 2.251478360284206 11.61803396385069 
0 7 0 2.251478366204627 11.618033955417305 
0 6 0 0.25147836029300685 14.999999999727336 
0 5 0 0.25147836030391724 14.999999997696296 
0 4 1 0.2514783602842079 18.292513981045268 
0 3 1 0.2514783602842064 18.28701265913703 
0 2 3 0.7975550193763831 19.49864129467013 
0 1 3 0.7975550193763649 19.498641291062917 
0 0 3 0.7975550193763575 19.999999991772928 
0 -1 3 0.7975550193763603 19.99999999691559 
0 -2 1 0.7975550193763629 18.051850173744956 
0 -3 1 0.7975550193763603 18.051850170195806 
0 -4 0 0.9908703946175288 14.464698286344573 
0 -5 0 0.9908703946112081 14.464697503157772 
0 -6 0 2.990870394614815 10.999999999387926 
0 -7 0 2.990870394616262 10.999999999664901 
0 -8 0 6.0 6.0 
1 -8 0 6.0 6.0 
0 -9 0 6.0 6.000000000000001 
1 -9 0 6.0 6.0 
-1 8 0 5.186393497351669 9.999999999999998 
-1 7 0 5.186393497351669 9.999999999999995 
-1 6 0 3.186393504617037 13.999999999653264 
-1 5 0 3.1863934973728014 13.99999999947848 
-1 4 0 1.2420386425104957 16.794393630769026 
-1 3 0 1.242038643761497 16.794394096497236 
-1 2 0 0.7975550196457377 19.498641102061995 
-1 1 0 0.7975550204973242 19.498641203631358 
-1 0 0 0.7975550194816665 19.99999998145076 
-1 -1 0 0.7975550195132489 19.999999988811663 
-1 -2 0 0.797555019377014 18.82842709105938 
-1 -3 0 0.7975550193765912 18.828427121688996 
-1 -4 0 0.9908703946774395 16.05185017381277 
-1 -5 0 0.9908703946214917 16.05185017331213 
-1 -6 0 2.9908703946360866 12.051850174196261 
-1 -7 0 2.990870394764995 12.051850174202368 
-1 -8 0 6.0 6.0 
-1 -9 0 5.999999999999999 6.0 
-2 6 0 6.999999999999999 11.999999999999998 
-2 5 0 6.999999999999999 12.0 
-2 4 0 4.814112174087545 15.99999966165907 
-2 3 0 4.814112174088725 15.999999415592452 
-2 2 0 2.86975731947089 18.747559529247376 
-2 1 0 2.869757319302125 18.747559610009677 
-2 0 0 1.9462457169698981 19.99999934079069 
-2 -1 0 1.9462457126118662 19.999999283824284 
-2 -2 0 1.9462457051788167 18.99999999391044 
-2 -3 0 1.946245710425072 18.999999957057735 
-2 -4 0 1.9462457060545681 17.051849986009326 
-2 -5 0 1.9462457065186816 17.05185017419706 
-2 -6 0 2.9908703947353588 12.82842712474548 
-2 -7 0 2.990870394696784 12.828427124744865 
-2 -8 0 6.0 6.000000000000001 
-2 -9 0 6.0 6.0 
-3 4 0 9.0 14.0 
-3 3 0 9.0 13.999999999999998 
-3 2 0 6.186393497352682 16.999999999806445 
-3 1 0 6.1863934973526495 16.9999999989404 
-3 0 0 4.242038643152422 19.99999999604993 
-3 -1 0 4.242038642573553 19.99999999131252 
-3 -2 0 3.2420386424595384 18.999999983499087 
-3 -3 0 3.2420386514333543 18.999999994415955 
-3 -4 0 2.797555019384549 17.828427124736542 
-3 -5 0 2.797555020120552 17.82842712153145 
-3 -6 0 2.990870400423096 12.828427124746126 
-3 -7 0 2.9908703960681877 12.828427124746149 
-3 -8 0 6.0 6.0 
-3 -9 0 6.0 6.0 
-4 2 0 11.000000000000002 15.0 
-4 1 0 11.000000000000002 15.000000000000004 
-4 0 0 7.999999999999993 17.999999999995495 
-4 -1 0 8.000000000000007 17.999999999901796 
-4 -2 0 6.109934722195886 18.9999999997709 
-4 -3 0 6.109934722200777 18.999999746639205 
-4 -4 0 4.9462457052103765 17.828427120736567 
-4 -5 0 4.946245705207062 17.828427121348593 
-4 -6 0 3.9462457051679576 12.828427124746188 
-4 -7 0 3.9462457051679585 12.828427124746188 
-4 -8 0 5.999999999999999 6.0 
-4 -9 0 6.0 6.0 
-5 0 0 16.0 16.0 
-5 -1 0 16.0 16.0 
-5 -2 0 11.171572875253807 17.0 
-5 -3 0 11.171572875253808 17.0 
-5 -4 0 8.17157287525381 17.82842712474619 
-5 -5 0 8.171572875253812 17.82842712474619 
-5 -6 0 6.999999999999999 12.828427124746192 
-5 -7 0 6.999999999999997 12.82842712474619 
-5 -8 0 6.0 6.0 
-5 -9 0 6.0 6.0 
