5 13 0 4.0 4.0 
6 13 0 4.0 4.0 
5 12 0 4.0 4.0 
6 12 0 4.0 4.0 
5 11 0 3.0000000000000018 11.54138126514911 
6 11 0 5.0 11.541381265149111 
5 10 0 3.0000000000000004 11.54138126514911 
6 10 0 5.000000000000001 11.54138126514911 
5 9 0 3.0000000137214573 15.955594824927958 
6 9 0 6.267949192431124 15.955594827522203 
5 8 0 3.0000000000000036 15.955594819879334 
6 8 0 6.267949192431124 15.955594827522203 
5 7 0 4.1863934981931665 18.18713257621327 
6 7 0 7.726567927282016 17.273432072717988 
5 6 0 4.186393497968186 18.187132576212136 
6 6 0 7.726567927282012 17.273432072717988 
5 5 0 5.645012232212419 18.732050807462727 
6 5 0 9.458618734850893 15.732050807568879 
5 4 0 5.6450122322190746 18.732050807171653 
6 4 0 9.45861873485089 15.732050807568875 
5 3 0 7.458618734851164 16.99999999999999 
6 3 0 14.0 14.0 
5 2 0 7.458618734850937 16.999999999999996 
6 2 0 14.0 14.0 
4 13 0 4.0 4.0 
4 12 0 4.0 4.0 
4 11 0 1.5356008599142785 11.541381265149075 
4 10 0 1.53560086084492 11.54138126514908 
4 9 0 1.7369449326311022 15.955594800434495 
4 8 0 1.7369449326311244 15.955594625657714 
4 7 0 2.072228832358849 18.18713257606088 
4 6 0 2.072228832097066 18.187132576107572 
4 5 0 2.729849675590578 19.64575131086863 
4 4 0 2.729849675602889 19.645751310669517 
4 3 0 3.916243172939763 17.99999999987956 
4 2 0 3.916243172940686 17.99999999983974 
4 1 0 5.729849676028746 14.999999998131253 
5 1 0 10.999999999999998 13.000000000000002 
4 0 0 5.729849676921551 14.999999969301799 
5 0 0 11.0 13.0 
3 13 0 4.0 4.0 
3 12 0 4.0 4.0 
3 11 0 1.5356008599087188 10.288090964236536 
3 10 0 1.535600859911453 10.288090964503837 
3 9 0 0.5356008599146418 14.955594825535847 
3 8 0 0.5356008599111945 14.95559482745447 
3 7 0 0.5356008601662426 18.187132575452043 
3 6 0 0.5356008608849208 18.18713257525942 
3 5 0 0.7369449326322789 19.64575131068807 
3 4 0 0.7369449326309522 19.64575131081942 
3 3 0 1.07222883327699 19.99999999765512 
3 2 0 1.07222883261008 19.99999998621306 
3 1 0 2.2586223292394654 16.66628717032291 
3 0 0 2.25862232923946 16.666287201599904 
3 -1 0 4.072228831903301 13.395087576362775 
4 -1 0 8.999999999999998 11.0 
3 -2 0 4.072228831891264 13.39508757625137 
4 -2 0 8.999999999999998 11.000000000000002 
2 13 0 4.0 4.0 
2 12 0 4.0 4.0 
2 11 0 1.5356008599087065 9.02073069319821 
2 10 0 1.5356008599087045 9.020730693192323 
2 9 0 0.5356008599212286 13.702304372775309 
2 8 0 0.5356008599275706 13.702304526906376 
2 7 1 0.5356008599087031 17.21165089404384 
2 6 1 0.5356008599087054 17.211650915418275 
2 5 2 0.736944933097986 19.645751309793614 
2 4 2 0.7221091429676384 19.645751310283973 
2 3 1 0.4191675587385252 19.999999997388297 
2 2 1 0.41916755873852424 19.999999987571748 
2 1 0 0.41916755873867956 17.999999987341116 
2 0 0 0.41916755903285496 17.99999905812526 
2 -1 0 1.6055610560902172 14.666287251728813 
2 -2 0 1.6055610560902056 14.66628716904729 
2 -3 0 3.419167558738526 11.395087576455731 
3 -3 0 6.999999999999999 9.0 
2 -4 0 3.419167558738527 11.39508757645572 
3 -4 0 6.999999999999999 9.0 
1 11 0 3.5857864376269046 7.414213562373095 
1 10 0 3.585786437626905 7.414213562373094 
1 9 0 2.1213873117364384 12.434944241709731 
1 8 0 2.121387303933417 12.434943922441109 
1 7 0 1.306564258024944 16.211650896070623 
1 6 0 1.3065642559682857 16.21165080326734 
1 5 0 0.5356008599638478 19.44318802296407 
1 4 0 0.5356008599092582 19.443188432634017 
1 3 0 0.41916755874092226 19.999999522777937 
1 2 0 0.41916755900493213 19.999999878203575 
1 1 0 0.41916755879874285 19.666287259138368 
1 0 0 0.41916755875167805 19.666287261228458 
1 -1 0 1.0000000000066087 16.39508757634686 
1 -2 0 1.000000001373878 16.395087562269293 
1 -3 0 2.1863934973516703 12.5332189920057 
1 -4 0 2.186393497355159 12.53321917474855 
1 -5 0 4.0 7.0 
2 -5 0 6.0 6.0 
1 -6 0 3.9999999999999996 7.0 
2 -6 0 6.0 6.0 
0 9 0 4.17157287525381 10.414213562373098 
0 8 0 4.171572875253809 10.414213562373096 
0 7 0 1.8035500523409462 14.25571688708162 
0 6 0 1.8035500582463153 14.25571666763864 
0 5 0 0.5356008600727431 17.797437276804207 
0 4 0 0.5356008601437311 17.797437221740207 
0 3 1 0.535600859908702 19.999999594547585 
0 2 1 0.5356008599087023 19.999999294009704 
0 1 2 0.7221091429676391 19.9999999809153 
0 0 2 0.7221091429676368 19.999999992438518 
0 -1 1 0.41916755873852657 17.5332193251732 
0 -2 1 0.4191675587385248 17.533219324210997 
0 -3 0 0.41916755873855954 13.236067840103715 
0 -4 0 0.41916755873852557 13.23606771391808 
0 -5 0 3.0000000000000004 7.000000000000001 
0 -6 0 3.0000000000000018 7.000000000000002 
-1 7 0 3.8537356300580297 12.414213562373098 
-1 6 0 3.8537356300580288 12.414213562373096 
-1 5 0 2.5745134481458707 16.414213506297003 
-1 4 0 2.5745134489762114 16.41421356207634 
-1 3 0 1.3065642558970292 19.797437348571403 
-1 2 0 1.3065642576580687 19.79743731784726 
-1 1 0 0.7221091429735428 19.9999999975619 
-1 0 0 0.7221091431436275 19.999999997748816 
-1 -1 0 0.4191675587391641 18.236067916804082 
-1 -2 0 0.41916755873853506 18.236067963005684 
-1 -3 0 0.4191675587772029 13.53321933662075 
-1 -4 0 0.4191675588054626 13.533219338448085 
-1 -5 0 0.9999999999999986 7.999999999999999 
-1 -6 0 1.0000000000000016 8.0 
-2 5 0 5.8537356300580266 14.41421356237309 
-2 4 0 5.853735630058026 14.414213562373098 
-2 3 0 3.17292009304638 17.99999970011117 
-2 2 0 3.17292009395119 17.999999545901407 
-2 1 0 1.9049708988456355 19.999999912837993 
-2 0 0 1.9049708998321224 19.99999960972018 
-2 -1 0 1.1770864864136616 18.23606797731659 
-2 -2 0 1.1770864862472983 18.23606797691513 
-2 -3 0 1.0000000000000537 14.236067977499514 
-2 -4 0 1.0000000000002969 14.236067977497784 
-2 -5 0 0.9999999999999992 8.0 
-2 -6 0 0.9999999999999969 8.000000000000002 
-3 3 0 11.267949192431125 16.0 
-3 2 0 11.267949192431123 16.0 
-3 1 0 7.031881214931334 19.999999999886832 
-3 0 0 7.031881214937438 19.999999986432414 
-3 -1 0 5.26794920677748 18.23606796535054 
-3 -2 0 5.267949192431124 18.236067951627444 
-3 -3 0 4.000000000005639 14.236067977432043 
-3 -4 0 4.000000000020857 14.236067977488473 
-3 -5 0 3.9999999999999982 8.0 
-3 -6 0 3.9999999999999996 8.0 
-4 1 0 18.0 18.0 
-4 0 0 18.0 18.0 
-4 -1 0 13.76393202250021 18.236067977499793 
-4 -2 0 13.763932022500212 18.236067977499786 
-4 -3 0 9.76393202250021 14.23606797749979 
-4 -4 0 9.763932022500212 14.236067977499792 
-4 -5 0 8.0 8.0 
-4 -6 0 8.0 8.0 
