0 0 0 1.9999999999999998 4.0 
1 0 0 4.0 4.0 
0 -1 0 1.9999999999999998 4.0 
1 -1 0 4.0 4.0 
0 -2 0 1.242896030504153 9.323404276086478 
1 -2 0 4.318669356395023 9.323404276086476 
0 -3 0 1.2428960305041516 9.323404276086476 
1 -3 0 4.318669356395023 9.323404276086478 
0 -4 0 1.5350867555386822 11.3107448864877 
1 -4 0 5.75085946187045 11.10277504909664 
0 -5 0 1.5350867555277552 11.310744755234001 
1 -5 0 5.75085946187045 11.102775049096639 
0 -6 0 2.4533070163223885 10.69791642711925 
1 -6 0 10.0 10.0 
0 -7 0 2.4533070163223893 10.697916427119248 
1 -7 0 10.0 10.0 
-1 0 1 2.0 4.0 
-1 -1 1 2.0 4.000000000000001 
-1 -2 3 1.8545558501172572 8.201472338219245 
-1 -3 3 1.854555850116835 8.201472338219235 
-1 -4 3 0.6553139299314727 11.310744823363883 
-1 -5 3 0.6553139299314736 11.310744691498023 
-1 -6 1 0.4469322431935782 11.42824266611823 
-1 -7 1 0.4469322431935784 11.428242673953102 
-1 -8 0 0.5117677865152972 9.285958696534657 
0 -8 0 3.999999999999999 8.0 
-1 -9 0 0.511767786515863 9.285958696534662 
0 -9 0 3.9999999999999996 8.0 
-2 -2 0 0.5981946981988102 7.0 
-2 -3 0 0.5981946981988038 7.0 
-2 -4 0 0.40831963575367375 10.287659269302981 
-2 -5 0 0.40831963575414054 10.287659259284775 
-2 -6 0 0.44693224319369695 11.533266402364827 
-2 -7 0 0.4469322431936353 11.533266440051376 
-2 -8 0 0.5117677865152928 10.15788197573983 
-2 -9 0 0.5117677870470575 10.157882110551364 
-2 -10 0 1.9999999999999996 6.000000000000001 
-1 -10 0 2.0 6.0 
-2 -11 0 1.9999999999999996 6.0 
-1 -11 0 1.9999999999999998 5.999999999999999 
-3 -4 0 2.023015739850361 9.000000000000004 
-3 -5 0 2.0230157398503588 9.0 
-3 -6 0 1.2801879477285174 11.533266352996913 
-3 -7 0 1.2801879475610454 11.533266462188537 
-3 -8 0 1.5048256166276202 11.127190894945665 
-3 -9 0 1.504825616627623 11.127190856478917 
-3 -10 0 1.9999999999999984 6.0 
-3 -11 0 2.0 6.0 
-4 -6 0 4.298437881283579 11.0 
-4 -7 0 4.298437881283576 11.000000000000002 
-4 -8 0 3.031643181884554 11.999999999999998 
-4 -9 0 3.0316431818845535 11.999999999999998 
-4 -10 0 3.9999999999999996 6.0 
-4 -11 0 4.0 6.0 
-5 -8 0 12.0 12.0 
-5 -9 0 12.0 12.0 
-5 -10 0 6.0 6.0 
-5 -11 0 6.0 6.0 
