3 7 0 2.0 2.0 
4 7 0 2.0 2.0 
3 6 0 2.0 2.0 
4 6 0 2.0 2.0 
3 5 0 1.0116453880878034 11.823156164525969 
4 5 0 3.462885845888732 11.823156164525969 
3 4 0 1.0116453880878022 11.823156164525967 
4 4 0 3.4628858458887324 11.823156164525967 
3 3 0 1.1587026298009733 15.24961909353933 
4 3 0 5.4665214326104525 13.934914245471877 
3 2 0 1.158702629796515 15.249618608823832 
4 2 0 5.466521432610453 13.934914245471877 
3 1 0 3.115479743295336 14.000000000000004 
4 1 0 10.0 10.0 
3 0 0 3.115479743295342 14.000000000000002 
4 0 0 10.0 10.0 
2 7 0 2.0 2.0 
2 6 0 2.0 2.0 
2 5 0 1.0116453880878058 11.648468458197152 
2 4 0 1.0116453880878034 11.64846845819715 
2 3 0 1.1587026297965066 15.249619125061635 
2 2 0 1.158702629796517 15.249619125111025 
2 1 0 1.3690732759781075 15.999999999884672 
2 0 0 1.3690732759742628 15.999999999869633 
2 -1 0 2.6883652135187686 12.000000000000002 
3 -1 0 8.0 8.0 
2 -2 0 2.68836521351877 12.0 
3 -2 0 8.0 8.0 
1 5 0 1.7228874053402417 9.412202903119042 
1 4 0 1.7228874053402423 9.412202903119034 
1 3 0 1.334451938828868 13.701537860282603 
1 2 0 1.3344519388287917 13.701537892403891 
1 1 0 0.29247542024742357 15.999999968601458 
1 0 0 0.29247542025102785 15.999999989963394 
1 -1 0 1.2676459440922505 13.999999984235435 
1 -2 0 1.26764594320982 13.999999832641194 
1 -3 0 3.4384471871911693 10.000000000000002 
2 -3 0 6.0 6.0 
1 -4 0 3.4384471871911715 10.000000000000002 
2 -4 0 6.0 6.0 
0 5 0 3.9999999999999996 6.000000000000001 
0 4 0 3.9999999999999996 6.0 
0 3 0 1.3344519390069836 12.42433153209853 
0 2 0 1.3344519388358604 12.424331532096634 
0 1 1 0.29247542024696693 15.904194961720538 
0 0 1 0.29247542024696527 15.904195021385183 
0 -1 1 0.2434826339728168 15.734242943164764 
0 -2 1 0.24348263397281442 15.734242860191355 
0 -3 0 0.08985275961357266 11.7624724168467 
0 -4 0 0.08985275961357274 11.762473603290257 
-1 5 0 4.000000000000001 6.0 
-1 4 0 3.999999999999999 6.0 
-1 3 0 2.281673433756505 10.877971041835906 
-1 2 0 2.2816734337582294 10.877971048623294 
-1 1 0 1.1479568994904925 13.999999895636003 
-1 0 0 1.1479568992858007 13.999999992151556 
-1 -1 0 0.2434826339728337 15.999999945577356 
-1 -2 0 0.24348263397559258 15.99999971640691 
-1 -3 0 0.08985275961357125 13.664377044676403 
-1 -4 0 0.08985275962748086 13.664377496380801 
-1 -5 0 0.36687032854035134 9.464584953502484 
0 -5 0 2.2362761815240617 7.888969400889306 
-1 -6 0 0.3668703284974732 9.464585077878118 
0 -6 0 2.2362761815240626 7.888969400889309 
-2 3 0 4.381966011250105 9.472833908995257 
-2 2 0 4.381966011250105 9.472833908995257 
-2 1 0 2.5189335652889477 12.799040520920206 
-2 0 0 2.5189335620186557 12.799040091943747 
-2 -1 0 1.2603500178982934 15.999999875591636 
-2 -2 0 1.26035001772086 15.99999999998752 
-2 -3 0 0.5032514886802553 14.82483042729641 
-2 -4 0 0.5032514885466643 14.824830593705794 
-2 -5 0 0.3668703285672883 11.09835044359566 
-2 -6 0 0.3668703284974951 11.09835073347549 
-2 -7 0 0.8299135133739663 4.481194304092015 
-1 -7 0 2.0 4.0 
-2 -8 0 0.8299135133739669 4.481194304092014 
-1 -8 0 2.0000000000000004 4.0 
-3 1 0 5.255173922318075 11.0 
-3 0 0 5.255173922318077 11.0 
-3 -1 0 3.659056238044151 13.849396599722736 
-3 -2 0 3.6590562380441436 13.849396598210655 
-3 -3 0 2.4463543477720453 14.824830593595609 
-3 -4 0 2.446354347758574 14.824830592404385 
-3 -5 0 1.471470191051202 12.449489742783182 
-3 -6 0 1.4714701910514758 12.449489742783182 
-3 -7 0 0.8299135133739669 5.0 
-3 -8 0 0.8299135133739658 4.999999999999999 
-4 -1 0 13.0 13.0 
-4 -2 0 13.0 13.0 
-4 -3 0 7.683375209644601 14.316624790355402 
-4 -4 0 7.683375209644599 14.316624790355398 
-4 -5 0 5.999999999999999 12.449489742783179 
-4 -6 0 6.000000000000001 12.449489742783177 
-4 -7 0 5.0 5.0 
-4 -8 0 5.0 5.0 
