4 10 0 1.9999999999999987 5.0 
5 10 0 5.0 5.0 
4 9 0 1.9999999999999998 5.0 
5 9 0 5.0 5.0 
4 8 0 2.0885706227540104 14.200606878273486 
5 8 0 6.147653003363032 14.20060687827349 
4 7 0 2.0885706227540273 14.200606878273485 
5 7 0 6.147653003363029 14.200606878273488 
4 6 0 2.881444746219004 16.734909910363054 
5 6 0 8.412258549527989 15.189534020335081 
4 5 0 2.8814447447242806 16.734909910360138 
5 5 0 8.412258549527987 15.189534020335081 
4 4 0 4.86547570139457 15.999999997217131 
5 4 0 14.0 14.0 
4 3 0 4.865475701394572 15.999999999966233 
5 3 0 14.0 14.0 
3 10 0 1.9999999999999998 5.0 
3 9 0 1.9999999999999996 5.000000000000001 
3 8 0 1.0772634498941291 13.853782488012609 
3 7 0 1.0772634498977538 13.853782487502171 
3 6 0 1.1486526672177324 16.73490990738876 
3 5 0 1.1486526672177126 16.734909909340598 
3 4 0 1.660794263071258 17.999999988107938 
3 3 0 1.660794263075688 17.999999994263668 
3 2 0 3.653917482919637 14.841221676697607 
4 2 0 7.875114580235426 12.761557181831893 
3 1 0 3.653917477246761 14.841221283662613 
4 1 0 7.875114580235427 12.761557181831888 
2 10 0 2.0 5.0 
2 9 0 1.9999999999999998 4.999999999999999 
2 8 0 1.0772634498941307 12.389071081479077 
2 7 0 1.077263449894133 12.389071162679285 
2 6 0 0.3966135180811196 15.639095750309606 
2 5 0 0.39661351803487843 15.639095912954918 
2 4 0 0.5675901236005443 17.99999940981125 
2 3 0 0.5675901236010725 17.999999994531017 
2 2 0 1.1051267631393944 16.87399091443177 
2 1 0 1.1051267626305417 16.873990687540577 
2 0 0 2.5151837386245544 12.99999945968639 
3 0 0 5.875114580235426 10.999999999999998 
2 -1 0 2.5151837386245575 12.999999773567774 
3 -1 0 5.875114580235428 11.0 
1 10 0 4.0 4.0 
1 9 0 4.0 4.0 
1 8 0 1.585786437626902 10.528201239640783 
1 7 0 1.5857864376269057 10.52820123964078 
1 6 0 0.39661351803458167 14.453404086002532 
1 5 0 0.39661351808438644 14.453405430186223 
1 4 1 0.5675901235990078 17.494185304417368 
1 3 1 0.56759012359901 17.494185208965426 
1 2 1 0.6971353823575812 17.775228920719563 
1 1 1 0.6971353823575863 17.775228863719732 
1 0 0 0.5135941405566128 14.999999632949985 
1 -1 0 0.5135941405398602 14.999999997964453 
1 -2 0 2.5857864389109264 11.449489742782353 
2 -2 0 4.585786437626906 9.0 
1 -3 0 2.5857864376269064 11.449489508776363 
2 -3 0 4.585786437626906 9.0 
0 8 0 3.5857864376269055 7.999999999999999 
0 7 0 3.5857864376269046 8.0 
0 6 0 1.9526668958338032 12.79305862752205 
0 5 0 1.9526668892538035 12.79305854139577 
0 4 0 1.0770430717042818 16.570992348872377 
0 3 0 1.0770430717123611 16.570992568040392 
0 2 0 0.38538475389474214 17.77522887174415 
0 1 0 0.3853847543001069 17.775228750785296 
0 0 0 0.5135941405808573 16.539413497950676 
0 -1 0 0.5135941405431941 16.539413501622043 
0 -2 0 1.022372876977004 13.46793873690321 
0 -3 0 1.0223728779528696 13.467939215577589 
0 -4 0 2.585786437626906 9.449489742783177 
1 -4 0 5.0 5.0 
0 -5 0 2.585786437626906 9.449489742783179 
1 -5 0 5.0 5.0 
-1 8 0 6.0 6.0 
-1 7 0 6.0 6.0 
-1 6 0 3.1801997302087557 10.999999999999998 
-1 5 0 3.180199730208756 11.000000000000005 
-1 4 0 1.5353444859747731 14.999999938648045 
-1 3 0 1.5353444859656575 14.999999987148136 
-1 2 0 0.3853847538947085 17.7668038016031 
-1 1 0 0.3853847538962789 17.766803800237994 
-1 0 1 0.5832282449623651 17.093185302121018 
-1 -1 1 0.5832282449623659 17.093185138527367 
-1 -2 1 0.7501107838142114 14.067077025496426 
-1 -3 1 0.750110783814212 14.067077025480529 
-1 -4 0 0.5857864376276808 10.464708251756369 
-1 -5 0 0.5857864376285027 10.464708251677283 
-2 6 0 5.585786437626902 9.0 
-2 5 0 5.585786437626904 9.0 
-2 4 0 2.7580066875433897 12.99999999993985 
-2 3 0 2.7580066875433786 12.999999999744013 
-2 2 0 1.723055708747205 16.99999999869918 
-2 1 0 1.72305570904679 16.999999998356213 
-2 0 0 1.0924653444236312 17.093185153973113 
-2 -1 0 1.0924653444087573 17.09318433447487 
-2 -2 0 0.7501107838167731 14.641883676404838 
-2 -3 0 0.7501107838147113 14.6418836694879 
-2 -4 0 0.5857864376269079 10.993361550390444 
-2 -5 0 0.5857864376269097 10.993361550390441 
-2 -6 0 1.0 4.0 
-1 -6 0 3.0 3.0 
-2 -7 0 0.9999999999999996 3.9999999999999996 
-1 -7 0 3.0 3.0 
-3 4 0 7.585786437626905 11.000000000000002 
-3 3 0 7.585786437626905 11.0 
-3 2 0 4.199228009636905 14.999999999998664 
-3 1 0 4.199228009636914 14.999999999996904 
-3 0 0 2.424960941707945 16.754785944428463 
-3 -1 0 2.424960946330008 16.754785903474815 
-3 -2 0 1.5237744238681974 14.641883661618094 
-3 -3 0 1.5237744238681976 14.641883676475471 
-3 -4 0 1.0921297823704583 11.088314473489731 
-3 -5 0 1.092129782370467 11.088314473476926 
-3 -6 0 0.9999999999999998 4.0 
-3 -7 0 0.9999999999999999 4.0 
-4 2 0 13.0 13.0 
-4 1 0 13.0 13.0 
-4 0 0 9.22026112521372 15.720366755620576 
-4 -1 0 9.22026112521372 15.720366755620578 
-4 -2 0 6.1991376855219045 14.324924608960732 
-4 -3 0 6.199137685521906 14.324924608960732 
-4 -4 0 4.484937411713529 11.08831447349046 
-4 -5 0 4.48493741171353 11.08831447349046 
-4 -6 0 4.0 4.0 
-4 -7 0 4.0 4.0 
