2 4 0 0.9999999999999991 5.0 
3 4 0 5.0 5.0 
2 3 0 0.9999999999999999 5.000000000000002 
3 3 0 5.0 5.0 
2 2 0 1.632043539390107 12.701562118716426 
3 2 0 6.298437881283577 12.701562118716424 
2 1 0 1.6320435393901043 12.701562118716424 
3 1 0 6.298437881283576 12.701562118716424 
2 0 0 2.255347877196793 14.000000000000004 
3 0 0 12.0 12.0 
2 -1 0 2.2553478771967916 13.999999999999998 
3 -1 0 12.0 12.0 
1 4 0 0.9999999999999998 4.999999999999998 
1 3 0 1.0 5.0 
1 2 0 0.2395277024300017 11.185883182494582 
1 1 0 0.2395277023396597 11.18588301847831 
1 0 0 0.6451516423076417 13.999999481334223 
1 -1 0 0.6451516423363524 13.999999996069793 
1 -2 0 1.318566164723236 11.999999941020072 
2 -2 0 4.298437881283576 10.701562118716422 
1 -3 0 1.3185661646282458 11.999999893122634 
2 -3 0 4.298437881283576 10.701562118716424 
0 4 0 3.0 3.0 
0 3 0 3.0 3.0 
0 2 0 0.23952770231625875 9.759221205247318 
0 1 0 0.23952770231627435 9.759221204206687 
0 0 1 0.6451516423004008 13.655703056456673 
0 -1 1 0.6451516423003981 13.655703057156858 
0 -2 1 0.5986039377799792 13.999999962649255 
0 -3 1 0.5986039377799812 13.999999999972784 
0 -4 0 1.080525964045891 10.828427124725701 
1 -4 0 2.913869802348506 8.000000000000002 
0 -5 0 1.080525964056591 10.828427124743582 
1 -5 0 2.9138698023485046 7.999999999999999 
-1 2 0 2.4633703787941945 7.8434044873336735 
-1 1 0 2.463370378794198 7.843404487333673 
-1 0 0 0.7108987228098171 11.999999996427071 
-1 -1 0 0.7108987212603236 11.9999999999879 
-1 -2 0 0.28571576573711416 13.999999901398409 
-1 -3 0 0.2857157658432842 13.999999854469474 
-1 -4 0 0.5993030469192557 11.789505385507566 
-1 -5 0 0.5993030469175463 11.789505385578753 
-1 -6 0 2.0 8.24914053812955 
0 -6 0 4.0 4.0 
-1 -7 0 1.9999999999999993 8.249140538129547 
0 -7 0 4.0 4.0 
-2 2 0 5.0 5.0 
-2 1 0 5.0 5.0 
-2 0 0 1.9671449729590322 10.000000000000004 
-2 -1 0 1.967144972959033 10.000000000000004 
-2 -2 0 0.285715765655557 13.999999999987617 
-2 -3 0 0.2857157656555573 13.999999999991253 
-2 -4 1 0.5993030469172461 13.379211197704445 
-2 -5 1 0.599303046917247 13.37921119774075 
-2 -6 1 1.0204166429052712 8.985925406533475 
-2 -7 1 1.0204166429052721 8.985925406533475 
-3 0 0 6.0 8.0 
-3 -1 0 6.0 8.0 
-3 -2 0 3.17370506838696 12.000000000000002 
-3 -3 0 3.1737050683869596 12.000000000000002 
-3 -4 0 1.5083610836163361 13.379211196745002 
-3 -5 0 1.5083610836164054 13.379211197736186 
-3 -6 0 1.020416642905271 11.05375457028858 
-3 -7 0 1.0204166429052715 11.053754570288591 
-3 -8 0 1.9999999999999998 2.0 
-2 -8 0 2.0 2.0 
-3 -9 0 2.0 2.0 
-2 -9 0 2.0 2.0 
-4 -2 0 9.0 9.0 
-4 -3 0 9.0 9.0 
-4 -4 0 4.258342613226058 11.741657386773943 
-4 -5 0 4.25834261322606 11.741657386773943 
-4 -6 0 2.5540614777961497 11.053754570288582 
-4 -7 0 2.55406147779615 11.053754570288584 
-4 -8 0 2.0 2.0 
-4 -9 0 2.0 2.0 
