1 3 0 3.0 3.0 
2 3 0 3.0 3.0 
1 2 0 3.0 3.0 
2 2 0 3.0 3.0 
1 1 0 1.3067536941142643 10.162277660168382 
2 1 0 3.381966011250104 10.16227766016838 
1 0 0 1.3067536941142652 10.162277660168382 
2 0 0 3.3819660112501047 10.162277660168378 
1 -1 0 1.874797225733296 12.380409596129324 
2 -1 0 4.131279158840451 11.678096538246367 
1 -2 0 1.8747972224043628 12.380409596129315 
2 -2 0 4.13127915884045 11.678096538246368 
1 -3 0 2.5715105556023152 12.549934947107328 
2 -3 0 5.763932022500209 11.618033988749897 
1 -4 0 2.57151055564347 12.549934949038963 
2 -4 0 5.76393202250021 11.618033988749895 
1 -5 0 4.090796471502761 12.0 
2 -5 0 10.0 10.0 
1 -6 0 4.09079647150276 12.000000000000004 
2 -6 0 10.0 10.0 
0 3 0 2.9999999999999996 3.0 
0 2 0 3.0 3.0 
0 1 1 1.2889413912459649 8.217956942593137 
0 0 1 1.2889413912459646 8.217956942678104 
0 -1 1 0.29177161072356494 12.380409538138904 
0 -2 1 0.29177161072356134 12.380409570424748 
0 -3 0 0.2321923913381773 13.38712122473566 
0 -4 0 0.23219239137710623 13.387121250612301 
0 -5 0 1.005147707698919 12.688896659064051 
0 -6 0 1.0051477076953939 12.68889629969161 
0 -7 0 2.1428047098250773 9.970378548016637 
1 -7 0 6.0 9.0 
0 -8 0 2.1428047098250773 9.970378557984723 
1 -8 0 6.000000000000001 9.0 
-1 3 0 3.0 3.0 
-1 2 0 3.0 3.0 
-1 1 0 1.2889413912459644 7.490034740270206 
-1 0 0 1.2889413912459655 7.490034740270207 
-1 -1 0 0.2917716107235866 11.303775384857035 
-1 -2 0 0.29177161072373875 11.303775719751188 
-1 -3 0 0.23219239134926212 13.387121250963434 
-1 -4 0 0.2321923913884539 13.387121136356733 
-1 -5 0 0.3612592167930175 13.298873917440215 
-1 -6 0 0.36125921682374706 13.29887399176653 
-1 -7 0 0.9804347514826429 11.441898598413298 
-1 -8 0 0.9804347514826461 11.441898527241566 
-1 -9 0 2.084069128359885 7.792953399805184 
0 -9 0 4.585786437626905 7.414213562373096 
-1 -10 0 2.0840691283598813 7.79295339980518 
0 -10 0 4.585786437626904 7.414213562373094 
-2 1 0 3.518805695907985 7.170086486626034 
-2 0 0 3.518805695907985 7.170086486626033 
-2 -1 0 1.6914544483267804 9.867073242653868 
-2 -2 0 1.6914544483372678 9.867073242653841 
-2 -3 0 0.5216291062187739 12.999999999979217 
-2 -4 0 0.5216291062192294 12.999999998927589 
-2 -5 0 0.3612592168602228 13.999999999635147 
-2 -6 0 0.3612592168484632 13.999999982324034 
-2 -7 0 0.9804347514826504 12.243142365479867 
-2 -8 0 0.9804347514827321 12.24265649924357 
-2 -9 0 1.9038032544503196 9.092813930442052 
-2 -10 0 1.9038032544503203 9.092813930450612 
-2 -11 0 4.0 4.0 
-1 -11 0 4.0 4.0 
-2 -12 0 4.0 4.0 
-1 -12 0 4.0 4.0 
-3 -1 0 4.518805695907987 9.0 
-3 -2 0 4.518805695907984 9.0 
-3 -3 0 2.6853584898903464 11.030719936942411 
-3 -4 0 2.6853584898878204 11.030719770352992 
-3 -5 0 1.4871921648502016 13.999999999999964 
-3 -6 0 1.4871921648504616 13.999999713793184 
-3 -7 0 1.031406468564579 12.979881628323502 
-3 -8 0 1.03140646856475 12.979881628279527 
-3 -9 0 1.9038032544503176 9.852895896747508 
-3 -10 0 1.9038032544503183 9.852895894965823 
-3 -11 0 4.0 4.0 
-3 -12 0 4.0 4.0 
-4 -3 0 6.000000000000001 10.0 
-4 -4 0 5.999999999999999 10.0 
-4 -5 0 4.1195762883670515 12.026305156807645 
-4 -6 0 4.119576288367046 12.026305156807652 
-4 -7 0 2.7715328390851965 12.979881628328753 
-4 -8 0 2.7715328388971767 12.979881628328725 
-4 -9 0 2.2048355780812177 10.561552812808833 
-4 -10 0 2.2048355780812154 10.561552812808827 
-4 -11 0 3.9999999999999996 4.0 
-4 -12 0 4.0 4.0 
-5 -5 0 11.0 11.0 
-5 -6 0 11.0 11.0 
-5 -7 0 6.627718676730986 12.372281323269014 
-5 -8 0 6.627718676730986 12.372281323269014 
-5 -9 0 4.999999999999999 10.56155281280883 
-5 -10 0 5.000000000000001 10.561552812808829 
-5 -11 0 4.0 4.0 
-5 -12 0 4.0 4.0 
