2 6 1 2.0 4.000000000000001 
3 6 0 4.0 4.0 
2 5 1 1.9999999999999998 3.9999999999999996 
3 5 0 4.0 4.0 
2 4 0 0.5730665865585691 10.828427124746188 
3 4 0 5.17157287525381 10.82842712474619 
2 3 0 0.5730665865585688 10.828427124746188 
3 3 0 5.171572875253808 10.82842712474619 
2 2 0 1.0602989118467903 11.999999999999998 
3 2 0 10.0 10.0 
2 1 0 1.0602989118467916 11.999999999999998 
3 1 0 10.0 10.0 
1 6 0 2.0 2.0 
1 5 0 2.0 2.0 
1 4 0 0.5730665865585703 9.49913864961787 
1 3 0 0.5730665865585705 9.499138649617866 
1 2 1 1.0602989118467911 11.999999999991894 
1 1 1 1.0602989118467885 11.999999998100805 
1 0 0 1.2846961865753266 10.0 
2 0 0 3.0 7.000000000000001 
1 -1 0 1.284696186575327 10.000000000000002 
2 -1 0 3.0000000000000013 7.0 
0 4 0 1.1116714333219981 8.0 
0 3 0 1.1116714333219986 8.000000000000002 
0 2 1 1.2846961865753286 11.999999999461604 
0 1 1 1.2846961865753295 11.99999999996136 
0 0 1 1.2846961865753324 11.999999999991271 
0 -1 1 1.2846961865753286 11.999999366693903 
0 -2 0 1.111671433321999 7.999999999999999 
1 -2 0 4.0 4.0 
0 -3 0 1.111671433321999 8.0 
1 -3 0 4.0 4.0 
-1 4 0 4.0 4.0 
-1 3 0 4.0 4.0 
-1 2 0 1.2846961865753268 9.999999999999998 
-1 1 0 1.2846961865753257 10.0 
-1 0 1 1.060298911846789 11.999999999989114 
-1 -1 1 1.0602989118467934 11.999999185757233 
-1 -2 0 0.5730665865585718 9.499138649617866 
-1 -3 0 0.57306658655857 9.499138649617864 
-2 2 0 3.0 7.000000000000001 
-2 1 0 3.0 7.0 
-2 0 0 1.0602989118467965 12.0 
-2 -1 0 1.0602989118467907 11.999999999999996 
-2 -2 0 0.573066586558567 10.828427124746192 
-2 -3 0 0.5730665865585678 10.828427124746188 
-2 -4 1 1.9999999999999996 4.0 
-1 -4 0 2.0 2.0 
-2 -5 1 2.0 4.0 
-1 -5 0 2.0 2.0 
-3 0 0 10.0 10.0 
-3 -1 0 10.0 10.0 
-3 -2 0 5.171572875253811 10.82842712474619 
-3 -3 0 5.17157287525381 10.82842712474619 
-3 -4 0 4.0 4.0 
-3 -5 0 4.0 4.0 
