2 4 0 1.0 1.0 
3 4 0 1.0 1.0 
2 3 0 1.0 1.0 
3 3 0 1.0 1.0 
2 2 0 0.4630611372096107 11.046607747812496 
3 2 0 1.9143495168924205 11.046607747812496 
2 1 0 0.46306113720961195 11.0466077478125 
3 1 0 1.9143495168924205 11.046607747812496 
2 0 0 0.738919121434083 15.415689014901623 
3 0 0 3.4654378402759938 14.22801656828987 
2 -1 0 0.7389191214234966 15.415689014901622 
3 -1 0 3.465437840275993 14.22801656828987 
2 -2 0 2.64899704976623 16.02341062927348 
3 -2 0 5.825982300390722 14.104191802808835 
2 -3 0 2.648997050150645 16.02341062887648 
3 -3 0 5.825982300390722 14.104191802808831 
2 -4 0 5.181637969301984 13.0 
3 -4 0 10.0 10.0 
2 -5 0 5.181637969301989 13.0 
3 -5 0 10.0 10.0 
1 2 0 0.46306113720961034 8.532256753596782 
1 1 0 0.4630611372096098 8.532256753596783 
1 0 0 0.35949814373060646 15.41568901155334 
1 -1 0 0.3594981437307745 15.415689014540787 
1 -2 0 0.53333560124586 17.70775457243015 
1 -3 0 0.5333356012457613 17.707754642230974 
1 -4 0 2.5702593282481003 15.999999949266634 
1 -5 0 2.5702593282642803 15.999999937922665 
1 -6 0 5.6972243622680026 11.000000000000002 
2 -6 0 8.0 8.0 
1 -7 0 5.697224362268005 11.0 
2 -7 0 8.0 8.0 
0 2 0 2.0000000000000004 4.0 
0 1 0 2.000000000000001 4.0 
0 0 1 0.3594981437306044 13.125988624230072 
0 -1 1 0.3594981437306056 13.12598869649299 
0 -2 1 0.26063555672122707 17.70775462719931 
0 -3 1 0.2606355567212297 17.70775464313456 
0 -4 0 0.06762253692005966 17.999999906092157 
0 -5 0 0.0676225369200685 17.999999911765467 
0 -6 0 1.9951625025540296 13.999999999876502 
0 -7 0 1.995162496528038 13.999999839477981 
-1 0 0 2.6972243622680083 10.464101615137755 
-1 -1 0 2.697224362268007 10.464101615137759 
-1 -2 0 0.26063555672371136 15.999999999426011 
-1 -3 0 0.2606355567343319 15.99999999861171 
-1 -4 0 0.06762253692010835 17.99999987918751 
-1 -5 0 0.06762253692005853 17.999999800453498 
-1 -6 0 0.2703631533887065 15.99999990331307 
-1 -7 0 0.27036315338908834 15.999999796204296 
-1 -8 0 2.3943959345213104 11.856016175158198 
0 -8 0 5.000000000000003 7.0 
-1 -9 0 2.394395934679617 11.856016175158773 
0 -9 0 4.999999999999999 7.0 
-2 0 0 5.0 7.000000000000002 
-2 -1 0 4.999999999999999 7.0 
-2 -2 0 1.5134905098223692 13.999999750599772 
-2 -3 0 1.5134905098207387 13.999999999850845 
-2 -4 1 0.2483636715735285 17.999999847286023 
-2 -5 1 0.24836367157352343 17.99999996882063 
-2 -6 1 0.12425781383627742 17.744870483444636 
-2 -7 1 0.1242578138362732 17.744869566271788 
-2 -8 0 0.12438722315616224 13.82849830845184 
-2 -9 0 0.12438722315534673 13.828498318126993 
-3 0 0 5.000000000000001 7.0 
-3 -1 0 5.0 7.0 
-3 -2 0 3.3115866127167077 12.346984098769699 
-3 -3 0 3.311586612189542 12.34698409883882 
-3 -4 0 1.57268829609043 15.999999999724647 
-3 -5 0 1.5726882962186777 15.999999999763821 
-3 -6 0 0.12425781383801396 17.744867687626535 
-3 -7 0 0.12425781383728723 17.744870309195857 
-3 -8 0 0.12438722315521478 15.601806385098438 
-3 -9 0 0.12438722315521383 15.601806675321278 
-3 -10 0 0.1722111722050053 11.034443521712548 
-2 -10 0 2.1863934973516685 9.103018319491419 
-3 -11 0 0.17221117220500498 11.034443521741181 
-2 -11 0 2.1863934973516694 9.10301831949142 
-4 -2 0 5.697224362268007 11.000000000000002 
-4 -3 0 5.697224362268006 11.0 
-4 -4 0 3.8035568055687006 13.90623822156768 
-4 -5 0 3.8035568055686895 13.906238220038702 
-4 -6 0 2.017446632352926 16.317869056652444 
-4 -7 0 2.0174466322560187 16.317853065812148 
-4 -8 0 0.49272229882323804 15.601806159813323 
-4 -9 0 0.49272229882322904 15.601806763686149 
-4 -10 0 0.17221117220969875 13.22499049111885 
-4 -11 0 0.17221117220948715 13.224990259713966 
-4 -12 0 0.4995724428537721 6.609632061790858 
-3 -12 0 1.9999999999999996 4.0 
-4 -13 0 0.49957244285377433 6.609632061790857 
-3 -13 0 1.9999999999999998 4.0 
-5 -2 0 8.0 8.0 
-5 -3 0 8.0 8.0 
-5 -4 0 5.903176732516716 12.999999999999998 
-5 -5 0 5.903176732516717 13.000000000000002 
-5 -6 0 4.261094563605754 15.227767439668067 
-5 -7 0 4.26109456367171 15.227767400431427 
-5 -8 0 2.2165307526608906 15.48753532353424 
-5 -9 0 2.2165307528883647 15.487544271437901 
-5 -10 0 0.852034030169334 13.364846412850476 
-5 -11 0 0.8520340301693298 13.36484660736125 
-5 -12 0 0.4995724428537733 9.2316942956214 
-5 -13 0 0.49957244285377345 9.231694295621402 
-6 -4 0 10.0 10.0 
-6 -5 0 10.0 10.0 
-6 -6 0 6.179124811924547 13.15924373852063 
-6 -7 0 6.179124811924547 13.159243738520633 
-6 -8 0 4.605070398988437 14.596669863006714 
-6 -9 0 4.605070398988436 14.596669863006714 
-6 -10 0 2.886306847300546 13.364846607361256 
-6 -11 0 2.8863068473005447 13.364846607361256 
-6 -12 0 1.7584442893548877 9.231694295621407 
-6 -13 0 1.758444289354888 9.231694295621404 
-6 -14 0 1.0 1.0 
-5 -14 0 1.0 1.0 
-6 -15 0 1.0 1.0 
-5 -15 0 1.0 1.0 
