2 6 0 1.1715728752538102 6.828427124746189 
3 6 1 1.1715728752538093 6.828427124746192 
2 5 0 1.1715728752538102 6.82842712474619 
3 5 1 1.1715728752538097 6.828427124746191 
2 4 0 0.6506530819031271 8.828427124746192 
3 4 0 0.6506530819031242 7.716743160602834 
2 3 0 0.6506530819031257 8.828427124746186 
3 3 0 0.6506530819031247 7.716743160602832 
2 2 0 1.9999999999999993 9.141336115655362 
3 2 0 2.0 8.0 
2 1 0 2.0000000000000027 9.141336115655365 
3 1 0 2.0 8.0 
2 0 0 4.999999999999999 7.0 
3 0 0 5.0 5.0 
2 -1 0 5.0 7.000000000000002 
3 -1 0 5.0 5.0 
1 6 0 2.0 2.0 
1 5 0 2.0 2.0 
1 4 2 2.474572439156481 8.828427124746188 
1 3 2 2.4745724391564825 8.828427124746185 
1 2 2 1.2718281134251346 9.999999999290946 
1 1 2 1.2583864071451858 9.999999997865922 
1 0 0 0.8416449057673792 9.000000000000002 
1 -1 0 0.8416449057673813 9.000000000000005 
0 4 0 3.2679491924311233 6.732050807568877 
0 3 0 3.2679491924311233 6.732050807568877 
0 2 0 1.1078141211367778 9.999999999999998 
0 1 0 1.1078141211367794 9.999999999999995 
0 0 0 0.8416449057674811 9.683382701069881 
0 -1 0 0.8416449069186084 9.683382701070036 
0 -2 0 2.999999999999999 7.0 
1 -2 0 2.9999999999999996 3.0 
0 -3 0 3.0 7.0 
1 -3 0 3.0 3.0 
-1 4 0 4.0 4.0 
-1 3 0 4.0 4.0 
-1 2 0 1.1078141211367734 8.0 
-1 1 0 1.1078141211367745 8.000000000000002 
-1 0 1 1.6072245818725923 9.683382701070252 
-1 -1 1 1.6072245818725983 9.683382701070244 
-1 -2 1 1.253431753004281 7.201472338219241 
-1 -3 1 1.2534317530042824 7.201472338219241 
-2 2 0 6.0 6.0 
-2 1 0 6.0 6.0 
-2 0 0 2.8586638843446366 8.626198068527293 
-2 -1 0 2.8586638843446357 8.626198068527293 
-2 -2 0 1.2534317530042827 7.201472338219241 
-2 -3 0 1.2534317530042831 7.20147233821924 
-2 -4 0 1.0 1.0 
-1 -4 0 1.0 1.0 
-2 -5 0 1.0 1.0 
-1 -5 0 1.0 1.0 
