2 6 0 4.0 4.0 
3 6 0 4.0 4.0 
2 5 0 4.0 4.0 
3 5 0 4.0 4.0 
2 4 0 2.384020770254845 11.13131251825057 
3 4 0 4.71681400871383 11.131312518250573 
2 3 0 2.384020770254847 11.131312518250573 
3 3 0 4.716814008713832 11.131312518250573 
2 2 0 3.0718969429278964 13.173293304022827 
3 2 0 6.597321170478812 11.718709690391915 
2 1 0 3.071896942636509 13.173293233203857 
3 1 0 6.597321170478811 11.718709690391915 
2 0 0 4.238925201844883 12.999999999999991 
3 0 0 11.0 11.0 
2 -1 0 4.238925201844885 13.000000000000004 
3 -1 0 11.0 11.0 
1 6 0 4.0 4.0 
1 5 0 3.9999999999999996 4.0 
1 4 0 0.9860030086512819 10.58996508906483 
1 3 0 0.9860030086495707 10.58996501851216 
1 2 0 0.9673214150214737 13.173293306934157 
1 1 0 0.9673214150247947 13.173293306401229 
1 0 0 1.4454242997048699 13.711304838911543 
1 -1 0 1.445424299708581 13.711304834598288 
1 -2 0 2.4387370551585725 11.740956753059086 
2 -2 0 7.0 10.0 
1 -3 0 2.438737054833406 11.740956822952095 
2 -3 0 7.000000000000001 10.0 
0 6 0 4.0 4.0 
0 5 0 4.0 4.0 
0 4 0 0.9860030086708144 9.73805302783608 
0 3 0 0.9860030086485347 9.738053029434262 
0 2 1 0.9673214150214048 12.32362550518383 
0 1 1 0.9673214150214067 12.323625438233295 
0 0 1 0.5911845732649018 13.711304799231314 
0 -1 1 0.5911845732649 13.711304836087024 
0 -2 0 0.33422605172771835 12.495933350673445 
0 -3 0 0.334226051727473 12.495932292083378 
0 -4 0 1.3239386908694737 9.948108389089102 
1 -4 0 5.0 8.414213562373094 
0 -5 0 1.3239386908687523 9.948108389090637 
1 -5 0 5.000000000000001 8.414213562373096 
-1 6 0 4.0 4.0 
-1 5 0 4.0 4.0 
-1 4 0 2.411755973628066 8.213762613689372 
-1 3 0 2.4117559736280634 8.213762613689372 
-1 2 0 1.400342910495602 11.646077658338974 
-1 1 0 1.400342910080196 11.646077658084847 
-1 0 0 0.5911845732653306 13.679212370557078 
-1 -1 0 0.5911845732649138 13.679212431297357 
-1 -2 0 0.33422605172717706 13.204528911129113 
-1 -3 0 0.33422605203497274 13.204528916522545 
-1 -4 0 0.8435421494646065 11.228659714786986 
-1 -5 0 0.8435421494517771 11.228659710991012 
-1 -6 0 1.8363007133077145 7.922560876610112 
0 -6 0 3.585786437626905 6.414213562373095 
-1 -7 0 1.836300713307713 7.92256087661011 
0 -7 0 3.585786437626905 6.414213562373095 
-2 4 0 6.0 6.0 
-2 3 0 6.0 6.000000000000001 
-2 2 0 3.347081916094366 9.894607504215486 
-2 1 0 3.3470819160932503 9.894607657029646 
-2 0 0 1.6905602890409201 12.999999466764475 
-2 -1 0 1.690560289041453 12.99999999999949 
-2 -2 0 0.8924588234781751 13.204528688566912 
-2 -3 0 0.8924588247610686 13.204528884875474 
-2 -4 0 0.8435421494509312 11.624249569002995 
-2 -5 0 0.8435421494759912 11.624249588558985 
-2 -6 0 1.6641796466490808 8.360397604868703 
-2 -7 0 1.664179646649081 8.360397604648098 
-2 -8 0 3.0 3.0 
-1 -8 0 3.0 3.0 
-2 -9 0 3.0 3.0 
-1 -9 0 3.0 3.0 
-3 2 0 8.0 8.0 
-3 1 0 8.0 8.0 
-3 0 0 5.175639587865037 11.087968269489961 
-3 -1 0 5.175639587865036 11.08796826948996 
-3 -2 0 2.9301456526784655 12.177272470191618 
-3 -3 0 2.9301456522952463 12.177272470181952 
-3 -4 0 2.0721887274367146 11.62424960792832 
-3 -5 0 2.07218872743687 11.624249607928355 
-3 -6 0 1.664179646649081 8.528917957294363 
-3 -7 0 1.6641796466490801 8.528917957294363 
-3 -8 0 2.9999999999999996 3.0 
-3 -9 0 3.0 3.0 
-4 0 0 10.0 10.0 
-4 -1 0 10.0 10.0 
-4 -2 0 7.697224362268006 11.302775637731996 
-4 -3 0 7.697224362268006 11.302775637731992 
-4 -4 0 5.585786437626905 11.047799301982685 
-4 -5 0 5.585786437626905 11.047799301982687 
-4 -6 0 3.638531233814172 8.528917957294361 
-4 -7 0 3.638531233814174 8.528917957294361 
-4 -8 0 3.0 3.0 
-4 -9 0 3.0 3.0 
