1 5 0 1.0 1.0 
2 5 0 1.0 1.0 
1 4 0 1.0 1.0 
2 4 0 1.0 1.0 
1 3 1 1.20871215252208 5.79128784747792 
2 3 0 1.2087121525220794 5.7912878474779195 
1 2 1 1.2087121525220805 5.791287847477921 
2 2 0 1.2087121525220803 5.79128784747792 
1 1 1 1.0252962520126463 7.697261093961578 
2 1 0 2.6086176193690984 7.164247938460212 
1 0 1 1.0252962520126465 7.697261093961578 
2 0 0 2.6086176193690993 7.164247938460211 
1 -1 0 0.6972243622680049 6.999999999999998 
2 -1 0 5.0 5.0 
1 -2 0 0.6972243622680054 6.999999999999998 
2 -2 0 5.0 5.0 
0 3 0 2.267949192431123 5.7320508075688785 
0 2 0 2.2679491924311224 5.7320508075688785 
0 1 0 0.9753892800977583 7.697261093961579 
0 0 0 0.9753892800977576 7.697261093961578 
0 -1 0 0.6972243622680059 7.679620483128621 
0 -2 0 0.6972243622680058 7.6796204831286214 
0 -3 0 3.0 5.0 
1 -3 0 3.0 3.0 
0 -4 0 3.0 5.0 
1 -4 0 3.0 3.0 
-1 3 0 3.0 3.0 
-1 2 0 3.0 3.0 
-1 1 0 0.9753892800977554 7.000000000000001 
-1 0 0 0.9753892800977565 6.999999999999999 
-1 -1 1 1.2382675082698307 7.679620483128622 
-1 -2 1 1.2382675082698311 7.679620483128622 
-1 -3 1 1.2812903096080854 6.4026788295211885 
-1 -4 1 1.2812903096080863 6.402678829521189 
-2 1 0 5.0 5.0 
-2 0 0 5.0 5.0 
-2 -1 0 2.2087121525220805 6.79128784747792 
-2 -2 0 2.208712152522079 6.7912878474779195 
-2 -3 0 1.2812903096080854 6.402678829521189 
-2 -4 0 1.2812903096080854 6.402678829521189 
-2 -5 0 1.0 1.0 
-1 -5 0 1.0 1.0 
-2 -6 0 1.0 1.0 
-1 -6 0 1.0 1.0 
