4 10 0 4.0 4.0 
5 10 0 4.0 4.0 
4 9 0 4.0 4.0 
5 9 0 4.0 4.0 
4 8 0 2.7635754102790835 13.21509248000974 
5 8 0 5.044418041358886 13.21509248000974 
4 7 0 2.7635754102790795 13.215092480009739 
5 7 0 5.0444180413588855 13.21509248000974 
4 6 0 3.424689761783932 16.75838734792812 
5 6 0 7.925444542188861 15.495791475301463 
4 5 0 3.424689761448808 16.758387599982314 
5 5 0 7.925444542188863 15.49579147530146 
4 4 0 5.206177399115185 15.999999999999998 
5 4 0 13.0 13.0 
4 3 0 5.206177399115185 16.0 
5 3 0 13.0 13.0 
3 10 0 4.0 4.0 
3 9 0 4.0 4.0 
3 8 0 0.9888199663459709 12.83892171543025 
3 7 0 0.9888199662907794 12.838921715430143 
3 6 0 0.984309689760344 16.758387612329283 
3 5 0 0.9843096897688668 16.75838761230713 
3 4 0 1.452790728996868 17.999999995112823 
3 3 0 1.452790728995418 17.99999997074066 
3 2 0 3.7834297129958463 14.999999999320776 
4 2 0 9.999999999999998 12.0 
3 1 0 3.783429705910857 14.999999998816985 
4 1 0 10.0 12.0 
2 10 0 4.0 4.0 
2 9 0 4.0 4.0 
2 8 0 0.9888199662911344 12.807394732921857 
2 7 0 0.9888199662903605 12.807394732920114 
2 6 0 0.5361776953885676 15.254816384205483 
2 5 0 0.5361776953885518 15.25481646679856 
2 4 0 0.6442593432324153 17.99999998823366 
2 3 0 0.6442593432398949 17.99999999807043 
2 2 0 0.9522098797461311 15.9999975396138 
2 1 0 0.9522098796741008 15.999999890561382 
2 0 0 2.9369637181577986 13.809785920127181 
3 0 0 7.0 11.0 
2 -1 0 2.936963735226907 13.809785920125423 
3 -1 0 7.0 11.0 
1 10 0 4.0 4.0 
1 9 0 4.0 4.0 
1 8 0 2.483886584049791 11.30565080059531 
1 7 0 2.4838865840497926 11.305650800595306 
1 6 0 0.5361776953886832 14.534465423106184 
1 5 0 0.5361776953891862 14.534465426395718 
1 4 0 0.19647742116099307 17.672572734262065 
1 3 0 0.1964774211203644 17.672572618282867 
1 2 0 0.35481280900014983 17.536042687793135 
1 1 0 0.3548128090244957 17.53604262437898 
1 0 0 0.7105143706213984 14.58049903771175 
1 -1 0 0.7105143695113431 14.580499057873395 
1 -2 0 2.756550920126881 11.24727399323962 
2 -2 0 5.999999999999999 8.0 
1 -3 0 2.7565509201229323 11.247273919753539 
2 -3 0 6.0 8.0 
0 8 0 3.6677534988349945 8.826838395311952 
0 7 0 3.667753498834996 8.826838395311949 
0 6 0 1.9978195863423036 13.313143088621722 
0 5 0 1.997819586183629 13.313143108337107 
0 4 0 0.196477421119179 15.862966493386894 
0 3 0 0.196477421130703 15.862966080316825 
0 2 1 0.35481280896861805 17.999999477517544 
0 1 1 0.3548128089686155 17.99999999495645 
0 0 1 0.43651372805589017 15.593354078105207 
0 -1 1 0.4365137280558913 15.593354112017803 
0 -2 0 0.324691284021014 13.191211220389352 
0 -3 0 0.32469128399560004 13.191211157282694 
0 -4 0 2.462716684326511 8.247274002749023 
1 -4 0 5.0 5.0 
0 -5 0 2.4627166843265123 8.247274002749023 
1 -5 0 5.0 5.0 
-1 8 0 5.0 6.999999999999999 
-1 7 0 4.999999999999999 7.0 
-1 6 0 3.201789294888867 11.742447167754118 
-1 5 0 3.2017892953207583 11.742447081345675 
-1 4 0 1.6827873152598887 14.76746544869181 
-1 3 0 1.68278731526959 14.767465100328197 
-1 2 0 0.7068840285423506 17.999999997942453 
-1 1 0 0.7068840284262038 17.999999982848735 
-1 0 0 0.4365137280559384 17.07772682935984 
-1 -1 0 0.4365137280563151 17.077726793604675 
-1 -2 0 0.32469128399560426 14.063438245496886 
-1 -3 0 0.3246912839955969 14.06343824504692 
-1 -4 0 0.9634872758560163 10.281907250974886 
-1 -5 0 0.9634872775397618 10.281907250974946 
-2 6 0 6.2679491924311215 9.732050807568877 
-2 5 0 6.267949192431124 9.732050807568879 
-2 4 0 4.124867493323839 13.742292537765861 
-2 3 0 4.124867493323845 13.742292533141573 
-2 2 0 2.40578240492064 15.999999984819762 
-2 1 0 2.405782404199447 15.999999997935697 
-2 0 0 1.0767870590512372 17.07772682697433 
-2 -1 0 1.0767870599020306 17.077726827440248 
-2 -2 0 0.9168239972592357 15.143525215686882 
-2 -3 0 0.9168239972569894 15.1435253161536 
-2 -4 0 0.9634872758563815 11.986644204478603 
-2 -5 0 0.963487275856033 11.986644204477777 
-2 -6 0 1.9999999999999996 4.0 
-1 -6 0 2.0000000000000004 4.0 
-2 -7 0 2.0 4.0 
-1 -7 0 2.0 4.0 
-3 4 0 8.267949192431123 11.732050807568873 
-3 3 0 8.267949192431121 11.732050807568877 
-3 2 0 6.044371329327002 14.999999999981979 
-3 1 0 6.044371329298871 14.999999994654996 
-3 0 0 4.013090416116653 15.945740600676759 
-3 -1 0 4.013090416116436 15.945740552432921 
-3 -2 0 2.5565191851245173 15.143525315145636 
-3 -3 0 2.556519185122998 15.14352531524304 
-3 -4 0 1.8464488267564738 12.095126156603584 
-3 -5 0 1.846448826756459 12.095126156603582 
-3 -6 0 1.9999999999999996 4.0 
-3 -7 0 2.0000000000000004 4.0 
-4 2 0 13.0 13.0 
-4 1 0 13.0 13.0 
-4 0 0 8.658053840403548 14.57019089870878 
-4 -1 0 8.658053840403547 14.570190898708779 
-4 -2 0 6.512027383381188 14.762652283426752 
-4 -3 0 6.512027383381188 14.762652283426752 
-4 -4 0 5.140941820896205 12.095126156603586 
-4 -5 0 5.140941820896204 12.095126156603587 
-4 -6 0 4.0 4.0 
-4 -7 0 4.0 4.0 
