1 5 0 2.0 2.0 
2 5 0 2.0 2.0 
1 4 0 2.0 2.0 
2 4 0 2.0 2.0 
1 3 0 0.8401089842282622 8.156325174658662 
2 3 0 2.4745724391564834 8.156325174658662 
1 2 0 0.8401089842282629 8.156325174658662 
2 2 0 2.4745724391564834 8.156325174658662 
1 1 0 1.3367791456833988 9.433893175341147 
2 1 0 3.5505102572168217 8.449489742783177 
1 0 0 1.3367791456833988 9.433893175341158 
2 0 0 3.5505102572168212 8.449489742783179 
1 -1 0 2.5405790992740656 9.0 
2 -1 0 7.0 7.0 
1 -2 0 2.540579099274066 9.000000000000002 
2 -2 0 7.0 7.0 
0 5 0 2.0 2.0 
0 4 0 2.0 2.0 
0 3 1 0.8401089842282621 6.225115847087734 
0 2 1 0.8401089842282621 6.225115847087737 
0 1 2 0.8760615787963945 9.433893090653818 
0 0 2 0.8760615787963961 9.433893037042512 
0 -1 1 0.5576797421907951 9.586237011505526 
0 -2 1 0.5576797421907936 9.586237176679287 
0 -3 0 0.9661008820623279 6.673726171237111 
1 -3 0 3.9999999999999996 6.0 
0 -4 0 0.9661008820623284 6.673726171237109 
1 -4 0 4.000000000000001 6.0 
-1 3 0 2.585786437626906 5.414213562373095 
-1 2 0 2.5857864376269046 5.414213562373095 
-1 1 0 0.8760615787963931 8.697445034968256 
-1 0 0 0.8760615787963947 8.697445034968252 
-1 -1 0 0.5576797422660232 9.999999999999988 
-1 -2 0 0.5576797421907937 9.999999999999991 
-1 -3 0 0.9661008820623284 8.280645821641505 
-1 -4 0 0.9661008820623274 8.28064582164151 
-1 -5 0 3.0 3.0000000000000004 
0 -5 0 3.0 3.0 
-1 -6 0 2.9999999999999996 3.0 
0 -6 0 3.0 3.0 
-2 1 0 3.9999999999999996 7.0 
-2 0 0 4.0 7.0 
-2 -1 0 2.1487684729821077 10.000000000000002 
-2 -2 0 2.1487684729821055 10.0 
-2 -3 0 1.3778543120034963 9.000000000000002 
-2 -4 0 1.377854312003498 8.999999999999998 
-2 -5 0 3.0 3.0 
-2 -6 0 3.0 3.0 
-3 -1 0 8.0 8.0 
-3 -2 0 8.0 8.0 
-3 -3 0 3.999999999999999 9.0 
-3 -4 0 4.0 9.0 
-3 -5 0 3.0 3.0 
-3 -6 0 3.0 3.0 
