2 2 0 3.139194146888296 8.0 
3 2 0 8.0 8.0 
2 1 0 3.1391941468882956 8.000000000000002 
3 1 0 8.0 8.0 
2 0 0 4.097411192158552 16.0 
3 0 0 16.0 16.0 
2 -1 0 4.097411192158558 16.0 
3 -1 0 16.0 16.0 
1 2 0 0.9999999999999972 7.9999999999999964 
1 1 0 0.9999999999999999 8.000000000000002 
1 0 0 0.9129210529308522 15.078221434658552 
1 -1 0 0.9129210529431426 15.078221441607567 
1 -2 0 1.3742754446330425 15.99999920715855 
2 -2 0 4.916007474288295 14.779240164909499 
1 -3 0 1.3742754446327867 15.999999963947738 
2 -3 0 4.916007474288298 14.779240164909503 
0 2 0 0.9999999999999998 7.1149075414767555 
0 1 0 1.0 7.114907541476755 
0 0 2 0.9192767032825424 14.100952023190224 
0 -1 2 0.9129210529293015 14.10095202124672 
0 -2 2 1.2088171687258435 15.999998779238906 
0 -3 2 1.2088171687263938 15.999999977100106 
0 -4 0 0.18444138081620062 14.815288750439056 
1 -4 0 2.9537043822624893 11.845033985487834 
0 -5 0 0.18444138082152875 14.815288749977706 
1 -5 0 2.9537043822624955 11.845033985487836 
-1 2 0 3.0 6.0 
-1 1 0 3.0 6.000000000000001 
-1 0 0 0.9192767032717606 12.188385633486545 
-1 -1 0 0.9192767032722996 12.188385632937896 
-1 -2 1 0.39639851757165556 15.67589038539062 
-1 -3 1 0.3963985175716598 15.675890230081444 
-1 -4 0 0.18444138081616396 15.999999993927613 
-1 -5 0 0.18444138081658104 15.999999913324324 
-1 -6 0 0.7334521041512618 12.325500347109624 
0 -6 0 1.8276441669719787 9.729139425529212 
-1 -7 0 0.7334521041513382 12.325500347041212 
0 -7 0 1.827644166971978 9.729139425529212 
-2 2 0 5.0 5.0 
-2 1 0 5.0 5.0 
-2 0 0 2.6660779734230284 10.597735188118875 
-2 -1 0 2.6660779734230293 10.597735188118879 
-2 -2 0 0.972858199657596 14.999999545896074 
-2 -3 0 0.9728581996845472 14.999999999968734 
-2 -4 1 0.7473564292186722 15.999999962581102 
-2 -5 1 0.7473564292186747 15.999999985792691 
-2 -6 1 0.638906868823343 14.836434745850333 
-2 -7 1 0.6389068688233446 14.836434745820062 
-2 -8 0 0.727388756899817 9.127811439658648 
-1 -8 0 2.4745317946588457 7.304847782934068 
-2 -9 0 0.727388756899815 9.127811439658661 
-1 -9 0 2.4745317946588457 7.304847782934072 
-3 0 0 6.0 9.0 
-3 -1 0 6.000000000000001 9.0 
-3 -2 0 3.2796261788667573 12.999999998218007 
-3 -3 0 3.279626161483404 12.999999703834488 
-3 -4 0 1.4570673164847323 15.084464292932825 
-3 -5 0 1.4570673172069901 15.084464280487799 
-3 -6 0 0.6389068688810823 14.836434743737788 
-3 -7 0 0.6389068688382155 14.836434745451882 
-3 -8 1 0.7273887568998174 12.42375132552393 
-3 -9 1 0.727388756899815 12.423751324697074 
-3 -10 0 1.9999999999999993 3.0 
-2 -10 0 3.0 3.0 
-3 -11 0 2.0 3.0000000000000004 
-2 -11 0 3.0 3.0 
-4 -2 0 7.999999999999999 11.000000000000002 
-4 -3 0 7.999999999999998 11.000000000000004 
-4 -4 0 3.0443591056895594 13.552025290511988 
-4 -5 0 3.044359105686917 13.55202538419591 
-4 -6 0 0.7147558850763694 13.6283895160217 
-4 -7 0 0.7147558852978851 13.628389245469062 
-4 -8 1 1.387454464020032 12.423751325647476 
-4 -9 1 1.3874544640200268 12.423751325428587 
-4 -10 0 0.3286863765944253 8.85570684585574 
-4 -11 0 0.3286863765944271 8.855706845855742 
-5 -2 0 8.0 8.0 
-5 -3 0 8.0 8.0 
-5 -4 0 4.267949192431122 11.999999999999998 
-5 -5 0 4.267949192431122 12.0 
-5 -6 0 2.5732160907226995 12.562595134279851 
-5 -7 0 2.5732160907226986 12.562595134279855 
-5 -8 0 1.387454464020028 11.762875668612871 
-5 -9 0 1.38745446402003 11.762875668612871 
-5 -10 0 0.32868637659442684 8.855706845855746 
-5 -11 0 0.32868637659442673 8.85570684585575 
