4 10 0 0.913869802348506 5.999999999999999 
5 10 0 6.0 6.0 
4 9 0 0.9138698023485071 6.000000000000001 
5 9 0 6.0 6.0 
4 8 0 1.9521574897212026 14.605551275463993 
5 8 0 7.394448724536012 14.60555127546399 
4 7 0 1.9521574897211962 14.605551275463988 
5 7 0 7.394448724536009 14.60555127546399 
4 6 0 3.1029977954980272 16.000000000000007 
5 6 0 14.0 14.0 
4 5 0 3.1029977954980286 15.999999999999996 
5 5 0 14.0 14.0 
3 10 0 0.9138698023485045 5.514136929335291 
3 9 0 0.9138698023485057 5.514136929335291 
3 8 0 0.4681810015160623 13.145056991800654 
3 7 0 0.4681810015160952 13.145056991783386 
3 6 0 0.6438647247325291 15.99999944404329 
3 5 0 0.6438647247322008 15.999999999518113 
3 4 0 1.852138639277514 13.99999959798024 
4 4 0 5.068369980122042 12.0 
3 3 0 1.8521386392775168 13.999999935936378 
4 3 0 5.068369980122044 12.000000000000002 
2 10 0 3.0 5.0 
2 9 0 2.9999999999999996 5.0 
2 8 0 0.46818100151605974 12.029477348561699 
2 7 0 0.4681810015160621 12.029477298263528 
2 6 0 0.18176711800583908 15.657396394131549 
2 5 0 0.18176711800581496 15.657396389029206 
2 4 0 0.3071859128341125 15.999999443613307 
2 3 0 0.30718591267864054 15.99999923944472 
2 2 0 1.3688416666820724 12.769766809602544 
3 2 0 3.65821273065811 10.75937365246892 
2 1 0 1.368841667212473 12.769766751792833 
3 1 0 3.658212730658107 10.75937365246892 
1 10 0 2.9999999999999996 4.999999999999999 
1 9 0 3.0 5.0 
1 8 0 1.2408447475055764 11.194908953223814 
1 7 0 1.2408447475070947 11.194908953271012 
1 6 0 0.18176711800597176 13.661266435735346 
1 5 0 0.18176711800659148 13.661266331377764 
1 4 0 0.1284225536314327 15.999998581497096 
1 3 0 0.12842255362989072 15.999999985218997 
1 2 0 0.19521236605236655 13.706041608074342 
1 1 0 0.19521236605236233 13.706041709424666 
1 0 0 1.0478981490668964 10.215922154386579 
2 0 0 3.407137631948547 8.414213562373089 
1 -1 0 1.0478981490595243 10.215922217549826 
2 -1 0 3.4071376319485465 8.414213562373092 
0 8 0 3.475434932075281 9.795862283097556 
0 7 0 3.4754349320752813 9.795862283097554 
0 6 0 1.6424825313312075 12.522184716284688 
0 5 0 1.642482531330397 12.522185229030503 
0 4 0 0.12842255362986457 15.999999999748574 
0 3 0 0.1284225536562914 15.999999999726427 
0 2 1 0.19521236605236345 15.445059194343406 
0 1 1 0.19521236605236422 15.445059205019252 
0 0 1 0.7411750681991053 12.320380019796023 
0 -1 1 0.7411750681991073 12.320379704020363 
0 -2 0 1.613926875752217 6.8389718635884345 
1 -2 0 3.0000000000000004 5.0 
0 -3 0 1.6139268757522154 6.838971863588437 
1 -3 0 3.0 5.0 
-1 8 0 6.0 6.0 
-1 7 0 6.0 6.0 
-1 6 0 3.748815592772149 11.809785920127418 
-1 5 0 3.7488155927721465 11.809785920127418 
-1 4 0 1.968186301688625 13.925293673143859 
-1 3 0 1.9681863016886243 13.925293689221299 
-1 2 0 0.8676226433605891 15.445059222435761 
-1 1 0 0.8676226433663347 15.445058778947848 
-1 0 0 0.7411750682397815 13.30914084215187 
-1 -1 0 0.7411750693411304 13.309141095031098 
-1 -2 0 0.7482005630233243 9.33571408524676 
-1 -3 0 0.7482005630233229 9.335714085246758 
-2 6 0 7.0 9.0 
-2 5 0 7.0 9.0 
-2 4 0 4.057804542078328 13.0 
-2 3 0 4.057804542078331 12.999999999999998 
-2 2 0 2.191312185209474 14.32517140241314 
-2 1 0 2.191312185157001 14.325171402413138 
-2 0 0 0.97587811982813 13.30914109510432 
-2 -1 0 0.9758781190960095 13.309141077109274 
-2 -2 0 0.7482005630233244 10.872983346207418 
-2 -3 0 0.748200563023323 10.872983346207418 
-2 -4 0 2.0 2.0 
-1 -4 0 2.0 2.0 
-2 -5 0 2.0 2.0 
-1 -5 0 2.0 2.0 
-3 4 0 10.0 10.0 
-3 3 0 10.0 10.0 
-3 2 0 5.589672062579857 12.636249132386645 
-3 1 0 5.58967206257986 12.636249132386641 
-3 0 0 4.1458980337503135 13.165706840856645 
-3 -1 0 4.145898033750317 13.165706840856648 
-3 -2 0 2.9999999999999996 10.87298334620742 
-3 -3 0 3.0 10.872983346207413 
-3 -4 0 2.0 2.0 
-3 -5 0 2.0 2.0 
