3 7 0 2.0000000000000004 5.000000000000001 
4 7 0 5.0 5.0 
3 6 0 1.999999999999999 5.0 
4 6 0 5.0 5.0 
3 5 0 2.1944556797281343 12.854101966249683 
4 5 0 6.145898033750316 12.854101966249686 
3 4 0 2.194455679728135 12.854101966249686 
4 4 0 6.145898033750316 12.854101966249683 
3 3 0 2.8627901087373466 14.794164628716345 
4 3 0 7.9590354051225365 13.911503314075023 
3 2 0 2.862790107222658 14.79416473083827 
4 2 0 7.959035405122537 13.911503314075023 
3 1 0 4.661167541349298 14.999999999999796 
4 1 0 13.0 13.0 
3 0 0 4.6611675413492915 14.999999999999991 
4 0 0 13.0 13.0 
2 7 0 1.9999999999999993 5.0 
2 6 0 1.9999999999999996 5.0 
2 5 0 0.9876310517479735 12.833059976445528 
2 4 0 0.9876310517479895 12.833059976447817 
2 3 0 1.066082023617204 14.794164739619125 
2 2 0 1.0660820260052744 14.794164735949309 
2 1 0 1.5094884561722937 15.754562753651577 
2 0 0 1.509488456661816 15.7545627444612 
2 -1 0 2.6848204557434383 12.999999988547517 
3 -1 0 6.8751145802354285 11.76155718183189 
2 -2 0 2.6848204532620854 12.999999979904425 
3 -2 0 6.875114580235427 11.76155718183189 
1 7 0 2.0 5.0 
1 6 0 2.0 5.0 
1 5 0 0.9876310517514973 11.372802302798236 
1 4 0 0.9876310517510567 11.372802303932314 
1 3 0 0.39177788619693493 14.168751290733082 
1 2 0 0.3917778863776206 14.176178312366533 
1 1 0 0.5070594773753232 15.754562754657998 
1 0 0 0.5070594773617969 15.754562754226466 
1 -1 0 0.9398370216763672 14.679332709446518 
1 -2 0 0.939837021171183 14.679332411030215 
1 -3 0 2.118658214427148 11.423796212261957 
2 -3 0 4.875114580235427 10.0 
1 -4 0 2.1186582144274317 11.423796132452663 
2 -4 0 4.875114580235425 9.999999999999998 
0 7 0 4.0 4.0 
0 6 0 4.0 4.0 
0 5 0 1.3984755136631009 9.48360136902355 
0 4 0 1.398475513663102 9.483601369024282 
0 3 0 0.39177788619714055 13.49242875157125 
0 2 0 0.3917778861975119 13.49242875767415 
0 1 1 0.5070594773533557 15.462419509444812 
0 0 1 0.5070594773533569 15.462418815788745 
0 -1 1 0.5400574147499548 15.514644378798714 
0 -2 1 0.5400574147499557 15.514644369895908 
0 -3 0 0.3951714618089674 12.768457604359776 
0 -4 0 0.39517146180549795 12.768458084958416 
0 -5 0 1.585786437626907 9.427901223711023 
1 -5 0 3.5857864376269055 7.999999999999999 
0 -6 0 1.5857864376269073 9.427901223702438 
1 -6 0 3.5857864376269055 8.000000000000002 
-1 5 0 3.5857864376269037 7.000000000000001 
-1 4 0 3.585786437626905 7.000000000000002 
-1 3 0 1.9986934521349091 11.715506010161452 
-1 2 0 1.9986934521348712 11.715506009259999 
-1 1 0 0.9074676895738172 14.728917013307193 
-1 0 0 0.9074676896629085 14.728916953768627 
-1 -1 0 0.5400574152015878 15.770136019529119 
-1 -2 0 0.5400574149077995 15.770135164282186 
-1 -3 0 0.3951714617916323 14.32112065932795 
-1 -4 0 0.395171461875585 14.321120733066271 
-1 -5 0 0.7002910991099522 10.572232107867487 
-1 -6 0 0.7002910990780096 10.572232107883702 
-1 -7 0 1.999999999999999 4.999999999999999 
0 -7 0 4.0 4.0 
-1 -8 0 2.0000000000000004 4.999999999999999 
0 -8 0 4.0 4.0 
-2 3 0 4.585786437626905 10.0 
-2 2 0 4.585786437626906 9.999999999999998 
-2 1 0 2.4476875563061062 13.827069944094665 
-2 0 0 2.4476875555375712 13.827070183454062 
-2 -1 0 1.3517837754646997 15.770135273510423 
-2 -2 0 1.3517837754906323 15.770136020285504 
-2 -3 0 0.8740724842786375 15.142366882770519 
-2 -4 0 0.8740724839473469 15.14236688240747 
-2 -5 0 0.7002910991648809 11.446874078498075 
-2 -6 0 0.7002910991250497 11.446874040070105 
-2 -7 0 1.9999999999999998 5.0 
-2 -8 0 1.9999999999999991 5.0 
-3 1 0 7.585786437626904 12.000000000000004 
-3 0 0 7.585786437626905 12.0 
-3 -1 0 3.7973504827833486 14.999999999973392 
-3 -2 0 3.7973504827833553 14.999999999964132 
-3 -3 0 2.741577150945325 15.14236687763272 
-3 -4 0 2.74157715120209 15.142366883870505 
-3 -5 0 2.1834403613939015 12.083872359429357 
-3 -6 0 2.1834403613940716 12.083872359435585 
-3 -7 0 2.0 5.000000000000001 
-3 -8 0 2.0 5.0 
-4 -1 0 13.0 13.0 
-4 -2 0 13.0 13.0 
-4 -3 0 8.35424868893541 13.645751311064588 
-4 -4 0 8.354248688935408 13.64575131106459 
-4 -5 0 5.702929455636726 12.08387235943561 
-4 -6 0 5.702929455636727 12.08387235943561 
-4 -7 0 5.0 5.0 
-4 -8 0 5.0 5.0 
