0 -2 1 2.0 3.0 
1 -2 0 3.0 3.0 
0 -3 1 2.0 3.0 
1 -3 0 3.0 3.0 
0 -4 1 0.9465877601982896 14.19615242270663 
1 -4 0 3.803847577293368 14.196152422706636 
0 -5 1 0.946587760198292 14.196152422706636 
1 -5 0 3.8038475772933675 14.196152422706632 
0 -6 0 0.5429298318813239 17.11120092960817 
1 -6 0 6.000000000000001 15.000000000000002 
0 -7 0 0.542929831881308 17.11120092967554 
1 -7 0 6.000000000000001 15.0 
0 -8 0 3.3320676809226106 15.000000000000004 
1 -8 0 12.0 12.0 
0 -9 0 3.3320676809226124 15.000000000000004 
1 -9 0 12.0 12.0 
-1 -2 0 2.0 2.0 
-1 -3 0 2.0 2.0 
-1 -4 0 0.913869802348505 12.616291317852392 
-1 -5 0 0.9138698034598596 12.616291317852392 
-1 -6 0 0.5429298318821087 17.111199939489914 
-1 -7 0 0.5429298318866798 17.111200930847293 
-1 -8 0 1.768157396461978 17.99999999998372 
-1 -9 0 1.7681573963649524 17.99999910662111 
-1 -10 0 4.132992180144345 12.999999986227229 
0 -10 0 6.585786437626906 9.999999999999998 
-1 -11 0 4.1329921801443446 12.999999960663803 
0 -11 0 6.585786437626906 9.999999999999998 
-2 -4 0 0.9138698023485045 8.400551343196936 
-2 -5 0 0.9138698023485061 8.400551343196934 
-2 -6 2 0.9265920861178565 15.573467738437676 
-2 -7 2 0.926592086117853 15.573467757575807 
-2 -8 0 0.29033712708312465 17.99999999630817 
-2 -9 0 0.2903371269883675 17.999999995226485 
-2 -10 0 0.8576083463450607 15.999999991122428 
-2 -11 0 0.8576083463450613 15.999999992407302 
-2 -12 0 3.849788969090016 10.801950238438874 
-1 -12 0 7.0 7.0 
-2 -13 0 3.849788969097845 10.801950238438886 
-1 -13 0 7.0 7.0 
-3 -4 0 2.5857864376269046 5.414213562373096 
-3 -5 0 2.585786437626904 5.414213562373095 
-3 -6 0 0.7560441636248785 13.338922197055549 
-3 -7 0 0.756044162338716 13.338922252162284 
-3 -8 0 0.29033712695816377 17.99999998127443 
-3 -9 0 0.2903371269577755 17.999999987265177 
-3 -10 2 0.8576083463450497 17.858430758454503 
-3 -11 2 0.8576083463450468 17.85852262408717 
-3 -12 0 0.6165037326733706 13.999999999236326 
-3 -13 0 0.6165037332443565 13.999999999596445 
-4 -6 0 3.1870519774139017 11.747365700459167 
-4 -7 0 3.1870519774138972 11.74736570045916 
-4 -8 0 1.2343441040099974 15.854089835014259 
-4 -9 0 1.2343441030968934 15.854091238183075 
-4 -10 1 0.704448070192056 17.999999901170213 
-4 -11 1 0.7044480701920579 17.999999454197308 
-4 -12 0 0.6165037327538929 15.854636519763341 
-4 -13 0 0.6165037326733817 15.854636633816414 
-4 -14 0 1.2630592418652706 11.240199175144154 
-3 -14 0 3.5857864376269046 6.414213562373096 
-4 -15 0 1.2630592418653246 11.240200100711425 
-3 -15 0 3.585786437626905 6.414213562373095 
-5 -6 0 4.829913513373966 8.48119430409202 
-5 -7 0 4.829913513373964 8.481194304092014 
-5 -8 0 2.5551863084283957 13.999999993103424 
-5 -9 0 2.555186307136136 13.999999995020604 
-5 -10 0 0.7044480701926926 17.999999998126086 
-5 -11 0 0.7044480701924347 17.999999999178662 
-5 -12 1 0.8364014953521309 17.18112502484802 
-5 -13 1 0.8364014929993245 17.181125503777867 
-5 -14 1 0.6616128752613055 13.7624254058103 
-5 -15 1 0.6616128753397004 13.762425777014384 
-6 -6 0 5.999999999999999 8.0 
-6 -7 0 6.0 8.0 
-6 -8 0 4.373487376892298 12.088193362659467 
-6 -9 0 4.373487376891816 12.088193362868568 
-6 -10 0 2.76124651490144 15.999999999805734 
-6 -11 0 2.761246519451682 15.99999999985818 
-6 -12 0 1.1638820725823833 17.181125365795616 
-6 -13 0 1.1638820724392875 17.181125332385623 
-6 -14 0 0.6616128752613122 15.231620283490438 
-6 -15 0 0.6616128752613204 15.231620287743272 
-6 -16 1 1.007574313261551 10.212491541406358 
-5 -16 0 1.0075743132615531 8.577202599803798 
-6 -17 1 1.0075743132615507 10.212491541406207 
-5 -17 0 1.0075743132615522 8.577202599803798 
-7 -8 0 7.999999999999998 10.0 
-7 -9 0 7.999999999999998 10.0 
-7 -10 0 5.220290687794826 13.999999999999975 
-7 -11 0 5.220290687794823 13.999999999976787 
-7 -12 0 3.5719378838995 15.590157172795463 
-7 -13 0 3.571937883898823 15.590157269025768 
-7 -14 0 2.047542592547793 15.231620287866203 
-7 -15 0 2.047542583592749 15.231619981750132 
-7 -16 0 1.3861354653580447 11.198523207398239 
-7 -17 0 1.386135465358045 11.198523207398232 
-7 -18 0 1.0000000000000004 3.0000000000000004 
-6 -18 0 1.0 3.0 
-7 -19 0 0.9999999999999999 3.0 
-6 -19 0 1.0 3.0 
-8 -10 0 12.0 12.0 
-8 -11 0 12.0 12.0 
-8 -12 0 8.415774556783479 14.289945082937477 
-8 -13 0 8.41577455678348 14.289945082937482 
-8 -14 0 6.1157906221094445 14.053320994059643 
-8 -15 0 6.115790622109447 14.05332099405964 
-8 -16 0 4.338399579631294 11.198523207398237 
-8 -17 0 4.338399579631295 11.198523207398235 
-8 -18 0 3.0 3.0 
-8 -19 0 3.0 3.0 
