2 8 0 2.0000000000000004 4.0 
3 8 0 4.0 4.0 
2 7 0 2.0 4.000000000000001 
3 7 0 4.0 4.0 
2 6 0 1.7639320225002102 7.0 
3 6 0 5.0 7.0 
2 5 0 1.7639320225002109 7.000000000000002 
3 5 0 5.0 7.0 
2 4 0 2.2679491924311224 8.0 
3 4 0 8.0 8.0 
2 3 0 2.2679491924311224 8.000000000000004 
3 3 0 8.0 8.0 
1 8 0 1.9999999999999993 4.0 
1 7 0 2.0 4.0 
1 6 0 0.9999999999999993 6.999999999999999 
1 5 0 1.0000000000000002 7.000000000000002 
1 4 0 0.763932022500213 8.0 
1 3 0 0.76393202250021 7.9999999999999964 
1 2 0 0.7639320225002096 7.414213562373095 
2 2 0 3.267949192431122 6.732050807568878 
1 1 0 0.7639320225002106 7.414213562373094 
2 1 0 3.2679491924311224 6.7320508075688785 
0 8 0 2.0 4.0 
0 7 0 2.0 4.0 
0 6 0 0.9999999999999983 6.561552812808829 
0 5 0 0.9999999999999993 6.561552812808829 
0 4 1 0.7639320225002106 7.561552812808831 
0 3 1 0.7639320225002113 7.561552812808829 
0 2 3 0.9999999999999982 7.414213562373095 
0 1 3 1.2679491924311244 7.414213562373097 
0 0 3 1.2679491924311221 5.414213562373095 
1 0 0 1.2679491924311226 4.732050807568878 
0 -1 3 1.2679491924311226 5.414213562373093 
1 -1 0 1.2679491924311224 4.732050807568876 
-1 6 0 6.0 6.0 
-1 5 0 6.0 6.0 
-1 4 0 3.5857864376269055 7.000000000000001 
-1 3 0 3.585786437626905 6.999999999999999 
-1 2 0 2.5857864376269046 7.414213562373095 
-1 1 0 2.585786437626905 7.414213562373095 
-1 0 0 2.0 5.414213562373096 
-1 -1 0 1.9999999999999996 5.414213562373096 
-1 -2 0 2.0 2.0 
0 -2 1 2.0 2.0 
-1 -3 0 2.0 2.0 
0 -3 1 2.0 2.0 
