3 9 0 1.0 1.0 
4 9 0 1.0 1.0 
3 8 0 1.0 1.0 
4 8 0 1.0 1.0 
3 7 0 0.4072410465344753 11.219824489280372 
4 7 0 1.2302387408103816 11.219824489280379 
3 6 0 0.40724104653447507 11.219824489280375 
4 6 0 1.2302387408103836 11.219824489280374 
3 5 0 0.5537273967095138 13.742745404063543 
4 5 0 2.337981374947755 12.35472368006327 
3 4 0 0.5537273967244651 13.742745217668922 
4 4 0 2.337981374947752 12.354723680063268 
3 3 0 1.800896090811042 14.184847838970201 
4 3 0 4.346688068540963 12.653311931459038 
3 2 0 1.8008960907909124 14.184847838970207 
4 2 0 4.346688068540962 12.653311931459038 
3 1 0 3.4037686238346025 12.0 
4 1 0 9.0 9.0 
3 0 0 3.403768623834605 12.0 
4 0 0 9.0 9.0 
2 7 0 0.4072410465344764 9.446932208306418 
2 6 0 0.4072410465344752 9.446932208306423 
2 5 1 0.5537273967091018 13.742745396801611 
2 4 1 0.5537273967091046 13.742745403993005 
2 3 1 1.1863241534309061 15.729722776160008 
2 2 1 1.1863241534309092 15.7297226882324 
2 1 0 1.9179967635278146 13.999999998992468 
2 0 0 1.9179967628373866 13.999999997443267 
2 -1 0 5.0 10.79128784747792 
3 -1 0 7.0 7.0 
2 -2 0 5.0 10.791287847477921 
3 -2 0 7.0 7.0 
1 7 0 3.0000000000000004 4.0 
1 6 0 2.9999999999999996 4.0 
1 5 0 0.881127821505571 11.904954037009754 
1 4 0 0.8811278215065793 11.904953927919108 
1 3 0 0.3356351508347487 15.729722731994723 
1 2 0 0.33563515083278683 15.729722772924415 
1 1 0 0.5222936091704766 15.999999982417183 
1 0 0 0.522293608716999 15.999999996716246 
1 -1 0 1.9392967785031998 12.854101637412027 
1 -2 0 1.9392967785031836 12.85410192109753 
0 7 0 4.0 4.0 
0 6 0 4.0 4.0 
0 5 0 2.451963622934791 10.754730603813675 
0 4 0 2.45196362293479 10.75473060381367 
0 3 0 0.3356351508323413 13.99999999647644 
0 2 0 0.3356351508323485 13.999999432172142 
0 1 2 0.7095054610807813 15.999999886814157 
0 0 2 0.7095054610831573 15.999999968851254 
0 -1 1 0.19659848513680125 13.9999993191336 
0 -2 1 0.19659848513680236 13.999999242550327 
0 -3 0 1.9071242760799343 10.859793677592123 
1 -3 0 4.438447187191169 8.56155281280883 
0 -4 0 1.907124276281199 10.859793677592117 
1 -4 0 4.438447187191169 8.561552812808829 
-1 5 0 3.463370378794197 8.843404487333673 
-1 4 0 3.4633703787941963 8.843404487333672 
-1 3 0 1.97441134150753 12.714204406768255 
-1 2 0 1.974411342122645 12.714204488198503 
-1 1 0 0.8152119694838141 15.999999999741215 
-1 0 0 0.8152119694820845 15.999999999410377 
-1 -1 0 0.19659848513680225 15.282676523271967 
-1 -2 0 0.19659848513683922 15.28267652328629 
-1 -3 1 0.6438041705139602 11.888150887168367 
-1 -4 1 0.6438041705139647 11.888150711934573 
-1 -5 0 2.0000000000000004 8.602685229519011 
0 -5 0 4.0 4.0 
-1 -6 0 2.0000000000000013 8.602685229519011 
0 -6 0 4.0 4.0 
-2 5 0 6.0 6.0 
-2 4 0 6.0 6.0 
-2 3 0 3.5894703009068976 11.000000000000007 
-2 2 0 3.589470300906897 11.000000000000004 
-2 1 0 2.1712437646789606 13.999999934864343 
-2 0 0 2.1712437694798745 13.999999998948866 
-2 -1 0 0.28878053145261356 15.282676523306447 
-2 -2 0 0.28878053143919163 15.282676523288218 
-2 -3 1 0.6438041705139652 13.373903015858623 
-2 -4 1 0.6438041705139648 13.37390295267031 
-2 -5 0 0.16115328334674092 9.561487914640571 
-2 -6 0 0.1611532833467536 9.561487914640564 
-3 3 0 5.585786437626904 8.999999999999998 
-3 2 0 5.585786437626905 8.999999999999998 
-3 1 0 3.4096686132210934 13.000000000000005 
-3 0 0 3.409668613221095 13.000000000000002 
-3 -1 0 1.9826863528963454 14.316624790354053 
-3 -2 0 1.9826863528873213 14.31662479032829 
-3 -3 0 0.9795194637967859 13.373903067499949 
-3 -4 0 0.9795194645645209 13.373903067499938 
-3 -5 0 0.16115328334673382 11.056060306305989 
-3 -6 0 0.16115328334673718 11.05606030630598 
-3 -7 1 2.0000000000000004 3.0 
-2 -7 0 2.0 2.0 
-3 -8 1 2.0 2.9999999999999996 
-2 -8 0 2.0 2.0 
-4 1 0 11.0 11.0 
-4 0 0 11.0 11.0 
-4 -1 0 6.694102470666569 12.785667011197999 
-4 -2 0 6.694102470666569 12.785667011198 
-4 -3 0 5.17157287525381 13.16227766016838 
-4 -4 0 5.17157287525381 13.162277660168378 
-4 -5 0 4.000000000000001 11.056060306305987 
-4 -6 0 4.0 11.056060306305989 
-4 -7 0 3.0 3.0 
-4 -8 0 3.0 3.0 
