5 15 0 2.0 2.0 
6 15 0 2.0 2.0 
5 14 0 2.0 2.0 
6 14 0 2.0 2.0 
5 13 0 1.0090132760489352 7.903760094496862 
6 13 0 2.6210322817451046 7.903760094496862 
5 12 0 1.0090132760489356 7.90376009449686 
6 12 0 2.6210322817451037 7.903760094496862 
5 11 0 1.132962056913354 11.582939301949768 
6 11 0 3.6383184631390004 11.582939301972887 
5 10 0 1.1329620587440676 11.582939301971871 
6 10 0 3.6383184631390013 11.582939301972887 
5 9 0 1.8879135043775412 13.50807820766964 
6 9 0 5.032998468038334 13.090945886219552 
5 8 0 1.8879135087790682 13.508077284351073 
6 8 0 5.032998468038332 13.090945886219556 
5 7 0 3.2009747749931448 13.46136521727999 
6 7 0 7.033061466937739 12.149933527366159 
5 6 0 3.2009747749931434 13.46136521782514 
6 6 0 7.033061466937739 12.149933527366159 
5 5 0 5.0104675172961155 11.999999999999998 
6 5 0 10.0 10.0 
5 4 0 5.010467517296114 12.0 
6 4 0 10.0 10.0 
4 15 0 2.0 2.0 
4 14 0 2.0 2.0 
4 13 0 1.0090132760489343 7.818236915393097 
4 12 0 1.0090132760489343 7.818236915393099 
4 11 0 0.43416016256122425 11.447145387255645 
4 10 0 0.4341601625263926 11.447145441411468 
4 9 0 0.7536315667739523 13.508078479570745 
4 8 0 0.7536315679509776 13.508077341684928 
4 7 0 1.296269435457737 14.412105457540987 
4 6 0 1.2962694368682746 14.41210546543369 
4 5 0 2.3969041854098885 12.801829286939157 
4 4 0 2.3969041810580367 12.801829286018444 
4 3 0 4.073605348217591 10.0 
5 3 0 8.0 8.0 
4 2 0 4.073605348217592 10.000000000000002 
5 2 0 8.0 8.0 
3 13 0 1.448669368705049 6.233077051963801 
3 12 0 1.4486693687050476 6.2330770519638 
3 11 0 0.4341601625260069 10.836484695672207 
3 10 0 0.4341601625260355 10.836484843909131 
3 9 1 0.6778254670775167 13.386967561650373 
3 8 1 0.6778254670775122 13.386967509554367 
3 7 0 0.28516015587189764 15.461806542420213 
3 6 0 0.2851601558784045 15.461806472255187 
3 5 0 1.2437487450112288 13.642878991389821 
3 4 0 1.2437487472233728 13.64287850045783 
3 3 0 2.2740389323897117 11.319329507064847 
3 2 0 2.2740389324982657 11.31932950706485 
3 1 0 4.000000000000001 7.0 
4 1 0 6.0 6.0 
3 0 0 3.9999999999999987 7.0 
4 0 0 6.0 6.0 
2 11 0 1.7739003637227655 9.46031041271261 
2 10 0 1.7739003637227686 9.460310412712614 
2 9 0 0.6778254670997611 12.731917545298064 
2 8 0 0.677825467087085 12.731917558301426 
2 7 0 0.28516015587174826 15.461806542234251 
2 6 0 0.28516015587165866 15.46180654131254 
2 5 1 1.1585874732675185 15.9999997426937 
2 4 1 1.158587472876157 15.999999999975708 
2 3 0 1.7742957353498248 12.347687062719721 
2 2 0 1.7742957355584072 12.347687112823065 
2 1 0 3.9999999999999996 7.000000000000001 
2 0 0 3.9999999999999982 7.000000000000002 
1 9 0 2.631290079505403 11.560962664758756 
1 8 0 2.631290079505399 11.560962670070012 
1 7 0 1.7067267250073774 13.857924740427542 
1 6 0 1.7067267233105166 13.857924422846654 
1 5 0 0.3332760734839602 15.999999900468115 
1 4 0 0.3332760734840155 15.999999627976031 
1 3 0 0.9626303263575773 13.714765912831313 
1 2 0 0.9626303263574044 13.714765918447823 
1 1 0 3.999999999999997 7.000000000000001 
1 0 0 3.999999999999997 7.000000000000002 
0 7 0 2.5715102386226953 12.999999999999995 
0 6 0 2.5715102386227007 13.0 
0 5 0 0.33327607351008265 15.912432106182555 
0 4 0 0.33327607348394594 15.912430917582387 
0 3 1 0.9626303263573461 15.12570747460117 
0 2 1 0.9626303263573448 15.125707478205566 
0 1 1 1.945204110476186 7.722593104321794 
0 0 1 1.9452041104761881 7.7225931043217955 
-1 5 0 4.957974473436802 14.000000000000002 
-1 4 0 4.957974473436797 14.000000000000002 
-1 3 0 2.5691835541504635 16.000000000000004 
-1 2 0 2.5691835541504684 16.0 
-1 1 0 1.9452041104761875 8.0 
-1 0 0 1.945204110476184 7.999999999999999 
-2 3 0 16.0 16.0 
-2 2 0 16.0 16.0 
-2 1 0 8.0 8.0 
-2 0 0 8.0 8.0 
