3 11 0 2.0 2.0 
4 11 0 2.0 2.0 
3 10 0 2.0 2.0 
4 10 0 2.0 2.0 
3 9 0 0.797554256503221 6.7320508075688785 
4 9 0 3.267949192431123 6.732050807568878 
3 8 0 0.7975542565032203 6.732050807568876 
4 8 0 3.267949192431123 6.732050807568875 
3 7 0 1.154462264600193 9.305158982978911 
4 7 0 5.0 8.414213562373094 
3 6 0 1.1544622646001912 9.30515898297891 
4 6 0 5.0 8.414213562373094 
3 5 0 2.6612573137571447 8.059431166635232 
4 5 0 7.0 7.0 
3 4 0 2.6612573137571465 8.059431166635234 
4 4 0 7.0 7.0 
2 11 0 2.0 2.0 
2 10 0 2.0 2.0 
2 9 0 0.7975542565032222 6.434564361979722 
2 8 0 0.7975542565032231 6.4345643619797235 
2 7 1 1.1544622646001934 9.305158813545786 
2 6 1 1.1544622646001945 9.305158826446036 
2 5 1 1.5304589240250874 9.99999999976494 
2 4 1 1.5304589240250799 9.999999999983878 
2 3 0 1.201846377916753 6.873249846199242 
3 3 0 5.0 5.0 
2 2 0 1.2018463779167543 6.873249846199239 
3 2 0 5.0 5.0 
1 9 0 2.585786437626905 5.414213562373095 
1 8 0 2.585786437626905 5.414213562373096 
1 7 0 1.5883127620811641 8.667567673570373 
1 6 0 1.5883127620811641 8.667567673570371 
1 5 0 0.7099471274226125 9.999999997243743 
1 4 0 0.7099471266851054 9.999999955784295 
1 3 0 1.1642842763807228 8.615423310126037 
1 2 0 1.164284276380724 8.615423310126037 
1 1 0 2.9999999999999996 3.0 
2 1 0 3.0 3.0 
1 0 0 3.0 3.0000000000000004 
2 0 0 3.0 3.0 
0 7 0 2.2679491924311237 7.000000000000001 
0 6 0 2.267949192431122 7.0 
0 5 0 0.70994712633447 9.658496787010069 
0 4 0 0.7099471263344637 9.658496787010069 
0 3 1 1.1642842763807257 9.236067977499792 
0 2 1 1.1642842763807237 9.236067977499788 
0 1 1 2.9999999999999996 3.9999999999999996 
0 0 1 3.0000000000000004 4.0 
-1 5 0 9.0 9.0 
-1 4 0 9.0 9.0 
-1 3 0 4.76393202250021 9.236067977499792 
-1 2 0 4.763932022500211 9.23606797749979 
-1 1 0 4.0 4.0 
-1 0 0 4.0 4.0 
