3 11 0 2.0 2.0 
4 11 0 2.0 2.0 
3 10 0 2.0 2.0 
4 10 0 2.0 2.0 
3 9 0 0.6791155005525131 7.236067977499788 
4 9 0 2.7639320225002106 7.23606797749979 
3 8 0 0.6791155005525126 7.23606797749979 
4 8 0 2.76393202250021 7.23606797749979 
3 7 0 1.0904840338440498 7.999999999999999 
4 7 0 6.0 6.0 
3 6 0 1.0904840338440498 7.999999999999999 
4 6 0 6.0 6.0 
2 11 0 2.0 2.0 
2 10 0 2.0 2.0 
2 9 0 0.6791155005525137 6.672823701000946 
2 8 0 0.6791155005525136 6.672823701000947 
2 7 1 1.0904840338440491 8.0 
2 6 1 1.090484033844048 8.000000000000002 
2 5 1 2.4384471871911693 6.999999999999998 
3 5 0 2.9999999999999996 5.0 
2 4 1 2.4384471871911697 7.0 
3 4 0 3.0000000000000004 5.0 
1 9 0 4.0 5.999999999999998 
1 8 0 3.9999999999999987 6.0 
1 7 0 1.492097228623443 7.263542847409979 
1 6 0 1.4920972286234424 7.263542847409978 
1 5 0 0.49823015109608254 6.999999999999999 
1 4 0 0.4982301510960822 7.000000000000001 
1 3 0 0.7639320225002109 5.23606797749979 
2 3 0 2.0 2.0 
1 2 0 0.7639320225002104 5.23606797749979 
2 2 0 2.0 2.0 
0 9 0 4.0 4.0 
0 8 0 4.0 4.0 
0 7 0 1.5857864376269055 6.414213562373095 
0 6 0 1.5857864376269037 6.414213562373096 
0 5 0 0.49823015109608176 6.436010714004154 
0 4 0 0.49823015109608126 6.436010714004157 
0 3 1 0.7639320225002102 5.236067977499791 
0 2 1 0.7639320225002096 5.23606797749979 
