4 12 0 0.5575284002031092 7.174522407365767 
5 12 0 0.5575284002031102 7.174522407365767 
4 11 0 0.5575284002031098 7.1745224073657665 
5 11 0 0.55752840020311 7.174522407365767 
4 10 1 1.8042187744345906 9.999999999999998 
5 10 0 1.8042187744345928 9.338534308342489 
4 9 1 1.8042187744345926 10.000000000000004 
5 9 0 1.8042187744345923 9.338534308342492 
4 8 0 1.582857833001023 10.649258603013092 
5 8 0 3.1538025000455434 9.293293580903491 
4 7 0 1.582857833001024 10.649258603013093 
5 7 0 3.1538025000455416 9.293293580903494 
4 6 0 6.0 8.000000000000002 
5 6 0 6.0 6.0 
4 5 0 5.999999999999999 8.0 
5 5 0 6.0 6.0 
3 12 0 1.9999999999999998 2.0 
3 11 0 2.0 2.0 
3 10 1 0.8113910289429973 9.999999999999996 
3 9 1 0.8113910289429952 10.0 
3 8 0 0.6260077528182253 11.999999634308768 
3 7 0 0.6260077528182257 11.999999914004755 
3 6 0 1.9384376959387806 10.0 
3 5 0 1.9384376959387795 10.0 
2 10 0 0.8113910289429961 6.8915375304482005 
2 9 0 0.811391028942997 6.8915375304482005 
2 8 1 0.6260077528182247 11.999999986310664 
2 7 1 0.626007752818225 11.999999999988445 
2 6 1 0.9989832160265912 11.9999999877014 
2 5 1 0.9989832160265923 11.999999803627347 
2 4 0 2.0 7.561552812808831 
3 4 0 4.0 4.0 
2 3 0 2.000000000000001 7.56155281280883 
3 3 0 4.0 4.0 
1 10 0 4.0 4.0 
1 9 0 4.0 4.0 
1 8 0 1.224088761435877 9.67062150763562 
1 7 0 1.2240887614358762 9.67062150763562 
1 6 0 0.757583703312438 11.999999984295345 
1 5 0 0.7575837033124357 11.999999980992852 
1 4 1 1.4154046333814592 9.0 
1 3 1 1.415404633381459 8.999999999999996 
0 8 0 3.585786437626905 6.999999999999999 
0 7 0 3.5857864376269055 6.999999999999999 
0 6 0 0.7575837033124342 12.000000000000005 
0 5 0 0.7575837033124418 12.000000000000004 
0 4 1 1.4154046333814594 10.854101966249686 
0 3 1 1.415404633381462 10.85410196624968 
0 2 1 1.9999999999999998 3.0 
1 2 0 2.0 2.0 
0 1 1 2.0 2.9999999999999996 
1 1 0 2.0 2.0 
-1 6 0 9.0 9.0 
-1 5 0 9.0 9.0 
-1 4 0 4.145898033750316 10.854101966249683 
-1 3 0 4.145898033750315 10.854101966249685 
-1 2 0 3.0 3.0 
-1 1 0 3.0 3.0 
