1 3 0 2.0 2.0 
2 3 0 2.0 2.0 
1 2 0 2.0 2.0 
2 2 0 2.0 2.0 
1 1 0 0.9866164152723834 8.645751311064586 
2 1 0 3.35424868893541 8.645751311064592 
1 0 0 0.986616415272381 8.64575131106459 
2 0 0 3.3542486889354097 8.64575131106459 
1 -1 0 1.5836643991084625 11.32850408763764 
2 -1 0 4.726927136932333 10.132637493579841 
1 -2 0 1.5836643991084616 11.328504087637636 
2 -2 0 4.726927136932333 10.13263749357984 
1 -3 0 3.1891789726275186 10.000000000000004 
2 -3 0 8.0 8.0 
1 -4 0 3.189178972627518 9.999999999999998 
2 -4 0 8.0 8.0 
0 3 0 2.0 2.0 
0 2 0 2.0 2.0 
0 1 1 0.9866164152723804 7.1036120497501445 
0 0 1 0.986616415272381 7.103612049750145 
0 -1 2 1.5836643991084551 11.328504087637578 
0 -2 2 1.583664399108464 11.32850408763764 
0 -3 1 0.8272866661980609 11.999999934177417 
0 -4 1 0.8272866661980643 11.99999999578618 
0 -5 0 1.679717485307614 8.03314870310323 
1 -5 0 5.0 7.0 
0 -6 0 1.6797174853076153 8.03314870310323 
1 -6 0 5.0 7.0 
-1 1 0 2.5188056959079845 6.170086486626034 
-1 0 0 2.5188056959079845 6.170086486626035 
-1 -1 0 1.550510257216937 9.832394218445206 
-1 -2 0 1.5505102572168619 9.832394218445966 
-1 -3 0 0.6411410129950345 11.999999999535076 
-1 -4 0 0.6411410130016315 11.999999996255566 
-1 -5 0 1.4059092881738122 9.827689856873214 
-1 -6 0 1.4059092871446655 9.827689856873208 
-1 -7 0 4.0 4.0 
0 -7 0 4.0 4.0 
-1 -8 0 4.0 4.0 
0 -8 0 4.0 4.0 
-2 -1 0 1.550510257216822 8.0 
-2 -2 0 1.550510257216823 8.0 
-2 -3 1 0.6411410129947447 11.999999999994786 
-2 -4 1 0.6411410129947424 11.999999999616275 
-2 -5 2 1.4059092871446561 11.423128173741176 
-2 -6 2 1.4059092871446695 11.423128262993629 
-2 -7 1 1.267949192431122 5.414213562373094 
-2 -8 1 1.267949192431122 5.414213562373095 
-3 -3 0 2.8899079289771836 9.999999999999998 
-3 -4 0 2.8899079289771845 10.0 
-3 -5 0 1.9585510076121768 12.000000000000002 
-3 -6 0 1.9585510076121755 11.999999999999996 
-3 -7 0 1.2679491924311226 6.0 
-3 -8 0 1.2679491924311224 6.0 
-4 -5 0 12.0 12.0 
-4 -6 0 12.0 12.0 
-4 -7 0 6.0 6.0 
-4 -8 0 6.0 6.0 
