1 3 0 1.0 1.0 
2 3 0 1.0 1.0 
1 2 0 1.0 1.0 
2 2 0 1.0 1.0 
1 1 0 0.44631878171489014 8.372281323269016 
2 1 0 2.6277186767309866 8.372281323269013 
1 0 0 0.4463187817148896 8.372281323269016 
2 0 0 2.6277186767309852 8.372281323269014 
1 -1 0 0.6245789424921024 11.631268210723738 
2 -1 0 4.000000000000001 9.999999999999998 
1 -2 0 0.6245789424921045 11.63126821072374 
2 -2 0 3.9999999999999996 10.0 
1 -3 0 2.8664167355440244 9.10670439183068 
2 -3 0 7.0 7.0 
1 -4 0 2.8664167355440253 9.106704391830682 
2 -4 0 7.0 7.0 
0 1 0 0.4463187817148888 6.788976639393342 
0 0 0 0.44631878171488926 6.788976639393343 
0 -1 1 0.6245789424921021 11.631268210723722 
0 -2 1 0.6245789424920992 11.63126821072374 
0 -3 1 1.2029268950723642 11.999999999921076 
0 -4 1 1.2029268950723613 11.999999999971788 
0 -5 0 2.999999999999999 7.732050807568877 
1 -5 0 5.0 5.0 
0 -6 0 3.0000000000000004 7.732050807568877 
1 -6 0 5.0 5.0 
-1 1 0 3.0 3.0 
-1 0 0 3.0 3.0 
-1 -1 0 0.8757041299137538 9.852786754331696 
-1 -2 0 0.8757041299137529 9.852786754331698 
-1 -3 0 0.34672013216946546 11.999999996669715 
-1 -4 0 0.34672013216946446 11.999999992546623 
-1 -5 0 0.7798306682927169 9.9999999249122 
-1 -6 0 0.7798306682927175 9.999999999999998 
-2 -1 0 2.875114580235425 7.761557181831892 
-2 -2 0 2.875114580235426 7.761557181831892 
-2 -3 0 0.34672013233234783 11.999999999574102 
-2 -4 0 0.3467201321694671 11.99999999964362 
-2 -5 1 0.7673677657737348 11.32855408008438 
-2 -6 1 0.7673677657737639 11.328554080080282 
-2 -7 0 0.21497461340992402 7.379743532086241 
-1 -7 0 3.0 3.0 
-2 -8 0 0.21497461340992485 7.37974353208624 
-1 -8 0 3.0 3.0 
-3 -1 0 4.0 6.0 
-3 -2 0 3.9999999999999996 6.000000000000001 
-3 -3 0 2.1163093433173747 10.000000000000002 
-3 -4 0 2.116309343317374 10.0 
-3 -5 0 0.7673677657737301 11.328554080084718 
-3 -6 0 0.767367765773731 11.328554080084725 
-3 -7 0 0.21497461340992652 8.645751311064595 
-3 -8 0 0.21497461340992524 8.645751311064588 
-4 -3 0 8.0 8.0 
-4 -4 0 8.0 8.0 
-4 -5 0 4.726927136932334 10.132637493579837 
-4 -6 0 4.726927136932333 10.13263749357984 
-4 -7 0 3.3542486889354093 8.645751311064593 
-4 -8 0 3.3542486889354097 8.64575131106459 
-4 -9 0 2.0 2.0 
-3 -9 1 1.9999999999999998 1.9999999999999998 
-4 -10 0 2.0 2.0 
-3 -10 1 1.9999999999999998 1.9999999999999998 
