1 3 0 4.0 4.0 
2 3 0 4.0 4.0 
1 2 0 4.0 4.0 
2 2 0 4.0 4.0 
1 1 0 2.3150330246735162 10.23606797749979 
2 1 0 5.76393202250021 10.23606797749979 
1 0 0 2.31503302467352 10.23606797749979 
2 0 0 5.763932022500211 10.23606797749979 
1 -1 0 3.4688711258507254 11.999999999999996 
2 -1 0 10.0 10.0 
1 -2 0 3.468871125850726 11.999999999999998 
2 -2 0 10.0 10.0 
0 3 0 3.9999999999999996 4.0 
0 2 0 4.0 4.0 
0 1 1 2.0331960165794714 9.514136929335196 
0 0 1 2.033196016579473 9.514136929334061 
0 -1 1 1.2355942818485846 11.999999983977538 
0 -2 1 1.2355942818485846 11.999999973998385 
0 -3 0 0.8845051768957948 9.999999995816887 
1 -3 0 6.0 9.0 
0 -4 0 0.8845051768957977 9.999999995870937 
1 -4 0 6.0 9.0 
-1 3 0 4.0 4.0 
-1 2 0 4.0 4.0 
-1 1 0 2.0331960166435685 8.101385300870028 
-1 0 0 2.03319601657947 8.101385300870035 
-1 -1 0 0.9466979028068246 11.999999998447604 
-1 -2 0 0.946697902806887 11.99999998734222 
-1 -3 0 0.8845051768991115 11.428156017667762 
-1 -4 0 0.88450517775313 11.428156219012623 
-1 -5 0 1.3709381160127905 8.802040480033153 
0 -5 0 4.000000000000001 7.414213562373093 
-1 -6 0 1.3709381160127923 8.80204062866161 
0 -6 0 3.999999999999999 7.414213562373096 
-2 3 0 4.0 4.0 
-2 2 0 4.0 4.0 
-2 1 0 2.2434017461399325 7.7565982538600675 
-2 0 0 2.243401746139933 7.75659825386007 
-2 -1 0 0.9466979028070439 9.759205623451109 
-2 -2 0 0.9466979028074618 9.759205760494105 
-2 -3 1 1.1791259214131602 11.428155971216668 
-2 -4 1 1.179125921413163 11.428156219009326 
-2 -5 1 1.3709381160163219 9.224284359331701 
-2 -6 1 1.3709381161192662 9.22428446191092 
-2 -7 0 0.754818235126615 6.154206507360062 
-1 -7 0 2.5857864376269046 5.414213562373095 
-2 -8 0 0.7548182351266163 6.154206507360066 
-1 -8 0 2.585786437626906 5.414213562373095 
-3 1 0 6.0 6.000000000000001 
-3 0 0 6.0 6.0 
-3 -1 0 3.68769591675684 8.916139412956657 
-3 -2 0 3.687695916756838 8.916139412956657 
-3 -3 0 2.183501565487202 10.55334787137931 
-3 -4 0 2.1835015660533466 10.553347889984984 
-3 -5 0 1.3717698076029794 9.436010714004151 
-3 -6 0 1.3717698076041398 9.436010613477876 
-3 -7 0 0.7548182351266158 6.618033988749895 
-3 -8 0 0.754818235126615 6.618033988749892 
-3 -9 0 2.0 2.0 
-2 -9 0 2.0 2.0 
-3 -10 0 2.0 2.0 
-2 -10 0 2.0 2.0 
-4 -1 0 8.0 8.0 
-4 -2 0 8.0 8.0 
-4 -3 0 5.381966011250104 9.618033988749897 
-4 -4 0 5.381966011250104 9.618033988749893 
-4 -5 0 3.4982301510960814 9.436010714004155 
-4 -6 0 3.498230151096082 9.436010714004158 
-4 -7 0 2.3819660112501055 6.618033988749895 
-4 -8 0 2.381966011250106 6.618033988749895 
-4 -9 0 2.0 2.0 
-4 -10 0 2.0 2.0 
