1 3 0 2.0 2.0 
2 3 0 2.0 2.0 
1 2 0 2.0 2.0 
2 2 0 2.0 2.0 
1 1 0 0.7603817295069346 11.0 
2 1 0 3.0000000000000004 11.0 
1 0 0 0.7603817295069314 10.999999999999998 
2 0 0 3.0000000000000004 11.0 
1 -1 0 1.0690853357366645 12.000000000000007 
2 -1 0 8.0 8.0 
1 -2 0 1.069085335736664 12.000000000000004 
2 -2 0 8.0 8.0 
0 3 0 2.0 2.0 
0 2 0 2.0 2.0 
0 1 0 0.7603817295069334 10.582575694955837 
0 0 0 0.760381729506936 10.58257569495584 
0 -1 1 1.0690853357366632 11.999999997707874 
0 -2 1 1.0690853357366672 11.999999997586217 
0 -3 1 4.298437881283575 11.000000000000005 
1 -3 0 6.0 6.0 
0 -4 1 4.298437881283575 11.000000000000005 
1 -4 0 6.0 6.0 
-1 1 0 5.999999999999999 10.0 
-1 0 0 6.0 10.0 
-1 -1 0 1.8042884598775981 11.190597398212422 
-1 -2 0 1.8042884598775972 11.190597407504098 
-1 -3 0 0.8161724453594897 10.999999999990994 
-1 -4 0 0.8161724458175714 10.999999522655534 
-1 -5 0 1.4171741048777848 9.661600420368707 
0 -5 0 4.0 4.0 
-1 -6 0 1.417174104877783 9.661600420368709 
0 -6 0 4.0 4.0 
-2 1 0 6.0 6.000000000000001 
-2 0 0 6.0 6.0 
-2 -1 0 1.8205449452721736 10.283270902571967 
-2 -2 0 1.8205449452720808 10.283270902249823 
-2 -3 0 0.8161724440535769 10.395370453090786 
-2 -4 0 0.8161724440535782 10.395370243125791 
-2 -5 1 0.9555169823062537 9.661600420366911 
-2 -6 1 0.9555169823062553 9.661600289738738 
-3 1 0 6.0 6.0 
-3 0 0 5.999999999999999 6.0 
-3 -1 0 3.718570004621197 9.225356135863684 
-3 -2 0 3.7185700046209633 9.225356134237794 
-3 -3 0 2.04054028083917 9.750374407007602 
-3 -4 0 2.0405402805661974 9.750374406454691 
-3 -5 0 0.9555169824470543 9.255606537107079 
-3 -6 0 0.9555169823062593 9.255606537112529 
-3 -7 0 0.3202945768757304 8.132656413909391 
-2 -7 0 0.5857864376269049 7.999999999999998 
-3 -8 0 0.32029457687572965 8.13265641388655 
-2 -8 0 0.5857864376269042 8.000000000000002 
-4 1 0 6.0 6.0 
-4 0 0 6.0 6.0 
-4 -1 0 3.7639320225002098 8.23606797749979 
-4 -2 0 3.7639320225002093 8.23606797749979 
-4 -3 0 2.0722421399393927 9.257324116384147 
-4 -4 0 2.072242139939395 9.257324116384147 
-4 -5 0 0.9886940497989303 8.944326504923037 
-4 -6 0 0.9886940497989288 8.944326504923033 
-4 -7 0 0.3202945768757311 8.132656413914589 
-4 -8 0 0.32029457687572993 8.132656413914585 
-4 -9 1 0.5857864376269049 4.732050807568878 
-3 -9 1 0.585786437626906 4.732050807568877 
-4 -10 1 0.5857864376269046 4.732050807568876 
-3 -10 1 0.5857864376269051 4.732050807568877 
