5 15 0 3.0 3.0 
6 15 0 3.0 3.0 
5 14 0 3.0 3.0 
6 14 0 3.0 3.0 
5 13 0 1.6982271009550454 9.424572467164266 
6 13 0 3.2547795264468613 9.424572467164277 
5 12 0 1.6982271009550625 9.424572467164277 
6 12 0 3.2547795264468604 9.424572467164278 
5 11 0 2.036201217867809 13.59290048992417 
6 11 0 4.03903723046639 13.59290049002107 
5 10 0 2.0362012178222675 13.592900489993664 
6 10 0 4.039037230466392 13.592900490021066 
5 9 0 2.8208683386033786 16.204804181606303 
6 9 0 5.105689345569837 16.204043856851253 
5 8 0 2.820868338599235 16.204492947286997 
6 8 0 5.10568934556984 16.204043856851246 
5 7 0 3.9974782020099218 17.048403722185753 
6 7 0 6.8439362408832505 16.140969974377025 
5 6 0 3.997478201973091 17.048403722829345 
6 6 0 6.84393624088324 16.14096997437703 
5 5 0 5.412597184830578 16.83928572591527 
6 5 0 9.384237742694994 14.902927610728312 
5 4 0 5.412597184528036 16.839286510390334 
6 4 0 9.384237742694992 14.902927610728316 
5 3 0 7.209538060430576 14.999999999985777 
6 3 0 13.0 13.0 
5 2 0 7.209538060430587 14.999999999953394 
6 2 0 13.0 13.0 
4 15 0 3.0 3.0 
4 14 0 3.0 3.0 
4 13 0 0.9975793206111969 9.214453334059714 
4 12 0 0.9975793187447421 9.214453334056666 
4 11 0 0.7062310891831853 13.548920241641444 
4 10 0 0.706231088995543 13.54892024150757 
4 9 0 1.0244124873067484 16.204803904799068 
4 8 0 1.024412486970987 16.204804043076134 
4 7 0 1.472152562393305 17.922032505385307 
4 6 0 1.472152563559643 17.92188437674807 
4 5 0 2.5066060147418825 17.817536989155382 
4 4 0 2.506606014625751 17.81753679517023 
4 3 0 4.244656656904844 15.944070610072762 
4 2 0 4.244656645259843 15.944070815554612 
4 1 0 6.168839891682521 13.037093280312302 
5 1 0 10.000000000000002 12.0 
4 0 0 6.168839891682523 13.037093936249306 
5 0 0 9.999999999999998 12.0 
3 15 0 3.0 3.0 
3 14 0 3.0 3.0 
3 13 0 0.9975793187100332 8.156500278556434 
3 12 0 0.9975793187100288 8.156500278556436 
3 11 1 0.7062310889955181 12.804221592752587 
3 10 1 0.7062310889955172 12.804221445507196 
3 9 1 0.13724734026356586 16.07840604079701 
3 8 1 0.13724734026356514 16.078405972771957 
3 7 0 0.1851490989860707 17.922030934691655 
3 6 0 0.18514909897631288 17.922026772493734 
3 5 0 0.8609470287561126 18.763749217007128 
3 4 0 0.8609470287473036 18.763758064188174 
3 3 0 1.8656282334007892 16.9999992303842 
3 2 0 1.8656282368585129 16.999998799891838 
3 1 0 3.195025376977165 14.404422612886416 
3 0 0 3.1950253761567673 14.404422612830798 
3 -1 0 4.932852512318094 11.102898515563675 
4 -1 0 8.0 10.0 
3 -2 0 4.932852512318093 11.102898515563679 
4 -2 0 8.0 10.0 
2 13 0 3.152240934977426 6.847759065022572 
2 12 0 3.1522409349774265 6.847759065022573 
2 11 0 1.1529428392813537 11.159594004067765 
2 10 0 1.1529428392813972 11.15959402127337 
2 9 0 0.1372473402643245 15.164911388869376 
2 8 0 0.13724734026384194 15.164911085995406 
2 7 1 0.185149098966183 17.902084802343275 
2 6 1 0.18514909896618276 17.902086959905674 
2 5 1 0.3298509391363241 19.403564418964113 
2 4 1 0.32985093913632396 19.403309698590075 
2 3 0 0.7286008660404031 18.99999999883289 
2 2 0 0.7286008660167099 18.99999999747581 
2 1 0 2.5736707871634303 15.99999999534217 
2 0 0 2.5736707875793843 15.99999999859848 
2 -1 0 4.643938539716959 12.432637017097136 
2 -2 0 4.643938530776178 12.43263700706675 
2 -3 0 7.0 7.0 
3 -3 0 7.0 7.0 
2 -4 0 7.0 7.000000000000001 
3 -4 0 7.0 7.0 
1 11 0 3.405168662538687 10.172553683353472 
1 10 0 3.405168662538691 10.172553683353472 
1 9 0 1.4196156152236197 13.809927855490274 
1 8 0 1.4196156152443238 13.809927710535893 
1 7 0 0.6557251777225053 16.808527634245316 
1 6 0 0.6557251777136306 16.808528178132786 
1 5 0 0.32985093913641933 19.403564041424502 
1 4 0 0.3298509391364831 19.403564412165494 
1 3 0 0.7286008660421438 19.69533781705286 
1 2 0 0.7286008660278237 19.695337902069333 
1 1 0 2.345571981860174 16.655858814441718 
1 0 0 2.3455720060601175 16.655858194702017 
1 -1 0 4.0000000001556 14.018056606988884 
1 -2 0 4.000000000634539 14.018056614645657 
1 -3 0 6.999999999999999 7.000000000000001 
1 -4 0 7.0 7.000000000000001 
0 9 0 3.477051621607268 12.61336536334133 
0 8 0 3.477051621607281 12.613365351189573 
0 7 0 1.4319726797901753 15.752686018041604 
0 6 0 1.4319726800517054 15.752686622345365 
0 5 1 0.7687897750948709 18.608371843486836 
0 4 1 0.7687897750948741 18.608360729062195 
0 3 2 0.9920445598587005 19.791860616685735 
0 2 2 0.6156332230638124 19.791859662877354 
0 1 1 0.43376208847726944 18.25827858004422 
0 0 1 0.43376208847726716 18.258278566157237 
0 -1 0 0.9361733009680179 14.881179768349337 
0 -2 0 0.9361733007882211 14.881179765032094 
0 -3 0 3.000000000000001 8.0 
0 -4 0 3.0000000000000004 8.0 
-1 7 0 3.8132832951743043 13.999999996957127 
-1 6 0 3.8132832951743074 13.999999962612529 
-1 5 0 1.8587906108814565 16.99999999027333 
-1 4 0 1.8587906108873835 16.9999999070621 
-1 3 0 0.6156332232443872 19.79186060038421 
-1 2 0 0.6156332233048689 19.791838897566535 
-1 1 0 0.43376208847729575 19.09634738957626 
-1 0 0 0.43376208875109556 19.096346583144015 
-1 -1 0 0.9361733001241105 15.784868774483364 
-1 -2 0 0.9361733000214946 15.784868773292967 
-1 -3 0 3.0 8.0 
-1 -4 0 2.999999999999998 8.0 
-2 5 0 4.819713994200177 15.84607952169562 
-2 4 0 4.819713994200167 15.846079521695618 
-2 3 0 2.938883137219609 18.874539281599414 
-2 2 0 2.938883137219589 18.874539259947795 
-2 1 0 1.652990126150026 19.99999986704107 
-2 0 0 1.6529901261495765 19.99999999955208 
-2 -1 0 1.1904053360392908 16.9103460301959 
-2 -2 0 1.1904053361025508 16.91034600840888 
-2 -3 0 2.999999999999999 8.000000000000004 
-2 -4 0 2.9999999999999987 8.0 
-3 3 0 7.752696665724145 17.000000000000004 
-3 2 0 7.7526966657241445 17.000000000000004 
-3 1 0 4.613472908219339 19.999999963358544 
-3 0 0 4.61347290821934 19.999999999973262 
-3 -1 0 3.2588415746485015 18.4721359549981 
-3 -2 0 3.2588415746485038 18.472135954999477 
-3 -3 0 2.999999999999999 8.0 
-3 -4 0 2.9999999999999996 8.0 
-4 1 0 18.0 18.0 
-4 0 0 18.0 18.0 
-4 -1 0 9.527864045000419 18.47213595499958 
-4 -2 0 9.52786404500042 18.47213595499958 
-4 -3 0 8.0 8.0 
-4 -4 0 8.0 8.0 
