2 2 0 2.465929803277267 8.999999999999998 
3 2 0 9.0 9.0 
2 1 0 2.465929803277269 9.0 
3 1 0 9.0 9.0 
2 0 0 3.361661304502585 18.0 
3 0 0 18.0 18.0 
2 -1 0 3.3616613045025754 18.0 
3 -1 0 18.0 18.0 
1 2 0 0.4659298032772691 9.0 
1 1 0 0.46592980327726935 9.0 
1 0 0 0.37424645260183814 16.898565299748554 
1 -1 0 0.37424645260183453 16.898565550115944 
1 -2 0 0.9303090016865063 17.999999710378404 
2 -2 0 5.553246626665934 16.0 
1 -3 0 0.9303090016865054 17.99999979083201 
2 -3 0 5.553246626665932 16.000000000000004 
0 2 0 0.4659298032772688 8.05137424173104 
0 1 0 0.4659298032772687 8.051374241731038 
0 0 1 0.3742464526018273 15.77892042169362 
0 -1 1 0.37424645260182526 15.778920423503806 
0 -2 2 1.2060007471898186 17.999998903566436 
0 -3 2 0.9303090016864993 17.99999875245123 
0 -4 1 1.563709699984557 15.999999992580651 
1 -4 0 2.438740530695158 14.0 
0 -5 1 1.5637096999859494 15.999998863323858 
1 -5 0 2.4387405306951586 13.999999999999993 
-1 2 0 4.999999999999999 7.000000000000001 
-1 1 0 4.999999999999999 7.000000000000001 
-1 0 0 1.5706950310890715 13.913599438800034 
-1 -1 0 1.5706950310892858 13.913598976282474 
-1 -2 0 0.5033679195272749 17.826912529891356 
-1 -3 0 0.5033679195280363 17.826912726191914 
-1 -4 0 0.4077016508852319 17.511975918208748 
-1 -5 0 0.4077016508850214 17.511980176116467 
-1 -6 0 1.029228667453852 14.683242782396283 
0 -6 0 2.4104159836392327 12.771176529044816 
-1 -7 0 1.029228667451542 14.683242713141043 
0 -7 0 2.410415983639238 12.771177322131434 
-2 2 0 4.999999999999999 7.0 
-2 1 0 4.999999999999999 7.000000000000001 
-2 0 0 2.6887394495916492 13.082343103037505 
-2 -1 0 2.6887394493472736 13.082343103022783 
-2 -2 0 0.5033679195366096 15.999999988088376 
-2 -3 0 0.5033679195356587 15.999999990437491 
-2 -4 1 0.4077016508849862 17.999999451272476 
-2 -5 1 0.40770165088499377 17.999999999644672 
-2 -6 1 0.36990059470456527 15.538214858066718 
-2 -7 1 0.36990059470456765 15.538214289473887 
-2 -8 0 0.3133928046375389 12.47007094764171 
-1 -8 0 2.5670986630183936 10.549241456012844 
-2 -9 0 0.31339280458913865 12.470070947690122 
-1 -9 0 2.567098663018392 10.549241452185324 
-3 2 0 5.000000000000001 6.999999999999999 
-3 1 0 5.0 7.0 
-3 0 0 3.1850121966514946 11.776706031524892 
-3 -1 0 3.1850121966621185 11.776706031524881 
-3 -2 0 1.7818347690862684 14.498004268873506 
-3 -3 0 1.7818347692804823 14.49800433295636 
-3 -4 0 0.7291762424999438 17.999999999689326 
-3 -5 0 0.7291762423292272 17.999999999869058 
-3 -6 0 0.33140908680920733 16.924941778996192 
-3 -7 0 0.33140908681714576 16.924941767911605 
-3 -8 1 0.2941342331533891 13.967451962856629 
-3 -9 1 0.294134233153662 13.967451961455792 
-3 -10 1 0.5507671854106987 9.478776911831106 
-2 -10 0 2.20315741128078 7.732050807568877 
-3 -11 1 0.5507671854106962 9.47877691167908 
-2 -11 0 2.203157411280779 7.732050807568877 
-4 0 0 4.463370378794198 10.000000000000002 
-4 -1 0 4.463370378794197 10.0 
-4 -2 0 2.5003647166798006 13.703099644715312 
-4 -3 0 2.500364716717827 13.703099661067043 
-4 -4 0 1.0985315576421255 15.691422811532359 
-4 -5 0 1.0985315576421986 15.691422810864347 
-4 -6 0 0.3314090868317 16.92494177884926 
-4 -7 0 0.33140908680916 16.924941777204104 
-4 -8 1 0.2941342331533855 15.328636003565556 
-4 -9 1 0.2941342331533877 15.328635648768115 
-4 -10 2 1.0245899245681835 11.016668598939988 
-4 -11 2 1.0245899245681875 11.016668598863712 
-4 -12 1 2.0 5.0 
-3 -12 0 2.0000000000000004 4.0 
-4 -13 1 1.9999999999999993 5.0 
-3 -13 0 1.9999999999999998 4.0 
-5 -2 0 6.763932022500209 12.000000000000002 
-5 -3 0 6.763932022500213 12.0 
-5 -4 0 4.788811130754714 14.79717369120471 
-5 -5 0 4.7888111307546986 14.797172689132402 
-5 -6 0 3.3342809661028627 16.370077745839122 
-5 -7 0 3.3342809660898935 16.370077723191717 
-5 -8 0 2.2212848921457145 15.358898941123643 
-5 -9 0 2.2212848974611754 15.358898943241 
-5 -10 0 1.778167867430314 12.397827243436225 
-5 -11 0 1.778167867425944 12.397827243436266 
-5 -12 0 2.0000000000000013 5.0 
-5 -13 0 2.0 5.000000000000001 
-6 -4 0 14.0 14.0 
-6 -5 0 14.0 14.0 
-6 -6 0 8.602172756563736 15.574473106474642 
-6 -7 0 8.602172756563734 15.574473106474642 
-6 -8 0 6.641101056459325 15.358898943540675 
-6 -9 0 6.641101056459327 15.358898943540675 
-6 -10 0 5.425526893525358 12.397827243436268 
-6 -11 0 5.425526893525357 12.397827243436268 
-6 -12 0 5.0 5.0 
-6 -13 0 5.0 5.0 
