6 18 0 0.9999999999999989 4.0 
7 18 0 4.0 4.0 
6 17 0 1.0000000000000002 4.0 
7 17 0 4.0 4.0 
6 16 0 1.414049308004474 10.56155281280883 
7 16 0 5.0 10.56155281280883 
6 15 0 1.4140493080044765 10.56155281280883 
7 15 0 5.000000000000001 10.56155281280883 
6 14 0 1.976745261730077 12.959954322700417 
7 14 0 6.6277186767309875 12.372281323269014 
6 13 0 1.9767452637599852 12.959954322700582 
7 13 0 6.627718676730984 12.372281323269014 
6 12 0 3.1344031829714094 11.927981553768756 
7 12 0 11.0 11.0 
6 11 0 3.1344031829714107 11.927981553768754 
7 11 0 11.0 11.0 
5 18 0 1.0000000000000007 4.0 
5 17 0 0.9999999999999999 4.0 
5 16 1 1.100704165935094 9.782740933826386 
5 15 1 1.1007041659350931 9.782740933832796 
5 14 0 0.29118911570387895 12.959954322669313 
5 13 0 0.29118911570387873 12.959954303356712 
5 12 0 0.7191914461129125 13.99999998894197 
5 11 0 0.7191914461126196 13.999999999999607 
5 10 0 1.883920442197496 10.726259414573082 
6 10 0 4.875114580235423 9.761557181831892 
5 9 0 1.8839204421543156 10.726259414573697 
6 9 0 4.875114580235427 9.761557181831892 
4 18 0 3.0 3.0 
4 17 0 3.0 3.0 
4 16 0 1.1007041659350907 8.424111577917785 
4 15 0 1.1007041659350918 8.424111577917781 
4 14 0 0.29118911570388056 12.165667770021924 
4 13 0 0.29118911600402075 12.165667770029344 
4 12 1 0.7191914461124932 13.999999964657956 
4 11 1 0.7191914461124953 13.999999930196125 
4 10 0 0.7849082602852284 12.672415818351572 
4 9 0 0.7849082602466749 12.67241595820938 
4 8 0 2.068435712353076 9.168402353182696 
5 8 0 3.585786437626905 8.0 
4 7 0 2.0684357123530774 9.168402353182696 
5 7 0 3.5857864376269055 8.0 
3 16 0 3.0 6.999999999999999 
3 15 0 3.0 7.0 
3 14 0 0.735030568534001 10.999999999999984 
3 13 0 0.7350305685340188 10.99999997183624 
3 12 1 1.0866728158330519 13.711254082084436 
3 11 1 1.086672815833047 13.711078412499727 
3 10 0 0.5427971879299127 13.999999910345824 
3 9 0 0.5427971879383116 13.9999999999919 
3 8 0 0.7836708384241999 9.894390361442857 
3 7 0 0.7836708383945893 9.894390133680249 
3 6 0 4.0 4.0 
4 6 0 4.0 4.0 
3 5 0 4.0 4.0 
4 5 0 4.0 4.0 
2 14 0 4.999999999999998 9.0 
2 13 0 4.999999999999998 9.0 
2 12 0 2.030021523967904 12.999999997463528 
2 11 0 2.0300215239679025 12.99999999870467 
2 10 0 0.5427971879298945 13.99999999999451 
2 9 0 0.5427971879309624 13.999999257753982 
2 8 1 0.7836708383944853 12.797479082053139 
2 7 1 0.7836708383944851 12.797479067744689 
2 6 0 2.0000000000000004 4.0 
2 5 0 2.0 4.0 
1 12 0 7.0 11.0 
1 11 0 6.999999999999999 11.0 
1 10 0 2.30479110776198 13.091187109699568 
1 9 0 2.304791107761978 13.091187109699566 
1 8 0 0.6413464884735115 12.797479082054767 
1 7 0 0.641346488473514 12.797479082054782 
1 6 0 0.9535174901048294 9.522028631168505 
1 5 0 0.9535174901048304 9.522028631168503 
0 12 0 7.0 7.0 
0 11 0 7.0 7.0 
0 10 0 2.504641958700752 11.495358041299244 
0 9 0 2.504641958700752 11.495358041299248 
0 8 0 0.6413464884735129 11.97015599157526 
0 7 0 0.6413464884735135 11.970155991575256 
0 6 1 0.9535174901048299 9.522028631168503 
0 5 1 0.9535174901048301 9.522028631168503 
