3 9 0 0.9999999999999997 4.0 
4 9 0 4.0 4.0 
3 8 0 1.0 4.0 
4 8 0 4.0 4.0 
3 7 0 1.1515895068848228 10.828427124746193 
4 7 0 5.17157287525381 10.82842712474619 
3 6 0 1.151589506884819 10.828427124746188 
4 6 0 5.171572875253808 10.82842712474619 
3 5 0 1.8733869182759442 11.999999999999998 
4 5 0 10.0 10.0 
3 4 0 1.8733869182759462 11.999999999999998 
4 4 0 10.0 10.0 
2 9 0 0.9999999999999997 3.9999999999999996 
2 8 0 0.9999999999999996 4.0 
2 7 1 1.151589506884821 10.055826043809484 
2 6 1 1.1515895068848208 10.055826042605062 
2 5 1 0.9098628750674663 11.99999999581557 
2 4 1 0.9098628750674662 11.99999999800799 
2 3 0 0.5987809222034332 10.771678515901423 
3 3 0 3.875114580235426 8.761557181831886 
2 2 0 0.5987809222034446 10.77167851363441 
3 2 0 3.875114580235424 8.76155718183189 
1 9 0 3.0 3.0 
1 8 0 3.0 3.0 
1 7 0 1.4568853657967444 8.73994145476066 
1 6 0 1.4568853657967404 8.739941454760658 
1 5 0 0.737864973523327 11.676790529120419 
1 4 0 0.7378649736174014 11.676790526474528 
1 3 0 0.598780922210521 11.804655930380807 
1 2 0 0.5987809222036586 11.804655930479207 
1 1 0 1.1056412985865973 8.468675579040138 
2 1 0 2.5857864376269046 6.999999999999999 
1 0 0 1.1056412985866 8.468675579040145 
2 0 0 2.585786437626905 7.0 
0 7 0 2.2019808294522414 6.450296206346291 
0 6 0 2.201980829452243 6.450296206346292 
0 5 0 0.7378649735012105 10.999999811326783 
0 4 0 0.7378649735017886 10.999999953319799 
0 3 1 0.887634720490971 11.804655925129632 
0 2 1 0.8876347204909723 11.80465542972683 
0 1 1 0.9399604757859118 10.361407717563534 
0 0 1 0.9399604757859126 10.361407601899073 
0 -1 0 0.5188056959079844 4.170086486626033 
1 -1 0 3.0 3.0 
0 -2 0 0.518805695907984 4.170086486626034 
1 -2 0 3.0 3.0 
-1 5 0 2.919395599429073 8.809785920127421 
-1 4 0 2.9193955994290723 8.809785920127418 
-1 3 0 1.6128022890396798 11.650383381014318 
-1 2 0 1.61280228903968 11.650383381014326 
-1 1 0 0.939960475785912 11.192582403567249 
-1 0 0 0.9399604757859138 11.192582403567249 
-1 -1 0 0.5188056959079846 4.999999999999999 
-1 -2 0 0.5188056959079848 5.000000000000001 
-2 3 0 11.0 11.0 
-2 2 0 11.0 11.0 
-2 1 0 5.807417596432748 11.192582403567252 
-2 0 0 5.807417596432749 11.192582403567252 
-2 -1 0 5.0 5.0 
-2 -2 0 5.0 5.0 
