3 3 0 2.798280335440416 9.999999999999996 
4 3 0 10.0 10.0 
3 2 0 2.798280335440409 9.999999999999998 
4 2 0 10.0 10.0 
3 1 0 4.021312380318324 19.999999999999993 
4 1 0 20.0 20.0 
3 0 0 4.021312380318334 19.999999999999996 
4 0 0 20.0 20.0 
2 3 0 0.9121241430954683 9.509202215784347 
2 2 0 0.9121241430954704 9.509202216775755 
2 1 0 1.0886733051889386 18.708833502192167 
2 0 0 1.0886733051889104 18.708833506466302 
2 -1 0 1.6686640212162807 19.99999999539903 
3 -1 0 6.520163398337195 18.0 
2 -2 0 1.6686640212160613 19.999999668735004 
3 -2 0 6.520163398337191 18.000000000000004 
1 3 0 0.9121241430954692 8.999999999999998 
1 2 0 0.912124143095467 9.000000000000005 
1 1 0 0.9550160700784807 17.24025733917023 
1 0 0 0.9550160700823798 17.240256426275014 
1 -1 0 1.0174928159341383 19.999999926725867 
1 -2 0 1.0174928156150034 19.9999997243297 
1 -3 0 1.7907158928117364 17.912690297786572 
2 -3 0 4.480405698585199 16.845947251395128 
1 -4 0 1.7907158983004479 17.9126927399657 
2 -4 0 4.480405698585259 16.845947259688863 
0 3 0 3.0 9.000000000000004 
0 2 0 2.9999999999999964 9.0 
0 1 1 0.9550160700775635 16.239112896128194 
0 0 1 0.9550160700775644 16.239112626883475 
0 -1 1 0.1526633600442412 19.686536124143192 
0 -2 1 0.15266336004423747 19.686535585147418 
0 -3 0 0.11311050212058787 19.788479796284708 
0 -4 0 0.11311050213252637 19.788479092410856 
0 -5 0 0.8295638811710913 16.649140307534285 
1 -5 0 2.8740768414593703 14.999999996913745 
0 -6 0 0.8295638810199025 16.64914010527217 
1 -6 0 2.8740768414450906 14.999999999910617 
-1 3 0 3.0000000000000004 8.67513087056665 
-1 2 0 2.999999999999999 8.675130870566647 
-1 1 0 1.2191441985701206 14.991378099634154 
-1 0 0 1.2191441995846084 14.991378106941362 
-1 -1 0 0.1526633600464838 17.825338660204743 
-1 -2 0 0.15266336004439301 17.825338697042245 
-1 -3 0 0.11311050212061154 19.999999962496165 
-1 -4 0 0.11311050212063996 19.999999972049086 
-1 -5 0 0.17882254706075584 17.626268122912975 
-1 -6 0 0.1788225470607362 17.626265459637832 
-1 -7 0 0.8703739003823395 14.67734480714275 
0 -7 0 2.4155798265291075 12.999999877715496 
-1 -8 0 0.8703739003692347 14.677344783302921 
0 -8 0 2.4155798266704207 12.999999343224156 
-2 3 0 5.0 8.0 
-2 2 0 4.999999999999999 8.0 
-2 1 0 2.9283714861206427 13.570951310248535 
-2 0 0 2.9283714808628436 13.570951310235918 
-2 -1 0 1.3714651556018758 16.46048139963281 
-2 -2 0 1.3714651536981144 16.46048236095911 
-2 -3 0 0.3115853627450581 19.99999998879307 
-2 -4 0 0.31158536274369747 19.99999998201603 
-2 -5 0 0.17882254709192355 19.258277974646926 
-2 -6 0 0.1788225470609632 19.258279996464115 
-2 -7 0 0.4764377074476306 16.02375842210347 
-2 -8 0 0.47643770818222425 16.02375842681566 
-2 -9 0 1.0824836836334732 12.22791448536696 
-1 -9 0 2.0879034448111735 10.393164828662584 
-2 -10 0 1.0824836836560634 12.227914436276826 
-1 -10 0 2.087903444812107 10.393164817251302 
-3 3 0 7.0 7.0 
-3 2 0 7.0 7.0 
-3 1 0 4.8624601390921605 12.392172396066398 
-3 0 0 4.862460139092163 12.392172396066393 
-3 -1 0 3.179996310477819 15.776123879904603 
-3 -2 0 3.179996309624418 15.776123644858455 
-3 -3 0 1.745271504367292 17.89473185976045 
-3 -4 0 1.7452715043641687 17.894733097465405 
-3 -5 0 0.5647646112149336 19.25827034587928 
-3 -6 0 0.5647646112773568 19.258279901162695 
-3 -7 0 0.47643770741723984 17.151789748838386 
-3 -8 0 0.4764377073806157 17.15179010205467 
-3 -9 0 0.7021386014434391 13.576757463884235 
-3 -10 0 0.7021386014433978 13.57675744327464 
-3 -11 0 1.6050938631687761 8.765736329368826 
-2 -11 0 2.440965249566624 7.371877569613281 
-3 -12 0 1.6050938631803822 8.765736329368663 
-2 -12 0 2.440965249566626 7.371877569613282 
-4 1 0 8.0 10.000000000000002 
-4 0 0 7.999999999999999 9.999999999999998 
-4 -1 0 5.545467508124248 13.999998993126006 
-4 -2 0 5.545467508134774 13.99999999999986 
-4 -3 0 3.530375916975813 16.999999999078355 
-4 -4 0 3.530375916980774 16.999999996831416 
-4 -5 0 1.9623976766588163 18.255220282678547 
-4 -6 0 1.9623976762671582 18.255214830527322 
-4 -7 0 1.0437872105801713 17.151789827434325 
-4 -8 0 1.043787210503953 17.15178989273479 
-4 -9 0 0.7021386014572003 14.503833203328268 
-4 -10 0 0.7021386014439956 14.503833184578392 
-4 -11 0 1.513537423851081 10.264316941009223 
-4 -12 0 1.5135374238510835 10.26431694100921 
-4 -13 0 3.0 3.0 
-3 -13 0 3.0 3.0 
-4 -14 0 3.0 3.0 
-3 -14 0 3.0 3.0 
-5 -1 0 9.999999999999998 11.999999999999998 
-5 -2 0 10.0 12.0 
-5 -3 0 6.8811372164802425 14.999999919424988 
-5 -4 0 6.881137216480245 14.999999990051633 
-5 -5 0 4.562291905290456 16.808484833475486 
-5 -6 0 4.562291922628516 16.80848482265646 
-5 -7 0 2.9480989409182863 17.07909460075792 
-5 -8 0 2.9480989409182747 17.079094362242188 
-5 -9 0 2.049264083262603 14.503833203388085 
-5 -10 0 2.0492640832626043 14.503833203393777 
-5 -11 0 1.5135374238510837 10.79128784747792 
-5 -12 0 1.5135374238510844 10.791287847477918 
-5 -13 0 2.9999999999999996 3.0000000000000004 
-5 -14 0 3.0 3.0 
-6 -3 0 13.0 13.0 
-6 -4 0 13.0 13.0 
-6 -5 0 9.230373198247376 15.255450520251518 
-6 -6 0 9.230373198247378 15.255450520251514 
-6 -7 0 7.217796019711167 15.971226483221175 
-6 -8 0 7.217796019711168 15.971226483221171 
-6 -9 0 5.032315629792764 14.311227715892898 
-6 -10 0 5.032315629792764 14.311227715892892 
-6 -11 0 3.585786437626904 10.79128784747792 
-6 -12 0 3.585786437626906 10.791287847477918 
-6 -13 0 3.0 3.0 
-6 -14 0 3.0 3.0 
