1 5 0 0.6570769172228299 4.813606502648332 
2 5 1 0.6570769172228299 4.81360650264833 
1 4 0 0.6570769172228298 4.813606502648331 
2 4 1 0.6570769172228305 4.813606502648333 
1 3 0 0.43636210766567896 6.999999999999998 
2 3 0 0.4363621076656779 6.924516418829584 
1 2 0 0.4363621076656807 7.000000000000002 
2 2 0 0.43636210766567773 6.924516418829585 
1 1 0 1.4530484824648853 7.197000575314244 
2 1 0 1.7117543887292628 6.288245611270737 
1 0 0 1.453048482464885 7.1970005753142425 
2 0 0 1.711754388729263 6.288245611270737 
1 -1 0 4.0 6.0 
2 -1 0 4.0 4.0 
1 -2 0 3.9999999999999996 6.000000000000001 
2 -2 0 4.0 4.0 
0 5 0 2.0 2.0 
0 4 0 2.0 2.0 
0 3 1 2.2679491924311224 7.0 
0 2 1 2.2679491924311224 7.000000000000001 
0 1 1 0.8040653534078022 7.999999999999999 
0 0 1 0.8040653534078004 8.0 
0 -1 0 0.5258063413896235 6.586874512018427 
0 -2 0 0.5258063413896239 6.586874512018426 
-1 3 0 3.0000000000000004 5.0 
-1 2 0 3.0 5.0 
-1 1 0 0.8040653534077992 8.000000000000002 
-1 0 0 0.804065353407803 7.999999999999998 
-1 -1 0 0.5258063413896241 7.23606797749979 
-1 -2 0 0.5258063413896249 7.236067977499789 
-1 -3 0 2.0 2.0 
0 -3 0 2.0 2.0 
-1 -4 0 2.0 2.0 
0 -4 0 2.0 2.0 
-2 1 0 6.0 6.0 
-2 0 0 6.0 6.0 
-2 -1 0 2.7639320225002098 7.23606797749979 
-2 -2 0 2.76393202250021 7.23606797749979 
-2 -3 0 2.0 2.0 
-2 -4 0 2.0 2.0 
