3 11 0 0.9999999999999996 3.0 
4 11 0 3.0 3.0 
3 10 0 1.0000000000000004 3.0 
4 10 0 3.0 3.0 
3 9 0 0.9999999999999986 8.124885419764576 
4 9 0 3.238442818168109 8.124885419764574 
3 8 0 0.9999999999999998 8.124885419764578 
4 8 0 3.238442818168109 8.124885419764574 
3 7 0 1.0000000000171356 10.124885419562593 
4 7 0 4.290724640563076 10.124885419764576 
3 6 0 1.000000000047924 10.124885419678613 
4 6 0 4.290724640563077 10.124885419764572 
3 5 0 1.2384428181681248 11.669854744651953 
4 5 0 6.290724640563076 10.903211925911553 
3 4 0 1.2384428181682288 11.669854744652058 
4 4 0 6.290724640563076 10.903211925911554 
3 3 0 2.290724640563078 10.999999999999991 
4 3 0 9.0 9.0 
3 2 0 2.290724640563077 11.0 
4 2 0 9.0 9.0 
2 11 0 1.0000000000000002 3.0 
2 10 0 1.0000000000000002 3.0 
2 9 0 0.5857864376269031 8.124885419764578 
2 8 0 0.5857864376269072 8.124885419764574 
2 7 0 0.5857864376306836 10.12488537521127 
2 6 0 0.5857864376280463 10.124885406621214 
2 5 0 0.5857864376269064 11.669854744652268 
2 4 0 0.5857864383053646 11.66985474465234 
2 3 0 0.8082037186725172 11.548447509995732 
2 2 0 0.808203718673267 11.548447374983963 
2 1 0 1.318669356395022 9.000000000000004 
3 1 0 4.999999999999999 7.0 
2 0 0 1.3186693563950216 9.000000000000005 
3 0 0 5.0 7.0 
1 9 0 0.5857864376269052 7.0 
1 8 0 0.5857864376269043 7.000000000000001 
1 7 1 0.585786437626905 10.124885357024434 
1 6 1 0.5857864376269055 10.124885419764572 
1 5 3 0.8082037186725181 11.669854744650657 
1 4 3 0.8082037186725157 11.669854744652202 
1 3 3 1.0000000000000016 11.999999999999993 
1 2 3 0.8082037186725142 12.0 
1 1 1 1.0000000000000013 9.548447566659917 
1 0 1 0.9999999999999966 9.548447551663884 
1 -1 0 1.000000000000001 5.999999999999999 
2 -1 0 3.0 5.0 
1 -2 0 0.9999999999999999 6.0 
2 -2 0 3.0 5.0 
0 7 0 1.8751145802354257 9.0 
0 6 0 1.8751145802354259 8.999999999999998 
0 5 0 1.158715788943463 11.669854737016946 
0 4 0 1.1587157888314037 11.669854730754377 
0 3 0 1.0000000000001033 11.999999946947547 
0 2 0 1.0000000000000324 11.999999954309173 
0 1 0 1.0000000002929343 9.999999999736216 
0 0 0 1.0000000000183167 9.999999999808097 
0 -1 0 0.9999999999999997 6.0 
0 -2 0 1.0000000000000002 6.0 
-1 5 0 5.875114580235425 10.76155718183189 
-1 4 0 5.875114580235424 10.761557181831888 
-1 3 0 3.8751145802354263 12.000000000000002 
-1 2 0 3.8751145802354228 12.000000000000007 
-1 1 0 3.1587157888314046 9.999999999999998 
-1 0 0 3.1587157888314037 9.999999999999998 
-1 -1 0 2.9999999999999996 6.000000000000001 
-1 -2 0 2.9999999999999996 6.0 
-2 3 0 12.0 12.0 
-2 2 0 12.0 12.0 
-2 1 0 7.999999999999999 10.0 
-2 0 0 8.0 10.0 
-2 -1 0 6.0 6.0 
-2 -2 0 6.0 6.0 
