2 2 0 4.0 6.000000000000001 
3 2 0 6.0 6.0 
2 1 0 3.9999999999999996 6.0 
3 1 0 6.0 6.0 
2 0 0 4.15205757658862 15.000000000000005 
3 0 0 8.999999999999998 15.0 
2 -1 0 4.152057576588619 14.999999999999998 
3 -1 0 9.000000000000002 15.0 
2 -2 0 5.009360402784582 17.999999999999993 
3 -2 0 15.0 15.0 
2 -3 0 5.00936040278458 18.0 
3 -3 0 15.0 15.0 
1 2 0 3.9999999999999982 6.000000000000001 
1 1 0 3.999999999999999 6.000000000000001 
1 0 0 1.3507146693427174 14.004603817081595 
1 -1 0 1.3507146692820986 14.004603818495243 
1 -2 0 2.1810572469258864 17.999999997195133 
1 -3 0 2.181057250545627 17.9999999728096 
1 -4 0 2.8265262404445157 15.999999995330406 
2 -4 0 10.267949192431123 14.000000000000002 
1 -5 0 2.82652624034983 15.999999998148166 
2 -5 0 10.267949192431121 13.999999999999998 
0 2 0 3.999999999999999 6.000000000000001 
0 1 0 3.9999999999999987 6.000000000000001 
0 0 1 1.350714669260027 13.154182892454662 
0 -1 1 1.3507146692600276 13.154182892581781 
0 -2 1 0.37640796001793403 17.39414090349734 
0 -3 1 0.3764079600179301 17.394140826978724 
0 -4 0 0.3271639113787854 17.77018299445543 
0 -5 0 0.32716391138522743 17.770182969890968 
0 -6 0 1.3127876511973122 14.999999820301548 
1 -6 0 6.267949192431124 12.732050807568877 
0 -7 0 1.3127876512400676 14.999999500171825 
1 -7 0 6.267949192431123 12.732050807568879 
-1 2 0 3.9999999999999996 6.0 
-1 1 0 4.0 6.000000000000001 
-1 0 0 1.9555877026071995 12.980913217624687 
-1 -1 0 1.9555877027065427 12.980913215822742 
-1 -2 0 0.37640796001798166 15.739272031428765 
-1 -3 0 0.37640796001796545 15.739270834655736 
-1 -4 0 0.3271639114375543 17.999999947031018 
-1 -5 0 0.32716391141414697 17.999999780215724 
-1 -6 0 0.5187859627245035 15.857766263973923 
-1 -7 0 0.5187859628610993 15.857767033920899 
-1 -8 0 1.6595553148633129 13.568351834301875 
0 -8 0 4.85373563005803 11.14626436994197 
-1 -9 0 1.6595553148426387 13.568351823313607 
0 -9 0 4.853735630058028 11.14626436994197 
-2 2 0 4.000000000000001 6.0 
-2 1 0 4.0 6.0 
-2 0 0 2.225562541816255 11.627890540989986 
-2 -1 0 2.225562541812736 11.627890542464232 
-2 -2 0 0.9454803867819139 14.368621066846966 
-2 -3 0 0.9454803867813995 14.368621479698264 
-2 -4 1 0.7662720963848669 17.99999999991996 
-2 -5 1 0.7662720963848723 17.99999999924113 
-2 -6 1 0.4601872905841843 17.50363439786861 
-2 -7 1 0.46018729058418834 17.503634342810145 
-2 -8 0 0.2491291462987126 14.736919425996014 
-2 -9 0 0.24912914636772263 14.736919253285347 
-2 -10 0 1.2430674144163778 11.000095608494185 
-1 -10 0 3.5857864376269037 8.414213562373096 
-2 -11 0 1.2430674159551929 11.000095562731287 
-1 -11 0 3.5857864376269046 8.414213562373094 
-3 0 0 4.697224362268005 9.999999999999996 
-3 -1 0 4.69722436226801 10.0 
-3 -2 0 2.9655283913262855 13.53935233574279 
-3 -3 0 2.965528391328399 13.539352730340742 
-3 -4 0 1.5956183897998715 15.695628724688778 
-3 -5 0 1.5956183938568411 15.69562827114914 
-3 -6 0 0.4601872905849753 17.5036337590806 
-3 -7 0 0.4601872906101689 17.50363431864985 
-3 -8 0 0.2491291463089946 15.423249051808222 
-3 -9 0 0.24912914630638616 15.423249455245692 
-3 -10 0 0.5490230885245408 13.084639722898986 
-3 -11 0 0.5490230884999489 13.084639844862163 
-3 -12 0 1.62759915430542 7.980641852066078 
-2 -12 0 3.0000000000000004 5.0 
-3 -13 0 1.6275991543054202 7.9806418520660785 
-2 -13 0 2.9999999999999996 5.0 
-4 0 0 7.0 7.0 
-4 -1 0 7.0 7.0 
-4 -2 0 4.564344855387913 12.000000000000002 
-4 -3 0 4.564344855387907 12.000000000000005 
-4 -4 0 2.941962807015234 14.821940320278925 
-4 -5 0 2.941962807016291 14.821940321242979 
-4 -6 0 1.905768507727033 16.214197007169417 
-4 -7 0 1.9057685077396134 16.214238295756708 
-4 -8 0 0.8960784074541019 15.45151210347477 
-4 -9 0 0.8960784074536939 15.451512107737269 
-4 -10 0 0.5490230884746512 13.444873685718267 
-4 -11 0 0.5490230884747008 13.44487372001786 
-4 -12 0 0.9794140825153191 10.082125354524955 
-4 -13 0 0.9794140825153217 10.082125354524948 
-5 -2 0 9.0 9.0 
-5 -3 0 9.0 9.0 
-5 -4 0 5.057671487323825 13.999999999999998 
-5 -5 0 5.057671487323826 14.000000000000004 
-5 -6 0 3.386713207385722 15.42005446914063 
-5 -7 0 3.3867131959914145 15.420054469141176 
-5 -8 0 2.2821200788283993 15.451512013119508 
-5 -9 0 2.282120078950944 15.451512110835004 
-5 -10 0 1.4654157252342936 13.536311467956065 
-5 -11 0 1.4654157252274922 13.536311536284108 
-5 -12 0 0.9794140825153212 10.133287058394355 
-5 -13 0 0.9794140825153215 10.13328705839435 
-5 -14 0 2.0 2.0 
-4 -14 0 2.0 2.0 
-5 -15 0 2.0 2.0 
-4 -15 0 2.0 2.0 
-6 -4 0 11.0 11.0 
-6 -5 0 11.0 11.0 
-6 -6 0 7.0364731833231 13.884409809692256 
-6 -7 0 7.036473183323102 13.884409809692254 
-6 -8 0 4.709182467596168 14.895710145617066 
-6 -9 0 4.709182467596168 14.895710145617064 
-6 -10 0 3.168792214073204 13.536311536940698 
-6 -11 0 3.168792214073204 13.536311536940703 
-6 -12 0 2.3251605685183367 10.133287058394355 
-6 -13 0 2.3251605685183376 10.133287058394352 
-6 -14 0 2.0 2.0 
-6 -15 0 2.0 2.0 
