1 5 0 2.0 2.0 
2 5 0 2.0 2.0 
1 4 0 2.0 2.0 
2 4 0 2.0 2.0 
1 3 0 1.241586742165085 7.741991081961943 
2 3 0 2.243781952334474 7.74199108196194 
1 2 0 1.2415867421650864 7.741991081961944 
2 2 0 2.2437819523344738 7.741991081961941 
1 1 0 1.4722374348361393 10.112301579501768 
2 1 0 3.2320332376820153 9.943350140805132 
1 0 0 1.472237434836139 10.112301579501771 
2 0 0 3.232033237682016 9.943350140805135 
1 -1 0 2.0197064372720357 11.109079644856184 
2 -1 0 4.8180566639476075 9.588363990685105 
1 -2 0 2.0197064372707447 11.109079645221495 
2 -2 0 4.818056663947607 9.588363990685107 
1 -3 0 3.4049588298898463 10.0 
2 -3 0 8.0 8.0 
1 -4 0 3.4049588298898468 10.000000000000002 
2 -4 0 8.0 8.0 
0 5 0 2.0 2.0 
0 4 0 2.0 2.0 
0 3 1 1.2415867421650868 6.9398691435627144 
0 2 1 1.2415867421650864 6.9398691435627144 
0 1 2 0.5604657004525854 10.112301579485885 
0 0 2 0.5604657004525844 10.112301579501525 
0 -1 1 0.3884008161581364 11.48054045939546 
0 -2 1 0.3884008161581354 11.480540769744035 
0 -3 0 0.4790048211978992 10.594995658364885 
0 -4 0 0.47900482118818594 10.59499565836828 
0 -5 0 1.9175982391233999 8.04199460692786 
1 -5 0 6.0 6.0 
0 -6 0 1.9175982391233983 8.04199460692786 
1 -6 0 6.0 6.0 
-1 3 0 2.585786437626905 5.414213562373096 
-1 2 0 2.585786437626905 5.414213562373095 
-1 1 0 0.5604657004527223 8.988722500192708 
-1 0 0 0.5604657004526513 8.98872250019316 
-1 -1 0 0.38840081615851973 11.480540747031213 
-1 -2 0 0.38840081616026456 11.480540708940378 
-1 -3 0 0.4790048211786416 11.259574499398807 
-1 -4 0 0.479004821178643 11.259574288694296 
-1 -5 0 1.8055197848353801 9.048841859700818 
-1 -6 0 1.8055197848353794 9.048841859630112 
-1 -7 0 4.0 4.0 
0 -7 0 4.0 4.0 
-1 -8 0 3.9999999999999996 4.0 
0 -8 0 4.0 4.0 
-2 1 0 4.0 7.414213562373095 
-2 0 0 4.0 7.414213562373097 
-2 -1 0 1.791105281516232 10.999999956089084 
-2 -2 0 1.7911052815206365 10.999999914399536 
-2 -3 0 1.2377079884812612 11.999999999870678 
-2 -4 0 1.237707986816106 11.999999999999632 
-2 -5 0 1.8055197856147265 9.646582300607932 
-2 -6 0 1.8055197859025107 9.64658230060793 
-2 -7 0 4.0 4.0 
-2 -8 0 3.9999999999999996 4.0 
-3 -1 0 6.0 9.0 
-3 -2 0 6.0 9.0 
-3 -3 0 3.1158271156999846 11.999999999999998 
-3 -4 0 3.115827115699984 12.0 
-3 -5 0 2.268242032543354 10.236067977499792 
-3 -6 0 2.2682420325433545 10.236067977499792 
-3 -7 0 4.0 4.0 
-3 -8 0 3.9999999999999996 4.0 
-4 -3 0 10.0 10.0 
-4 -4 0 10.0 10.0 
-4 -5 0 5.763932022500212 10.23606797749979 
-4 -6 0 5.763932022500209 10.236067977499788 
-4 -7 0 4.0 4.0 
-4 -8 0 4.0 4.0 
