2 4 0 2.0 2.0 
3 4 0 2.0 2.0 
2 3 0 2.0 2.0 
3 3 0 2.0 2.0 
2 2 0 0.6212432477844244 10.990429596953673 
3 2 0 4.207116242698339 10.990429596953673 
2 1 0 0.6212432477844226 10.990429596953666 
3 1 0 4.207116242698336 10.990429596953671 
2 0 0 1.3966614273006166 15.852231280901465 
3 0 0 5.986465965356047 15.29811075917646 
2 -1 0 1.3966614244659232 15.85223128090356 
3 -1 0 5.986465965356045 15.29811075917646 
2 -2 0 3.587136400676793 17.447166194649846 
3 -2 0 8.701306396082154 15.709339041566942 
2 -3 0 3.5871364007056066 17.44716620231313 
3 -3 0 8.701306396082154 15.709339041566942 
2 -4 0 5.936302029328444 14.550880353299695 
3 -4 0 12.0 12.0 
2 -5 0 5.936302029328446 14.550880353299702 
3 -5 0 12.0 12.0 
1 4 0 2.0 2.0 
1 3 0 2.0 2.0 
1 2 0 0.6212432477844173 9.995724718975556 
1 1 0 0.6212432477844215 9.995724718975554 
1 0 0 0.682360031288821 15.852231197929981 
1 -1 0 0.6823600312889491 15.852231280012456 
1 -2 0 0.540016760749176 19.39777483045122 
1 -3 0 0.5400167607602564 19.39777535566891 
1 -4 0 3.2205600534840375 16.999999995286107 
1 -5 0 3.2205600534823877 16.99999998867262 
1 -6 0 5.203119711052238 13.0 
2 -6 0 9.0 11.0 
1 -7 0 5.203119711052236 13.000000000000002 
2 -7 0 9.0 11.0 
0 2 0 1.4246676491270651 9.403088014555765 
0 1 0 1.4246676491270653 9.403088014555767 
0 0 1 0.6823600312886507 14.126607133461626 
0 -1 1 0.6823600312886511 14.126607134720928 
0 -2 1 0.331721468488113 19.397775433839577 
0 -3 1 0.33172146848811623 19.397773876694195 
0 -4 0 0.1428242218046212 19.99999999946125 
0 -5 0 0.14282422180459173 19.99999999933092 
0 -6 0 3.3672488338084947 14.999999989152274 
0 -7 0 3.3672488359342974 14.999999977117602 
0 -8 0 5.999999999999999 10.0 
1 -8 0 8.0 8.0 
0 -9 0 5.999999999999999 9.999999999999998 
1 -9 0 8.0 8.0 
-1 2 0 4.0 4.0 
-1 1 0 4.0 4.0 
-1 0 0 1.383550443900925 13.089863458452642 
-1 -1 0 1.3835504439233481 13.089863340104449 
-1 -2 0 0.3317214684883921 17.550556911896205 
-1 -3 0 0.33172146848865186 17.55055714106365 
-1 -4 0 0.1428242218080295 19.99999991974962 
-1 -5 0 0.14282422180522036 19.999999719340067 
-1 -6 0 0.3449267723289998 17.999998532528693 
-1 -7 0 0.34492677232907826 17.999998790986503 
-1 -8 0 3.142784865010987 12.978525059021669 
-1 -9 0 3.1427848604968913 12.978524304438814 
-2 0 0 2.744376870859523 10.872538457665506 
-2 -1 0 2.744376870859519 10.872538457665508 
-2 -2 0 0.8850466201076949 15.698367702517963 
-2 -3 0 0.8850466204357432 15.698367461580041 
-2 -4 2 0.4932544987145607 19.999999415901083 
-2 -5 2 0.4932544987145599 19.999999509965157 
-2 -6 2 0.3449267723288985 19.838363588667466 
-2 -7 2 0.3449267723289015 19.838361425694394 
-2 -8 0 0.1271639783626151 15.679697127391035 
-2 -9 0 0.12716397836080306 15.6796972086378 
-2 -10 0 3.0000000000000004 9.561552812808825 
-1 -10 0 6.0 6.0 
-2 -11 0 3.0000000000000004 9.56155281280883 
-1 -11 0 6.0 6.0 
-3 0 0 6.0 6.0 
-3 -1 0 6.0 6.0 
-3 -2 0 3.394875406503382 13.659517918520654 
-3 -3 0 3.394875386410531 13.659517914375083 
-3 -4 0 1.1704060766121007 17.895338845137243 
-3 -5 0 1.1704060762475372 17.895349783205674 
-3 -6 0 0.22612893307955756 19.999999449551154 
-3 -7 0 0.22612893308103135 19.99999848354569 
-3 -8 0 0.1271639783608836 17.616446681917317 
-3 -9 0 0.12716397836179166 17.6164481253601 
-3 -10 0 0.21082277959934725 12.664006997478369 
-3 -11 0 0.21082277953241768 12.664007002355286 
-4 -2 0 4.787955413774834 11.573690674581366 
-4 -3 0 4.787955413774831 11.573690674581364 
-4 -4 0 2.3317120160828084 15.886739678216404 
-4 -5 0 2.3317120161131135 15.88673954165915 
-4 -6 0 0.712676289278028 19.999999952491628 
-4 -7 0 0.7126762894755836 19.99999997110167 
-4 -8 1 0.27641610932078486 19.012972298787073 
-4 -9 1 0.2764161093207833 19.01297107800118 
-4 -10 1 0.2108227795324135 15.12353243787892 
-4 -11 1 0.2108227795324165 15.12353253056878 
-4 -12 0 0.1722782557522439 9.356712410443786 
-3 -12 0 4.0 4.0 
-4 -13 0 0.17227825575039865 9.356712410443787 
-3 -13 0 4.0 4.0 
-5 -2 0 6.585786437626904 9.414213562373094 
-5 -3 0 6.585786437626907 9.414213562373094 
-5 -4 0 4.437263364932042 13.848774118060717 
-5 -5 0 4.437263364931422 13.848774118057957 
-5 -6 0 2.6571117176645203 17.999999999924373 
-5 -7 0 2.657111719862496 17.999999999972015 
-5 -8 0 1.293014883039243 19.012972296899633 
-5 -9 0 1.2930148827523438 19.012969815933733 
-5 -10 0 0.4727234362355614 16.707040804497424 
-5 -11 0 0.4727234362354112 16.70704076444487 
-5 -12 0 0.17227825575015498 11.667287454260135 
-5 -13 0 0.1722782557502728 11.66728745376775 
-6 -4 0 7.4384471871911675 11.999999999999996 
-6 -5 0 7.43844718719117 12.000000000000002 
-6 -6 0 5.211031039847595 15.999999997540689 
-6 -7 0 5.211031039847584 15.999999999718865 
-6 -8 0 3.342258575876971 17.615724452490042 
-6 -9 0 3.3422585758786343 17.615724456514272 
-6 -10 0 2.1051802638465595 16.70704079526957 
-6 -11 0 2.105180263903465 16.70704079748759 
-6 -12 0 1.277717908485782 13.155973014904887 
-6 -13 0 1.2777179082225711 13.155973014904891 
-6 -14 0 0.585786437626905 3.9999999999999996 
-5 -14 0 0.5857864376269051 3.414213562373095 
-6 -15 0 0.5857864376269046 4.0 
-5 -15 0 0.5857864376269049 3.414213562373096 
-7 -6 0 14.0 14.0 
-7 -7 0 14.0 14.0 
-7 -8 0 8.970678389201373 16.24659081736265 
-7 -9 0 8.970678389201376 16.246590817362645 
-7 -10 0 6.763954079793822 16.178522459477755 
-7 -11 0 6.763954079793824 16.17852245947776 
-7 -12 0 5.072676183638767 13.155973014904884 
-7 -13 0 5.072676183638768 13.155973014904887 
-7 -14 0 4.0 4.0 
-7 -15 0 4.0 4.0 
