0 2 0 1.0 1.0 
1 2 0 1.0 1.0 
0 1 0 1.0 1.0 
1 1 0 1.0 1.0 
0 0 1 1.2534317530042824 7.201472338219241 
1 0 0 1.253431753004283 7.201472338219242 
0 -1 1 1.2534317530042824 7.201472338219239 
1 -1 0 1.2534317530042818 7.201472338219241 
0 -2 1 1.6072245818725945 9.683382701070252 
1 -2 0 2.8586638843446357 8.626198068527293 
0 -3 1 1.6072245818725923 9.683382701070247 
1 -3 0 2.858663884344636 8.626198068527293 
0 -4 0 1.1078141211367787 8.0 
1 -4 0 6.0 6.0 
0 -5 0 1.107814121136778 8.0 
1 -5 0 6.0 6.0 
-1 0 0 3.0 7.0 
-1 -1 0 2.9999999999999996 7.0 
-1 -2 0 0.8416449057674392 9.683382701051226 
-1 -3 0 0.8416449058038022 9.683382701070231 
-1 -4 0 1.1078141211367776 9.999999999999995 
-1 -5 0 1.107814121136777 10.000000000000004 
-1 -6 0 3.267949192431123 6.7320508075688785 
0 -6 0 4.0 4.0 
-1 -7 0 3.2679491924311233 6.732050807568878 
0 -7 0 4.0 4.0 
-2 0 0 3.0 3.0 
-2 -1 0 3.0 3.0000000000000004 
-2 -2 0 0.841644905767381 9.0 
-2 -3 0 0.8416449057673809 9.0 
-2 -4 2 1.2718281134251332 9.999999996890867 
-2 -5 2 1.2718281134251406 9.999999998606606 
-2 -6 2 2.4745724391564816 8.828427124746185 
-2 -7 2 2.474572439156482 8.82842712474619 
-3 -2 0 5.0 7.000000000000001 
-3 -3 0 4.999999999999999 7.0 
-3 -4 0 1.9999999999999984 9.141336115655362 
-3 -5 0 2.0000000000000018 9.141336115655363 
-3 -6 0 0.6506530819031251 8.828427124746199 
-3 -7 0 0.6506530819031232 8.828427124746192 
-3 -8 0 1.17157287525381 6.82842712474619 
-2 -8 0 2.0 2.0 
-3 -9 0 1.1715728752538097 6.82842712474619 
-2 -9 0 2.0 2.0 
-4 -2 0 5.0 5.0 
-4 -3 0 5.0 5.0 
-4 -4 0 1.9999999999999996 8.0 
-4 -5 0 2.0000000000000004 8.0 
-4 -6 0 0.6506530819031237 7.7167431606028325 
-4 -7 0 0.6506530819031234 7.716743160602833 
-4 -8 1 1.17157287525381 6.828427124746191 
-4 -9 1 1.17157287525381 6.828427124746192 
