3 5 0 1.8299135133739661 6.000000000000001 
4 5 0 6.0 6.0 
3 4 0 1.829913513373968 6.000000000000001 
4 4 0 6.0 6.0 
3 3 0 2.7671463352349357 14.976012707672915 
4 3 0 7.875215932627588 14.97601270784883 
3 2 0 2.767146345958537 14.976012707846154 
4 2 0 7.8752159326275875 14.976012707848826 
3 1 0 3.8447042125279336 18.343071852787016 
4 1 0 10.215659354066664 17.39519208150932 
3 0 0 3.844704212527936 18.343075175713636 
4 0 0 10.215659354066664 17.39519208150932 
3 -1 0 5.785533582745286 17.999999986450216 
4 -1 0 16.0 16.0 
3 -2 0 5.785533582717757 17.999999990229046 
4 -2 0 16.0 16.0 
2 5 0 1.8299135133739661 5.999999999999999 
2 4 0 1.829913513373966 5.999999999999999 
2 3 0 0.7895799580411245 14.83516230101915 
2 2 0 0.7895799580411428 14.835162301099157 
2 1 0 1.3258555132857937 18.343075100390028 
2 0 0 1.3258555155344764 18.343075177245044 
2 -1 0 2.2088814285125196 19.99999999797639 
2 -2 0 2.2088814280925004 19.999999971585773 
2 -3 0 4.039511911999172 15.999998950227006 
3 -3 0 8.255173922318072 14.0 
2 -4 0 4.039511912003968 15.999999640324173 
3 -4 0 8.255173922318072 14.0 
1 5 0 1.8299135133739672 5.481194304092017 
1 4 0 1.829913513373966 5.481194304092015 
1 3 0 0.7895799593110474 13.342185455256246 
1 2 0 0.7895799581197447 13.342185406271707 
1 1 0 0.49367758073450285 17.263591038546732 
1 0 0 0.493677580691547 17.26359105073213 
1 -1 0 0.6777271900190064 19.99999999719376 
1 -2 0 0.6777271901571859 19.99999973991328 
1 -3 0 1.5763795578196458 17.99999987729281 
1 -4 0 1.576379557774977 17.999999603372586 
1 -5 0 2.770225923131437 13.999996882314175 
2 -5 0 6.2551739223180745 12.000000000000002 
1 -6 0 2.7702259228247117 13.999999343005426 
2 -6 0 6.255173922318076 12.0 
0 5 0 2.9999999999999996 5.0 
0 4 0 2.9999999999999996 4.999999999999999 
0 3 0 1.2474018939065612 12.335233177721895 
0 2 0 1.2474018933484647 12.335233177671071 
0 1 1 0.49367758064883266 16.22654340363616 
0 0 1 0.4936775806488296 16.22654344449801 
0 -1 2 0.677727189990689 19.452422995235057 
0 -2 2 0.6777271899906837 19.45242300189446 
0 -3 1 0.21337758360842562 19.999999641585173 
0 -4 1 0.21337758360841907 19.999998822250948 
0 -5 0 1.0808609596016594 15.999999367568211 
0 -6 0 1.0808609570597045 15.999999974752063 
0 -7 0 2.5235029063044983 11.999999860182504 
1 -7 0 5.08427697451702 10.0 
0 -8 0 2.523502906304946 11.999999999999972 
1 -8 0 5.084276974517018 10.000000000000002 
-1 3 0 3.671469161060244 10.211737684580896 
-1 2 0 3.6714691610602443 10.211737684580898 
-1 1 0 1.7838075993033664 14.6790224503258 
-1 0 0 1.783807599534847 14.679022492200309 
-1 -1 0 0.7613880544225506 17.786602703199787 
-1 -2 0 0.7613880573227253 17.786602790112106 
-1 -3 0 0.21337758360867906 19.999999058136286 
-1 -4 0 0.21337758360845996 19.99999996847219 
-1 -5 0 0.892249213978012 17.73427008008878 
-1 -6 0 0.8922492140528248 17.73427003826999 
-1 -7 0 1.7887820803547974 13.984777883414486 
-1 -8 0 1.78878208044504 13.984778095195184 
-1 -9 0 3.4920972286234417 9.813606502648332 
0 -9 0 5.0 7.0 
-1 -10 0 3.492097228623442 9.81360650264833 
0 -10 0 5.0 7.0 
-2 3 0 4.999999999999999 7.0 
-2 2 0 5.000000000000001 7.0 
-2 1 0 2.584585381215717 13.28420098025316 
-2 0 0 2.584585381213207 13.284201008992538 
-2 -1 0 1.1358890049643846 16.631840481216706 
-2 -2 0 1.135889005095177 16.631841461526736 
-2 -3 1 0.22514444896029343 19.99999982642552 
-2 -4 1 0.22514444896029137 19.99999896479363 
-2 -5 2 0.48498826921081306 19.47604525649479 
-2 -6 2 0.8922492139502687 19.476046859134378 
-2 -7 1 0.4779989847405317 15.54933390186869 
-2 -8 1 0.4779989847405316 15.54933344899727 
-2 -9 0 1.3491935050966595 11.307896191984709 
-2 -10 0 1.3491935051099229 11.307896191975779 
-3 1 0 5.353951867390713 10.915652460385425 
-3 0 0 5.353951867390715 10.915652460385418 
-3 -1 0 3.1319282715884116 14.999999636528214 
-3 -2 0 3.1319282715879075 14.999999664592844 
-3 -3 0 1.732439026305231 17.999999713357802 
-3 -4 0 1.732439028055448 17.99999981166944 
-3 -5 0 0.4849882692109414 19.99999925794681 
-3 -6 0 0.48498826921090826 19.99999999791558 
-3 -7 0 0.47799898474218727 17.173779954649355 
-3 -8 0 0.4779989849440329 17.17378016943153 
-3 -9 0 0.5348719546833249 12.729508933706171 
-3 -10 0 0.534871954683573 12.729508933504608 
-3 -11 0 1.8299135133739666 5.481194304092015 
-2 -11 0 3.0000000000000004 5.0 
-3 -12 0 1.8299135133739663 5.481194304092015 
-2 -12 0 2.9999999999999996 5.0 
-4 -1 0 5.767748911585876 13.000000000000004 
-4 -2 0 5.7677489115858736 12.999999999999996 
-4 -3 0 3.469638687893826 16.84365237690875 
-4 -4 0 3.469638701764016 16.843652376744203 
-4 -5 0 1.9843309486802394 19.999999998796213 
-4 -6 0 1.9843309457432592 19.99999999963746 
-4 -7 0 1.1989090091010146 18.635043190337594 
-4 -8 0 1.1989090083508207 18.63504249727972 
-4 -9 0 0.5348719546833147 14.314620369487763 
-4 -10 0 0.534871954683312 14.314620370758977 
-4 -11 0 1.8299135133739663 6.000000000000001 
-4 -12 0 1.829913513373966 6.000000000000001 
-5 -3 0 7.506345948286408 14.820196766378011 
-5 -4 0 7.506345948286409 14.820196766378007 
-5 -5 0 5.298414232302556 17.999999999871484 
-5 -6 0 5.298414232301133 17.999999993796813 
-5 -7 0 3.568330634470242 18.635043190300667 
-5 -8 0 3.5683306344702412 18.635043190246197 
-5 -9 0 2.538532531512132 15.806256759038618 
-5 -10 0 2.5385325312817146 15.806256759033548 
-5 -11 0 1.829913513373966 6.0 
-5 -12 0 1.8299135133739661 6.000000000000001 
-6 -5 0 16.0 16.0 
-6 -6 0 16.0 16.0 
-6 -7 0 9.325526643062602 17.606872109000562 
-6 -8 0 9.325526643062606 17.606872109000566 
-6 -9 0 7.374518801473696 15.806256759038625 
-6 -10 0 7.3745188014736955 15.806256759038622 
-6 -11 0 6.0 6.0 
-6 -12 0 6.0 6.0 
