3 11 0 2.0 2.0 
4 11 0 2.0 2.0 
3 10 0 2.0 2.0 
4 10 0 2.0 2.0 
3 9 0 0.767282106493482 7.402678829521188 
4 9 0 2.281290309608085 7.402678829521188 
3 8 0 0.7672821064934826 7.402678829521191 
4 8 0 2.2812903096080857 7.402678829521189 
3 7 0 0.9779751246691931 10.281598426472865 
4 7 0 3.45507409483967 10.017907384092656 
3 6 0 0.9779751246691943 10.281598427321265 
4 6 0 3.455074094839671 10.017907384092654 
3 5 0 1.5025917527870396 12.278952032993521 
4 5 0 4.810178207555896 11.466871235660731 
3 4 0 1.5025917544366307 12.278952040745907 
4 4 0 4.810178207555895 11.466871235660737 
3 3 0 2.759254015607998 11.593619750638124 
4 3 0 6.6774040945239195 10.695229550756924 
3 2 0 2.7592540156080037 11.593619750637998 
4 2 0 6.67740409452392 10.695229550756922 
3 1 0 4.405517290246251 10.108246944254107 
4 1 0 9.0 9.0 
3 0 0 4.405517290246256 10.108246944254107 
4 0 0 9.0 9.0 
2 11 0 2.0 2.0 
2 10 0 2.0 2.0 
2 9 0 0.7672821064934824 7.0066851422117615 
2 8 0 0.7672821064934818 7.006685142211762 
2 7 1 0.9779751246691901 10.281598427870065 
2 6 1 0.9779751246691939 10.281598427909117 
2 5 1 0.631188338399137 12.359178171776392 
2 4 1 0.6311883383991337 12.359176926112019 
2 3 0 0.4775439113537871 13.089463530613962 
2 2 0 0.47754391135491736 13.089463034682453 
2 1 0 1.6606874370186657 11.999999975789445 
2 0 0 1.6606874361285722 11.999999994062287 
2 -1 0 3.1601640880749136 8.882211951729339 
3 -1 0 7.0 7.0 
2 -2 0 3.160164088074912 8.882211951729346 
3 -2 0 7.0 7.0 
1 9 0 2.585786437626904 5.414213562373093 
1 8 0 2.5857864376269046 5.414213562373096 
1 7 0 1.4721434913595555 9.43517982682608 
1 6 0 1.472143491357533 9.435179629675286 
1 5 0 0.6311883384035735 12.359178209825448 
1 4 0 0.6311883384023032 12.35917821338285 
1 3 0 0.4775439113537871 13.556730213466675 
1 2 0 0.4775439119771366 13.556729886469881 
1 1 0 1.5624512921786444 12.732983496691487 
1 0 0 1.562451290706247 12.732983825765274 
1 -1 0 3.108192827273716 10.615429098027082 
1 -2 0 3.108192828899276 10.615429098026084 
1 -3 0 5.0 5.0 
2 -3 0 5.0 5.0 
1 -4 0 5.0 5.0 
2 -4 0 5.0 5.0 
0 7 0 2.2679491924311233 8.414213562373096 
0 6 0 2.2679491924311224 8.414213562373094 
0 5 0 0.6340331932782869 11.66587782478218 
0 4 0 0.6340331932777158 11.665877812230148 
0 3 1 0.8587224662514872 13.556730310314103 
0 2 1 0.8587224662514854 13.556730303837734 
0 1 1 0.6782786571737353 13.473986686037223 
0 0 1 0.6782786571737339 13.47398668505588 
0 -1 0 0.5307781207993127 11.241168363130571 
0 -2 0 0.5307781207887777 11.241168782714372 
0 -3 0 1.9999999999999996 6.000000000000002 
0 -4 0 2.000000000000001 6.0 
-1 5 0 3.2679491924311233 10.0 
-1 4 0 3.2679491924311206 10.000000000000002 
-1 3 0 1.5133641589715388 12.68272015735146 
-1 2 0 1.5133641590103135 12.682720215539204 
-1 1 0 0.6782786571737351 13.764819801934177 
-1 0 0 0.6782786571737359 13.764819822848127 
-1 -1 0 0.530778120790864 11.312684191373958 
-1 -2 0 0.5307781210310168 11.31268419132743 
-1 -3 0 2.0 6.000000000000002 
-1 -4 0 2.0 6.000000000000002 
-2 3 0 6.267949192431124 11.999999999999998 
-2 2 0 6.267949192431123 12.0 
-2 1 0 3.5531217445900913 13.764819826520071 
-2 0 0 3.553121744590092 13.764819826520068 
-2 -1 0 2.2135652151062764 11.414213562373103 
-2 -2 0 2.213565215106272 11.414213562373094 
-2 -3 0 1.9999999999999984 6.0 
-2 -4 0 2.0000000000000013 6.0 
-3 1 0 13.0 13.0 
-3 0 0 13.0 13.0 
-3 -1 0 8.585786437626902 11.414213562373096 
-3 -2 0 8.585786437626904 11.414213562373096 
-3 -3 0 6.0 6.0 
-3 -4 0 6.0 6.0 
