4 10 0 1.9999999999999998 5.000000000000001 
5 10 0 5.0 5.0 
4 9 0 1.9999999999999998 5.0 
5 9 0 5.0 5.0 
4 8 0 1.9995280747772426 14.405124837953325 
5 8 0 6.594875162046672 14.405124837953327 
4 7 0 1.999528074777235 14.405124837953322 
5 7 0 6.594875162046672 14.405124837953327 
4 6 0 3.0805737966396864 16.0 
5 6 0 13.0 13.0 
4 5 0 3.080573796639684 15.999999999999998 
5 5 0 13.0 13.0 
3 10 1 1.9999999999999991 5.000000000000002 
3 9 1 1.999999999999999 5.0 
3 8 2 1.4855926392821288 13.007109620955232 
3 7 2 1.4855926392821366 13.007109620955264 
3 6 1 0.6223690378431558 15.99999999908138 
3 5 1 0.6223690378431551 15.999999999560607 
3 4 0 0.7877409636193647 13.999999998180808 
4 4 0 5.763932022500211 11.0 
3 3 0 0.7877409636352312 13.999999996879811 
4 3 0 5.763932022500211 11.000000000000002 
2 10 0 1.9999999999999998 4.0 
2 9 0 2.0 4.0 
2 8 0 0.5919932778476135 10.999999960077494 
2 7 0 0.5919932778476124 10.999999877970627 
2 6 0 0.5226416747652822 15.367901208711405 
2 5 0 0.5226416748718843 15.36790115817595 
2 4 0 0.7877409636201433 15.999999988344086 
2 3 0 0.7877409636213807 15.99999984810232 
2 2 0 1.3850920169818475 11.236781806258652 
3 2 0 3.5857864376269033 9.561552812808829 
2 1 0 1.3850920170102234 11.236781814781677 
3 1 0 3.5857864376269046 9.56155281280883 
1 8 0 0.591993277847612 8.580751308895984 
1 7 0 0.5919932778476112 8.580751308895984 
1 6 2 0.5226416747652334 13.999999991561374 
1 5 2 1.1806172685736918 13.999999976980975 
1 4 4 1.1384847227381014 15.999999981664448 
1 3 4 1.1006962565920164 15.999999912149068 
1 2 2 0.6046837135689306 13.999999976911726 
1 1 2 0.6046837135689315 13.999999992767256 
1 0 0 0.6697900130313986 8.580751308895987 
2 0 0 4.000000000000001 6.0 
1 -1 0 0.6697900130313984 8.580751308895987 
2 -1 0 4.0 6.0 
0 8 0 4.0 6.0 
0 7 0 4.0 6.0 
0 6 0 1.2828965615681416 11.15460843033375 
0 5 0 1.282896561586169 11.154608103109256 
0 4 0 0.6754102604987527 15.99999994699149 
0 3 0 0.6754102604991753 15.999999968334711 
0 2 0 0.5569855893552886 15.364991115592595 
0 1 0 0.5569855893549858 15.364992239116402 
0 0 0 0.669790013031399 10.999999993766224 
0 -1 0 0.6697900130313974 10.999999999999991 
-1 6 0 3.4633703787941976 9.000000000000002 
-1 5 0 3.4633703787941976 8.999999999999998 
-1 4 0 0.6754102604988645 13.999999993828055 
-1 3 0 0.6754102604989851 13.999999998462227 
-1 2 1 0.5569855893549662 15.99999999988656 
-1 1 1 0.5569855893549635 15.999999632714067 
-1 0 2 1.077230351923521 12.973844547286117 
-1 -1 2 1.0772303519235156 12.973844528358516 
-1 -2 1 2.0 4.999999999999999 
0 -2 0 2.0000000000000004 4.0 
-1 -3 1 1.9999999999999998 5.000000000000001 
0 -3 0 2.0 4.0 
-2 4 0 5.763932022500209 11.0 
-2 3 0 5.76393202250021 11.000000000000002 
-2 2 0 2.647684017632808 16.000000000000004 
-2 1 0 2.647684017632811 15.999999999999998 
-2 0 0 1.7242420647482306 14.405124837953327 
-2 -1 0 1.7242420647482304 14.40512483795333 
-2 -2 0 2.0000000000000004 5.000000000000001 
-2 -3 0 1.9999999999999993 5.0 
-3 2 0 13.0 13.0 
-3 1 0 13.0 13.0 
-3 0 0 6.594875162046672 14.405124837953329 
-3 -1 0 6.594875162046673 14.405124837953329 
-3 -2 0 5.0 5.0 
-3 -3 0 5.0 5.0 
