6 18 0 2.0 2.0 
7 18 0 2.0 2.0 
6 17 0 2.0 2.0 
7 17 0 2.0 2.0 
6 16 0 0.8139710843441693 8.264425476354527 
7 16 0 2.314793443478017 8.26442547635453 
6 15 0 0.8139710843441691 8.26442547635453 
7 15 0 2.3147934434780173 8.264425476354536 
6 14 0 0.914870491807237 11.501848479294058 
7 14 0 3.3040273619971012 11.501848689876123 
6 13 0 0.9148704918078325 11.50184868986785 
7 13 0 3.304027361997103 11.501848689876123 
6 12 0 1.4411851642870441 14.265306688017375 
7 12 0 4.59365998514408 13.800165984859712 
6 11 0 1.4411851642889386 14.265306707475759 
7 11 0 4.593659985144077 13.800165984859719 
6 10 0 2.5403705862189008 14.947041005340434 
7 10 0 6.33142791062433 14.132104849231514 
6 9 0 2.540370586219243 14.947040929938517 
7 9 0 6.331427910624335 14.132104849231508 
6 8 0 4.125014483126626 14.035464261557838 
7 8 0 8.30553590504634 13.087742425184793 
6 7 0 4.1250144831266375 14.035465480684872 
7 7 0 8.305535905046343 13.08774242518479 
6 6 0 6.098474652373896 12.260368605037074 
7 6 0 11.0 11.0 
6 5 0 6.098474652373895 12.260368605037074 
7 5 0 11.0 11.0 
5 18 0 2.0 2.0 
5 17 0 2.0 2.0 
5 16 0 0.8139710843441672 8.032472317991619 
5 15 0 0.813971084344168 8.032472317991623 
5 14 0 0.2953212429580954 11.344207355853838 
5 13 0 0.2953212429696481 11.344207359025324 
5 12 0 0.4198548019997334 14.265306707421773 
5 11 0 0.4198548019997203 14.265306056127313 
5 10 0 1.0560770215337378 15.684301469058038 
5 9 0 1.0560770215338653 15.684301432311859 
5 8 0 1.966574917564494 15.58777272037019 
5 7 0 1.9665749169001792 15.58777285387847 
5 6 0 3.2039668820876006 13.999999622064799 
5 5 0 3.2039668943380453 13.999999999995918 
5 4 0 4.852554947606703 10.820638125222859 
6 4 0 9.0 9.0 
5 3 0 4.852554947606704 10.820638125222855 
6 3 0 9.0 9.0 
4 16 0 1.9999999999999998 6.56155281280883 
4 15 0 2.0000000000000004 6.56155281280883 
4 14 0 0.2953212429568546 10.914855874411932 
4 13 0 0.2953212429569613 10.914855916148504 
4 12 1 0.23894239479645354 14.16970432904671 
4 11 1 0.238942394796452 14.169704342911668 
4 10 1 0.5669583079400675 15.684300233711719 
4 9 1 0.5669583079400677 15.684300360550083 
4 8 0 0.612010591471903 16.38399060488166 
4 7 0 0.6120105914733018 16.383990681887646 
4 6 0 1.9682769705772682 14.9999998864493 
4 5 0 1.968276970577352 14.9999999996231 
4 4 0 3.95016793839675 11.824967455397742 
4 3 0 3.950167935469475 11.824967595834817 
4 2 0 7.0 7.0 
5 2 0 7.0 7.0 
4 1 0 7.0 7.0 
5 1 0 7.0 7.0 
3 14 0 2.2900507209316054 9.279172539481403 
3 13 0 2.290050720931606 9.279172539481397 
3 12 0 0.23894239479645957 12.914478391319472 
3 11 0 0.23894239479646137 12.914478191996086 
3 10 1 0.566958307940063 15.636949319362188 
3 9 1 0.5669583079400621 15.63695014829359 
3 8 0 0.22440889893450866 17.55413550065828 
3 7 0 0.22440889893475727 17.55413549874629 
3 6 0 1.3451441808143627 15.870303655881418 
3 5 0 1.3451441806912938 15.870303871074832 
3 4 0 2.914025368883406 13.605550449431643 
3 3 0 2.914025369683871 13.605551275463561 
3 2 0 7.0 7.0 
3 1 0 7.0 7.000000000000001 
2 12 0 3.3347499756370196 11.279171452939591 
2 11 0 3.334749975637084 11.279172539479017 
2 10 0 0.8613763605437915 14.603361410302416 
2 9 0 0.8613763605403564 14.603273788669247 
2 8 0 0.22440889893413124 17.55215620973754 
2 7 0 0.22440889893575985 17.55413550110067 
2 6 1 0.8705548289386997 17.99999998181819 
2 5 1 0.8705548289386958 17.999999999727955 
2 4 0 2.424112955369201 14.768066333770328 
2 3 0 2.424112955280134 14.768066335640802 
2 2 0 4.39444872453601 11.60555127546399 
2 1 0 4.3944487245360095 11.605551275463988 
1 12 0 6.0 6.0 
1 11 0 6.0 6.0 
1 10 0 1.8503496614812163 12.999999995589928 
1 9 0 1.8503496614812172 12.999999999506205 
1 8 0 0.7386148476065145 15.999994894124107 
1 7 0 0.7386148474338948 15.99999950343743 
1 6 0 0.35755004127070816 17.99999997832905 
1 5 0 0.3575500412707408 17.999999990972437 
1 4 0 0.4980401391485971 15.572877498224207 
1 3 0 0.49804013892003485 15.57287771296699 
1 2 0 1.443937567748242 12.216233200652738 
1 1 0 1.443937567748244 12.216233200652733 
0 10 0 6.999999999999999 9.000000000000002 
0 9 0 6.999999999999999 9.000000000000002 
0 8 0 2.601616766353846 14.999999991749698 
0 7 0 2.601616766353785 14.999999991876795 
0 6 0 0.3575500412819661 17.999999991353636 
0 5 0 0.3575500412704635 17.99999999624725 
0 4 1 0.49804013891991195 16.98074380767852 
0 3 1 0.4980401389199079 16.980743806491397 
0 2 1 1.4439375677482476 13.62670344218956 
0 1 1 1.4439375677482456 13.626703442189738 
0 0 0 2.9999999999999996 3.0 
1 0 0 3.0 3.0 
0 -1 0 3.0 3.0 
1 -1 0 3.0 3.0 
-1 8 0 9.0 11.0 
-1 7 0 9.0 10.999999999999998 
-1 6 0 4.494617412265848 16.000000000000004 
-1 5 0 4.494617412265844 16.000000000000004 
-1 4 0 2.2943782744109935 16.980743806108077 
-1 3 0 2.2943782745669727 16.98074380776998 
-1 2 0 1.6997636195102814 13.846672027800661 
-1 1 0 1.6997636195102823 13.846672027800665 
-1 0 0 3.0 3.0 
-1 -1 0 3.0 3.0 
-2 6 0 12.0 12.0 
-2 5 0 12.0 12.0 
-2 4 0 6.325001051790494 15.484191959226926 
-2 3 0 6.325001051790495 15.484191959226926 
-2 2 0 3.9094794893297955 13.846672027800665 
-2 1 0 3.9094794893297955 13.846672027800663 
-2 0 0 3.0 3.0 
-2 -1 0 3.0 3.0 
