1 5 0 2.0 2.0 
2 5 0 2.0 2.0 
1 4 0 2.0 2.0 
2 4 0 2.0 2.0 
1 3 0 0.9335635597194694 7.236067977499789 
2 3 0 2.7639320225002106 7.23606797749979 
1 2 0 0.9335635597194671 7.236067977499792 
2 2 0 2.76393202250021 7.23606797749979 
1 1 0 1.6277186767309844 7.999999999999999 
2 1 0 6.0 6.0 
1 0 0 1.6277186767309877 8.0 
2 0 0 6.0 6.0 
0 5 0 2.0 2.0 
0 4 0 2.0 2.0 
0 3 1 0.9335635597194705 5.636404937210491 
0 2 1 0.9335635597194689 5.636404937210492 
0 1 2 1.6277186767309848 8.000000000000004 
0 0 2 1.6277186767309861 8.0 
0 -1 1 0.9335635597194686 5.636404937210494 
1 -1 0 2.9999999999999996 5.0 
0 -2 1 0.9335635597194701 5.636404937210496 
1 -2 0 3.0000000000000004 5.0 
-1 3 0 3.0 5.0 
-1 2 0 3.0 5.0 
-1 1 0 1.6277186767309841 7.999999999999999 
-1 0 0 1.627718676730985 7.999999999999998 
-1 -1 0 0.9335635597194691 7.236067977499791 
-1 -2 0 0.9335635597194685 7.236067977499788 
-1 -3 0 2.0 2.0 
0 -3 0 2.0 2.0 
-1 -4 0 2.0 2.0 
0 -4 0 2.0 2.0 
-2 1 0 6.0 6.0 
-2 0 0 6.0 6.0 
-2 -1 0 2.7639320225002098 7.23606797749979 
-2 -2 0 2.7639320225002106 7.23606797749979 
-2 -3 0 2.0 2.0 
-2 -4 0 2.0 2.0 
