4 10 0 2.0000000000000004 5.0 
5 10 0 5.0 5.0 
4 9 0 2.0 5.0 
5 9 0 5.0 5.0 
4 8 0 2.2101551438406335 12.638680617405718 
5 8 0 5.812284206235963 12.638680617406617 
4 7 0 2.210155143516756 12.638680617405756 
5 7 0 5.812284206235963 12.638680617406617 
4 6 0 3.1068177499295615 15.725521732319821 
5 6 0 7.160930389921527 15.13295127594727 
4 5 0 3.106817749867292 15.725521732287381 
5 5 0 7.160930389921527 15.132951275947267 
4 4 0 4.343950283967047 15.898702822862559 
5 4 0 9.385953577486612 15.078686676881668 
4 3 0 4.343950286402271 15.898702717608197 
5 3 0 9.385953577486612 15.078686676881668 
4 2 0 5.724824441776954 14.992427425618938 
5 2 0 14.0 14.0 
4 1 0 5.724824441604472 14.992427425619189 
5 1 0 14.0 14.0 
3 10 0 1.9999999999999996 5.000000000000001 
3 9 0 2.0 5.000000000000001 
3 8 0 0.8580382165370007 12.501820642615693 
3 7 0 0.8580382165370167 12.501820835197986 
3 6 0 1.0340123310010225 15.72552169324815 
3 5 0 1.0340123311161125 15.725521728897002 
3 4 0 1.4633409895153713 17.12670512184028 
3 3 0 1.4633409892200306 17.126705121802768 
3 2 0 2.5213135274886103 16.99999999970227 
3 1 0 2.5213135237407047 16.999999999371894 
3 0 0 4.0033047102387425 13.869830603575082 
4 0 0 7.875114580235425 12.76155718183189 
3 -1 0 4.003304710238785 13.86983072119546 
4 -1 0 7.8751145802354285 12.761557181831895 
2 10 0 1.9999999999999998 5.0 
2 9 0 2.0000000000000004 5.000000000000001 
2 8 0 0.8580382165369906 11.653400274035283 
2 7 0 0.8580382165369914 11.653400209794713 
2 6 1 1.0340123310007492 14.87907479734937 
2 5 1 1.0340123310008282 14.879074771766948 
2 4 1 0.5985561896451357 17.12670485363743 
2 3 1 0.5985561896451289 17.126704476889298 
2 2 0 0.34718543928550616 17.76013647737378 
2 1 0 0.347185439285639 17.760137421378346 
2 0 0 1.3721894658074607 15.819797307382514 
2 -1 0 1.3721894658784408 15.81979730667003 
2 -2 0 2.7534666791889335 12.417330067578103 
3 -2 0 5.875114580235427 11.000000000000002 
2 -3 0 2.753466677246827 12.417330420725023 
3 -3 0 5.875114580235424 10.999999999999996 
1 10 0 4.0 4.0 
1 9 0 4.0 4.0 
1 8 0 2.4055144038822314 10.315327653192726 
1 7 0 2.4055144108241517 10.31532765319267 
1 6 0 1.3996573317582721 13.670518828387552 
1 5 0 1.399657333872376 13.670518088394989 
1 4 0 0.5985561896494079 16.333305158955014 
1 3 0 0.5985561896743111 16.333305685143753 
1 2 0 0.3471854393045753 17.76013643720033 
1 1 0 0.3471854392911154 17.76013629069875 
1 0 0 1.0471217048553052 16.726406297121116 
1 -1 0 1.0471217048495298 16.726406291031676 
1 -2 0 1.800262796792725 13.999999998861185 
1 -3 0 1.8002627955529455 13.999999995610773 
1 -4 0 3.148504016396157 10.959089778613482 
2 -4 0 4.585786437626905 9.0 
1 -5 0 3.148504016396157 10.959089778613482 
2 -5 0 4.585786437626905 9.0 
0 8 0 4.518805695907983 8.170086486626035 
0 7 0 4.518805695907983 8.170086486626033 
0 6 0 2.1616782010033306 12.457986278691966 
0 5 0 2.1616781845734523 12.457986278669237 
0 4 0 0.6659871125052458 15.570905388331493 
0 3 0 0.6659871124536098 15.570904757099903 
0 2 1 0.8392342872176829 17.556933872076296 
0 1 1 0.8392342872176812 17.533322647185535 
0 0 1 0.6736758713932329 17.475882456215142 
0 -1 1 0.6736758713932345 17.475882396506154 
0 -2 0 0.4331425571060248 15.409432275909039 
0 -3 0 0.4331425571411923 15.409432274841379 
0 -4 0 1.5857864388532585 12.161586438561494 
0 -5 0 1.5857864379524498 12.161586434764814 
0 -6 0 5.0 5.0 
1 -6 0 5.0 5.0 
0 -7 0 5.0 5.0 
1 -7 0 5.0 5.0 
-1 6 0 4.214202380740196 10.170086486626033 
-1 5 0 4.214202380740199 10.170086486626031 
-1 4 0 2.3953965439029012 13.999999997892603 
-1 3 0 2.395396543902885 13.999999996550814 
-1 2 0 1.366076104257387 16.766515958562657 
-1 1 0 1.3660761042491054 16.766446997910624 
-1 0 0 0.6736758713932498 17.78082732981044 
-1 -1 0 0.6736758714117763 17.780827280188856 
-1 -2 0 0.4331425570941592 16.212591418894018 
-1 -3 0 0.43314255709415705 16.212591236690628 
-1 -4 0 1.0172272948084589 13.549587468704674 
-1 -5 0 1.0172272948084609 13.549587468727331 
-1 -6 0 2.0 6.0 
-1 -7 0 2.0000000000000004 6.0 
-2 4 0 5.57212112762926 12.000000000000002 
-2 3 0 5.572121127629255 12.000000000000002 
-2 2 0 3.230512378812351 15.850773249007306 
-2 1 0 3.2305123788994803 15.850773249043058 
-2 0 0 1.8000107198389168 17.780827543282115 
-2 -1 0 1.8000107198637967 17.780827526388155 
-2 -2 0 1.1263240657339118 17.12463477564183 
-2 -3 0 1.1263240655776632 17.124634769195076 
-2 -4 0 1.017227294808689 14.426716187689356 
-2 -5 0 1.0172272948086591 14.426716187663288 
-2 -6 0 1.9999999999999987 6.000000000000002 
-2 -7 0 1.9999999999999991 6.0 
-3 2 0 7.572121127629259 13.803542495682594 
-3 1 0 7.572121127629258 13.803542495682594 
-3 0 0 4.659133998652921 16.999999999935863 
-3 -1 0 4.65913399865292 16.999999999995705 
-3 -2 0 3.1366401703541666 17.124634706337382 
-3 -3 0 3.136640176224309 17.124634779199926 
-3 -4 0 2.2503062895354935 14.815736116938808 
-3 -5 0 2.250306289535507 14.81573611693857 
-3 -6 0 2.000000000000001 6.0 
-3 -7 0 2.0 6.0 
-4 0 0 15.0 15.0 
-4 -1 0 15.0 15.0 
-4 -2 0 9.028039231602904 15.395426034725887 
-4 -3 0 9.028039231602902 15.395426034725885 
-4 -4 0 6.813341700831968 14.815736116938949 
-4 -5 0 6.813341700831968 14.815736116938952 
-4 -6 0 6.0 6.0 
-4 -7 0 6.0 6.0 
