5 13 0 4.0 4.0 
6 13 0 4.0 4.0 
5 12 0 4.0 4.0 
6 12 0 4.0 4.0 
5 11 0 2.4508142191372864 13.887482193696064 
6 11 0 5.1125178063039405 13.887482193696062 
5 10 0 2.45081421913729 13.887482193696055 
6 10 0 5.112517806303939 13.887482193696059 
5 9 0 3.149678195734904 16.798052972378557 
6 9 0 7.483090583387995 15.243918171302438 
5 8 0 3.149678203338502 16.79805295406138 
6 8 0 7.483090583387999 15.243918171302436 
5 7 0 5.556006572368935 16.0 
6 7 0 13.0 13.0 
5 6 0 5.556006572368928 15.999999999999998 
6 6 0 13.0 13.0 
4 13 0 4.0 4.0 
4 12 0 4.0 4.0 
4 11 0 1.8366443678492168 13.604223866162883 
4 10 0 1.8366443678492124 13.604223866175115 
4 9 0 1.3467927048198483 16.798052989623685 
4 8 0 1.3467927048252266 16.798052982040073 
4 7 0 1.9228809008097758 17.99999966133791 
4 6 0 1.9228809008353762 17.9999995226179 
4 5 0 3.8182108978474076 14.999999999981915 
5 5 0 9.0 12.000000000000002 
4 4 0 3.818210907507966 14.999999999988834 
5 4 0 9.000000000000002 12.0 
3 13 0 4.0 4.0 
3 12 0 4.0 4.0 
3 11 0 1.8366443678493767 12.042300891704256 
3 10 0 1.8366443678502469 12.042300891836081 
3 9 0 0.7707938812874463 15.605528570333352 
3 8 0 0.7707938806190779 15.605528608737291 
3 7 0 0.7623618795101167 17.999999995948222 
3 6 0 0.7623618794899929 17.999999594824363 
3 5 0 0.9385040993136073 16.860930909708145 
3 4 0 0.9385040992985921 16.86093090002519 
3 3 0 3.010861596503143 12.999999775365952 
4 3 0 7.000000000000001 10.414213562373094 
3 2 0 3.0108615970873136 12.999999342902823 
4 2 0 7.0 10.414213562373094 
2 13 0 4.0 4.0 
2 12 0 4.0 4.0 
2 11 0 1.892763175135848 10.60693851350435 
2 10 0 1.8927631751358502 10.606938513504355 
2 9 0 0.7707938808596932 14.578783084344538 
2 8 0 0.7707938805869867 14.57878309721039 
2 7 0 0.7483699553604493 17.42213792171693 
2 6 0 0.7483699548319794 17.422137841353617 
2 5 0 0.6727016683413147 17.549105179122392 
2 4 0 0.6727016683581206 17.5491049267709 
2 3 0 0.7047621361649463 14.921091139025297 
2 2 0 0.7047621355176711 14.921091164858787 
2 1 0 2.7156382908113157 10.99999999939535 
3 1 0 5.585786437626905 8.414213562373094 
2 0 0 2.715638277238431 10.999999995542865 
3 0 0 5.585786437626904 8.414213562373094 
1 11 0 3.875114580235425 8.761557181831892 
1 10 0 3.875114580235426 8.76155718183189 
1 9 0 1.7524130796925779 12.812513682269483 
1 8 0 1.7524130796922917 12.812514295579623 
1 7 0 0.7483699552090527 16.550276748854593 
1 6 0 0.7483699548605798 16.55027681352471 
1 5 0 0.19100018945164984 17.72789454603747 
1 4 0 0.1910001894536677 17.72789674264855 
1 3 0 0.16788136252306807 15.984031698519713 
1 2 0 0.16788136252291877 15.984031599388285 
1 1 0 0.31897841440133695 12.873253389821262 
1 0 0 0.31897841440134433 12.873253389236277 
1 -1 0 2.3713542369047027 8.616079887160412 
2 -1 0 5.0 5.0 
1 -2 0 2.371354236904701 8.616079887160415 
2 -2 0 5.0 5.0 
0 11 0 5.000000000000001 7.0 
0 10 0 5.0 7.0 
0 9 0 2.711258969501113 11.059469982777172 
0 8 0 2.7112589695083287 11.059469982777179 
0 7 0 0.7669334145864146 15.0179706878412 
0 6 0 0.7669334145864206 15.017970586929717 
0 5 0 0.1910001894552845 17.727896902481493 
0 4 0 0.19100018945104616 17.727896900802477 
0 3 1 0.16788136252282293 16.818446772841785 
0 2 1 0.16788136252281807 16.818447392760277 
0 1 2 0.6978512774202335 14.10898945378347 
0 0 2 0.6978512774202326 14.108989470576867 
0 -1 1 1.2383341343216059 9.68859520882299 
0 -2 1 1.2383341343216043 9.688595230392071 
-1 9 0 7.0 9.000000000000002 
-1 8 0 7.0 9.0 
-1 7 0 4.258422744582341 13.048598037876106 
-1 6 0 4.258422745843996 13.048597884541659 
-1 5 0 2.2794537668394628 16.99999998752151 
-1 4 0 2.2794537668414248 16.999999877649326 
-1 3 0 1.654314051722008 16.818446861438975 
-1 2 0 1.6543140536417626 16.818447390853468 
-1 1 0 1.3295357654170559 14.994396275229336 
-1 0 0 1.3295357654162627 14.994396307442782 
-1 -1 0 1.2383341343216272 9.920678110563308 
-1 -2 0 1.238334139942811 9.920678137358284 
-1 -3 0 1.9999999999999998 4.0 
0 -3 0 2.0 4.0 
-1 -4 0 1.9999999999999998 4.0 
0 -4 0 2.0 4.0 
-2 7 0 9.0 11.0 
-2 6 0 9.0 11.0 
-2 5 0 5.7473155349245575 14.999999999895225 
-2 4 0 5.747315534924554 14.999999999992571 
-2 3 0 3.6342483096060816 16.379584079680196 
-2 2 0 3.6342483097434686 16.379584081211004 
-2 1 0 2.4426702376650615 15.014381693347968 
-2 0 0 2.442670237665082 15.014381693065951 
-2 -1 0 2.0863603266857944 10.109894987955487 
-2 -2 0 2.0863603265587725 10.109895172762469 
-2 -3 0 2.0 4.000000000000001 
-2 -4 0 1.9999999999999998 4.0 
-3 5 0 13.0 13.0 
-3 4 0 13.0 13.0 
-3 3 0 9.438447187191167 14.79128784747792 
-3 2 0 9.438447187191171 14.791287847477923 
-3 1 0 6.407602967577452 15.014381693371075 
-3 0 0 6.407602967577454 15.01438169337108 
-3 -1 0 4.890104827237532 10.109895172762466 
-3 -2 0 4.890104827237533 10.109895172762467 
-3 -3 0 4.0 4.0 
-3 -4 0 4.0 4.0 
