4 10 0 2.0 2.0 
5 10 0 2.0 2.0 
4 9 0 2.0 2.0 
5 9 0 2.0 2.0 
4 8 0 0.8728937408314312 12.052304437371653 
5 8 0 3.403807856983195 12.052304437371655 
4 7 0 0.8728937408314322 12.052304437371651 
5 7 0 3.403807856983195 12.052304437371657 
4 6 0 1.4405293653253581 16.94563349008123 
5 6 0 5.382190636711651 15.685139656670795 
4 5 0 1.440529365325361 16.94563431979437 
5 5 0 5.382190636711652 15.685139656670795 
4 4 0 3.0932312629866634 17.658488164535157 
5 4 0 8.061996500142959 15.804511577288563 
4 3 0 3.0932312576546472 17.658488161229577 
5 3 0 8.061996500142966 15.804511577288565 
4 2 0 5.524448135967164 15.000000000000004 
5 2 0 12.0 12.0 
4 1 0 5.524448135967167 15.000000000000002 
5 1 0 12.0 12.0 
3 10 0 2.0 2.0 
3 9 0 2.0 2.0 
3 8 0 0.872893740831447 11.521084375107359 
3 7 0 0.8728937408315548 11.521084375107355 
3 6 0 0.6611633050147927 16.945634319693436 
3 5 0 0.661163304799565 16.9456336174021 
3 4 0 0.5610492195447768 19.40319233166069 
3 3 0 0.561049219546658 19.403193093545827 
3 2 0 2.626069857424031 17.999999999970456 
3 1 0 2.626069857423274 17.999999999970804 
3 0 0 4.896349454798304 13.263997758919968 
4 0 0 10.0 10.0 
3 -1 0 4.896349454798303 13.263997758919963 
4 -1 0 9.999999999999998 10.0 
2 8 0 1.5312647699360447 8.829470567801254 
2 7 0 1.5312647699360464 8.829470567801247 
2 6 0 0.6611633053879611 15.097550716564365 
2 5 0 0.6611633043758888 15.097550361081622 
2 4 0 0.49368375960798566 19.403193093602418 
2 3 0 0.4936837595089854 19.403193081583492 
2 2 0 1.1066181151547836 19.999999884960012 
2 1 0 1.106618114122315 19.999999334257275 
2 0 0 2.9722944115730328 15.999999527929146 
2 -1 0 2.97229441385651 15.999999848195959 
2 -2 0 5.697224362268005 11.561552812808827 
3 -2 0 8.0 8.0 
2 -3 0 5.697224362268005 11.561552812808829 
3 -3 0 8.0 8.0 
1 8 0 3.0 5.0 
1 7 0 3.0 5.0 
1 6 0 0.9826174333273059 12.868799901594244 
1 5 0 0.9826174333225535 12.86879990157572 
1 4 0 0.4936837596292844 17.7340612578513 
1 3 0 0.4936837594924895 17.73406121820152 
1 2 0 0.13694468828911702 19.99999954341154 
1 1 0 0.1369446882891802 19.999999534508298 
1 0 0 0.42796274698645626 17.999999236410137 
1 -1 0 0.4279627469837184 17.999999550142025 
1 -2 0 2.3398619529474742 13.9999999936615 
1 -3 0 2.3398619529477473 13.999999992508265 
0 6 0 2.668014188969845 11.068111126044695 
0 5 0 2.668014189207092 11.0681111260447 
0 4 0 0.7510199670381383 15.740429963137164 
0 3 0 0.7510199670381627 15.740429648843813 
0 2 1 0.1369446882890625 19.84877578877924 
0 1 1 0.13694468828906714 19.848775715066783 
0 0 1 0.1520479823753552 19.784192823100142 
0 -1 1 0.15204798237535683 19.784194629968713 
0 -2 0 0.047010325876032606 15.99999995268136 
0 -3 0 0.047010325877251936 15.999999843519888 
0 -4 0 2.1712814510139085 12.000000000000004 
1 -4 0 5.000000000000002 7.0 
0 -5 0 2.171281450807274 11.999999999999996 
1 -5 0 4.999999999999999 7.0 
-1 6 0 3.9999999999999982 8.0 
-1 5 0 4.000000000000001 8.0 
-1 4 0 1.9334552148818915 14.015318102258725 
-1 3 0 1.9334552148813204 14.015317647705858 
-1 2 0 0.43466172742081566 17.999998922819483 
-1 1 0 0.43466172742083475 17.999998693922443 
-1 0 0 0.15204798238071424 19.99999960627403 
-1 -1 0 0.15204798238045816 19.999999603884845 
-1 -2 0 0.04701032587593958 17.73513701305333 
-1 -3 0 0.04701032587603558 17.745962659446064 
-1 -4 0 0.19437721181065049 13.799929622077322 
-1 -5 0 0.19437721180922463 13.799929640566074 
-2 4 0 4.497125026826234 12.000000000000002 
-2 3 0 4.497125026826234 12.000000000000002 
-2 2 0 2.317207043535393 15.999999358366418 
-2 1 0 2.3172070451935607 15.99999866262402 
-2 0 0 0.7353051364756379 19.999999730023212 
-2 -1 0 0.7353051364760258 19.99999987336455 
-2 -2 0 0.2819959271954982 19.172776996174704 
-2 -3 0 0.2819959272327767 19.17277728074833 
-2 -4 0 0.19437721182019557 15.751141261322212 
-2 -5 0 0.19437721181704168 15.75114144026768 
-2 -6 0 0.44467155580092255 9.9253376387095 
-1 -6 0 2.0000000000000004 6.0 
-2 -7 0 0.4446715558009282 9.925337638709497 
-1 -7 0 1.9999999999999993 6.0 
-3 4 0 7.0 9.0 
-3 3 0 7.000000000000001 9.0 
-3 2 0 4.7340439936975365 14.000000000000009 
-3 1 0 4.734043993697718 13.999999840939466 
-3 0 0 2.8684826496232363 17.99999999267714 
-3 -1 0 2.8684826767451956 17.99999970613338 
-3 -2 0 1.2729990360002985 19.1727760413591 
-3 -3 0 1.2729990359995278 19.17277717850573 
-3 -4 0 0.8229854241733667 17.22533262473486 
-3 -5 0 0.8229854240868467 17.22533252145781 
-3 -6 0 0.44467155580092477 11.906158330678089 
-3 -7 0 0.4446715558009251 11.906158330678092 
-4 2 0 9.000000000000002 11.0 
-4 1 0 9.0 11.0 
-4 0 0 4.994716895813828 16.0 
-4 -1 0 4.994716895813829 16.0 
-4 -2 0 2.887816804862795 17.534866775703037 
-4 -3 0 2.8878168048628003 17.53486682058261 
-4 -4 0 1.471287292908732 17.22533292745122 
-4 -5 0 1.4712872929087277 17.225332920741412 
-4 -6 0 1.1147250981810484 13.03600915312317 
-4 -7 0 1.1147250981810517 13.03600915312316 
-4 -8 0 0.9999999999999999 3.0000000000000004 
-3 -8 0 1.0000000000000002 3.0 
-4 -9 0 1.0 3.0 
-3 -9 0 1.0 2.9999999999999996 
-5 0 0 13.0 13.0 
-5 -1 0 13.0 13.0 
-5 -2 0 8.451634083106612 15.908854944928922 
-5 -3 0 8.451634083106606 15.908854944928926 
-5 -4 0 6.366128013774566 15.560483671895273 
-5 -5 0 6.366128013774564 15.560483671895275 
-5 -6 0 4.492571926019441 13.03600915312316 
-5 -7 0 4.492571926019441 13.036009153123164 
-5 -8 0 3.0 3.0 
-5 -9 0 3.0 3.0 
