0 0 1 2.0 3.0 
1 0 0 3.0 3.0 
0 -1 1 2.0 3.0 
1 -1 0 3.0 3.0 
0 -2 1 0.5920853278201422 9.000000000000004 
1 -2 0 4.0 9.0 
0 -3 1 0.59208532782014 9.0 
1 -3 0 4.000000000000001 9.0 
0 -4 0 0.4684951166427192 9.999999999999998 
1 -4 0 8.0 8.0 
0 -5 0 0.4684951166427205 10.0 
1 -5 0 8.0 8.0 
-1 0 0 2.0 2.0 
-1 -1 0 2.0 2.0 
-1 -2 0 0.592085327820143 7.740486792068038 
-1 -3 0 0.5920853278201393 7.740486792068035 
-1 -4 0 0.46849511664272886 9.999999999991351 
-1 -5 0 0.4684951166427182 9.99999999999957 
-1 -6 0 0.8197045191414444 8.0 
0 -6 0 2.585786437626905 6.0 
-1 -7 0 0.8197045191414416 8.0 
0 -7 0 2.585786437626905 6.0 
-2 -2 0 2.0 6.732050807568878 
-2 -3 0 1.9999999999999987 6.732050807568878 
-2 -4 1 1.1804315303285875 9.999999999952497 
-2 -5 1 1.1804315303285855 9.999999999993564 
-2 -6 1 0.6296724571202894 9.66836322339498 
-2 -7 1 0.6296724571202893 9.6683632233949 
-2 -8 0 0.4633703787941973 5.8434044873336735 
-1 -8 0 3.0 3.0 
-2 -9 0 0.46337037879419746 5.8434044873336735 
-1 -9 0 3.0 3.0 
-3 -2 0 4.0 4.0 
-3 -3 0 4.0 4.0 
-3 -4 0 1.8803308573884103 8.0 
-3 -5 0 1.8803308573884105 8.0 
-3 -6 0 0.6296724571202867 9.668363223399638 
-3 -7 0 0.6296724571202906 9.668363223399638 
-3 -8 0 0.46337037879419724 7.701562118716426 
-3 -9 0 0.46337037879419735 7.701562118716424 
-4 -4 0 6.0 6.0 
-4 -5 0 6.0 6.0 
-4 -6 0 2.6277186767309857 8.372281323269014 
-4 -7 0 2.6277186767309857 8.372281323269014 
-4 -8 0 1.2984378812835753 7.701562118716425 
-4 -9 0 1.2984378812835757 7.701562118716425 
-4 -10 0 1.0 1.0 
-3 -10 0 1.0 1.0 
-4 -11 0 1.0 1.0 
-3 -11 0 1.0 1.0 
