1 3 0 2.0 2.0 
2 3 0 2.0 2.0 
1 2 0 2.0 2.0 
2 2 0 2.0 2.0 
1 1 0 0.8056560463158428 11.053754570288586 
2 1 0 2.55406147779615 11.05375457028858 
1 0 0 0.8056560463158404 11.053754570288582 
2 0 0 2.5540614777961497 11.053754570288582 
1 -1 0 1.3195365208055132 13.373096421520042 
2 -1 0 4.258342613226059 11.741657386773943 
1 -2 0 1.3195365208055168 13.373096421520046 
2 -2 0 4.258342613226057 11.741657386773944 
1 -3 0 2.7303125887389648 11.999999999999998 
2 -3 0 9.0 9.0 
1 -4 0 2.730312588738964 12.000000000000002 
2 -4 0 9.0 9.0 
0 3 0 2.0 2.0 
0 2 0 2.0 2.0 
0 1 1 0.8056560463158412 9.341323259270816 
0 0 1 0.8056560463158419 9.341323259270807 
0 -1 2 1.319536520805518 13.373096421507869 
0 -2 2 1.1368257227072507 13.373096231669772 
0 -3 1 0.7120971240801491 13.999999935685551 
0 -4 1 0.7120971240801512 13.999999819539283 
0 -5 0 1.8319638009568875 11.000000000000004 
1 -5 0 6.0 8.0 
0 -6 0 1.831963800956889 10.999999999999998 
1 -6 0 6.000000000000001 8.0 
-1 1 0 2.679115500552516 8.67282370100095 
-1 0 0 2.6791155005525153 8.672823701000947 
-1 -1 0 1.1368257227073615 11.694827072940402 
-1 -2 0 1.1368257227072505 11.694827052810302 
-1 -3 0 0.6417224083290723 13.999999999863434 
-1 -4 0 0.6417224082575672 13.999999998864636 
-1 -5 0 1.3385970862696126 11.999999128973863 
-1 -6 0 1.3385970862712024 11.999999966117961 
-1 -7 0 3.06876682625472 8.999999999999998 
0 -7 0 5.0 5.0 
-1 -8 0 3.0687668262547234 9.0 
0 -8 0 5.0 5.0 
-2 1 0 5.0 5.0 
-2 0 0 5.0 5.0 
-2 -1 0 1.8561131856110282 10.99999996578543 
-2 -2 0 1.856113184985633 10.999999999888649 
-2 -3 1 0.6417224082375502 13.999999999998455 
-2 -4 1 0.6417224082375436 13.999999999992305 
-2 -5 1 0.30785931679432127 13.463409480793159 
-2 -6 1 0.30785931679431977 13.463409478222195 
-2 -7 0 0.26186665333115017 9.807159543232869 
-2 -8 0 0.2618666533405119 9.807159531391157 
-3 1 0 5.0 5.0 
-3 0 0 5.0 5.0 
-3 -1 0 2.953533796871328 8.782953331495518 
-3 -2 0 2.9535337968713273 8.782953331495523 
-3 -3 0 1.4837430030397585 11.999999987624857 
-3 -4 0 1.4837430030396694 11.999999999308486 
-3 -5 0 0.3078593167949925 13.463404820112999 
-3 -6 0 0.30785931679466294 13.463406505982093 
-3 -7 1 0.2618666533311505 11.551101859975667 
-3 -8 1 0.2618666533311485 11.55110185893795 
-3 -9 1 0.7553008899981545 7.348018387564073 
-2 -9 0 2.2242871442637866 6.641186476193293 
-3 -10 1 0.755300889998154 7.348018387564074 
-2 -10 0 2.2242871442637866 6.641186476193293 
-4 -1 0 6.0 8.0 
-4 -2 0 6.0 8.0 
-4 -3 0 4.538815381396984 11.0 
-4 -4 0 4.538815381396982 11.000000000000002 
-4 -5 0 3.0065949692043827 12.392687176289494 
-4 -6 0 3.0065949692043668 12.392687176289453 
-4 -7 0 1.6685448670210288 11.551101860196262 
-4 -8 0 1.6685448670209984 11.551101860196262 
-4 -9 0 0.755300889998153 9.236067977499792 
-4 -10 0 0.755300889998153 9.236067977499793 
-4 -11 0 2.0 2.0 
-3 -11 0 2.0 2.0 
-4 -12 0 2.0 2.0 
-3 -12 0 2.0 2.0 
-5 -3 0 9.0 9.0 
-5 -4 0 9.0 9.0 
-5 -5 0 5.438447187191168 10.999999999999996 
-5 -6 0 5.438447187191169 11.0 
-5 -7 0 4.0 11.372281323269014 
-5 -8 0 4.000000000000001 11.372281323269013 
-5 -9 0 3.0000000000000004 9.23606797749979 
-5 -10 0 3.0 9.23606797749979 
-5 -11 0 2.0 2.0 
-5 -12 0 2.0 2.0 
