3 7 0 3.999999999999999 7.000000000000001 
4 7 0 7.0 7.0 
3 6 0 3.999999999999999 7.0 
4 6 0 7.0 7.0 
3 5 0 4.000000000000002 13.828427124746039 
4 5 0 8.171572875253812 13.82842712474619 
3 4 0 4.000000000000001 13.828427124744865 
4 4 0 8.171572875253808 13.82842712474619 
3 3 0 4.585786437630171 16.828427124360353 
4 3 0 11.171572875253812 16.82842712474619 
3 2 0 4.585786437626935 16.828427124526762 
4 2 0 11.17157287525381 16.828427124746185 
3 1 0 5.757359312880724 17.99999999993873 
4 1 0 16.0 16.0 
3 0 0 5.757359312880725 17.999999999960995 
4 0 0 16.0 16.0 
2 7 0 0.9999999999999999 7.000000000000001 
2 6 0 0.9999999999999989 7.000000000000002 
2 5 0 1.0000000000009834 13.828427001817456 
2 4 0 1.0000000000417648 13.82842712474619 
2 3 0 1.0972712929318578 16.828426974045946 
2 2 0 1.097271294615752 16.82842690722237 
2 1 0 1.6830577305609926 17.999999927993525 
2 0 0 1.6830577305592203 17.999999174239402 
2 -1 0 2.3755965069496785 15.999999985817222 
3 -1 0 9.875114580235424 14.76155718183189 
2 -2 0 2.3755965055649875 15.999999995566332 
3 -2 0 9.875114580235426 14.761557181831892 
1 7 0 1.0000000000000004 7.0 
1 6 0 1.0000000000000038 7.0 
1 5 0 0.33380560863979764 12.828427124697859 
1 4 0 0.33380560863860415 12.828427124365447 
1 3 0 0.3338056087122427 16.828427124743673 
1 2 0 0.33380560865318243 16.82842712471274 
1 1 0 0.5565260206049595 17.99999896400107 
1 0 0 0.5565260205391434 17.999999997671647 
1 -1 0 0.936242866065786 17.798033921721768 
1 -2 0 0.9362428660052181 17.79803444651477 
1 -3 0 1.5220293034635701 14.423437199759292 
2 -3 0 4.460901017862328 12.76155718183189 
1 -4 0 1.5220293034731562 14.423437199819512 
2 -4 0 4.460901017862331 12.761557181831888 
0 7 0 2.999999999999999 6.0 
0 6 0 3.0 6.000000000000002 
0 5 0 0.3338056088598305 11.474402468315613 
0 4 0 0.3338056086338881 11.47440246831654 
0 3 1 0.3338056086338864 15.474401980264611 
0 2 1 0.3338056086338885 15.47440220832864 
0 1 2 0.5565260205224958 17.999999995327308 
0 0 2 0.5565260205224982 17.999999998130935 
0 -1 1 0.5450989829681784 17.999999935937094 
0 -2 1 0.5450989830706282 17.999999994979845 
0 -3 0 0.5450989830560926 15.798034857496853 
0 -4 0 0.5450989831514279 15.798034430945554 
0 -5 0 1.13088542112144 12.423436598287672 
1 -5 0 3.0626908469952356 10.441290910412457 
0 -6 0 1.1308854205838594 12.423436796686977 
1 -6 0 3.0626908469952374 10.441290910412462 
-1 7 0 5.0 5.0 
-1 6 0 5.0 5.0 
-1 5 0 2.33380560863389 9.713755052762627 
-1 4 0 2.333805608633893 9.713755353656445 
-1 3 0 1.0977376311347427 13.713755359579535 
-1 2 0 1.0977376311350977 13.713754873286009 
-1 1 0 0.7064270599433189 17.660869351652433 
-1 0 0 0.7064270599728382 17.66087002719921 
-1 -1 0 0.5450989829600219 17.99999999763429 
-1 -2 0 0.5450989829650548 17.99999999830731 
-1 -3 0 0.545098982974093 17.35958767160512 
-1 -4 0 0.5450989831138026 17.35958765835514 
-1 -5 0 1.000000000000376 13.984990012724506 
-1 -6 0 1.0000000000000127 13.98499001271461 
-1 -7 0 1.5450989829569515 9.423437199926639 
0 -7 0 3.476904409368331 7.4412909104124605 
-1 -8 0 1.5450989829569515 9.42343719992665 
0 -8 0 3.4769044093683297 7.4412909104124605 
-2 5 0 6.000000000000001 8.0 
-2 4 0 6.000000000000001 8.0 
-2 3 0 3.1593266376071645 11.999999045388627 
-2 2 0 3.159326637537604 11.999999863770729 
-2 1 0 1.7722527963481236 15.999999964290135 
-2 0 0 1.7722527958264376 15.999999960584423 
-2 -1 0 1.3338056116400874 17.999999858072712 
-2 -2 0 1.3338056109490766 17.999999851302643 
-2 -3 0 1.0000000000323441 17.56155218461146 
-2 -4 0 1.0000000000143396 17.561552593192022 
-2 -5 0 1.0000000000003468 14.858487705950479 
-2 -6 0 1.0000000000077318 14.858487727317186 
-2 -7 0 1.5450989829569761 10.296934914044101 
-2 -8 0 1.5450989829574744 10.296934914473077 
-2 -9 0 3.9999999999999996 4.0 
-1 -9 0 4.0 4.0 
-2 -10 0 4.0 4.0 
-1 -10 0 4.0 4.0 
-3 3 0 8.0 10.0 
-3 2 0 7.999999999999998 10.0 
-3 1 0 4.706648478423896 13.999999994614917 
-3 0 0 4.706648488925184 13.99999999813629 
-3 -1 0 2.597773824723403 17.99999970886342 
-3 -2 0 2.5977738247229976 17.999999756920136 
-3 -3 0 2.1448742471296582 17.56155279574268 
-3 -4 0 2.144874247129675 17.56155280401537 
-3 -5 0 1.7064270599379578 16.102934074900183 
-3 -6 0 1.7064270599406002 16.102934077957812 
-3 -7 0 1.5450989829574273 11.541381265148596 
-3 -8 0 1.5450989829571204 11.54138126511431 
-3 -9 0 4.0 4.0 
-3 -10 0 4.0 4.0 
-4 1 0 10.0 11.999999999999998 
-4 0 0 9.999999999999998 12.0 
-4 -1 0 6.458618734851492 15.99999999999954 
-4 -2 0 6.4586187638960775 15.999999999999764 
-4 -3 0 4.145095680315563 17.561552811090603 
-4 -4 0 4.1450956683208755 17.561552811591376 
-4 -5 0 3.5922296497565007 16.102934077946472 
-4 -6 0 3.592229650976451 16.102934077296837 
-4 -7 0 3.1537824625653252 11.541381265149111 
-4 -8 0 3.153782462565327 11.541381265149113 
-4 -9 0 3.9999999999999996 4.0 
-4 -10 0 4.0 4.0 
-5 -1 0 13.0 13.0 
-5 -2 0 13.0 13.0 
-5 -3 0 8.45861873485089 14.56155281280883 
-5 -4 0 8.458618734850889 14.561552812808829 
-5 -5 0 5.89706592204206 16.102934077957936 
-5 -6 0 5.897065922042062 16.10293407795794 
-5 -7 0 4.438447187191171 11.54138126514911 
-5 -8 0 4.43844718719117 11.541381265149107 
-5 -9 0 4.0 4.0 
-5 -10 0 4.0 4.0 
