5 13 0 4.0 4.0 
6 13 0 4.0 4.0 
5 12 0 4.0 4.0 
6 12 0 4.0 4.0 
5 11 0 2.4524276130419382 15.291502622129176 
6 11 0 4.7084973778708195 15.29150262212918 
5 10 0 2.4524276130419387 15.291502622129183 
6 10 0 4.708497377870818 15.29150262212918 
5 9 0 3.194875878481186 17.24722738098367 
6 9 0 5.999999999999997 16.000000000000004 
5 8 0 3.19487587794662 17.247227374945247 
6 8 0 5.999999999999999 16.0 
5 7 0 4.711197133091257 17.524370002710555 
6 7 0 8.000000000000002 16.0 
5 6 0 4.71119711200085 17.524370917358898 
6 6 0 8.0 16.0 
5 5 0 6.415191034224731 16.156852216324342 
6 5 0 14.0 14.0 
5 4 0 6.415191034224729 16.15685221631671 
6 4 0 14.0 14.0 
4 13 0 4.0 4.0 
4 12 0 3.9999999999999996 4.0 
4 11 0 1.754902404896769 13.475861247226435 
4 10 0 1.754902404898887 13.475861247226439 
4 9 0 1.3348236735329173 17.247227005414075 
4 8 0 1.33482367353295 17.247226844274802 
4 7 0 2.0149919163222823 19.189764198512634 
4 6 0 2.01499191656288 19.18976420020965 
4 5 0 3.5074767102991222 17.999999986520717 
4 4 0 3.5074766775100925 17.9999999931005 
4 3 0 5.310671160318109 14.999999906654837 
5 3 0 9.0 13.0 
4 2 0 5.310671174713297 14.999999956644135 
5 2 0 9.0 13.000000000000002 
3 13 0 4.0 4.0 
3 12 0 4.0 4.0 
3 11 0 1.7549024048890391 12.436513193338245 
3 10 0 1.754902404889024 12.43651319579536 
3 9 0 0.6650328364029762 15.54467181852634 
3 8 0 0.6650328364035927 15.544671984915384 
3 7 0 0.517913062894461 19.18976419434569 
3 6 0 0.5179130629274838 19.189764196750197 
3 5 0 0.873176577381833 19.999999996470294 
3 4 0 0.8731765773819985 19.99999999611563 
3 3 0 2.4793842594768862 16.999998937504035 
3 2 0 2.479384255025174 16.999999992994802 
3 1 0 4.395581257962185 13.999999971698134 
4 1 0 7.518805695907984 12.000000000000002 
3 0 0 4.395581260367102 13.99999999995564 
4 0 0 7.518805695907984 12.000000000000002 
2 13 0 4.0 4.0 
2 12 0 4.0 4.0 
2 11 0 1.7930648523182 10.70985008512986 
2 10 0 1.7930648523181993 10.709850085129855 
2 9 1 0.6650328364022265 14.527684501344469 
2 8 1 0.6650328364022275 14.52768450145181 
2 7 3 0.972089951179547 17.54676308296942 
2 6 3 0.9720899511794434 17.546705621731633 
2 5 3 0.8731765773817095 19.999999870361126 
2 4 3 0.8731765773817081 19.999999989315192 
2 3 1 0.6555549859888 17.910777187892254 
2 2 1 0.6555549859887977 17.910776039276968 
2 1 0 1.731249187848076 15.685741682920547 
2 0 0 1.7312491797307357 15.685741661971958 
2 -1 0 3.6762480546401624 12.601908229961952 
3 -1 0 6.518805695907983 10.170086486626033 
2 -2 0 3.676248055762925 12.601908230174066 
3 -2 0 6.518805695907984 10.170086486626035 
1 11 0 4.657076917222831 8.81360650264833 
1 10 0 4.657076917222829 8.81360650264833 
1 9 0 2.4946799008319758 12.882964622806435 
1 8 0 2.494679902869778 12.882966509677155 
1 7 0 0.8240561146273733 16.472822146942182 
1 6 0 0.8240561152363806 16.472822170890616 
1 5 0 0.4655197302489396 19.52415587081899 
1 4 0 0.4655197302475967 19.524261120025017 
1 3 0 0.36807543707633955 19.531666576089567 
1 2 0 0.368075437074981 19.531666791552833 
1 1 0 0.5645451470028423 16.601861810431117 
1 0 0 0.5645451470359042 16.601861457486695 
1 -1 0 2.3978231121994327 13.314894484294246 
1 -2 0 2.3978231125219165 13.314894486174905 
1 -3 0 4.402264811881125 9.917285993093534 
2 -3 0 6.0 6.0 
1 -4 0 4.402264811881124 9.917285993093532 
2 -4 0 6.0 6.0 
0 11 0 6.0 6.0 
0 10 0 6.0 6.0 
0 9 0 3.1297036883480502 11.813606502648328 
0 8 0 3.129703688348046 11.813606502648318 
0 7 0 1.1140549942013847 14.942830835221098 
0 6 0 1.114054994201614 14.942830125486232 
0 5 1 0.49093748809442683 17.90406459351155 
0 4 1 0.4909374880944309 17.904064689874446 
0 3 3 0.953853185303244 19.999999936071582 
0 2 3 0.6973842117796302 19.99999988694137 
0 1 3 1.0166302312732756 17.536715201474916 
0 0 3 1.0166302311486874 17.536716295647384 
0 -1 1 0.7768890492156044 15.139027887134278 
0 -2 1 0.7768890492156054 15.139027865596914 
0 -3 0 1.979338740955914 10.362456895847748 
0 -4 0 1.9793387409585594 10.362456895847743 
-1 9 0 7.0 9.0 
-1 8 0 7.0 9.0 
-1 7 0 4.063049691461357 13.999999995752148 
-1 6 0 4.063049700555754 13.99999999395296 
-1 5 0 2.2486907267240377 16.999999999144155 
-1 4 0 2.2486907267140728 16.999999182518323 
-1 3 0 0.9572223655532892 19.999999999662236 
-1 2 0 0.9572223671810921 19.99999999160258 
-1 1 0 0.6582890527489033 18.97222993127715 
-1 0 0 0.6582890527487825 18.972230002334488 
-1 -1 0 0.7768890492156516 15.249906277083385 
-1 -2 0 0.7768890492246711 15.249906793748117 
-1 -3 0 1.979338742805305 11.821563478374491 
-1 -4 0 1.9793387409557481 11.821563478374227 
-1 -5 0 4.0 4.0 
0 -5 0 4.0 4.0 
-1 -6 0 4.0 4.0 
0 -6 0 4.0 4.0 
-2 7 0 7.999999999999998 12.0 
-2 6 0 8.000000000000002 12.0 
-2 5 0 5.128666929251231 14.999999999755905 
-2 4 0 5.128666930047312 14.999999999824523 
-2 3 0 3.39239089758723 17.99999864120328 
-2 2 0 3.3923909038222093 17.999999998153417 
-2 1 0 2.179081547220607 18.97222966587245 
-2 0 0 2.179081547246346 18.97223000222578 
-2 -1 0 1.6165019125610824 16.723320253279127 
-2 -2 0 1.616501911542111 16.72332023538974 
-2 -3 0 1.9962393252724744 11.83401386273549 
-2 -4 0 1.9962393254095974 11.83401386273548 
-2 -5 0 4.0 4.0 
-2 -6 0 4.0 4.0 
-3 5 0 10.999999999999998 13.0 
-3 4 0 10.999999999999998 13.0 
-3 3 0 6.836558309170765 15.999999999999996 
-3 2 0 6.836558309170768 15.999999796881138 
-3 1 0 4.662898692865771 17.86662636567008 
-3 0 0 4.662898692865793 17.86662669031369 
-3 -1 0 3.4889278331659317 16.7233202532807 
-3 -2 0 3.4889278326800373 16.72332025328053 
-3 -3 0 2.8035053114602566 11.999999999999902 
-3 -4 0 2.80350531146026 11.999999999996534 
-3 -5 0 4.0 4.0 
-3 -6 0 4.0 4.0 
-4 3 0 14.0 14.0 
-4 2 0 14.0 14.0 
-4 1 0 9.612945829337892 16.387054170662108 
-4 0 0 9.61294582933789 16.387054170662108 
-4 -1 0 6.378211942293236 16.578686706520646 
-4 -2 0 6.378211942293232 16.578686706520646 
-4 -3 0 4.763932022500211 11.999999999999998 
-4 -4 0 4.763932022500209 12.000000000000002 
-4 -5 0 4.0 4.0 
-4 -6 0 4.0 4.0 
