0 0 1 2.0000000000000004 3.0 
1 0 0 3.0 3.0 
0 -1 1 2.0 3.0 
1 -1 0 3.0 3.0 
0 -2 1 0.4362180555039226 11.72397519042205 
1 -2 0 3.292033619224162 11.723975190422054 
0 -3 1 0.4362180555039254 11.72397519042205 
1 -3 0 3.2920336192241604 11.723975190422047 
0 -4 0 0.3017666630805699 13.947550927956346 
1 -4 0 4.3684973386097266 13.815312819122202 
0 -5 0 0.30176666308056954 13.947550921669766 
1 -5 0 4.3684973386097266 13.815312819122198 
0 -6 0 1.1483576278816763 15.07607616528987 
1 -6 0 5.994067333482177 13.044631730199566 
0 -7 0 1.1483576274832805 15.073300263315746 
1 -7 0 5.994067333482176 13.044631730199566 
0 -8 0 2.733327914270732 14.0 
1 -8 0 11.0 11.0 
0 -9 0 2.7333279142707356 14.0 
1 -9 0 11.0 11.0 
-1 0 0 2.0 2.0 
-1 -1 0 2.0 2.0 
-1 -2 1 0.436218055503924 9.259495904423993 
-1 -3 1 0.4362180555039256 9.259495904423988 
-1 -4 0 0.2857483757915134 13.94755093192734 
-1 -5 0 0.285748375754312 13.947550932023738 
-1 -6 0 0.7974012098366173 15.286496814644288 
-1 -7 0 0.7974012098392421 15.286496325371049 
-1 -8 0 1.6093323640046973 14.706563746414156 
-1 -9 0 1.6093323578462277 14.706563925539491 
-1 -10 0 3.177586518333064 11.670621507634326 
0 -10 0 5.585786437626905 9.0 
-1 -11 0 3.177586518333062 11.67062150763504 
0 -11 0 5.585786437626904 9.0 
-2 -2 0 2.000000000000001 8.188301498932658 
-2 -3 0 2.000000000000001 8.18830149893266 
-2 -4 1 0.28574837575313544 12.786035613334862 
-2 -5 1 0.28574837575313355 12.78603565329297 
-2 -6 1 0.24197209902546205 15.28649686328344 
-2 -7 1 0.2419720990254593 15.286496885806075 
-2 -8 0 0.4062137470857057 15.436848963176844 
-2 -9 0 0.40621374708442115 15.43684929661024 
-2 -10 0 1.26326674058183 13.999999999969127 
-2 -11 0 1.2632667405818432 13.999999999997982 
-2 -12 0 2.8113910289429973 8.8915375304482 
-1 -12 0 6.0 6.0 
-2 -13 0 2.8113910289429986 8.891537530448197 
-1 -13 0 6.0 6.0 
-3 -2 0 4.0 4.0 
-3 -3 0 4.0 4.0 
-3 -4 0 1.9331552480024723 10.882807376701276 
-3 -5 0 1.9331552480024732 10.882807379002793 
-3 -6 0 0.2419720990254649 14.9999999782877 
-3 -7 0 0.24197209902546835 14.999999921755823 
-3 -8 1 0.4062137470841158 15.999999161312818 
-3 -9 1 0.40621374708412084 15.999999873572834 
-3 -10 0 0.39119089574947846 14.739326203386206 
-3 -11 0 0.3911908957562595 14.739325651440522 
-3 -12 0 1.7427398447686222 11.999999997159467 
-3 -13 0 1.742739843201182 11.999999999803041 
-4 -4 0 4.657076917222831 8.813606502648332 
-4 -5 0 4.657076917222828 8.813606502648334 
-4 -6 0 1.647734075792493 12.999999994695495 
-4 -7 0 1.647734078981289 12.999999986466587 
-4 -8 1 1.0138451453706274 15.999999984583852 
-4 -9 1 1.013845145370622 15.999999440948976 
-4 -10 0 0.26172229090376453 15.496872518096389 
-4 -11 0 0.2617222908868859 15.496872670957007 
-4 -12 0 0.9950624334463963 12.743999184457627 
-4 -13 0 0.995062432601778 12.743999191097949 
-4 -14 0 2.5575284002031107 9.174522407365771 
-3 -14 0 4.0 4.0 
-4 -15 0 2.55752840020311 9.174522407365766 
-3 -15 0 4.0 4.0 
-5 -4 0 6.0 6.0 
-5 -5 0 6.0 6.0 
-5 -6 0 3.270302376694938 11.0 
-5 -7 0 3.270302376694935 11.0 
-5 -8 0 1.7956047069381786 13.999999989586462 
-5 -9 0 1.795604706938279 13.999999995112999 
-5 -10 0 0.2617222908856266 15.496872669770811 
-5 -11 0 0.26172229088862675 15.496872664650795 
-5 -12 1 0.9950624326016262 13.511147573742853 
-5 -13 1 0.9950624326016276 13.511147571066818 
-5 -14 0 0.4677201272164353 9.869012518562602 
-5 -15 0 0.46772012721643236 9.869012518562606 
-6 -6 0 7.000000000000001 9.0 
-6 -7 0 6.999999999999998 9.0 
-6 -8 0 4.113329008505186 12.296845220794722 
-6 -9 0 4.11332900850519 12.296845220794726 
-6 -10 0 2.5078861244024457 14.025422211917173 
-6 -11 0 2.507886125678888 14.02542187822979 
-6 -12 0 1.1252776716095596 13.511147578004381 
-6 -13 0 1.1252776696870486 13.511147577954052 
-6 -14 0 0.4677201272164337 10.60555127546399 
-6 -15 0 0.4677201272164325 10.605551275463986 
-6 -16 0 2.0 2.0 
-5 -16 0 2.0 2.0 
-6 -17 0 2.0 2.0 
-5 -17 0 2.0 2.0 
-7 -8 0 10.0 10.0 
-7 -9 0 10.0 10.0 
-7 -10 0 5.954965416913616 12.567903599540472 
-7 -11 0 5.954965416913616 12.567903599540474 
-7 -12 0 4.3116358843301 12.705856207708326 
-7 -13 0 4.3116358843301 12.705856207708324 
-7 -14 0 2.9999999999999996 10.60555127546399 
-7 -15 0 3.0 10.605551275463991 
-7 -16 0 2.0 2.0 
-7 -17 0 2.0 2.0 
