3 5 0 2.6657994684570725 6.999999999999998 
4 5 0 7.0 7.0 
3 4 0 2.6657994684570725 6.999999999999998 
4 4 0 7.0 7.0 
3 3 0 3.2712013533412088 18.109772228646403 
4 3 0 8.890227771353555 18.10977222864644 
3 2 0 3.2712013533409485 18.109772228646417 
4 2 0 8.890227771353555 18.10977222864644 
3 1 0 4.598492823597672 19.999999999999996 
4 1 0 17.0 17.0 
3 0 0 4.598492823597669 19.999999999999993 
4 0 0 17.0 17.0 
2 5 0 0.6162402800541849 6.739677309741648 
2 4 0 0.6162402800541864 6.739677309741649 
2 3 0 0.9290024307992064 16.598666546088634 
2 2 0 0.9290024309357419 16.59866654615189 
2 1 0 1.6633312146000692 19.99999999883937 
2 0 0 1.6633312146005583 19.999999957723283 
2 -1 0 2.2740918218505537 17.99999992678335 
3 -1 0 7.212445498746506 15.000000000000002 
2 -2 0 2.274091819579103 17.9999999998947 
3 -2 0 7.212445498746507 15.000000000000002 
1 5 0 0.6162402800541882 6.211416766338717 
1 4 0 0.6162402800541874 6.211416766338715 
1 3 0 0.1806071463299618 15.003520122097942 
1 2 0 0.18060714638779796 15.003520100303561 
1 1 0 0.3975067381638162 19.090561653335804 
1 0 0 0.3975067381635338 19.09056165255004 
1 -1 0 0.7430865206421411 19.99999974556334 
1 -2 0 0.7430865206622218 19.999998516421375 
1 -3 0 1.7881421171313419 15.850151522607142 
2 -3 0 4.798649487091628 13.000000000000004 
1 -4 0 1.7881421171313532 15.850151419422778 
2 -4 0 4.798649487091625 12.999999999999995 
0 5 0 3.0 5.0 
0 4 0 3.0 5.0 
0 3 0 0.1806071463297318 13.295645610285122 
0 2 0 0.18060714632899003 13.295645435704625 
0 1 1 0.3975067381633481 17.57759401111794 
0 0 1 0.3975067381633412 17.577594244628717 
0 -1 1 0.33288748375316773 19.999998050641533 
0 -2 1 0.33288748375317867 19.999999852792772 
0 -3 0 0.4178510108645553 17.862774578142766 
0 -4 0 0.41785101054503115 17.862775198081764 
0 -5 0 1.890152797242172 13.663959385289859 
1 -5 0 4.145454604519475 10.599759283242726 
0 -6 0 1.890152797242179 13.663959503940584 
1 -6 0 4.145454604519477 10.59975928324272 
-1 3 0 3.6151226545862123 11.523668074288238 
-1 2 0 3.615122654586211 11.52366807428824 
-1 1 0 0.473043986568069 15.695577426552823 
-1 0 0 0.47304398643135664 15.695577734230016 
-1 -1 0 0.18764812178385198 19.823710431224338 
-1 -2 0 0.1876481217552242 19.82371008212975 
-1 -3 0 0.41785101052712903 19.8621577881465 
-1 -4 0 0.4178510105323759 19.862159421976042 
-1 -5 0 0.8280277528479182 15.56501115628006 
-1 -6 0 0.8280277524322562 15.565011184682053 
-1 -7 0 2.710192542910181 10.943098054471298 
0 -7 0 4.999999999999999 7.0 
-1 -8 0 2.7101925453620264 10.943098054471298 
0 -8 0 5.0 7.0 
-2 3 0 5.0 8.0 
-2 2 0 5.0 8.0 
-2 1 0 2.332792338686664 13.777463838278843 
-2 0 0 2.332792339661107 13.77746383832449 
-2 -1 0 0.18764812175083823 17.938309240975034 
-2 -2 0 0.18764812177049972 17.938308643273068 
-2 -3 1 0.42895747614720536 19.999999910578936 
-2 -4 1 0.42895747614720015 19.999997898295145 
-2 -5 1 0.4462510545546531 17.384648558100455 
-2 -6 1 0.4462510545546531 17.38464872632597 
-2 -7 0 0.47968602942168387 13.246823112562614 
-2 -8 0 0.47968602942160093 13.246823112538127 
-3 3 0 7.0 7.0 
-3 2 0 7.0 7.0 
-3 1 0 4.910633435476176 11.756869663710052 
-3 0 0 4.910633435476179 11.756869663710056 
-3 -1 0 3.0619652439717613 15.777461861030329 
-3 -2 0 3.0619652474826813 15.777461628108258 
-3 -3 0 0.9178279239566511 19.99999999963091 
-3 -4 0 0.9178279239865471 19.999999996577948 
-3 -5 0 0.44625105458601794 19.035512177231546 
-3 -6 0 0.44625105456686387 19.035517976519944 
-3 -7 0 0.47968602992704806 14.66488963509419 
-3 -8 0 0.47968602942151584 14.664889621207225 
-3 -9 0 1.8128877248705086 9.926761148312522 
-2 -9 0 2.3528225808185503 8.024192780489484 
-3 -10 0 1.8128877365664497 9.926761148312524 
-2 -10 0 2.3528225808185503 8.024192780489484 
-4 1 0 9.0 9.0 
-4 0 0 9.0 9.0 
-4 -1 0 5.824222697610003 13.656133147844137 
-4 -2 0 5.824222696679988 13.656133147878654 
-4 -3 0 3.6060290468797658 16.99999999788819 
-4 -4 0 3.6060290475796126 16.999999998175134 
-4 -5 0 1.4166545857772312 19.035519890721563 
-4 -6 0 1.4166545858302675 19.035517161799547 
-4 -7 0 1.3752269761982407 15.473495589848598 
-4 -8 0 1.375226976197398 15.473495802829817 
-4 -9 0 1.7684417088548976 10.703659810269974 
-4 -10 0 1.7684417091228635 10.703659810310036 
-4 -11 0 3.0 3.0 
-3 -11 0 3.0 3.0 
-4 -12 0 2.9999999999999996 3.0000000000000004 
-3 -12 0 3.0 3.0 
-5 -1 0 11.0 11.0 
-5 -2 0 11.0 11.0 
-5 -3 0 7.492197042241278 15.054880980378705 
-5 -4 0 7.492197042241285 15.0548809786117 
-5 -5 0 4.813233049419779 17.315196720986634 
-5 -6 0 4.813233049419776 17.315195718900092 
-5 -7 0 2.403068006138132 15.473495817906391 
-5 -8 0 2.4030680008249354 15.473495667351457 
-5 -9 0 1.7684417088548932 11.11902667552592 
-5 -10 0 1.7684417088548963 11.119026675525918 
-5 -11 0 3.0 3.0000000000000004 
-5 -12 0 2.9999999999999996 3.0 
-6 -3 0 13.0 13.0 
-6 -4 0 13.0 13.0 
-6 -5 0 9.999999999999998 15.79128784747792 
-6 -6 0 10.0 15.791287847477918 
-6 -7 0 7.381966011250106 15.174175379122723 
-6 -8 0 7.381966011250105 15.174175379122717 
-6 -9 0 5.312600438263826 11.119026675525918 
-6 -10 0 5.312600438263826 11.11902667552592 
-6 -11 0 3.0 3.0 
-6 -12 0 3.0 3.0 
