4 14 0 2.0 2.0 
5 14 0 2.0 2.0 
4 13 0 2.0 2.0 
5 13 0 2.0 2.0 
4 12 0 0.43844718719117015 7.89510651592753 
5 12 0 2.707598414775379 7.89510651592753 
4 11 0 0.4384471871911696 7.895106515927533 
5 11 0 2.707598414775379 7.895106515927532 
4 10 0 1.010807514569513 10.282784283560689 
5 10 0 3.697224362268005 9.751532071547526 
4 9 0 1.0108075149568616 10.282784283560684 
5 9 0 3.6972243622680048 9.751532071547532 
4 8 0 2.19629141746551 10.533047710511745 
5 8 0 5.133801737490978 9.65544238154983 
4 7 0 2.1962914174655106 10.533047710511667 
5 7 0 5.133801737490977 9.655442381549825 
4 6 0 3.5505102572168226 9.119313851897214 
5 6 0 8.0 8.0 
4 5 0 3.550510257216822 9.119313851897216 
5 5 0 8.0 8.0 
3 14 0 2.0 2.0 
3 13 0 2.0 2.0 
3 12 0 0.4384471871911708 6.490863615361031 
3 11 0 0.4384471871911696 6.490863615361032 
3 10 1 1.0108075145520456 10.282784283559286 
3 9 1 1.0108075145520328 10.282784283560597 
3 8 0 0.20643956972429356 11.492723783775771 
3 7 0 0.20643956972429384 11.492723774031411 
3 6 0 1.2668347704890044 10.99999999941751 
3 5 0 1.2668347697218918 10.999999999724595 
3 4 0 2.669941260432018 7.503875665312036 
4 4 0 5.000000000000001 7.0 
3 3 0 2.6699412604320183 7.503875665312036 
4 3 0 5.0 7.0 
2 12 0 3.0 6.0 
2 11 0 3.0 6.0 
2 10 0 1.2320731454188807 8.700067129474647 
2 9 0 1.2320731454188907 8.700067129474649 
2 8 0 0.20643956972429983 11.492723784829517 
2 7 0 0.2064395697243012 11.492723781118572 
2 6 1 1.2668347697218816 11.752594725513415 
2 5 1 1.2668347697218925 11.752594893069325 
2 4 0 0.9996869654245527 9.999999999999991 
2 3 0 0.9996869654246833 10.0 
2 2 0 4.0 4.0 
3 2 0 4.0 4.0 
2 1 0 4.0 4.0 
3 1 0 4.0 4.0 
1 10 0 4.999999999999998 8.0 
1 9 0 5.0 8.0 
1 8 0 1.4864067851160174 10.655049849601314 
1 7 0 1.4864067848246656 10.655051087537258 
1 6 0 0.39943483178600897 11.752594871259612 
1 5 0 0.39943483144783126 11.752594679147025 
1 4 0 0.569989487497993 10.38051650269162 
1 3 0 0.5699894874704081 10.380516664794936 
1 2 0 1.6791155005525142 7.672823701000947 
1 1 0 1.6791155005525134 7.672823701000947 
0 10 0 5.0 5.0 
0 9 0 5.0 5.0 
0 8 0 1.8121084984833893 10.0 
0 7 0 1.8121084984833917 10.0 
0 6 0 0.3994348313520798 11.116036775552292 
0 5 0 0.3994348313520779 11.116036646215377 
0 4 1 0.5699894874704083 10.39506911027006 
0 3 1 0.5699894874704092 10.395069110097007 
0 2 1 1.1247229212115686 7.6739179164936395 
0 1 1 1.1247229212115668 7.673917916493642 
-1 8 0 7.0 7.0 
-1 7 0 7.0 7.0 
-1 6 0 3.8113855814441946 10.175151613272101 
-1 5 0 3.811385581444192 10.175151613272103 
-1 4 0 2.0123301073914615 10.395069110296443 
-1 3 0 2.0123301073914615 10.395069110296443 
-1 2 0 1.1247229212115677 7.6739179164936395 
-1 1 0 1.1247229212115677 7.67391791649364 
-1 0 0 1.0 1.0 
0 0 0 1.0 1.0 
-1 -1 0 1.0 1.0 
0 -1 0 1.0 1.0 
