3 7 0 0.9999999999999999 3.0 
4 7 0 3.0 3.0 
3 6 0 0.9999999999999999 3.000000000000001 
4 6 0 3.0 3.0 
3 5 0 1.0079867274571241 13.555205341528357 
4 5 0 3.532790804008386 13.555205341528355 
3 4 0 1.0079867274571226 13.555205341528357 
4 4 0 3.5327908040083855 13.555205341528353 
3 3 0 1.1864997107400825 17.272882032612284 
4 3 0 4.929616087053219 15.575989884065415 
3 2 0 1.186499710740071 17.27288184396894 
4 2 0 4.929616087053217 15.575989884065418 
3 1 0 2.261329373373687 17.59032477092471 
4 1 0 7.729849675587324 16.214585237966666 
3 0 0 2.2613293776039822 17.59032474097667 
4 0 0 7.729849675587322 16.21458523796667 
3 -1 0 4.166128447900724 16.000000000000004 
4 -1 0 13.0 13.0 
3 -2 0 4.166128447900721 16.000000000000004 
4 -2 0 13.0 13.0 
2 7 0 1.0 3.0 
2 6 0 1.0000000000000002 3.0 
2 5 0 0.9071682107749329 13.22545416900894 
2 4 0 0.9071682107749348 13.225454169008936 
2 3 0 0.8660568011590304 17.2728820246317 
2 2 0 0.8660568008313477 17.272882018662614 
2 1 0 1.0398370170010627 19.23998877706863 
2 0 0 1.039837017403503 19.23998820886384 
2 -1 0 2.368300688303397 17.99999814056924 
2 -2 0 2.368300688302582 17.99999999937008 
2 -3 0 4.561054688876289 13.99999999999991 
3 -3 0 9.0 11.0 
2 -4 0 4.561054688892852 13.999999907208018 
3 -4 0 8.999999999999998 11.0 
1 5 1 0.9071682107749334 9.086982474678164 
1 4 1 0.9071682107749327 9.086982474678171 
1 3 2 0.19313209314505755 15.76529560223007 
1 2 2 0.19313209314505683 15.765295112427365 
1 1 1 0.10628754259544494 19.239988805531407 
1 0 1 0.10628754259543936 19.23998838930114 
1 -1 0 0.12376035046638706 19.999999951428585 
1 -2 0 0.12376035044698935 19.999999997339742 
1 -3 0 1.9340141098079948 15.999999862956356 
1 -4 0 1.934014109808376 15.999999791671488 
1 -5 0 4.497125026826238 12.0 
2 -5 0 7.0 9.0 
1 -6 0 4.497125026826236 12.0 
2 -6 0 6.999999999999998 9.0 
0 5 0 1.9999999999999998 5.999999999999999 
0 4 0 2.0000000000000004 5.999999999999998 
0 3 0 0.1931320931533254 13.685555850915586 
0 2 0 0.1931320931558323 13.68555585091562 
0 1 0 0.10628754259670785 17.77654250507159 
0 0 0 0.10628754259593179 17.77654258154216 
0 -1 0 0.123760350457243 19.999999466914993 
0 -2 0 0.12376035044709542 19.999999266416978 
0 -3 0 0.19279179415432668 17.99999996320965 
0 -4 0 0.19279179408501618 17.999999887413768 
0 -5 0 1.6210879585647424 13.999999995979103 
0 -6 0 1.6210879585647706 13.999998888918656 
-1 3 0 2.000000000186941 11.999999999998288 
-1 2 0 2.00000000053354 11.99999999999979 
-1 1 1 0.35791055331344696 15.999999167468074 
-1 0 1 0.35791055331344807 15.999999632254397 
-1 -1 2 0.19000675781895504 19.758868433703395 
-1 -2 2 0.19000675781895524 19.758868371598705 
-1 -3 1 0.11902320656079934 19.75688445238103 
-1 -4 1 0.1190232065607984 19.756883560811485 
-1 -5 0 0.13665500600533717 15.99999983835155 
-1 -6 0 0.1366550059910174 15.999999918751016 
-1 -7 0 2.3911334934208597 11.117435563373075 
0 -7 0 4.0 7.999999999999999 
-1 -8 0 2.391133493420861 11.117435555667091 
0 -8 0 4.000000000000001 8.0 
-2 3 0 4.000000000000001 8.0 
-2 2 0 4.0 8.0 
-2 1 0 1.9755822304744537 13.999999997931997 
-2 0 0 1.97558223160125 13.999999994683094 
-2 -1 0 0.18732214640296824 17.99999991099359 
-2 -2 0 0.187322146403551 17.99999991450228 
-2 -3 0 0.11902320656091818 19.999999904835516 
-2 -4 0 0.1190232065608624 19.99999993782146 
-2 -5 0 0.1366550059784002 17.777862180577838 
-2 -6 0 0.13665500597871233 17.77786171432639 
-2 -7 0 0.19802151890956293 13.691247198466353 
-2 -8 0 0.19802151890691314 13.691247123706098 
-3 1 0 4.487848482391069 12.0 
-3 0 0 4.487848482391071 11.999999999999996 
-3 -1 0 2.160643184195978 15.999999917113838 
-3 -2 0 2.160643184610557 15.999999869599565 
-3 -3 0 0.3883096631364925 19.999999758019918 
-3 -4 0 0.3883096631507643 19.999999133893954 
-3 -5 0 0.1895124598456635 19.260889218305344 
-3 -6 0 0.18951245984910295 19.26089013534594 
-3 -7 0 0.19802151891245068 15.763900588081388 
-3 -8 0 0.19802151890714495 15.76390055460837 
-3 -9 0 0.4438546676334556 9.720281488822843 
-2 -9 0 1.9999999999999993 5.999999999999998 
-3 -10 0 0.44385466763345693 9.720281488822845 
-2 -10 0 2.0000000000000004 6.0 
-4 1 0 7.0 9.0 
-4 0 0 7.000000000000001 9.0 
-4 -1 0 4.050296558117205 13.99999999999325 
-4 -2 0 4.050296558117193 13.999999614147697 
-4 -3 0 2.106591879319215 17.999999993276315 
-4 -4 0 2.106591879556925 17.9999999252844 
-4 -5 0 0.5283316014369347 19.26088954562797 
-4 -6 0 0.5283316014741913 19.2608900741344 
-4 -7 0 0.48510052341138404 17.279750052634473 
-4 -8 0 0.4851005233796819 17.279750246962777 
-4 -9 0 0.4438546678747641 12.52865343033884 
-4 -10 0 0.44385466763345727 12.528653430338833 
-5 -1 0 8.267949192431121 11.732050807568877 
-5 -2 0 8.267949192431121 11.732050807568877 
-5 -3 0 4.660318007673727 15.999999999999998 
-5 -4 0 4.660318007673732 16.0 
-5 -5 0 2.8550339306493697 17.65499175390637 
-5 -6 0 2.855033920768303 17.6549917562586 
-5 -7 0 1.4299074439971244 17.279750405826107 
-5 -8 0 1.4299074424170164 17.27975044318785 
-5 -9 0 0.790365993507971 13.969212468116327 
-5 -10 0 0.7903659935079749 13.969212468116321 
-5 -11 0 1.0 3.0 
-4 -11 0 0.9999999999999999 3.0 
-5 -12 0 1.0000000000000002 3.0 
-4 -12 0 0.9999999999999998 3.0 
-6 -3 0 13.0 13.0 
-6 -4 0 13.0 13.0 
-6 -5 0 7.568404212700133 15.954021417193392 
-6 -6 0 7.568404212700135 15.954021417193392 
-6 -7 0 5.586148165320196 15.938043309461937 
-6 -8 0 5.5861481653201945 15.938043309461936 
-6 -9 0 4.147495287783221 13.969212468116325 
-6 -10 0 4.147495287783221 13.969212468116325 
-6 -11 0 3.0 3.0 
-6 -12 0 3.0 3.0 
