3 7 0 1.0 4.0 
4 7 0 4.0 4.0 
3 6 0 1.0000000000000002 4.0 
4 6 0 4.0 4.0 
3 5 0 1.6482015738176155 14.840913922998388 
4 5 0 4.71795355005896 14.84091392299839 
3 4 0 1.6482015738176152 14.840913922998388 
4 4 0 4.717953550058958 14.84091392299839 
3 3 0 2.4115832931713856 17.125438674140288 
4 3 0 6.776337738339426 15.29371334277344 
3 2 0 2.411583293187476 17.125438664925866 
4 2 0 6.776337738339427 15.29371334277344 
3 1 0 3.353605833010894 17.000000000000004 
4 1 0 13.0 13.0 
3 0 0 3.353605833010895 17.0 
4 0 0 13.0 13.0 
2 7 0 1.0 4.0 
2 6 0 0.9999999999999998 3.9999999999999996 
2 5 1 1.6304872267127817 14.555185997264358 
2 4 1 1.6304872287860006 14.555185998595224 
2 3 0 0.6004303673566099 17.125438673772138 
2 2 0 0.6004303673565837 17.125438667281554 
2 1 0 1.2430697549621823 17.782855840543686 
2 0 0 1.2430697549622733 17.782856366618656 
2 -1 0 2.2238272895636726 15.857194554575146 
3 -1 0 7.585786437626905 11.000000000000002 
2 -2 0 2.223827292351491 15.857194554610968 
3 -2 0 7.585786437626905 11.0 
1 7 0 3.0 3.0 
1 6 0 3.0 3.0 
1 5 0 1.6304872320759598 13.125975976233157 
1 4 0 1.6304872268480621 13.125975976233162 
1 3 0 0.600430367361159 16.385968975248364 
1 2 0 0.6004303673572896 16.385968971710504 
1 1 1 0.8961372498627935 17.782252835382163 
1 0 1 0.8961372498627839 17.781772948101285 
1 -1 0 0.9208114702304255 16.773024207680518 
1 -2 0 0.9208114702408586 16.772856194045747 
1 -3 0 1.9309353000409324 13.999999939409344 
2 -3 0 5.585786437626906 9.0 
1 -4 0 1.9309353000391176 13.9999999586878 
2 -4 0 5.585786437626906 9.000000000000002 
0 5 0 2.9999999999999982 11.605551275463991 
0 4 0 3.0000000000000004 11.605551275463991 
0 3 0 0.6991658302600624 15.735671733243056 
0 2 0 0.6991658302671157 15.73567173324285 
0 1 2 0.8922327039498625 17.72329712919667 
0 0 2 0.8961372498627919 17.723296758366335 
0 -1 2 0.9208114702303056 17.55171865813559 
0 -2 2 0.9208114702303098 17.551718103302008 
0 -3 0 0.7876766915617974 15.587438086651053 
0 -4 0 0.7876766915541348 15.5874417644306 
0 -5 0 2.396469278537485 12.518821582374864 
1 -5 0 6.0 6.0 
0 -6 0 2.3964692685805162 12.518821573635446 
1 -6 0 6.0 6.0 
-1 5 0 7.0 7.000000000000001 
-1 4 0 7.0 7.0 
-1 3 0 2.6252340078095044 13.605551275262341 
-1 2 0 2.62523400770991 13.605551267697077 
-1 1 0 0.8922327039807997 16.999999979303595 
-1 0 0 0.8922327040291527 16.99999994547464 
-1 -1 1 0.6293437951118023 17.551718728067755 
-1 -2 1 0.6293437951118027 17.551694276051773 
-1 -3 0 0.660623897140628 16.25502814297078 
-1 -4 0 0.6606238976142577 16.255030696664857 
-1 -5 0 1.5101946193840523 13.223925110376664 
-1 -6 0 1.510194619013134 13.223925067393482 
-2 5 0 6.999999999999999 7.000000000000001 
-2 4 0 6.999999999999999 7.000000000000001 
-2 3 0 4.39024437250176 11.892733853970721 
-2 2 0 4.387995938371347 11.892733853969542 
-2 1 0 2.164631481047962 14.999999999517504 
-2 0 0 2.164631472184671 14.99999969127807 
-2 -1 0 0.6293437951122842 16.61851960720603 
-2 -2 0 0.6293437951118497 16.618520764077136 
-2 -3 1 0.6606238971240951 16.255030097568334 
-2 -4 1 0.6606238972688608 16.255028696555108 
-2 -5 1 0.39138220002582064 13.549297435152477 
-2 -6 1 0.391382200025824 13.549298588712357 
-2 -7 0 0.995853772310015 10.745484311611957 
-1 -7 0 2.5792809871776985 10.259569634505048 
-2 -8 0 0.9958537737783641 10.745485343067246 
-1 -8 0 2.5792809880025893 10.259569634505045 
-3 5 0 7.0 7.0 
-3 4 0 7.0 7.0 
-3 3 0 4.633017143831205 10.52455859580781 
-3 2 0 4.633017143831205 10.524558595807804 
-3 1 0 2.815249391752225 13.362626017546368 
-3 0 0 2.81524937951481 13.36262593309977 
-3 -1 0 1.6104692886792153 15.469772026200705 
-3 -2 0 1.6104692886760898 15.469772018252874 
-3 -3 0 0.9967125909427141 15.473220491452581 
-3 -4 0 0.9967125909790273 15.473220492010908 
-3 -5 0 0.3913822000265634 13.690422727143211 
-3 -6 0 0.39138220002584717 13.68521666927341 
-3 -7 1 0.9958537761643075 11.174201787803261 
-3 -8 1 0.9958538024545184 11.174201775810461 
-3 -9 0 1.0000000000000004 7.375774356957081 
-2 -9 0 1.9999999999999998 7.030321847184647 
-3 -10 0 1.0000000000000013 7.375774356957082 
-2 -10 0 1.9999999999999993 7.030321847184643 
-4 3 0 9.0 9.0 
-4 2 0 9.0 9.0 
-4 1 0 6.243100834160398 12.181989831346355 
-4 0 0 6.243100834160396 12.181989831346351 
-4 -1 0 4.090993543118547 14.313182229015146 
-4 -2 0 4.090993543313283 14.313181964354598 
-4 -3 0 2.5520802484275618 14.693582201553388 
-4 -4 0 2.5520802484281426 14.693582206437572 
-4 -5 0 1.573130328566752 13.723907282922193 
-4 -6 0 1.573130328366491 13.723908500028324 
-4 -7 0 1.0995805303083885 11.393985058200201 
-4 -8 0 1.0995805304635222 11.393985058766228 
-4 -9 0 1.000000000000001 7.489288571810076 
-4 -10 0 0.9999999999999977 7.4892885718100795 
-4 -11 0 2.0 2.0 
-3 -11 0 2.0 2.0 
-4 -12 0 2.0 2.0 
-3 -12 0 2.0 2.0 
-5 1 0 11.0 11.0 
-5 0 0 11.0 11.0 
-5 -1 0 8.104893484072468 13.292401585224619 
-5 -2 0 8.10489348407247 13.292401585224622 
-5 -3 0 5.778437598103784 14.070931954267806 
-5 -4 0 5.778437598103783 14.070931954267808 
-5 -5 0 4.030299978339413 13.723908517536197 
-5 -6 0 4.030299978339411 13.723908517536206 
-5 -7 0 2.871328619198105 11.3939850587797 
-5 -8 0 2.871328619198108 11.393985058779702 
-5 -9 0 2.2215428817416107 7.489288571810078 
-5 -10 0 2.2215428817416107 7.489288571810079 
-5 -11 0 2.0 2.0 
-5 -12 0 2.0 2.0 
