3 9 0 3.0 3.0 
4 9 0 3.0 3.0 
3 8 0 3.0 3.0 
4 8 0 3.0 3.0 
3 7 0 1.8620112723239197 10.587741450472015 
4 7 0 2.9999999999999996 10.587741450472013 
3 6 0 1.8620112723239237 10.587741450472013 
4 6 0 2.9999999999999996 10.587741450472011 
3 5 0 1.862011272327122 14.587741448312475 
4 5 0 3.8104659796649183 14.587741450472013 
3 4 0 1.8620112723239568 14.5877414225757 
4 4 0 3.810465979664919 14.587741450472013 
3 3 0 2.536889352987392 17.070927764957656 
4 3 0 5.798527661780758 15.746568246995714 
3 2 0 2.5368893545912496 17.07092776495257 
4 2 0 5.79852766178076 15.74656824699572 
3 1 0 4.051730162041615 15.999999946018894 
4 1 0 7.798527661780759 13.999999999999998 
3 0 0 4.051730162009674 15.999999904031467 
4 0 0 7.798527661780759 14.000000000000002 
3 -1 0 6.051730162008722 14.0 
4 -1 0 12.0 12.0 
3 -2 0 6.051730162008725 14.0 
4 -2 0 12.0 12.0 
2 9 0 3.0 3.0 
2 8 0 3.0 3.0000000000000004 
2 7 1 1.618926566366374 10.125690686759581 
2 6 1 1.6189265663663754 10.125690686759585 
2 5 2 0.7561912212196115 14.587741450464515 
2 4 2 0.7561912212196121 14.587741092730298 
2 3 1 0.41746974964515227 17.07092775720133 
2 2 1 0.4174697496451534 17.07092776422017 
2 1 0 0.41746974964550654 17.999999999775607 
2 0 0 0.4174697496919386 17.99999927127039 
2 -1 0 2.292527192163398 15.999999944470376 
2 -2 0 2.2925271907494764 15.999999636901428 
2 -3 0 4.292527190615431 12.999999871108843 
3 -3 0 9.000000000000002 10.999999999999998 
2 -4 0 4.29252719048059 12.999999959711415 
3 -4 0 9.0 11.0 
1 9 0 3.0 3.0 
1 8 0 3.0 3.0 
1 7 0 1.6189265663663737 8.657038110710943 
1 6 0 1.618926566366375 8.657038110710948 
1 5 0 0.7561912212198972 14.125690685732234 
1 4 0 0.75619122147028 14.125690559268795 
1 3 0 0.41746974991909847 17.07092776346807 
1 2 0 0.41746974998608055 17.070927750691602 
1 1 0 0.41746974964534694 17.99999992950055 
1 0 0 0.4174697500225821 17.999999328690006 
1 -1 0 0.8767022650092324 17.999999988075672 
1 -2 0 0.8767022655556318 17.99999988852179 
1 -3 0 1.9648166526199389 14.999999475798402 
1 -4 0 1.9648166449792503 14.999999911188402 
1 -5 0 3.964816644978511 11.561552812808833 
2 -5 0 7.0 9.0 
1 -6 0 3.964816644978515 11.56155281280883 
2 -6 0 7.0 9.000000000000002 
0 7 0 4.999999999999999 7.0 
0 6 0 4.999999999999999 7.0 
0 5 0 1.8409880222548616 12.657038110708417 
0 4 0 1.8409880196766826 12.657038110710872 
0 3 2 0.9353531946504828 15.688698176499846 
0 2 2 0.9353531946504853 15.688699093854398 
0 1 4 0.8767022641655272 17.999999393633885 
0 0 4 0.8767022641655229 17.999999999578844 
0 -1 2 0.4174697496451539 17.99999972815152 
0 -2 2 0.41746974964515843 17.999999127117505 
0 -3 0 0.41310069753069867 15.965116582572998 
0 -4 0 0.41310069755420287 15.965115695256435 
0 -5 0 2.2925271910080656 13.561552812805779 
0 -6 0 2.2925271908794076 13.561552752970547 
0 -7 0 5.0 9.561552812808829 
1 -7 0 6.0 6.0 
0 -8 0 4.999999999999999 9.561552812808829 
1 -8 0 6.0 6.0 
-1 7 0 4.999999999999999 5.0 
-1 6 0 5.0 5.0 
-1 5 0 2.41809308464187 11.0 
-1 4 0 2.418093084641872 11.000000000000004 
-1 3 0 1.3967608242555234 14.756842172447165 
-1 2 0 1.3967608266927636 14.756842207990966 
-1 1 0 0.6576145360618857 17.99999993482413 
-1 0 0 0.6576145368309304 17.99999998885735 
-1 -1 0 0.4131006975424832 17.9999991112473 
-1 -2 0 0.4131006975346542 17.999999785865583 
-1 -3 0 0.4131006975295992 17.466162588371287 
-1 -4 0 0.41310069753876105 17.466162579457365 
-1 -5 0 0.8464829925634237 14.569057149175668 
-1 -6 0 0.8464829925634555 14.569057149278757 
-1 -7 0 1.964816644978515 11.561552812808774 
-1 -8 0 1.9648166449785143 11.561552812808806 
-2 5 0 6.999999999999999 9.0 
-2 4 0 6.999999999999999 9.0 
-2 3 0 3.8409880193747155 12.99999998551165 
-2 2 0 3.840988019467675 12.999999992381776 
-2 1 0 1.8409880198611936 15.999999971484991 
-2 0 0 1.8409880191690247 15.999999744291589 
-2 -1 1 0.935353194663083 17.999999894806926 
-2 -2 1 0.9353531947918406 17.99999989776265 
-2 -3 2 0.657614535874743 17.466162588095003 
-2 -4 2 0.6576145358747423 17.466162588363368 
-2 -5 1 0.4131006975293147 15.052928115559274 
-2 -6 1 0.4131006975293125 15.052928115732854 
-2 -7 0 0.4131006978361056 11.733103926599306 
-2 -8 0 0.41310069752931405 11.733103924761599 
-2 -9 0 3.0 7.56155281280883 
-1 -9 0 4.0 4.0 
-2 -10 0 2.9999999999999996 7.561552812808829 
-1 -10 0 4.0 4.0 
-3 5 0 7.0 7.0 
-3 4 0 7.0 7.0 
-3 3 0 4.418093084641867 11.000000000000002 
-3 2 0 4.418093084641872 11.000000000000002 
-3 1 0 2.418093084641871 14.999999728357409 
-3 0 0 2.418093084641872 14.999999802747311 
-3 -1 0 1.3967608256493118 16.3818260632339 
-3 -2 0 1.3967608234713078 16.381826066968294 
-3 -3 0 0.657614535875524 17.466162589688953 
-3 -4 0 0.6576145360993764 17.46616257652102 
-3 -5 0 0.4131006979275778 15.052927076601677 
-3 -6 0 0.413100697590929 15.052926911154191 
-3 -7 0 0.41310069760726803 11.999999638268962 
-3 -8 0 0.4131006975293157 11.999999933726931 
-3 -9 0 0.8464829925634207 7.733103926790262 
-3 -10 0 0.8464829925634196 7.733103926790262 
-4 3 0 9.0 9.0 
-4 2 0 9.0 9.0 
-4 1 0 6.138675270396636 12.999999999999998 
-4 0 0 6.138675270396635 13.0 
-4 -1 0 3.9424640560985367 15.449489592589838 
-4 -2 0 3.942464056059363 15.449489742782522 
-4 -3 0 1.942464056058834 16.381826088270763 
-4 -4 0 1.942464056059884 16.381826087404868 
-4 -5 0 0.9572515967474607 15.052928092785939 
-4 -6 0 0.9572515967261434 15.052928068330818 
-4 -7 0 0.8464829925634222 11.999999998268446 
-4 -8 0 0.8464829925939159 11.999999998484832 
-4 -9 0 0.8464829925634169 8.0 
-4 -10 0 0.8464829925634195 7.999999999999998 
-4 -11 0 2.0 2.0 
-3 -11 0 2.0 2.0 
-4 -12 0 2.0 2.0 
-3 -12 0 2.0 2.0 
-5 1 0 11.0 11.0 
-5 0 0 11.0 11.0 
-5 -1 0 8.550510257216823 13.449489742783179 
-5 -2 0 8.550510257216821 13.449489742783179 
-5 -3 0 6.438447187191168 15.449489742783179 
-5 -4 0 6.438447187191168 15.449489742783172 
-5 -5 0 4.43844718719117 15.02188531226204 
-5 -6 0 4.438447187191169 15.021885312262038 
-5 -7 0 2.5857864376269064 11.999999999999995 
-5 -8 0 2.5857864376269064 12.000000000000002 
-5 -9 0 2.0 7.999999999999998 
-5 -10 0 2.0 7.999999999999998 
-5 -11 0 2.0 2.0 
-5 -12 0 2.0 2.0 
