3 9 0 2.0 2.0 
4 9 0 2.0 2.0 
3 8 0 2.0 2.0 
4 8 0 2.0 2.0 
3 7 0 0.4286361351316401 8.140799990267427 
4 7 0 2.525247756442561 8.140799990267423 
3 6 0 0.42863613513163923 8.140799990267425 
4 6 0 2.5252477564425613 8.140799990267423 
3 5 0 1.0998652961331168 11.465651672663537 
4 5 0 3.7215806275778185 11.465651672868914 
3 4 0 1.0998652972475496 11.465651672858927 
4 4 0 3.721580627577818 11.465651672868914 
3 3 0 2.056947769936461 13.435081937500769 
4 3 0 5.077337110383382 12.828820611554518 
3 2 0 2.056947779721453 13.435081937498753 
4 2 0 5.077337110383384 12.828820611554516 
3 1 0 3.4191430894824304 13.055779681745037 
4 1 0 7.012900987918669 12.111167482003923 
3 0 0 3.4191431054325916 13.055779681749604 
4 0 0 7.012900987918669 12.111167482003923 
3 -1 0 5.059143772835426 11.25164927575588 
4 -1 0 10.0 10.0 
3 -2 0 5.059143772835424 11.251649275755884 
4 -2 0 10.0 10.0 
2 9 0 2.0 2.0 
2 8 0 2.0 2.0 
2 7 0 0.4286361351316391 6.949782976455026 
2 6 0 0.4286361351316401 6.949782976455024 
2 5 1 0.5316749928193464 11.37332636997751 
2 4 1 0.5316749928193479 11.373326369981095 
2 3 0 0.21020884822932 13.59059662321187 
2 2 0 0.21020884823126867 13.59059660587725 
2 1 0 1.2278734339502324 14.345453335800507 
2 0 0 1.2278734338631574 14.345453230920954 
2 -1 0 2.6222477626368783 12.999999917724752 
2 -2 0 2.6222477626368232 12.99999993553843 
2 -3 0 4.098495850319488 9.558914258532758 
3 -3 0 7.0 9.0 
2 -4 0 4.09849585031949 9.558914258532766 
3 -4 0 6.999999999999999 9.0 
1 7 0 2.133801737490978 6.655442381549831 
1 6 0 2.1338017374909777 6.65544238154983 
1 5 0 0.531674992819352 10.077242738529476 
1 4 0 0.5316749928193519 10.077242733527797 
1 3 0 0.21020884822908967 13.590593665231205 
1 2 0 0.2102088482290915 13.590596708618866 
1 1 1 0.5250129652565498 15.518951232951279 
1 0 1 0.5250129652565477 15.518950994861825 
1 -1 0 1.1165259764278617 13.999999970111727 
1 -2 0 1.1165259764278608 13.999999569152848 
1 -3 0 2.833789344540053 11.99999999998932 
1 -4 0 2.833789345209141 11.999999999665592 
1 -5 0 6.0 6.000000000000001 
2 -5 0 6.0 6.0 
1 -6 0 5.999999999999999 6.000000000000001 
2 -6 0 6.0 6.0 
0 5 0 2.584796905596012 9.643991187681502 
0 4 0 2.584796905596012 9.6439911876815 
0 3 0 0.5160144647043748 12.485367198550003 
0 2 0 0.516014464704732 12.485367709052184 
0 1 1 0.4011316725544784 15.518951233347629 
0 0 1 0.40113167255447 15.518939718813597 
0 -1 1 0.5352613876108554 15.9999999999403 
0 -2 1 0.5352613876108538 15.999999999913616 
0 -3 0 1.7689228276807998 12.5990207622896 
0 -4 0 1.7689228276208822 12.599020712106103 
0 -5 0 3.6791155005525136 9.672823701000947 
0 -6 0 3.679115500552513 9.672823701000947 
-1 5 0 5.0 5.0 
-1 4 0 5.0 5.0 
-1 3 0 1.8558833706503102 11.80840049578049 
-1 2 0 1.8558833706503113 11.808399940961632 
-1 1 0 0.40113167255448884 13.905330986087066 
-1 0 0 0.4011316725545078 13.90533200146726 
-1 -1 1 0.44219119883306546 15.999999975129795 
-1 -2 1 0.44219119883306823 15.99999999209999 
-1 -3 0 0.31604679311837863 13.43413400039934 
-1 -4 0 0.31604679311602857 13.434133954748138 
-1 -5 0 1.2805370661893933 10.304127972119892 
-1 -6 0 1.2805370661893916 10.3041279721199 
-2 3 0 5.585786437626904 8.414213562373092 
-2 2 0 5.585786437626906 8.414213562373096 
-2 1 0 2.3058753072477893 12.999999999643883 
-2 0 0 2.3058753072477782 12.999999998861819 
-2 -1 0 0.44219119883307534 15.999999999054783 
-2 -2 0 0.4421911988330671 15.999999995902758 
-2 -3 0 0.31604679311715417 15.139675590188451 
-2 -4 0 0.3160467931306581 15.139675590158483 
-2 -5 1 1.245949545921306 11.04919201307154 
-2 -6 1 1.2459495459213041 11.04919201307155 
-2 -7 0 2.9999999999999996 3.0 
-1 -7 0 3.0 3.0 
-2 -8 0 3.0 3.0 
-1 -8 0 3.0 3.0 
-3 1 0 7.0 10.0 
-3 0 0 7.0 10.0 
-3 -1 0 3.5578519439930685 14.000000000000007 
-3 -2 0 3.5578519439930694 14.0 
-3 -3 0 2.0635250824506275 15.139675566714633 
-3 -4 0 2.0635250824492686 15.139675582268222 
-3 -5 0 1.2459495459213081 12.82886477498093 
-3 -6 0 1.2459495459213104 12.82886477498093 
-3 -7 0 3.0 3.0 
-3 -8 0 3.0 3.0 
-4 -1 0 11.0 11.0 
-4 -2 0 11.0 11.0 
-4 -3 0 5.594875162046673 13.405124837953325 
-4 -4 0 5.594875162046674 13.405124837953329 
-4 -5 0 3.759320698003736 12.828864774980929 
-4 -6 0 3.7593206980037372 12.828864774980925 
-4 -7 0 3.0 3.0 
-4 -8 0 3.0 3.0 
