4 10 0 2.1863934973516685 7.0 
5 10 0 7.0 7.0 
4 9 0 2.1863934973516685 7.0 
5 9 0 7.0 7.0 
4 8 0 3.1975886339384623 14.000000000000004 
5 8 0 14.0 14.0 
4 7 0 3.197588633938466 14.000000000000004 
5 7 0 14.0 14.0 
3 10 0 2.18639349735167 7.000000000000002 
3 9 0 2.1863934973516685 7.0 
3 8 0 1.095408023954426 13.093934830388616 
3 7 0 1.095408023954427 13.093935472182734 
3 6 0 1.6469352206699566 13.999999999998822 
4 6 0 4.1388900623452605 12.810715570287526 
3 5 0 1.646935220669485 13.999999999984174 
4 5 0 4.138890062345263 12.810715570287524 
2 10 0 2.186393497351669 6.342923082777171 
2 9 0 2.1863934973516703 6.342923082777171 
2 8 0 1.0954080239545916 12.445730017054476 
2 7 0 1.0954080239544748 12.445730186998857 
2 6 0 0.618340586726961 13.99999999739377 
2 5 0 0.6183405859823797 13.99999999711716 
2 4 0 0.7544983490754108 12.77282762054412 
3 4 0 2.5209002640837848 10.812071233742957 
2 3 0 0.7544983489988248 12.772827659638955 
3 3 0 2.520900264083787 10.812071233742959 
1 10 0 2.381966011250105 5.618033988749895 
1 9 0 2.3819660112501047 5.618033988749895 
1 8 0 1.1613453117334858 10.58741471574768 
1 7 0 1.1613453117335453 10.587414713248057 
1 6 0 0.6183405860029474 13.542614930143793 
1 5 0 0.6183405859859032 13.542615204554759 
1 4 0 0.2642369373948159 13.287476653217194 
1 3 0 0.26423693739482856 13.28747708467345 
1 2 0 0.4555328537237855 10.372451864829866 
2 2 0 1.786714086093917 8.605121423882789 
1 1 0 0.45553285373390684 10.372451868511744 
2 1 0 1.786714086093916 8.605121423882787 
0 8 0 2.1044290986165026 8.79520050255725 
0 7 0 2.1044290986165044 8.795200502557247 
0 6 0 0.947183807195765 12.889913384511365 
0 5 0 0.9471838071956258 12.889913384386185 
0 4 0 0.2642369373981057 13.704683253937993 
0 3 0 0.2642369374522971 13.704683258078044 
0 2 1 0.4555328537236202 11.85696526083096 
0 1 1 0.4555328537236188 11.856965264012011 
0 0 1 1.3819660112501062 5.73205080756888 
1 0 0 1.3819660112501047 4.618033988749897 
0 -1 1 1.3819660112501047 5.7320508075688785 
1 -1 0 1.3819660112501049 4.618033988749896 
-1 6 0 4.298437881283577 11.0 
-1 5 0 4.298437881283573 10.999999999999998 
-1 4 0 2.908926360602766 13.704683258526277 
-1 3 0 2.9089263606027598 13.704683258526279 
-1 2 0 2.287683978759721 13.162277660168375 
-1 1 0 2.2876839787597287 13.162277660168378 
-1 0 0 2.267949192431122 6.0 
-1 -1 0 2.2679491924311233 5.999999999999998 
-2 4 0 13.0 13.0 
-2 3 0 13.0 13.0 
-2 2 0 6.83772233983162 13.16227766016838 
-2 1 0 6.83772233983162 13.16227766016838 
-2 0 0 6.0 6.0 
-2 -1 0 6.0 6.0 
