2 8 0 2.0 2.0 
3 8 0 2.0 2.0 
2 7 0 2.0 2.0 
3 7 0 2.0 2.0 
2 6 0 0.9447276146872953 7.449489742783177 
3 6 0 2.5505102572168212 7.449489742783179 
2 5 0 0.9447276146872967 7.449489742783177 
3 5 0 2.550510257216823 7.449489742783179 
2 4 0 1.1863404342733883 9.35610211055992 
3 4 0 4.096788074088447 8.709275359436925 
2 3 0 1.1863404342733899 9.356102110559927 
3 3 0 4.096788074088447 8.709275359436923 
2 2 0 2.1076026277074913 9.0 
3 2 0 7.0 7.0 
2 1 0 2.1076026277074904 8.999999999999996 
3 1 0 7.0 7.0 
1 8 0 2.0 2.0 
1 7 0 2.0 2.0 
1 6 0 0.9447276146872964 7.403870800115909 
1 5 0 0.9447276146872963 7.403870800115907 
1 4 0 0.43766928402513977 9.356102107448475 
1 3 0 0.43766928361151697 9.356102109239021 
1 2 0 0.5826125644318837 9.661116727626434 
1 1 0 0.5826125643622164 9.661116615053416 
1 0 0 1.617449113847489 7.000000000000002 
2 0 0 5.0 5.0 
1 -1 0 1.6174491138474896 7.0 
2 -1 0 5.0 5.0 
0 6 0 1.4769044093683306 5.441290910412461 
0 5 0 1.47690440936833 5.441290910412461 
0 4 0 0.43766928361155144 8.688986119961454 
0 3 0 0.43766928361151686 8.688986122397472 
0 2 1 0.5826125643622208 9.717028922117901 
0 1 1 0.5826125643622163 9.717028865576935 
0 0 1 1.0124204532625416 8.304218003872101 
0 -1 1 1.0124204532625414 8.304218003872101 
0 -2 0 0.9999999999999996 4.0 
1 -2 0 3.0 3.0 
0 -3 0 1.0000000000000002 4.0 
1 -3 0 3.0 3.0 
-1 4 0 2.8751145802354254 7.7615571818318925 
-1 3 0 2.8751145802354254 7.761557181831888 
-1 2 0 1.5007242145357613 9.71702892247949 
-1 1 0 1.500724214535761 9.717028922479486 
-1 0 0 1.0124204532625438 9.236067977499792 
-1 -1 0 1.0124204532625427 9.23606797749979 
-1 -2 0 1.0000000000000004 4.000000000000001 
-1 -3 0 0.9999999999999994 4.0 
-2 2 0 9.0 9.0 
-2 1 0 9.0 9.0 
-2 0 0 4.76393202250021 9.23606797749979 
-2 -1 0 4.76393202250021 9.23606797749979 
-2 -2 0 4.0 4.0 
-2 -3 0 4.0 4.0 
