3 7 0 3.0 5.0 
4 7 0 5.0 5.0 
3 6 0 3.0 5.0 
4 6 0 5.0 5.0 
3 5 0 3.1853888054297212 12.602685229513098 
4 5 0 6.336676136289223 12.602685229519013 
3 4 0 3.185388804637078 12.602685228091037 
4 4 0 6.336676136289223 12.602685229519015 
3 3 0 3.736539025547633 15.9972543589169 
4 3 0 8.414035080397275 15.643839102837752 
3 2 0 3.7365390255476085 15.997254364932877 
4 2 0 8.414035080397277 15.643839102837749 
3 1 0 5.126658202387863 17.90355021261547 
4 1 0 10.772680657358915 16.4551340125213 
3 0 0 5.1266582091371475 17.903550208641473 
4 0 0 10.772680657358915 16.455134012521295 
3 -1 0 7.283289245544894 17.000000000000007 
4 -1 0 15.0 15.0 
3 -2 0 7.283289245542905 16.999999997132505 
4 -2 0 15.0 15.0 
2 7 0 2.9999999999999996 5.0 
2 6 0 3.0 5.0 
2 5 0 1.5425426150476287 12.4938975897028 
2 4 0 1.5425426150477057 12.493897589702787 
2 3 0 1.8292391520475295 15.997254355892458 
2 2 0 1.829239149026479 15.997254302026384 
2 1 0 2.2107585070967515 18.736912781772865 
2 0 0 2.2107585071247144 18.736912835631564 
2 -1 0 3.2316711359033277 17.999998882301522 
2 -2 0 3.231671137419996 17.999999998825107 
2 -3 0 5.062043837960012 15.75998164961642 
3 -3 0 11.0 14.0 
2 -4 0 5.062043839355261 15.75998103696343 
3 -4 0 11.000000000000002 14.0 
1 7 0 2.999999999999999 5.0 
1 6 0 3.0 5.0 
1 5 0 1.4893920343582554 12.009617933765455 
1 4 0 1.4893920343837381 12.009617915181892 
1 3 0 0.749143868824571 15.43575188519187 
1 2 0 0.749143868836766 15.435752556716302 
1 1 0 1.0850298568506809 18.73691284007772 
1 0 0 1.0850298563920373 18.736912040610537 
1 -1 0 1.529130558006061 19.99999991749611 
1 -2 0 1.5291305585842492 19.99999999426142 
1 -3 0 2.348036277619132 16.767044844754768 
1 -4 0 2.348036290357453 16.767046387984227 
1 -5 0 3.844886329193273 13.760302857684742 
2 -5 0 8.0 12.000000000000002 
1 -6 0 3.844886317038297 13.760302857468984 
2 -6 0 7.999999999999999 12.000000000000005 
0 7 0 2.9999999999999996 5.0 
0 6 0 3.0 5.0 
0 5 0 1.4893920343528098 10.384904997092807 
0 4 0 1.4893920343596319 10.384904997586919 
0 3 1 0.7491438688242436 14.317409734664883 
0 2 1 0.7491438688242408 14.317409154504046 
0 1 2 0.6806909342457489 17.411046313688285 
0 0 2 0.6806909342457523 17.411046423191 
0 -1 1 0.24477931071339226 19.99999971824499 
0 -2 1 0.24477931071338924 19.999999998538268 
0 -3 0 0.5048804095995152 17.846148596994002 
0 -4 0 0.5048804092981274 17.846148433515413 
0 -5 0 1.622910101649026 15.299001834847218 
0 -6 0 1.6229101025944181 15.299001877945788 
0 -7 0 3.2128408371758184 11.573219867134476 
1 -7 0 5.999999999999999 10.0 
0 -8 0 3.2128408395329884 11.573220265302577 
1 -8 0 6.000000000000002 10.000000000000002 
-1 5 0 3.1805307256270288 8.566209518502655 
-1 4 0 3.180530725627027 8.566209518502655 
-1 3 0 1.921700752614826 13.309224328310236 
-1 2 0 1.9217007622337108 13.309224567710501 
-1 1 0 0.46256465731523877 16.369110100727475 
-1 0 0 0.4625646574291862 16.369111157653265 
-1 -1 0 0.2447793107184136 19.4365618882242 
-1 -2 0 0.2447793107164302 19.436561784590793 
-1 -3 0 0.5048804094281705 19.84808098524504 
-1 -4 0 0.5048804093285599 19.8480809871866 
-1 -5 0 0.8588189584332457 16.530099790830427 
-1 -6 0 0.8588189583684358 16.530099777281688 
-1 -7 0 2.2714180655567744 13.29030488682438 
-1 -8 0 2.2714180655545237 13.290304887346556 
-1 -9 0 3.8299135133739677 7.481194304092016 
0 -9 0 5.000000000000001 7.0 
-1 -10 0 3.8299135133739677 7.481194304092013 
0 -10 0 4.999999999999999 7.000000000000002 
-2 3 0 3.9336609095104067 11.566209518502648 
-2 2 0 3.9336609095142214 11.566209518386177 
-2 1 0 2.248899945313766 15.546746010513052 
-2 0 0 2.2488999449513227 15.54674673115901 
-2 -1 0 1.0211347482620505 17.99999976651147 
-2 -2 0 1.0211347482256294 17.999999876160476 
-2 -3 0 0.7335739073785028 19.999999931498724 
-2 -4 0 0.7335739074842405 19.999999965982166 
-2 -5 0 0.8588189585587275 17.356671494419924 
-2 -6 0 0.8588189583670034 17.35667156614197 
-2 -7 0 1.581558203587198 14.776493168630113 
-2 -8 0 1.58155820361892 14.776493163592498 
-2 -9 0 3.829913513373964 7.999999999999999 
-2 -10 0 3.8299135133739655 8.0 
-3 1 0 4.933660909507215 13.875980614898088 
-3 0 0 4.9336609095068145 13.87598021150582 
-3 -1 0 2.814400734865851 16.837796649394484 
-3 -2 0 2.814400732246246 16.837796577609346 
-3 -3 0 1.299262209142508 19.999999994585366 
-3 -4 0 1.2992622095254571 19.999999997413514 
-3 -5 0 1.1792178698819618 19.239822043243056 
-3 -6 0 1.1792178698820495 19.23982111227214 
-3 -7 0 1.4410358495742634 16.27891637929016 
-3 -8 0 1.4410358491226394 16.27891613343064 
-3 -9 0 3.829913513373965 8.000000000000002 
-3 -10 0 3.829913513373965 8.0 
-4 -1 0 6.506345948286404 15.820196766378002 
-4 -2 0 6.50634594828641 15.82019676637801 
-4 -3 0 3.5560425639467943 17.93594443986455 
-4 -4 0 3.5560425569607332 17.935944503587976 
-4 -5 0 2.520321760335439 19.999999667172304 
-4 -6 0 2.5203217590068303 19.99999999487765 
-4 -7 0 1.4410358494493285 16.33079125205174 
-4 -8 0 1.4410358488746613 16.33079119212157 
-4 -9 0 3.829913513373962 7.999999999999999 
-4 -10 0 3.8299135133739663 8.000000000000002 
-5 -3 0 9.50634594828641 16.999999999999993 
-5 -4 0 9.506345948286414 16.999999999999996 
-5 -5 0 5.983308667428355 19.99999999997925 
-5 -6 0 5.9833086674283535 19.999999999064524 
-5 -7 0 4.645614066319365 16.828427074748223 
-5 -8 0 4.645614066319476 16.82842695137609 
-5 -9 0 3.8299135133739686 8.000000000000002 
-5 -10 0 3.829913513373967 8.0 
-6 -5 0 18.0 18.0 
-6 -6 0 18.0 18.0 
-6 -7 0 11.171572875253807 16.82842712474619 
-6 -8 0 11.17157287525381 16.82842712474619 
-6 -9 0 8.0 8.0 
-6 -10 0 8.0 8.0 
