2 6 0 2.0 2.0 
3 6 0 2.0 2.0 
2 5 0 2.0 2.0 
3 5 0 2.0 2.0 
2 4 0 1.9384721737472554 11.596915527892122 
3 4 0 2.4902740515904274 11.596915527892126 
2 3 0 1.9384721737472554 11.596915527892126 
3 3 0 2.4902740515904274 11.596915527892126 
2 2 0 1.9556158228801417 13.282644652600293 
3 2 0 3.900744832527044 12.161289061908377 
2 1 0 1.9556158228804932 13.282644035708227 
3 1 0 3.9007448325270437 12.161289061908377 
2 0 0 2.9055016190353053 13.0 
3 0 0 9.0 9.0 
2 -1 0 2.9055016190353036 13.0 
3 -1 0 9.0 9.0 
1 6 0 2.0 2.0 
1 5 0 2.0 2.0 
1 4 0 0.6156074177207017 10.115963264944819 
1 3 0 0.615607417720699 10.115963264944822 
1 2 0 0.6092172408473316 13.282644293556318 
1 1 0 0.6092172408394542 13.282644546553716 
1 0 0 1.2961058420294769 13.711032365181733 
1 -1 0 1.2961058429124312 13.711032508565957 
1 -2 0 2.3094318902804454 11.000000000000002 
2 -2 0 7.0 7.0 
1 -3 0 2.3094318902804427 11.000000000000002 
2 -3 0 7.0 7.0 
0 4 0 0.6156074177207 7.326622522959653 
0 3 0 0.615607417720699 7.326622522959655 
0 2 1 0.6092172408283868 12.555917444164736 
0 1 1 0.6092172408283864 12.555917421354007 
0 0 1 0.3617114030567185 13.881465084342981 
0 -1 1 0.3617114030567139 13.881465061211367 
0 -2 0 0.24435452460099039 12.788624534275579 
0 -3 0 0.2443545246010776 12.788624507432505 
0 -4 0 1.2741680046775192 8.801795984702785 
1 -4 0 5.0 5.0 
0 -5 0 1.2741680046775175 8.801795984702787 
1 -5 0 5.0 5.0 
-1 4 0 2.585786437626905 5.414213562373096 
-1 3 0 2.585786437626905 5.414213562373094 
-1 2 0 0.9156767034652387 10.49187230950708 
-1 1 0 0.9156767033503326 10.491872315364583 
-1 0 0 0.36171140320682627 13.881465129279919 
-1 -1 0 0.36171140307594896 13.881465133263772 
-1 -2 0 0.24435452468976954 13.48273987925618 
-1 -3 0 0.24435452460101353 13.48273980506629 
-1 -4 0 0.5091184953542409 10.499490728822655 
-1 -5 0 0.5091184953542365 10.499490635066984 
-2 2 0 2.9684796132232907 8.483025561194427 
-2 1 0 2.9684796132232902 8.483025561194427 
-2 0 0 1.0848515793814153 12.795207132313141 
-2 -1 0 1.0848515796505618 12.795207060397956 
-2 -2 0 0.8288327671928039 13.999999999657575 
-2 -3 0 0.828832767192804 13.9999999993697 
-2 -4 0 0.5091184953542376 11.885666477349567 
-2 -5 0 0.5091184953542338 11.885666414048714 
-2 -6 0 1.5857864376269044 5.000000000000001 
-1 -6 0 1.5857864376269046 4.414213562373095 
-2 -7 0 1.585786437626905 5.000000000000001 
-1 -7 0 1.5857864376269044 4.414213562373094 
-3 0 0 4.6941024706665715 10.785667011197999 
-3 -1 0 4.694102470666571 10.785667011198 
-3 -2 0 2.5686265922660345 14.000000000000005 
-3 -3 0 2.568626592266032 14.000000000000002 
-3 -4 0 1.8151797089711765 12.701562118716422 
-3 -5 0 1.8151797089711836 12.70156211871642 
-3 -6 0 1.5857864376269046 5.000000000000001 
-3 -7 0 1.5857864376269057 5.0 
-4 -2 0 12.0 12.0 
-4 -3 0 12.0 12.0 
-4 -4 0 6.298437881283577 12.701562118716424 
-4 -5 0 6.298437881283574 12.701562118716424 
-4 -6 0 5.0 5.0 
-4 -7 0 5.0 5.0 
