3 7 0 3.0 3.0 
4 7 0 3.0 3.0 
3 6 0 3.0 3.0 
4 6 0 3.0 3.0 
3 5 0 1.868756775045628 13.548164849431373 
4 5 0 3.6215706110169252 13.548164849431377 
3 4 0 1.8687567750456284 13.548164849431375 
4 4 0 3.621570611016925 13.54816484943137 
3 3 0 2.2329441556715754 15.146654198845782 
4 3 0 5.112517806303939 13.887482193696059 
3 2 0 2.2329441551009768 15.146654198845766 
4 2 0 5.112517806303938 13.88748219369606 
3 1 0 3.297999296427349 15.0 
4 1 0 11.0 11.0 
3 0 0 3.2979992964273523 15.000000000000002 
4 0 0 11.0 11.0 
2 7 0 3.0 3.0 
2 6 0 3.0 3.0 
2 5 0 1.3031297830084285 12.86222815055126 
2 4 0 1.303129780053436 12.862228150551262 
2 3 0 1.0621257854290749 15.146653364758976 
2 2 0 1.0621257857075606 15.14665419629584 
2 1 0 1.5994718789989388 15.763411252993802 
2 0 0 1.5994718809204982 15.76341138760542 
2 -1 0 2.7546932727032947 13.834395983731806 
3 -1 0 6.999999999999999 10.0 
2 -2 0 2.754693272703292 13.834395990846014 
3 -2 0 7.0 10.0 
1 7 0 3.0 3.0 
1 6 0 3.0 3.0 
1 5 0 1.3031297780978768 10.798723919474728 
1 4 0 1.3031297780632303 10.798723919474725 
1 3 0 0.5339675107715428 14.357596099131634 
1 2 0 0.5339675110763492 14.357595423010558 
1 1 0 0.4750954283016168 15.76341138175223 
1 0 0 0.4750954287340844 15.763411386495797 
1 -1 0 0.7698768444799818 14.827122180910823 
1 -2 0 0.7698768445747285 14.82712215928637 
1 -3 0 1.8581097328671299 11.82875839488211 
2 -3 0 5.999999999999999 9.0 
1 -4 0 1.8581097328527323 11.828758394882028 
2 -4 0 6.0 9.0 
0 5 0 1.7751681091499159 8.915528268201586 
0 4 0 1.7751681091499152 8.91552826820158 
0 3 0 0.5339675108034884 13.557602482104995 
0 2 0 0.5339675107729519 13.55760247141828 
0 1 1 0.4750954283009992 15.599190939692393 
0 0 1 0.47509542830100415 15.59919141333854 
0 -1 1 0.31580246925467387 15.598146540173913 
0 -2 1 0.31580246925467303 15.598146553633766 
0 -3 0 0.2187122888772507 13.601196977893144 
0 -4 0 0.21871228886845362 13.601197032890147 
0 -5 0 1.247107759821242 8.973738578608032 
1 -5 0 5.0 5.0 
0 -6 0 1.2471077598212394 8.973738578608035 
1 -6 0 5.0 5.0 
-1 5 0 3.5857864376269055 6.414213562373096 
-1 4 0 3.5857864376269064 6.414213562373096 
-1 3 0 1.9237449883930493 11.58216223655326 
-1 2 0 1.9237449883930489 11.582162813549687 
-1 1 0 0.7673971185441515 14.884019711020757 
-1 0 0 0.7673971187883597 14.884020145538997 
-1 -1 0 0.31580246925494493 15.745777450357961 
-1 -2 0 0.31580246925529387 15.745777406588086 
-1 -3 0 0.21871228886295135 14.329471654450934 
-1 -4 0 0.21871228886338467 14.329472365697127 
-1 -5 0 0.48882541833577 11.388622544899174 
-1 -6 0 0.48882541833577087 11.388622544706658 
-2 3 0 4.424226527348064 9.773387411650642 
-2 2 0 4.424226527348066 9.773387411650644 
-2 1 0 2.443016560365454 13.794974862839105 
-2 0 0 2.4430165603660896 13.794974686136582 
-2 -1 0 1.396059041974506 15.745777450598409 
-2 -2 0 1.3960590419740568 15.7457774509079 
-2 -3 0 0.7489363129472907 15.142517343092383 
-2 -4 0 0.748936312947988 15.142517409032465 
-2 -5 0 0.48882541833589016 12.877928219782545 
-2 -6 0 0.48882541833582016 12.877928248276751 
-2 -7 0 1.5857864376269049 5.0 
-1 -7 0 1.585786437626905 4.414213562373094 
-2 -8 0 1.5857864376269046 5.0 
-1 -8 0 1.585786437626905 4.414213562373094 
-3 1 0 5.694102470666569 11.785667011198003 
-3 0 0 5.694102470666571 11.785667011198004 
-3 -1 0 3.7117603921944693 14.999999999978577 
-3 -2 0 3.7117603921944693 14.999999999995799 
-3 -3 0 2.6187424941813005 15.142517409156591 
-3 -4 0 2.61874249418108 15.142517409151822 
-3 -5 0 1.9632685854491252 13.72431721516811 
-3 -6 0 1.963268585542139 13.72431721516811 
-3 -7 0 1.585786437626905 5.0 
-3 -8 0 1.585786437626904 5.0 
-4 -1 0 13.0 13.0 
-4 -2 0 13.0 13.0 
-4 -3 0 7.145898033750314 13.854101966249681 
-4 -4 0 7.145898033750316 13.854101966249685 
-4 -5 0 5.752534332701738 13.72431721516811 
-4 -6 0 5.752534332701738 13.724317215168112 
-4 -7 0 5.0 5.0 
-4 -8 0 5.0 5.0 
