-1 -1 0 1.2679491924311226 4.732050807568877 
0 -1 1 1.267949192431123 4.732050807568877 
-1 -2 0 1.2679491924311233 4.732050807568878 
0 -2 1 1.2679491924311221 4.732050807568878 
-1 -3 0 0.7639320225002101 6.000000000000001 
0 -3 0 0.7639320225002104 5.23606797749979 
-1 -4 0 0.7639320225002109 6.0 
0 -4 0 0.7639320225002105 5.236067977499791 
-1 -5 0 3.0 5.0 
0 -5 0 3.0 3.0 
-1 -6 0 3.0 5.0 
0 -6 0 3.0 3.0 
-2 -1 0 2.0 2.0 
-2 -2 0 2.0 2.0 
-2 -3 1 2.5857864376269046 6.0 
-2 -4 1 2.5857864376269033 6.000000000000002 
-2 -5 1 1.43844718719117 5.56155281280883 
-2 -6 1 1.4384471871911695 5.56155281280883 
-3 -3 0 4.0 4.0 
-3 -4 0 4.0 4.0 
-3 -5 0 1.4384471871911695 5.56155281280883 
-3 -6 0 1.4384471871911697 5.561552812808831 
-3 -7 0 1.0 1.0 
-2 -7 0 1.0 1.0 
-3 -8 0 1.0 1.0 
-2 -8 0 1.0 1.0 
