5 13 1 2.0000000000000004 3.0 
6 13 0 3.0 3.0 
5 12 1 1.9999999999999996 3.0 
6 12 0 3.0 3.0 
5 11 0 0.3765778608620138 12.120713276484642 
6 11 0 4.560066896117693 12.120713276484643 
5 10 0 0.37657786086201483 12.120713276484647 
6 10 0 4.560066896117696 12.120713276484643 
5 9 0 1.085109553942379 15.057325152454073 
6 9 0 6.122925617538926 13.589664283446055 
5 8 0 1.0851095539615618 15.057324739112975 
6 8 0 6.122925617538926 13.589664283446055 
5 7 0 2.5529892428091983 14.000000000000002 
6 7 0 11.0 11.0 
5 6 0 2.552989242809199 14.000000000000004 
6 6 0 11.0 11.0 
4 13 0 2.0 2.0 
4 12 0 2.0 2.0 
4 11 0 0.3765778608620158 10.18028701143088 
4 10 0 0.37657786086259776 10.180287011430877 
4 9 1 1.085109553942384 15.057325152453917 
4 8 1 1.0851095539423787 15.05732515234269 
4 7 0 0.9220845061943184 15.999999999994701 
4 6 0 0.9220845061942977 15.99999999998944 
4 5 0 3.2900848795074986 11.999999999999996 
5 5 0 5.585786437626905 9.0 
4 4 0 3.290084879507499 11.999999999999998 
5 4 0 5.585786437626905 9.0 
3 11 0 1.4400800344151163 7.713510322399921 
3 10 0 1.4400800344151152 7.713510322399921 
3 9 1 0.7949286847243858 13.685918416242371 
3 8 1 0.7949286847243836 13.685918413578191 
3 7 0 0.6197695918187914 15.999999988011039 
3 6 0 0.6197695918139525 15.99999998316829 
3 5 0 1.1075456308473914 13.806930126312075 
3 4 0 1.1075456308468934 13.806930740411305 
3 3 0 2.8939198192187923 9.801950238438886 
4 3 0 6.0 6.0 
3 2 0 2.8939198192187923 9.801950238438884 
4 2 0 6.0 6.0 
2 11 0 2.5857864376269055 5.414213562373095 
2 10 0 2.585786437626905 5.414213562373095 
2 9 0 0.7949286847243914 11.535869386558701 
2 8 0 0.7949286847245133 11.535869386970147 
2 7 1 0.5073527975233764 15.99999995402595 
2 6 1 0.5073527975233731 15.999999821972494 
2 5 1 0.43613664552239795 15.999999661731781 
2 4 1 0.43613664552239884 15.999999732516272 
2 3 0 0.7944240609980519 11.528087254741578 
2 2 0 0.794424060998055 11.528086776477583 
1 9 0 2.2633800538176847 9.386602259513735 
1 8 0 2.2633800538176856 9.386602259513735 
1 7 0 0.5073527975233753 13.809237324675188 
1 6 0 0.5073527975233801 13.809237330653644 
1 5 0 0.43613664552445847 15.999999931972814 
1 4 0 0.4361366455291877 15.99999997749708 
1 3 1 0.598472523348662 13.329756558126226 
1 2 1 0.5984725233486629 13.32975661645781 
1 1 0 0.7579055492741542 8.036218793587611 
2 1 0 2.5857864376269046 5.414213562373095 
1 0 0 0.7579055492741533 8.036218793587613 
2 0 0 2.5857864376269046 5.414213562373095 
0 9 0 6.0 6.0 
0 8 0 6.0 6.0 
0 7 0 3.019936020194729 11.999999998162473 
0 6 0 3.019936020194729 11.99999998732198 
0 5 0 0.44389888481414824 15.999999310392159 
0 4 0 0.443898884814149 15.999999999930768 
0 3 1 0.5984725233486623 15.312014994613058 
0 2 1 0.5984725233486637 15.312015225386828 
0 1 1 0.7579055492741552 9.907356860868138 
0 0 1 0.7579055492741565 9.907356860868143 
-1 7 0 6.999999999999999 9.0 
-1 6 0 6.999999999999999 9.0 
-1 5 0 3.847490704640854 14.000000000000002 
-1 4 0 3.847490704640851 14.0 
-1 3 0 2.1752196792317617 15.31201522486859 
-1 2 0 2.175219679212416 15.312015222667648 
-1 1 0 1.61135947204373 12.805357659042379 
-1 0 0 1.611359472043728 12.805357659042375 
-1 -1 0 2.0 2.0 
0 -1 0 2.0 2.0 
-1 -2 0 2.0 2.0 
0 -2 0 2.0 2.0 
-2 5 0 10.0 10.0 
-2 4 0 10.0 10.0 
-2 3 0 4.417424305044159 13.582575694955839 
-2 2 0 4.417424305044161 13.58257569495584 
-2 1 0 2.5625806192161704 12.805357659042379 
-2 0 0 2.5625806192161704 12.805357659042379 
-2 -1 0 2.0 2.0 
-2 -2 0 2.0 2.0 
