4 10 0 2.0 4.0 
5 10 0 4.0 4.0 
4 9 0 1.9999999999999993 4.0 
5 9 0 4.0 4.0 
4 8 0 1.7755191628204858 13.12310562561766 
5 8 0 4.87689437438234 13.123105625617658 
4 7 0 1.775519162820485 13.123105625617658 
5 7 0 4.876894374382339 13.123105625617654 
4 6 0 2.1652055706187276 15.053939399641513 
5 6 0 6.535898384862247 13.464101615137753 
4 5 0 2.165205574417784 15.053939942363556 
5 5 0 6.535898384862245 13.464101615137755 
4 4 0 4.0487796170445 14.000000000000002 
5 4 0 12.0 12.0 
4 3 0 4.048779617044494 14.0 
5 3 0 12.0 12.0 
3 10 0 2.0 4.0 
3 9 0 1.9999999999999996 4.0 
3 8 0 0.9258041107921212 11.604766027725605 
3 7 0 0.9258041107921183 11.604766027725683 
3 6 0 0.7736870361035695 15.053939990056026 
3 5 0 0.7736870360205657 15.053939990897819 
3 4 0 1.1115294801362758 15.999999995908816 
3 3 0 1.1115294801335975 15.99999999982127 
3 2 0 2.8812688312682777 12.999999997292234 
4 2 0 6.438447187191172 11.0 
3 1 0 2.8812688312681853 12.999999995793104 
4 1 0 6.43844718719117 11.0 
2 10 0 2.0000000000000004 4.0 
2 9 0 2.0 4.0 
2 8 0 0.9258041122939313 9.718922177676337 
2 7 0 0.9258041108336886 9.718922177668738 
2 6 0 0.45074140289522807 14.0402691057237 
2 5 0 0.450741402903261 14.040269372666753 
2 4 0 0.40937528675363666 15.999999999046171 
2 3 0 0.4093752867536658 15.999999989199097 
2 2 0 0.5490084345528955 14.864270830119914 
2 1 0 0.5490084345485747 14.864270818684489 
2 0 0 1.9978817573827252 11.567621652094555 
3 0 0 5.06456766802997 9.472833908995252 
2 -1 0 1.997881762694536 11.567621497665307 
3 -1 0 5.064567668029969 9.472833908995256 
1 8 0 1.4633703787941972 8.000000000000002 
1 7 0 1.463370378794197 7.999999999999999 
1 6 0 0.4507414028955359 12.7414658580174 
1 5 0 0.45074140289451015 12.741465761273503 
1 4 1 0.4093752867535621 15.510934205691157 
1 3 1 0.40937528675356744 15.510934208583103 
1 2 2 0.7705477493841835 15.51080428571842 
1 1 2 0.5490084345485672 15.510804286475203 
1 0 1 1.091407652629063 12.77702769783749 
1 -1 1 1.0914076526289525 12.777027697840653 
1 -2 0 2.0000000000000004 8.769934312516803 
2 -2 0 4.000000000000001 6.0 
1 -3 0 1.999999999999999 8.769934312516792 
2 -3 0 4.0 6.0 
0 8 0 4.0 6.0 
0 7 0 4.000000000000001 6.0 
0 6 0 1.6482603171775312 10.999999999999895 
0 5 0 1.6482603171775336 10.999999999999872 
0 4 0 0.9087226965915186 14.678595416913696 
0 3 0 0.9087226969073233 14.678595128216694 
0 2 0 0.4526281928837503 15.765982897382646 
0 1 0 0.45262819288029355 15.76598215494001 
0 0 0 0.3927028169468622 14.087734417334692 
0 -1 0 0.39270281694674236 14.087733740433691 
0 -2 0 0.552358281550074 9.7405527790166 
0 -3 0 0.5523582815500736 9.740552745242248 
-1 6 0 3.4633703787941967 9.0 
-1 5 0 3.4633703787941963 9.000000000000005 
-1 4 0 1.0979895557705028 12.999999179301122 
-1 3 0 1.0979895557709305 12.999999999958781 
-1 2 0 0.45262819288017514 15.765982878819 
-1 1 0 0.45262819288017475 15.765982877661937 
-1 0 1 0.3927028169466067 15.218738315641064 
-1 -1 1 0.39270281694659964 15.218738315649734 
-1 -2 2 0.6803804561009207 10.29582687431444 
-1 -3 2 0.680380456100919 10.295826826025184 
-1 -4 1 1.9999999999999996 5.0 
0 -4 0 1.9999999999999998 4.0 
-1 -5 1 1.9999999999999996 5.0 
0 -5 0 1.9999999999999998 4.0 
-2 4 0 5.763932022500211 11.0 
-2 3 0 5.763932022500209 11.0 
-2 2 0 3.3377206685821474 15.000000000000004 
-2 1 0 3.337720668582144 14.999999999999998 
-2 0 0 2.0320044517728455 15.218738315659122 
-2 -1 0 2.0320044520227665 15.218738315659122 
-2 -2 0 1.689094460076309 11.401222304826838 
-2 -3 0 1.689094460076286 11.401222298051948 
-2 -4 0 2.0000000000000004 5.0 
-2 -5 0 2.0 5.0 
-3 2 0 13.0 13.0 
-3 1 0 13.0 13.0 
-3 0 0 7.775715811448586 15.071951143473436 
-3 -1 0 7.7757158114485865 15.071951143473434 
-3 -2 0 5.369366197541223 11.401222304826858 
-3 -3 0 5.369366197541226 11.401222304826858 
-3 -4 0 5.0 5.0 
-3 -5 0 5.0 5.0 
