2 4 0 2.0000000000000004 6.0 
3 4 0 6.0 6.0 
2 3 0 2.0000000000000004 6.000000000000001 
3 3 0 6.0 6.0 
2 2 0 2.317302390916849 14.605551275463988 
3 2 0 7.394448724536012 14.60555127546399 
2 1 0 2.3173023909168458 14.605551275463986 
3 1 0 7.394448724536009 14.60555127546399 
2 0 0 3.364758520113427 16.000000000000004 
3 0 0 14.0 14.0 
2 -1 0 3.364758520113431 15.999999999999996 
3 -1 0 14.0 14.0 
1 4 0 2.0000000000000013 6.000000000000001 
1 3 0 1.9999999999999987 6.000000000000001 
1 2 0 0.7784343121031048 13.755799066290043 
1 1 0 0.778434312103104 13.755799330074097 
1 0 0 1.0122585756378635 15.999999998614921 
1 -1 0 1.0122585756784772 15.99999993811249 
1 -2 0 1.9637381636785354 14.999999999412047 
2 -2 0 5.8014767926017665 13.0 
1 -3 0 1.9637381636785258 14.99999999753238 
2 -3 0 5.801476792601761 13.000000000000002 
0 4 0 1.9999999999999996 6.0 
0 3 0 2.0000000000000004 6.0 
0 2 0 0.7784343130571179 12.369509836977814 
0 1 0 0.7784343121031304 12.369509836783973 
0 0 1 1.012258575609573 15.361806431595895 
0 -1 1 1.0122585756095153 15.361807028702696 
0 -2 1 1.3943614582411796 15.79441739905879 
0 -3 1 1.3943614582412431 15.794557714821925 
0 -4 0 1.1260311962123077 13.677085654731027 
1 -4 0 4.225075415787675 11.629270260022782 
0 -5 0 1.1260311962122873 13.677085967499018 
1 -5 0 4.225075415787676 11.629270260022786 
-1 4 0 5.0 5.0 
-1 3 0 5.0 5.000000000000001 
-1 2 0 2.5602666201326323 11.219318473701131 
-1 1 0 2.560266620132803 11.219318473745671 
-1 0 0 1.179663482935537 14.68652352699442 
-1 -1 0 1.1796634814392453 14.686523525233218 
-1 -2 0 0.4036767913495323 15.79390770204562 
-1 -3 0 0.4036767916359907 15.793556950834047 
-1 -4 0 0.643854799826732 14.776575250708966 
-1 -5 0 0.6438547998266448 14.77657837320743 
-1 -6 0 1.3883286325734212 11.999999883626508 
0 -6 0 3.1650769831431953 10.0 
-1 -7 0 1.388328632574999 11.999999999998533 
0 -7 0 3.1650769831431966 10.000000000000004 
-2 4 0 5.0 5.0 
-2 3 0 5.0 5.0 
-2 2 0 2.7732386672396476 9.691442200029577 
-2 1 0 2.773238667239644 9.691442200029579 
-2 0 0 1.1796634814392415 13.999999999999222 
-2 -1 0 1.1796634814392448 13.99999999999917 
-2 -2 0 0.40367679146790286 14.881050130082434 
-2 -3 0 0.40367679130981815 14.881051201151235 
-2 -4 2 0.6438547998265671 14.776577771735122 
-2 -5 2 0.6438547998265716 14.776578409183776 
-2 -6 2 1.2971862986750826 13.260421598320328 
-2 -7 2 1.2971863000814505 13.260421580475944 
-2 -8 0 0.9968111819087044 9.975699050590176 
-1 -8 0 3.4384471871911697 7.561552812808828 
-2 -9 0 0.996811181739641 9.975699050590187 
-1 -9 0 3.4384471871911697 7.561552812808831 
-3 2 0 7.0 9.0 
-3 1 0 7.0 8.999999999999998 
-3 0 0 4.058440537884599 12.092348412409413 
-3 -1 0 4.058440537979852 12.09234841210711 
-3 -2 0 2.095439968770323 14.095436440989893 
-3 -3 0 2.0954399744926864 14.095436110366023 
-3 -4 0 0.9714643480284645 14.657334002927053 
-3 -5 0 0.9714643481492047 14.657333945150603 
-3 -6 0 0.33147819293217334 13.291934573295261 
-3 -7 0 0.33147819277163076 13.29193457345909 
-3 -8 0 0.48872246059958424 10.612631905848675 
-3 -9 0 0.4887224608632579 10.612631974068384 
-3 -10 0 1.3382172644384265 6.099790346207648 
-2 -10 0 3.0 3.0 
-3 -11 0 1.338217264438427 6.099790346207647 
-2 -11 0 3.0 3.0 
-4 2 0 7.0 7.0 
-4 1 0 7.0 7.0 
-4 0 0 4.52460667654725 11.000000000000002 
-4 -1 0 4.524606676547251 11.000000000000002 
-4 -2 0 2.516949567087922 13.034390172983535 
-4 -3 0 2.516949567129322 13.034390299829365 
-4 -4 0 1.0453709777412616 13.85016949180817 
-4 -5 0 1.0453709766544403 13.850169483799956 
-4 -6 0 0.3314781926915566 13.291934573846403 
-4 -7 0 0.3314781926917173 13.291934449940443 
-4 -8 1 0.4887224605980933 10.668893273708798 
-4 -9 1 0.4887224605980938 10.668893273708845 
-4 -10 1 1.2373521330030877 6.39268424886718 
-4 -11 1 1.2373521330030874 6.392684248867181 
-5 0 0 9.0 9.0 
-5 -1 0 9.0 9.0 
-5 -2 0 6.651623974101275 11.45296923251951 
-5 -3 0 6.651623974101278 11.452969232519512 
-5 -4 0 4.780310151529434 12.988101183110476 
-5 -5 0 4.780310151529437 12.98810118311048 
-5 -6 0 3.1419366645039255 12.737629479728295 
-5 -7 0 3.1419366645039193 12.737629479728302 
-5 -8 0 1.7193608574512433 10.668893273708896 
-5 -9 0 1.719360857451243 10.668893273708896 
-5 -10 0 1.2373521330030877 6.392684248867181 
-5 -11 0 1.2373521330030883 6.392684248867182 
-5 -12 0 1.0 1.0 
-4 -12 0 1.0 1.0 
-5 -13 0 1.0 1.0 
-4 -13 0 1.0 1.0 
