4 10 0 0.9999999999999998 3.0000000000000004 
5 10 0 3.0 3.0 
4 9 0 0.9999999999999994 3.0 
5 9 0 3.0 3.0 
4 8 0 0.9818323006575956 11.41230318231399 
5 8 0 3.38880971059791 11.41230318231399 
4 7 0 0.9818323006575944 11.412303182313986 
5 7 0 3.388809710597912 11.412303182313991 
4 6 0 1.1615875382714749 14.739196902550713 
5 6 0 5.148706792115351 14.301980673069128 
4 5 0 1.1615875382714755 14.739196902513868 
5 5 0 5.148706792115351 14.301980673069131 
4 4 0 1.8241051716775458 16.732489269414714 
5 4 0 7.788516748005432 15.353110573765392 
4 3 0 1.8241051718077343 16.73248925902654 
5 3 0 7.788516748005433 15.353110573765393 
4 2 0 3.798701443617942 15.0 
5 2 0 12.0 12.0 
4 1 0 3.79870144361795 15.000000000000004 
5 1 0 12.0 12.0 
3 10 0 0.9999999999999998 3.0 
3 9 0 1.0 3.0 
3 8 0 0.5980410666195733 11.391073166970987 
3 7 0 0.5980410658543637 11.391073166970983 
3 6 0 0.5857603264514726 14.739196902472967 
3 5 0 0.5857603264514134 14.739196744699369 
3 4 0 0.6936145503891551 17.27412489605703 
3 3 0 0.6936145505472616 17.274124860734034 
3 2 0 1.7844631921522514 16.99999999964076 
3 1 0 1.7844631921737575 16.999999999394674 
3 0 0 2.993166390664714 12.999999999919982 
4 0 0 8.000000000000002 10.0 
3 -1 0 2.9931663906647117 12.999999999942444 
4 -1 0 8.0 10.0 
2 8 0 0.5980410658543636 9.861444881999212 
2 7 0 0.5980410658543681 9.86144488199921 
2 6 0 0.3343508559424495 14.521309924792288 
2 5 0 0.33435085594240843 14.521309924951705 
2 4 0 0.3251524075084504 17.274124966464157 
2 3 0 0.32515240764086245 17.274124980775888 
2 2 0 0.5979098965544314 17.743166936848827 
2 1 0 0.5979098966208789 17.743166550989578 
2 0 0 1.7706534345083262 14.999999785244142 
2 -1 0 1.7706534346978484 14.999999939146345 
2 -2 0 3.697224362268003 10.999999999999996 
3 -2 0 5.999999999999999 8.0 
2 -3 0 3.697224362268006 10.999999999999998 
3 -3 0 6.000000000000001 8.0 
1 8 0 2.0 5.999999999999999 
1 7 0 2.0000000000000004 6.0 
1 6 0 0.33435085594340086 12.567409528627712 
1 5 0 0.3343508559420734 12.567409611646195 
1 4 0 0.1718398136722046 16.5552303082806 
1 3 0 0.17183981367212123 16.55523047555762 
1 2 0 0.17109086189857348 17.766911738159685 
1 1 0 0.17109086189858722 17.76691033953943 
1 0 0 0.23598245362534398 16.338044894457415 
1 -1 0 0.2359824535517217 16.33804579118914 
1 -2 0 1.2769032682318544 12.753317917792758 
1 -3 0 1.2769032682318413 12.753317836018763 
0 6 0 1.0355909411340356 9.329575586961958 
0 5 0 1.035590941134033 9.329575551689368 
0 4 0 0.17183981374785093 14.833783931917221 
0 3 0 0.17183981367181103 14.833783885412757 
0 2 1 0.17109086189847628 17.766911522888194 
0 1 1 0.17109086189847914 17.76691173329534 
0 0 2 0.5112210749835179 17.23931701481811 
0 -1 2 0.5112210749835181 17.239315979175302 
0 -2 1 0.6416251534051267 14.33975682421179 
0 -3 1 0.6416251534051335 14.339756824730543 
0 -4 0 1.0 8.561552812808833 
1 -4 0 3.000000000000001 6.999999999999999 
0 -5 0 0.9999999999999973 8.561552812808833 
1 -5 0 3.0 7.000000000000001 
-1 4 0 1.402882292186318 11.90482188388409 
-1 3 0 1.402882292186291 11.904821151255195 
-1 2 0 0.8056074020832088 16.8765335072295 
-1 1 0 0.8056074019520426 16.876533507324336 
-1 0 0 0.5112210750368372 17.999999731847012 
-1 -1 0 0.5112210750122212 17.99999999545736 
-1 -2 0 0.6416251535235185 15.106838968990141 
-1 -3 0 0.6416251534552534 15.10683872933963 
-1 -4 0 1.0 8.999999999999998 
-1 -5 0 1.000000000000001 8.999999999999998 
-2 2 0 2.640791777883132 14.793722212805761 
-2 1 0 2.6407917778831322 14.793722212751618 
-2 0 0 1.969941745343996 17.99999997761118 
-2 -1 0 1.969941745344025 17.999999949828183 
-2 -2 0 1.5524362610900888 16.53112886097527 
-2 -3 0 1.5524362610900606 16.53112887394691 
-2 -4 0 2.4384471871911684 9.000000000000007 
-2 -5 0 2.4384471871911693 8.999999999999998 
-3 0 0 6.368564451576014 16.857213572175525 
-3 -1 0 6.368564451576018 16.857213572175525 
-3 -2 0 3.9187093331659875 18.0 
-3 -3 0 3.9187093331659875 18.0 
-3 -4 0 4.438447187191169 9.0 
-3 -5 0 4.43844718719117 9.0 
-4 -2 0 18.0 18.0 
-4 -3 0 18.0 18.0 
-4 -4 0 9.0 9.0 
-4 -5 0 9.0 9.0 
