2 4 0 5.0 5.000000000000001 
3 4 0 5.0 5.0 
2 3 0 5.0 5.0 
3 3 0 5.0 5.0 
2 2 0 2.9161282790649583 11.645751310971793 
3 2 0 6.35424868893541 11.645751311064595 
2 1 0 2.916128279064964 11.64575131097849 
3 1 0 6.35424868893541 11.645751311064588 
2 0 0 4.146254143711013 15.693563642769162 
3 0 0 9.0 15.518816693272301 
2 -1 0 4.146254143004038 15.693563642786684 
3 -1 0 8.999999999999998 15.518816693272298 
2 -2 0 5.557068825687908 17.60632748628606 
3 -2 0 11.354248688935407 16.645751311064593 
2 -3 0 5.557068828341897 17.606327486274918 
3 -3 0 11.35424868893541 16.645751311064593 
2 -4 0 8.097987880775745 16.210996905282826 
3 -4 0 15.0 15.0 
2 -5 0 8.097987880794529 16.210996366473296 
3 -5 0 15.0 15.0 
1 4 0 5.0 5.0 
1 3 0 4.999999999999999 5.0 
1 2 0 2.885911684925072 11.07277201391875 
1 1 0 2.8859116849250883 11.072771976252172 
1 0 0 1.860921592939808 15.693563604552985 
1 -1 0 1.8609215929395464 15.693563591967687 
1 -2 0 2.4151093479501715 18.711013034874053 
1 -3 0 2.4151093485096027 18.711013075354828 
1 -4 0 4.221644731321331 17.999999871260822 
1 -5 0 4.221644730246749 17.999999736075655 
1 -6 0 6.300182048999094 15.180620716821617 
2 -6 0 11.0 14.0 
1 -7 0 6.30018204899931 15.180620655222569 
2 -7 0 11.0 14.000000000000002 
0 4 0 5.0 5.0 
0 3 0 5.0 5.0 
0 2 0 2.885911684943717 10.781851628728223 
0 1 0 2.8859116849587383 10.781851919459918 
0 0 1 1.7462937310486586 15.024677270458275 
0 -1 1 1.746293744109886 15.024678091131348 
0 -2 1 1.1068305304524815 18.7110123388497 
0 -3 1 1.10683053045248 18.711012959757767 
0 -4 0 0.7160305801113805 19.99999993782864 
0 -5 0 0.7160305802152247 19.999999991399402 
0 -6 0 2.620480917554482 16.99999999435411 
0 -7 0 2.620480917554066 16.99999996198303 
0 -8 0 4.932477488394843 14.014074104063937 
1 -8 0 8.999999999999998 12.414213562373092 
0 -9 0 4.932477488522818 14.01409544943971 
1 -9 0 9.0 12.414213562373094 
-1 4 0 5.0 5.0 
-1 3 0 5.0 5.0 
-1 2 0 2.978746139953491 10.747161625629053 
-1 1 0 2.9787461398938957 10.74716159051044 
-1 0 0 1.7462937310395672 14.458264608107706 
-1 -1 0 1.746293731037664 14.458264202818087 
-1 -2 1 0.8709142545066938 17.446927078697467 
-1 -3 1 0.8709142545066905 17.446927185250548 
-1 -4 0 0.6616343048774362 19.999999421327576 
-1 -5 0 0.6616343048457003 19.999999022666504 
-1 -6 0 0.6547615348220038 17.953837014134944 
-1 -7 0 0.6547615348219419 17.95383756983124 
-1 -8 0 2.637607114381853 15.999999445084871 
-1 -9 0 2.6376071144695277 15.999999995541991 
-1 -10 0 4.11407333429998 12.447434689635058 
0 -10 0 7.000000000000001 10.414213562373096 
-1 -11 0 4.1140733329831445 12.447434689598467 
0 -11 0 7.0 10.4142135623731 
-2 4 0 5.0 5.0 
-2 3 0 5.0 5.0 
-2 2 0 3.2631593463291697 10.273072863067664 
-2 1 0 3.2631593463291724 10.27307286306767 
-2 0 0 1.9574673658575807 14.127099870461443 
-2 -1 0 1.9574673658193358 14.127100235571692 
-2 -2 0 0.8709142545067823 16.458571700346944 
-2 -3 0 0.8709142545087675 16.45856858389117 
-2 -4 1 0.6616343048352477 19.999999992999612 
-2 -5 1 0.6616343048352596 19.999999998614026 
-2 -6 1 0.2744782644699112 19.561128151683256 
-2 -7 1 0.27447826446990964 19.561072434834802 
-2 -8 0 0.8820997503420162 16.822723900606096 
-2 -9 0 0.8820997502963823 16.822723888371645 
-2 -10 0 2.284532855271823 14.414213428038561 
-2 -11 0 2.284532855603113 14.414213552019142 
-2 -12 0 3.5970483955094275 9.209993592153136 
-1 -12 0 5.585786437626906 8.414213562373094 
-2 -13 0 3.597048395509428 9.209993592153134 
-1 -13 0 5.585786437626907 8.414213562373092 
-3 2 0 6.0 9.0 
-3 1 0 6.0 9.0 
-3 0 0 3.9912320231714893 12.671606365824099 
-3 -1 0 3.9912320231490703 12.67160568527455 
-3 -2 0 2.248997948948009 15.58644084765124 
-3 -3 0 2.2489979497635706 15.586441004863653 
-3 -4 0 1.081257313265236 17.59256341501229 
-3 -5 0 1.0812573128060723 17.592560166213087 
-3 -6 0 0.27447826448664703 19.56109050102471 
-3 -7 0 0.27447826453815133 19.56113156216441 
-3 -8 1 0.8820997502679294 17.577275831893765 
-3 -9 1 0.8820997502679291 17.57727548597027 
-3 -10 0 0.8984062565786308 15.449170154724149 
-3 -11 0 0.8984062557777481 15.449170460625139 
-3 -12 0 1.9772293385711406 12.786494885637799 
-3 -13 0 1.9772293386337598 12.786494885613518 
-3 -14 0 5.0 5.0 
-2 -14 0 5.0 5.0 
-3 -15 0 5.0 5.0 
-2 -15 0 5.0 5.0 
-4 0 0 8.0 11.0 
-4 -1 0 7.999999999999997 11.0 
-4 -2 0 4.5372554174787165 14.516395897943164 
-4 -3 0 4.537258128355844 14.515932549223926 
-4 -4 0 2.451473310824362 16.670938615673087 
-4 -5 0 2.4514733135584867 16.670937767303894 
-4 -6 0 1.063904557794472 18.29676515811267 
-4 -7 0 1.0639045584884197 18.296765635335817 
-4 -8 1 0.8082883525878423 17.596967032605818 
-4 -9 1 0.8082883525878357 17.596966907678375 
-4 -10 0 0.31171640983376686 15.930418533415235 
-4 -11 0 0.3117164098785571 15.93041853194176 
-4 -12 0 1.1309578185980642 13.00347657844641 
-4 -13 0 1.1309578189125686 13.00347657327204 
-4 -14 0 2.5857864376269055 9.37228132326901 
-4 -15 0 2.585786437626905 9.372281323269013 
-5 0 0 8.0 8.0 
-5 -1 0 8.0 8.0 
-5 -2 0 4.549787289156428 13.0 
-5 -3 0 4.54978728915643 13.000000000000004 
-5 -4 0 2.8308611024044774 15.818019700639903 
-5 -5 0 2.830861102404466 15.818022438779945 
-5 -6 0 1.7728806250569442 17.21508934486611 
-5 -7 0 1.7728806250539944 17.21587477485302 
-5 -8 0 0.808288352587879 17.596967262163666 
-5 -9 0 0.8082883527656833 17.596967389032375 
-5 -10 0 0.31171640983363424 16.001025813856447 
-5 -11 0 0.31171640983364834 16.00102555270164 
-5 -12 1 1.0435555960744731 13.111310227896038 
-5 -13 1 1.0435555967050296 13.11131022785524 
-5 -14 0 0.9684848514459696 9.43181940922757 
-5 -15 0 0.9684848514459689 9.431819409227568 
-6 -2 0 10.0 10.0 
-6 -3 0 9.999999999999998 10.0 
-6 -4 0 6.523850692360218 15.0 
-6 -5 0 6.523850692360215 15.000000000000004 
-6 -6 0 4.332278074395046 16.489288570849737 
-6 -7 0 4.332278074394567 16.48928857139337 
-6 -8 0 2.741450923763805 17.16690657177902 
-6 -9 0 2.7414509237636375 17.166906525223574 
-6 -10 0 1.7138024351348444 16.00102580469138 
-6 -11 0 1.7138024351271748 16.001025818747994 
-6 -12 0 1.043555596117525 13.240208039909598 
-6 -13 0 1.0435555963765326 13.24020788599612 
-6 -14 0 0.9684848514459805 9.479211610144205 
-6 -15 0 0.9684848514459703 9.479211610144203 
-6 -16 0 2.0 2.0 
-5 -16 0 2.0 2.0 
-6 -17 0 2.0 2.0 
-5 -17 0 2.0 2.0 
-7 -4 0 12.0 12.0 
-7 -5 0 12.0 12.0 
-7 -6 0 8.5235129460139 15.272275114568847 
-7 -7 0 8.523512946013897 15.272275114568846 
-7 -8 0 6.415343824251201 16.605093299192045 
-7 -9 0 6.415343824251201 16.605093299192053 
-7 -10 0 4.42255152487926 15.895533274493841 
-7 -11 0 4.422551524879264 15.895533274493838 
-7 -12 0 3.096252885033027 13.240208272260926 
-7 -13 0 3.0962528850330244 13.240208272260933 
-7 -14 0 2.4822456206777828 9.479211610144208 
-7 -15 0 2.4822456206777836 9.479211610144208 
-7 -16 0 2.0 2.0 
-7 -17 0 2.0 2.0 
