1 3 0 3.0 5.0 
2 3 0 5.0 5.0 
1 2 0 3.0000000000000004 5.0 
2 2 0 5.0 5.0 
1 1 0 3.0000000000000004 11.000000000000004 
2 1 0 5.999999999999999 11.0 
1 0 0 2.999999999999999 11.000000000000009 
2 0 0 6.0 11.0 
1 -1 0 2.9999999999999982 12.999999999999945 
2 -1 0 8.000000000000002 13.000000000000002 
1 -2 0 2.9999999999999956 12.999999999999991 
2 -2 0 7.999999999999999 13.0 
1 -3 0 4.000000000000002 14.000000000000004 
2 -3 0 12.0 12.0 
1 -4 0 4.000000000000003 14.000000000000004 
2 -4 0 12.0 12.0 
0 3 0 2.9999999999999996 5.0 
0 2 0 2.9999999999999996 5.0 
0 1 0 1.4057759818956181 10.999999999999998 
0 0 0 1.4057759818964617 11.000000000000004 
0 -1 0 1.405775981895621 12.99999999992831 
0 -2 0 1.4057759818956048 12.999999999882379 
0 -3 0 1.4057759818956037 13.999999878462505 
0 -4 0 1.4057759818956002 13.999999445116014 
0 -5 0 2.535898388118604 11.99999858170487 
1 -5 0 7.999999999999997 11.0 
0 -6 0 2.535898385102875 11.999999999984176 
1 -6 0 8.0 11.0 
-1 3 0 3.0 5.0 
-1 2 0 2.9999999999999996 5.0 
-1 1 1 1.3309209117177176 9.294349409422246 
-1 0 1 1.3309209117177163 9.294349405537574 
-1 -1 3 0.38896815978091986 12.99999997042778 
-1 -2 3 0.38896815978091875 12.99999999460054 
-1 -3 3 0.38896815978091803 13.999999999935943 
-1 -4 3 0.31742535710491515 13.999999999967232 
-1 -5 1 0.31742535710491515 13.368615284202995 
-1 -6 1 0.3174253571049172 13.368615461960383 
-1 -7 0 0.31742535710507663 9.757816396256954 
0 -7 0 4.000000000000001 9.414213562373092 
-1 -8 0 0.3174253571051269 9.757816396231075 
0 -8 0 4.000000000000001 9.414213562373096 
-2 3 0 3.0 5.0 
-2 2 0 3.0 5.0 
-2 1 0 1.3309209117177108 8.414213562373094 
-2 0 0 1.3309209117177123 8.4142135623731 
-2 -1 0 0.3889681597809175 11.999999999990228 
-2 -2 0 0.3889681597809193 11.999999999995849 
-2 -3 0 0.3174253571058663 13.999999999969166 
-2 -4 0 0.3174253571769434 13.999999999990884 
-2 -5 0 0.3174253571081525 13.368615493290108 
-2 -6 0 0.3174253571604839 13.368615493289644 
-2 -7 0 0.31742535710491615 11.36861549329081 
-2 -8 0 0.3174253571063544 11.368615482970212 
-2 -9 0 0.49677558373097314 7.7365102247682405 
-1 -9 0 2.5857864376269055 7.414213562373098 
-2 -10 0 0.49677558373097624 7.736510224768239 
-1 -10 0 2.585786437626905 7.414213562373092 
-3 1 0 4.0 7.999999999999999 
-3 0 0 3.9999999999999987 8.0 
-3 -1 0 2.0168409681820783 10.414213562197709 
-3 -2 0 2.0168409681820774 10.414213561799313 
-3 -3 0 0.6930630551249584 13.999999992473594 
-3 -4 0 0.6930630541503603 13.99999993316076 
-3 -5 0 0.4967755837311403 13.368615452665903 
-3 -6 0 0.49677558373100666 13.368615332483273 
-3 -7 0 0.49677558373097863 11.368615451418487 
-3 -8 0 0.49677558373097597 11.368615487414274 
-3 -9 0 0.4967755837309762 8.999999999999996 
-3 -10 0 0.4967755837309751 8.999999999999998 
-3 -11 0 2.0 4.0 
-2 -11 0 1.9999999999999998 4.0 
-3 -12 0 1.9999999999999993 4.0 
-2 -12 0 2.0000000000000004 4.0 
-4 -1 0 7.000000000000001 10.0 
-4 -2 0 6.999999999999999 10.0 
-4 -3 0 4.438447187191173 12.0 
-4 -4 0 4.438447187191167 11.999999999999995 
-4 -5 0 3.00000000028339 13.368615493290838 
-4 -6 0 3.0000000003041847 13.368615493290829 
-4 -7 0 2.0000000000394382 11.36861549329082 
-4 -8 0 2.0000000000688267 11.364476022498492 
-4 -9 0 1.9999999999999993 9.000000000000002 
-4 -10 0 1.9999999999999991 9.000000000000002 
-4 -11 0 1.9999999999999998 4.0 
-4 -12 0 2.0 4.0 
-5 -3 0 11.0 11.0 
-5 -4 0 11.0 11.0 
-5 -5 0 8.438447187191171 12.56155281280883 
-5 -6 0 8.43844718719117 12.56155281280883 
-5 -7 0 6.438447187191169 11.000000000000004 
-5 -8 0 6.4384471871911675 10.999999999999995 
-5 -9 0 5.0 8.999999999999998 
-5 -10 0 5.000000000000001 9.0 
-5 -11 0 4.0 4.0 
-5 -12 0 4.0 4.0 
