3 9 0 3.0 3.0 
4 9 0 3.0 3.0 
3 8 0 3.0 3.0 
4 8 0 3.0 3.0 
3 7 0 1.4297052311933771 9.027964106952968 
4 7 0 3.3917890262634915 9.027964108223962 
3 6 0 1.4297052311933767 9.027964107361232 
4 6 0 3.391789026263491 9.027964108223962 
3 5 0 1.9903805025067687 12.882664132023855 
4 5 0 4.3552371905257 12.882664848302875 
3 4 0 1.9903805025062045 12.882664694709886 
4 4 0 4.355237190525702 12.882664848302872 
3 3 0 2.9374321888298307 15.327769558130925 
4 3 0 6.189273042661352 15.036040865812819 
3 2 0 2.9374321899616085 15.327769482482221 
4 2 0 6.1892730426613545 15.036040865812819 
3 1 0 4.249725921942791 15.183480311996682 
4 1 0 8.750658247444793 14.366592142941448 
3 0 0 4.249725921942789 15.183480324087517 
4 0 0 8.750658247444793 14.366592142941451 
3 -1 0 6.229933571026785 13.999999999999156 
4 -1 0 12.0 12.0 
3 -2 0 6.229933571026791 13.999999999994905 
4 -2 0 12.0 12.0 
2 9 0 3.0 3.0 
2 8 0 3.0 3.0000000000000004 
2 7 0 1.4297052311933782 8.878482188547938 
2 6 0 1.4297052311933773 8.878482188547945 
2 5 0 0.48506459590933154 12.698765296816104 
2 4 0 0.4850645959066371 12.698764786280421 
2 3 0 0.5717064154213498 15.404067666521462 
2 2 0 0.5717064148722014 15.404067569793934 
2 1 0 1.3430422655640446 16.252883102369033 
2 0 0 1.3430422653095673 16.25288428116564 
2 -1 0 2.5691267816197723 14.85224514992491 
2 -2 0 2.5691267816198193 14.852245188288702 
2 -3 0 4.326010212914256 12.999999999999032 
3 -3 0 9.0 11.0 
2 -4 0 4.3260102129125535 12.999999999996183 
3 -4 0 9.0 11.0 
1 9 0 3.0 3.0 
1 8 0 3.0 3.0 
1 7 0 1.4727816288941604 8.707073881276827 
1 6 0 1.472781628894163 8.707073881276827 
1 5 0 0.48506459590669526 12.48325776066653 
1 4 0 0.48506459590661716 12.483257249208563 
1 3 0 0.2677848430054294 15.404067507381473 
1 2 0 0.26778484300478067 15.40406766957205 
1 1 0 0.4120318966855487 17.312402414890784 
1 0 0 0.41203189670648727 17.32143584788813 
1 -1 0 0.912903735162086 15.999999702548848 
1 -2 0 0.9129037354362319 15.999999658066685 
1 -3 0 1.86252576135728 13.78890709930319 
1 -4 0 1.8625257609004962 13.788907068941898 
1 -5 0 3.4081595151095887 10.999999999999996 
2 -5 0 6.999999999999999 9.000000000000002 
1 -6 0 3.408159515109584 10.999999999999996 
2 -6 0 7.0 9.0 
0 7 0 3.9999999999999982 8.56155281280883 
0 6 0 3.9999999999999996 8.56155281280883 
0 5 0 2.1948411904925975 11.910911782733397 
0 4 0 2.1948411850605827 11.910911791721865 
0 3 0 0.26778484300655087 14.422433306172225 
0 2 0 0.2677848430072124 14.422433331662148 
0 1 1 0.41203189667081486 17.321435948899538 
0 0 1 0.4120318967181732 17.321435949013026 
0 -1 1 0.5564049033384226 17.999999634237767 
0 -2 1 0.5564049033384137 17.999999995337358 
0 -3 0 1.56657657162007 14.659127978894716 
0 -4 0 1.566576571624862 14.659127997871133 
0 -5 0 3.1517299692306993 12.432461275890645 
0 -6 0 3.1517299696686196 12.432461390472714 
0 -7 0 5.0 8.0 
1 -7 0 6.0 6.0 
0 -8 0 4.999999999999999 8.0 
1 -8 0 6.0 6.0 
-1 7 0 5.0 5.0 
-1 6 0 5.0 5.0 
-1 5 0 2.9483478438508923 11.561552812808824 
-1 4 0 2.9483478438508923 11.56155281280883 
-1 3 0 1.4360722661408356 13.583975349997031 
-1 2 0 1.4360722661408407 13.58397582470299 
-1 1 0 0.48165065834519133 15.806760385192371 
-1 0 0 0.4816506584009847 15.806759492502284 
-1 -1 0 0.28753663636108656 17.99999990119993 
-1 -2 0 0.2875366365091865 17.999998990232946 
-1 -3 0 0.4398422512159879 15.628262833918008 
-1 -4 0 0.43984225121593684 15.6282630919266 
-1 -5 0 1.0452448417931575 13.223324805836313 
-1 -6 0 1.0452448411958508 13.223325026497827 
-1 -7 0 2.4299002807936745 9.678859635611413 
-1 -8 0 2.429900280793674 9.678859635611415 
-2 5 0 6.0 8.000000000000002 
-2 4 0 6.0 8.0 
-2 3 0 3.857618793318272 12.999999981380816 
-2 2 0 3.857618792901832 12.999999998556213 
-2 1 0 2.035387293915702 14.849756780593216 
-2 0 0 2.0353872987701904 14.849756753444815 
-2 -1 0 0.2875366363610689 17.99999999178859 
-2 -2 0 0.28753663636106813 17.999999988135375 
-2 -3 1 0.4398422512158993 17.07643455951881 
-2 -4 1 0.4398422512158993 17.076434560318713 
-2 -5 1 1.045244841195825 14.021042876282857 
-2 -6 1 1.0452448411958266 14.021042831962475 
-2 -7 0 2.2652350189519486 11.14271073575876 
-2 -8 0 2.2652350192089834 11.14271073576011 
-2 -9 0 4.0 4.0 
-1 -9 0 4.0 4.0 
-2 -10 0 4.0 4.0 
-1 -10 0 4.0 4.0 
-3 3 0 6.999999999999998 11.0 
-3 2 0 7.0 11.0 
-3 1 0 4.858076971630497 13.999999999984647 
-3 0 0 4.858076971630511 13.99999906134927 
-3 -1 0 3.200776895076054 15.999999996179538 
-3 -2 0 3.200776895013587 15.999999998195745 
-3 -3 0 1.894581360090569 17.0764345416351 
-3 -4 0 1.8945813735114128 17.076434551261613 
-3 -5 0 1.181286321872948 15.154591133152081 
-3 -6 0 1.1812863252023211 15.154591133038116 
-3 -7 0 2.2652350184472807 11.175181986561217 
-3 -8 0 2.2652350184474495 11.175181986484526 
-3 -9 0 4.0 4.0 
-3 -10 0 4.0 4.0 
-4 1 0 10.0 12.0 
-4 0 0 10.0 12.0 
-4 -1 0 6.078124260975765 14.999999999674822 
-4 -2 0 6.078124260975758 14.999999999715868 
-4 -3 0 4.101168032706083 15.87613137025972 
-4 -4 0 4.101168032706083 15.876131797107263 
-4 -5 0 2.8081268549803746 15.15459099813936 
-4 -6 0 2.8081268490552227 15.15459113299036 
-4 -7 0 2.328483998516736 11.372281323268874 
-4 -8 0 2.3284839985167367 11.372281323268933 
-4 -9 0 4.0 4.0 
-4 -10 0 4.0 4.0 
-5 -1 0 13.0 13.0 
-5 -2 0 13.0 13.0 
-5 -3 0 9.284805472296872 14.715194527703128 
-5 -4 0 9.284805472296869 14.715194527703128 
-5 -5 0 6.476386175380657 14.73022221346259 
-5 -6 0 6.476386175380656 14.730222213462591 
-5 -7 0 5.0 11.372281323269013 
-5 -8 0 5.000000000000001 11.372281323269014 
-5 -9 0 4.0 4.0 
-5 -10 0 4.0 4.0 
