2 8 0 0.9999999999999996 3.0 
3 8 0 3.0 3.0 
2 7 0 1.0000000000000004 3.0 
3 7 0 3.0 3.0 
2 6 0 0.9999999999999997 5.000000000000002 
3 6 0 4.0 5.0 
2 5 0 0.9999999999999998 5.0 
3 5 0 3.9999999999999996 5.0 
2 4 0 0.9999999999999993 6.0 
3 4 0 6.0 6.0 
2 3 0 0.9999999999999996 5.999999999999999 
3 3 0 6.0 6.0 
1 8 0 0.9999999999999999 3.0 
1 7 0 1.0000000000000004 3.0 
1 6 1 1.0 5.000000000000003 
1 5 1 0.9999999999999993 5.0 
1 4 3 0.9999999999999999 6.000000000000002 
1 3 3 0.9999999999999991 6.000000000000001 
1 2 3 1.9999999999999993 4.000000000000001 
2 2 0 1.9999999999999996 4.0 
1 1 3 2.0 4.0 
2 1 0 1.9999999999999996 4.0 
0 6 0 5.0 5.0 
0 5 0 5.0 5.0 
0 4 0 3.0000000000000004 6.000000000000002 
0 3 0 3.0000000000000004 6.0 
0 2 0 1.9999999999999998 4.0 
0 1 0 1.9999999999999998 4.0 
0 0 0 2.0 2.0 
1 0 1 1.9999999999999998 1.9999999999999998 
0 -1 0 2.0 2.0 
1 -1 1 2.0 2.0 
