3 13 0 1.0 1.0 
4 13 0 1.0 1.0 
3 12 0 1.0 1.0 
4 12 0 1.0 1.0 
3 11 1 1.9999999999999982 5.0 
4 11 0 1.9999999999999998 5.0 
3 10 1 2.0 5.000000000000001 
4 10 0 1.9999999999999998 5.0 
3 9 1 0.9999999999999988 7.0 
4 9 0 3.0 6.0 
3 8 1 0.9999999999999986 7.0 
4 8 0 3.0 6.0 
3 7 0 0.9999999999999987 8.000000000000002 
4 7 0 3.9999999999999996 7.0 
3 6 0 0.9999999999999982 8.000000000000002 
4 6 0 4.0 7.0 
3 5 0 1.9999999999999993 5.0 
4 5 0 5.0 5.0 
3 4 0 1.9999999999999991 5.0 
4 4 0 5.0 5.0 
2 11 0 2.0 5.0 
2 10 0 2.0 5.0 
2 9 0 0.9999999999999973 6.999999999999999 
2 8 0 0.9999999999999973 7.000000000000002 
2 7 1 0.9999999999999981 8.0 
2 6 1 0.9999999999999992 8.000000000000004 
2 5 1 1.9999999999999987 8.000000000000002 
2 4 1 1.999999999999999 7.999999999999999 
2 3 0 3.0 3.0000000000000004 
3 3 0 3.0 3.0 
2 2 0 3.0 3.0 
3 2 0 3.0 3.0 
1 9 0 4.000000000000001 7.0 
1 8 0 4.0 7.0 
1 7 0 1.0 8.0 
1 6 0 0.9999999999999982 8.000000000000002 
1 5 0 1.0000000000000016 8.0 
1 4 0 1.0000000000000007 8.0 
1 3 0 2.0000000000000004 6.0 
1 2 0 1.9999999999999996 6.0 
0 9 0 4.0 4.0 
0 8 0 4.0 4.0 
0 7 0 1.0000000000000002 7.0 
0 6 0 1.0 7.0 
0 5 1 0.999999999999999 8.0 
0 4 1 1.0000000000000007 7.999999999999997 
0 3 2 1.9999999999999998 6.0 
0 2 2 1.9999999999999998 6.0 
