1 3 0 1.9999999999999998 7.645751311064592 
2 3 1 2.35424868893541 7.64575131106459 
1 2 0 2.0 7.645751311064592 
2 2 1 2.3542486889354097 7.64575131106459 
1 1 0 1.3944487245360115 9.999999999999996 
2 1 0 1.3944487245360113 8.605551275463988 
1 0 0 1.394448724536007 10.0 
2 0 0 1.3944487245360107 8.605551275463988 
1 -1 0 4.999999999999999 8.0 
2 -1 0 5.0 5.0 
1 -2 0 5.0 8.0 
2 -2 0 5.0 5.0 
0 3 0 2.0 3.0000000000000004 
0 2 0 2.0 3.0 
0 1 2 1.6277186767309817 9.999999999999991 
0 0 2 1.627718676730985 10.000000000000002 
0 -1 1 0.6047658931315074 10.000000000000002 
0 -2 1 0.6047658931315079 10.0 
-1 3 0 3.0 3.0 
-1 2 0 3.0 3.0 
-1 1 0 1.6277186767309857 8.0 
-1 0 0 1.6277186767309857 7.999999999999998 
-1 -1 0 0.60476589313151 9.999999999999638 
-1 -2 0 0.6047658931315101 9.999999999999503 
-1 -3 1 2.9999999999999973 8.0 
0 -3 0 3.0 6.0 
-1 -4 1 2.9999999999999996 8.000000000000004 
0 -4 0 2.9999999999999996 6.0 
-2 1 0 5.0 7.0 
-2 0 0 5.0 7.0 
-2 -1 0 1.458205512179008 8.784726535382422 
-2 -2 0 1.4582055121790067 8.78472653538242 
-2 -3 1 1.4384471871911697 8.0 
-2 -4 1 1.4384471871911702 8.0 
-2 -5 0 0.5107114281899212 5.77845711825839 
-1 -5 0 2.0 2.0 
-2 -6 0 0.510711428189921 5.778457118258389 
-1 -6 0 2.0 2.0 
-3 1 0 5.0 5.0 
-3 0 0 5.0 5.0 
-3 -1 0 2.6765957239135223 7.681330643604978 
-3 -2 0 2.6765957239135223 7.681330643604979 
-3 -3 0 1.438447187191169 8.0 
-3 -4 0 1.4384471871911697 8.000000000000002 
-3 -5 0 0.5107114281899213 5.778457118258389 
-3 -6 0 0.5107114281899212 5.778457118258388 
