2 6 0 1.0000000000000002 4.0 
3 6 0 4.0 4.0 
2 5 0 1.0 4.0 
3 5 0 4.0 4.0 
2 4 0 0.9825379367651542 10.828427124746193 
3 4 0 5.17157287525381 10.82842712474619 
2 3 0 0.9825379367651557 10.828427124746192 
3 3 0 5.171572875253808 10.82842712474619 
2 2 0 1.5178093870274618 12.0 
3 2 0 10.0 10.0 
2 1 0 1.5178093870274667 11.999999999999998 
3 1 0 10.0 10.0 
1 6 0 1.0000000000000002 4.0 
1 5 0 1.0 4.0 
1 4 1 0.9825379367651553 9.479292574167063 
1 3 1 0.9825379367651573 9.479292574166516 
1 2 1 0.5911010236875496 11.999999999939325 
1 1 1 0.5911010236875497 11.999999999991134 
1 0 0 0.44251399611412734 10.841222069908582 
2 0 0 3.875114580235426 8.761557181831893 
1 -1 0 0.44251399611412723 10.84122206996527 
2 -1 0 3.8751145802354263 8.76155718183189 
0 6 0 3.0 3.0 
0 5 0 3.0 3.0 
0 4 0 1.6094304847778698 8.441282975130193 
0 3 0 1.6094304847778673 8.441282975130196 
0 2 0 0.5911010236878356 11.680529769768699 
0 1 0 0.5911010236923545 11.680529766587759 
0 0 0 0.44251399611416425 11.730724778143095 
0 -1 0 0.4425139961141767 11.730724770980741 
0 -2 0 0.983807576455977 8.76013293984502 
1 -2 0 2.4769044093683297 6.441290910412461 
0 -3 0 0.9838075764559757 8.760132939845025 
1 -3 0 2.4769044093683297 6.441290910412461 
-1 4 0 2.999999999999999 7.0 
-1 3 0 2.999999999999999 7.000000000000001 
-1 2 0 0.6442535185509944 10.999999999796792 
-1 1 0 0.6442535185510248 10.99999999994077 
-1 0 1 0.7614017548030637 11.730724777985566 
-1 -1 1 0.7614017548030616 11.730724777752346 
-1 -2 1 0.586216841977052 10.448760278632014 
-1 -3 1 0.5862168419770565 10.448760278627251 
-1 -4 0 0.452937282600962 5.8309803143661885 
0 -4 0 3.0 3.0 
-1 -5 0 0.4529372826009618 5.8309803143661885 
0 -5 0 3.0 3.0 
-2 4 0 5.0 5.0 
-2 3 0 5.0 5.0 
-2 2 0 2.6772977268631823 9.0 
-2 1 0 2.6772977268631823 9.000000000000002 
-2 0 0 1.3546730927182176 11.103356985522778 
-2 -1 0 1.3546730927182495 11.103356985472372 
-2 -2 0 0.5862168419771621 10.484595710658388 
-2 -3 0 0.5862168419770951 10.484595707004852 
-2 -4 0 0.4529372826009608 6.699315195763726 
-2 -5 0 0.45293728260096466 6.699315195763722 
-3 2 0 7.0 7.0 
-3 1 0 7.0 7.0 
-3 0 0 4.033552010856628 9.332749067257257 
-3 -1 0 4.033552010856629 9.332749067257256 
-3 -2 0 1.9037749767958156 10.484595711041711 
-3 -3 0 1.9037749767958163 10.48459571104171 
-3 -4 0 1.1818850716164635 6.699315195763725 
-3 -5 0 1.1818850716164648 6.699315195763724 
-3 -6 0 1.0 1.0 
-2 -6 0 1.0 1.0 
-3 -7 0 1.0 1.0 
-2 -7 0 1.0 1.0 
