4 10 0 3.0 5.0 
5 10 0 5.0 5.0 
4 9 0 3.0000000000000004 5.000000000000001 
5 9 0 5.0 5.0 
4 8 0 3.0053094257665913 14.080175563662413 
5 8 0 5.813203452651329 14.080175563662419 
4 7 0 3.005309452072333 14.08017556366242 
5 7 0 5.813203452651328 14.08017556366242 
4 6 0 3.648690752848282 17.442552521626446 
5 6 0 7.669700305345643 16.55684458567111 
4 5 0 3.6486907528469557 17.44255252201965 
5 5 0 7.6697003053456445 16.55684458567111 
4 4 0 4.890782366492423 17.65232452898768 
5 4 0 9.920906293565295 16.613658579174274 
4 3 0 4.890782366492415 17.65232385537053 
5 3 0 9.920906293565286 16.613658579174267 
4 2 0 7.02509166426989 16.999999999325997 
5 2 0 15.0 15.0 
4 1 0 7.025091664212395 16.99999997581226 
5 1 0 15.0 15.0 
3 10 0 3.0 5.000000000000001 
3 9 0 2.9999999999999996 5.0 
3 8 0 1.637967750837363 13.944662938051296 
3 7 0 1.6379677508352521 13.944662937241825 
3 6 0 1.7408298547305692 17.442552507448198 
3 5 0 1.7408298543636245 17.44255244471414 
3 4 0 2.1859854037643265 19.114910113647163 
3 3 0 2.1859854046297515 19.1149274437528 
3 2 0 3.2003982523707455 18.999999993594592 
3 1 0 3.200398246041943 18.999999999911587 
3 0 0 5.031108921638997 15.759979116746829 
4 0 0 9.438447187191171 14.0 
3 -1 0 5.031108921602595 15.75997886412312 
4 -1 0 9.438447187191171 13.999999999999996 
2 10 0 2.9999999999999996 5.0 
2 9 0 2.999999999999999 5.0 
2 8 0 1.5987136947065599 12.472488353864737 
2 7 0 1.5987136947062548 12.472488089261793 
2 6 0 0.7705409045023482 16.407455555803875 
2 5 0 0.7705409045069106 16.407455552274925 
2 4 0 0.8466079727423139 19.115084519537476 
2 3 0 0.8466079727525564 19.114745820775134 
2 2 0 1.1900025913825767 19.7669343374567 
2 1 0 1.1900025903284366 19.766934326348483 
2 0 0 2.1472366674462746 17.81479361537127 
2 -1 0 2.1472366672384977 17.814793641257033 
2 -2 0 3.726005697782287 13.910662058949285 
3 -2 0 7.438447187191168 12.56155281280883 
2 -3 0 3.7260056977816403 13.910662081395145 
3 -3 0 7.438447187191169 12.561552812808829 
1 10 0 3.0 5.0 
1 9 0 2.9999999999999996 5.0 
1 8 0 1.598713694701555 10.930862237465247 
1 7 0 1.5987136978622662 10.930862230366422 
1 6 0 0.7705409045196404 15.043062633095428 
1 5 0 0.770540904540862 15.04306262563426 
1 4 0 0.31561888300358654 18.08864189801534 
1 3 0 0.31561888299260266 18.088642851523296 
1 2 0 0.4961063597162251 19.766933360482096 
1 1 0 0.4961063598865502 19.766918241510712 
1 0 0 0.7335843738979357 18.77556991122681 
1 -1 0 0.7335843740994248 18.775570287535487 
1 -2 0 1.7292039203033467 15.80671590971544 
1 -3 0 1.7292039203026128 15.806715851381743 
1 -4 0 2.9372469707352917 12.288621817315109 
2 -4 0 5.999999999999998 10.561552812808833 
1 -5 0 2.9372469706779825 12.288621817315136 
2 -5 0 5.999999999999999 10.56155281280883 
0 8 0 3.032512058383616 9.098456440212455 
0 7 0 3.0325120583836145 9.09845644021245 
0 6 0 1.337999532323375 13.475939958763739 
0 5 0 1.337999532386569 13.475941017614769 
0 4 0 0.31561888295380064 16.714269402713246 
0 3 0 0.3156188829534868 16.714269416292343 
0 2 1 0.49610635972406897 19.34915824967871 
0 1 1 0.49610635971543954 19.349158170080337 
0 0 1 0.5714585784145454 19.496494348327833 
0 -1 1 0.5714585784145476 19.496493631788052 
0 -2 0 0.433931509739343 17.48084414157349 
0 -3 0 0.433931509738341 17.480844148203772 
0 -4 0 1.440587777483813 13.70573512808657 
0 -5 0 1.4405877774838294 13.705735154327158 
0 -6 0 3.8299135133739655 7.481194304092016 
1 -6 0 4.999999999999999 7.000000000000001 
0 -7 0 3.8299135133739672 7.481194304092018 
1 -7 0 5.000000000000001 7.0 
-1 6 0 3.1941158351492787 11.741196558696428 
-1 5 0 3.194115835174125 11.741196451693233 
-1 4 0 1.8650627103249209 15.347918056814805 
-1 3 0 1.8650627103301163 15.347917479599165 
-1 2 0 1.0643861408661512 18.5438233349747 
-1 1 0 1.064386140849898 18.543823443929877 
-1 0 0 0.5714585784162836 19.742880935680116 
-1 -1 0 0.571458578440888 19.74288303471757 
-1 -2 0 0.4339315101417268 18.18787984853191 
-1 -3 0 0.4339315097797767 18.187878954305503 
-1 -4 0 0.9628369392827015 15.220921339439741 
-1 -5 0 0.9628369406887931 15.220920807951547 
-1 -6 0 1.965879482930748 7.999999999999999 
-1 -7 0 1.9658794829307538 8.0 
-2 4 0 4.102304322996546 13.74119655654842 
-2 3 0 4.102304323890275 13.7411965316099 
-2 2 0 2.2656117897450048 16.99999982214227 
-2 1 0 2.265611789524744 16.999999793794025 
-2 0 0 1.3222941088073512 19.742882873665984 
-2 -1 0 1.322294108808323 19.74288247571202 
-2 -2 0 1.020799305950515 18.82143768235183 
-2 -3 0 1.0207993060879814 18.821437589699478 
-2 -4 0 0.9628369386593736 16.684554465034484 
-2 -5 0 0.9628369386733683 16.684554466359533 
-2 -6 0 1.9658794829307555 8.493436250199501 
-2 -7 0 1.9658794829307464 8.493436250199508 
-3 2 0 5.832984852235939 15.654809091662065 
-3 1 0 5.832984852235941 15.65480909165813 
-3 0 0 4.053753552471542 18.99999994137794 
-3 -1 0 4.053753557963909 18.99999998626883 
-3 -2 0 2.512649970511105 19.77740343708946 
-3 -3 0 2.5126499677601504 19.77740343968375 
-3 -4 0 2.07570773954919 18.1238943172467 
-3 -5 0 2.075707739830885 18.123894317673937 
-3 -6 0 1.96587948293075 8.999999999999993 
-3 -7 0 1.9658794829307513 8.999999999999995 
-4 0 0 7.832984852235937 17.0 
-4 -1 0 7.832984852235936 17.000000000000004 
-4 -2 0 6.012025509890834 19.777403436352007 
-4 -3 0 6.01202551003719 19.77740342446698 
-4 -4 0 4.598100162778572 18.140054944640262 
-4 -5 0 4.5981001578474086 18.14005494464027 
-4 -6 0 3.4961814545515804 9.000000000000002 
-4 -7 0 3.496181454551582 9.000000000000002 
-5 -2 0 19.0 19.0 
-5 -3 0 19.0 19.0 
-5 -4 0 10.859945055359741 18.140054944640255 
-5 -5 0 10.859945055359741 18.14005494464026 
-5 -6 0 9.0 9.0 
-5 -7 0 9.0 9.0 
