1 -1 0 1.0 7.0 
2 -1 0 7.0 7.0 
1 -2 0 1.0000000000000009 7.000000000000001 
2 -2 0 7.0 7.0 
1 -3 0 1.2356584110709061 16.53112887414927 
2 -3 0 8.468871125850725 16.531128874149275 
1 -4 0 1.2356584110709006 16.531128874149285 
2 -4 0 8.468871125850725 16.531128874149275 
1 -5 0 2.82511395088839 17.999999999999346 
2 -5 0 16.0 16.0 
1 -6 0 2.8251139508883867 17.999999999999982 
2 -6 0 16.0 16.0 
0 -1 0 1.0000000000000009 7.0 
0 -2 0 0.9999999999999992 7.0 
0 -3 1 1.235658411070902 15.652576882713284 
0 -4 1 1.2356584110709012 15.65257691912809 
0 -5 1 2.0682817257197863 17.999999218621383 
0 -6 1 2.0682817256598427 17.999999435018612 
0 -7 0 1.4263987167164283 16.84114032016644 
1 -7 0 6.089371933723398 14.857842095785662 
0 -8 0 1.4263987166990313 16.841140320020138 
1 -8 0 6.089371933723405 14.857842095785662 
-1 -1 0 6.0 6.0 
-1 -2 0 6.0 6.000000000000001 
-1 -3 0 2.670309397348629 14.333223624127486 
-1 -4 0 2.670309422395046 14.333223624131833 
-1 -5 0 0.9248884865647289 17.666668973026443 
-1 -6 0 0.924888485791629 17.666668904198946 
-1 -7 0 1.4263987166149115 17.999999860204277 
-1 -8 0 1.4263987166037602 17.999999996375507 
-1 -9 0 2.0463001396383205 14.99999912302077 
0 -9 0 4.309080946982947 13.000000000000004 
-1 -10 0 2.0463001396382463 14.99999902667847 
0 -10 0 4.3090809469829505 13.000000000000004 
-2 -1 0 6.0 6.0 
-2 -2 0 6.0 6.0 
-2 -3 0 2.675165367524594 13.03140809061734 
-2 -4 0 2.675165367524764 13.03140818425909 
-2 -5 0 0.9248884857924187 16.999999999852854 
-2 -6 0 0.9248884857915377 16.999999999729464 
-2 -7 1 0.692872013670346 17.999999992287826 
-2 -8 1 0.6928720136703438 17.99999998053534 
-2 -9 0 0.646867597414258 16.810607982587165 
-2 -10 0 0.646867597448812 16.810607968743547 
-2 -11 0 1.385131574567568 13.146771802660764 
-1 -11 0 4.18212466052361 12.000000000000002 
-2 -12 0 1.385131574567532 13.14677122010119 
-1 -12 0 4.182124660523609 11.999999999999998 
-3 -1 0 5.999999999999999 6.000000000000001 
-3 -2 0 6.0 6.0 
-3 -3 0 3.791636718049986 12.196936632397476 
-3 -4 0 3.7916365670666097 12.196936632397463 
-3 -5 0 1.7865021003296107 14.513340818260403 
-3 -6 0 1.7865020994157481 14.513340822687988 
-3 -7 0 0.69287201450531 17.640171294350353 
-3 -8 0 0.692872013942532 17.6401712527374 
-3 -9 0 0.35375818492494476 17.382124684693224 
-3 -10 0 0.35375818530170383 17.378373528047685 
-3 -11 1 0.6749967528470926 14.482322155969413 
-3 -12 1 0.6749967528470922 14.482322873222603 
-3 -13 0 1.1511323700331144 11.279327694736264 
-2 -13 0 3.547498801085591 9.9220127754574 
-3 -14 0 1.1511323690813566 11.27932765160617 
-2 -14 0 3.547498801085589 9.922012775457397 
-4 -1 0 6.0 6.0 
-4 -2 0 6.0 6.0 
-4 -3 0 3.897738053648284 10.253242007732203 
-4 -4 0 3.897738053648281 10.25324200774142 
-4 -5 0 2.118551652422033 13.534901462926996 
-4 -6 0 2.11855165240881 13.534901458290085 
-4 -7 0 0.8305570726810416 16.99999999738323 
-4 -8 0 0.8305570726629428 16.999999996217756 
-4 -9 1 0.35375818492479905 17.382124579610178 
-4 -10 1 0.3537581849247986 17.382124826169445 
-4 -11 3 0.9134309947375746 16.231061144516485 
-4 -12 3 0.8763090409400984 16.23106136804623 
-4 -13 2 0.5308063699810868 12.650309612236423 
-4 -14 2 1.1511323690813446 12.650309611089538 
-4 -15 0 0.9396047366670387 8.092044597482335 
-3 -15 0 3.198062264195161 6.801937735804836 
-4 -16 0 0.9396047366670405 8.092044597482355 
-3 -16 0 3.198062264195161 6.801937735804837 
-5 -3 0 6.585786437626906 9.414213562373094 
-5 -4 0 6.585786437626905 9.414213562373094 
-5 -5 0 4.728431673308771 12.69833391059639 
-5 -6 0 4.728431638004627 12.698333915863337 
-5 -7 0 3.0209678264543114 14.999999998930083 
-5 -8 0 3.0209678265499913 14.999999883127144 
-5 -9 0 1.7833292430056198 16.357646644975414 
-5 -10 0 1.7833292418968139 16.3576466218628 
-5 -11 0 0.8763090423593071 16.231036885826512 
-5 -12 0 0.8763090409415006 16.230956001393647 
-5 -13 0 0.5308063699989868 14.334038780792328 
-5 -14 0 0.5308063699901767 14.33403878077096 
-5 -15 0 0.9396047368992764 9.523959487304428 
-5 -16 0 0.9396047369707516 9.523959487304447 
-5 -17 0 3.0 3.0 
-4 -17 0 3.0 3.0 
-5 -18 0 3.0 3.0 
-4 -18 0 3.0 3.0 
-6 -5 0 8.000000000000002 11.0 
-6 -6 0 7.999999999999999 11.000000000000002 
-6 -7 0 5.596759721746265 13.999999999994035 
-6 -8 0 5.596759721746266 13.999999999858247 
-6 -9 0 3.8012281069403038 15.372597024433382 
-6 -10 0 3.8012281069403 15.372597054841584 
-6 -11 0 2.4409941194416254 15.487257457762642 
-6 -12 0 2.440994119443377 15.487257063820241 
-6 -13 0 1.5251898835163518 14.334038780780466 
-6 -14 0 1.525189886870244 14.334038780794526 
-6 -15 0 1.125063551783826 12.025829949385603 
-6 -16 0 1.1250635517838259 12.025829949385601 
-6 -17 0 3.0 3.0 
-6 -18 0 3.0 3.0 
-7 -7 0 12.0 12.0 
-7 -8 0 12.0 12.0 
-7 -9 0 7.519213379472944 13.890547189361662 
-7 -10 0 7.519213379472946 13.890547189361662 
-7 -11 0 5.999999999999999 14.405671288345436 
-7 -12 0 6.0 14.405671288345435 
-7 -13 0 4.69222630161277 14.140520706991571 
-7 -14 0 4.69222630161277 14.140520706991571 
-7 -15 0 3.701353427471536 12.025829949385596 
-7 -16 0 3.7013534274715356 12.025829949385601 
-7 -17 0 3.0 3.0 
-7 -18 0 3.0 3.0 
