1 1 0 1.9999999999999993 5.000000000000001 
2 1 0 5.0 5.0 
1 0 0 2.0 5.0 
2 0 0 5.0 5.0 
1 -1 0 2.111313699711566 11.323404275822798 
2 -1 0 6.318669356395023 11.32340427608648 
1 -2 0 2.111313699708929 11.32340427576418 
2 -2 0 6.318669356395023 11.323404276086478 
1 -3 0 2.6878244674159704 14.439901445790433 
2 -3 0 8.89722495090336 14.249140538129549 
1 -4 0 2.687824467530389 14.43990144579054 
2 -4 0 8.89722495090336 14.24914053812955 
1 -5 0 4.722830555527841 14.999999999998979 
2 -5 0 13.0 13.0 
1 -6 0 4.722830555535612 14.999999999999993 
2 -6 0 13.0 13.0 
0 1 1 1.9999999999999996 5.0 
0 0 1 1.9999999999999996 5.0 
0 -1 2 0.3581208563856526 11.292685776341832 
0 -2 2 0.8346653128580986 11.292685776188776 
0 -3 1 0.2752407257164576 14.439901445532579 
0 -4 1 0.2752407257164602 14.439901011257774 
0 -5 0 0.31529245914067383 15.765957005678377 
0 -6 0 0.3152924591986501 15.765957017438081 
0 -7 0 1.1103684677618342 12.999999999999478 
1 -7 0 7.585786437626905 11.0 
0 -8 0 1.1103684677680692 12.999999999999748 
1 -8 0 7.585786437626907 11.000000000000002 
-1 1 0 2.0 4.0 
-1 0 0 2.0 4.0 
-1 -1 0 0.3581208564227249 10.037981718639019 
-1 -2 0 0.3581208564223769 10.037981718639022 
-1 -3 0 0.27524072576799236 13.760306596446048 
-1 -4 0 0.2752407257164984 13.7603065420109 
-1 -5 0 0.31529245917732757 15.765957016554294 
-1 -6 0 0.31529245914827114 15.76595699979517 
-1 -7 0 0.6413052697546652 14.676974890726239 
-1 -8 0 0.6413052690860004 14.676974889664818 
-1 -9 0 1.5007840377220352 10.999999701715415 
0 -9 0 3.5857864376269037 8.999999999999998 
-1 -10 0 1.5007840377220347 10.999999961794828 
0 -10 0 3.5857864376269046 9.000000000000002 
-2 -1 0 2.000000000000001 9.236067977499788 
-2 -2 0 1.9999999999999996 9.23606797749979 
-2 -3 1 0.7893115512517855 12.80918098478371 
-2 -4 1 0.7893115512517869 12.809180926334228 
-2 -5 2 0.5958499378354393 15.552049761623676 
-2 -6 2 0.5958499378354426 15.552049727658119 
-2 -7 1 0.36678517828402535 15.491427272469524 
-2 -8 1 0.36678517828402757 15.491427494117668 
-2 -9 0 0.4006410461477603 12.703938131365053 
-2 -10 0 0.40064104610148943 12.703938135146606 
-2 -11 0 1.4633703787941954 8.843404487333672 
-1 -11 0 3.9999999999999987 6.0 
-2 -12 0 1.463370378794199 8.843404487333675 
-1 -12 0 3.9999999999999996 6.0 
-3 -1 0 4.0 6.0 
-3 -2 0 4.0 6.0 
-3 -3 0 1.8610906532190645 11.509897954357763 
-3 -4 0 1.8610906532190956 11.509897933991157 
-3 -5 0 0.47588183687128227 14.864264497146939 
-3 -6 0 0.47588183687248947 14.864264495834126 
-3 -7 0 0.366785178284364 15.999999991463827 
-3 -8 0 0.3667851783243482 15.999999405888548 
-3 -9 0 0.4006410460848016 13.492174483509094 
-3 -10 0 0.40064104608484785 13.492174472362862 
-3 -11 0 0.8888082967048269 10.70504410735076 
-3 -12 0 0.8888082969287935 10.705044107350759 
-4 -3 0 5.267949192431124 8.732050807568879 
-4 -4 0 5.267949192431122 8.732050807568879 
-4 -5 0 2.3779891620549316 12.999999999999748 
-4 -6 0 2.3779891620977174 12.999999999731813 
-4 -7 0 1.0457170165179934 15.999999999854007 
-4 -8 0 1.0457170165178835 15.999999998818566 
-4 -9 0 0.7905064763378723 14.900985764370002 
-4 -10 0 0.7905064765738014 14.900985764377161 
-4 -11 0 0.8888082967039457 10.90505378026984 
-4 -12 0 0.8888082968820328 10.90505267100714 
-4 -13 0 1.9999999999999998 4.0 
-3 -13 0 2.0 4.0 
-4 -14 0 1.9999999999999998 4.000000000000001 
-3 -14 0 2.0 4.0 
-5 -5 0 7.267949192431123 10.732050807568877 
-5 -6 0 7.267949192431122 10.732050807568877 
-5 -7 0 3.5697114189661083 14.000000000000002 
-5 -8 0 3.5697114189661097 14.000000000000002 
-5 -9 0 2.1275205443781977 14.900985749582272 
-5 -10 0 2.127520544377867 14.900985760684284 
-5 -11 0 1.627064683578531 11.404046996464428 
-5 -12 0 1.6270646835785312 11.404046996464425 
-5 -13 0 2.0 4.0 
-5 -14 0 1.9999999999999993 4.0 
-6 -7 0 12.0 12.0 
-6 -8 0 12.0 12.0 
-6 -9 0 7.4811833067277025 13.90951596615595 
-6 -10 0 7.481183306727703 13.909515966155952 
-6 -11 0 4.778322582483487 11.404046996464427 
-6 -12 0 4.778322582483489 11.40404699646443 
-6 -13 0 4.0 4.0 
-6 -14 0 4.0 4.0 
