1 3 0 2.0 4.0 
2 3 0 4.0 4.0 
1 2 0 1.9999999999999996 4.0 
2 2 0 4.0 4.0 
1 1 0 1.1715728752538097 7.999999999999999 
2 1 0 8.0 8.0 
1 0 0 1.1715728752538104 8.0 
2 0 0 8.0 8.0 
0 3 1 1.9999999999999996 3.9999999999999996 
0 2 1 1.9999999999999998 4.000000000000002 
0 1 3 1.1715728752538104 7.23606797749979 
0 0 3 1.1715728752538093 7.2360679774997925 
0 -1 3 1.171572875253809 7.236067977499792 
1 -1 0 2.0 6.000000000000001 
0 -2 3 1.1715728752538093 7.236067977499791 
1 -2 0 1.9999999999999996 6.0 
-1 1 0 2.0 6.000000000000001 
-1 0 0 2.000000000000001 6.0 
-1 -1 0 1.17157287525381 7.999999999999999 
-1 -2 0 1.171572875253811 8.000000000000002 
-1 -3 0 1.9999999999999996 4.0 
0 -3 1 1.9999999999999987 4.0 
-1 -4 0 1.9999999999999998 4.0 
0 -4 1 2.0 4.0 
-2 -1 0 8.0 8.0 
-2 -2 0 8.0 8.0 
-2 -3 0 4.0 4.0 
-2 -4 0 4.0 4.0 
