2 6 0 3.0 3.0 
3 6 0 3.0 3.0 
2 5 0 3.0 3.0 
3 5 0 3.0 3.0 
2 4 0 2.10815893499899 11.25367740839512 
3 4 0 3.6296341108359718 11.25367740839512 
2 3 0 2.1081589349989933 11.253677408395117 
3 3 0 3.6296341108359718 11.25367740839512 
2 2 0 2.549477853052369 13.169199836686627 
3 2 0 5.33207130440811 11.787759039037295 
2 1 0 2.549477853061992 13.169145329724044 
3 1 0 5.3320713044081085 11.787759039037297 
2 0 0 3.657300684507371 13.000000000000002 
3 0 0 10.0 10.0 
2 -1 0 3.65730068450737 12.999999999999998 
3 -1 0 10.0 10.0 
1 6 0 3.0 3.0 
1 5 0 3.0 3.0 
1 4 0 1.464635699256023 10.172408627883488 
1 3 0 1.4646356992560223 10.17240862788349 
1 2 0 0.7661424078280193 13.169247562616095 
1 1 0 0.7661424091327528 13.169021617457336 
1 0 0 1.3945180006440367 13.668188882182502 
1 -1 0 1.394518000417404 13.666140446061954 
1 -2 0 2.6353308405359424 10.999999999999888 
2 -2 0 7.0 9.0 
1 -3 0 2.6353308403555844 10.999999999999904 
2 -3 0 6.999999999999999 9.0 
0 6 0 3.0 3.0 
0 5 0 3.0 3.0 
0 4 1 1.4646356992560208 8.29778254154257 
0 3 1 1.4646356992560214 8.29778254154258 
0 2 3 0.7661424078280006 12.261120700373146 
0 1 3 0.7661424078280001 12.261120923480865 
0 0 3 1.1850115995215385 13.66818885228676 
0 -1 3 1.0433446144065186 13.668188095038865 
0 -2 1 0.7232610693599828 12.487694043928334 
0 -3 1 0.7232610693599816 12.487694068138957 
0 -4 0 0.9935397003547486 8.971346883527893 
1 -4 0 5.0 7.0 
0 -5 0 0.9935397003547547 8.971346883527895 
1 -5 0 5.0 7.0 
-1 4 0 3.585786437626905 6.414213562373096 
-1 3 0 3.585786437626905 6.414213562373095 
-1 2 0 0.8906156961758033 10.647318787451386 
-1 1 0 0.8906156961248491 10.64731878495526 
-1 0 0 0.5110529016882348 13.586909113495082 
-1 -1 0 0.5110529016448231 13.586909091717075 
-1 -2 0 0.723261069362346 13.163833901346026 
-1 -3 0 0.7232610693615353 13.163836990227878 
-1 -4 0 0.9935397003623764 10.329987066367295 
-1 -5 0 0.9935397009384732 10.329987069294813 
-1 -6 0 4.0 4.0 
0 -6 0 4.0 4.0 
-1 -7 0 4.0 4.0 
0 -7 0 4.0 4.0 
-2 2 0 5.0 8.414213562373094 
-2 1 0 5.0 8.414213562373096 
-2 0 0 2.186932612175991 12.786161096369423 
-2 -1 0 2.1869326125453172 12.784587626301725 
-2 -2 0 1.5666345622250604 13.999999704894188 
-2 -3 0 1.5666345622252293 13.999999999913912 
-2 -4 0 2.2221433741066696 11.571221744982278 
-2 -5 0 2.2221433740079375 11.571221745049229 
-2 -6 0 3.9999999999999996 4.0 
-2 -7 0 4.0 4.0 
-3 0 0 6.999999999999998 9.999999999999996 
-3 -1 0 7.000000000000001 10.000000000000004 
-3 -2 0 3.3922159821868143 14.000000000000002 
-3 -3 0 3.392215982186814 14.0 
-3 -4 0 2.512654337484277 12.162277660168375 
-3 -5 0 2.512654337484283 12.162277660168385 
-3 -6 0 4.0 4.0 
-3 -7 0 4.0 4.0 
-4 -2 0 11.0 11.0 
-4 -3 0 11.0 11.0 
-4 -4 0 5.837722339831619 12.162277660168378 
-4 -5 0 5.837722339831622 12.16227766016838 
-4 -6 0 4.0 4.0 
-4 -7 0 4.0 4.0 
