2 8 0 0.4384471871911694 4.561552812808829 
3 8 0 0.4384471871911697 4.561552812808829 
2 7 0 0.4384471871911699 4.561552812808829 
3 7 0 0.4384471871911694 4.561552812808831 
2 6 1 1.3819660112501062 6.79128784747792 
3 6 0 1.3819660112501042 6.236067977499789 
2 5 1 1.3819660112501042 6.791287847477921 
3 5 0 1.3819660112501055 6.236067977499791 
2 4 0 0.8633178718924528 7.1849999488534415 
3 4 0 2.5188056959079845 6.170086486626033 
2 3 0 0.86331787189245 7.1849999488534415 
3 3 0 2.5188056959079836 6.170086486626034 
2 2 0 4.0 4.0 
3 2 0 4.0 4.0 
2 1 0 4.0 4.0 
3 1 0 4.0 4.0 
1 6 0 2.208712152522079 6.79128784747792 
1 5 0 2.20871215252208 6.791287847477921 
1 4 0 0.8633178718924526 8.000000000000002 
1 3 0 0.8633178718924557 8.0 
1 2 0 3.999999999999999 7.0 
1 1 0 4.0 7.0 
0 6 0 3.0 3.0 
0 5 0 3.0 3.0 
0 4 1 3.6972243622680057 7.999999999999999 
0 3 1 3.6972243622680065 8.0 
0 2 1 1.4586187348508908 7.54138126514911 
0 1 1 1.4586187348508903 7.54138126514911 
-1 4 0 5.0 5.0 
-1 3 0 5.0 5.0 
-1 2 0 1.45861873485089 7.541381265149111 
-1 1 0 1.4586187348508906 7.541381265149111 
-1 0 0 1.0 1.0 
0 0 0 1.0 1.0 
-1 -1 0 1.0 1.0 
0 -1 0 1.0 1.0 
