1 1 0 3.0 3.0 
2 1 0 3.0 3.0 
1 0 0 3.0 3.0 
2 0 0 3.0 3.0 
1 -1 0 1.805829579713817 12.828864774980927 
2 -1 0 3.7593206980037364 12.82886477498093 
1 -2 0 1.8058295797138146 12.828864774980927 
2 -2 0 3.7593206980037364 12.828864774980929 
1 -3 0 2.9329020325430633 15.10232519730643 
2 -3 0 5.594875162046673 13.405124837953327 
1 -4 0 2.932902034539047 15.102325197306437 
2 -4 0 5.594875162046674 13.405124837953327 
1 -5 0 4.568402453561552 14.0 
2 -5 0 11.0 11.0 
1 -6 0 4.568402453561559 14.000000000000002 
2 -6 0 11.0 11.0 
0 1 0 3.0 3.0 
0 0 0 3.0 3.0 
0 -1 1 0.556576254246267 10.03926264714901 
0 -2 1 0.5565762542462648 10.03926264715004 
0 -3 1 0.6102663318836645 15.102325197220434 
0 -4 1 0.610266331883664 15.102325171964566 
0 -5 0 0.5420647356125065 15.999999999927674 
0 -6 0 0.5420647356125033 15.999999999925913 
0 -7 0 2.8150592047291543 11.999999999990424 
1 -7 0 7.000000000000001 10.0 
0 -8 0 2.815059204725587 11.999999999911203 
1 -8 0 6.999999999999998 10.0 
-1 1 0 3.0 3.0 
-1 0 0 3.0 3.0 
-1 -1 0 0.556576254246265 8.935493491723337 
-1 -2 0 0.5565762542462656 8.935493491723332 
-1 -3 1 0.6102663318836635 13.225901633174098 
-1 -4 1 0.6102663318836606 13.225902042846805 
-1 -5 0 0.3688744775648188 15.99999994765522 
-1 -6 0 0.36887447756615643 15.999999939616968 
-1 -7 0 0.6154860283328416 13.721986070619398 
-1 -8 0 0.6154860283328261 13.721985585358198 
-1 -9 0 2.292846552618353 9.724224779010667 
0 -9 0 5.585786437626904 8.414213562373094 
-1 -10 0 2.2928465526183532 9.724224779012028 
0 -10 0 5.585786437626906 8.414213562373094 
-2 -1 0 2.4361466372902663 7.4848511771019925 
-2 -2 0 2.436146637290266 7.484851177101991 
-2 -3 0 0.6977028040077005 11.65087615444281 
-2 -4 0 0.6977028040065891 11.650876154471552 
-2 -5 1 0.3688744775584992 15.9999999790017 
-2 -6 1 0.36887447755850067 15.99999994265129 
-2 -7 1 0.534522763390283 15.99999999121552 
-2 -8 1 0.534522763390279 15.99999998483206 
-2 -9 0 1.1284205293455123 11.526759603951362 
-2 -10 0 1.1284205293778136 11.526759603951186 
-2 -11 0 3.0000000000000004 6.0 
-1 -11 0 5.0 5.0 
-2 -12 0 3.0000000000000004 6.0 
-1 -12 0 5.0 5.0 
-3 -3 0 2.7604683456862698 9.999999999999998 
-3 -4 0 2.76046834568627 10.0 
-3 -5 0 0.8302495289593766 13.72723053117594 
-3 -6 0 0.8302495289593782 13.727230923814856 
-3 -7 0 0.5345227633910052 15.999999899185488 
-3 -8 0 0.5345227633948654 15.999999868461229 
-3 -9 1 1.1284205288437164 13.692860197399094 
-3 -10 1 1.1284205288437126 13.692860563003784 
-3 -11 0 3.0 6.000000000000001 
-3 -12 0 2.9999999999999982 6.000000000000002 
-4 -5 0 4.3158407974619175 12.000000000000004 
-4 -6 0 4.315840797461914 12.0 
-4 -7 0 1.208899506473247 15.999999999606663 
-4 -8 0 1.2088995064640762 15.999999999831854 
-4 -9 1 0.8343751807396104 15.343178308276833 
-4 -10 1 0.8343751807396166 15.343177928795765 
-4 -11 0 0.4847790937013641 10.457010292794823 
-4 -12 0 0.48477909370136374 10.457010292794825 
-5 -5 0 6.0 8.0 
-5 -6 0 6.000000000000001 8.0 
-5 -7 0 2.231625228581247 14.0 
-5 -8 0 2.23162522858125 14.000000000000002 
-5 -9 0 0.8343751807396277 15.34317830805221 
-5 -10 0 0.8343751808697292 15.343178308210812 
-5 -11 0 0.4847790937013643 12.805357659042379 
-5 -12 0 0.484779093701368 12.805357659042372 
-6 -7 0 10.0 10.0 
-6 -8 0 10.0 10.0 
-6 -9 0 4.41742430504416 13.582575694955835 
-6 -10 0 4.417424305044159 13.582575694955839 
-6 -11 0 2.5625806192161695 12.805357659042379 
-6 -12 0 2.5625806192161704 12.805357659042379 
-6 -13 0 2.0 2.0 
-5 -13 1 2.0 2.0 
-6 -14 0 2.0 2.0 
-5 -14 1 2.0 2.0 
