1 5 0 0.9999999999999998 3.0 
2 5 0 3.0 3.0 
1 4 0 1.0 3.0 
2 4 0 3.0 3.0 
1 3 0 0.8325981838317413 7.460504870018761 
2 3 0 3.3003718517246825 7.460504870018763 
1 2 0 0.8325981838317417 7.46050487001876 
2 2 0 3.300371851724682 7.460504870018763 
1 1 0 1.1702335275319662 9.394319351694845 
2 1 0 4.669941260432017 9.128419063844577 
1 0 0 1.1702335275310531 9.394319352613673 
2 0 0 4.669941260432018 9.128419063844577 
1 -1 0 1.7741157227576898 8.71730434337091 
2 -1 0 8.0 8.0 
1 -2 0 1.7741157227576891 8.717304343370907 
2 -2 0 8.0 8.0 
0 5 0 1.0 3.0 
0 4 0 1.0000000000000002 3.0 
0 3 1 0.8325981838317418 6.8019172345414844 
0 2 1 0.832598183831742 6.8019172345414844 
0 1 2 0.6683351600586633 9.394319232799894 
0 0 2 0.6683351600586583 9.394319175727363 
0 -1 1 0.4509864468683576 9.454460781603892 
0 -2 1 0.4509864468683557 9.454460767406099 
0 -3 0 0.5162216087689014 7.5385501591708675 
1 -3 0 3.2679491924311233 6.732050807568878 
0 -4 0 0.5162216087689007 7.5385501591708675 
1 -4 0 3.2679491924311233 6.732050807568877 
-1 3 0 1.6570769172228303 6.0 
-1 2 0 1.657076917222828 6.0 
-1 1 0 0.6683351600589623 8.593724088206605 
-1 0 0 0.6683351600586989 8.593724088206596 
-1 -1 0 0.4509864468683557 9.74792748469496 
-1 -2 0 0.45098644693529205 9.747927238454432 
-1 -3 0 0.5162216087689221 8.410343358480324 
-1 -4 0 0.5162216087691042 8.41034335860597 
-1 -5 0 1.9999999999999996 4.0 
0 -5 0 2.0 4.0 
-1 -6 0 1.9999999999999998 4.0 
0 -6 0 1.9999999999999998 4.0 
-2 1 0 3.4384471871911693 8.0 
-2 0 0 3.43844718719117 8.000000000000002 
-2 -1 0 2.2162798584857177 9.747927523673923 
-2 -2 0 2.2162798584857164 9.747927523673921 
-2 -3 0 1.5050200259172934 9.236067977499792 
-2 -4 0 1.5050200259172937 9.236067977499793 
-2 -5 0 2.0000000000000004 4.0 
-2 -6 0 2.0 4.0 
-3 -1 0 9.0 9.0 
-3 -2 0 9.0 9.0 
-3 -3 0 4.763932022500212 9.23606797749979 
-3 -4 0 4.763932022500211 9.236067977499792 
-3 -5 0 4.0 4.0 
-3 -6 0 4.0 4.0 
