2 2 0 2.0000000000000004 7.000000000000001 
3 2 0 7.0 7.0 
2 1 0 1.999999999999999 7.000000000000001 
3 1 0 7.0 7.0 
2 0 0 2.31887581724154 14.999999999955442 
3 0 0 9.999999999999998 15.0 
2 -1 0 2.3188758172415374 14.999999999994277 
3 -1 0 10.000000000000002 15.0 
2 -2 0 4.213881281712146 17.999999999985434 
3 -2 0 16.0 16.0 
2 -3 0 4.213881281712155 17.999999999556103 
3 -3 0 16.0 16.0 
1 2 1 1.999999999999998 7.0 
1 1 1 2.0 7.000000000000002 
1 0 2 1.1187963466510857 14.730979055425745 
1 -1 2 1.118796346651088 14.730979048266297 
1 -2 1 0.7692684051562105 17.99999998485504 
1 -3 1 0.7692684051562035 17.99999999759667 
1 -4 0 1.134972070743433 15.999999967974587 
2 -4 0 7.999999999999998 14.000000000000005 
1 -5 0 1.13497207077431 15.999998924856417 
2 -5 0 8.0 14.000000000000002 
0 2 0 3.9999999999999996 6.000000000000001 
0 1 0 3.9999999999999996 6.000000000000002 
0 0 0 1.1187963466511617 13.428217541424772 
0 -1 0 1.1187963466550888 13.428217496096705 
0 -2 0 0.7692684060791286 17.39473099745866 
0 -3 0 0.7692684051562563 17.394731039748955 
0 -4 0 1.134972071113957 17.882120872099424 
0 -5 0 1.1349720725348718 17.88212096761334 
0 -6 0 2.0080355608643536 14.825625688378969 
1 -6 0 4.000000000000001 13.000000000000002 
0 -7 0 2.008035560864301 14.825625697716227 
1 -7 0 3.999999999999998 13.000000000000004 
-1 2 0 4.0 6.0 
-1 1 0 3.9999999999999996 6.0 
-1 0 0 1.7160503678686512 12.28410033236641 
-1 -1 0 1.716050366568106 12.284100332480827 
-1 -2 1 0.6415093240125971 15.999999995294463 
-1 -3 1 0.6415093240125985 15.999999957887379 
-1 -4 1 0.686588515585278 17.999999472196915 
-1 -5 1 0.6865885133738563 17.999999996098193 
-1 -6 0 0.7366880364185937 15.86484494800831 
-1 -7 0 0.7366880363820046 15.864845827823117 
-1 -8 0 1.3546680386922385 12.711382596576014 
0 -8 0 4.186393497351669 10.999999999999998 
-1 -9 0 1.3546680386907948 12.711382594021881 
0 -9 0 4.18639349735167 10.999999999999996 
-2 2 0 4.0 6.0 
-2 1 0 4.0 6.0 
-2 0 0 2.242735296502455 11.491759978452777 
-2 -1 0 2.2427352965482465 11.49175997866166 
-2 -2 0 0.6415093242092278 14.380924037094623 
-2 -3 0 0.6415093248561101 14.380923892171385 
-2 -4 0 0.5312869626364888 17.999999988999967 
-2 -5 0 0.5312869627034768 17.999999999853205 
-2 -6 1 0.4873957451297572 17.244209353125335 
-2 -7 1 0.48739574512975975 17.244210793940688 
-2 -8 1 0.8906731820756655 14.04598724244276 
-2 -9 1 0.8906731824565263 14.045987484258868 
-2 -10 0 1.2602340448770546 9.723600182900405 
-1 -10 0 3.381966011250103 8.618033988749895 
-2 -11 0 1.2602340439990323 9.723600014099098 
-1 -11 0 3.381966011250104 8.618033988749897 
-3 0 0 3.474721388207166 9.616874166767047 
-3 -1 0 3.474721388207165 9.616874166767044 
-3 -2 0 1.6695430142186822 13.573184241850509 
-3 -3 0 1.6695430155476914 13.573184241737422 
-3 -4 0 0.5312869627750266 15.99999999898329 
-3 -5 0 0.5312869627235588 15.999999804858746 
-3 -6 1 0.48739574512975675 17.999999944362827 
-3 -7 1 0.4873957451297621 17.99999999447525 
-3 -8 2 0.8906731820664009 15.314862932658933 
-3 -9 2 0.8906731820664022 15.314864772483471 
-3 -10 1 0.8667181074808835 11.281219217594481 
-3 -11 1 0.8667181074808799 11.281219206102607 
-3 -12 0 0.9999999999999994 6.000000000000001 
-2 -12 0 3.0 5.0 
-3 -13 0 0.9999999999999988 6.000000000000001 
-2 -13 0 2.9999999999999996 5.0 
-4 -2 0 4.7990009906278495 11.900672679031329 
-4 -3 0 4.7990009906278495 11.900672679031324 
-4 -4 0 2.9297210279406016 14.762049357719953 
-4 -5 0 2.9297210192502687 14.76204936092149 
-4 -6 0 1.660483257822354 17.99999999999669 
-4 -7 0 1.660483257821403 17.999998674417643 
-4 -8 0 1.0926184438707336 16.732553356001162 
-4 -9 0 1.0926184424286907 16.732553356002636 
-4 -10 0 0.866718107539806 12.916381541986457 
-4 -11 0 0.8667181074813229 12.916381460943501 
-4 -12 0 1.0000000000000009 6.000000000000002 
-4 -13 0 0.9999999999999989 6.000000000000003 
-5 -4 0 6.943939693694012 13.841222070050062 
-5 -5 0 6.943939693694011 13.841222070050062 
-5 -6 0 5.1180863163420085 15.927260133717342 
-5 -7 0 5.118086316342021 15.927260124762661 
-5 -8 0 3.925960091300903 16.73255332142242 
-5 -9 0 3.9259600913009622 16.732553227121382 
-5 -10 0 3.212312047147187 14.372281323269014 
-5 -11 0 3.212312048084673 14.372281323268997 
-5 -12 0 3.0 6.0 
-5 -13 0 3.000000000000001 6.000000000000001 
-6 -6 0 15.0 15.0 
-6 -7 0 15.0 15.0 
-6 -8 0 8.725082782364625 16.27491721763537 
-6 -9 0 8.725082782364625 16.274917217635373 
-6 -10 0 7.000000000000002 14.372281323269014 
-6 -11 0 7.0 14.372281323269014 
-6 -12 0 6.0 6.0 
-6 -13 0 6.0 6.0 
