2 8 0 3.0 3.0 
3 8 0 3.0 3.0 
2 7 0 3.0 3.0 
3 7 0 3.0 3.0 
2 6 0 1.93356355971947 8.236067977499788 
3 6 0 3.7639320225002098 8.236067977499792 
2 5 0 1.9335635597194696 8.236067977499788 
3 5 0 3.7639320225002106 8.23606797749979 
2 4 0 2.0 9.236067977499793 
3 4 0 4.763932022500211 9.23606797749979 
2 3 0 1.999999999999999 9.236067977499792 
3 3 0 4.763932022500211 9.236067977499792 
2 2 0 2.7639320225002093 10.0 
3 2 0 8.0 8.0 
2 1 0 2.763932022500211 10.000000000000002 
3 1 0 8.0 8.0 
1 8 0 3.0 3.0 
1 7 0 3.0 3.0 
1 6 0 0.9999999999999982 8.23606797749979 
1 5 0 0.9999999999999991 8.236067977499788 
1 4 0 0.9335635597200822 9.236067977499783 
1 3 0 0.933563559719476 9.236067977499763 
1 2 0 0.9335635597194685 10.000000000000002 
1 1 0 0.93356355971947 10.000000000000002 
1 0 0 1.6277186767309852 7.999999999999999 
2 0 0 5.0 7.0 
1 -1 0 1.6277186767309868 8.0 
2 -1 0 5.0 7.0 
0 8 0 3.0 3.0 
0 7 0 3.0 3.0 
0 6 0 1.0000000000000018 6.636404937210495 
0 5 0 0.9999999999999982 6.63640493721049 
0 4 1 0.9335635597194687 9.0 
0 3 1 0.933563559719472 9.0 
0 2 3 0.9335635597194712 9.999999999999641 
0 1 3 0.9335635597194684 9.999999999997776 
0 0 3 1.6277186767309846 9.236067977499793 
0 -1 3 0.9335635597194716 9.236067977499788 
0 -2 1 0.9335635597194702 5.636404937210493 
1 -2 0 3.0 4.999999999999999 
0 -3 1 0.9335635597194698 5.636404937210494 
1 -3 0 3.0000000000000004 5.0 
-1 6 0 4.000000000000001 6.0 
-1 5 0 4.000000000000001 6.0 
-1 4 0 2.627718676730985 8.999999999999998 
-1 3 0 2.627718676730986 9.0 
-1 2 0 1.6277186767309892 10.0 
-1 1 0 1.6277186767309828 10.000000000000004 
-1 0 0 0.9335635597196164 9.236067977499792 
-1 -1 0 0.933563559719467 9.236067977499793 
-1 -2 0 0.9335635597194686 7.236067977499788 
-1 -3 0 0.9335635597194688 7.23606797749979 
-1 -4 0 2.0 2.0 
0 -4 0 2.0 2.0 
-1 -5 0 2.0 2.0 
0 -5 0 2.0 2.0 
-2 4 0 7.0 7.0 
-2 3 0 7.0 7.0 
-2 2 0 3.7639320225002098 8.23606797749979 
-2 1 0 3.7639320225002098 8.236067977499792 
-2 0 0 2.7639320225002098 9.236067977499788 
-2 -1 0 2.7639320225002115 9.23606797749979 
-2 -2 0 1.9999999999999998 7.236067977499788 
-2 -3 0 1.9999999999999996 7.236067977499789 
-2 -4 0 2.0 2.0 
-2 -5 0 2.0 2.0 
