0 -2 1 2.0000000000000004 3.0 
1 -2 0 3.0 3.0 
0 -3 1 2.0 3.0 
1 -3 0 3.0 3.0 
0 -4 1 1.5098222536846808 12.772001872658766 
1 -4 0 4.227998127341235 12.772001872658766 
0 -5 1 1.5098222536846797 12.772001872658766 
1 -5 0 4.227998127341235 12.772001872658766 
0 -6 0 0.8032102146605364 14.000000000000004 
1 -6 0 10.0 10.0 
0 -7 0 0.8032102146605435 14.000000000000002 
1 -7 0 10.0 10.0 
-1 -2 0 2.0 2.0 
-1 -3 0 2.0 2.0 
-1 -4 1 1.509822253684681 10.733830975067132 
-1 -5 1 1.5098222536846788 10.733830975067136 
-1 -6 0 0.8032102146605418 13.999999942636286 
-1 -7 0 0.8032102146605362 13.999999992858562 
-1 -8 0 1.5109431357137635 11.999999999999998 
0 -8 0 4.585786437626906 8.0 
-1 -9 0 1.5109431357137577 12.0 
0 -9 0 4.585786437626905 7.999999999999998 
-2 -4 0 3.0 9.372281323269013 
-2 -5 0 2.9999999999999987 9.372281323269016 
-2 -6 1 0.9965565299341591 13.999999954041844 
-2 -7 1 0.9965565299341597 13.999999999929429 
-2 -8 1 0.7908122200111505 13.99999999979913 
-2 -9 1 0.7908122200111524 13.999999999982366 
-2 -10 0 1.1177387193366033 9.5471014369592 
-1 -10 0 5.0 5.0 
-2 -11 0 1.1177387193366048 9.547101436959197 
-1 -11 0 5.0 5.0 
-3 -4 0 3.0 7.0 
-3 -5 0 3.0000000000000004 7.000000000000001 
-3 -6 0 1.2945883666202247 11.999999999605482 
-3 -7 0 1.294588365541518 11.999999999964507 
-3 -8 1 0.7908122200111544 13.99999999979532 
-3 -9 1 0.7908122200111521 13.999999999768873 
-3 -10 1 0.7147304581727772 11.999999994468943 
-3 -11 1 0.7147304581727729 11.999999858451476 
-4 -4 0 5.0 5.0 
-4 -5 0 4.999999999999999 5.0 
-4 -6 0 2.98788125097848 11.0 
-4 -7 0 2.987881250978477 11.0 
-4 -8 0 1.5527330017771557 12.64803790256637 
-4 -9 0 1.552733005415302 12.648037657049462 
-4 -10 1 0.714730458172777 12.035259487020978 
-4 -11 1 0.7147304581727757 12.035259477065683 
-4 -12 1 0.7588919982641954 9.911367483302056 
-3 -12 0 0.7588919982641998 6.716445271456065 
-4 -13 1 0.758891998264199 9.911367483836877 
-3 -13 0 0.7588919982641981 6.716445271456064 
-5 -6 0 6.999999999999999 9.0 
-5 -7 0 7.0 9.0 
-5 -8 0 3.786434492874467 11.400166034315145 
-5 -9 0 3.7864344928744678 11.400166034315154 
-5 -10 0 1.847878265853843 12.035259402089189 
-5 -11 0 1.8478782658511386 12.035259364264489 
-5 -12 0 0.5834446345592623 10.091390878279533 
-5 -13 0 0.5834446343582192 10.091390401477176 
-5 -14 1 1.2571470973959111 7.070983928708143 
-4 -14 0 2.0 2.0 
-5 -15 1 1.2571470973959105 7.070983928708143 
-4 -15 0 2.0 2.0 
-6 -6 0 7.0 7.0 
-6 -7 0 7.0 7.0 
-6 -8 0 3.8204131984412744 10.179586801558726 
-6 -9 0 3.8204131984412752 10.179586801558726 
-6 -10 0 1.847878265851134 11.073311794541087 
-6 -11 0 1.8478782658511355 11.073311794541084 
-6 -12 0 0.5834446343558677 10.091390958451957 
-6 -13 0 0.5834446343558661 10.09139095845195 
-6 -14 1 1.257147097395912 7.070983928708145 
-6 -15 1 1.257147097395911 7.070983928708143 
