1 3 0 0.5857864376269052 4.0 
2 3 0 4.0 4.0 
1 2 0 0.585786437626905 4.0 
2 2 0 4.0 4.0 
1 1 0 0.8682659058967058 10.82842712474619 
2 1 0 5.17157287525381 10.82842712474619 
1 0 0 0.8682659058967083 10.82842712474619 
2 0 0 5.171572875253808 10.82842712474619 
1 -1 0 1.3521067143629706 11.999999999999998 
2 -1 0 10.0 10.0 
1 -2 0 1.352106714362972 12.0 
2 -2 0 10.0 10.0 
0 3 0 0.5857864376269045 3.414213562373095 
0 2 0 0.5857864376269049 3.4142135623730954 
0 1 1 0.8682659058967042 9.460657502632962 
0 0 1 0.8682659058967067 9.460657502635286 
0 -1 1 0.8103455819470793 11.999999999999758 
0 -2 1 0.810345581947078 11.999999999777172 
0 -3 0 0.49741046136396655 9.99999998990104 
1 -3 0 3.438447187191167 8.0 
0 -4 0 0.4974104613639604 9.999999937250697 
1 -4 0 3.4384471871911697 8.0 
-1 1 0 1.014532729091568 7.875661127431924 
-1 0 0 1.014532729091571 7.8756611274319255 
-1 -1 0 0.49362919233028424 11.796456516788243 
-1 -2 0 0.4936291923279777 11.796456457616872 
-1 -3 0 0.49741046136876416 11.796389253864582 
-1 -4 0 0.4974104613644087 11.79638918736127 
-1 -5 0 1.1593436456169632 7.878861806807781 
0 -5 0 2.585786437626905 5.414213562373095 
-1 -6 0 1.1593436456169637 7.87886180680778 
0 -6 0 2.5857864376269046 5.414213562373096 
-2 1 0 2.585786437626905 5.414213562373096 
-2 0 0 2.5857864376269055 5.414213562373095 
-2 -1 0 0.493629192327743 9.999999985668834 
-2 -2 0 0.49362919232793867 9.9999997561956 
-2 -3 1 0.8163149965830656 11.999999999999925 
-2 -4 1 0.8163149965830714 11.999999999309452 
-2 -5 1 0.8739081919175835 9.472563123106873 
-2 -6 1 0.8739081919175854 9.472563123106454 
-3 -1 0 3.4384471871911693 8.0 
-3 -2 0 3.4384471871911697 7.999999999999999 
-3 -3 0 1.2206792772048238 12.0 
-3 -4 0 1.2206792772048254 12.000000000000004 
-3 -5 0 0.8739081919175831 10.828427124746192 
-3 -6 0 0.8739081919175845 10.828427124746188 
-3 -7 0 0.5857864376269049 4.0 
-2 -7 0 0.5857864376269049 3.414213562373095 
-3 -8 0 0.585786437626905 3.9999999999999996 
-2 -8 0 0.5857864376269051 3.414213562373094 
-4 -3 0 10.0 10.0 
-4 -4 0 10.0 10.0 
-4 -5 0 5.17157287525381 10.828427124746192 
-4 -6 0 5.171572875253811 10.82842712474619 
-4 -7 0 4.0 4.0 
-4 -8 0 4.0 4.0 
