3 9 0 1.9999999999999993 4.0 
4 9 0 4.0 4.0 
3 8 0 2.0 4.0 
4 8 0 4.0 4.0 
3 7 0 1.9999999999999973 9.0 
4 7 0 5.0 9.0 
3 6 0 1.9999999999999996 9.000000000000002 
4 6 0 5.0 9.0 
3 5 0 1.9999999999999984 11.0 
4 5 0 7.0 11.0 
3 4 0 1.9999999999999951 10.999999999999991 
4 4 0 6.999999999999999 11.000000000000002 
3 3 0 2.9999999999999987 12.000000000000004 
4 3 0 10.0 10.0 
3 2 0 3.0000000000000018 12.0 
4 2 0 10.0 10.0 
2 9 0 1.9999999999999996 4.000000000000001 
2 8 0 2.0000000000000004 4.0 
2 7 0 1.267949192431121 8.999999999999995 
2 6 0 1.267949192431122 9.000000000000004 
2 5 0 1.2679491984321682 10.999999999996774 
2 4 0 1.267949197697579 10.999999999997103 
2 3 0 1.2679491924311233 11.999999999999995 
2 2 0 1.2679491924311241 11.999999999999996 
2 1 0 1.6277186767309855 10.000000000000004 
3 1 0 5.999999999999998 8.0 
2 0 0 1.6277186767309846 10.000000000000002 
3 0 0 6.000000000000001 8.0 
1 9 0 2.0 4.0 
1 8 0 2.0 4.0 
1 7 1 1.2679491924311201 8.0 
1 6 1 1.2679491924311241 7.999999999999998 
1 5 4 2.4384471872087974 10.99999999145945 
1 4 4 2.4384471871962403 10.999999999958616 
1 3 6 3.2679491924315984 11.999999999999979 
1 2 6 3.267949192431195 11.999999999999968 
1 1 4 2.4384471871917124 10.999999999850266 
1 0 4 2.438447187212867 10.999999999988926 
1 -1 1 1.2679491924311244 8.0 
2 -1 0 3.9999999999999996 6.0 
1 -2 1 1.267949192431122 8.0 
2 -2 0 4.0 6.0 
0 7 0 4.0 6.0 
0 6 0 4.0 6.0 
0 5 0 1.6277186767309861 10.0 
0 4 0 1.627718676730985 10.000000000000004 
0 3 0 1.2679491924311235 11.999999999999993 
0 2 0 1.2679491924311241 11.999999999999995 
0 1 0 1.2679491924311241 10.999999999999186 
0 0 0 1.2679491938033154 10.999999999999314 
0 -1 0 1.2679491924311228 9.0 
0 -2 0 1.2679491924311221 8.999999999999998 
0 -3 0 1.9999999999999998 4.0 
1 -3 0 2.0000000000000004 4.0 
0 -4 0 1.9999999999999996 4.0 
1 -4 0 2.0000000000000004 4.0 
-1 5 0 6.0 8.0 
-1 4 0 6.0 8.0 
-1 3 0 2.9999999999999996 12.000000000000004 
-1 2 0 3.0 12.0 
-1 1 0 2.0000000000000004 11.000000000000002 
-1 0 0 2.000000000000003 11.000000000000002 
-1 -1 0 1.9999999999999998 9.000000000000004 
-1 -2 0 1.9999999999999991 9.000000000000007 
-1 -3 0 1.9999999999999998 4.0 
-1 -4 0 2.0000000000000004 4.0 
-2 3 0 10.0 10.0 
-2 2 0 10.0 10.0 
-2 1 0 7.0 11.0 
-2 0 0 7.0 11.0 
-2 -1 0 5.0 9.0 
-2 -2 0 5.000000000000001 8.999999999999998 
-2 -3 0 4.0 4.0 
-2 -4 0 4.0 4.0 
