1 1 0 1.9999999999999996 4.0 
2 1 0 4.0 4.0 
1 0 0 1.9999999999999998 4.0 
2 0 0 4.0 4.0 
1 -1 0 2.069907300454819 13.215092480009742 
2 -1 0 5.044418041358885 13.21509248000974 
1 -2 0 2.069907300454817 13.215092480009742 
2 -2 0 5.044418041358885 13.21509248000974 
1 -3 0 2.3752190227095205 16.772860923999534 
2 -3 0 7.925444542188862 15.495791475301461 
1 -4 0 2.3752190227117755 16.77286086330564 
2 -4 0 7.9254445421888615 15.495791475301457 
1 -5 0 5.029675590635278 16.000000000000004 
2 -5 0 13.0 13.0 
1 -6 0 5.029675590635284 15.999999999999995 
2 -6 0 13.0 13.0 
0 1 0 2.0000000000000004 4.000000000000001 
0 0 0 2.0 4.0 
0 -1 0 0.9515767650529314 12.838916409758243 
0 -2 0 0.9515767654547997 12.838916409758257 
0 -3 0 0.7520360707765221 16.77286092937025 
0 -4 0 0.7520360698627403 16.772860929042654 
0 -5 0 1.3954717142227824 17.999999992913256 
0 -6 0 1.395471714295593 17.999999998120852 
0 -7 0 2.929470282372927 14.999999977289054 
1 -7 0 8.999999999999998 11.999999999999998 
0 -8 0 2.9294702829898096 14.999999999475882 
1 -8 0 8.999999999999998 11.999999999999998 
-1 1 0 1.9999999999999998 4.0 
-1 0 0 2.0 4.0 
-1 -1 1 0.9515767650529334 12.807391374253926 
-1 -2 1 0.9515767650529294 12.807391374253923 
-1 -3 3 1.3478544119827531 15.317273152455558 
-1 -4 3 1.347854411962302 15.317273152525305 
-1 -5 3 1.2142106666693193 17.99999966757543 
-1 -6 3 1.2142106666693093 17.9999999979913 
-1 -7 1 0.8955222815322431 15.999999886478559 
-1 -8 1 0.8955222815322407 15.999999960720858 
-1 -9 0 1.92080347197401 12.99999999999961 
0 -9 0 5.999999999999999 10.0 
-1 -10 0 1.9208034719740197 12.999999999995074 
0 -10 0 6.0 9.999999999999998 
-2 -1 0 2.9087620536352583 9.999999999999998 
-2 -2 0 2.9087620536352574 9.999999999999998 
-2 -3 0 0.9975847554906511 14.52919678420845 
-2 -4 0 0.9975847546231228 14.529196999573882 
-2 -5 0 0.5561059721841696 17.51012574630572 
-2 -6 0 0.556105972852146 17.510126134704898 
-2 -7 0 0.6179203803539095 17.55363881142258 
-2 -8 0 0.6179203803587611 17.553638728605694 
-2 -9 0 1.3953811626130908 14.396429943417486 
-2 -10 0 1.3953811623320973 14.396435590623218 
-2 -11 0 3.5107114281899254 10.999999999999998 
-1 -11 0 5.0 7.0 
-2 -12 0 3.5107114281899214 11.000000000000004 
-1 -12 0 5.000000000000001 7.0 
-3 -1 0 4.999999999999999 7.000000000000001 
-3 -2 0 4.999999999999999 7.000000000000002 
-3 -3 0 1.9971505926468214 13.65804233177679 
-3 -4 0 1.9971505921682848 13.658041866013725 
-3 -5 1 0.9498082954982494 15.999999719856143 
-3 -6 1 0.9498082954982491 15.999999993039435 
-3 -7 2 0.6179203803538214 17.99999999968805 
-3 -8 2 0.6179203803538228 17.99999975472601 
-3 -9 1 0.25868379888350745 15.614774215106205 
-3 -10 1 0.2586837988835081 15.614778943393667 
-3 -11 0 0.20394143986414467 12.081907630944754 
-3 -12 0 0.20394143986415156 12.081907033629143 
-4 -1 0 5.0 7.0 
-4 -2 0 5.000000000000001 7.0 
-4 -3 0 2.9982551764231067 11.734961713649053 
-4 -4 0 2.998255176425217 11.734961714445337 
-4 -5 0 1.5377982031095552 14.999999698297039 
-4 -6 0 1.5377982028357349 14.999999965218537 
-4 -7 0 0.2330389653399273 17.999999891482275 
-4 -8 0 0.2330389653405136 17.999999962282992 
-4 -9 1 0.2586837988835127 17.12638131025502 
-4 -10 1 0.2586837988835107 17.126381304741347 
-4 -11 2 0.20394143986414026 13.516456783634066 
-4 -12 2 0.20394143986414298 13.516456733568418 
-4 -13 1 1.0318979006055142 9.291473155804004 
-3 -13 0 2.5107114281899205 8.0 
-4 -14 1 1.0318979006055151 9.29147315058775 
-3 -14 0 2.5107114281899228 7.999999999999998 
-5 -3 0 6.000000000000001 10.56155281280883 
-5 -4 0 6.0 10.561552812808827 
-5 -5 0 4.520316681333993 13.042120496455727 
-5 -6 0 4.520316638531638 13.042120462428931 
-5 -7 0 3.002199552421705 15.999999479668467 
-5 -8 0 3.0021995524488814 15.999999980468974 
-5 -9 0 1.5458094502306174 17.1263812311476 
-5 -10 0 1.5458094500994222 17.12638131029782 
-5 -11 0 0.6689221965750074 15.248875003267393 
-5 -12 0 0.6689221965611368 15.24887508400951 
-5 -13 0 1.0318979006055153 11.041962555836314 
-5 -14 0 1.0318979006055289 11.04196255595368 
-5 -15 0 1.9999999999999998 4.0 
-4 -15 0 2.0 4.0 
-5 -16 0 1.9999999999999996 4.0 
-4 -16 0 1.9999999999999998 4.0 
-6 -5 0 7.438447187191169 12.0 
-6 -6 0 7.438447187191168 12.0 
-6 -7 0 5.262092793745753 15.000000000000002 
-6 -8 0 5.262092793745753 14.999999999999867 
-6 -9 0 3.7025041995105283 16.28502675728026 
-6 -10 0 3.702504199511147 16.285026757268902 
-6 -11 0 2.5537066444112355 15.24887502194819 
-6 -12 0 2.553706644411144 15.248874873895806 
-6 -13 0 1.7164313591164637 12.916381551744971 
-6 -14 0 1.7164313591164677 12.91638155174497 
-6 -15 0 2.0 4.0 
-6 -16 0 2.0000000000000004 4.0 
-7 -7 0 13.0 13.0 
-7 -8 0 13.0 13.0 
-7 -9 0 7.889907928977183 14.629813271691878 
-7 -10 0 7.889907928977186 14.62981327169188 
-7 -11 0 6.298437881283577 15.0 
-7 -12 0 6.298437881283576 15.000000000000002 
-7 -13 0 5.0 12.916381551744973 
-7 -14 0 5.000000000000002 12.916381551744974 
-7 -15 0 4.0 4.0 
-7 -16 0 4.0 4.0 
