4 10 0 2.0 2.0 
5 10 0 2.0 2.0 
4 9 0 2.0 2.0 
5 9 0 2.0 2.0 
4 8 0 1.049240266575832 13.206733426340623 
5 8 0 3.1880341622520563 13.206733426340623 
4 7 0 1.0492402665758307 13.20673342634062 
5 7 0 3.188034162252057 13.206733426340623 
4 6 0 1.431359649865646 16.504768877097774 
5 6 0 5.130430361170209 15.712737066016485 
4 5 0 1.431359649865647 16.50476878233685 
5 5 0 5.130430361170212 15.712737066016485 
4 4 0 3.5533043113371594 17.448031156226048 
5 4 0 6.915243069422913 15.591995735132857 
4 3 0 3.553304311337069 17.44803127818916 
5 3 0 6.9152430694229094 15.591995735132858 
4 2 0 5.707081578406155 15.012266887078995 
5 2 0 12.0 12.0 
4 1 0 5.707081578406157 15.012266887078997 
5 1 0 12.0 12.0 
3 10 0 2.0 2.0 
3 9 0 2.0 2.0 
3 8 0 1.0492402665758316 11.519731369726747 
3 7 0 1.0492402665758307 11.519731369726735 
3 6 0 0.801539793439806 16.504768876983974 
3 5 0 0.8015397946195099 16.504768873902975 
3 4 0 0.9445586473561987 19.45931435485308 
3 3 0 0.9445586472368828 19.459313868068822 
3 2 0 2.7794965833361713 16.99999818138209 
3 1 0 2.7794965833351166 16.99999798029314 
3 0 0 4.904023438694143 14.000000000000002 
4 0 0 9.0 11.0 
3 -1 0 4.904023438694141 14.000000000000002 
4 -1 0 9.0 11.0 
2 8 0 1.2679491924311228 9.584199609191208 
2 7 0 1.2679491924311233 9.584199609191206 
2 6 0 0.801539793695133 14.719356204317709 
2 5 0 0.8015397936758902 14.719356204403972 
2 4 0 0.7093506408535768 19.45931404221374 
2 3 0 0.70935064088161 19.459313850127156 
2 2 0 0.8734179612774633 19.999999995139294 
2 1 0 0.8734179613465323 19.99999999913377 
2 0 0 3.1155387868586524 15.813157105317826 
2 -1 0 3.1155387868588362 15.813167461993507 
2 -2 0 5.999999999999999 12.597735188118877 
3 -2 0 8.0 8.0 
2 -3 0 6.000000000000001 12.59773518811888 
3 -3 0 8.0 8.0 
1 8 0 5.0 5.0 
1 7 0 4.999999999999999 5.0 
1 6 0 0.8660656024784715 13.136422847751298 
1 5 0 0.866065602455824 13.136422847960226 
1 4 0 0.49937517618470945 17.682625457488143 
1 3 0 0.49937517582720414 17.682625461154423 
1 2 0 0.234099448121516 19.999999637284795 
1 1 0 0.23409944822859483 19.999999963148596 
1 0 0 0.5604563480525673 17.999999860870602 
1 -1 0 0.5604563473416676 17.999999774573098 
1 -2 0 2.946733799102733 13.380910623614687 
1 -3 0 2.9467337727214087 13.380910611881614 
0 8 0 5.0 5.0 
0 7 0 5.0 5.0 
0 6 0 2.703072174081396 10.439980500952272 
0 5 0 2.7030721740236197 10.43998050101355 
0 4 1 0.49937517551819705 15.771337515087374 
0 3 1 0.49937517551819566 15.771337515694483 
0 2 3 0.5604563473416608 19.83484392631096 
0 1 3 0.701910671443668 19.83484401463438 
0 0 3 0.23409944812078767 19.834843874045237 
0 -1 3 0.5604563473416644 19.83484388503797 
0 -2 1 0.4993751755181925 15.768851248981232 
0 -3 1 0.4993751755181955 15.771337515464692 
0 -4 0 2.7030721739862296 10.439980501015777 
1 -4 0 5.381966011250106 9.93543233197003 
0 -5 0 2.703072174056021 10.439980501019164 
1 -5 0 5.381966011250105 9.935432331970027 
-1 6 0 5.381966011250106 9.935432331970034 
-1 5 0 5.381966011250105 9.935432331970032 
-1 4 0 2.9467337716159507 13.380910514401286 
-1 3 0 2.9467337764366768 13.380910516457796 
-1 2 0 0.5604563478792667 17.999998300446354 
-1 1 0 0.5604563473416847 17.999999973090798 
-1 0 0 0.23409944813930889 19.999999899005367 
-1 -1 0 0.23409944813127065 19.999998146877555 
-1 -2 0 0.49937517570533985 17.682625460523294 
-1 -3 0 0.49937517602085785 17.682625456874188 
-1 -4 0 0.8660656024465475 13.136422847942123 
-1 -5 0 0.8660656025258637 13.136422847458574 
-1 -6 0 4.999999999999999 5.0 
0 -6 0 5.0 5.0 
-1 -7 0 5.0 5.0 
0 -7 0 5.0 5.0 
-2 4 0 6.0 12.597735188118875 
-2 3 0 6.0 12.597735188118875 
-2 2 0 3.1155387868591937 15.813167890497805 
-2 1 0 3.1155387893413575 15.813167715722383 
-2 0 0 0.87341796127671 19.999999997987015 
-2 -1 0 0.8734179612792253 19.99999999808047 
-2 -2 0 0.7093506408606376 19.459314360583726 
-2 -3 0 0.7093506409842243 19.45931422443602 
-2 -4 0 0.8015397935841743 14.719356204412385 
-2 -5 0 0.8015397936244918 14.719355966885335 
-2 -6 0 1.2679491924311226 9.584199609191211 
-2 -7 0 1.2679491924311215 9.584199609191208 
-3 4 0 8.0 8.0 
-3 3 0 8.0 8.0 
-3 2 0 4.904023438694142 14.000000000000002 
-3 1 0 4.904023438694138 13.999999999999998 
-3 0 0 2.779496583334637 16.999999136745572 
-3 -1 0 2.7794965833348577 16.99999996442595 
-3 -2 0 0.9445586471431744 19.459314276572545 
-3 -3 0 0.9445586473136035 19.459314276107325 
-3 -4 0 0.8015397936394951 16.50476886657973 
-3 -5 0 0.8015397934398111 16.504768876408637 
-3 -6 0 1.0492402665758314 11.51973136972674 
-3 -7 0 1.0492402665758296 11.519731369726744 
-4 2 0 9.0 11.0 
-4 1 0 8.999999999999996 11.0 
-4 0 0 5.707081578406155 15.012266887078997 
-4 -1 0 5.707081578406154 15.012266887078995 
-4 -2 0 3.55330431133702 17.448031280118347 
-4 -3 0 3.553304311336992 17.44803127794606 
-4 -4 0 1.43135965135899 16.504768872154315 
-4 -5 0 1.4313596539695639 16.504768874166313 
-4 -6 0 1.04924026657583 13.206733426340621 
-4 -7 0 1.0492402665758327 13.20673342634062 
-4 -8 0 1.9999999999999998 2.0 
-3 -8 0 2.0 2.0 
-4 -9 0 2.0 2.0 
-3 -9 0 2.0 2.0 
-5 0 0 12.0 12.0 
-5 -1 0 12.0 12.0 
-5 -2 0 6.915243069422913 15.591995735132858 
-5 -3 0 6.915243069422911 15.591995735132858 
-5 -4 0 5.13043036117021 15.712737066016489 
-5 -5 0 5.13043036117021 15.712737066016487 
-5 -6 0 3.1880341622520585 13.206733426340625 
-5 -7 0 3.1880341622520567 13.206733426340621 
-5 -8 0 2.0 2.0 
-5 -9 0 2.0 2.0 
