3 9 0 2.0 4.0 
4 9 0 4.0 4.0 
3 8 0 1.9999999999999998 4.0 
4 8 0 4.0 4.0 
3 7 0 1.2303166106552585 10.82842712474619 
4 7 0 5.17157287525381 10.82842712474619 
3 6 0 1.2303166106552559 10.82842712474619 
4 6 0 5.171572875253808 10.82842712474619 
3 5 0 1.9059646407573476 12.000000000000002 
4 5 0 10.0 10.0 
3 4 0 1.9059646407573458 12.0 
4 4 0 10.0 10.0 
2 9 1 2.0 4.0 
2 8 1 2.0 4.0 
2 7 3 1.2303166106552612 9.575610635179768 
2 6 3 1.2303166106552579 9.575610635179762 
2 5 3 0.9073814886757537 11.999999990401099 
2 4 3 1.905964640757348 11.999999998172479 
2 3 1 1.2303166106552572 9.999999995115548 
3 3 0 4.0 8.0 
2 2 1 1.23031661065526 9.999999999888345 
3 2 0 4.000000000000001 8.0 
1 7 0 1.5505102572168221 8.0 
1 6 0 1.5505102572168197 8.0 
1 5 0 0.9073814886787178 11.418550718855322 
1 4 0 0.9073814886773512 11.418550718873485 
1 3 0 0.9073814886773651 11.418550718868255 
1 2 0 0.9073814886796857 11.41855071887316 
1 1 0 1.5505102572168203 8.000000000000004 
2 1 0 1.9999999999999998 6.0 
1 0 0 1.5505102572168232 8.0 
2 0 0 2.0000000000000004 6.0 
0 7 0 1.9999999999999996 5.999999999999999 
0 6 0 1.9999999999999996 6.0 
0 5 1 1.2303166106552588 9.99999999855778 
0 4 1 1.2303166106552583 9.99999995794336 
0 3 3 1.9059646407573507 11.99999997808094 
0 2 3 1.905964640757352 11.999999946425824 
0 1 3 1.2303166106552572 9.575610635179766 
0 0 3 1.230316610655259 9.575610635179766 
-1 5 0 4.000000000000001 8.0 
-1 4 0 4.000000000000001 8.0 
-1 3 0 1.905964640757346 12.000000000000002 
-1 2 0 1.9059646407573454 12.000000000000002 
-1 1 0 1.2303166106552565 10.828427124746195 
-1 0 0 1.2303166106552552 10.828427124746192 
-1 -1 0 1.9999999999999998 4.0 
0 -1 1 1.9999999999999996 4.0 
-1 -2 0 1.9999999999999998 4.0 
0 -2 1 1.9999999999999998 4.0 
-2 3 0 10.0 10.0 
-2 2 0 10.0 10.0 
-2 1 0 5.171572875253809 10.828427124746192 
-2 0 0 5.171572875253808 10.828427124746192 
-2 -1 0 4.0 4.0 
-2 -2 0 4.0 4.0 
