5 15 0 2.0 4.0 
6 15 0 4.0 4.0 
5 14 0 1.9999999999999998 4.0 
6 14 0 4.0 4.0 
5 13 0 1.2649076164506015 9.561552812808447 
6 13 0 5.0 9.561552812808833 
5 12 0 1.2649076164506015 9.561552812808827 
6 12 0 5.0 9.561552812808834 
5 11 0 2.190830767180325 13.25823748652907 
6 11 0 6.22674927123703 13.177816485824462 
5 10 0 2.1908307671751635 13.258237486521029 
6 10 0 6.226749271237032 13.177816485824463 
5 9 0 3.1703257716319784 15.07515355646942 
6 9 0 7.742102986970563 14.057087256556327 
5 8 0 3.170325771631759 15.074827157656795 
6 8 0 7.742102986970566 14.05708725655633 
5 7 0 4.369435443391186 12.718038794013603 
6 7 0 12.0 12.0 
5 6 0 4.3694354433911915 12.718038794013598 
6 6 0 12.0 12.0 
4 15 1 2.0 4.0 
4 14 1 2.0 3.999999999999999 
4 13 2 0.2003691338826245 8.8119370309435 
4 12 2 0.20036913388262284 8.811937030928465 
4 11 1 0.22782852349063637 13.258237095410935 
4 10 1 0.22782852349063895 13.258237486525335 
4 9 0 0.2601889299475042 15.297128053144602 
4 8 0 0.26018893004816684 15.297128253024146 
4 7 0 1.2289334393631306 14.999999998055301 
4 6 0 1.2289334393027427 14.999999997448413 
4 5 0 2.4281221463054083 11.289693589620924 
5 5 0 6.0 10.0 
4 4 0 2.428122146397648 11.289693589620898 
5 4 0 6.000000000000001 10.0 
3 13 0 0.20036913388262645 8.561552812808825 
3 12 0 0.20036913388262328 8.56155281280883 
3 11 1 0.22782852349063915 12.169879604038297 
3 10 1 0.22782852349063878 12.169879336292956 
3 9 2 0.2601889299474957 15.297128265996857 
3 8 2 0.4603151479217977 15.297127800985592 
3 7 1 0.5423047869893701 15.74559462716702 
3 6 1 0.5423047869893697 15.745594625056418 
3 5 0 0.7532941847956534 12.999999956568061 
3 4 0 0.7532941844698041 12.999999941536592 
3 3 0 3.999999999999996 8.000000000000002 
4 3 0 3.9999999999999987 7.999999999999999 
3 2 0 4.0 8.0 
4 2 0 4.000000000000001 8.0 
2 11 0 1.055587197597474 10.8310417573927 
2 10 0 1.0555871981398544 10.831041749201367 
2 9 0 0.4603151480531958 14.182400056313615 
2 8 0 0.4603151479390468 14.18240007760134 
2 7 0 0.5423047871451676 15.745594441897191 
2 6 0 0.5423047869963997 15.745593741789436 
2 5 0 0.7532941845487526 14.26521871897273 
2 4 0 0.7532941844701044 14.265218029880886 
2 3 0 2.9999999999999956 11.0 
2 2 0 3.0000000000000036 11.0 
1 11 0 3.0 6.999999999999999 
1 10 0 3.0 7.0 
1 9 1 1.9539647587552844 12.874526623705123 
1 8 1 1.9539647587552758 12.87451990288748 
1 7 3 1.2356713418358118 15.56516889613257 
1 6 3 1.2356713418358103 15.564960985293473 
1 5 3 1.1746333744280697 15.165136355230354 
1 4 3 1.1746333744280935 15.165136347853018 
1 3 1 0.7073234043344097 11.625496515574664 
1 2 1 0.7073234043344071 11.62549666422948 
0 9 0 4.142045748523351 9.795050084200376 
0 8 0 4.14204574852335 9.795050084200376 
0 7 0 0.9142603529117046 14.887482193108934 
0 6 0 0.914260353076493 14.887482191041268 
0 5 0 0.5961869036184239 15.99999999930772 
0 4 0 0.5961869040827217 15.999999970249318 
0 3 0 0.7073234043361574 13.06535800121022 
0 2 0 0.7073234043414726 13.065358001211521 
0 1 0 1.0 5.000000000000001 
1 1 0 0.9999999999999998 5.0 
0 0 0 1.0 5.0 
1 0 0 1.0 4.999999999999999 
-1 7 0 6.171572875253808 11.828427124746188 
-1 6 0 6.17157287525381 11.82842712474619 
-1 5 0 2.83668709265409 15.999999999999998 
-1 4 0 2.836687092654087 15.999999999999998 
-1 3 0 2.127976730298648 14.40512483795333 
-1 2 0 2.127976730298638 14.405124837953325 
-1 1 0 2.9999999999999996 5.000000000000001 
-1 0 0 3.0 5.0 
-2 5 0 13.0 13.0 
-2 4 0 13.0 13.0 
-2 3 0 6.594875162046673 14.405124837953329 
-2 2 0 6.594875162046672 14.405124837953327 
-2 1 0 5.0 5.0 
-2 0 0 5.0 5.0 
