3 7 0 4.0 4.0 
4 7 0 4.0 4.0 
3 6 0 4.0 4.0 
4 6 0 4.0 4.0 
3 5 0 2.463281687454934 12.854101966249681 
4 5 0 6.145898033750314 12.854101966249685 
3 4 0 2.463281687454935 12.854101966249686 
4 4 0 6.145898033750314 12.854101966249683 
3 3 0 3.4076770170344437 16.695244274168275 
4 3 0 8.404652418776744 15.128733761845691 
3 2 0 3.4076770023887994 16.695243418171646 
4 2 0 8.404652418776744 15.128733761845693 
3 1 0 5.870320034974943 15.032655173523356 
4 1 0 13.0 13.0 
3 0 0 5.870320034974945 15.032655173523354 
4 0 0 13.0 13.0 
2 7 0 4.0 4.0 
2 6 0 4.0 4.0 
2 5 0 0.9844380199980994 12.24857272220389 
2 4 0 0.984438017961753 12.248572726207826 
2 3 0 1.1543580510865206 16.695244272632706 
2 2 0 1.1543580509788116 16.69524425639136 
2 1 0 1.6333443712706563 17.99999947167287 
2 0 0 1.6333443756406496 17.999999708457086 
2 -1 0 4.589318643297926 13.999999999354857 
3 -1 0 9.000000000000002 12.000000000000002 
2 -2 0 4.589318643297925 13.999999996943567 
3 -2 0 8.999999999999996 12.0 
1 7 0 4.0 4.0 
1 6 0 4.0 4.0 
1 5 0 0.9844380178959716 10.61875128545271 
1 4 0 0.9844380179965151 10.618751285454584 
1 3 0 0.5694396900624296 15.106566913362308 
1 2 0 0.5694396899542712 15.10656684413232 
1 1 0 0.7865755805414602 17.999999542525906 
1 0 0 0.7865755805359647 17.999999999023792 
1 -1 0 1.0865653765421905 15.999999964670263 
1 -2 0 1.0865653766053187 15.9999993901654 
1 -3 0 3.1570622194499505 12.223770145171626 
2 -3 0 7.0 10.414213562373096 
1 -4 0 3.157062219120677 12.223769474303365 
2 -4 0 7.000000000000001 10.414213562373096 
0 7 0 4.0 4.0 
0 6 0 4.0 4.0 
0 5 0 1.899803700338538 9.604021758451946 
0 4 0 1.899803700338535 9.604021758451943 
0 3 1 0.5694396899541652 13.939445153232354 
0 2 1 0.5694396899541618 13.939444904016417 
0 1 2 0.33458234214698046 17.667312343544218 
0 0 2 0.3345823421469814 17.667312194910657 
0 -1 1 0.20640888205333646 17.897418349362205 
0 -2 1 0.20640888205334035 17.89741807728028 
0 -3 0 0.41843478652733934 13.99999999529143 
0 -4 0 0.41843478652713345 13.999999315521963 
0 -5 0 2.994300060900108 9.983331007956865 
1 -5 0 5.585786437626905 8.414213562373092 
0 -6 0 2.9943000609001076 9.983331007956865 
1 -6 0 5.585786437626903 8.414213562373094 
-1 5 0 4.43844718719117 8.56155281280883 
-1 4 0 4.43844718719117 8.56155281280883 
-1 3 0 2.289293824179066 12.495347564509052 
-1 2 0 2.2892938241384617 12.495347564514363 
-1 1 0 0.33458234214703225 15.839864673094873 
-1 0 0 0.3345823421469908 15.839864619462261 
-1 -1 0 0.20640888205455277 17.999999827426254 
-1 -2 0 0.20640888205597546 17.999999896005026 
-1 -3 0 0.41843478652836175 15.80054540644522 
-1 -4 0 0.41843478653089494 15.800547131698156 
-1 -5 0 0.9871184623785433 12.410834126097171 
-1 -6 0 0.987118462378543 12.410834121513371 
-1 -7 0 5.0 5.0 
0 -7 0 5.0 5.0 
-1 -8 0 5.0 5.0 
0 -8 0 5.0 5.0 
-2 3 0 5.000000000000001 10.791287847477925 
-2 2 0 4.999999999999999 10.791287847477923 
-2 1 0 2.4753994735759575 14.811581731927594 
-2 0 0 2.475399473270322 14.8115816261101 
-2 -1 0 0.7995718880687446 17.999999950363325 
-2 -2 0 0.7995718880994924 17.999999993216274 
-2 -3 0 0.4861670719489989 17.444911071106187 
-2 -4 0 0.48616707194949416 17.444911088709866 
-2 -5 0 0.6807658862466772 13.639507622839364 
-2 -6 0 0.6807658847764876 13.63950762149095 
-2 -7 0 1.4528158481407885 9.395875321208912 
-2 -8 0 1.452815848140788 9.395875321208916 
-3 3 0 7.0 7.0 
-3 2 0 7.0 7.0 
-3 1 0 3.655842770675346 12.791287847477921 
-3 0 0 3.6558427706753442 12.791287847477921 
-3 -1 0 1.955227500406424 15.99999941105174 
-3 -2 0 1.9552274993835776 15.999999985578322 
-3 -3 0 0.9302120957073562 17.444911067684377 
-3 -4 0 0.9302120954060222 17.444911085369377 
-3 -5 0 0.6807658853311267 15.153182732322296 
-3 -6 0 0.6807658849114608 15.153182727005344 
-3 -7 0 1.0407038438171163 10.974950291465184 
-3 -8 0 1.0407038438171172 10.974950291465188 
-4 1 0 9.0 9.0 
-4 0 0 9.0 9.0 
-4 -1 0 4.86175931428738 14.000000000000005 
-4 -2 0 4.8617593142873785 14.000000000000002 
-4 -3 0 2.701901747960045 15.82548683181182 
-4 -4 0 2.701901747960045 15.82548683199936 
-4 -5 0 1.1424068269501653 15.153182732382549 
-4 -6 0 1.1424068278440347 15.153182457168846 
-4 -7 0 1.0407038438171174 11.405124837953327 
-4 -8 0 1.040703843817118 11.405124837953325 
-4 -9 0 2.0 2.0 
-3 -9 0 2.0 2.0 
-4 -10 0 2.0 2.0 
-3 -10 0 2.0 2.0 
-5 -1 0 11.0 11.0 
-5 -2 0 11.0 11.0 
-5 -3 0 6.675883952802455 14.324116047197542 
-5 -4 0 6.6758839528024545 14.324116047197542 
-5 -5 0 4.388612202770384 14.345190233094538 
-5 -6 0 4.388612202770385 14.34519023309454 
-5 -7 0 3.0 11.405124837953325 
-5 -8 0 3.0 11.405124837953327 
-5 -9 0 2.0 2.0 
-5 -10 0 2.0 2.0 
