3 9 0 3.0 3.0 
4 9 0 3.0 3.0 
3 8 0 3.0 3.0 
4 8 0 3.0 3.0 
3 7 0 1.3756841863540457 9.670592977111271 
4 7 0 3.8049111474566306 9.670592977111266 
3 6 0 1.375684186354043 9.67059297711126 
4 6 0 3.8049111474566315 9.670592977111266 
3 5 0 1.7765522572707404 13.329265515881698 
4 5 0 5.216978765534024 12.998242278660976 
3 4 0 1.776552253976431 13.329265554902559 
4 4 0 5.216978765534023 12.998242278660978 
3 3 0 2.900893398095355 14.12777952672835 
4 3 0 7.851506337164525 13.054009397867985 
3 2 0 2.9008933973062265 14.127779525802024 
4 2 0 7.85150633716453 13.054009397867983 
3 1 0 4.743368904889579 13.000000000000002 
4 1 0 11.0 11.0 
3 0 0 4.743368904889581 12.999999999999996 
4 0 0 11.0 11.0 
2 9 0 3.0 3.0 
2 8 0 3.0 3.0 
2 7 0 1.3756841863615996 9.390364905795279 
2 6 0 1.37568418637512 9.390364905728719 
2 5 0 0.4800330030517483 13.329265554875349 
2 4 0 0.48003300305160074 13.329265554899282 
2 3 0 0.5968437006394713 15.26029240797262 
2 2 0 0.596843700639488 15.260292111707502 
2 1 0 1.9264832041072293 13.999999999482123 
2 0 0 1.9264832041027038 13.999999672481476 
2 -1 0 3.7621541486480647 11.999999946753118 
3 -1 0 8.0 10.0 
2 -2 0 3.7621541493847213 11.999999731091302 
3 -2 0 8.0 9.999999999999998 
1 9 0 3.0 3.0 
1 8 0 3.0 3.0 
1 7 0 1.4842822936700941 9.348469701020603 
1 6 0 1.4842822936700886 9.348469701020607 
1 5 0 0.48003300305157803 12.057649722970456 
1 4 0 0.4800330030518186 12.057649796666453 
1 3 0 0.29630405099003704 15.260292409888722 
1 2 0 0.29630405098770646 15.260292409454628 
1 1 0 0.4145533054296949 15.999999951412011 
1 0 0 0.41455330551350444 15.999999999858915 
1 -1 0 1.3237718162783494 12.913493047456669 
1 -2 0 1.3237718162783434 12.91349246741943 
1 -3 0 2.9018260343363536 10.732050807568882 
2 -3 0 6.000000000000001 8.0 
1 -4 0 2.9018260343363553 10.732050807568879 
2 -4 0 6.000000000000001 8.0 
0 7 0 3.585786437626906 7.000000000000001 
0 6 0 3.585786437626905 6.999999999999999 
0 5 0 1.3014657727886385 11.459319556861056 
0 4 0 1.3014657733982773 11.459319556974021 
0 3 0 0.2963040509990912 14.386272047826608 
0 2 0 0.2963040509877159 14.386272048562391 
0 1 1 0.4145533053674758 15.999999998912344 
0 0 1 0.41455330536748036 15.999999994577744 
0 -1 1 0.5698087338994586 14.811982584119361 
0 -2 1 0.5698087338994576 14.811982584539697 
0 -3 0 1.9849805667446188 11.219972375167506 
0 -4 0 1.9849805669944693 11.21997269665434 
0 -5 0 4.0 7.732050807568878 
1 -5 0 5.0 5.0 
0 -6 0 3.9999999999999982 7.732050807568878 
1 -6 0 5.0 5.0 
-1 7 0 5.0 5.0 
-1 6 0 5.0 5.0 
-1 5 0 2.64992691387242 10.414213562373094 
-1 4 0 2.649926913872418 10.414213562373092 
-1 3 0 1.1286477064467602 12.839455051008432 
-1 2 0 1.1286477063820675 12.839454987531875 
-1 1 0 0.4716964111780006 15.713699514400545 
-1 0 0 0.471696411180467 15.713699415202182 
-1 -1 0 0.267207462195548 15.36137877671118 
-1 -2 0 0.26720746219116637 15.361378107037538 
-1 -3 0 0.3918451696167716 12.209274826087 
-1 -4 0 0.3918451696187749 12.209274737697132 
-1 -5 0 1.3572410936826147 7.984773736446109 
-1 -6 0 1.3572410936826174 7.984773736446109 
-2 5 0 5.585786437626905 8.414213562373096 
-2 4 0 5.585786437626905 8.414213562373096 
-2 3 0 3.2031338779601213 11.999999999986038 
-2 2 0 3.203133877918973 11.999999999999623 
-2 1 0 0.9161679608546169 14.999999908811105 
-2 0 0 0.9161679606338772 14.99999999999526 
-2 -1 0 0.2672074622878299 15.361378774018588 
-2 -2 0 0.26720746224899494 15.361378707721302 
-2 -3 1 0.39184516961531585 13.97960798609642 
-2 -4 1 0.39184516961531796 13.979607973823875 
-2 -5 1 1.3572410936826145 8.541349391782882 
-2 -6 1 1.357241093682617 8.541349365055233 
-2 -7 0 3.0 3.0000000000000004 
-1 -7 0 3.0 3.0 
-2 -8 0 3.0 3.0 
-1 -8 0 3.0 3.0 
-3 3 0 7.000000000000001 10.0 
-3 2 0 6.999999999999999 10.0 
-3 1 0 4.609560685629268 13.000000000000002 
-3 0 0 4.609560685629261 13.0 
-3 -1 0 3.0963902211351213 15.07572655643608 
-3 -2 0 3.0963902293668086 15.07572657882122 
-3 -3 0 1.814925907353116 13.984113978641192 
-3 -4 0 1.8149259029189315 13.984113978641181 
-3 -5 0 1.4550770597054108 10.088813485528052 
-3 -6 0 1.4550770597054103 10.088813485528046 
-3 -7 0 3.0 3.0 
-3 -8 0 2.9999999999999996 3.0 
-4 1 0 11.0 11.0 
-4 0 0 11.0 11.0 
-4 -1 0 6.754950343442167 13.157109203231487 
-4 -2 0 6.754950343442165 13.157109203231485 
-4 -3 0 4.411835635975619 13.984113978641197 
-4 -4 0 4.411835635975619 13.984113978641197 
-4 -5 0 3.318456903123227 10.088813485528048 
-4 -6 0 3.318456903123228 10.08881348552805 
-4 -7 0 3.0 3.0 
-4 -8 0 3.0 3.0 
