0 0 1 2.0 3.0 
1 0 0 3.0 3.0 
0 -1 1 1.9999999999999996 3.0 
1 -1 0 3.0 3.0 
0 -2 1 1.041512939385605 10.854101966249685 
1 -2 0 4.145898033750315 10.854101966249685 
0 -3 1 1.0415129393856077 10.854101966249686 
1 -3 0 4.145898033750315 10.854101966249685 
0 -4 0 0.6489802598780036 12.000000000000002 
1 -4 0 9.0 9.0 
0 -5 0 0.6489802598780033 12.0 
1 -5 0 9.0 9.0 
-1 0 0 2.0 2.0 
-1 -1 0 2.0 2.0 
-1 -2 0 1.0415129393856053 9.451617851185949 
-1 -3 0 1.041512939385607 9.45161785118595 
-1 -4 0 0.6489802604180328 11.99999999546932 
-1 -5 0 0.6489802599942046 11.999999999999973 
-1 -6 0 1.6927333786525687 10.0 
0 -6 0 3.5857864376269046 7.0 
-1 -7 0 1.69273337865257 9.999999999999993 
0 -7 0 3.5857864376269046 7.0 
-2 -2 0 1.5264662029629799 6.82979704648482 
-2 -3 0 1.5264662029629794 6.8297970464848206 
-2 -4 1 0.9067142152279299 11.999999829002045 
-2 -5 1 0.9067142152279304 11.999999999745286 
-2 -6 0 0.3773765965763956 11.789520706571853 
-2 -7 0 0.37737659657590694 11.78952070656686 
-2 -8 0 0.893919819218791 7.801950238438885 
-1 -8 0 4.0 4.0 
-2 -9 0 0.8939198192187918 7.801950238438889 
-1 -9 0 4.0 4.0 
-3 -2 0 2.585786437626905 5.414213562373095 
-3 -3 0 2.5857864376269046 5.414213562373095 
-3 -4 0 0.9067142152279659 9.784269518768877 
-3 -5 0 0.9067142152478644 9.784269518768873 
-3 -6 0 0.3773765965817053 11.999999997118817 
-3 -7 0 0.3773765965760261 11.999999986914084 
-3 -8 1 0.8939198192187914 9.457121837943735 
-3 -9 1 0.89391981921879 9.45712183797199 
-4 -4 0 3.438447187191169 8.0 
-4 -5 0 3.43844718719117 8.0 
-4 -6 0 1.5873138301636682 12.0 
-4 -7 0 1.5873138301636693 12.000000000000007 
-4 -8 0 0.9476631463909225 10.828427124746188 
-4 -9 0 0.9476631463909211 10.828427124746192 
-4 -10 0 0.5857864376269051 4.0 
-3 -10 0 0.5857864376269047 3.4142135623730954 
-4 -11 0 0.585786437626905 4.000000000000001 
-3 -11 0 0.5857864376269051 3.414213562373096 
-5 -6 0 10.0 10.0 
-5 -7 0 10.0 10.0 
-5 -8 0 5.17157287525381 10.82842712474619 
-5 -9 0 5.17157287525381 10.828427124746192 
-5 -10 0 4.0 4.0 
-5 -11 0 4.0 4.0 
