1 -1 0 0.9999999999999996 5.0 
2 -1 0 5.0 5.0 
1 -2 0 0.9999999999999988 5.0 
2 -2 0 5.0 5.0 
1 -3 0 1.1127506729735694 15.809163615865309 
2 -3 0 6.264627267088654 15.809163616125755 
1 -4 0 1.1127506729735692 15.809163616096185 
2 -4 0 6.264627267088655 15.809163616125755 
1 -5 0 2.2013932876073627 18.34471296410719 
2 -5 0 8.477079580568864 17.670892834843798 
1 -6 0 2.20139328646623 18.3447129395472 
2 -6 0 8.477079580568862 17.6708928348438 
1 -7 0 4.003248979626235 18.999999999999975 
2 -7 0 15.0 15.0 
1 -8 0 4.003248979626235 18.999999999999993 
2 -8 0 15.0 15.0 
0 -1 0 0.9999999999999998 5.0 
0 -2 0 0.9999999999999993 5.0 
0 -3 1 1.1127506729735663 15.805445069600342 
0 -4 1 1.1127506729735626 15.805445069647021 
0 -5 1 0.8346132256555843 18.344712301930105 
0 -6 1 0.8346132256555837 18.344712831610252 
0 -7 0 0.5697170827435774 19.79692044990384 
0 -8 0 0.5697170827434987 19.796614323861224 
0 -9 0 1.9757169620318291 16.999999999670926 
1 -9 0 8.267949192431121 13.0 
0 -10 0 1.9757169620334993 16.999999999534555 
1 -10 0 8.267949192431121 13.000000000000004 
-1 -1 0 3.9999999999999996 4.0 
-1 -2 0 4.0 4.0 
-1 -3 0 1.9829395941127743 14.407971040442256 
-1 -4 0 1.9829395940308034 14.407971040440737 
-1 -5 0 0.8346132264916925 18.12622796218876 
-1 -6 0 0.8346132256563012 18.12622796133728 
-1 -7 0 0.5697170827966691 19.79663312717782 
-1 -8 0 0.5697170830692769 19.79669946819476 
-1 -9 0 1.811728656164128 18.868074054149442 
-1 -10 0 1.8117286561646635 18.86806095439506 
-1 -11 0 2.6447757699577985 15.698676454352938 
0 -11 0 6.267949192431126 11.414213562373096 
-1 -12 0 2.6447757702068855 15.698658781961482 
0 -12 0 6.267949192431121 11.414213562373096 
-2 -1 0 4.0 4.0 
-2 -2 0 4.0 4.0 
-2 -3 0 2.4719767527181746 13.103546852485788 
-2 -4 0 2.471976752300359 13.103546852485625 
-2 -5 0 0.9969888461202464 17.74972556300157 
-2 -6 0 0.9969888461209335 17.749725551808748 
-2 -7 1 0.7426471649768067 19.75164470778043 
-2 -8 1 0.7426471649768001 19.751644421490116 
-2 -9 0 0.5619806910592282 19.641387501414926 
-2 -10 0 0.5619806910535333 19.642972043145065 
-2 -11 0 1.4729076365004057 16.884065566416 
-2 -12 0 1.472907639167041 16.884112414105946 
-2 -13 0 2.462823169311364 13.698676024567694 
-1 -13 0 6.585786437626904 9.414213562373096 
-2 -14 0 2.4628231699875864 13.698673688741994 
-1 -14 0 6.585786437626905 9.414213562373096 
-3 -3 0 4.000000000000002 11.392344345629624 
-3 -4 0 4.000000000000002 11.392344345629626 
-3 -5 0 1.7459228633503008 15.40647943735516 
-3 -6 0 1.7459228633516992 15.406479279911714 
-3 -7 0 0.7426471649770621 18.999999999641325 
-3 -8 0 0.742647164980344 18.999999934035813 
-3 -9 0 0.5619806910538002 19.732000314557023 
-3 -10 0 0.561980691209745 19.731999509081486 
-3 -11 1 0.8759893807669024 18.475223760924834 
-3 -12 1 0.8759893807669032 18.47522470697675 
-3 -13 0 0.9375692958552043 15.403740299893427 
-3 -14 0 0.9375692982321694 15.403720541896126 
-3 -15 0 2.3084876083153527 11.565703068649325 
-2 -15 0 6.0 6.0 
-3 -16 0 2.308487604161065 11.565702974064873 
-2 -16 0 6.0 6.0 
-4 -3 0 4.829913513373965 8.481194304092018 
-4 -4 0 4.829913513373969 8.481194304092018 
-4 -5 0 2.918645484338845 14.30070460018938 
-4 -6 0 2.918645484337076 14.300704754994399 
-4 -7 0 1.5873494254726421 17.723374035127588 
-4 -8 0 1.5873494254726517 17.723374015688158 
-4 -9 0 0.5653438376090909 19.732000215123634 
-4 -10 0 0.5653438370757667 19.732000337235522 
-4 -11 1 0.5851228247482719 19.19898510985159 
-4 -12 1 0.5851228247482706 19.198981974354343 
-4 -13 0 0.19515665302890037 16.571792466449104 
-4 -14 0 0.19515665302962157 16.571792488940133 
-4 -15 0 1.0476238471862167 13.345261986065514 
-4 -16 0 1.0476238464481344 13.345261741492537 
-5 -3 0 5.999999999999999 8.0 
-5 -4 0 6.000000000000001 8.0 
-5 -5 0 4.193756358511721 12.697032072669712 
-5 -6 0 4.193756386770557 12.697032072669774 
-5 -7 0 2.7147733521943818 15.733461243099596 
-5 -8 0 2.71477333342683 15.731685818500008 
-5 -9 0 1.5854538629699062 18.99999996989317 
-5 -10 0 1.5854538629530202 18.999999996923727 
-5 -11 0 0.5851228250825918 19.19898505715826 
-5 -12 0 0.5851228247497147 19.198983958771763 
-5 -13 0 0.19515665302893506 17.990961113939136 
-5 -14 0 0.1951566530289171 17.990971427590225 
-5 -15 1 1.0476238462450083 15.074957764736387 
-5 -16 1 1.0476238462052365 15.074957764721045 
-5 -17 0 0.870507473721063 11.006292563043152 
-4 -17 0 2.1074007974613016 8.83470756672677 
-5 -18 0 0.8705074726070481 11.006292563078928 
-4 -18 0 2.1074007974613007 8.834707566726772 
-6 -5 0 7.267949192431123 10.732050807568879 
-6 -6 0 7.267949192431122 10.732050807568877 
-6 -7 0 5.126869874246811 14.760236890817392 
-6 -8 0 5.126869874247055 14.760236890846222 
-6 -9 0 3.407012404814486 16.999999611768374 
-6 -10 0 3.4070124039090635 16.999999891076104 
-6 -11 0 2.297292589948367 18.115268963649154 
-6 -12 0 2.2972925882318784 18.11574332646145 
-6 -13 0 1.3428698581001925 17.990967750765165 
-6 -14 0 1.3428698580197276 17.985535137223792 
-6 -15 0 1.050649432349272 15.75959181443705 
-6 -16 0 1.0506494323489908 15.759591804397456 
-6 -17 0 0.8705074726071361 12.74804148046598 
-6 -18 0 0.8705074726073636 12.748041480853365 
-6 -19 0 2.0 4.0 
-5 -19 0 1.9999999999999998 4.0 
-6 -20 0 1.9999999999999998 4.0 
-5 -20 0 1.9999999999999996 4.0 
-7 -7 0 9.267949192431121 12.732050807568877 
-7 -8 0 9.267949192431121 12.732050807568875 
-7 -9 0 6.563320307352342 15.999998937541838 
-7 -10 0 6.563320307351792 15.9999999890333 
-7 -11 0 4.691591990448559 17.315749341702354 
-7 -12 0 4.691591990446794 17.315749343556565 
-7 -13 0 3.2956076412055832 17.401940130081865 
-7 -14 0 3.295607641201073 17.401940130851813 
-7 -15 0 2.4121290719085136 15.759591791508015 
-7 -16 0 2.4121290719301256 15.759591756521655 
-7 -17 0 2.0034594134494386 13.106004620624283 
-7 -18 0 2.003459413491145 13.106004620624283 
-7 -19 0 2.0 4.0 
-7 -20 0 2.000000000000001 4.0 
-8 -9 0 14.0 14.0 
-8 -10 0 14.0 14.0 
-8 -11 0 9.339399200154451 15.739505141805132 
-8 -12 0 9.33939920015445 15.739505141805132 
-8 -13 0 7.360507031054012 15.98507622330416 
-8 -14 0 7.360507031054013 15.985076223304155 
-8 -15 0 5.7741997842708495 15.316880560271947 
-8 -16 0 5.774199784270851 15.31688056027195 
-8 -17 0 4.778762992427544 13.106004620624285 
-8 -18 0 4.778762992427545 13.106004620624288 
-8 -19 0 4.0 4.0 
-8 -20 0 4.0 4.0 
