3 5 0 4.999999999999998 8.0 
4 5 0 8.0 8.0 
3 4 0 4.999999999999999 8.0 
4 4 0 8.0 8.0 
3 3 0 4.258510750393973 16.0 
4 3 0 16.0 16.0 
3 2 0 4.258510750393969 16.000000000000004 
4 2 0 16.0 16.0 
2 5 0 2.999999999999998 8.0 
2 4 0 2.999999999999999 8.000000000000002 
2 3 0 2.2663941003793386 15.086466700511759 
2 2 0 2.266394100370971 15.086466687703117 
2 1 0 2.3362634653047816 15.770936555749138 
3 1 0 5.968506362292017 14.880216026763726 
2 0 0 2.3362634653045347 15.770937674604168 
3 0 0 5.96850636229202 14.88021602676373 
1 5 0 1.0000000000000018 8.000000000000002 
1 4 0 0.9999999999999991 8.000000000000002 
1 3 0 0.8246748687640103 13.792022468994405 
1 2 0 0.824674868763764 13.792022469188899 
1 1 0 0.737081756313939 15.77093770520551 
1 0 0 0.7370817563090307 15.770937716913586 
1 -1 0 1.0696260551595609 14.615222923424584 
2 -1 0 3.0652683107739582 12.86702377018331 
1 -2 0 1.0696260550516534 14.615223428978787 
2 -2 0 3.0652683107739587 12.867023770183316 
0 5 0 1.0000000000000013 8.0 
0 4 0 1.0000000000000004 8.0 
0 3 1 0.8246748687634806 12.502430853531218 
0 2 1 0.8246748687634812 12.502430837350884 
0 1 3 0.5480470973839153 15.197397156443023 
0 0 3 0.5480470973839225 15.197397133215937 
0 -1 3 0.4290745901147116 15.349930621581228 
0 -2 3 0.5884883528037084 15.349930144690772 
0 -3 1 0.4419619975898368 12.651460705685938 
1 -3 0 1.5263559839797514 10.845480908331684 
0 -4 1 0.4419619963685382 12.651460949705317 
1 -4 0 1.526355983979588 10.845480908332583 
-1 5 0 3.0 6.999999999999999 
-1 4 0 2.999999999999999 7.0 
-1 3 0 1.5477856001933776 11.314333730919872 
-1 2 0 1.5477855973675767 11.314333735786288 
-1 1 0 0.5480470973913283 14.427617138870552 
-1 0 0 0.5480470973898366 14.427617080077713 
-1 -1 0 0.4290745901511899 15.751756977521094 
-1 -2 0 0.42907459011484594 15.75175683271655 
-1 -3 0 0.4419619960995938 14.116988167489714 
-1 -4 0 0.44196199609962766 14.116988241213424 
-1 -5 0 0.43485616903908153 10.73511172358035 
0 -5 0 0.4348561690378811 8.664551033379762 
-1 -6 0 0.43485616903806934 10.735111734343945 
0 -6 0 0.4348561690378811 8.664551033379764 
-2 3 0 4.1420457485233495 9.795050084200382 
-2 2 0 4.142045748523351 9.795050084200374 
-2 1 0 2.110735605460372 12.999999980929717 
-2 0 0 2.1107356086273543 12.99999991749586 
-2 -1 0 1.1307957326758735 15.751756979496996 
-2 -2 0 1.1307957313214123 15.751756915738294 
-2 -3 0 0.8024648956908141 15.14327444847704 
-2 -4 0 0.8024648956913938 15.143274451555722 
-2 -5 0 0.8538956897069812 12.283144514810193 
-2 -6 0 0.853895690256012 12.283144514480663 
-2 -7 0 0.9999999999999996 5.000000000000001 
-1 -7 0 0.9999999999999994 5.000000000000001 
-2 -8 0 1.0 5.0 
-1 -8 0 1.0 4.999999999999999 
-3 1 0 6.171572875253809 11.828427124746192 
-3 0 0 6.17157287525381 11.828427124746192 
-3 -1 0 3.9678493314084777 14.999999999999998 
-3 -2 0 3.967849331408476 14.999999999999952 
-3 -3 0 2.9016820606914275 15.143274451608937 
-3 -4 0 2.9016820465860342 15.143274451609006 
-3 -5 0 2.2631789351342926 13.724317215168112 
-3 -6 0 2.263178935134308 13.72431721516811 
-3 -7 0 3.0 5.0 
-3 -8 0 3.0 5.0 
-4 -1 0 13.0 13.0 
-4 -2 0 13.0 13.0 
-4 -3 0 7.145898033750315 13.854101966249686 
-4 -4 0 7.145898033750315 13.854101966249683 
-4 -5 0 5.752534332701739 13.724317215168114 
-4 -6 0 5.75253433270174 13.72431721516811 
-4 -7 0 5.0 5.0 
-4 -8 0 5.0 5.0 
