2 4 0 5.0 5.000000000000001 
3 4 0 5.0 5.0 
2 3 0 5.0 5.0 
3 3 0 5.0 5.0 
2 2 0 3.017415838783549 12.701562118716426 
3 2 0 6.298437881283577 12.701562118716424 
2 1 0 3.017415838783544 12.701562118716422 
3 1 0 6.298437881283576 12.701562118716424 
2 0 0 4.216650872593608 14.0 
3 0 0 12.0 12.0 
2 -1 0 4.216650872593607 13.999999999999996 
3 -1 0 12.0 12.0 
1 4 0 5.0 5.0 
1 3 0 5.0 5.0 
1 2 0 0.9833961526658518 11.881982016545637 
1 1 0 0.9833961526658626 11.881982015747514 
1 0 0 1.1006891502465366 13.999999998371212 
1 -1 0 1.1006891518429063 13.999999900353776 
1 -2 0 1.8596236830720991 12.782797137005392 
2 -2 0 6.0 11.0 
1 -3 0 1.859623683071239 12.782797474474528 
2 -3 0 6.000000000000001 11.0 
0 4 0 5.0 5.0 
0 3 0 5.0 5.0 
0 2 0 0.9833961526661766 10.13562507641976 
0 1 0 0.9833961526658517 10.13562510169407 
0 0 1 1.100689150246533 13.557029886734508 
0 -1 1 1.1006891502465332 13.55702989674475 
0 -2 1 0.7508560449348475 13.550044285067068 
0 -3 1 0.7508560449348457 13.550028251517531 
0 -4 0 0.693143251983106 10.744486722061117 
1 -4 0 4.226612588349357 10.0 
0 -5 0 0.6931432519957196 10.744483885765321 
1 -5 0 4.226612588349357 10.0 
-1 4 0 5.0 5.000000000000001 
-1 3 0 5.0 5.000000000000001 
-1 2 0 2.7098026031671973 8.977455573812524 
-1 1 0 2.7098026031671996 8.977455573911179 
-1 0 0 1.407803042008037 12.999999812885171 
-1 -1 0 1.4078030420081495 12.999999917168719 
-1 -2 0 0.5050229437470619 13.54997609391398 
-1 -3 0 0.5050229437470525 13.55005114487359 
-1 -4 0 0.6407252684050468 12.298495492463795 
-1 -5 0 0.6407252684081141 12.298453335445442 
-1 -6 0 0.7896406225400804 9.230541154910588 
0 -6 0 3.0150926827469133 8.552087805619136 
-1 -7 0 0.7896406225442612 9.23054114046327 
0 -7 0 3.0150926827469062 8.552087805619134 
-2 4 0 5.0 5.0 
-2 3 0 5.0 5.0 
-2 2 0 2.9999999999999982 8.362339832857437 
-2 1 0 2.999999999999998 8.362339832857435 
-2 0 0 1.5548700687614103 10.85407680438279 
-2 -1 0 1.5548700714387702 10.854076804723313 
-2 -2 0 0.5050229437473202 12.73650117357251 
-2 -3 0 0.5050229437476534 12.736500825281686 
-2 -4 1 0.6407252684045617 12.29855629235428 
-2 -5 1 0.6407252684045633 12.298677928283462 
-2 -6 1 0.7896406225382127 10.578469210333822 
-2 -7 1 0.7896406225360301 10.578469231647738 
-2 -8 0 0.4685277101781324 6.362846909952842 
-1 -8 0 2.3819660112501047 6.302775637731993 
-2 -9 0 0.46852771017813205 6.362846909952841 
-1 -9 0 2.3819660112501055 6.302775637731995 
-3 2 0 5.999999999999999 8.0 
-3 1 0 6.0 8.0 
-3 0 0 4.029455855113472 9.967272829661896 
-3 -1 0 4.029455855113468 9.967272829661894 
-3 -2 0 2.667100093934357 11.819704948324151 
-3 -3 0 2.667100091375959 11.81970495246259 
-3 -4 0 1.5752831366026376 11.736025038181403 
-3 -5 0 1.5752831366017792 11.736025057853968 
-3 -6 0 0.8799369429490245 10.646949353163642 
-3 -7 0 0.8799369423826765 10.646949331641402 
-3 -8 0 0.4685277101781326 7.039673101516231 
-3 -9 0 0.46852771017813344 7.039673101516232 
-3 -10 0 2.0 2.0 
-2 -10 0 2.0 2.0 
-3 -11 0 2.0 2.0 
-2 -11 0 2.0 2.0 
-4 0 0 9.0 9.0 
-4 -1 0 9.0 9.0 
-4 -2 0 6.07188317598502 10.928116824014978 
-4 -3 0 6.071883175985018 10.928116824014978 
-4 -4 0 4.083963527000402 11.20369266457171 
-4 -5 0 4.083963527000401 11.203692664571708 
-4 -6 0 2.879221655431191 10.646949385336793 
-4 -7 0 2.879221655431189 10.646949385336791 
-4 -8 0 2.194873308247238 7.039673101516234 
-4 -9 0 2.194873308247237 7.039673101516233 
-4 -10 0 2.0 2.0 
-4 -11 0 2.0 2.0 
