1 3 0 1.9999999999999998 4.0 
2 3 0 4.0 4.0 
1 2 0 2.0 4.0 
2 2 0 4.0 4.0 
1 1 0 1.4530484824648846 8.0 
2 1 0 8.0 8.0 
1 0 0 1.4530484824648855 8.0 
2 0 0 8.0 8.0 
0 3 0 1.9999999999999998 4.000000000000001 
0 2 0 2.0 4.0 
0 1 0 0.5258063413896233 7.236067977499789 
0 0 0 0.5258063413896225 7.236067977499792 
0 -1 0 0.43636210766567907 7.506172413772654 
1 -1 0 2.43844718719117 7.000000000000001 
0 -2 0 0.4363621076656788 7.5061724137726555 
1 -2 0 2.4384471871911697 6.999999999999999 
-1 3 0 2.000000000000001 4.0 
-1 2 0 2.0 3.9999999999999996 
-1 1 0 0.5258063413896213 6.586874512018426 
-1 0 0 0.5258063413896233 6.586874512018428 
-1 -1 1 0.4363621076656733 7.506172413772654 
-1 -2 1 0.43636210766567674 7.5061724137726555 
-1 -3 2 0.6570769172228313 5.732050807568879 
0 -3 0 0.6570769172228306 4.999999999999999 
-1 -4 2 0.6570769172228296 5.7320508075688785 
0 -4 0 0.65707691722283 5.0 
-2 1 0 6.0 6.0 
-2 0 0 6.0 6.0 
-2 -1 0 3.5188056959079845 7.170086486626034 
-2 -2 0 3.518805695907984 7.170086486626034 
-2 -3 0 2.2679491924311233 5.732050807568878 
-2 -4 0 2.267949192431123 5.732050807568878 
-2 -5 0 2.0 2.0 
-1 -5 1 2.0 2.0 
-2 -6 0 2.0 2.0 
-1 -6 1 2.0 2.0 
