1 3 0 2.0000000000000004 4.0 
2 3 0 4.0 4.0 
1 2 0 2.0 4.000000000000001 
2 2 0 4.0 4.0 
1 1 0 1.4033332253480792 9.236067977499783 
2 1 0 4.763932022500209 9.23606797749979 
1 0 0 1.4033332253480775 9.236067977499793 
2 0 0 4.763932022500211 9.23606797749979 
1 -1 0 1.9744652006517274 9.752982699205866 
2 -1 0 9.0 9.0 
1 -2 0 1.974465200651729 9.752982699205866 
2 -2 0 9.0 9.0 
0 3 0 1.9999999999999998 4.0 
0 2 0 2.0 4.0 
0 1 0 0.7640785465656634 8.3982226723128 
0 0 0 0.7640785465656201 8.398222672329645 
0 -1 0 0.44492742766830745 9.75298269920172 
0 -2 0 0.444927427668309 9.752982567053653 
0 -3 0 0.6506309793971665 8.565343136498658 
1 -3 0 3.4384471871911715 8.0 
0 -4 0 0.6506309793972885 8.565342979999587 
1 -4 0 3.438447187191171 8.0 
-1 3 0 2.0 3.9999999999999996 
-1 2 0 2.0 4.0 
-1 1 0 0.7640785465655331 7.413402457045838 
-1 0 0 0.7640785465655339 7.413402457045839 
-1 -1 1 0.4449274276683079 9.379466866759865 
-1 -2 1 0.4449274276683061 9.379466867554026 
-1 -3 2 0.650630979397163 9.252463258925102 
-1 -4 2 0.6506309793971616 9.252463085590808 
-1 -5 1 0.9714887799581916 7.566882837590486 
0 -5 0 1.763932022500211 6.236067977499788 
-1 -6 1 0.9714887799581925 7.566882837590487 
0 -6 0 1.7639320225002098 6.23606797749979 
-2 1 0 3.999999999999999 6.0 
-2 0 0 4.000000000000001 6.0 
-2 -1 0 2.2041147198470363 8.720682467311603 
-2 -2 0 2.2041147198470354 8.720682467311605 
-2 -3 0 1.1678061550174978 9.252463267013766 
-2 -4 0 1.167806155017437 9.252463267061412 
-2 -5 0 0.9714887799581919 7.651093408937176 
-2 -6 0 0.9714887799581915 7.651093408937177 
-2 -7 0 1.0000000000000002 3.0 
-1 -7 0 1.0 3.0 
-2 -8 0 1.0 3.0 
-1 -8 0 1.0 3.0 
-3 -1 0 8.0 8.0 
-3 -2 0 8.0 8.0 
-3 -3 0 5.120614758428182 8.532088886237956 
-3 -4 0 5.120614758428184 8.532088886237954 
-3 -5 0 3.6227971460270423 7.651093408937175 
-3 -6 0 3.6227971460270423 7.651093408937176 
-3 -7 0 3.0 3.0 
-3 -8 0 3.0 3.0 
