0 0 1 2.0 2.0 
1 0 0 2.0 2.0 
0 -1 1 2.0000000000000004 2.0000000000000004 
1 -1 0 2.0 2.0 
0 -2 1 1.0555616826065497 11.123105625617661 
1 -2 0 2.8768943743823394 11.123105625617661 
0 -3 1 1.0555616826065508 11.12310562561766 
1 -3 0 2.8768943743823394 11.123105625617661 
0 -4 0 0.3391091983190807 12.000000000000002 
1 -4 0 8.0 8.0 
0 -5 0 0.3391091983190804 12.000000000000002 
1 -5 0 8.0 8.0 
-1 -2 0 1.055561682606549 9.75916703064131 
-1 -3 0 1.0555616826065495 9.759167030641315 
-1 -4 0 0.33910919831908826 11.99999999999897 
-1 -5 0 0.33910919831908737 11.999999999999364 
-1 -6 0 2.315840797461915 10.000000000000002 
0 -6 0 4.0 6.0 
-1 -7 0 2.315840797461912 10.000000000000009 
0 -7 0 4.0 6.0 
-2 -2 0 2.9999999999999982 6.000000000000001 
-2 -3 0 2.999999999999999 6.0 
-2 -4 1 1.2915539577987172 11.999999999783721 
-2 -5 1 1.2915539577987178 11.999999999844837 
-2 -6 0 0.3107306856714262 11.677971959123608 
-2 -7 0 0.31073068567142387 11.677971958996382 
-3 -2 0 2.999999999999999 6.0 
-3 -3 0 3.0000000000000004 6.0 
-3 -4 0 1.4481673638111807 9.729647946479977 
-3 -5 0 1.4481673638120252 9.729647946480735 
-3 -6 0 0.3107306856714334 11.677971951382423 
-3 -7 0 0.31073068567142653 11.676493861018713 
-3 -8 1 0.7604683456862672 9.616127757112253 
-2 -8 0 0.7604683456862698 8.000000000000002 
-3 -9 1 0.7604683456862703 9.61612766577298 
-2 -9 0 0.7604683456862682 7.999999999999997 
-4 -2 0 5.0 5.0 
-4 -3 0 5.0 5.0 
-4 -4 0 2.9517989072845925 9.000000000000004 
-4 -5 0 2.9517989072845916 9.000000000000004 
-4 -6 0 1.5077055631458096 10.531578241059151 
-4 -7 0 1.5077055631458065 10.531578300550084 
-4 -8 0 0.7771453639766672 9.656148050376249 
-4 -9 0 0.7771453639767757 9.656147961646832 
-4 -10 0 0.43614663729026654 6.903889904990949 
-3 -10 0 0.43614663729026487 5.484851177101992 
-4 -11 0 0.43614663729026626 6.9038899049909475 
-3 -11 0 0.4361466372902669 5.484851177101991 
-5 -4 0 7.0 7.0 
-5 -5 0 7.0 7.0 
-5 -6 0 3.9532708422025418 9.315532605754857 
-5 -7 0 3.9532708422025413 9.315532605754855 
-5 -8 0 2.13791753145936 9.656148050376247 
-5 -9 0 2.137917531459357 9.656148050376245 
-5 -10 0 1.1997753982652046 6.903889904990951 
-5 -11 0 1.1997753982652042 6.903889904990951 
-5 -12 0 1.0 1.0 
-4 -12 0 1.0 1.0 
-5 -13 0 1.0 1.0 
-4 -13 0 1.0 1.0 
