4 8 0 5.0 7.000000000000001 
5 8 0 7.0 7.0 
4 7 0 4.999999999999999 7.0 
5 7 0 7.0 7.0 
4 6 0 4.387288199481242 14.561552812761326 
5 6 0 10.43844718719117 14.56155281280883 
4 5 0 4.387288199481233 14.561552812792643 
5 5 0 10.43844718719117 14.56155281280883 
4 4 0 5.529748216898718 17.999999999999957 
5 4 0 16.0 16.0 
4 3 0 5.529748216898724 17.999999999997172 
5 3 0 16.0 16.0 
3 8 0 2.9999999999999987 7.000000000000001 
3 7 0 2.9999999999999982 7.000000000000002 
3 6 0 2.685950551998948 14.09256810925018 
3 5 0 2.6859505517792237 14.092568111622711 
3 4 0 2.432850805851926 17.99999999636178 
3 3 0 2.4328508062071137 17.999999999982023 
3 2 0 3.0526623652131337 16.87177583026365 
4 2 0 10.438447187191173 15.0 
3 1 0 3.052662364774683 16.871775837728293 
4 1 0 10.43844718719117 15.0 
2 8 0 2.9999999999999973 7.0 
2 7 0 2.999999999999997 7.000000000000002 
2 6 0 2.035674317772053 13.838589364688902 
2 5 0 2.0356743260205588 13.83858940399708 
2 4 0 1.4984118338073797 16.757185730871544 
2 3 0 1.4984118276213965 16.757185972131897 
2 2 0 1.2563242582469456 17.587638761770762 
2 1 0 1.2563242582495058 17.587638327030046 
2 0 0 1.9499145809494642 14.82377362508333 
3 0 0 5.706396379622287 13.732050807568877 
2 -1 0 1.9499145811440224 14.822782488621238 
3 -1 0 5.706396379622292 13.732050807568879 
1 8 0 3.0000000000000004 7.0 
1 7 0 2.999999999999999 7.0 
1 6 0 0.9838690653422443 12.478346595523576 
1 5 0 0.9838690653417881 12.47834642546625 
1 4 0 0.6010051849789134 15.835641732811501 
1 3 0 0.6010051856240575 15.835641737286437 
1 2 0 0.46240120648028404 17.58763845658347 
1 1 0 0.46240120651503236 17.58763870151175 
1 0 0 0.3998213291552408 16.35603715043951 
1 -1 0 0.39982132916829194 16.35603707611382 
1 -2 0 0.6269514719640074 13.325790895890114 
2 -2 0 4.267949192431123 12.293603620377704 
1 -3 0 0.6269514719634866 13.325790816626714 
2 -3 0 4.267949192431122 12.293603620377706 
0 8 0 3.0 7.000000000000001 
0 7 0 3.0 6.999999999999999 
0 6 0 0.9838690687149734 11.309073881510496 
0 5 0 0.9838690653417758 11.309073880638035 
0 4 1 0.6010051879025375 14.470330853348424 
0 3 1 0.6010051850086042 14.470336904854978 
0 2 4 0.8013394106447602 17.286971204775178 
0 1 4 0.8013394106426772 17.286971193128128 
0 0 6 0.9051620921830986 17.186747104704512 
0 -1 6 0.9051620921830996 17.186748157098126 
0 -2 4 0.9964085633521539 14.349984325556827 
0 -3 4 0.9964085633521602 14.349985370758253 
0 -4 1 1.0152409264241455 10.711479943995972 
1 -4 0 3.0000000000000013 9.56155281280883 
0 -5 1 1.0152409264241433 10.711479966067515 
1 -5 0 3.0000000000000013 9.561552812808829 
-1 6 0 4.000000000000001 9.999999999999996 
-1 5 0 4.000000000000001 10.0 
-1 4 0 2.4047382069278127 13.307961413264467 
-1 3 0 2.4047382070669348 13.307961396243703 
-1 2 0 1.3903411932999055 16.422880228336673 
-1 1 0 1.390341193221816 16.422880236180212 
-1 0 0 0.8479995476936368 17.75870320375444 
-1 -1 0 0.8479995475434133 17.758703207771404 
-1 -2 0 0.8622053827066554 15.179875749008113 
-1 -3 0 0.8622053832015847 15.17987575037722 
-1 -4 0 1.0152409264242084 12.207378466320225 
-1 -5 0 1.0152409264257063 12.207378463703055 
-1 -6 0 2.0 6.0 
0 -6 0 2.0 5.999999999999998 
-1 -7 0 1.9999999999999991 6.000000000000001 
0 -7 0 1.9999999999999998 6.0 
-2 4 0 7.000000000000002 12.000000000000002 
-2 3 0 7.000000000000002 12.000000000000002 
-2 2 0 3.1262549450405728 14.999999067354954 
-2 1 0 3.126254945041506 14.999999994130244 
-2 0 0 2.298446295880071 17.75870320423279 
-2 -1 0 2.2984462946443203 17.758703199829004 
-2 -2 0 2.0139110036364234 15.802065014032268 
-2 -3 0 2.0139110036176007 15.802065073139236 
-2 -4 0 1.9815307601020595 12.678425848614424 
-2 -5 0 1.98153076341566 12.678425848614381 
-2 -6 0 1.9999999999999998 6.0 
-2 -7 0 2.0000000000000004 6.000000000000001 
-3 2 0 10.999999999999998 13.999999999999998 
-3 1 0 10.999999999999998 14.0 
-3 0 0 6.766547044815467 16.999999999997097 
-3 -1 0 6.766547044815393 17.0 
-3 -2 0 4.40802144825712 15.802064978497766 
-3 -3 0 4.408021451204427 15.802064995247093 
-3 -4 0 3.908887197401085 12.732050793819583 
-3 -5 0 3.9088872022448724 12.73205080244826 
-3 -6 0 3.999999999999999 6.0 
-3 -7 0 3.999999999999999 6.0 
-4 0 0 15.0 15.0 
-4 -1 0 15.0 15.0 
-4 -2 0 10.76393202250021 15.236067977499788 
-4 -3 0 10.763932022500208 15.23606797749979 
-4 -4 0 8.000000000000002 12.732050807568877 
-4 -5 0 7.999999999999999 12.732050807568875 
-4 -6 0 6.0 6.0 
-4 -7 0 6.0 6.0 
