0 2 0 1.0 1.0 
1 2 0 1.0 1.0 
0 1 0 1.0 1.0 
1 1 0 1.0 1.0 
0 0 1 1.1365535045785422 8.177549745109792 
1 0 0 1.136553504578542 8.177549745109792 
0 -1 1 1.136553504578543 8.177549745109793 
1 -1 0 1.1365535045785424 8.17754974510979 
0 -2 1 0.7198668097756454 10.440539377302157 
1 -2 0 1.9888312829754218 9.869850403788519 
0 -3 1 0.7198668097756445 10.440539377247799 
1 -3 0 1.9888312829754216 9.869850403788522 
0 -4 0 0.4978648355590909 11.12373859464918 
1 -4 0 3.6388224121816934 10.270200041151993 
0 -5 0 0.49786483555909 11.123738593727825 
1 -5 0 3.638822412181693 10.270200041151995 
0 -6 0 1.6364714590155416 10.000000000000002 
1 -6 0 7.0 7.0 
0 -7 0 1.6364714590155418 10.0 
1 -7 0 7.0 7.0 
-1 0 0 1.8377223398316207 8.162277660168378 
-1 -1 0 1.8377223398316216 8.162277660168382 
-1 -2 0 0.7198668097756463 10.440539377311497 
-1 -3 0 0.7198668097756469 10.440539377312476 
-1 -4 0 0.49786483555909344 11.747215046806895 
-1 -5 0 0.49786483555909294 11.74721501926912 
-1 -6 0 1.563888746540032 10.76024994631461 
-1 -7 0 1.5638887473360406 10.760249946321453 
-1 -8 0 4.999999999999999 8.0 
0 -8 0 5.0 5.0 
-1 -9 0 5.0 8.0 
0 -9 0 5.0 5.0 
-2 0 0 4.0 4.0 
-2 -1 0 3.9999999999999996 4.0 
-2 -2 0 0.992513906548114 9.999999999999872 
-2 -3 0 0.9925139065481128 9.99999999999999 
-2 -4 1 1.367589047816909 11.747214988553019 
-2 -5 1 1.3675890477436756 11.747215046023662 
-2 -6 0 0.39074157234652607 11.473222260167848 
-2 -7 0 0.39074157234575174 11.4732224911853 
-2 -8 0 1.1527976052110656 9.516185569180033 
-2 -9 0 1.1527976049835251 9.51618582935509 
-3 0 0 4.0 4.0 
-3 -1 0 4.0 4.0 
-3 -2 0 2.6230836257338734 8.00718450396046 
-3 -3 0 2.6230836257338757 8.00718450396046 
-3 -4 0 1.3675890477437078 10.999999998608297 
-3 -5 0 1.3675890477436863 10.999999998626459 
-3 -6 0 0.3907415723460044 11.473222491201936 
-3 -7 0 0.3907415723500084 11.473222425693155 
-3 -8 1 1.1527976049813855 10.192339617762512 
-3 -9 1 1.1527976049813842 10.19233961775623 
-3 -10 0 0.9212916060834905 7.170980036304704 
-2 -10 0 2.9999999999999996 6.0 
-3 -11 0 0.9212916060834927 7.170980036304707 
-2 -11 0 3.0 5.999999999999999 
-4 -2 0 6.0 6.0 
-4 -3 0 6.0 6.0 
-4 -4 0 3.6596614164332832 9.139998174692256 
-4 -5 0 3.659661416433284 9.139998174692256 
-4 -6 0 2.2073416771125207 10.476527697164464 
-4 -7 0 2.2073416762546905 10.476527300627577 
-4 -8 0 1.3053338831800243 10.192339588682382 
-4 -9 0 1.305333883180024 10.192339540172338 
-4 -10 0 0.9212916060834893 7.350172959284713 
-4 -11 0 0.9212916060834953 7.350172959284711 
-4 -12 0 2.0 2.0 
-3 -12 0 2.0 2.0 
-4 -13 0 2.0 1.9999999999999998 
-3 -13 0 2.0 2.0 
-5 -4 0 8.0 8.0 
-5 -5 0 8.0 8.0 
-5 -6 0 5.736922589686757 9.596154676008636 
-5 -7 0 5.736922589686757 9.596154676008634 
-5 -8 0 3.886307805612061 9.568802225696743 
-5 -9 0 3.8863078056120592 9.568802225696743 
-5 -10 0 2.6173367394630898 7.350172959284711 
-5 -11 0 2.6173367394630898 7.350172959284713 
-5 -12 0 2.0 2.0 
-5 -13 0 2.0 2.0 
