1 1 0 1.0 1.0 
2 1 0 1.0 1.0 
1 0 0 1.0 1.0 
2 0 0 1.0 1.0 
1 -1 0 1.1651525029414445 13.39408942418536 
2 -1 0 1.165152502941446 13.394089424185353 
1 -2 0 1.1651525029414462 13.394089424185353 
2 -2 0 1.1651525029414456 13.394089424185356 
1 -3 0 1.1356908336256972 17.078263732669594 
2 -3 0 1.707090133600626 16.027460780441565 
1 -4 0 1.1356908342962881 17.078263712577698 
2 -4 0 1.707090133600626 16.027460780441572 
1 -5 0 1.8071962306352543 17.859277235076135 
2 -5 0 2.8188846999200825 16.619121641594177 
1 -6 0 1.8071962299397322 17.859277187421593 
2 -6 0 2.8188846999200847 16.619121641594166 
1 -7 0 2.759769091192143 17.792486423794205 
2 -7 0 5.015211058754008 16.018086547495734 
1 -8 0 2.759769091201411 17.792486426378154 
2 -8 0 5.015211058754007 16.018086547495738 
1 -9 0 4.731988927426403 16.000000000000007 
2 -9 0 11.0 11.0 
1 -10 0 4.731988927426402 16.000000000000004 
2 -10 0 11.0 11.0 
0 -1 1 1.2692803476455479 10.782661934619771 
0 -2 1 1.2692803476455539 10.782661934619778 
0 -3 1 0.47324419099257375 17.078263449984558 
0 -4 1 0.47324419099257187 17.07826367390576 
0 -5 0 0.13376718199812326 18.701768526285157 
0 -6 0 0.133767182012209 18.701768527226466 
0 -7 0 0.9090973291687401 18.805593118390284 
0 -8 0 0.9090973279645064 18.80559321772071 
0 -9 0 2.0808754654685226 17.99999999987011 
0 -10 0 2.080875466566744 17.999999999863274 
0 -11 0 6.208712152522079 14.000000000000005 
1 -11 0 9.0 9.0 
0 -12 0 6.2087121525220805 14.000000000000005 
1 -12 0 9.0 9.0 
-1 -1 0 3.999999999999999 6.000000000000001 
-1 -2 0 3.9999999999999996 6.000000000000001 
-1 -3 0 0.4732441910785062 14.562140194751088 
-1 -4 0 0.4732441909925722 14.562139898706148 
-1 -5 0 0.13376718200560964 18.701768000849228 
-1 -6 0 0.13376718201393725 18.701768524057663 
-1 -7 0 0.4441646355541889 19.722100967220932 
-1 -8 0 0.4441646355538845 19.722100138787273 
-1 -9 0 1.0740272979731191 18.805850510240635 
-1 -10 0 1.0740272979741636 18.80632026936418 
-1 -11 0 2.0859847731965173 15.999999906396232 
-1 -12 0 2.0859847712387984 15.999999912215989 
-2 -1 0 3.999999999999999 6.0 
-2 -2 0 3.9999999999999996 6.0 
-2 -3 0 1.780816098161004 13.314566543600563 
-2 -4 0 1.7808160981652705 13.314566545618552 
-2 -5 1 0.6139916946445617 17.49812569907248 
-2 -6 1 0.613991694644563 17.544404750850735 
-2 -7 0 0.11990278524347119 19.72210096038187 
-2 -8 0 0.11990278525704069 19.722100971001876 
-2 -9 0 0.3271505251740962 19.539036572174062 
-2 -10 0 0.3271505251762385 19.539171668055705 
-2 -11 0 0.9730346195812225 17.725665423753277 
-2 -12 0 0.9730346195947731 17.726971098730115 
-2 -13 0 2.035693154460583 14.525646204034311 
-1 -13 0 4.385296702773002 12.520077955470299 
-2 -14 0 2.035693154458125 14.525646203974645 
-1 -14 0 4.385296702772992 12.5200779554703 
-3 -1 0 4.000000000000001 6.0 
-3 -2 0 3.9999999999999996 6.0 
-3 -3 0 2.1044900417207875 12.487356767978703 
-3 -4 0 2.1044900417092194 12.487356768767354 
-3 -5 0 0.7694338113220276 15.549860195491803 
-3 -6 0 0.7694338113226203 15.549860246663966 
-3 -7 0 0.11990278525297862 18.999999993034752 
-3 -8 0 0.11990278524866815 18.99999995435332 
-3 -9 1 0.32715052517346316 19.999999618141924 
-3 -10 1 0.32715052517346516 19.999998881090505 
-3 -11 0 0.18281521068072612 18.527189625263556 
-3 -12 0 0.1828152106914984 18.527048404729854 
-3 -13 0 0.7847081878345552 15.737612968144344 
-3 -14 0 0.7847081878649068 15.737612913179065 
-3 -15 0 1.8397261726450038 12.011610063902086 
-2 -15 0 4.18639349735167 9.891070477783487 
-3 -16 0 1.839726171448824 12.011610021719141 
-2 -16 0 4.186393497351669 9.891070477783485 
-4 -3 0 4.469503464548011 11.114591559415844 
-4 -4 0 4.4695034645480085 11.114591559415842 
-4 -5 0 2.4782130358055197 14.582354640620773 
-4 -6 0 2.478213035810349 14.582355286199528 
-4 -7 0 1.0764668325243891 16.855924293422607 
-4 -8 0 1.076466832567019 16.855924364875804 
-4 -9 0 0.37236830702596607 19.999999851497318 
-4 -10 0 0.37236830702496115 19.999999952865355 
-4 -11 0 0.18281521068016934 19.262366912473336 
-4 -12 0 0.1828152106985022 19.26236692471786 
-4 -13 0 0.5364846294973213 16.579253596677095 
-4 -14 0 0.5364846293679378 16.579253416542272 
-4 -15 0 1.492628161619524 13.928259949951208 
-4 -16 0 1.4926281491503157 13.928259371744655 
-4 -17 0 2.6039088956118785 8.692392826118995 
-3 -17 0 3.9999999999999996 6.0 
-4 -18 0 2.60390889561188 8.692392826118995 
-3 -18 0 4.0 6.0 
-5 -3 0 7.0 7.0 
-5 -4 0 7.0 7.0 
-5 -5 0 4.5833552236468895 13.585847777931788 
-5 -6 0 4.5833552238581445 13.58584759850066 
-5 -7 0 2.7756288279277586 15.883694934203602 
-5 -8 0 2.775628827939957 15.883693129438381 
-5 -9 0 1.3905884544142302 17.85580293576148 
-5 -10 0 1.3905884540084492 17.85580431870258 
-5 -11 0 0.5689062599091356 19.262366912720335 
-5 -12 0 0.5689062599148988 19.262366748947112 
-5 -13 0 0.536484629726033 17.33480825221553 
-5 -14 0 0.5364846294324968 17.33480819585373 
-5 -15 0 0.7853395857672592 14.575844304876215 
-5 -16 0 0.7853395857220896 14.575844651965294 
-5 -17 0 1.7181731607526407 10.74530924486835 
-5 -18 0 1.7181731579023525 10.745309244868347 
-6 -5 0 8.0 10.0 
-6 -6 0 7.999999999999998 9.999999999999998 
-6 -7 0 4.878093651132721 14.999999999999629 
-6 -8 0 4.878093650483675 14.999999348651665 
-6 -9 0 3.189535045332177 16.88341523297616 
-6 -10 0 3.18953504534993 16.883415644228272 
-6 -11 0 1.9181845741959234 18.32875897318867 
-6 -12 0 1.9181845741960302 18.330935258252158 
-6 -13 0 1.2553539951328485 17.360217345572455 
-6 -14 0 1.2553539942959868 17.360202058583383 
-6 -15 0 0.7853395856545936 15.010527917429892 
-6 -16 0 0.7853395856669493 15.010528146770602 
-6 -17 0 1.7181731579213497 11.345304662037503 
-6 -18 0 1.7181731578996509 11.345304662033218 
-6 -19 0 2.9999999999999996 3.0000000000000004 
-5 -19 0 3.0 3.0 
-6 -20 0 3.0 3.0000000000000004 
-5 -20 0 3.0 3.0 
-7 -7 0 10.0 11.999999999999998 
-7 -8 0 9.999999999999996 11.999999999999998 
-7 -9 0 6.034025460622425 15.999999999999998 
-7 -10 0 6.034025460622425 15.999999999999996 
-7 -11 0 4.300467302257543 17.552938188004443 
-7 -12 0 4.300467302257745 17.5553206463624 
-7 -13 0 3.00862332967851 17.36021817630027 
-7 -14 0 3.008623321097133 17.360218049662436 
-7 -15 0 2.2338974288822797 15.025775756804139 
-7 -16 0 2.233897428882284 15.02577575684122 
-7 -17 0 1.7482825564601472 11.697608472767165 
-7 -18 0 1.7482825564601516 11.697608472767168 
-7 -19 0 3.0 3.0 
-7 -20 0 3.0 3.0 
-8 -9 0 13.0 13.0 
-8 -10 0 13.0 13.0 
-8 -11 0 8.248039680663586 15.263920102443263 
-8 -12 0 8.248039680663586 15.263920102443262 
-8 -13 0 6.265681430560166 16.270596240639094 
-8 -14 0 6.265681430560162 16.2705962406391 
-8 -15 0 4.697255889825868 15.025775758010722 
-8 -16 0 4.697255889825868 15.025775758010727 
-8 -17 0 3.5201300539166724 11.697608472767167 
-8 -18 0 3.520130053916672 11.697608472767167 
-8 -19 0 3.0 3.0 
-8 -20 0 3.0 3.0 
