2 6 0 3.0 3.0 
3 6 0 3.0 3.0 
2 5 0 3.0 3.0 
3 5 0 3.0 3.0 
2 4 0 1.6908859171658246 9.192582403567247 
3 4 0 3.8074175964327486 9.192582403567252 
2 3 0 1.6908859171658253 9.19258240356725 
3 3 0 3.807417596432748 9.192582403567252 
2 2 0 2.264862254015043 11.107958811786283 
3 2 0 5.471082042705639 10.361468766185826 
2 1 0 2.2648622540041665 11.10795888824375 
3 1 0 5.471082042705637 10.361468766185826 
2 0 0 3.4084800245859905 11.0 
3 0 0 9.0 9.0 
2 -1 0 3.408480024585991 11.000000000000007 
3 -1 0 9.0 9.0 
1 6 0 3.0 3.0 
1 5 0 3.0 3.0 
1 4 0 0.9975019610833239 9.1576022105419 
1 3 0 0.9975019610833271 9.1576022105419 
1 2 0 0.7138948171438959 11.10795887681885 
1 1 0 0.7138948171439007 11.107958886281082 
1 0 0 1.0053879693131145 11.67382064021314 
1 -1 0 1.0053879693132821 11.673820640216249 
1 -2 0 2.47835204198191 9.0 
2 -2 0 6.000000000000001 8.0 
1 -3 0 2.478352042007554 8.999999999999996 
2 -3 0 6.0 8.0 
0 6 0 3.0 3.0 
0 5 0 3.0 3.0 
0 4 0 0.9975019610833247 7.228752301876798 
0 3 0 0.9975019610833245 7.2287523018767965 
0 2 1 0.7138948171438971 10.457228580717974 
0 1 1 0.7138948171438955 10.45722858045082 
0 0 2 0.7390784010139024 11.707284293437867 
0 -1 2 0.7390784010139037 11.707284361241602 
0 -2 1 0.49122623632227613 10.3858140932458 
0 -3 1 0.4912262363222736 10.385814095125424 
0 -4 0 0.9522242008679284 7.059863324403356 
1 -4 0 4.0 6.0 
0 -5 0 0.9522242008679271 7.059863324403356 
1 -5 0 4.000000000000001 6.0 
-1 4 0 3.585786437626904 6.414213562373096 
-1 3 0 3.5857864376269046 6.414213562373096 
-1 2 0 1.8664598607115046 9.697640326008873 
-1 1 0 1.8664598607096998 9.697640325973975 
-1 0 0 0.739078401013905 11.707284361266911 
-1 -1 0 0.7390784010139038 11.707284066483922 
-1 -2 0 0.4912262363222754 11.275762207775061 
-1 -3 0 0.4912262363222914 11.27576220897876 
-1 -4 0 0.9522242008679284 8.42339547415993 
-1 -5 0 0.9522242008679275 8.423395474159934 
-1 -6 0 3.0 3.0 
0 -6 0 3.0 3.0 
-1 -7 0 2.9999999999999996 3.0 
0 -7 0 3.0 3.0 
-2 2 0 5.0 8.0 
-2 1 0 4.999999999999999 8.0 
-2 0 0 3.1076473056977036 10.999999999999998 
-2 -1 0 3.1076473056977054 10.999999999999996 
-2 -2 0 1.8604283728593098 11.275762209102467 
-2 -3 0 1.8604283728588167 11.275762173336386 
-2 -4 0 1.2842282961457487 9.9719607683971 
-2 -5 0 1.2842282961457507 9.971960768397102 
-2 -6 0 3.0 3.0 
-2 -7 0 3.0 3.0 
-3 0 0 9.0 9.0 
-3 -1 0 9.0 9.0 
-3 -2 0 4.807417596432749 10.19258240356725 
-3 -3 0 4.807417596432748 10.192582403567252 
-3 -4 0 3.604573965274113 9.971960768397096 
-3 -5 0 3.604573965274113 9.9719607683971 
-3 -6 0 3.0 3.0 
-3 -7 0 3.0 3.0 
