2 8 0 1.0 1.0 
3 8 0 1.0 1.0 
2 7 0 1.0 1.0 
3 7 0 1.0 1.0 
2 6 1 1.1818850716164642 6.699315195763724 
3 6 0 1.1818850716164642 6.699315195763723 
2 5 1 1.181885071616464 6.699315195763725 
3 5 0 1.1818850716164648 6.699315195763726 
2 4 1 0.7615573908134355 10.484595710867325 
3 4 0 1.9037749767958154 10.484595711041713 
2 3 1 0.7615573908134361 10.484595710989167 
3 3 0 1.903774976795816 10.484595711041711 
2 2 0 0.531451017304019 11.100431980448606 
3 2 0 4.033552010856628 9.332749067257257 
2 1 0 0.5314510173040204 11.100431985634161 
3 1 0 4.033552010856629 9.332749067257254 
2 0 0 2.461936204519934 9.000000000000002 
3 0 0 7.0 7.0 
2 -1 0 2.4619362045199344 9.000000000000004 
3 -1 0 7.0 7.0 
1 6 0 1.7639320225002102 6.23606797749979 
1 5 0 1.76393202250021 6.236067977499789 
1 4 0 0.7339910963454913 10.448654913637816 
1 3 0 0.7339910963454898 10.448654882811875 
1 2 0 0.5314510173040373 11.749968357451312 
1 1 0 0.5314510173040655 11.749968359568298 
1 0 0 1.8786831729147335 10.999999999118508 
1 -1 0 1.8786831729147337 10.999999975939303 
1 -2 0 4.267949192431123 7.732050807568878 
2 -2 0 5.0 5.0 
1 -3 0 4.267949192431124 7.732050807568877 
2 -3 0 5.0 5.0 
0 6 0 3.0 3.0 
0 5 0 3.0 3.0 
0 4 0 0.7339910963454643 9.82842712474619 
0 3 0 0.7339910963454616 9.828427124746186 
0 2 2 1.2089759793111383 11.749968359564216 
0 1 2 1.2089759793111423 11.749968359166031 
0 0 2 1.0451666496016188 11.74338601787663 
0 -1 2 1.0451666496016145 11.743386013293478 
0 -2 0 0.6644681697523014 9.732050807568879 
0 -3 0 0.6644681697522986 9.732050807568875 
-1 4 0 4.2679491924311215 7.7320508075688785 
-1 3 0 4.267949192431122 7.732050807568877 
-1 2 0 1.7791331924915705 10.999999907134141 
-1 1 0 1.7791331924915714 10.999999942629128 
-1 0 0 0.7090934640737666 11.743386016707868 
-1 -1 0 0.7090934638104127 11.743386018104205 
-1 -2 0 0.6644681697522994 10.503653363962583 
-1 -3 0 0.6644681697523535 10.503653370457242 
-1 -4 0 2.2679491924311233 5.732050807568877 
0 -4 0 3.0 3.0 
-1 -5 0 2.267949192431123 5.732050807568878 
0 -5 0 3.0 3.0 
-2 4 0 5.0 5.0 
-2 3 0 5.0 5.0 
-2 2 0 2.6089202253306403 9.0 
-2 1 0 2.608920225330639 9.000000000000002 
-2 0 0 0.7090934638063973 10.853077355939291 
-2 -1 0 0.7090934638064531 10.853077379646592 
-2 -2 1 0.9761228543520817 10.50365338287622 
-2 -3 1 0.9761228543520827 10.503653382825517 
-2 -4 1 1.1995585999738105 7.892185878863223 
-2 -5 1 1.1995585999738112 7.892185878863223 
-3 2 0 7.0 7.0 
-3 1 0 7.0 7.0 
-3 0 0 3.563989285995844 9.501769848903919 
-3 -1 0 3.5639892859958433 9.50176984890392 
-3 -2 0 1.927421204440655 9.776340296780086 
-3 -3 0 1.9274212044406547 9.776340296780086 
-3 -4 0 1.1995585999738099 7.892185878863223 
-3 -5 0 1.1995585999738083 7.892185878863221 
-3 -6 0 1.0 1.0 
-2 -6 0 1.0 1.0 
-3 -7 0 1.0 1.0 
-2 -7 0 1.0 1.0 
