1 -1 0 2.771671784053366 7.000000000000001 
2 -1 0 7.0 7.0 
1 -2 0 2.771671784053364 7.000000000000001 
2 -2 0 7.0 7.0 
1 -3 0 2.9594761649601184 18.109772228605717 
2 -3 0 8.890227771353555 18.10977222864644 
1 -4 0 2.9594761649599617 18.109772228642303 
2 -4 0 8.890227771353555 18.10977222864644 
1 -5 0 4.159689358138671 20.000000000000004 
2 -5 0 17.0 17.0 
1 -6 0 4.159689358138672 20.0 
2 -6 0 17.0 17.0 
0 -1 1 1.7856802566224634 6.7746228995044895 
0 -2 1 1.785680256622466 6.77462289950449 
0 -3 1 0.8365994367264282 16.600865449078302 
0 -4 1 0.8365994367264284 16.600865439293194 
0 -5 0 0.45559279889863724 19.99999999704437 
0 -6 0 0.4555927989600937 19.999999995977294 
0 -7 0 1.6332969272620297 17.99999999935769 
1 -7 0 7.212445498746508 15.0 
0 -8 0 1.63329692668108 17.999999999714465 
1 -8 0 7.212445498746507 15.000000000000002 
-1 -1 0 1.7856802566224654 6.0 
-1 -2 0 1.7856802566224659 6.000000000000002 
-1 -3 0 0.8365994367325772 15.079095025685586 
-1 -4 0 0.836599436733953 15.079094961396075 
-1 -5 0 0.45559279889957766 19.16645705941556 
-1 -6 0 0.455592798898812 19.1664571563769 
-1 -7 0 1.1699954020080612 19.94029460015321 
-1 -8 0 1.1699954009691784 19.940104744957956 
-1 -9 0 2.1312585377733577 16.755946826042084 
0 -9 0 4.849622810302198 13.58095115915295 
-1 -10 0 2.1312585381004863 16.755923808197807 
0 -10 0 4.8496228103022005 13.580951159152951 
-2 -1 0 2.585786437626905 5.414213562373096 
-2 -2 0 2.5857864376269055 5.414213562373095 
-2 -3 0 0.9207529558354257 13.50728554847481 
-2 -4 0 0.9207529558354255 13.507285554872375 
-2 -5 2 1.1216555307020137 17.627797526388925 
-2 -6 2 1.1216555307020222 17.627796596922554 
-2 -7 1 0.20875827941868308 19.999999811715615 
-2 -8 1 0.2087582794186813 19.999998896930677 
-2 -9 0 0.4452901914123582 17.929138979254038 
-2 -10 0 0.445290191412273 17.929139236193816 
-2 -11 0 1.571197420794016 14.76224080338801 
-1 -11 0 5.082435085934394 11.370025093740212 
-2 -12 0 1.57119742089476 14.762240837494282 
-1 -12 0 5.082435085934393 11.370025093740212 
-3 -3 0 3.000000000000002 11.701562118716428 
-3 -4 0 2.9999999999999982 11.701562118716424 
-3 -5 0 1.4140443323782186 15.954140881760484 
-3 -6 0 1.4140443324116236 15.954140274053165 
-3 -7 0 0.20875827941873457 19.999999648693322 
-3 -8 0 0.20875827946050332 19.999999862815546 
-3 -9 1 0.44529019141103704 19.694836295392808 
-3 -10 1 0.445290191411028 19.694836158961717 
-3 -11 0 0.5053128988919788 16.562301340950636 
-3 -12 0 0.5053128988920439 16.562301195479456 
-3 -13 0 1.8049737300901083 12.6419036638225 
-2 -13 0 4.585786437626906 7.414213562373096 
-3 -14 0 1.8049737300900621 12.641903663779836 
-2 -14 0 4.585786437626906 7.414213562373096 
-4 -3 0 4.785680256622466 9.0 
-4 -4 0 4.785680256622464 9.000000000000004 
-4 -5 0 2.358645396373367 14.472386341647034 
-4 -6 0 2.3586453963724714 14.472385759603997 
-4 -7 0 0.8174808741984799 17.904698636952794 
-4 -8 0 0.8174808743196803 17.90469754081633 
-4 -9 1 0.9854767050036743 19.999999905831775 
-4 -10 1 0.9854767052227822 19.999999757474598 
-4 -11 0 0.1776093099664805 17.623397670843847 
-4 -12 0 0.17760930997103647 17.623398184513153 
-4 -13 0 0.6818563790335501 14.403050999563348 
-4 -14 0 0.6818563790353291 14.403050998139872 
-5 -3 0 5.585786437626905 8.414213562373096 
-5 -4 0 5.585786437626906 8.414213562373096 
-5 -5 0 3.7778553374597075 12.925286339542165 
-5 -6 0 3.777855337459717 12.925286339747329 
-5 -7 0 2.3104677080486016 16.999999999802625 
-5 -8 0 2.3104677054019467 16.9999991167336 
-5 -9 0 1.2324945164508914 19.999999990704875 
-5 -10 0 1.2318173590677897 19.999999994672365 
-5 -11 0 0.17760930996671012 18.847753451440624 
-5 -12 0 0.17760930996704022 18.847753451156816 
-5 -13 1 0.6818563790326261 15.962240143068048 
-5 -14 1 0.6818563790326279 15.962240592667634 
-5 -15 0 0.46915919929405175 12.095536192396601 
-4 -15 0 1.8165255364761739 10.331876922788393 
-5 -16 0 0.46915919931645156 12.095536208219182 
-4 -16 0 1.8165255364761779 10.331876922788386 
-6 -5 0 6.438447187191169 11.000000000000002 
-6 -6 0 6.438447187191168 10.999999999999998 
-6 -7 0 4.539372258972326 14.850807354855759 
-6 -8 0 4.539372236763513 14.850807354772627 
-6 -9 0 3.014485123274247 17.99999912611198 
-6 -10 0 3.0144851265442125 17.999999688745298 
-6 -11 0 1.9596819219486314 18.84775319814711 
-6 -12 0 1.9596819219210355 18.847752897901493 
-6 -13 0 1.0615468166549025 16.64076206377849 
-6 -14 0 1.0615468168673914 16.640761990391578 
-6 -15 0 0.4691591992940667 13.633303610170865 
-6 -16 0 0.4691591992940549 13.633303609729111 
-6 -17 0 1.5857864376269046 5.0 
-5 -17 0 1.5857864376269044 4.414213562373095 
-6 -18 0 1.5857864376269046 5.0 
-5 -18 0 1.5857864376269053 4.414213562373095 
-7 -7 0 8.438447187191171 13.0 
-7 -8 0 8.43844718719117 13.0 
-7 -9 0 5.7815902488920825 16.999999998810214 
-7 -10 0 5.781590248889263 16.99999999504871 
-7 -11 0 4.247117862948172 18.251064626088883 
-7 -12 0 4.247117862948209 18.251064626141492 
-7 -13 0 3.2208376546965685 16.6407620954051 
-7 -14 0 3.2208376546654245 16.64076208998973 
-7 -15 0 2.335113475141656 14.000000000000002 
-7 -16 0 2.335113476894224 14.000000000000004 
-7 -17 0 1.5857864376269049 5.0 
-7 -18 0 1.585786437626905 5.000000000000001 
-8 -9 0 15.0 15.0 
-8 -10 0 15.0 15.0 
-8 -11 0 9.741214326909267 16.51055756549973 
-8 -12 0 9.741214326909265 16.51055756549972 
-8 -13 0 7.66706455347509 16.18216040938726 
-8 -14 0 7.667064553475091 16.182160409387265 
-8 -15 0 6.000000000000001 14.0 
-8 -16 0 5.999999999999999 13.999999999999998 
-8 -17 0 5.0 5.0 
-8 -18 0 5.0 5.0 
