4 8 0 3.999999999999999 7.0 
5 8 0 7.0 7.0 
4 7 0 3.9999999999999996 7.0 
5 7 0 7.0 7.0 
4 6 0 3.747702298310883 18.1097722286463 
5 6 0 8.890227771353555 18.10977222864644 
4 5 0 3.7477022983134027 18.109772228646406 
5 5 0 8.890227771353555 18.10977222864644 
4 4 0 5.032561735512371 20.000000000000004 
5 4 0 17.0 17.0 
4 3 0 5.032561735512374 19.999999999999993 
5 3 0 17.0 17.0 
3 8 0 0.9999999999999999 7.000000000000002 
3 7 0 1.0000000000000007 7.0 
3 6 0 1.2535943623577193 17.28141089501191 
3 5 0 1.2535943613077727 17.281410895172325 
3 4 0 1.8385060348520281 19.999999995501682 
3 3 0 1.8385060281141556 19.999999994790155 
3 2 0 2.55565350768932 18.881377468369017 
4 2 0 7.799393121726511 15.852346996636964 
3 1 0 2.555653507688789 18.881377040476323 
4 1 0 7.79939312172651 15.852346996636971 
2 8 0 1.0 6.999999999999995 
2 7 0 1.000000000000002 6.999999999999999 
2 6 1 1.2535943735736217 15.832592535121256 
2 5 1 1.2535943603974744 15.832592886040747 
2 4 0 0.3335711940251443 19.067224510696587 
2 3 0 0.33357119402513946 19.066961366636168 
2 2 0 0.6385602731515858 19.941392884406152 
2 1 0 0.6385602731460831 19.94139292636734 
2 0 0 1.3064423581224183 16.88244059089555 
3 0 0 5.267012943045567 14.000000000000002 
2 -1 0 1.306442358122405 16.88244032570662 
3 -1 0 5.267012943045562 13.999999999999998 
1 8 0 2.9999999999999996 6.000000000000003 
1 7 0 3.0 6.0 
1 6 0 1.3076609194562205 14.782500859814913 
1 5 0 1.3076609194558757 14.782500373043318 
1 4 0 0.3335711940251705 18.146730692026903 
1 3 0 0.3335711940265834 18.146730763460432 
1 2 1 0.6385602731443932 19.941392860778716 
1 1 1 0.6385602731443968 19.94139296161499 
1 0 0 0.5243483263159654 18.78095517737535 
1 -1 0 0.524348326195943 18.780953331813055 
1 -2 0 1.5750982778254163 14.800713846971998 
2 -2 0 3.994351361917443 12.467958464596375 
1 -3 0 1.575098277828834 14.800713929944576 
2 -3 0 3.9943513619174476 12.467958464596379 
0 8 0 5.0 5.0 
0 7 0 5.0 5.0 
0 6 0 3.000000000055785 13.257089193702319 
0 5 0 3.0000000000041114 13.257089222516633 
0 4 0 0.6959966060216809 16.65287742994854 
0 3 0 0.6959966060267304 16.652878129648737 
0 2 1 0.8080078031402134 19.739291369028738 
0 1 1 0.8080078021651961 19.739292088562987 
0 0 1 0.5243483261955088 19.699003411420403 
0 -1 1 0.5243483261955144 19.699003146485254 
0 -2 0 0.48179181352118633 16.674330670539423 
0 -3 0 0.4817918139595018 16.674331172287186 
0 -4 0 1.580312804390953 12.57981297468893 
1 -4 0 4.395430460450061 10.120172197134583 
0 -5 0 1.5803128127207058 12.57981297004309 
1 -5 0 4.395430460450063 10.120172197134584 
-1 6 0 4.425248739066041 10.315118346150165 
-1 5 0 4.425248739066039 10.315118346150165 
-1 4 0 2.450909960630611 15.771353395785203 
-1 3 0 2.450909960230626 15.7713534013676 
-1 2 0 0.8502349042541885 18.999999993267476 
-1 1 0 0.8502349042575446 18.999999990432016 
-1 0 1 0.688520678124485 19.70873962694259 
-1 -1 1 0.6885206781244843 19.708739899354168 
-1 -2 0 0.26555437947604044 18.415321054389885 
-1 -3 0 0.2655543795004226 18.41532093240405 
-1 -4 0 0.7523733709996964 14.547292182474958 
-1 -5 0 0.7523733705635888 14.547292187498226 
-1 -6 0 1.6714882087247167 9.906998962633104 
0 -6 0 5.0 5.0 
-1 -7 0 1.6714882087247331 9.906998962633107 
0 -7 0 5.0 5.0 
-2 6 0 5.585786437626904 8.414213562373094 
-2 5 0 5.585786437626904 8.414213562373094 
-2 4 0 3.500009207667351 13.458027281090462 
-2 3 0 3.500009235321518 13.458027281093806 
-2 2 0 1.815471470887069 16.99999997478623 
-2 1 0 1.815471468854618 16.999999626436725 
-2 0 0 0.8463852652537677 19.70873998926747 
-2 -1 0 0.8463852656602495 19.70873998961498 
-2 -2 0 0.26555437947503513 19.115703094849447 
-2 -3 0 0.2655543794741373 19.115702887185172 
-2 -4 1 0.7523733701455773 16.219018627752412 
-2 -5 1 0.7523733719474189 16.21901924573765 
-2 -6 0 0.4196082598962862 11.854259848601545 
-2 -7 0 0.4196082598962644 11.85425995122063 
-3 4 0 5.968479613223289 11.483025561194426 
-3 3 0 5.968479613223291 11.483025561194426 
-3 2 0 3.7909160675553517 15.76682645665094 
-3 1 0 3.7909160675553557 15.766825826142984 
-3 0 0 2.0763199156279684 18.99999998870365 
-3 -1 0 2.0763199156360406 18.999999976499133 
-3 -2 0 1.4383245678867826 19.1157021572934 
-3 -3 0 1.4383245677394154 19.11570309854549 
-3 -4 0 0.8988904249751654 17.716965221495556 
-3 -5 0 0.8988904257669424 17.7169652752252 
-3 -6 0 0.41960825989627365 13.521041914341858 
-3 -7 0 0.4196082599043988 13.521041945015225 
-3 -8 0 1.5857864376269042 5.000000000000001 
-2 -8 0 1.585786437626905 4.414213562373095 
-3 -9 0 1.5857864376269042 5.000000000000001 
-2 -9 0 1.5857864376269049 4.414213562373094 
-4 2 0 7.694102470666568 13.785667011198006 
-4 1 0 7.694102470666572 13.785667011198003 
-4 0 0 5.169145336563632 16.99999998939673 
-4 -1 0 5.169145336564018 16.99999999680208 
-4 -2 0 3.365832691037048 18.281908629282597 
-4 -3 0 3.3658326960817075 18.281908636146923 
-4 -4 0 2.3535552171521092 17.71696512368114 
-4 -5 0 2.353555217151633 17.71696527937962 
-4 -6 0 1.8140407931949862 15.070346317860771 
-4 -7 0 1.8140407978542483 15.070346317860764 
-4 -8 0 1.5857864376269046 5.000000000000001 
-4 -9 0 1.5857864376269042 5.0 
-5 0 0 15.0 15.0 
-5 -1 0 15.0 15.0 
-5 -2 0 8.711363101580702 16.600304859799554 
-5 -3 0 8.711363101580696 16.600304859799557 
-5 -4 0 6.692327818918583 16.908697515201006 
-5 -5 0 6.692327818918584 16.908697515201002 
-5 -6 0 5.463163563510037 15.070346317860762 
-5 -7 0 5.463163563510038 15.070346317860764 
-5 -8 0 5.0 5.0 
-5 -9 0 5.0 5.0 
