1 -1 0 3.393990052306416 8.999999999999998 
2 -1 0 9.0 9.0 
1 -2 0 3.3939900523064157 9.0 
2 -2 0 9.0 9.0 
1 -3 0 3.89114182470191 17.999999999999996 
2 -3 0 18.0 18.0 
1 -4 0 3.8911418247019087 18.000000000000004 
2 -4 0 18.0 18.0 
0 -1 1 2.5197797886799203 8.606009947693584 
0 -2 1 2.5197797886799163 8.606009947693574 
0 -3 1 1.514278279813459 16.631557917136114 
0 -4 1 1.5142782798134573 16.631557907154626 
0 -5 0 0.9837600151823166 17.999999897142413 
1 -5 0 5.658045582446456 15.999999999999998 
0 -6 0 0.9837600147994432 17.999999293091776 
1 -6 0 5.65804558244646 16.000000000000004 
-1 -1 0 2.519779804201077 7.999999999988534 
-1 -2 0 2.5197797907701114 7.999999999999387 
-1 -3 0 1.282118646385621 15.267030480320466 
-1 -4 0 1.2821186463953858 15.267030965338535 
-1 -5 0 0.983760014813893 17.999999814213222 
-1 -6 0 0.9837600147994512 17.999999733527385 
-1 -7 0 1.5898481266339013 15.9999999849244 
0 -7 0 2.7407724197406327 13.999999999999673 
-1 -8 0 1.589848127167783 15.999999879034583 
0 -8 0 2.740772419740633 13.999999999999757 
-2 -1 0 2.7716717840533667 7.342923082777167 
-2 -2 0 2.7716717840533645 7.342923082777171 
-2 -3 0 1.2821186487798604 14.116858866226153 
-2 -4 0 1.2821186467693866 14.116858745819663 
-2 -5 1 0.733733565608017 17.999999998754127 
-2 -6 1 0.7337335656080133 17.999999476218896 
-2 -7 0 0.5369058696685076 17.788488078517084 
-2 -8 0 0.5369058696916873 17.78848773907986 
-2 -9 0 1.114253632935372 13.824280843330271 
-1 -9 0 2.7622064204351378 11.81073860959383 
-2 -10 0 1.1142536332204744 13.824281436727475 
-1 -10 0 2.762206420435526 11.810738609558737 
-3 -1 0 3.3819660112501055 6.618033988749895 
-3 -2 0 3.3819660112501055 6.618033988749895 
-3 -3 0 1.505682544374802 12.370090390120348 
-3 -4 0 1.5056825473668247 12.37009011132326 
-3 -5 0 0.733733565610127 15.713361410653176 
-3 -6 0 0.7337335656080488 15.71336120514425 
-3 -7 0 0.4258902998109608 17.999999845884602 
-3 -8 0 0.425890300261205 17.99999995588311 
-3 -9 1 0.7543771000376637 15.600016489631221 
-3 -10 1 0.7543771000376639 15.600016648627077 
-3 -11 0 0.7653142278835423 11.405703676342535 
-2 -11 0 2.4216767654940994 9.188680963114116 
-3 -12 0 0.7653142278838013 11.405704344869134 
-2 -12 0 2.4216767654941003 9.18868096311412 
-4 -3 0 3.0800583667874357 10.604715830881585 
-4 -4 0 3.0800583667874375 10.604715830881583 
-4 -5 0 1.4206103922438966 14.653679415021573 
-4 -6 0 1.420610392243993 14.653679812885963 
-4 -7 0 0.4258903001262057 17.99999980575723 
-4 -8 0 0.4258902998087287 17.999999987894665 
-4 -9 1 0.754377100037665 17.045376023572654 
-4 -10 1 0.7543771000376652 17.045376145701596 
-4 -11 1 0.7653142278834685 13.25719986650608 
-4 -12 1 0.7653142278834676 13.257199864479963 
-4 -13 0 0.9999999999999988 6.732050807568875 
-3 -13 0 2.381966011250105 5.618033988749895 
-4 -14 0 1.0000000000000004 6.7320508075688785 
-3 -14 0 2.381966011250105 5.618033988749894 
-5 -5 0 4.33043734144256 12.810252612351464 
-5 -6 0 4.330437341442559 12.810252612351459 
-5 -7 0 2.5031514181986694 15.919001786874116 
-5 -8 0 2.503151424089833 15.919002139935445 
-5 -9 0 1.8313123544578733 17.999999820878223 
-5 -10 0 1.8313123545704908 17.999999992470343 
-5 -11 0 1.2029139439285375 14.986324514111095 
-5 -12 0 1.202913943928576 14.986324312331785 
-5 -13 0 0.9999999999999991 7.0 
-5 -14 0 0.9999999999999997 7.000000000000001 
-6 -7 0 6.502093186661086 14.822293541799237 
-6 -8 0 6.5020931866610905 14.822293541799237 
-6 -9 0 4.6191836794250385 17.99999999999527 
-6 -10 0 4.6191836794250385 17.99999999999998 
-6 -11 0 3.679432552129431 16.531128874149264 
-6 -12 0 3.679432550806686 16.531128874149278 
-6 -13 0 3.2679491924311224 7.0 
-6 -14 0 3.267949192431123 7.000000000000002 
-7 -9 0 16.0 16.0 
-7 -10 0 16.0 16.0 
-7 -11 0 8.468871125850725 16.531128874149275 
-7 -12 0 8.468871125850725 16.531128874149275 
-7 -13 0 7.0 7.0 
-7 -14 0 7.0 7.0 
