7 19 0 1.0 4.0 
8 19 0 4.0 4.0 
7 18 0 1.0000000000000002 4.0 
8 18 0 4.0 4.0 
7 17 0 1.3732557782530175 12.916381551744973 
8 17 0 4.999999999999999 12.916381551744971 
7 16 0 1.3732557782667145 12.916381551744973 
8 16 0 5.0 12.916381551744974 
7 15 0 1.9710118072990759 15.236714643148876 
8 15 0 6.298437881283577 14.999999999999998 
7 14 0 1.9710118073052894 15.236714643217606 
8 14 0 6.298437881283575 15.000000000000005 
7 13 0 2.9950916453630874 16.280191530454047 
8 13 0 7.889907928977186 14.629813271691878 
7 12 0 2.995091645493644 16.280191543452492 
8 12 0 7.889907928977183 14.629813271691878 
7 11 0 4.61828371041575 14.99999999996888 
8 11 0 13.0 13.0 
7 10 0 4.618283710415742 14.999999999954069 
8 10 0 13.0 13.0 
6 19 0 1.0000000000000002 4.0 
6 18 0 1.0000000000000004 3.999999999999999 
6 17 0 0.3545887699469309 11.068680542422799 
6 16 0 0.3545887699469341 11.068680511328084 
6 15 0 0.7397073579465598 15.236714643218974 
6 14 0 0.7397073580124646 15.236714643166943 
6 13 0 1.2439887556418507 17.12390365869245 
6 12 0 1.243988755587701 17.123859839091164 
6 11 0 2.382418909914573 15.999999992032551 
6 10 0 2.3824189068111337 15.99999999133424 
6 9 0 3.849641817508989 12.999999993717855 
7 9 0 6.875114580235427 11.761557181831886 
6 8 0 3.849641827865879 12.999999978154593 
7 8 0 6.875114580235424 11.76155718183189 
5 19 0 3.0 3.0 
5 18 0 3.0 3.0 
5 17 0 0.3545887699471219 9.205817965691061 
5 16 0 0.3545887699469308 9.20581796569111 
5 15 1 0.6233591971007711 13.611121953893244 
5 14 1 0.6233591971007606 13.6111218367615 
5 13 0 0.21745357928795647 17.123903469907393 
5 12 0 0.21745357928790376 17.123903754255693 
5 11 0 0.7441993682283389 17.999999990839374 
5 10 0 0.7441993679481396 17.99999999860551 
5 9 0 1.8376307954320197 14.701209389127303 
5 8 0 1.8376307953516917 14.701209276227285 
5 7 0 3.5857864376271675 11.425886484860035 
6 7 0 5.585786437626905 10.000000000000002 
5 6 0 3.5857864376301416 11.425886484979056 
6 6 0 5.585786437626904 10.0 
4 17 0 2.585786437626904 7.000000000000002 
4 16 0 2.5857864376269064 6.999999999999998 
4 15 0 0.6233591979577363 11.810711849960208 
4 14 0 0.6233591971553538 11.810711821709475 
4 13 0 0.21745357928880468 15.779440385781141 
4 12 0 0.21745357928810588 15.779440498286196 
4 11 1 0.7008202106319169 17.99999948822849 
4 10 1 0.7008202094302243 17.99999990531092 
4 9 0 0.7715553196496463 15.9999991198855 
4 8 0 0.7715553196496331 15.999999998337328 
4 7 0 2.062017255565755 12.563169840115314 
4 6 0 2.062017259058821 12.563169840121834 
4 5 0 4.000000000000001 7.0 
5 5 0 6.0 6.0 
4 4 0 4.0 7.000000000000001 
5 4 0 6.0 6.0 
3 15 0 2.5857864376269037 9.999999999999998 
3 14 0 2.585786437626904 9.999999999999998 
3 13 0 0.3293174330226509 13.99999976698626 
3 12 0 0.32931743300666244 13.9999996069128 
3 11 1 0.7008202094131712 17.74998323612808 
3 10 1 0.7008202094131714 17.749894970721954 
3 9 0 0.277483443589736 17.99999985313867 
3 8 0 0.2774834434791763 17.999999901938967 
3 7 0 0.7778553883404625 14.797479082054137 
3 6 0 0.7778553883404696 14.797479067541932 
3 5 0 3.9999999999999987 7.000000000000002 
3 4 0 4.0 7.000000000000002 
2 13 0 4.463370378794198 12.000000000000002 
2 12 0 4.463370378794196 12.000000000000002 
2 11 0 1.230157219376989 15.999999992343458 
2 10 0 1.2301572186361232 15.999999993617665 
2 9 0 0.27748344347859577 17.999999888993067 
2 8 0 0.2774834434785935 17.999999450697597 
2 7 1 0.7778553883404549 15.802965444983892 
2 6 1 0.7778553883404524 15.802965238804612 
2 5 0 2.0000000000000004 11.522028631168503 
2 4 0 2.000000000000003 11.522028631168503 
1 13 0 7.0 7.0 
1 12 0 7.0 7.0 
1 11 0 2.4132965937199513 14.000000000000005 
1 10 0 2.4132965937199446 14.0 
1 9 0 0.7349260264518123 17.999999998281652 
1 8 0 0.7349260264518118 17.99999998237325 
1 7 0 0.4024547046447165 17.164772787313876 
1 6 0 0.4024547046667415 17.164772787309825 
1 5 0 0.5048795721317698 12.479297563665797 
1 4 0 0.5048795721317724 12.479297563665797 
0 11 0 6.585786437626904 10.0 
0 10 0 6.585786437626905 10.0 
0 9 0 1.9266833783901463 16.000000000000004 
0 8 0 1.9266833783901516 16.000000000000007 
0 7 0 0.4024547046444015 17.164772786466205 
0 6 0 0.4024547046563401 17.164772784586205 
0 5 1 0.5048795721317696 12.6749989482095 
0 4 1 0.5048795721317733 12.674998948209506 
0 3 1 2.0 3.0 
1 3 0 2.0 2.0 
0 2 1 1.9999999999999996 3.0 
1 2 0 2.0 2.0 
-1 9 0 12.0 12.0 
-1 8 0 12.0 12.0 
-1 7 0 6.922873620986844 16.283987717540825 
-1 6 0 6.922873620986848 16.283987717540825 
-1 5 0 3.5158080407730745 12.674998948209504 
-1 4 0 3.515808040773073 12.674998948209504 
-1 3 0 3.0 3.0 
-1 2 0 3.0 3.0 
