1 -1 0 2.718605760407853 7.999999999999999 
2 -1 0 8.0 8.0 
1 -2 0 2.718605760407852 7.999999999999998 
2 -2 0 8.0 8.0 
1 -3 0 3.36981751160713 15.999999999999998 
2 -3 0 16.0 16.0 
1 -4 0 3.3698175116071334 15.999999999999998 
2 -4 0 16.0 16.0 
0 -1 1 1.9999999999999996 7.540784538673361 
0 -2 1 1.9999999999999993 7.540784538673363 
0 -3 1 1.1765091054246961 14.813781710046442 
0 -4 1 1.176509105424697 14.813781707141564 
0 -5 0 0.7428958403799722 15.999999401791015 
1 -5 0 4.668725280327187 13.999999999999998 
0 -6 0 0.7428958399335288 15.999999999847699 
1 -6 0 4.668725280327187 14.000000000000004 
-1 -1 0 2.0000000000000004 6.490863615361032 
-1 -2 0 1.999999999999999 6.4908636153610315 
-1 -3 0 1.1079960141860092 13.262730706723863 
-1 -4 0 1.107996013891903 13.262730695060863 
-1 -5 0 0.7428958393609327 15.999999907495129 
-1 -6 0 0.7428958393609323 15.999999953686386 
-1 -7 0 1.2708619740543972 13.89873703619267 
0 -7 0 2.245323864250862 11.821327012485993 
-1 -8 0 1.2708619741435665 13.898737153688035 
0 -8 0 2.245323864250859 11.821327012485984 
-2 -1 0 2.2679491924311224 5.732050807568877 
-2 -2 0 2.267949192431122 5.732050807568877 
-2 -3 0 1.1079960140639507 11.444802373910859 
-2 -4 0 1.1079960136564428 11.444802373540327 
-2 -5 1 0.7723975360768701 15.999999905102115 
-2 -6 1 0.7723975360768671 15.99999995719803 
-2 -7 0 0.46270259636521577 15.74520501822424 
-2 -8 0 0.4627025968386147 15.745204870361682 
-2 -9 0 0.9024836454996987 11.47590932225321 
-1 -9 0 2.308866569866412 9.242908060004934 
-2 -10 0 0.9024836462888807 11.475909316168634 
-1 -10 0 2.3088665698664124 9.242908060004932 
-3 -3 0 1.7903701445606408 9.605809434520157 
-3 -4 0 1.7903701445606446 9.605809434520157 
-3 -5 0 0.7723975362224934 13.845712548377254 
-3 -6 0 0.7723975363651201 13.8457125211028 
-3 -7 0 0.46270259636885913 15.99999995090376 
-3 -8 0 0.4627025963730519 15.999999911657529 
-3 -9 1 0.9024836455221575 13.122003765871073 
-3 -10 1 0.9024836455404369 13.122003366131487 
-3 -11 0 0.7130071984374237 6.997563159019629 
-2 -11 0 2.2679491924311233 5.732050807568878 
-3 -12 0 0.7130071984374274 6.997563159019626 
-2 -12 0 2.2679491924311233 5.7320508075688785 
-4 -5 0 2.8885305383279767 11.842448210443095 
-4 -6 0 2.8885305383279865 11.842448210443088 
-4 -7 0 1.4594913302947767 15.999999769405495 
-4 -8 0 1.4594913302948578 15.999999997809136 
-4 -9 0 0.9474228097668254 14.717575894955601 
-4 -10 0 0.947422809541823 14.717575870228243 
-4 -11 0 0.7130071984374263 7.414213562373097 
-4 -12 0 0.7130071984374251 7.414213562373097 
-5 -7 0 4.937503755336084 14.0 
-5 -8 0 4.937503755336085 14.0 
-5 -9 0 4.076307321601881 15.999999999999998 
-5 -10 0 4.076307321601879 16.0 
-5 -11 0 3.267949192431123 7.999999999999997 
-5 -12 0 3.267949192431124 8.0 
-6 -9 0 16.0 16.0 
-6 -10 0 16.0 16.0 
-6 -11 0 8.0 8.0 
-6 -12 0 8.0 8.0 
