2 4 0 2.000000000000001 4.0 
3 4 0 4.0 4.0 
2 3 0 2.0 4.0 
3 3 0 4.0 4.0 
2 2 0 1.9124768571798678 14.123105625617663 
3 2 0 5.87689437438234 14.12310562561766 
2 1 0 1.9124768571798678 14.12310562561766 
3 1 0 5.87689437438234 14.123105625617661 
2 0 0 2.535921497864019 16.000000000000007 
3 0 0 12.0 12.0 
2 -1 0 2.5359214978640203 16.000000000000004 
3 -1 0 12.0 12.0 
1 4 0 1.9999999999999998 4.000000000000001 
1 3 0 1.9999999999999996 4.0 
1 2 0 1.8367343038585207 13.069552341717891 
1 1 0 1.8367343038585198 13.069552341988105 
1 0 0 1.9771427176163887 15.9999995613784 
1 -1 0 1.9771427198040845 15.999999783875008 
1 -2 0 2.1014229933300763 13.999999999987784 
2 -2 0 7.2679491924311215 10.732050807568877 
1 -3 0 2.1014229938348885 13.99999999982634 
2 -3 0 7.267949192431122 10.732050807568875 
0 4 0 2.0 3.999999999999999 
0 3 0 2.0000000000000004 4.0 
0 2 0 1.336424729926609 11.064403316849079 
0 1 0 1.33642473021585 11.064403317005 
0 0 0 0.5548677741454829 15.302880486337598 
0 -1 0 0.5548677741453959 15.302880592342728 
0 -2 0 0.4430170217282262 15.74574173819966 
0 -3 0 0.4430170217208534 15.745849289854622 
0 -4 0 1.2506164719221091 11.177182266031092 
1 -4 0 5.267949192431123 8.732050807568879 
0 -5 0 1.2506164718543886 11.177181511637366 
1 -5 0 5.267949192431123 8.732050807568879 
-1 2 1 1.3364247299039733 7.999999999999999 
-1 1 1 1.3364247299039715 7.999999999999999 
-1 0 4 0.5548677741453812 13.694003385638654 
-1 -1 4 1.0536960434810434 13.694006647386159 
-1 -2 6 1.4709578741246847 15.746113727445158 
-1 -3 6 1.8312330672414103 15.746017128741077 
-1 -4 4 1.2506164782783797 13.694007015163116 
-1 -5 4 0.5548677741453798 13.69400697469597 
-1 -6 1 1.3364247299039718 7.999999999999998 
0 -6 0 4.000000000000001 6.0 
-1 -7 1 1.336424729903972 8.000000000000004 
0 -7 0 3.999999999999999 6.0 
-2 2 0 3.999999999999999 6.0 
-2 1 0 4.0 6.0 
-2 0 0 1.2506164697934639 11.17718227575965 
-2 -1 0 1.2506164697934616 11.177182094177928 
-2 -2 0 0.4430170220478604 15.745849479631975 
-2 -3 0 0.4430170219514314 15.74578084172056 
-2 -4 0 0.5548677741455696 15.302880592248787 
-2 -5 0 0.55486777414542 15.30288059234695 
-2 -6 0 1.3364247299892424 11.064403317262315 
-2 -7 0 1.3364247299073824 11.064403314334434 
-3 0 0 5.267949192431123 8.732050807568877 
-3 -1 0 5.267949192431122 8.732050807568877 
-3 -2 0 2.1014229935358477 13.999999999998906 
-3 -3 0 2.1014230011349393 13.999999999990443 
-3 -4 0 1.9771427182895362 15.999999954341048 
-3 -5 0 1.977142718228098 15.999999999897327 
-3 -6 0 1.8367343038585209 13.06955234206892 
-3 -7 0 1.8367343038585409 13.069552342067395 
-3 -8 0 1.9999999999999996 4.0 
-2 -8 0 2.0 4.0 
-3 -9 0 2.0 4.0 
-2 -9 0 1.9999999999999998 4.0 
-4 -2 0 7.267949192431122 10.732050807568875 
-4 -3 0 7.267949192431122 10.732050807568877 
-4 -4 0 2.535921497864026 16.0 
-4 -5 0 2.5359214978640248 16.000000000000004 
-4 -6 0 1.9124768571798665 14.123105625617661 
-4 -7 0 1.9124768571798654 14.123105625617663 
-4 -8 0 2.0 4.0 
-4 -9 0 1.9999999999999998 4.0 
-5 -4 0 12.0 12.0 
-5 -5 0 12.0 12.0 
-5 -6 0 5.87689437438234 14.123105625617661 
-5 -7 0 5.8768943743823385 14.123105625617661 
-5 -8 0 4.0 4.0 
-5 -9 0 4.0 4.0 
