3 5 0 1.8357520615397886 6.999999999999998 
4 5 0 7.0 7.0 
3 4 0 1.835752061539789 7.0 
4 4 0 7.0 7.0 
3 3 0 2.2944156858174134 16.5311288741474 
4 3 0 8.468871125850725 16.531128874149275 
3 2 0 2.2944156858208933 16.53112887414103 
4 2 0 8.468871125850725 16.531128874149275 
3 1 0 3.562725391031944 17.999999999995197 
4 1 0 16.0 16.0 
3 0 0 3.5627253910319014 17.99999999999781 
4 0 0 16.0 16.0 
2 5 1 1.3248691294333539 6.3913823806309 
2 4 1 1.3248691294333537 6.391382380630902 
2 3 1 0.49890964053937326 14.989665023143715 
2 2 1 0.49890964053938447 14.98966478229735 
2 1 0 0.33624447635159516 17.999999887736603 
2 0 0 0.33624447635881094 17.999999928716967 
2 -1 0 1.3331980883279724 15.999999817198686 
3 -1 0 5.647471335701658 13.838904510185197 
2 -2 0 1.333198088050796 15.999999436580408 
3 -2 0 5.647471335701659 13.838904510185198 
1 5 0 1.324869129433354 5.214319743377537 
1 4 0 1.3248691294333539 5.214319743377535 
1 3 0 0.49890964054959824 13.271856018938081 
1 2 0 0.4989096405692532 13.271856018980468 
1 1 0 0.3362444763533898 17.381627006637647 
1 0 0 0.3362444763774254 17.38162787079308 
1 -1 0 0.6355778858415936 17.999999971464984 
1 -2 0 0.6355778858403376 17.99999988096482 
1 -3 0 1.7418950865512195 13.849646860855936 
2 -3 0 3.5709683539605006 10.999999999999996 
1 -4 0 1.7418950865512164 13.849647149659006 
2 -4 0 3.570968353960498 11.0 
0 5 0 4.0 4.0 
0 4 0 4.0 4.0 
0 3 0 1.034025675053504 11.512720463715423 
0 2 0 1.0340256750240893 11.512720574356074 
0 1 2 0.8577272680132321 15.858908475568205 
0 0 2 0.8577272680132313 15.858908492037152 
0 -1 2 0.6238678580747619 17.999999260234475 
0 -2 2 0.6238678579523539 17.999999391687258 
0 -3 0 0.3462813193391699 15.999999756009611 
0 -4 0 0.3462813193319942 15.99999974898243 
0 -5 0 1.5153205482369518 11.576098495896735 
1 -5 0 4.096463676383028 8.654241253737467 
0 -6 0 1.5153205481656458 11.576098495681299 
1 -6 0 4.0964636763830296 8.654241253737464 
-1 3 0 3.324869129433353 8.732050807568877 
-1 2 0 3.3248691294333534 8.732050807568875 
-1 1 0 1.3368630696938055 13.85149312346676 
-1 0 0 1.3368630696938102 13.851493125064332 
-1 -1 0 0.5358562166848183 17.999999960379206 
-1 -2 0 0.5358562167765555 17.999999998725695 
-1 -3 0 0.3462813193229529 17.730797335208226 
-1 -4 0 0.3462813193758742 17.73079732890847 
-1 -5 0 0.7035276635352666 13.731749665468953 
-1 -6 0 0.7035276639641861 13.731749795993222 
-1 -7 0 2.095636201465913 8.621644877338838 
0 -7 0 5.0 5.0 
-1 -8 0 2.095636201465914 8.621644877338834 
0 -8 0 5.0 5.0 
-2 3 0 6.0 6.0 
-2 2 0 6.0 6.0 
-2 1 0 2.9839404772580886 11.73205080756789 
-2 0 0 2.9839404773076685 11.732050807568843 
-2 -1 0 0.9151323859153453 15.99999979944018 
-2 -2 0 0.915132386286437 15.999999761647965 
-2 -3 1 0.7969346762003434 17.999999426820533 
-2 -4 1 0.7969346762003411 17.9999999644582 
-2 -5 1 0.6405955103889861 15.495876449325241 
-2 -6 1 0.6405955103882695 15.49587683898821 
-2 -7 0 0.33052490170147386 10.414034198209091 
-2 -8 0 0.3305249017004127 10.41403419326162 
-3 1 0 5.585786437626905 9.0 
-3 0 0 5.585786437626905 9.0 
-3 -1 0 2.738023887582406 13.850876674238016 
-3 -2 0 2.7380238878468353 13.85087669508125 
-3 -3 0 1.3827108222046183 17.999999985480834 
-3 -4 0 1.3827108212372463 17.999999991265447 
-3 -5 0 0.640595510388349 16.81163634949759 
-3 -6 0 0.6405955103898723 16.811636381422204 
-3 -7 0 0.33052490169922494 12.068081261697852 
-3 -8 0 0.3305249016992258 12.068081481105724 
-3 -9 0 0.9999999999999998 4.0 
-2 -9 0 3.0 3.0 
-3 -10 0 0.9999999999999999 4.0 
-2 -10 0 3.0 3.0 
-4 -1 0 7.585786437626906 10.999999999999998 
-4 -2 0 7.585786437626904 11.000000000000002 
-4 -3 0 3.4397883458650163 16.000000000000007 
-4 -4 0 3.4397883458650194 16.0 
-4 -5 0 1.8752049795731454 16.811636433532268 
-4 -6 0 1.8752049795752996 16.811636433532392 
-4 -7 0 1.1667071885982663 13.286990441636359 
-4 -8 0 1.1667071885982665 13.286990441636354 
-4 -9 0 0.9999999999999996 4.0 
-4 -10 0 1.000000000000001 4.0 
-5 -3 0 13.0 13.0 
-5 -4 0 13.0 13.0 
-5 -5 0 7.566104309821383 15.366909845121707 
-5 -6 0 7.566104309821384 15.36690984512171 
-5 -7 0 4.832434736772126 13.286990441636357 
-5 -8 0 4.832434736772125 13.286990441636364 
-5 -9 0 4.0 4.0 
-5 -10 0 4.0 4.0 
