5 13 0 5.0 5.000000000000001 
6 13 0 5.0 5.0 
5 12 0 5.0 5.0 
6 12 0 5.0 5.0 
5 11 0 3.6645150760634952 10.999999999999998 
6 11 0 6.0 11.000000000000002 
5 10 0 3.6645150760634944 11.0 
6 10 0 6.000000000000002 11.000000000000002 
5 9 0 4.000000000000948 15.414213562373066 
6 9 0 7.2679491924311215 15.414213562373092 
5 8 0 4.000000000012881 15.414213319067073 
6 8 0 7.267949192431122 15.414213562373094 
5 7 0 5.186393502608508 17.645751310454052 
6 7 0 9.000000000000002 16.73205080756888 
5 6 0 5.186393497558419 17.64575131078026 
6 6 0 9.0 16.732050807568875 
5 5 0 6.608954180398356 18.73205041714752 
6 5 0 11.000000000000002 16.732050807568875 
5 4 0 6.60895418057318 18.732050807567113 
6 4 0 11.0 16.73205080756888 
5 3 0 8.34100498793356 16.99999999999955 
6 3 0 15.0 15.0 
5 2 0 8.341004987933523 16.999999999994053 
6 2 0 15.0 15.0 
4 13 0 5.0 5.0 
4 12 0 5.0 5.0 
4 11 0 1.9883646907599037 10.99999999955801 
4 10 0 1.9883646907640449 10.999999996366556 
4 9 0 1.959596818169231 15.414213562280297 
4 8 0 1.9595968225498386 15.414213562279906 
4 7 0 2.5511901074002417 17.645751310651224 
4 6 0 2.5511901054911004 17.645750778681425 
4 5 0 3.3410049886480224 19.64575130899054 
4 4 0 3.341004988290997 19.645751309133452 
4 3 0 4.527398485312705 17.99999999448777 
4 2 0 4.527398487049436 17.999999964161876 
4 1 0 6.34100498793354 15.739865138066435 
5 1 0 12.0 14.0 
4 0 0 6.341004987933543 15.739865138898114 
5 0 0 11.999999999999998 14.000000000000002 
3 13 0 5.0 5.0 
3 12 0 5.0 5.0 
3 11 0 1.9883646907607169 10.5933808176149 
3 10 0 1.988364690760117 10.593380816825245 
3 9 0 0.9883646907712396 15.007594373926278 
3 8 0 0.9883646907600664 15.007594379990618 
3 7 0 0.9595968177599363 17.645751309426043 
3 6 0 0.9595968177589815 17.6457513099163 
3 5 0 0.9595968184932899 19.64575120131695 
3 4 0 0.9595968177628771 19.645751209289827 
3 3 0 1.551190110816674 19.999999934346288 
3 2 0 1.5511901055505424 19.999999945713324 
3 1 0 2.7375836028265863 16.999999285099392 
3 0 0 2.7375836028501546 16.999999733308176 
3 -1 0 4.551190105474784 13.999999045399905 
4 -1 0 9.0 13.0 
3 -2 0 4.551190105474787 13.999999991908327 
4 -2 0 8.999999999999998 13.000000000000002 
2 13 0 5.0 5.0 
2 12 0 5.0 5.0 
2 11 0 1.9883646907598993 9.689456577599413 
2 10 0 1.9883646907602293 9.689456577599403 
2 9 0 0.988364690759962 14.10366983864865 
2 8 0 0.9883646907600859 14.103669310974583 
2 7 1 0.9595968179195812 17.239132127577868 
2 6 1 0.9595968199511604 17.239132104765062 
2 5 2 0.9145501603476358 19.645751293685247 
2 4 2 0.5785879607942359 19.64575098601341 
2 3 1 0.36297820114126605 19.999999804100067 
2 2 1 0.362978201141268 19.99999998870677 
2 1 0 0.36297820119815033 18.739864423056275 
2 0 0 0.3629782011412713 18.739865138590012 
2 -1 0 1.549371698492958 15.999999999734078 
2 -2 0 1.549371703459801 15.9999993726593 
2 -3 0 3.362978201169508 11.91660322943422 
3 -3 0 7.000000000000002 11.0 
2 -4 0 3.3629782024132324 11.91660343598449 
3 -4 0 7.000000000000001 11.0 
1 13 0 5.0 5.0 
1 12 0 5.0 5.0 
1 11 0 3.4799035129209237 9.414213562373094 
1 10 0 3.479903512920923 9.414213562373096 
1 9 0 2.1770395247272347 13.248178183767925 
1 8 0 2.1770395247276295 13.248178183750772 
1 7 0 1.1770395248573688 16.41421356159884 
1 6 0 1.1770395247516505 16.414213557010378 
1 5 0 0.5785879609307167 19.211694125790146 
1 4 0 0.5785879613332578 19.211694126624323 
1 3 0 0.36297820120074725 19.999999019521677 
1 2 0 0.36297820118692337 19.99999976935473 
1 1 0 0.36297820114178203 19.46850376100944 
1 0 0 0.3629782011508302 19.468503758524125 
1 -1 0 0.920525350232834 16.872621250485476 
1 -2 0 0.9205253502498673 16.872621252839487 
1 -3 0 2.0000000000501132 13.211952191306933 
1 -4 0 2.000000000000006 13.211951973399962 
1 -5 0 3.18639349735167 9.916603456947284 
2 -5 0 6.0 8.0 
1 -6 0 3.1863934973516677 9.916603456947291 
2 -6 0 5.999999999999999 8.0 
0 11 0 5.585786437626905 8.414213562373096 
0 10 0 5.585786437626905 8.414213562373096 
0 9 0 4.065689950548284 12.248178137506594 
0 8 0 4.065689950624285 12.248178182363123 
0 7 0 2.25631389205862 15.479715637693419 
0 6 0 2.256313883537023 15.47971584707332 
0 5 0 0.9883646911568049 18.64575126931261 
0 4 0 0.9883646907801873 18.645751288417603 
0 3 1 0.9595968186377816 19.999999821525783 
0 2 1 0.959596826558561 19.999999280951293 
0 1 2 0.5785879607942437 19.468503761861648 
0 0 2 0.5785879607942364 19.4685037602674 
0 -1 1 0.36297820114126556 18.211952138700422 
0 -2 1 0.36297820114126644 18.211952190762513 
0 -3 0 0.36297820114129675 14.916603456945941 
0 -4 0 0.3629782011412707 14.916603456938791 
0 -5 0 3.000000000290316 10.35017295906254 
0 -6 0 3.0000000000460214 10.350172959169434 
0 -7 0 5.0 5.0 
1 -7 0 5.0 5.0 
0 -8 0 5.0 5.0 
1 -8 0 5.0 5.0 
-1 9 0 5.267949192431125 10.414213562373096 
-1 8 0 5.267949192431119 10.414213562373096 
-1 7 0 3.747852705355075 13.833964600784547 
-1 6 0 3.747852705354101 13.833964552069002 
-1 5 0 2.4449887171861397 16.999999967180692 
-1 4 0 2.4449887178320244 16.999999249670775 
-1 3 0 1.1770395248215946 19.565942680851016 
-1 2 0 1.1770395247296013 19.56594187919803 
-1 1 0 0.5785879608572116 19.468503762022966 
-1 0 0 0.5785879610161073 19.468503117315464 
-1 -1 0 0.36297820114231444 18.211951624069332 
-1 -2 0 0.3629782011412934 18.211952195257368 
-1 -3 0 0.3629782012478892 15.35017294938011 
-1 -4 0 0.36297820114348006 15.350172958832239 
-1 -5 0 0.9205253502127628 10.916603421107908 
-1 -6 0 0.9205253502127627 10.91660339490142 
-1 -7 0 2.0000000000000004 6.000000000000002 
-1 -8 0 1.9999999999999996 6.0 
-2 7 0 7.267949192431123 12.414213562373096 
-2 6 0 7.267949192431122 12.414213562373098 
-2 5 0 4.682480082661831 15.83396462128781 
-2 4 0 4.682480087590566 15.833964621045622 
-2 3 0 3.0570905721750306 18.99999998377783 
-2 2 0 3.057090564626299 18.999999999929987 
-2 1 0 1.789141372630217 19.468503686421627 
-2 0 0 1.7891413722398264 19.468503755954345 
-2 -1 0 1.0241723298996805 18.211951532014172 
-2 -2 0 1.0241723299034264 18.211952195481793 
-2 -3 0 0.9205253508331034 15.350172958914102 
-2 -4 0 0.9205253502782426 15.350172959202194 
-2 -5 0 0.9205253502127642 11.350172941856664 
-2 -6 0 0.9205253502127629 11.350172897938965 
-2 -7 0 2.0 6.000000000000002 
-2 -8 0 1.9999999999999998 6.000000000000002 
-3 5 0 9.26794919243112 14.000000000000002 
-3 4 0 9.267949192431127 14.0 
-3 3 0 7.0048717821179896 17.07087138123869 
-3 2 0 7.004871782118826 17.070870152868814 
-3 1 0 5.1542569980433335 18.494604102589946 
-3 0 0 5.154256998043692 18.49460410261791 
-3 -1 0 3.8852859319862914 18.211952193588893 
-3 -2 0 3.885285931923002 18.21195219457454 
-3 -3 0 2.617336739463184 15.350172785390502 
-3 -4 0 2.6173367394632567 15.350172959278746 
-3 -5 0 2.000000000000492 11.350172959280199 
-3 -6 0 2.0000000000000355 11.35017295928229 
-3 -7 0 2.0 6.0 
-3 -8 0 1.9999999999999987 6.0 
-4 3 0 16.0 16.0 
-4 2 0 16.0 16.0 
-4 1 0 12.0 17.59615467600863 
-4 0 0 12.0 17.59615467600863 
-4 -1 0 9.736922589686758 17.568802225696746 
-4 -2 0 9.736922589686753 17.568802225696736 
-4 -3 0 7.886307805612059 15.350172959284713 
-4 -4 0 7.8863078056120575 15.350172959284711 
-4 -5 0 6.617336739463089 11.350172959284711 
-4 -6 0 6.617336739463091 11.350172959284711 
-4 -7 0 6.0 6.0 
-4 -8 0 6.0 6.0 
