3 9 0 0.5188056959079845 5.0 
4 9 0 5.0 5.0 
3 8 0 0.5188056959079843 5.0 
4 8 0 5.0 5.0 
3 7 0 1.1556662067465615 9.999999999999998 
4 7 0 10.0 10.0 
3 6 0 1.1556662067465617 9.999999999999998 
4 6 0 10.0 10.0 
2 9 0 0.5188056959079836 4.170086486626033 
2 8 0 0.5188056959079843 4.170086486626033 
2 7 1 1.1556662067465628 9.75055534589201 
2 6 1 1.155666206746563 9.750555345892007 
2 5 1 1.2639469775099241 10.0 
3 5 0 1.9193955994290743 7.809785920127419 
2 4 1 1.2639469775099241 10.0 
3 4 0 1.9193955994290726 7.80978592012742 
1 9 0 3.0 3.0 
1 8 0 3.0 3.0 
1 7 0 1.3653678719202595 7.814025693905065 
1 6 0 1.365367871920259 7.814025693905063 
1 5 0 0.5830453263714684 9.999999999716962 
1 4 0 0.5830453263714898 9.999999999525897 
1 3 0 0.9300611419041036 7.725588448242581 
2 3 0 1.201980829452243 5.45029620634629 
1 2 0 0.9300611419041064 7.725588448242581 
2 2 0 1.2019808294522432 5.450296206346291 
0 7 0 2.585786437626905 6.000000000000001 
0 6 0 2.585786437626905 6.0 
0 5 0 0.5830453263714429 10.000000000000004 
0 4 0 0.5830453263714447 10.0 
0 3 1 0.9300611419041049 8.999999999999996 
0 2 1 0.9300611419041033 9.0 
0 1 1 2.0 2.9999999999999987 
1 1 0 2.0 2.0 
0 0 1 2.0 3.0 
1 0 0 2.0 2.0 
-1 5 0 8.0 8.0 
-1 4 0 8.0 8.0 
-1 3 0 4.0 9.0 
-1 2 0 4.0 9.0 
-1 1 0 3.0 3.0 
-1 0 0 3.0 3.0 
