4 10 0 3.0 5.0 
5 10 0 5.0 5.0 
4 9 0 3.0 5.0 
5 9 0 5.0 5.0 
4 8 0 2.927896460341739 12.494063921062889 
5 8 0 5.857441915265861 12.494063921143706 
4 7 0 2.9278964603402495 12.494063921133721 
5 7 0 5.857441915265861 12.494063921143702 
4 6 0 3.647135577399461 15.976009886550159 
5 6 0 7.722775394836112 15.854618166012271 
4 5 0 3.64713557739948 15.976010568286311 
5 5 0 7.722775394836113 15.854618166012271 
4 4 0 4.889637164180128 17.903520562896798 
5 4 0 10.425670809782495 16.4451249040351 
4 3 0 4.889637157523658 17.90352056270647 
5 3 0 10.425670809782494 16.445124904035094 
4 2 0 7.213054476738772 16.999999993432986 
5 2 0 15.0 15.0 
4 1 0 7.213054476732791 16.99999999989893 
5 1 0 15.0 15.0 
3 10 0 3.0 5.0 
3 9 0 2.999999999999999 5.000000000000001 
3 8 0 1.6367491588256489 12.406018827896778 
3 7 0 1.6367491588255745 12.40601906721606 
3 6 0 1.719701521259629 15.976010472364198 
3 5 0 1.7197015212593805 15.976010569941714 
3 4 0 2.296789808548557 18.730944876321875 
3 3 0 2.2967898067131487 18.730944141841533 
3 2 0 3.6962044417513624 17.895527353704406 
3 1 0 3.6962044736948507 17.895527177147127 
3 0 0 5.345387509324656 15.760300724116338 
4 0 0 10.267949192431123 13.732050807568875 
3 -1 0 5.345387509324662 15.760300747954345 
4 -1 0 10.267949192431121 13.732050807568879 
2 10 0 2.9999999999999996 5.0 
2 9 0 2.9999999999999996 5.0 
2 8 0 1.6367491588256353 11.66494568484772 
2 7 0 1.6367491588256102 11.664945453821034 
2 6 0 0.7389934983704355 15.493615401266965 
2 5 0 0.7389934983684618 15.493615390808893 
2 4 0 0.7785040313998113 18.73094466196453 
2 3 0 0.7785040320217753 18.730945027935203 
2 2 0 1.0703523623576328 19.999999997744258 
2 1 0 1.0703523623611453 19.99999963325439 
2 0 0 2.404528639267423 16.781993142071535 
2 -1 0 2.4045286392661906 16.781994516662863 
2 -2 0 4.031962858410094 13.760332985814182 
3 -2 0 8.26794919243112 11.73205080756888 
2 -3 0 4.031962858388846 13.76033360507915 
3 -3 0 8.267949192431121 11.73205080756888 
1 10 0 2.9999999999999996 5.0 
1 9 0 3.0 5.0 
1 8 0 1.7332681637109686 10.46835428684333 
1 7 0 1.733268163710967 10.468354278275354 
1 6 0 0.7389934983659987 14.583105124630588 
1 5 0 0.7389934983658955 14.583105071732254 
1 4 0 0.2363911944075611 17.372835495049216 
1 3 0 0.23639119442212875 17.372834810754206 
1 2 0 0.38436178437695595 19.999999942361494 
1 1 0 0.38436178437719265 19.999999951360927 
1 0 0 0.7796808617695117 17.999999992384573 
1 -1 0 0.7796808616051357 17.999999993366394 
1 -2 0 1.8174122691897259 15.28857021504399 
1 -3 0 1.8174122637448382 15.288570281730987 
1 -4 0 3.168893778428883 11.647728518174299 
2 -4 0 6.267949192431121 9.732050807568875 
1 -5 0 3.1688937873091683 11.647728518174299 
2 -5 0 6.267949192431123 9.732050807568879 
0 8 0 3.0957726399220284 8.633202045775876 
0 7 0 3.095772639922028 8.633202045775871 
0 6 0 1.84601199705173 13.219017379979215 
0 5 0 1.8460119964172248 13.219017357037576 
0 4 0 0.23639119443772513 16.293056095645767 
0 3 0 0.23639119440451256 16.29305564586521 
0 2 1 0.38436178437264645 19.320678105592137 
0 1 1 0.38436178437264273 19.320670861674195 
0 0 1 0.5350819274149979 19.744704922753257 
0 -1 1 0.5350819274149938 19.744705017783506 
0 -2 0 0.44658695727631637 16.409744968151426 
0 -3 0 0.4465869573165322 16.409745708668463 
0 -4 0 2.216599655070932 13.28915097753295 
0 -5 0 2.2165996550818816 13.289150974104961 
0 -6 0 3.829913513373966 7.481194304092015 
1 -6 0 5.0 6.999999999999998 
0 -7 0 3.829913513373965 7.481194304092016 
1 -7 0 4.999999999999999 7.0 
-1 6 0 3.7275752396726114 11.500963870723325 
-1 5 0 3.7275752396692545 11.500963873259547 
-1 4 0 1.6972984399521696 14.882957553480841 
-1 3 0 1.6972984401552096 14.882957700404184 
-1 2 0 0.8644700687433248 17.788588703734852 
-1 1 0 0.8644700687285799 17.78858909648673 
-1 0 0 0.5350819274215179 19.99999929760703 
-1 -1 0 0.5350819274312436 19.999999864607435 
-1 -2 0 0.44658695727672837 17.407240654669355 
-1 -3 0 0.4465869572793381 17.40724185019135 
-1 -4 0 0.9430825026588625 14.294538253211408 
-1 -5 0 0.9430825025123916 14.294538261599843 
-1 -6 0 3.8299135133739655 7.9999999999999964 
-1 -7 0 3.8299135133739646 7.999999999999998 
-2 4 0 4.490140064782763 13.50096384462653 
-2 3 0 4.490140064781382 13.500963830177215 
-2 2 0 2.4178569251842577 16.805663650810818 
-2 1 0 2.4178569250981345 16.805663568527304 
-2 0 0 1.2789071287102487 19.99999949187316 
-2 -1 0 1.2789071303561208 19.999998860990203 
-2 -2 0 0.9704961537097465 18.876634759147105 
-2 -3 0 0.9704961536926102 18.876633885353417 
-2 -4 0 0.9430825025127901 15.763151262594642 
-2 -5 0 0.9430825025124638 15.763150971800414 
-2 -6 0 3.8299135133739655 8.000000000000002 
-2 -7 0 3.829913513373965 8.000000000000002 
-3 2 0 6.490140064781306 14.999999994398765 
-3 1 0 6.490140064781303 14.999999999999996 
-3 0 0 3.5648048016649563 17.99999996293358 
-3 -1 0 3.5648048016649545 17.999999943419763 
-3 -2 0 2.9243358220225826 19.99999999369293 
-3 -3 0 2.924335822028479 19.99999999666758 
-3 -4 0 2.1036386748783586 17.259946491395933 
-3 -5 0 2.1036386748785847 17.259946389994365 
-3 -6 0 3.8299135133739637 8.000000000000002 
-3 -7 0 3.829913513373966 8.0 
-4 0 0 8.704567250610491 16.999999999999996 
-4 -1 0 8.70456725061049 17.000000000000004 
-4 -2 0 5.905182458487242 19.999999999864603 
-4 -3 0 5.905182458487247 19.999999995595083 
-4 -4 0 4.409411970666693 17.605551275066045 
-4 -5 0 4.409411970651217 17.605551274788805 
-4 -6 0 3.829913513373967 8.000000000000002 
-4 -7 0 3.8299135133739655 8.0 
-5 -2 0 18.0 18.0 
-5 -3 0 18.0 18.0 
-5 -4 0 10.39444872453601 17.605551275463988 
-5 -5 0 10.394448724536012 17.605551275463988 
-5 -6 0 8.0 8.0 
-5 -7 0 8.0 8.0 
