5 11 0 1.9138698023485075 6.999999999999999 
6 11 0 7.0 7.0 
5 10 0 1.9138698023485052 7.0 
6 10 0 7.0 7.0 
5 9 0 2.4146640100699894 16.53112887414927 
6 9 0 8.468871125850725 16.531128874149275 
5 8 0 2.414664010069987 16.531128874149267 
6 8 0 8.468871125850725 16.531128874149275 
5 7 0 3.8783797474191966 17.999999999997907 
6 7 0 16.0 16.0 
5 6 0 3.8783797474191974 17.999999999998654 
6 6 0 16.0 16.0 
4 11 0 1.9138698023485057 7.0 
4 10 0 1.9138698023485061 6.999999999999999 
4 9 0 1.036268026536621 15.045269600728147 
4 8 0 1.0362680264925799 15.045269745592178 
4 7 0 1.569349576104662 17.999999999957954 
4 6 0 1.5693495794123755 17.999999955419522 
4 5 0 2.717168934190299 15.999999594036375 
5 5 0 6.3239094523541866 14.846752278016035 
4 4 0 2.717168934189658 15.999999900864024 
5 4 0 6.32390945235419 14.846752278016039 
3 11 0 1.9138698023485088 6.514136929335291 
3 10 0 1.9138698023485088 6.514136929335291 
3 9 0 1.036268027363202 13.4725189352199 
3 8 0 1.0362680264909414 13.472518955437163 
3 7 0 0.7217346226048155 17.36529586274584 
3 6 0 0.7217346223825285 17.365295190350793 
3 5 0 0.8857124350916943 17.99999995667128 
3 4 0 0.8857124349561969 17.999999635633113 
3 3 0 1.8355652056064387 14.617471392510854 
4 3 0 4.606497934422945 13.0 
3 2 0 1.8355652056110154 14.617472831939164 
4 2 0 4.606497934422945 12.999999999999998 
2 11 0 3.9999999999999996 6.000000000000001 
2 10 0 3.9999999999999987 6.0 
2 9 0 1.1854898938096676 11.635909463200791 
2 8 0 1.185489893809726 11.635909706196276 
2 7 0 0.7217346225643511 15.736887566732197 
2 6 0 0.7217346223333584 15.736887805003812 
2 5 0 0.4914486975637615 17.999999942895517 
2 4 0 0.49144869761518234 17.999998971948102 
2 3 0 0.5722233595451561 15.99999970352304 
2 2 0 0.5722233595451437 15.999999985158084 
2 1 0 1.6635666935253028 12.704640341739292 
3 1 0 3.684211228638116 11.0 
2 0 0 1.663566690665443 12.704640067132472 
3 0 0 3.684211228638113 11.0 
1 11 0 4.0 6.0 
1 10 0 4.0 6.0 
1 9 0 2.3149130970939322 10.283260800875007 
1 8 0 2.314913097090418 10.28326079335832 
1 7 0 0.9397068909727354 13.91624960095709 
1 6 0 0.9397068884144381 13.916248931834268 
1 5 0 0.491448697589992 17.719947832084245 
1 4 0 0.49144869756397247 17.719947795104932 
1 3 0 0.1813958136517282 17.404305249193612 
1 2 0 0.18139581359583215 17.40430548326362 
1 1 0 0.3800662313067344 14.000429308038171 
1 0 0 0.3800662313045675 14.000429270218637 
1 -1 0 1.4563215750833212 10.154615684434553 
2 -1 0 3.567732235549112 8.652119932417577 
1 -2 0 1.4563215750825567 10.154615684447965 
2 -2 0 3.5677322355491126 8.652119932417575 
0 9 0 5.0 8.999999999999998 
0 8 0 5.0 9.000000000000004 
0 7 0 2.2635427780156636 12.472079407330812 
0 6 0 2.263542778982422 12.472079906897937 
0 5 0 0.6663369650962282 15.999999909957122 
0 4 0 0.6663369654206671 15.999999817529599 
0 3 0 0.18139581359516796 17.99999993543422 
0 2 0 0.18139581361469054 17.99999998902836 
0 1 1 0.3800662313044475 14.941856333612877 
0 0 1 0.3800662313044458 14.941856307146987 
0 -1 1 1.4563215750825431 10.944970357963927 
0 -2 1 1.4563215750825427 10.944970357772767 
0 -3 0 3.0 5.0 
1 -3 0 3.0 5.0 
0 -4 0 3.0 5.0 
1 -4 0 3.000000000000001 5.0 
-1 7 0 6.999999999999998 11.000000000000002 
-1 6 0 7.000000000000002 11.0 
-1 5 0 4.124949734785429 14.083554975544137 
-1 4 0 4.124949730148752 14.083554877990862 
-1 3 0 2.298983029001872 17.999999999956465 
-1 2 0 2.2989830293266045 17.99999999998559 
-1 1 0 1.8586664704679532 16.082204017851353 
-1 0 0 1.8586664704691607 16.082204025882913 
-1 -1 0 1.7314731770185317 11.88474513323126 
-1 -2 0 1.731473177018495 11.884745018819387 
-1 -3 0 3.0 5.0 
-1 -4 0 2.999999999999999 5.0 
-2 5 0 10.0 13.0 
-2 4 0 9.999999999999998 13.0 
-2 3 0 6.032442690570392 15.99999999820696 
-2 2 0 6.0324426905703925 15.99999999999924 
-2 1 0 3.686570970040404 16.08220402892006 
-2 0 0 3.686570969978898 16.082204028919993 
-2 -1 0 3.137969255359865 12.181943336052383 
-2 -2 0 3.137969255359808 12.181943336052367 
-2 -3 0 3.0 5.0 
-2 -4 0 3.0 5.000000000000001 
-3 3 0 14.0 14.0 
-3 2 0 14.0 14.0 
-3 1 0 10.411636009314895 15.181943336052393 
-3 0 0 10.411636009314895 15.181943336052392 
-3 -1 0 7.411636009314895 12.181943336052392 
-3 -2 0 7.411636009314896 12.181943336052393 
-3 -3 0 5.0 5.0 
-3 -4 0 5.0 5.0 
