4 12 0 2.0 2.0 
5 12 0 2.0 2.0 
4 11 0 2.0 2.0 
5 11 0 2.0 2.0 
4 10 0 0.937579411601901 7.361468766185828 
5 10 0 2.471082042705638 7.361468766185827 
4 9 0 0.9375794116018978 7.361468766185827 
5 9 0 2.471082042705639 7.361468766185827 
4 8 0 1.104929248861685 11.563085038816459 
5 8 0 3.4550460117755066 11.563085038817166 
4 7 0 1.1049292488616238 11.563085038800542 
5 7 0 3.4550460117755084 11.563085038817167 
4 6 0 1.7213719013698034 13.781950271701971 
5 6 0 4.609178143822071 13.734978155988719 
4 5 0 1.721371901369649 13.781950271701298 
5 5 0 4.609178143822075 13.73497815598871 
4 4 0 2.7870690235795865 14.727433943797157 
5 4 0 6.336944906504332 14.067890489297074 
4 3 0 2.787069023580061 14.727433871326093 
5 3 0 6.336944906504332 14.067890489297069 
4 2 0 4.297256714458857 14.061194995459518 
5 2 0 8.459890787611034 13.113110629803892 
4 1 0 4.297256744868416 14.061194894808029 
5 1 0 8.459890787611034 13.113110629803895 
4 0 0 6.338471542479758 12.073157964057277 
5 0 0 11.0 11.0 
4 -1 0 6.338471542479761 12.073157964057284 
5 -1 0 11.0 11.0 
3 12 0 2.0 2.0 
3 11 0 2.0 2.0 
3 10 0 0.9375794116019035 7.236053392601396 
3 9 0 0.9375794116019011 7.236053392601396 
3 8 1 0.9508138967609201 11.342251272851462 
3 7 1 0.9508138967608941 11.342251272876801 
3 6 0 0.34402122385643286 13.781949325013104 
3 5 0 0.3440212237703243 13.781949940316547 
3 4 0 0.9828224421199508 15.400989349677003 
3 3 0 0.9828224420050343 15.40098949920027 
3 2 0 2.0134571250749973 15.089899409575851 
3 1 0 2.013457121533547 15.089899400938274 
3 0 0 3.2910963569354985 12.967594153254375 
3 -1 0 3.291096338290538 12.967594765992807 
3 -2 0 4.965714549688 10.303018278255783 
4 -2 0 9.0 9.0 
3 -3 0 4.965714549687998 10.303018278255784 
4 -3 0 9.0 9.0 
2 10 0 2.18639349735167 6.342923082777171 
2 9 0 2.1863934973516694 6.342923082777169 
2 8 0 0.950813896925582 10.912217025296016 
2 7 0 0.9508138968705858 10.912217025308195 
2 6 1 0.3440212237703217 13.643301534715444 
2 5 1 0.34402122377032207 13.643301525493946 
2 4 1 0.6363050353385034 15.58569317205399 
2 3 1 0.636305035338511 15.585693020336985 
2 2 0 0.9956822902593152 16.344073389355543 
2 1 0 0.9956822883667551 16.34407337444507 
2 0 0 2.514168649310378 14.999999972956047 
2 -1 0 2.5141686557465346 14.999999902946005 
2 -2 0 4.494721072415693 11.66599468899932 
2 -3 0 4.494721039143708 11.665994728509165 
2 -4 0 6.999999999999999 7.0 
3 -4 0 7.0 7.0 
2 -5 0 6.999999999999999 7.0 
3 -5 0 7.0 7.0 
1 8 0 2.5294025175295456 9.629715648709212 
1 7 0 2.5294025175294657 9.629715648709201 
1 6 0 1.250528295144361 12.834027192705253 
1 5 0 1.2505282966653684 12.834026642451605 
1 4 0 0.636305035338654 15.5856931551903 
1 3 0 0.6363050353388915 15.585693135936255 
1 2 1 0.9956822883643092 17.51952434332149 
1 1 1 0.9956822883643099 17.519486249461725 
1 0 0 1.7585626237219152 15.999999999193484 
1 -1 0 1.7585626237220182 15.99999997992922 
1 -2 0 4.1828801910458555 12.999999999704052 
1 -3 0 4.182880121125842 12.999999999949946 
1 -4 0 6.999999999999999 7.0 
1 -5 0 7.0 7.000000000000001 
0 6 0 2.50125144576705 11.617957050106634 
0 5 0 2.5012514459286233 11.617957050179983 
0 4 0 0.9197917698946821 14.566175114472605 
0 3 0 0.9197917682508049 14.56617592347025 
0 2 2 1.2144955880481352 17.518759118440453 
0 1 2 1.214495588048157 17.51953486043607 
0 0 2 1.1824973924253344 17.999999996965517 
0 -1 2 1.491198370203125 17.999999983602574 
0 -2 0 1.2274620490538528 14.575227719631263 
0 -3 0 1.2274620490538488 14.575227685081533 
0 -4 0 3.0 8.0 
0 -5 0 2.999999999999998 8.0 
-1 4 0 3.1070632362149273 12.999999729531632 
-1 3 0 3.1070632362152004 12.999999534095478 
-1 2 0 0.8547847430763158 15.91701854095017 
-1 1 0 0.8547847430762674 15.917019179177684 
-1 0 1 0.9338196389509825 17.999999973894823 
-1 -1 1 0.9338196389509855 17.999999838207373 
-1 -2 0 0.5271963713248853 15.291923887904836 
-1 -3 0 0.5271963712728996 15.29192349602963 
-1 -4 0 1.9999999999999998 8.000000000000002 
-1 -5 0 1.9999999999999991 8.000000000000002 
-2 2 0 3.1120180916086317 14.846383815524929 
-2 1 0 3.112018091608636 14.846383815524927 
-2 0 0 0.9338196389509913 17.99999999754285 
-2 -1 0 0.933819638950986 17.999999597775926 
-2 -2 0 0.5271963712724248 16.805535503804723 
-2 -3 0 0.5271963712723803 16.80553550277769 
-2 -4 1 2.0000000000000004 8.603031858193145 
-2 -5 1 2.000000000000001 8.603031858193145 
-3 0 0 5.733077332960205 16.0 
-3 -1 0 5.733077332960201 16.0 
-3 -2 0 3.5132386669867093 18.0 
-3 -3 0 3.5132386669867124 18.0 
-3 -4 0 2.7845334521348586 9.0 
-3 -5 0 2.7845334521348577 9.000000000000002 
-4 -2 0 18.0 18.0 
-4 -3 0 18.0 18.0 
-4 -4 0 9.0 9.0 
-4 -5 0 9.0 9.0 
