1 5 1 1.9999999999999998 1.9999999999999998 
2 5 0 2.0 2.0 
1 4 1 2.0 2.0 
2 4 0 2.0 2.0 
1 3 2 0.6570769172228272 5.732050807568877 
2 3 0 2.267949192431123 5.732050807568878 
1 2 2 0.6570769172228308 5.732050807568878 
2 2 0 2.267949192431123 5.732050807568878 
1 1 1 0.43636210766567596 7.506172413772653 
2 1 0 3.5188056959079845 7.170086486626033 
1 0 1 0.43636210766567607 7.506172413772652 
2 0 0 3.5188056959079845 7.170086486626033 
1 -1 0 0.5258063413896239 6.586874512018427 
2 -1 0 6.0 6.0 
1 -2 0 0.5258063413896236 6.586874512018427 
2 -2 0 6.0 6.0 
0 3 0 0.6570769172228295 5.000000000000001 
0 2 0 0.6570769172228303 5.0 
0 1 0 0.4363621076656779 7.506172413772654 
0 0 0 0.4363621076656785 7.506172413772655 
0 -1 0 0.5258063413896231 7.236067977499788 
0 -2 0 0.5258063413896235 7.23606797749979 
0 -3 0 2.0 4.000000000000001 
1 -3 0 2.0 4.0 
0 -4 0 1.9999999999999998 4.0 
1 -4 0 2.0 4.0 
-1 1 0 2.438447187191169 7.0 
-1 0 0 2.4384471871911697 6.999999999999999 
-1 -1 0 1.4530484824648853 8.0 
-1 -2 0 1.4530484824648857 8.000000000000002 
-1 -3 0 1.9999999999999996 4.0 
-1 -4 0 2.0 4.0 
-2 -1 0 8.0 8.0 
-2 -2 0 8.0 8.0 
-2 -3 0 4.0 4.0 
-2 -4 0 4.0 4.0 
