4 10 0 3.999999999999999 6.0 
5 10 0 6.0 6.0 
4 9 0 3.999999999999999 6.0 
5 9 0 6.0 6.0 
4 8 0 2.8152676289579457 12.0 
5 8 0 12.0 12.0 
4 7 0 2.8152676289579466 12.000000000000002 
5 7 0 12.0 12.0 
3 10 0 1.9999999999999991 6.000000000000001 
3 9 0 1.9999999999999993 6.0 
3 8 0 1.2303166106552577 10.828427124745893 
3 7 0 1.2303166106552577 10.828427124746014 
3 6 0 0.9073814892915107 11.418550718873846 
4 6 0 3.999999999999999 10.000000000000002 
3 5 0 0.9073814886757535 11.418550718873844 
4 5 0 4.0 10.000000000000002 
2 10 1 1.9999999999999996 5.999999999999999 
2 9 1 1.9999999999999987 6.000000000000002 
2 8 4 1.550510257216819 9.585554589505792 
2 7 4 1.2303166106552557 9.585554589506055 
2 6 6 0.9073814886757569 11.418550718873846 
2 5 6 1.9059646407573259 11.41855071887385 
2 4 4 1.230316610655257 9.585554589505676 
3 4 0 1.5505102572168212 8.0 
2 3 4 1.230316610655257 9.585554589505298 
3 3 0 1.5505102572168232 8.000000000000004 
1 8 0 1.550510257216824 8.0 
1 7 0 1.5505102572168223 8.000000000000002 
1 6 0 0.9073814886796011 11.418550718873846 
1 5 0 0.9073814886757544 11.41855071887385 
1 4 0 1.230316610655256 10.828427124745412 
1 3 0 1.2303166106552559 10.828427124744913 
1 2 0 1.9999999999999996 6.000000000000001 
2 2 1 1.9999999999999993 6.000000000000001 
1 1 0 1.9999999999999996 6.000000000000002 
2 1 1 1.9999999999999996 6.0 
0 6 0 4.0 10.0 
0 5 0 3.999999999999999 10.0 
0 4 0 2.8152676289579457 12.000000000000002 
0 3 0 2.8152676289579444 12.0 
0 2 0 4.0 6.0 
0 1 0 4.0 6.000000000000001 
-1 4 0 12.0 12.0 
-1 3 0 12.0 12.0 
-1 2 0 6.0 6.0 
-1 1 0 6.0 6.0 
