3 9 1 2.0 3.0 
4 9 0 3.0 3.0 
3 8 1 2.0 3.000000000000001 
4 8 0 3.0 3.0 
3 7 0 0.5046236241029691 11.274917217635375 
4 7 0 3.725082782364625 11.274917217635377 
3 6 0 0.5046236241029709 11.274917217635371 
4 6 0 3.7250827823646255 11.274917217635377 
3 5 0 1.2009760474298896 13.187184392154279 
4 5 0 5.298437881283576 11.701562118716424 
3 4 0 1.2009760476077427 13.187184423250683 
4 4 0 5.298437881283576 11.701562118716424 
3 3 0 2.578628937781029 12.000000000000004 
4 3 0 10.0 10.0 
3 2 0 2.578628937781028 12.000000000000005 
4 2 0 10.0 10.0 
2 9 0 2.0 2.0 
2 8 0 2.0 2.0 
2 7 1 0.5046236241029686 8.951261505279163 
2 6 1 0.5046236241029699 8.95126150527916 
2 5 1 0.7364408323441033 13.187184465915564 
2 4 1 0.7364408323441041 13.187184465883545 
2 3 0 0.7902552369034225 13.999999886483103 
2 2 0 0.7902552369025824 13.999999999997309 
2 1 0 2.624839497250481 10.0 
3 1 0 4.585786437626904 8.0 
2 0 0 2.624839497250484 10.0 
3 0 0 4.585786437626904 8.0 
1 7 0 2.5107114281899214 7.778457118258389 
1 6 0 2.510711428189922 7.778457118258388 
1 5 0 0.7364408323441027 11.999999999903638 
1 4 0 0.7364408323441031 11.99999999909521 
1 3 1 0.7902552369025503 13.999999999231049 
1 2 1 0.7902552369025437 13.999999999034923 
1 1 0 1.5253703502715739 11.999999916169315 
1 0 0 1.5253703502541143 11.999999079867333 
1 -1 0 3.6570769172228297 7.813606502648332 
2 -1 0 5.0 5.0 
1 -2 0 3.6570769172228306 7.81360650264833 
2 -2 0 5.0 5.0 
0 7 0 4.0 4.0 
0 6 0 4.0 4.0 
0 5 0 1.4486179894138353 10.000000000000002 
0 4 0 1.44861798941383 10.0 
0 3 2 1.4923280547166207 13.999999999593237 
0 2 2 1.4923280547166182 13.999999999874602 
0 1 2 1.8238462539332865 13.999999999718128 
0 0 2 1.82384625405263 13.999999998665565 
0 -1 0 0.7142629909449777 9.645751311064588 
0 -2 0 0.7142629909449819 9.645751311064586 
-1 5 0 4.585786437626906 7.414213562373094 
-1 4 0 4.585786437626904 7.414213562373095 
-1 3 0 1.4923280547212794 11.99999991855454 
-1 2 0 1.492328054778397 11.999999882383376 
-1 1 1 1.5207307015601406 13.99999999945156 
-1 0 1 1.520730701560133 13.999999999564066 
-1 -1 0 0.587640144315245 11.377384050778517 
-1 -2 0 0.5876401443152444 11.377384043088435 
-1 -3 0 2.0000000000000004 3.0 
0 -3 0 3.0 3.0 
-1 -4 0 2.0 3.0000000000000004 
0 -4 0 3.0 3.0 
-2 3 0 3.5505102572168226 9.0 
-2 2 0 3.55051025721682 9.0 
-2 1 0 1.5207307015601352 14.0 
-2 0 0 1.5207307015601337 13.999999999999998 
-2 -1 0 0.587640144315242 12.70156211871642 
-2 -2 0 0.5876401443152409 12.701562118716424 
-2 -3 1 1.9999999999999993 4.999999999999999 
-2 -4 1 2.0 5.0 
-3 1 0 12.0 12.0 
-3 0 0 12.0 12.0 
-3 -1 0 6.2984378812835775 12.701562118716424 
-3 -2 0 6.298437881283577 12.701562118716424 
-3 -3 0 5.0 5.0 
-3 -4 0 5.0 5.0 
