0 2 0 0.9999999999999996 3.0 
1 2 0 3.0 3.0 
0 1 0 1.0000000000000004 3.0 
1 1 0 3.0 3.0 
0 0 0 1.0000000000000002 5.618033988749895 
1 0 0 3.381966011250105 5.618033988749895 
0 -1 0 0.9999999999999999 5.618033988749896 
1 -1 0 3.3819660112501047 5.618033988749895 
0 -2 0 1.0000000000000007 7.618033988749898 
1 -2 0 4.999999999999999 7.618033988749894 
0 -3 0 0.9999999999999997 7.618033988749896 
1 -3 0 5.000000000000001 7.618033988749895 
0 -4 0 1.3819660112501058 7.618033988749895 
1 -4 0 7.0 7.0 
0 -5 0 1.3819660112501055 7.618033988749895 
1 -5 0 7.0 7.0 
-1 2 0 1.0000000000000002 3.0 
-1 1 0 1.0 3.0 
-1 0 1 0.9999999999999987 5.618033988749895 
-1 -1 1 0.9999999999999999 5.618033988749894 
-1 -2 3 1.0000000000000007 7.618033988749893 
-1 -3 3 0.9999999999999976 7.618033988749895 
-1 -4 3 0.9999999999999998 7.618033988749896 
-1 -5 3 0.9999999999999977 7.618033988749897 
-1 -6 1 1.0000000000000007 5.618033988749895 
0 -6 0 3.0 5.0 
-1 -7 1 1.0000000000000009 5.618033988749894 
0 -7 0 3.0000000000000004 5.0 
-2 0 0 3.0 5.0 
-2 -1 0 3.0 5.0 
-2 -2 0 1.381966011250105 7.618033988749895 
-2 -3 0 1.3819660112501049 7.618033988749893 
-2 -4 0 0.9999999999999997 7.618033988749897 
-2 -5 0 0.9999999999999976 7.618033988749895 
-2 -6 0 0.999999999999999 5.618033988749896 
-2 -7 0 0.9999999999999982 5.618033988749896 
-2 -8 0 0.9999999999999999 3.0 
-1 -8 0 1.0000000000000002 3.0 
-2 -9 0 1.0 3.0 
-1 -9 0 0.9999999999999999 3.0 
-3 -2 0 7.0 7.0 
-3 -3 0 7.0 7.0 
-3 -4 0 5.0 7.618033988749895 
-3 -5 0 4.999999999999999 7.618033988749896 
-3 -6 0 3.381966011250105 5.618033988749895 
-3 -7 0 3.3819660112501055 5.618033988749894 
-3 -8 0 3.0 3.0 
-3 -9 0 3.0 3.0 
