0 2 1 1.9999999999999998 1.9999999999999998 
1 2 0 2.0 2.0 
0 1 1 2.0 2.0 
1 1 0 2.0 2.0 
0 0 2 1.9999999999999982 7.236067977499789 
1 0 0 2.7639320225002106 7.23606797749979 
0 -1 2 2.000000000000001 7.2360679774997925 
1 -1 0 2.7639320225002106 7.23606797749979 
0 -2 1 1.1715728752538104 8.000000000000002 
1 -2 0 6.0 6.0 
0 -3 1 1.1715728752538097 8.000000000000002 
1 -3 0 6.0 6.0 
-1 0 0 1.9999999999999991 6.000000000000001 
-1 -1 0 1.9999999999999998 6.000000000000001 
-1 -2 0 1.1715728752538093 8.000000000000002 
-1 -3 0 1.1715728752538088 8.000000000000002 
-1 -4 0 1.9999999999999991 6.000000000000002 
0 -4 0 2.0 4.0 
-1 -5 0 1.9999999999999996 6.0 
0 -5 0 2.0 3.9999999999999996 
-2 0 0 2.0 4.0 
-2 -1 0 2.0000000000000004 4.0 
-2 -2 1 1.171572875253811 7.999999999999999 
-2 -3 1 1.1715728752538106 7.999999999999998 
-2 -4 2 2.000000000000001 7.236067977499791 
-2 -5 2 2.0000000000000004 7.236067977499791 
-3 -2 0 6.0 6.0 
-3 -3 0 6.0 6.0 
-3 -4 0 2.76393202250021 7.236067977499789 
-3 -5 0 2.76393202250021 7.23606797749979 
-3 -6 0 2.0 2.0 
-2 -6 1 2.0 2.0 
-3 -7 0 2.0 2.0 
-2 -7 1 2.0 2.0 
