3 7 0 2.0000000000000004 4.0 
4 7 0 4.0 4.0 
3 6 0 2.000000000000001 4.0 
4 6 0 4.0 4.0 
3 5 0 2.0522765175623356 10.895106515927534 
4 5 0 5.707598414775378 10.89510651592753 
3 4 0 2.0522765175623356 10.895106515927534 
4 4 0 5.707598414775379 10.895106515927528 
3 3 0 2.7493061809819745 14.694388525072148 
4 3 0 8.651105782499284 13.744826077681923 
3 2 0 2.749306181024389 14.694388535758009 
4 2 0 8.651105782499284 13.744826077681923 
3 1 0 4.976867807077545 13.999999999999998 
4 1 0 12.0 12.0 
3 0 0 4.97686780707755 13.999999999999998 
4 0 0 12.0 12.0 
2 7 0 2.0 4.0 
2 6 0 1.9999999999999996 4.0 
2 5 0 0.4811314093486122 10.477094396109923 
2 4 0 0.4811314091427871 10.47709439608795 
2 3 0 0.5728411859312545 14.694388554961549 
2 2 0 0.5728411859312456 14.694388220492542 
2 1 0 0.9255370615264983 15.999999999978229 
2 0 0 0.9255370608834811 15.999999999867565 
2 -1 0 2.531184569959004 12.999999993545138 
3 -1 0 8.000000000000002 10.999999999999998 
2 -2 0 2.5311845699591244 12.999999999778307 
3 -2 0 7.999999999999999 10.999999999999998 
1 7 0 2.0 4.0 
1 6 0 1.9999999999999998 3.9999999999999996 
1 5 0 0.4811314091364227 10.423247291568732 
1 4 0 0.4811314091363728 10.423247291568734 
1 3 0 0.32218644758581066 13.30885033118869 
1 2 0 0.3221864475858109 13.308850324339698 
1 1 0 0.3818470931824823 15.99999989935504 
1 0 0 0.3818470931897073 15.999999901692933 
1 -1 0 0.7491821637006906 13.909960971212145 
1 -2 0 0.7491821631237555 13.909960874672853 
1 -3 0 1.7721721191659432 10.761557181794828 
2 -3 0 5.0 9.0 
1 -4 0 1.7721721191658835 10.761557181785154 
2 -4 0 5.000000000000001 8.999999999999996 
0 5 0 2.4695034645480125 9.114591559415844 
0 4 0 2.4695034645480103 9.114591559415844 
0 3 0 0.32218644758581727 12.52438148262709 
0 2 0 0.32218644758582293 12.52438153363215 
0 1 1 0.3818470931824805 15.580634913936265 
0 0 1 0.38184709318248017 15.580635723667305 
0 -1 1 0.5855364475238709 15.672885227638357 
0 -2 1 0.5855364477728789 15.672886986093378 
0 -3 0 0.4531696263812349 12.57358012400056 
0 -4 0 0.4531696263812389 12.57358016550679 
0 -5 0 2.8751145802354254 7.761557181831893 
1 -5 0 4.0 6.0 
0 -6 0 2.875114580235426 7.7615571818318925 
1 -6 0 4.0 6.0 
-1 5 0 5.0 5.0 
-1 4 0 5.0 5.0 
-1 3 0 2.6622176579828074 11.585873366975004 
-1 2 0 2.6622176566533864 11.585873393600219 
-1 1 0 0.6828597740174132 13.92347338502551 
-1 0 0 0.6828597740170386 13.923473074697256 
-1 -1 0 0.5855364475331953 15.999999996970516 
-1 -2 0 0.5855364484553207 15.999999723821256 
-1 -3 0 0.4531696263812347 13.507668750161526 
-1 -4 0 0.4531696264383658 13.507669200191742 
-1 -5 0 0.9277905570030192 9.701578101531792 
-1 -6 0 0.9277905570030165 9.701578101531794 
-2 3 0 5.999999999999999 9.0 
-2 2 0 6.0 9.0 
-2 1 0 3.1071786664505794 12.99999986689119 
-2 0 0 3.1071786670201114 12.999999913100877 
-2 -1 0 1.2609415899589254 15.999999991721308 
-2 -2 0 1.2609415899589296 15.999999999714332 
-2 -3 0 0.8513081130924511 15.151186223411594 
-2 -4 0 0.8513081130925927 15.151186223189711 
-2 -5 0 0.9277905570035956 11.185953859860557 
-2 -6 0 0.9277905570031497 11.185953859860568 
-2 -7 0 2.9999999999999996 3.0 
-1 -7 0 3.0 3.0 
-2 -8 0 3.0 3.0 
-1 -8 0 3.0 3.0 
-3 1 0 6.999999999999999 10.0 
-3 0 0 6.999999999999999 10.0 
-3 -1 0 4.120943978112086 13.999999999999998 
-3 -2 0 4.120943978112085 14.0 
-3 -3 0 2.509182739719333 15.151186184937785 
-3 -4 0 2.5091827379927616 15.151186215018328 
-3 -5 0 2.0660770028341853 12.828864774980927 
-3 -6 0 2.0660770028341857 12.828864774980934 
-3 -7 0 3.0 3.0 
-3 -8 0 2.9999999999999996 3.0 
-4 -1 0 11.0 11.0 
-4 -2 0 11.0 11.0 
-4 -3 0 5.594875162046673 13.405124837953327 
-4 -4 0 5.594875162046672 13.405124837953327 
-4 -5 0 3.7593206980037364 12.828864774980929 
-4 -6 0 3.7593206980037386 12.828864774980929 
-4 -7 0 3.0 3.0 
-4 -8 0 3.0 3.0 
