1 -1 0 1.4384471871911713 5.999999999999999 
2 -1 0 6.0 6.0 
1 -2 0 1.4384471871911697 6.0 
2 -2 0 6.0 6.0 
1 -3 0 2.1363110147839417 16.242640687119295 
2 -3 0 7.757359312880715 16.242640687119284 
1 -4 0 2.1363110147839377 16.242640687119284 
2 -4 0 7.757359312880717 16.242640687119287 
1 -5 0 2.887623137849759 17.999999999999996 
2 -5 0 15.0 15.0 
1 -6 0 2.8876231378497548 17.999999999999996 
2 -6 0 15.0 15.0 
0 -1 1 1.4384471871911697 5.56155281280883 
0 -2 1 1.4384471871911686 5.561552812808831 
0 -3 1 0.2538611892772479 14.702936451131734 
0 -4 1 0.25386118927724977 14.702936451016406 
0 -5 0 0.21654826387148 17.99999999896923 
0 -6 0 0.2165482638620185 17.999999925763458 
0 -7 0 1.0709619483943456 15.999999382471739 
1 -7 0 5.943939693694011 12.841222070050065 
0 -8 0 1.070961948505586 15.99999999998359 
1 -8 0 5.94393969369401 12.84122207005006 
-1 -1 0 2.0 4.0 
-1 -2 0 2.0 4.0 
-1 -3 0 0.2538611892772506 13.098050057155968 
-1 -4 0 0.25386118927724893 13.098050057156003 
-1 -5 0 0.21654826385209525 17.529138325928514 
-1 -6 0 0.21654826388751208 17.52913843835323 
-1 -7 0 0.33349027674728166 17.99999996700133 
-1 -8 0 0.33349027674728504 17.999999946922852 
-1 -9 0 1.7552010524332808 13.931889584821093 
0 -9 0 4.176094347759937 10.0 
-1 -10 0 1.755201057939784 13.931889581807974 
0 -10 0 4.176094347759936 10.0 
-2 -3 0 2.500038844064968 11.55264019010595 
-2 -4 0 2.5000388440649646 11.552640190105942 
-2 -5 1 0.6372177575374409 15.868039075093847 
-2 -6 1 0.6372177575374421 15.868039597092759 
-2 -7 0 0.12367420160343917 17.999999909373713 
-2 -8 0 0.12367420160022773 17.999999895810973 
-2 -9 0 0.49205588524674676 15.99999998926928 
-2 -10 0 0.49205588520144244 15.99999998671315 
-2 -11 0 1.5285778316675178 11.440865471096156 
-1 -11 0 5.0 7.0 
-2 -12 0 1.5285778316615481 11.440865756173778 
-1 -12 0 5.000000000000001 7.000000000000001 
-3 -3 0 2.9999999999999973 8.561552812808829 
-3 -4 0 3.000000000000002 8.561552812808833 
-3 -5 0 1.4418401642660814 14.379584104033032 
-3 -6 0 1.4418401644365846 14.379583700817104 
-3 -7 0 0.12367420160294916 17.99999999906621 
-3 -8 0 0.12367420160753576 17.999999925913652 
-3 -9 1 0.27389786090036844 17.755195447435604 
-3 -10 1 0.2738978609003683 17.754965530604963 
-3 -11 0 0.1860451317767323 13.99999995619364 
-3 -12 0 0.18604513177672893 13.999999831719347 
-4 -3 0 5.0 7.0 
-4 -4 0 5.0 7.0 
-4 -5 0 3.252644966437735 12.757317360310195 
-4 -6 0 3.2526449664375674 12.757317360297042 
-4 -7 0 1.6312281798373918 15.999999956370873 
-4 -8 0 1.63122818152433 15.9999999575328 
-4 -9 0 0.2738978609008296 17.756258958320487 
-4 -10 0 0.2738978609005127 17.75582780828492 
-4 -11 0 0.18604513177673684 15.779002094746586 
-4 -12 0 0.18604513177672405 15.779001648876704 
-4 -13 0 0.3104173843061623 11.853299320208635 
-3 -13 0 1.0508144470108736 8.699536959530807 
-4 -14 0 0.31041738430609817 11.853299319457193 
-3 -14 0 1.0508144470108758 8.699536959530814 
-5 -5 0 5.697224362268006 11.000000000000002 
-5 -6 0 5.697224362268004 10.999999999999996 
-5 -7 0 3.630998094093998 14.99999974710747 
-5 -8 0 3.630998096269651 14.999999079184505 
-5 -9 0 2.0432638522715747 16.299841557817647 
-5 -10 0 2.0432638522666986 16.299841494472172 
-5 -11 0 0.5786301597096218 15.779002063946082 
-5 -12 0 0.578630159736242 15.779002117083902 
-5 -13 0 0.3104173843448792 13.615383210721115 
-5 -14 0 0.3104173843512209 13.615383375855144 
-5 -15 0 0.5538350811506915 8.949096471994308 
-4 -15 0 2.0 4.0 
-5 -16 0 0.5538350811506922 8.949096471994306 
-4 -16 0 1.9999999999999993 4.0 
-6 -5 0 8.0 8.0 
-6 -6 0 8.0 8.0 
-6 -7 0 5.100228804413324 13.000000000000002 
-6 -8 0 5.100228804413325 12.999999999999998 
-6 -9 0 3.5403134602939508 14.938826684156798 
-6 -10 0 3.540313460290155 14.938826662613907 
-6 -11 0 2.0849381546211747 15.657817657130519 
-6 -12 0 2.084938154937345 15.657817005333618 
-6 -13 0 0.8959546043701989 13.615383369528473 
-6 -14 0 0.8959546043702596 13.61538334902156 
-6 -15 0 0.5538350811506908 11.055595541818791 
-6 -16 0 0.5538350811506919 11.055595541818787 
-7 -7 0 10.0 10.0 
-7 -8 0 10.0 10.0 
-7 -9 0 5.642972828133801 13.506005833637287 
-7 -10 0 5.642972828133797 13.506005833637289 
-7 -11 0 3.959414801341767 14.149003868094233 
-7 -12 0 3.9594148013417683 14.149003868094237 
-7 -13 0 2.554061477796147 13.391925365513012 
-7 -14 0 2.55406147779615 13.391925365513014 
-7 -15 0 1.5917933772849844 11.055595541818793 
-7 -16 0 1.5917933772849842 11.05559554181879 
-7 -17 0 1.0 1.0 
-6 -17 0 1.0 1.0 
-7 -18 0 1.0 1.0 
-6 -18 0 1.0 1.0 
