2 6 0 1.0000000000000002 4.0 
3 6 0 4.0 4.0 
2 5 0 1.0 4.0 
3 5 0 4.0 4.0 
2 4 0 0.999999999999998 8.56155281280883 
3 4 0 4.438447187191168 8.56155281280883 
2 3 0 1.0000000000000007 8.561552812808833 
3 3 0 4.438447187191168 8.56155281280883 
2 2 0 1.4334418335148573 12.86432844906913 
3 2 0 5.135671549459175 12.864328450540823 
2 1 0 1.4334418338524482 12.864328450420121 
3 1 0 5.135671549459175 12.864328450540828 
2 0 0 1.8718890227573357 13.302775636993852 
3 0 0 7.697224362268004 12.56155281280883 
2 -1 0 1.8718890280260962 13.302775637700883 
3 -1 0 7.6972243622680026 12.561552812808829 
2 -2 0 3.0242336248180757 12.999999999999982 
3 -2 0 11.0 11.0 
2 -3 0 3.0242336248180726 12.999999999999915 
3 -3 0 11.0 11.0 
1 6 0 1.0000000000000004 3.999999999999999 
1 5 0 0.9999999999999999 4.0 
1 4 0 0.5857864376350268 8.561552801003787 
1 3 0 0.5857864376353248 8.561552812453709 
1 2 0 0.5857864376848528 12.864328450540828 
1 1 0 0.5857864391190017 12.86432845054082 
1 0 0 0.7639320225012697 13.561552812598828 
1 -1 0 0.763932022500225 13.56155239859141 
1 -2 0 1.1973738561673997 13.608699240634822 
1 -3 0 1.1973738560297607 13.608698513508973 
1 -4 0 2.3497184601271166 10.999999243548785 
2 -4 0 5.585786437626905 9.0 
1 -5 0 2.3497184601271157 10.999999935625382 
2 -5 0 5.585786437626905 9.000000000000002 
0 6 0 3.0 3.0 
0 5 0 3.0 3.0 
0 4 0 0.5857864376269054 7.656139962907155 
0 3 0 0.5857864376269065 7.656139962907156 
0 2 1 0.5857864376269054 12.21769272451538 
0 1 1 0.5857864376269066 12.217692775715978 
0 0 2 0.7639320225002103 13.561552716108524 
0 -1 2 0.7639320225002126 13.561552812442782 
0 -2 1 0.43344183351485827 13.999999989259983 
0 -3 1 0.43344183351485766 13.999999960833048 
0 -4 0 0.43344183351486537 12.590563980132771 
0 -5 0 0.43344183351499127 12.590564177905353 
0 -6 0 1.5857864376269062 8.590564251509898 
1 -6 0 3.585786437626906 6.999999999999999 
0 -7 0 1.5857864376269075 8.5905642515099 
1 -7 0 3.585786437626905 7.000000000000001 
-1 4 0 2.5857864376269046 6.000000000000001 
-1 3 0 2.585786437626906 6.000000000000001 
-1 2 0 1.1619295832747727 10.656139962907114 
-1 1 0 1.1619295832747718 10.65613996290713 
-1 0 0 0.5761431458405126 13.561552812754496 
-1 -1 0 0.5761431458717767 13.561552806800513 
-1 -2 0 0.43344183383324913 13.99999999171579 
-1 -3 0 0.4334418335183845 13.999999975725027 
-1 -4 0 0.43344183351486154 13.236067304388593 
-1 -5 0 0.4334418335148565 13.236067977499692 
-1 -6 0 0.7639320226621648 9.590564249922576 
-1 -7 0 0.7639320225010313 9.590564251443986 
-1 -8 0 1.9999999999999998 5.0 
0 -8 0 4.0 4.0 
-1 -9 0 2.0000000000000004 5.0 
0 -9 0 4.0 4.0 
-2 2 0 3.585786437626906 9.0 
-2 1 0 3.585786437626907 8.999999999999998 
-2 0 0 1.7076051547095672 12.656139962154462 
-2 -1 0 1.707605154706461 12.656139962906982 
-2 -2 0 1.1218187194583351 13.999999998596 
-2 -3 0 1.1218187170951908 13.999999999809154 
-2 -4 0 0.7639320225012045 13.236067788895054 
-2 -5 0 0.7639320225021295 13.236067758474768 
-2 -6 0 0.7639320225010064 10.236067977499395 
-2 -7 0 0.7639320225003319 10.23606797748074 
-2 -8 0 1.9999999999999998 5.0 
-2 -9 0 2.0 5.0 
-3 0 0 6.585786437626907 10.999999999999998 
-3 -1 0 6.585786437626906 11.0 
-3 -2 0 3.3497184601271135 13.999999999999998 
-3 -3 0 3.349718460127112 14.0 
-3 -4 0 2.5857864379957687 13.23606797749845 
-3 -5 0 2.5857864376769353 13.236067977499454 
-3 -6 0 2.000000000000001 10.236067977499792 
-3 -7 0 1.999999999999998 10.236067977499793 
-3 -8 0 2.0000000000000004 5.000000000000001 
-3 -9 0 1.999999999999999 5.0 
-4 -2 0 12.0 12.0 
-4 -3 0 12.0 12.0 
-4 -4 0 8.763932022500212 13.23606797749979 
-4 -5 0 8.76393202250021 13.236067977499786 
-4 -6 0 5.76393202250021 10.23606797749979 
-4 -7 0 5.76393202250021 10.236067977499792 
-4 -8 0 5.0 5.0 
-4 -9 0 5.0 5.0 
