3 9 0 0.9999999999999996 4.0 
4 9 0 4.0 4.0 
3 8 0 1.0000000000000009 4.0 
4 8 0 4.0 4.0 
3 7 0 1.111065557716464 9.681330643604978 
4 7 0 4.676595723913523 9.681330643604976 
3 6 0 1.1110655577164639 9.681330643604982 
4 6 0 4.676595723913522 9.681330643604978 
3 5 0 1.6103201903558637 12.99043161908336 
4 5 0 7.354248688935409 12.64575131106459 
3 4 0 1.6103201903538826 12.990431622330604 
4 4 0 7.354248688935409 12.645751311064592 
3 3 0 2.628801083650546 13.0 
4 3 0 11.0 11.0 
3 2 0 2.6288010836505458 13.000000000000009 
4 2 0 11.0 11.0 
2 9 0 1.0 4.0 
2 8 0 1.0000000000000002 4.0 
2 7 1 1.111065557716466 9.436114769256532 
2 6 1 1.1110655577164628 9.436114769177893 
2 5 1 0.4691991220454895 12.99043162002036 
2 4 1 0.46919912204548914 12.990431622075537 
2 3 0 0.3637353070388131 13.757377242193138 
2 2 0 0.3637353070388364 13.757377483513068 
2 1 0 1.539926765310532 11.732050807532227 
3 1 0 5.585786437626903 9.0 
2 0 0 1.539926765311802 11.732050806883834 
3 0 0 5.585786437626905 9.000000000000002 
1 9 0 3.0 3.0 
1 8 0 3.0 3.0 
1 7 0 1.563905431582878 8.467829196561205 
1 6 0 1.563905431582874 8.467829196561205 
1 5 0 0.46919912204778935 12.440782080884933 
1 4 0 0.4691991220694181 12.440782122733367 
1 3 0 0.3637353070390964 13.757377305482269 
1 2 0 0.3637353070388155 13.75737734621092 
1 1 0 0.6868686761588549 12.579548479827967 
1 0 0 0.6868686761592362 12.579548592863999 
1 -1 0 1.9549084907708205 9.73205080756888 
2 -1 0 3.5857864376269055 7.000000000000001 
1 -2 0 1.9549084907708218 9.732050807568875 
2 -2 0 3.585786437626905 7.0 
0 7 0 2.999999999999999 7.0 
0 6 0 2.9999999999999996 7.0 
0 5 0 0.6900992514664985 11.656164846478843 
0 4 0 0.6900992514664072 11.656164828292198 
0 3 1 0.8139741254437861 13.742515854837936 
0 2 1 0.8139741254437823 13.742515851120274 
0 1 1 0.4714919203597726 13.532017766192704 
0 0 1 0.4714919203597656 13.532017744597338 
0 -1 0 0.3688123770729028 11.327834283708405 
0 -2 0 0.36881237697534913 11.327834284455225 
0 -3 0 1.585786437626905 6.732050807568877 
1 -3 0 4.0 4.0 
0 -4 0 1.5857864376269062 6.7320508075688785 
1 -4 0 4.0 4.0 
-1 7 0 5.0 5.0 
-1 6 0 5.0 5.0 
-1 5 0 2.6919597805966293 9.999999999999995 
-1 4 0 2.69195978059663 10.000000000000002 
-1 3 0 1.217878880458631 12.999999917054764 
-1 2 0 1.2178788804586305 12.999999412141866 
-1 1 0 0.47149192036084037 13.532017777944644 
-1 0 0 0.4714919203609689 13.53201777790975 
-1 -1 0 0.36881237689855234 12.175531121169376 
-1 -2 0 0.36881237703016306 12.1755311077656 
-1 -3 0 0.7075380332811232 7.064073372192183 
-1 -4 0 0.707538033281122 7.06407337219218 
-2 5 0 5.999999999999999 8.0 
-2 4 0 6.0 8.0 
-2 3 0 3.5974268876750926 11.000000000000004 
-2 2 0 3.5974268876750966 11.0 
-2 1 0 1.7229911444967139 13.085798118685636 
-2 0 0 1.7229911432488616 13.085798284701971 
-2 -1 0 0.9197249566987116 12.195528871822665 
-2 -2 0 0.9197249566851792 12.195528871822672 
-2 -3 0 0.7075380332811229 8.336596001999803 
-2 -4 0 0.7075380332811289 8.336596001999807 
-2 -5 0 2.0 2.0 
-1 -5 0 2.0 2.0 
-2 -6 0 2.0 2.0 
-1 -6 0 2.0 2.0 
-3 3 0 9.0 9.0 
-3 2 0 9.0 9.0 
-3 1 0 5.456848103412951 11.217801491681765 
-3 0 0 5.45684810341295 11.217801491681765 
-3 -1 0 3.1951542539885 12.195528871822672 
-3 -2 0 3.1951542539884996 12.19552887182267 
-3 -3 0 2.2715603818895316 8.336596001999803 
-3 -4 0 2.271560381889532 8.336596001999801 
-3 -5 0 2.0 2.0 
-3 -6 0 2.0 2.0 
