6 16 0 2.0 2.0 
7 16 0 2.0 2.0 
6 15 0 2.0 2.0 
7 15 0 2.0 2.0 
6 14 0 1.0643810988299705 11.591883557158827 
7 14 0 2.8654550090860957 11.591883557158821 
6 13 0 1.06438109882997 11.591883557158821 
7 13 0 2.865455009086096 11.591883557158823 
6 12 0 1.6361277985339218 15.066540572948552 
7 12 0 4.028612563476723 14.784205173375529 
6 11 0 1.6361277985157725 15.066540819520618 
7 11 0 4.028612563476726 14.784205173375524 
6 10 0 2.9467575744251002 16.726883295310355 
7 10 0 5.731574202788438 15.57146080344838 
6 9 0 2.946757573824035 16.726883572873685 
7 9 0 5.731574202788436 15.571460803448383 
6 8 0 4.7100126018343005 16.37482159990929 
7 8 0 7.823583754161466 14.920327183173278 
6 7 0 4.710012601460632 16.374821554254364 
7 7 0 7.823583754161464 14.920327183173281 
6 6 0 6.699257278789042 14.1707090397602 
7 6 0 12.0 12.0 
6 5 0 6.699257278789039 14.17070903976021 
7 5 0 12.0 12.0 
5 16 0 2.0 2.0 
5 15 0 2.0 2.0 
5 14 0 1.0643810989301592 9.918028934163136 
5 13 0 1.0643810988672027 9.91802893416314 
5 12 0 0.5350480685068332 15.066540832740436 
5 11 0 0.5350480685065467 15.066540830203905 
5 10 0 0.9515332404752218 17.552704564523946 
5 9 0 0.9515332404863917 17.552704566020715 
5 8 0 2.395994428628421 17.947869161308347 
5 7 0 2.395994411929274 17.94786917385025 
5 6 0 4.13765378010685 15.99999973854574 
5 5 0 4.137653786373865 15.999999947504191 
5 4 0 5.960890771207238 12.816389892142704 
6 4 0 9.0 11.0 
5 3 0 5.960890771207237 12.816389892142706 
6 3 0 9.000000000000002 11.0 
4 14 0 1.2587392167064928 8.00477153152098 
4 13 0 1.2587392167064937 8.00477153152098 
4 12 0 0.5350480685112072 13.319171835443912 
4 11 0 0.535048068700667 13.31917196810735 
4 10 0 0.2522108657336664 17.55270456095317 
4 9 0 0.2522108657515998 17.552704289719536 
4 8 0 0.46396511893728315 19.53074545822547 
4 7 0 0.46396511888356745 19.530747408499114 
4 6 0 2.094218239681492 17.999999596366685 
4 5 0 2.094218233798931 17.999998843282878 
4 4 0 3.7872945879599187 14.77746774013981 
4 3 0 3.787294575335717 14.777467496311305 
4 2 0 5.999999999999998 9.0 
5 2 0 8.0 8.0 
4 1 0 5.999999999999999 9.000000000000002 
5 1 0 8.0 8.0 
3 12 0 0.7634114422523337 11.258097029491678 
3 11 0 0.7634114422523351 11.258097029753404 
3 10 0 0.25221086573332385 15.82578008960418 
3 9 0 0.25221086573324053 15.825779917865956 
3 8 0 0.15562038032291306 19.530746726503036 
3 7 0 0.15562038033410722 19.530748526189743 
3 6 0 0.19043758768587035 19.99999999277376 
3 5 0 0.19043758768590968 19.999999461231475 
3 4 0 1.963485541356028 16.816938534404393 
3 3 0 1.9634855492602787 16.81693853191279 
3 2 0 4.000000000000004 12.52366807428824 
3 1 0 4.000000000000001 12.523668074288237 
2 12 0 3.9999999999999996 5.999999999999999 
2 11 0 4.0 6.0 
2 10 0 0.7555161994369496 13.921945235668316 
2 9 0 0.7555162000174138 13.921944846547486 
2 8 0 0.1556203803227256 17.82636400823827 
2 7 0 0.15562038032263634 17.8263640708473 
2 6 1 0.1904375876858635 19.999999959633424 
2 5 1 0.19043758768586672 19.999999957076902 
2 4 1 0.5283236269684664 17.893435778471467 
2 3 1 0.5283236269684609 17.893435786345574 
2 2 0 1.8325293783695396 14.644789494650384 
2 1 0 1.8325293783418677 14.644789492426153 
1 10 0 4.324160131070311 10.341888275504955 
1 9 0 4.324160131070312 10.341888275504958 
1 8 0 1.0892161597598222 15.999999781472201 
1 7 0 1.0892161597594283 15.9999995225396 
1 6 0 0.33960980234696236 19.790177093913762 
1 5 0 0.3396098022760112 19.790186824044156 
1 4 0 0.09672098489554656 19.6118675851947 
1 3 0 0.09672098491111025 19.611867092085685 
1 2 0 0.21490325375263988 16.169720728346842 
1 1 0 0.21490325375267713 16.169720755727656 
1 0 0 2.2198080312147597 11.33630485451353 
2 0 0 3.9999999999999996 6.0 
1 -1 0 2.2198080312147592 11.336304854513534 
2 -1 0 3.9999999999999996 6.000000000000001 
0 10 0 6.0 7.999999999999999 
0 9 0 6.000000000000001 8.0 
0 8 0 3.309629155090801 12.999999627536537 
0 7 0 3.309629155098316 12.999999999999707 
0 6 0 0.6862165895580115 17.999999958232134 
0 5 0 0.6862165896186078 17.999999980454994 
0 4 0 0.09672098489823272 19.999999997932296 
0 3 0 0.09672098491277945 19.99999967349216 
0 2 1 0.21490325375263178 17.246883827846396 
0 1 1 0.21490325375262975 17.246883829855182 
0 0 1 0.7784437314846309 12.80183083777637 
0 -1 1 0.7784437314846329 12.801830837772814 
-1 8 0 7.000000000000001 11.000000000000002 
-1 7 0 7.000000000000001 10.999999999999998 
-1 6 0 4.283202968448657 14.999999999140705 
-1 5 0 4.283202961581621 14.999995459012252 
-1 4 0 1.7151875194102 19.99999927734371 
-1 3 0 1.7151875194416608 19.99999981298988 
-1 2 0 1.147141991757199 18.65873908105726 
-1 1 0 1.147141991761679 18.658738643109444 
-1 0 0 0.7784437314846343 13.13498626060729 
-1 -1 0 0.778443731484636 13.134986260606839 
-1 -2 0 1.9999999999999996 4.0 
0 -2 0 2.0 4.0 
-1 -3 0 2.0 4.0 
0 -3 0 2.0000000000000004 4.0 
-2 6 0 10.0 13.0 
-2 5 0 10.0 12.999999999999998 
-2 4 0 5.688514306110901 16.99999999990966 
-2 3 0 5.688514306110899 16.99999999997179 
-2 2 0 3.0804524035538394 18.658739222340824 
-2 1 0 3.0804524024020754 18.65873869898508 
-2 0 0 2.299699327892588 14.200606878273495 
-2 -1 0 2.299699327892589 14.200606878273494 
-2 -2 0 2.0000000000000004 4.0 
-2 -3 0 1.9999999999999998 4.0 
-3 4 0 14.0 14.0 
-3 3 0 14.0 14.0 
-3 2 0 8.885798090680252 16.70468283707371 
-3 1 0 8.88579809068025 16.70468283707372 
-3 0 0 6.14765300336303 14.200606878273492 
-3 -1 0 6.147653003363031 14.200606878273488 
-3 -2 0 4.0 4.0 
-3 -3 0 4.0 4.0 
