2 4 0 3.0 3.0 
3 4 0 3.0 3.0 
2 3 0 3.0 3.0 
3 3 0 3.0 3.0 
2 2 0 1.2130978327465112 13.29085936938159 
3 2 0 5.283118582857949 13.290859369381586 
2 1 0 1.2130978327465125 13.29085936938159 
3 1 0 5.283118582857948 13.29085936938159 
2 0 0 2.2210538306108973 17.040775977897912 
3 0 0 6.847791468580937 15.093373021653584 
2 -1 0 2.221053830614182 17.040775977897916 
3 -1 0 6.847791468580938 15.093373021653585 
2 -2 0 4.542810615009746 15.000000000000002 
3 -2 0 12.0 12.0 
2 -3 0 4.5428106150097465 15.000000000000004 
3 -3 0 12.0 12.0 
1 4 0 2.9999999999999996 3.0000000000000004 
1 3 0 3.0 3.0000000000000004 
1 2 0 0.9700285814136075 12.617731046589768 
1 1 0 0.9700285813689781 12.617731046589768 
1 0 0 0.5395408135309133 17.04077594949643 
1 -1 0 0.5395408135352184 17.040775977790183 
1 -2 0 0.8390681984364582 17.99999999671605 
1 -3 0 0.8390681984364514 17.999999999984983 
1 -4 0 3.415757937017499 13.999999856219128 
2 -4 0 8.0 11.0 
1 -5 0 3.4157579370204845 13.99999995776803 
2 -5 0 8.0 11.0 
0 4 0 3.0 3.0 
0 3 0 3.0 3.0 
0 2 0 0.9700285813689773 10.99201327781044 
0 1 0 0.9700285813689777 10.992013277810432 
0 0 1 0.5395408135259295 16.326522634886107 
0 -1 1 0.5395408135259228 16.32652284002125 
0 -2 1 0.35933816781336153 17.999999733877747 
0 -3 1 0.3593381678133645 17.999999997346105 
0 -4 0 0.13334584602962557 16.876212876119013 
0 -5 0 0.13334584602964122 16.87621194432345 
0 -6 0 2.99062285125062 12.808482715151936 
1 -6 0 6.585786437626906 9.414213562373096 
0 -7 0 2.990622851250626 12.808465191425801 
1 -7 0 6.585786437626906 9.414213562373096 
-1 2 0 3.535898384862246 10.464101615137753 
-1 1 0 3.5358983848622443 10.464101615137755 
-1 0 0 1.3866329588155322 14.46191701442616 
-1 -1 0 1.3866329588155268 14.461917014461763 
-1 -2 0 0.359338167817062 17.68885183654617 
-1 -3 0 0.35933816782568595 17.68885181275313 
-1 -4 0 0.13334584602959523 17.77368514384303 
-1 -5 0 0.1333458460295938 17.772214210653548 
-1 -6 0 0.7196852341996887 14.915126254770946 
-1 -7 0 0.7196852342743144 14.916073909102616 
-1 -8 0 3.584796905596013 10.643991187681507 
0 -8 0 6.0 6.0 
-1 -9 0 3.5847969055960136 10.6439911876815 
0 -9 0 6.0 6.0 
-2 2 0 6.0 6.000000000000001 
-2 1 0 6.0 6.0 
-2 0 0 2.8616544954783247 13.783959194508805 
-2 -1 0 2.8616545255189054 13.783959194511109 
-2 -2 0 0.9472443407244299 16.99999999216192 
-2 -3 0 0.9472443406366785 16.999999924527412 
-2 -4 1 0.4513740483729991 17.773684320386497 
-2 -5 1 0.4513740483730011 17.7735746208089 
-2 -6 0 0.12561555973163416 16.640292398990578 
-2 -7 0 0.12561555973136498 16.640224235286908 
-2 -8 0 0.319678204574449 12.856485165387728 
-2 -9 0 0.31967820440736655 12.856485126438441 
-3 2 0 6.0 6.0 
-3 1 0 6.0 6.0 
-3 0 0 3.9083156430515054 11.44555788834233 
-3 -1 0 3.9083156430515 11.445557888342105 
-3 -2 0 2.338286026711993 14.999999717791496 
-3 -3 0 2.33828603049334 14.99999991078832 
-3 -4 0 1.1000674577652276 16.821580904119166 
-3 -5 0 1.1000674578514746 16.821581329955997 
-3 -6 0 0.12561555973088556 16.64032561148984 
-3 -7 0 0.12561555973093155 16.64032561582341 
-3 -8 1 0.31967820437695443 14.673476867573024 
-3 -9 1 0.319678204376959 14.673476920288497 
-3 -10 0 0.17348502654626752 10.15364968895511 
-2 -10 0 3.133801737490978 7.65544238154983 
-3 -11 0 0.17348502654626896 10.153649688955102 
-2 -11 0 3.133801737490978 7.655442381549832 
-4 0 0 6.0 10.732050807568875 
-4 -1 0 5.999999999999999 10.732050807568877 
-4 -2 0 3.767611411511065 13.99999987317221 
-4 -3 0 3.767611408666383 13.999999999998826 
-4 -4 0 2.1793871420612394 15.463891121701177 
-4 -5 0 2.1793871422391393 15.463891194996515 
-4 -6 0 1.0876734864117286 15.819761445314864 
-4 -7 0 1.0876734864118494 15.8197614449751 
-4 -8 0 0.37680180968095506 14.673476933381275 
-4 -9 0 0.37680180996650925 14.673475824314902 
-4 -10 0 0.17348502654737208 12.563094393542677 
-4 -11 0 0.17348502654629155 12.56309439629724 
-4 -12 0 0.31253294174094615 7.0708628575738075 
-3 -12 0 3.0 3.0 
-4 -13 0 0.31253294174094565 7.070862857573805 
-3 -13 0 3.0 3.0 
-5 0 0 8.0 8.0 
-5 -1 0 8.0 8.0 
-5 -2 0 5.3284617689947185 12.000000000000004 
-5 -3 0 5.328461768994723 12.000000000000004 
-5 -4 0 3.6034133065777127 14.20758398187312 
-5 -5 0 3.6034133043490804 14.207583981602758 
-5 -6 0 2.2537773176486207 14.915818827796489 
-5 -7 0 2.2537773176565037 14.915819171510483 
-5 -8 0 1.2112964549395484 14.62103104554224 
-5 -9 0 1.2112964540621975 14.621030979107946 
-5 -10 0 0.43370647587961403 12.670525282923899 
-5 -11 0 0.43370647587996464 12.670525282557179 
-5 -12 0 0.31253294174094554 9.634955713492221 
-5 -13 0 0.31253294174094765 9.634955713492225 
-6 -2 0 10.0 10.0 
-6 -3 0 10.0 10.0 
-6 -4 0 6.188162148108837 12.911653107390016 
-6 -5 0 6.188162148108839 12.911653107390014 
-6 -6 0 4.049322236658574 13.865478777297595 
-6 -7 0 4.049322236658576 13.865478777297593 
-6 -8 0 2.592859417791375 13.603413074394954 
-6 -9 0 2.5928594177913777 13.603413074394952 
-6 -10 0 1.6693210353195382 12.670525284300076 
-6 -11 0 1.66932103531954 12.670525284300073 
-6 -12 0 1.1447074817770977 9.63495571349223 
-6 -13 0 1.1447074817770966 9.634955713492225 
-6 -14 0 1.0 1.0 
-5 -14 0 1.0 1.0 
-6 -15 0 1.0 1.0 
-5 -15 0 1.0 1.0 
