0 0 1 1.9999999999999998 3.0000000000000004 
1 0 0 3.0 3.0 
0 -1 1 1.9999999999999996 3.0 
1 -1 0 3.0 3.0 
0 -2 2 0.7639320225002111 11.0 
1 -2 0 2.999999999999999 10.999999999999998 
0 -3 2 0.7639320225002103 10.999999999999998 
1 -3 0 3.0000000000000004 11.0 
0 -4 1 0.5857864376269054 14.000000000000007 
1 -4 0 5.999999999999999 14.000000000000002 
0 -5 1 0.5857864376269095 13.999999999999996 
1 -5 0 6.0 14.0 
0 -6 0 0.5857864376269034 14.000000000000007 
1 -6 0 10.0 10.0 
0 -7 0 0.5857864376269051 14.000000000000002 
1 -7 0 10.0 10.0 
-1 0 0 2.0 2.0 
-1 -1 0 2.0 2.0 
-1 -2 0 0.7639320225002098 11.0 
-1 -3 0 0.7639320225002099 11.0 
-1 -4 0 0.585786437626905 13.999999999999995 
-1 -5 0 0.585786438072696 13.999999999999995 
-1 -6 0 0.5857864378506539 14.000000000000004 
-1 -7 0 0.5857864381366145 14.000000000000002 
-1 -8 0 0.9999999999999997 12.000000000000004 
0 -8 0 4.585786437626904 7.999999999999999 
-1 -9 0 0.9999999999999994 12.0 
0 -9 0 4.585786437626907 8.0 
-2 -2 0 3.999999999999999 9.999999999999998 
-2 -3 0 3.999999999999999 10.0 
-2 -4 1 1.438447187191178 13.999999999999986 
-2 -5 1 1.4384471871911666 13.999999999999973 
-2 -6 1 0.7639320225002052 13.999999999999465 
-2 -7 1 0.7639320225002127 13.999999999998913 
-2 -8 0 0.5857864376269064 13.56155281275856 
-2 -9 0 0.5857864376269062 13.561552812776263 
-2 -10 0 2.5857864376269033 10.000000000000002 
-1 -10 0 5.0 5.0 
-2 -11 0 2.5857864376269046 10.000000000000004 
-1 -11 0 5.0 5.0 
-3 -2 0 3.999999999999998 7.000000000000001 
-3 -3 0 3.9999999999999996 7.000000000000001 
-3 -4 0 1.9999999999999982 11.999999999999998 
-3 -5 0 1.999999999999998 12.000000000000002 
-3 -6 0 0.6277186767321058 13.999999999978845 
-3 -7 0 0.6277186767362041 13.999999454933581 
-3 -8 1 0.5857864376269053 13.561552804985222 
-3 -9 1 0.5857864376269055 13.56155280085984 
-3 -10 1 0.7639320225002111 11.561552812776107 
-3 -11 1 0.7639320225002068 11.561552812799444 
-4 -2 0 4.0 7.0 
-4 -3 0 3.9999999999999996 7.0 
-4 -4 0 1.999999999999998 9.999999999999996 
-4 -5 0 1.9999999999999998 9.999999999999996 
-4 -6 0 0.6277186767478203 12.999999999999567 
-4 -7 0 0.6277186767391483 12.999999999999922 
-4 -8 1 0.6277186767309867 13.561552725470744 
-4 -9 1 0.6277186767309871 13.561552790544543 
-4 -10 2 1.0000000000000024 11.93383413298257 
-4 -11 2 1.0000000000000016 11.933834133372198 
-4 -12 1 0.5857864376269065 9.56155281280883 
-3 -12 0 0.5857864376269053 8.0 
-4 -13 1 0.5857864376269026 9.561552812808836 
-3 -13 0 0.5857864376269055 8.000000000000002 
-5 -2 0 6.0 6.0 
-5 -3 0 6.0 6.0 
-5 -4 0 4.000000000000001 10.000000000000002 
-5 -5 0 4.000000000000001 10.0 
-5 -6 0 2.627718676736406 11.999999999999703 
-5 -7 0 2.6277186767329446 11.999999999999643 
-5 -8 0 1.391650704083176 12.5615528128088 
-5 -9 0 1.3916507022975066 12.561552812808825 
-5 -10 0 0.7639320225002114 11.933834135678346 
-5 -11 0 0.7639320225002094 11.933834135844528 
-5 -12 0 0.5857864376269053 9.561552812808829 
-5 -13 0 0.5857864377036401 9.561552812808834 
-5 -14 0 0.5857864376269053 5.561552812808828 
-4 -14 0 0.5857864376269055 4.999999999999999 
-5 -15 0 0.5857864376269044 5.561552812808829 
-4 -15 0 0.585786437626904 5.0 
-6 -4 0 8.0 8.0 
-6 -5 0 8.0 8.0 
-6 -6 0 5.438447187191172 10.0 
-6 -7 0 5.438447187191168 9.999999999999998 
-6 -8 0 3.438447187191169 11.56155281280883 
-6 -9 0 3.4384471871911693 11.56155281280883 
-6 -10 0 2.066165863922155 11.933834136077849 
-6 -11 0 2.066165863922153 11.93383413607785 
-6 -12 0 1.4384471871911682 9.56155281280883 
-6 -13 0 1.4384471871911684 9.56155281280883 
-6 -14 0 1.0 5.561552812808832 
-6 -15 0 1.0000000000000002 5.561552812808831 
-6 -16 0 1.0 1.0 
-5 -16 0 1.0 1.0 
-6 -17 0 1.0 1.0 
-5 -17 0 1.0 1.0 
