4 12 0 2.0 2.0 
5 12 0 2.0 2.0 
4 11 0 2.0 2.0 
5 11 0 2.0 2.0 
4 10 0 1.0625239731686829 7.907000548990549 
5 10 0 2.260986256591023 7.907000548990552 
4 9 0 1.062523973168686 7.907000548990551 
5 9 0 2.260986256591024 7.907000548990553 
4 8 0 1.1656330650003253 11.87819575590996 
5 8 0 3.479023140743219 11.87819575590996 
4 7 0 1.1656330647060713 11.87819575590996 
5 7 0 3.479023140743219 11.878195755909962 
4 6 0 1.835154021682702 13.085664427010636 
5 6 0 5.7391520644430605 11.26084793555694 
4 5 0 1.8351540216826314 13.085664452595363 
5 5 0 5.7391520644430605 11.260847935556939 
4 4 0 4.095046358596763 11.000000000000004 
5 4 0 9.0 9.0 
4 3 0 4.095046358596769 10.999999999999998 
5 3 0 9.0 9.0 
3 12 0 2.0 2.0 
3 11 0 2.0 2.0 
3 10 0 1.0625239731686846 7.362795434315851 
3 9 0 1.0625239731686837 7.362795434315851 
3 8 0 0.43200396021669357 11.84027983432011 
3 7 0 0.4320039602166654 11.840279834924013 
3 6 0 0.6842622718513097 13.493927417655255 
3 5 0 0.6842622718215504 13.493927400506363 
3 4 0 1.473902745573353 12.999999999999863 
3 3 0 1.4739027455733567 12.999999944370753 
3 2 0 2.688916785616947 9.655442381549834 
4 2 0 7.0 7.0 
3 1 0 2.6889167856169505 9.65544238154983 
4 1 0 6.999999999999999 7.0 
2 10 0 1.5857864376269057 6.732050807568877 
2 9 0 1.5857864376269049 6.732050807568876 
2 8 0 0.43200396021664744 11.32759466414555 
2 7 0 0.43200396021664633 11.327594662990867 
2 6 1 0.6842622718215527 13.493926473037853 
2 5 1 0.684262271821554 13.49392742558074 
2 4 1 0.8286258299593474 13.743101929335419 
2 3 1 0.8286258299593486 13.74310247771641 
2 2 0 0.6894599528360651 11.65544238037431 
2 1 0 0.6894599528360404 11.655442380351786 
2 0 0 2.9999999999999996 6.999999999999999 
3 0 0 5.0 5.0 
2 -1 0 2.9999999999999996 7.0 
3 -1 0 5.0 5.0 
1 10 0 4.0 4.0 
1 9 0 4.0 4.0 
1 8 0 1.9602462034280623 9.73205080756887 
1 7 0 1.960246203428065 9.732050807568875 
1 6 0 1.0654094830692342 12.574136770080807 
1 5 0 1.0654094830620053 12.574137318553595 
1 4 0 0.415017601455948 13.757602444742902 
1 3 0 0.4150176014558635 13.757602411932393 
1 2 0 0.68945995283702 12.441517559780182 
1 1 0 0.6894599528356677 12.44151758359056 
1 0 0 1.680176408055857 8.414859684507618 
1 -1 0 1.6801764080558532 8.414859684507615 
0 8 0 3.5857864376269055 7.0 
0 7 0 3.585786437626905 7.000000000000002 
0 6 0 1.5439383740236812 11.73205080232692 
0 5 0 1.5439383740569816 11.732050807515705 
0 4 0 0.4150176014571532 13.757602526721563 
0 3 0 0.4150176014560682 13.757602497630115 
0 2 1 0.7055097569767061 12.990926167431446 
0 1 1 0.7055097569767038 12.99092616615268 
0 0 1 1.1197161574915273 9.443167308113088 
0 -1 1 1.1197161574915293 9.44316730710073 
0 -2 0 1.0000000000000002 3.9999999999999996 
1 -2 0 3.0 3.0 
0 -3 0 0.9999999999999997 4.0 
1 -3 0 3.0 3.0 
-1 6 0 5.585786437626904 9.000000000000002 
-1 5 0 5.585786437626904 9.000000000000002 
-1 4 0 2.6417474184478102 13.0 
-1 3 0 2.641747418447813 13.0 
-1 2 0 1.6446642793664543 12.990925693678392 
-1 1 0 1.6446642781406664 12.990926003320187 
-1 0 0 1.1197161574915249 9.681330643604975 
-1 -1 0 1.1197161574915273 9.681330643604976 
-1 -2 0 1.0000000000000004 4.0 
-1 -3 0 0.9999999999999997 4.0 
-2 4 0 11.0 11.0 
-2 3 0 11.0 11.0 
-2 2 0 7.354248688935408 12.64575131106459 
-2 1 0 7.3542486889354075 12.645751311064592 
-2 0 0 4.676595723913522 9.681330643604978 
-2 -1 0 4.676595723913523 9.681330643604976 
-2 -2 0 4.0 4.0 
-2 -3 0 4.0 4.0 
