3 9 0 3.0 3.0 
4 9 0 3.0 3.0 
3 8 0 3.0 3.0 
4 8 0 3.0 3.0 
3 7 0 1.829426892219313 9.372281323269013 
4 7 0 3.6277186767309852 9.372281323269014 
3 6 0 1.8294268922193122 9.37228132326902 
4 6 0 3.6277186767309866 9.372281323269014 
3 5 0 2.4427955501031158 13.738094885938487 
4 5 0 4.714764266724309 13.738094885938517 
3 4 0 2.442795550103116 13.73809488593847 
4 4 0 4.714764266724309 13.738094885938517 
3 3 0 3.6891953891711173 14.678430912374743 
4 3 0 7.402264811881124 12.917285993093534 
3 2 0 3.6891953890957088 14.678430912374704 
4 2 0 7.402264811881125 12.917285993093532 
3 1 0 5.17273677428915 13.000000000000002 
4 1 0 11.0 11.0 
3 0 0 5.172736774289146 13.000000000000009 
4 0 0 11.0 11.0 
2 9 0 3.0 3.0 
2 8 0 3.0 3.0 
2 7 0 1.0002132104286439 9.283059807298901 
2 6 0 1.0002132104299737 9.283059807292126 
2 5 0 1.0100157610585145 13.733923133004247 
2 4 0 1.010015761058095 13.733923134961616 
2 3 0 1.116642157071612 15.20634321390749 
2 2 0 1.1166421567561249 15.206343081096817 
2 1 0 2.1552194169817156 14.999999472632368 
2 0 0 2.1552194170418697 14.999999999992525 
2 -1 0 4.093027614656425 11.999999999997371 
3 -1 0 8.0 9.999999999999998 
2 -2 0 4.093027615855972 11.999999999924704 
3 -2 0 7.999999999999999 10.000000000000002 
1 9 0 3.0 3.0 
1 8 0 3.0 3.0 
1 7 0 1.0002132104285668 8.1879051114547 
1 6 0 1.000213210428569 8.187905111454697 
1 5 0 0.5855273251262203 12.264051297458838 
1 4 0 0.5855273251262351 12.264051351329787 
1 3 0 0.5303900503849954 15.206343241629664 
1 2 0 0.5303900503858584 15.206343172966548 
1 1 0 0.766128021421215 15.702305776266064 
1 0 0 0.7661280214417723 15.70230579085537 
1 -1 0 1.1770678528030292 12.667473597313956 
1 -2 0 1.1770678546251823 12.667473606484117 
1 -3 0 2.9041304786842588 9.000000000000002 
2 -3 0 6.0 8.0 
1 -4 0 2.904130478684258 8.999999999999996 
2 -4 0 5.999999999999999 8.0 
0 7 0 2.585786437626904 7.214319743377534 
0 6 0 2.585786437626903 7.214319743377535 
0 5 0 0.5855273251261502 11.21064742953549 
0 4 0 0.5855273260034939 11.210647267219871 
0 3 1 0.5303900503846359 14.341040605539822 
0 2 1 0.5303900503846297 14.341040605648262 
0 1 2 0.7661280214264419 15.739716099674425 
0 0 2 0.7661280214211061 15.73971607327505 
0 -1 1 0.43390129970782376 14.264048530455614 
0 -2 1 0.4339012997078227 14.264048531492797 
0 -3 0 0.9373561422336433 10.340779196661371 
0 -4 0 0.9373561424975564 10.340779160885166 
0 -5 0 3.0 5.999999999999999 
1 -5 0 5.0 5.0 
0 -6 0 3.0 6.0 
1 -6 0 5.0 5.0 
-1 5 0 2.9822037937417543 10.0 
-1 4 0 2.9822037937417583 10.000000000000002 
-1 3 0 1.1088255368008724 12.999999985105006 
-1 2 0 1.1088255368008717 12.999999999718062 
-1 1 0 0.6019909538273924 15.7397161028288 
-1 0 0 0.6019909538272369 15.73971570751577 
-1 -1 0 0.43390129970783003 15.179120012384393 
-1 -2 0 0.4339012999646414 15.179120042092636 
-1 -3 0 0.937356142216217 11.488107348849399 
-1 -4 0 0.9373561422162966 11.488107346197987 
-1 -5 0 2.9999999999999996 6.0 
-1 -6 0 3.0 6.000000000000002 
-2 3 0 3.8819922641119677 11.783932359367132 
-2 2 0 3.881992264111961 11.783932359367133 
-2 1 0 2.1415559739254815 14.835974936839058 
-2 0 0 2.1415559733461764 14.835974936842105 
-2 -1 0 1.4990879042073855 15.999999999604395 
-2 -2 0 1.4990879042239222 15.999999925311593 
-2 -3 0 1.1948972696053906 13.1424573599912 
-2 -4 0 1.1948972695895077 13.142457360024503 
-2 -5 0 3.0 6.000000000000001 
-2 -6 0 2.999999999999999 6.000000000000002 
-3 1 0 6.233564516147297 13.0 
-3 0 0 6.233564516147295 13.0 
-3 -1 0 3.752024330995216 16.000000000000004 
-3 -2 0 3.7520243309952144 16.0 
-3 -3 0 2.751091722170526 14.605551275463991 
-3 -4 0 2.7510917221705258 14.60555127546399 
-3 -5 0 3.0000000000000004 6.0 
-3 -6 0 2.9999999999999996 6.0 
-4 -1 0 14.0 14.0 
-4 -2 0 14.0 14.0 
-4 -3 0 7.3944487245360095 14.60555127546399 
-4 -4 0 7.394448724536011 14.60555127546399 
-4 -5 0 6.0 6.0 
-4 -6 0 6.0 6.0 
