1 5 0 2.0 2.0 
2 5 0 2.0 2.0 
1 4 0 2.0 2.0 
2 4 0 2.0 2.0 
1 3 0 0.5258063413896231 7.23606797749979 
2 3 0 2.7639320225002106 7.23606797749979 
1 2 0 0.5258063413896222 7.23606797749979 
2 2 0 2.76393202250021 7.23606797749979 
1 1 0 0.8040653534078012 7.999999999999999 
2 1 0 6.0 6.0 
1 0 0 0.804065353407801 8.0 
2 0 0 6.0 6.0 
0 5 0 2.0 2.0 
0 4 0 2.0 2.0 
0 3 0 0.525806341389623 6.586874512018428 
0 2 0 0.5258063413896239 6.586874512018427 
0 1 1 0.8040653534078005 8.000000000000004 
0 0 1 0.8040653534078026 7.999999999999999 
0 -1 1 2.267949192431122 6.999999999999997 
1 -1 0 2.9999999999999996 5.0 
0 -2 1 2.2679491924311224 7.000000000000001 
1 -2 0 3.0000000000000004 5.0 
-1 3 0 4.0 6.0 
-1 2 0 3.9999999999999996 6.0 
-1 1 0 1.4530484824648846 7.1970005753142425 
-1 0 0 1.453048482464886 7.197000575314244 
-1 -1 0 0.43636210766567873 6.999999999999999 
-1 -2 0 0.4363621076656775 6.999999999999998 
-1 -3 0 0.65707691722283 4.813606502648331 
0 -3 0 2.0 2.0 
-1 -4 0 0.6570769172228296 4.81360650264833 
0 -4 0 2.0 2.0 
-2 3 0 4.0 4.0 
-2 2 0 4.0 4.0 
-2 1 0 1.7117543887292623 6.288245611270735 
-2 0 0 1.7117543887292623 6.288245611270739 
-2 -1 0 0.4363621076656775 6.924516418829585 
-2 -2 0 0.4363621076656774 6.924516418829586 
-2 -3 1 0.6570769172228297 4.81360650264833 
-2 -4 1 0.6570769172228296 4.813606502648329 
