4 8 0 3.3819660112501047 7.000000000000001 
5 8 0 7.0 7.0 
4 7 0 3.3819660112501055 7.000000000000001 
5 7 0 7.0 7.0 
4 6 0 4.087283305877659 17.40512483795046 
5 6 0 9.594875162046671 17.405124837953327 
4 5 0 4.0872833056351245 17.40512483792247 
5 5 0 9.594875162046673 17.405124837953327 
4 4 0 5.027175430035695 19.999999999999996 
5 4 0 17.0 17.0 
4 3 0 5.027175430035692 20.0 
5 3 0 17.0 17.0 
3 8 0 2.000000000000001 7.000000000000001 
3 7 0 1.9999999999999991 7.0 
3 6 0 1.8391626421001364 16.679155814279987 
3 5 0 1.8391626405061077 16.679155814567213 
3 4 0 2.6360467091172888 19.999999998797918 
3 3 0 2.636046707362482 19.999999999964576 
3 2 0 3.3048537066133497 17.99999942184454 
4 2 0 8.581167324029959 15.805602832577588 
3 1 0 3.304853706615119 17.999999838858084 
4 1 0 8.581167324029954 15.805602832577591 
2 8 0 1.9999999999999967 7.0000000000000036 
2 7 0 2.0000000000000004 7.000000000000002 
2 6 0 0.5369621484182189 15.188077273848236 
2 5 0 0.5369621479177094 15.188077489511084 
2 4 0 0.7967884226223928 18.91014909418256 
2 3 0 0.7967884226221046 18.91014912599496 
2 2 0 0.9825819301226526 19.999999395220925 
2 1 0 0.9825819301169391 19.99999990478137 
2 0 0 2.169843914944871 16.686306814023666 
3 0 0 6.581167324029957 13.80670583938068 
2 -1 0 2.169843914997288 16.686306902381958 
3 -1 0 6.581167324029956 13.806705839380681 
1 8 0 2.0000000000000004 6.618033988749895 
1 7 0 2.000000000000001 6.618033988749895 
1 6 0 0.5369621479109493 13.67218768973532 
1 5 0 0.5369621479117767 13.672187791981797 
1 4 0 0.2259594804577645 17.35191286028672 
1 3 0 0.22595948048098186 17.351912350588503 
1 2 0 0.34872655812089853 19.999999576712717 
1 1 0 0.34872655798234353 19.999999081880826 
1 0 0 0.8060865817577947 17.930169232695153 
1 -1 0 0.8060865837034465 17.9301679879032 
1 -2 0 1.5716934466610053 14.726075711778742 
2 -2 0 4.759021298026013 11.806705839380676 
1 -3 0 1.5716934466681303 14.726075798440677 
2 -3 0 4.759021298026012 11.806705839380678 
0 8 0 5.0 5.0 
0 7 0 5.0 5.0 
0 6 0 2.2256819324338073 12.334108312391137 
0 5 0 2.2256819320585737 12.334108319519052 
0 4 0 0.22595948044947045 15.773869437205875 
0 3 0 0.2259594805152451 15.773870358706164 
0 2 1 0.34872655797908914 19.749408389407698 
0 1 1 0.34872655797909224 19.74940826658262 
0 0 1 0.45618329680068476 19.620738378311888 
0 -1 1 0.4561832968006847 19.620738991810224 
0 -2 0 0.4122298899578287 16.464938189258206 
0 -3 0 0.41222988995786985 16.464938445012695 
0 -4 0 2.142798584931885 12.574748187632341 
1 -4 0 3.6989587752316613 9.1803919127577 
0 -5 0 2.142798584931697 12.574748187631428 
1 -5 0 3.6989587752316617 9.180391912757704 
-1 6 0 4.999999999999997 10.56155281280883 
-1 5 0 5.0 10.561552812808829 
-1 4 0 2.5302278443098825 14.4404397870121 
-1 3 0 2.530227833610758 14.440439715682313 
-1 2 0 0.7426434359146279 17.936425665264252 
-1 1 0 0.7426434358576106 17.936428526930236 
-1 0 0 0.45618329681616454 19.999999986474513 
-1 -1 0 0.4561832968016131 19.999999988941667 
-1 -2 0 0.4122298899716858 17.590709976155253 
-1 -3 0 0.4122298899670619 17.590709578505717 
-1 -4 0 1.0050736275687193 14.337257404858182 
-1 -5 0 1.0050736274924585 14.337257292579421 
-1 -6 0 2.3844107271459376 9.571230478807097 
0 -6 0 5.0 5.0 
-1 -7 0 2.384410727145937 9.571230478807093 
0 -7 0 5.0 5.0 
-2 6 0 7.0 7.0 
-2 5 0 7.0 7.0 
-2 4 0 4.3048689913289415 12.561552812808829 
-2 3 0 4.304868991328945 12.561552812808824 
-2 2 0 2.343331288805153 15.999999896614813 
-2 1 0 2.343331288804928 15.999999964743905 
-2 0 0 1.2103548334139715 19.999999705481574 
-2 -1 0 1.2103548333430645 19.99999962946806 
-2 -2 0 1.022017901152898 19.14623097359173 
-2 -3 0 1.022017900944922 19.146231095036118 
-2 -4 0 1.0050736274774632 15.935414333367886 
-2 -5 0 1.005073628687704 15.935414297542575 
-2 -6 0 1.995120925334135 11.612093008122923 
-2 -7 0 1.9951209260936933 11.612093008122919 
-3 4 0 9.0 9.0 
-3 3 0 9.0 9.0 
-3 2 0 4.906031866612097 14.022783121254164 
-3 1 0 4.906031866612087 14.022783102532472 
-3 0 0 2.692323903857538 17.99999999993384 
-3 -1 0 2.6923239038555544 17.9999999998718 
-3 -2 0 1.7589125648715696 19.146231094658415 
-3 -3 0 1.7589125648920354 19.146231094860443 
-3 -4 0 1.564977887829336 16.231489497996545 
-3 -5 0 1.5649778870874742 16.23148949759411 
-3 -6 0 1.9798705490202706 12.042604726130271 
-3 -7 0 1.9798705478909353 12.042604726071898 
-3 -8 0 3.0 3.0 
-2 -8 0 3.0 3.0 
-3 -9 0 3.0 3.0 
-2 -9 0 3.0 3.0 
-4 2 0 11.0 11.0 
-4 1 0 11.0 11.0 
-4 0 0 6.618749112221787 15.378335562867173 
-4 -1 0 6.618749112221787 15.378335562867175 
-4 -2 0 4.104593430660361 17.6584414378502 
-4 -3 0 4.104593463145852 17.658441140943154 
-4 -4 0 2.2411889011631425 16.2314894989092 
-4 -5 0 2.241188900434149 16.2314894987977 
-4 -6 0 1.979870547883426 12.309936389089916 
-4 -7 0 1.979870547883426 12.309936389089914 
-4 -8 0 3.0 3.0 
-4 -9 0 3.0 3.0 
-5 0 0 13.0 13.0 
-5 -1 0 13.0 13.0 
-5 -2 0 8.918266049230088 16.107339187637518 
-5 -3 0 8.918266049230088 16.107339187637518 
-5 -4 0 6.575335177044017 15.265906231832137 
-5 -5 0 6.575335177044017 15.265906231832133 
-5 -6 0 4.481351458388008 12.309936389089914 
-5 -7 0 4.481351458388008 12.309936389089913 
-5 -8 0 3.0 3.0 
-5 -9 0 3.0 3.0 
