7 19 0 1.0 4.0 
8 19 0 4.0 4.0 
7 18 0 1.0000000000000007 4.000000000000001 
8 18 0 4.0 4.0 
7 17 0 0.9890072332628718 12.701562118716428 
8 17 0 4.999999999999999 12.701562118716424 
7 16 0 0.9890072332628678 12.701562118716419 
8 16 0 5.0 12.701562118716424 
7 15 0 1.38562307661612 15.220864035907796 
8 15 0 5.999999999999998 15.0420255265632 
7 14 0 1.385623076616191 15.220863241206029 
8 14 0 5.999999999999997 15.042025526563197 
7 13 0 2.2856200762203795 17.114400012390263 
8 13 0 7.683375209644591 16.65491081646438 
7 12 0 2.2856200825378363 17.114399926592238 
8 12 0 7.683375209644601 16.654910816464373 
7 11 0 3.7443686508738323 16.664500492451015 
8 11 0 9.298437881283574 15.701562118716424 
7 10 0 3.7443686508738274 16.664501668980176 
8 10 0 9.298437881283572 15.701562118716426 
7 9 0 5.656328921021065 15.112209861972618 
8 9 0 14.0 14.0 
7 8 0 5.656328921021056 15.112209645763096 
8 8 0 14.0 14.0 
6 19 0 1.0 3.9999999999999996 
6 18 0 1.0 4.0 
6 17 1 0.9890072332638012 11.17630680758202 
6 16 1 0.9890072332645579 11.176306807963975 
6 15 0 0.38908588613389544 15.220864058164478 
6 14 0 0.38908588611791767 15.220864067190437 
6 13 0 0.6509746757942497 17.33155779753522 
6 12 0 0.6509746751303991 17.331563422578355 
6 11 0 1.4550433972774306 18.2549687525252 
6 10 0 1.4550433971092485 18.254968686715827 
6 9 0 2.720384698078344 16.999999508807868 
6 8 0 2.720384698078236 16.999999999907928 
6 7 0 4.445924202561676 13.81634611569416 
7 7 0 7.875114580235425 12.761557181831892 
6 6 0 4.445924202455584 13.816346131540394 
7 6 0 7.875114580235428 12.761557181831892 
5 19 0 3.0 3.0 
5 18 0 3.0 3.0 
5 17 0 1.0000000014184338 10.155571081181053 
5 16 0 1.0000000021555233 10.155571081181053 
5 15 1 0.3890858861082612 13.594593468643133 
5 14 1 0.3890858861082592 13.594593140256261 
5 13 1 0.522087421372544 17.331563305636568 
5 12 1 0.5220874213725443 17.331563498764083 
5 11 0 0.7333161873434215 19.181674591425928 
5 10 0 0.7333161873007707 19.1816749861143 
5 9 0 1.6277866046891085 17.806192536255807 
5 8 0 1.6277866046910983 17.806192018852183 
5 7 0 2.994665619775626 14.99999999888067 
5 6 0 2.994665619781761 14.999999991123417 
5 5 0 4.803942200001612 12.471329155937308 
6 5 0 6.47690440936833 10.441290910412462 
5 4 0 4.803942200001611 12.471329155937312 
6 4 0 6.476904409368329 10.441290910412459 
4 17 0 3.0 7.414213562373095 
4 16 0 3.0 7.414213562373095 
4 15 0 1.136922207534151 12.64045445101803 
4 14 0 1.1369222057125212 12.640454453599556 
4 13 0 0.5220874213764084 15.780505247151199 
4 12 0 0.522087421402656 15.780505252845845 
4 11 1 0.7333161872892555 19.181615105213954 
4 10 1 0.7333161872892611 19.181674931832898 
4 9 0 1.2122439531486005 19.999999978853577 
4 8 0 1.2122439519849273 19.999999998509594 
4 7 0 2.594377755584919 16.669404267607913 
4 6 0 2.5943777553384106 16.669416677428945 
4 5 0 4.40142052825784 13.331194794635723 
4 4 0 4.401420303014067 13.331194794490688 
4 3 0 6.999999999999999 7.000000000000001 
5 3 0 7.0 7.0 
4 2 0 7.0 7.000000000000001 
5 2 0 7.0 7.0 
3 15 0 2.7103033060767974 10.728682233402836 
3 14 0 2.710303306076779 10.728682233402841 
3 13 0 0.7096027746000227 14.717621002661197 
3 12 0 0.7096027746224456 14.717610748771309 
3 11 2 0.40699179938139385 17.81059767703973 
3 10 2 0.4069917993813927 17.810572500057354 
3 9 0 0.26568013335101026 19.9999999726516 
3 8 0 0.26568013330480156 19.999999980096796 
3 7 0 1.113099894644114 17.999999895235025 
3 6 0 1.1130998937475325 17.99999999854282 
3 5 0 2.3523938925883208 14.366603900027133 
3 4 0 2.3523938925907375 14.347643704614718 
3 3 0 4.000000000000001 8.0 
3 2 0 4.0 8.0 
2 13 0 2.117005274327458 12.99999999989895 
2 12 0 2.1170052743176666 12.999999995875925 
2 11 0 0.406991799381596 16.65383211156445 
2 10 0 0.40699179938160573 16.653826953986417 
2 9 0 0.2656801333044429 19.79107226265169 
2 8 0 0.26568013330497525 19.790940898725143 
2 7 2 1.1130998935671303 19.999999806395167 
2 6 2 1.1130998939591326 19.99999997490145 
2 5 0 0.9296857871435318 15.824114146408796 
2 4 0 0.9296857870104309 15.824040308367787 
2 3 0 3.9999999999999973 8.000000000000002 
2 2 0 3.999999999999998 8.0 
1 11 0 2.982969861488711 14.825078826251298 
1 10 0 2.9829698614886535 14.825078812476697 
1 9 0 1.0566176099627784 17.99999988645625 
1 8 0 1.0566176099627729 17.999999168943564 
1 7 0 0.4697284400381232 19.999999990951444 
1 6 0 0.46972844002177816 19.999998701134672 
1 5 0 0.9296857874398688 17.564895835404506 
1 4 0 0.9296857870170455 17.564895359615537 
1 3 0 2.2492257532004936 11.221546446805846 
1 2 0 2.249225753200494 11.22154644680584 
0 11 0 8.0 8.0 
0 10 0 8.0 8.0 
0 9 0 3.801644606395323 16.846612266213103 
0 8 0 3.801644606395329 16.846612266213107 
0 7 0 0.46972844002174835 19.99999999937165 
0 6 0 0.4697284400217504 19.99999999974144 
0 5 1 1.187100417632656 19.284836932961426 
0 4 1 1.1871004176326525 19.284836656598806 
0 3 1 1.2807113153268366 15.148117264156763 
0 2 1 1.2807113153268401 15.148117264156772 
-1 9 0 8.999999999999998 11.0 
-1 8 0 9.0 11.0 
-1 7 0 3.2197505796088 18.0 
-1 6 0 3.2197505796088013 18.000000000000004 
-1 5 0 1.7585629296330494 19.284836914655706 
-1 4 0 1.7585629290848641 19.28483693141628 
-1 3 0 1.2807113153268392 16.536337674284127 
-1 2 0 1.280711315326836 16.53633767428412 
-1 1 0 2.0 2.0 
0 1 0 2.0 2.0 
-1 0 0 2.0 2.0 
0 0 0 2.0 2.0 
-2 7 0 12.0 12.0 
-2 6 0 12.0 12.0 
-2 5 0 4.5968757625671515 17.40312423743285 
-2 4 0 4.59687576256715 17.403124237432852 
-2 3 0 2.5707091481893314 16.53633767428413 
-2 2 0 2.570709148189331 16.536337674284127 
-2 1 0 2.0 2.0 
-2 0 0 2.0 2.0 
