3 7 0 2.381966011250105 6.000000000000002 
4 7 0 6.0 6.0 
3 6 0 2.381966011250104 6.000000000000001 
4 6 0 6.0 6.0 
3 5 0 2.4232393853194085 12.5842254427926 
4 5 0 6.710054917062522 12.584225443216521 
3 4 0 2.4232393852784315 12.58422544300478 
4 4 0 6.7100549170625206 12.584225443216521 
3 3 0 3.0359282992865677 16.814733467368768 
4 3 0 9.71643294509415 16.620075858467906 
3 2 0 3.035928306746292 16.814733467369308 
4 2 0 9.71643294509415 16.620075858467906 
3 1 0 4.310371644704101 16.99999999998857 
4 1 0 15.0 15.0 
3 0 0 4.3103716447040945 16.999999999890257 
4 0 0 15.0 15.0 
2 7 0 1.0000000000000009 5.999999999999999 
2 6 0 0.9999999999999996 5.999999999999999 
2 5 0 0.9785795558914004 12.283858317122847 
2 4 0 0.9785795557933317 12.283858129751758 
2 3 0 1.1417155757699824 16.81473346664577 
2 2 0 1.1417155757672046 16.81473346626504 
2 1 0 1.6562075274821377 17.750157386940934 
2 0 0 1.6562075274819352 17.750157391837494 
2 -1 0 2.6424234016901567 14.99999989830899 
3 -1 0 7.354248688935409 13.000000000000002 
2 -2 0 2.6424234013806545 14.999999998591543 
3 -2 0 7.35424868893541 13.0 
1 7 0 0.9999999999999989 5.618033988749894 
1 6 0 0.9999999999999997 5.618033988749893 
1 5 0 0.4414804903994778 11.121894777323945 
1 4 0 0.4414804903994822 11.121894571021334 
1 3 0 0.4271555362313092 15.81915602647331 
1 2 0 0.4271555362311656 15.819156503095916 
1 1 0 0.5454956859719378 17.750157361145394 
1 0 0 0.5454956861569706 17.750157397611225 
1 -1 0 1.0386786279175757 16.830499628329278 
1 -2 0 1.038678627917778 16.830499634913572 
1 -3 0 2.2041456160836246 12.837599395587372 
2 -3 0 5.354248688935411 11.0 
1 -4 0 2.204145615924265 12.8375991450046 
2 -4 0 5.354248688935411 10.999999999999998 
0 7 0 4.0 4.0 
0 6 0 4.0 4.0 
0 5 0 0.4414804903986903 9.528768728739777 
0 4 0 0.4414804903986422 9.528768728749547 
0 3 1 0.42715553623095914 14.30185115583314 
0 2 1 0.427155536230962 14.301851151663458 
0 1 2 0.5454956859228488 17.343505510221885 
0 0 2 0.5454956859229316 17.34350586376216 
0 -1 1 0.3271520470058347 17.595305622672473 
0 -2 1 0.3271520470058303 17.595305575667922 
0 -3 0 0.5256992401073414 14.678875781119315 
0 -4 0 0.5256992401073699 14.678875576542552 
0 -5 0 1.638531233814343 10.720937874147225 
1 -5 0 3.6385312338141733 8.528917957294361 
0 -6 0 1.6385312338141846 10.72093787413581 
1 -6 0 3.638531233814175 8.528917957294361 
-1 5 0 3.4559428898038527 7.6460209667220465 
-1 4 0 3.4559428898038522 7.6460209667220465 
-1 3 0 0.8939821668181646 12.501454824831825 
-1 2 0 0.8939821668181733 12.501454952816568 
-1 1 0 0.5347296353654352 16.465096176899507 
-1 0 0 0.5347296353581044 16.46509616838133 
-1 -1 0 0.3271520470060593 17.765129607774345 
-1 -2 0 0.32715204700625083 17.765129631347445 
-1 -3 0 0.525699240874753 16.01428212532519 
-1 -4 0 0.5256992401153116 16.01428210749614 
-1 -5 0 1.322670325501476 12.259914928847975 
-1 -6 0 1.3226703255016337 12.259914928962713 
-1 -7 0 2.9999999999999996 6.0 
0 -7 0 5.0 5.0 
-1 -8 0 3.0000000000000004 5.999999999999998 
0 -8 0 5.0 5.0 
-2 3 0 4.098352038688997 10.0 
-2 2 0 4.0983520386889944 9.999999999999995 
-2 1 0 1.817865816372239 14.80960737399849 
-2 0 0 1.8178658173210969 14.809608194130698 
-2 -1 0 1.295879128750856 17.765129637297036 
-2 -2 0 1.2958791270662795 17.765129659464026 
-2 -3 0 1.2229558995734753 17.059026633522897 
-2 -4 0 1.2229558995720857 17.059026367442943 
-2 -5 0 1.3226703255204177 13.33594549985569 
-2 -6 0 1.3226703255017143 13.335945067990577 
-2 -7 0 2.9999999999999996 6.0 
-2 -8 0 2.9999999999999996 6.0 
-3 1 0 6.082714006906468 12.0 
-3 0 0 6.0827140069064685 12.0 
-3 -1 0 2.3715975772683606 16.8650507743606 
-3 -2 0 2.3715975772854665 16.865050813372168 
-3 -3 0 1.9591226594270292 17.999999997772225 
-3 -4 0 1.959122660653439 17.99999999995574 
-3 -5 0 1.7330906480196029 14.78509660322375 
-3 -6 0 1.7330906480180786 14.785097046206392 
-3 -7 0 3.0 6.000000000000001 
-3 -8 0 2.9999999999999987 6.000000000000001 
-4 -1 0 8.082714006906464 13.999999999999996 
-4 -2 0 8.082714006906462 14.0 
-4 -3 0 3.958580856877024 18.0 
-4 -4 0 3.9585808568770244 17.999999999999996 
-4 -5 0 2.7998790418242336 15.605551275463988 
-4 -6 0 2.799879041824238 15.605551275463991 
-4 -7 0 2.9999999999999996 6.0 
-4 -8 0 3.0000000000000004 6.000000000000001 
-5 -3 0 15.0 15.0 
-5 -4 0 15.0 15.0 
-5 -5 0 8.394448724536012 15.60555127546399 
-5 -6 0 8.394448724536009 15.60555127546399 
-5 -7 0 6.0 6.0 
-5 -8 0 6.0 6.0 
