4 12 1 2.0000000000000004 3.0 
5 12 0 3.0 3.0 
4 11 1 2.0 3.0 
5 11 0 3.0 3.0 
4 10 1 0.3050192629324938 7.943408319955594 
5 10 0 3.1483150632725625 7.943408319955594 
4 9 1 0.3050192629324935 7.943408319955553 
5 9 0 3.1483150632725616 7.943408319955595 
4 8 0 0.2208293244098878 11.39425905763242 
5 8 0 3.936566093206883 11.406235200290828 
4 7 0 0.22082932440986816 11.406235011192528 
5 7 0 3.9365660932068844 11.406235200290832 
4 6 0 0.80670189093507 13.675204393430185 
5 6 0 5.461252946223972 13.504296457038503 
4 5 0 0.8067018909349992 13.67520442745394 
5 5 0 5.461252946223977 13.504296457038505 
4 4 0 1.7779611370117752 14.059090750464833 
5 4 0 7.623752401653985 13.052660554680125 
4 3 0 1.7779611376677464 14.059090452791692 
5 3 0 7.6237524016539835 13.052660554680122 
4 2 0 3.3667866215064697 11.6535411381699 
5 2 0 11.0 11.0 
4 1 0 3.3667866215064675 11.6535411381699 
5 1 0 11.0 11.0 
3 12 0 2.0 2.0 
3 11 0 2.0 2.0 
3 10 1 0.3050192629324959 7.49879237494883 
3 9 1 0.30501926293249393 7.498792374948831 
3 8 0 0.17630889486847218 11.394238370917355 
3 7 0 0.17630889484668277 11.394238754685366 
3 6 0 0.5178720742686594 13.675204425510586 
3 5 0 0.5178720742461034 13.67520428275234 
3 4 0 1.1386341313921073 15.079005939136293 
3 3 0 1.1386341317945938 15.078000717949266 
3 2 0 2.1756615770028636 12.667158937512522 
3 1 0 2.1756615766704286 12.667158871514335 
3 0 0 3.7882378126563645 10.59464971856735 
4 0 0 5.585786437626906 8.999999999999998 
3 -1 0 3.7882378126563645 10.59464971856735 
4 -1 0 5.585786437626905 9.0 
2 10 0 2.000000000000001 6.56155281280883 
2 9 0 1.9999999999999996 6.56155281280883 
2 8 0 0.1763088948459364 10.74042362546176 
2 7 0 0.17630889484593787 10.740423625482297 
2 6 1 0.5178720743899271 13.484069956060063 
2 5 1 0.5178720742424615 13.484070021897663 
2 4 0 0.26771688430348617 15.414387032112797 
2 3 0 0.2677168843037194 15.41438686811643 
2 2 0 1.3923532122997921 14.999999984826585 
2 1 0 1.3923532123049605 14.999999999999599 
2 0 0 3.642535507707788 11.333785691481783 
2 -1 0 3.642535508031717 11.333785700684235 
2 -2 0 6.0 6.000000000000001 
3 -2 0 6.0 6.0 
2 -3 0 6.0 6.000000000000001 
3 -3 0 6.0 6.0 
1 8 0 2.2900507209315974 9.279172539481408 
1 7 0 2.290050720931605 9.27917253948141 
1 6 0 0.5323089001146691 12.999999612293166 
1 5 0 0.5323089001145599 12.999999999874364 
1 4 0 0.26771688430340873 15.414387108217547 
1 3 0 0.2677168843034121 15.411643641814708 
1 2 0 0.582047351405291 15.693302479936852 
1 1 0 0.5820473513948027 15.6933024782653 
1 0 0 1.8477351229390069 12.999999929543609 
1 -1 0 1.8477351229901988 12.999999980942418 
1 -2 0 6.0 6.000000000000001 
1 -3 0 6.0 6.0 
0 6 0 3.3347499756368575 10.999999999999998 
0 5 0 3.334749975636858 11.000000000000002 
0 4 1 1.2730657218824313 14.864284989082147 
0 3 1 1.2730657218824324 14.864285199650514 
0 2 1 0.4914028715730337 15.99999901848371 
0 1 1 0.4914028715730356 15.999999935295884 
0 0 0 0.375809493685527 14.57621628702795 
0 -1 0 0.375809493685533 14.576216265002081 
0 -2 0 1.5857864376269057 10.0 
0 -3 0 1.5857864376269044 10.0 
-1 6 0 6.0 6.0 
-1 5 0 6.0 6.0 
-1 4 0 1.9977867982251538 13.000000000000002 
-1 3 0 1.997786798225154 13.0 
-1 2 0 0.49140287157303525 15.999999998485645 
-1 1 0 0.4914028715730361 15.999999999907805 
-1 0 0 0.37580949368551925 15.359512777541097 
-1 -1 0 0.37580949376102335 15.35951277749261 
-1 -2 0 0.689381334973476 11.239605729378317 
-1 -3 0 0.6893813349734739 11.239605729378317 
-2 4 0 7.0 9.0 
-2 3 0 6.999999999999999 9.0 
-2 2 0 2.736549875639114 14.000000000000002 
-2 1 0 2.7365498756391196 14.000000000000004 
-2 0 0 0.9789709545679249 15.359512777547696 
-2 -1 0 0.9789709545679267 15.359512777547698 
-2 -2 0 0.6893813349734749 12.80535765904238 
-2 -3 0 0.6893813349734712 12.805357659042373 
-2 -4 0 2.0 2.0 
-1 -4 0 2.0 2.0 
-2 -5 0 2.0 2.0 
-1 -5 0 2.0 2.0 
-3 2 0 10.0 10.0 
-3 1 0 10.0 10.0 
-3 0 0 4.41742430504416 13.582575694955839 
-3 -1 0 4.417424305044161 13.582575694955839 
-3 -2 0 2.56258061921617 12.805357659042377 
-3 -3 0 2.5625806192161704 12.805357659042375 
-3 -4 0 2.0 2.0 
-3 -5 0 2.0 2.0 
