2 6 0 2.0 2.0 
3 6 0 2.0 2.0 
2 5 0 2.0 2.0 
3 5 0 2.0 2.0 
2 4 0 0.7005689032978197 9.464101615137752 
3 4 0 2.5358983848622447 9.464101615137757 
2 3 0 0.700568903297821 9.464101615137757 
3 3 0 2.535898384862245 9.464101615137753 
2 2 0 0.9969794906299763 11.418054766335104 
3 2 0 4.0 10.0 
2 1 0 0.9969794906299729 11.4180547663351 
3 1 0 4.0 10.0 
2 0 0 2.6792489985738914 10.0 
3 0 0 8.0 8.0 
2 -1 0 2.6792489985738945 10.000000000000002 
3 -1 0 8.0 8.0 
1 6 0 2.0 2.0 
1 5 0 2.0 2.0 
1 4 0 0.7005689032978217 7.612207719360516 
1 3 0 0.7005689032978208 7.61220771936052 
1 2 0 0.38273524124631647 11.418054766137617 
1 1 0 0.3827352412463145 11.41805476633316 
1 0 0 0.5015052979617289 11.999999671636955 
1 -1 0 0.5015052985263286 11.999999999997513 
1 -2 0 1.9878969085286746 8.999999999999998 
2 -2 0 5.0 7.0 
1 -3 0 1.987896908528675 9.0 
2 -3 0 4.999999999999999 7.0 
0 4 0 1.585786437626905 5.999999999999998 
0 3 0 1.585786437626905 6.000000000000002 
0 2 0 0.3827352412463127 10.581423260813068 
0 1 0 0.3827352412463119 10.581423264107409 
0 0 1 0.5015052979617273 11.999999998641588 
0 -1 1 0.501505297961728 11.999999994048022 
0 -2 1 0.9035726296307668 10.809222807996349 
0 -3 1 0.9035726296307721 10.80922280843542 
0 -4 0 1.9999999999999998 6.813606502648334 
1 -4 0 4.0 4.0 
0 -5 0 2.0000000000000004 6.81360650264833 
1 -5 0 4.0 4.0 
-1 4 0 4.0 4.0 
-1 3 0 4.0 4.0 
-1 2 0 1.6515206416709802 9.000000000000002 
-1 1 0 1.6515206416709798 9.0 
-1 0 0 0.6572825025852812 11.707219721033374 
-1 -1 0 0.6572825025852802 11.707219626169653 
-1 -2 0 0.3339738183311399 11.353258127653143 
-1 -3 0 0.33397381833112477 11.353258198564948 
-1 -4 0 0.4417078870192609 7.750188811513744 
-1 -5 0 0.44170788701925595 7.75018881151375 
-2 2 0 3.585786437626904 6.999999999999999 
-2 1 0 3.5857864376269046 7.0 
-2 0 0 1.2203121298765989 11.0 
-2 -1 0 1.2203121298765995 11.0 
-2 -2 0 0.33397381833111317 11.353258206494854 
-2 -3 0 0.3339738183311179 11.353258206589324 
-2 -4 1 0.4417078870192604 8.145102691200425 
-2 -5 1 0.4417078870192584 8.145102691200421 
-2 -6 1 2.0 3.0 
-1 -6 0 2.0 2.0 
-2 -7 1 2.0 2.9999999999999996 
-1 -7 0 2.0 2.0 
-3 0 0 9.0 9.0 
-3 -1 0 9.0 9.0 
-3 -2 0 5.560688328316126 11.100431985810378 
-3 -3 0 5.560688328316125 11.100431985810381 
-3 -4 0 3.330920911717712 8.145102691200423 
-3 -5 0 3.3309209117177114 8.145102691200421 
-3 -6 0 3.0 3.0 
-3 -7 0 3.0 3.0 
