4 10 0 5.0 7.0 
5 10 0 7.0 7.0 
4 9 0 5.0 7.0 
5 9 0 7.0 7.0 
4 8 0 3.4849136381040795 13.999999999999998 
5 8 0 14.0 14.0 
4 7 0 3.4849136381040795 13.999999999999998 
5 7 0 14.0 14.0 
3 10 0 2.9999999999999996 7.000000000000001 
3 9 0 2.9999999999999987 7.0 
3 8 0 1.8905684526154058 12.701562092343739 
3 7 0 1.8905684566301038 12.701562108525678 
3 6 0 1.5261777218412285 13.553532348950338 
4 6 0 5.127016653792582 12.872983346207416 
3 5 0 1.5261777220778248 13.553532348204076 
4 5 0 5.127016653792585 12.872983346207416 
2 10 0 1.0 7.0 
2 9 0 0.9999999999999987 7.000000000000002 
2 8 0 0.6495725481709013 11.395085361913624 
2 7 0 0.6495725481711271 11.395085361915113 
2 6 0 0.5338877911189124 13.553524996278105 
2 5 0 0.5338877911172321 13.553532343069781 
2 4 0 0.47363942308710144 12.175245626870343 
3 4 0 2.2876929665978514 10.856087748073696 
2 3 0 0.4736394230871089 12.175245626826634 
3 3 0 2.287692966597854 10.856087748073701 
1 10 0 1.0000000000000007 6.999999999999998 
1 9 0 0.9999999999999999 7.0 
1 8 1 0.6495725481708963 10.294408544986767 
1 7 1 0.6495725481708987 10.29461190550931 
1 6 4 0.9195074977012909 13.21893315255532 
1 5 4 0.6082892780444652 13.21893359600908 
1 4 6 1.4331057091586954 13.273148512439919 
1 3 6 1.4331057089003973 13.273148690680287 
1 2 4 0.6873817676455222 10.162349612495552 
2 2 0 0.6873817676455192 8.79505008420038 
1 1 4 1.7769806215427595 10.162349612029299 
2 1 0 0.6873817676455205 8.795050084200378 
0 8 0 2.9999999999999996 9.0 
0 7 0 3.0000000000000027 9.0 
0 6 0 1.6482022892021897 12.270191398307716 
0 5 0 1.6482022892021904 12.270191390511904 
0 4 0 1.2095850314678807 13.751399566692031 
0 3 0 1.2095850314540262 13.75139956625748 
0 2 0 1.245893127590741 11.261174981347297 
0 1 0 1.245893127587396 11.261174977973235 
0 0 0 2.0000000000000004 6.0 
1 0 1 1.9999999999999991 6.0 
0 -1 0 1.9999999999999996 6.0 
1 -1 1 1.9999999999999998 6.0 
-1 6 0 7.000000000000001 11.000000000000002 
-1 5 0 7.0 11.0 
-1 4 0 4.13340096910865 13.751399567796284 
-1 3 0 4.133400969108653 13.751399567796291 
-1 2 0 3.2373225559454335 11.41421356237309 
-1 1 0 3.2373225559454344 11.41421356237309 
-1 0 0 3.9999999999999996 6.0 
-1 -1 0 3.999999999999999 6.0 
-2 4 0 13.0 13.0 
-2 3 0 13.0 13.0 
-2 2 0 8.585786437626902 11.414213562373096 
-2 1 0 8.585786437626904 11.414213562373096 
-2 0 0 6.0 6.0 
-2 -1 0 6.0 6.0 
