4 10 0 4.0 4.0 
5 10 0 4.0 4.0 
4 9 0 4.0 4.0 
5 9 0 4.0 4.0 
4 8 0 2.456019787755837 11.073562351300586 
5 8 0 4.999999999999999 11.073562351308828 
4 7 0 2.456019787755845 11.07356234910733 
5 7 0 5.000000000000003 11.07356235130883 
4 6 0 3.1780650820904457 15.407837336344475 
5 6 0 6.245108122527527 15.407901946284474 
4 5 0 3.1780650818507383 15.407901946077107 
5 5 0 6.245108122527527 15.407901946284468 
4 4 0 4.21570363433952 17.636336786826103 
5 4 0 7.883224771418536 16.75136014987207 
4 3 0 4.2157036380397725 17.636336786887377 
5 3 0 7.883224771418542 16.751360149872074 
4 2 0 5.652370274289419 17.79541153732229 
5 2 0 9.786247408345062 15.885937563374096 
4 1 0 5.652370364932088 17.79541153735346 
5 1 0 9.786247408345064 15.885937563374094 
4 0 0 7.774594203496057 15.999999999991642 
5 0 0 14.0 14.0 
4 -1 0 7.774594203575236 15.999999999855742 
5 -1 0 14.0 14.0 
3 10 0 4.0 4.0 
3 9 0 4.0 4.0 
3 8 0 0.9998336371003596 11.061652573438137 
3 7 0 0.9998336371004845 11.061652573447654 
3 6 0 1.1065646437451486 15.397327337326931 
3 5 0 1.1065646424546407 15.397327610400668 
3 4 0 1.5020372283422145 17.63246274839387 
3 3 0 1.5020372282897867 17.636336497383567 
3 2 0 2.749029557236052 18.732988668398107 
3 1 0 2.7490295579188397 18.732989013088222 
3 0 0 4.312903026106663 17.022476980024262 
3 -1 0 4.312903086017738 17.022476971722828 
3 -2 0 5.849568481980132 14.047038968050485 
4 -2 0 10.0 13.0 
3 -3 0 5.849568433223062 14.04703896808509 
4 -3 0 10.000000000000002 13.000000000000002 
2 10 0 4.0 4.0 
2 9 0 4.0 4.0 
2 8 0 0.9998336371002307 9.411855556016521 
2 7 0 0.9998336371003212 9.411855744575456 
2 6 1 1.1065646418139892 14.404323182964898 
2 5 1 1.1065646418942543 14.404323182962996 
2 4 1 0.3300048764772088 17.63246216640775 
2 3 1 0.3300048764772055 17.63246216633951 
2 2 0 0.2246043447656933 19.168483474109664 
2 1 0 0.22460434477889005 19.168484461035668 
2 0 0 0.7665232098209969 18.999999976210947 
2 -1 0 0.7665232099544143 18.999999993163843 
2 -2 0 2.1642387500200146 15.999999996238635 
2 -3 0 2.164238750019899 15.9999999987469 
2 -4 0 4.3045991421019805 12.533973582544002 
3 -4 0 7.999999999999999 11.414213562373094 
2 -5 0 4.30459913518128 12.5339734055709 
3 -5 0 7.999999999999999 11.414213562373096 
1 10 0 4.0 4.0 
1 9 0 4.0 4.0 
1 8 0 2.3524186981302604 8.854414281362688 
1 7 0 2.352418698130263 8.854414281362683 
1 6 0 1.2558156343406675 12.647645837828925 
1 5 0 1.255815634434141 12.647645768847278 
1 4 0 0.3300048764802885 16.148695806456175 
1 3 0 0.3300048764790477 16.148695996029975 
1 2 0 0.2246043447684498 19.168484623384792 
1 1 0 0.22460434476483218 19.16848425670305 
1 0 0 0.45287913282072767 19.72035401940844 
1 -1 0 0.45287913282082565 19.72035403205219 
1 -2 0 0.9705526017466323 16.797263509350067 
1 -3 0 0.970552601730338 16.797263582136253 
1 -4 0 2.356078453159935 14.414213562358853 
1 -5 0 2.356078453159495 14.414212896436597 
1 -6 0 3.8868553370735457 10.171042902569523 
2 -6 0 6.585786437626905 9.414213562373094 
1 -7 0 3.8868553370735475 10.171042902569525 
2 -7 0 6.585786437626904 9.414213562373094 
0 8 0 4.518805695907984 8.170086486626033 
0 7 0 4.518805695907984 8.170086486626033 
0 6 0 2.834848737041311 11.843405821975136 
0 5 0 2.834848737050547 11.843405830894632 
0 4 0 1.1847526798417336 15.25529976039969 
0 3 0 1.1847526798414798 15.25529975876181 
0 2 1 0.5246867054029866 18.51239019624618 
0 1 1 0.5246867054029833 18.512390307609152 
0 0 1 0.40302411903569035 19.767248436725556 
0 -1 1 0.40302411903568736 19.7672486345197 
0 -2 0 0.28629296704762797 18.38152783232446 
0 -3 0 0.286292967161724 18.381527988904978 
0 -4 0 1.2958406649892564 15.343881466254999 
0 -5 0 1.295840665007971 15.343881785939553 
0 -6 0 3.5857864472222403 11.791136597044005 
0 -7 0 3.585786437880656 11.791136594319745 
0 -8 0 5.999999999999999 6.0 
1 -8 0 6.0 6.0 
0 -9 0 6.0 6.0 
1 -9 0 6.0 6.0 
-1 6 0 4.214202380740197 11.170086486626042 
-1 5 0 4.214202380740196 11.17008648662603 
-1 4 0 2.522581649303557 14.465481459344533 
-1 3 0 2.5225816497655766 14.465481459714466 
-1 2 0 1.2705564451638545 16.99999910840482 
-1 1 0 1.2705564451258726 16.9999993728984 
-1 0 0 0.4030241190357184 19.76724863655122 
-1 -1 0 0.40302411905959923 19.76724852687808 
-1 -2 0 0.28629296715323926 19.218939153530002 
-1 -3 0 0.2862929669618877 19.218939197690144 
-1 -4 0 0.4746932958286113 16.376237583470164 
-1 -5 0 0.47469329576107533 16.37623753074089 
-1 -6 0 1.4819123777482306 13.04056147515243 
-1 -7 0 1.4819123760303872 13.040561474277363 
-1 -8 0 3.0 6.999999999999999 
-1 -9 0 2.999999999999999 7.0 
-2 4 0 5.214202380740198 12.999999999999998 
-2 3 0 5.214202380740194 13.0 
-2 2 0 3.1554976179654126 15.748612463854563 
-2 1 0 3.15549761795019 15.748611120616916 
-2 0 0 1.6418470284177467 18.8521211175544 
-2 -1 0 1.6418470345903908 18.85212125342958 
-2 -2 0 0.5775208416732899 19.999999972254944 
-2 -3 0 0.5775208411294452 19.999999997720074 
-2 -4 0 0.47469329576108865 17.045474818553753 
-2 -5 0 0.4746932957611191 17.045455948678573 
-2 -6 0 1.3569509869945757 14.352090612560714 
-2 -7 0 1.3569509869942367 14.352090733249662 
-2 -8 0 2.999999999999999 7.000000000000001 
-2 -9 0 2.999999999999999 7.000000000000001 
-3 2 0 6.572121127629255 14.803542495682589 
-3 1 0 6.572121127629259 14.803542495682592 
-3 0 0 4.212530107644878 16.926910964448233 
-3 -1 0 4.212530107644884 16.926910071967775 
-3 -2 0 2.4618333505392 19.999999998101792 
-3 -3 0 2.4618333505358874 19.999999999238398 
-3 -4 0 1.6256722737049267 18.476151013788254 
-3 -5 0 1.6256722736844407 18.476151013614146 
-3 -6 0 1.356950986985691 14.391163752455554 
-3 -7 0 1.3569509872750962 14.391163752733888 
-3 -8 0 2.999999999999999 7.000000000000001 
-3 -9 0 2.9999999999999987 7.000000000000001 
-4 0 0 9.57212112762926 16.000000000000004 
-4 -1 0 9.572121127629254 16.0 
-4 -2 0 6.5683691633824495 17.964617036345146 
-4 -3 0 6.5683691633828065 17.96461703704651 
-4 -4 0 4.814873467912798 18.4761510139229 
-4 -5 0 4.8148734775077635 18.476151013940388 
-4 -6 0 3.422282972385833 14.58687427447243 
-4 -7 0 3.4222829723862676 14.586874512018431 
-4 -8 0 3.0000000000000004 7.000000000000001 
-4 -9 0 2.9999999999999996 7.000000000000002 
-5 -2 0 17.0 17.0 
-5 -3 0 17.0 17.0 
-5 -4 0 11.607655654370378 17.717741117464005 
-5 -5 0 11.607655654370376 17.71774111746401 
-5 -6 0 8.525806341389625 14.58687451201843 
-5 -7 0 8.525806341389622 14.586874512018428 
-5 -8 0 7.0 7.0 
-5 -9 0 7.0 7.0 
