0 0 1 2.0000000000000004 3.0 
1 0 0 3.0 3.0 
0 -1 1 1.9999999999999996 3.0 
1 -1 0 3.0 3.0 
0 -2 2 0.7639320225002091 9.0 
1 -2 0 2.9999999999999996 9.0 
0 -3 2 0.7639320225002127 9.0 
1 -3 0 2.9999999999999987 9.0 
0 -4 1 0.5857864376269067 12.0 
1 -4 0 6.0 12.0 
0 -5 1 0.5857864376269065 12.000000000000004 
1 -5 0 6.0 12.000000000000004 
0 -6 0 0.5857864376268984 12.0 
1 -6 0 9.0 9.0 
0 -7 0 0.5857864376269034 12.000000000000007 
1 -7 0 9.0 9.0 
-1 0 0 2.0 2.0 
-1 -1 0 2.0 2.0 
-1 -2 0 0.7639320225002098 9.0 
-1 -3 0 0.7639320225002106 9.000000000000004 
-1 -4 0 0.5857864376269031 11.999999999999996 
-1 -5 0 0.5857864376269054 12.000000000000002 
-1 -6 0 0.5857864376310242 11.999999996544693 
-1 -7 0 0.585786437838129 11.999999994398138 
-1 -8 0 1.0 10.000000000000005 
0 -8 0 3.5857864376269055 7.0 
-1 -9 0 1.0 9.999999999999998 
0 -9 0 3.585786437626904 6.999999999999999 
-2 -2 0 3.0 7.9999999999999964 
-2 -3 0 3.0 8.0 
-2 -4 1 1.438447187191169 11.999999999999996 
-2 -5 1 1.438447187191167 11.999999999999993 
-2 -6 1 0.7639320225002091 11.999999999999996 
-2 -7 1 0.7639320225002073 11.999999928650665 
-2 -8 0 0.5857864378914932 11.56155281280872 
-2 -9 0 0.5857864376270985 11.561552812808829 
-2 -10 0 1.5857864376269062 7.999999999999998 
-1 -10 0 4.0 4.0 
-2 -11 0 1.5857864376269046 8.000000000000002 
-1 -11 0 4.0 4.0 
-3 -2 0 3.0 6.0 
-3 -3 0 3.0000000000000004 5.999999999999999 
-3 -4 0 1.9999999999999993 10.0 
-3 -5 0 2.0000000000000013 9.999999999999998 
-3 -6 0 0.7639320225002096 11.999999849163283 
-3 -7 0 0.7639320225002104 11.999999998044581 
-3 -8 1 0.5857864376269041 11.561552812794492 
-3 -9 1 0.5857864376269035 11.561552812795547 
-3 -10 1 0.763932022500212 9.561552812808834 
-3 -11 1 0.7639320225002132 9.561552812808827 
-4 -2 0 5.0 5.0 
-4 -3 0 5.0 5.0 
-4 -4 0 3.7639320225002115 9.000000000000004 
-4 -5 0 3.7639320225002106 9.000000000000002 
-4 -6 0 2.76393202250021 11.0 
-4 -7 0 2.7639320225002098 10.999999999999998 
-4 -8 0 1.4384471871911708 11.561552812808362 
-4 -9 0 1.4384471888140276 11.561552812808822 
-4 -10 0 0.7639320225002105 9.56155281280883 
-4 -11 0 0.7639320225002104 9.561552812808829 
-4 -12 0 0.5857864376269052 5.561552812808828 
-3 -12 0 0.5857864376269047 5.0 
-4 -13 0 0.585786437626905 5.561552812808831 
-3 -13 0 0.585786437626904 4.999999999999998 
-5 -4 0 7.0 7.0 
-5 -5 0 7.0 7.0 
-5 -6 0 4.438447187191169 9.0 
-5 -7 0 4.43844718719117 9.000000000000002 
-5 -8 0 3.438447187191169 10.561552812808834 
-5 -9 0 3.438447187191169 10.561552812808833 
-5 -10 0 2.4384471871911684 9.561552812808827 
-5 -11 0 2.438447187191169 9.56155281280883 
-5 -12 0 1.43844718719117 5.561552812808831 
-5 -13 0 1.4384471871911695 5.56155281280883 
-5 -14 0 1.0 1.0 
-4 -14 0 1.0 1.0 
-5 -15 0 1.0 1.0 
-4 -15 0 1.0 1.0 
