2 2 0 3.999999999999999 8.0 
3 2 0 8.0 8.0 
2 1 0 4.0 8.0 
3 1 0 8.0 8.0 
2 0 0 4.258320659867394 16.82842712474619 
3 0 0 11.17157287525381 16.82842712474619 
2 -1 0 4.258320659867688 16.828427119533732 
3 -1 0 11.17157287525381 16.828427124746188 
2 -2 0 5.975604708345081 19.999999999788145 
3 -2 0 18.0 18.0 
2 -3 0 5.975604708345079 19.99999999961073 
3 -3 0 18.0 18.0 
1 2 0 3.999999999999997 8.000000000000002 
1 1 0 3.9999999999999982 8.0 
1 0 0 2.4869400671750395 16.33344864280087 
1 -1 0 2.486940067175075 16.33344864280339 
1 -2 0 2.588197600007817 19.999999998469345 
1 -3 0 2.588197600003203 19.99999998261146 
1 -4 0 3.7890894467998755 17.999998786127733 
2 -4 0 9.801476792601767 16.999999999999996 
1 -5 0 3.78908944695955 17.99999490011349 
2 -5 0 9.801476792601763 17.0 
0 2 0 3.9999999999999964 8.000000000000002 
0 1 0 3.9999999999999987 8.000000000000002 
0 0 1 2.295048981792587 16.27892504654276 
0 -1 1 2.2950489895122517 16.27892509148417 
0 -2 1 0.8025549799493932 18.750351251016074 
0 -3 1 0.8025549799493975 18.75035122088409 
0 -4 0 0.6292932729374111 19.755632001382946 
0 -5 0 0.6292932732109325 19.755631690319575 
0 -6 0 1.6348605446846025 16.80366786186875 
1 -6 0 6.801476792601763 15.999999999999998 
0 -7 0 1.6348605426370386 16.803668737276983 
1 -7 0 6.8014767926017665 16.0 
-1 2 0 3.9999999999999996 8.0 
-1 1 0 3.9999999999999982 8.000000000000002 
-1 0 0 2.2841176810340302 14.86653240945097 
-1 -1 0 2.284117681929247 14.866532339173826 
-1 -2 0 0.7943579083110333 17.338900737579912 
-1 -3 0 0.7943579083015461 17.338901592610203 
-1 -4 0 0.6292932728904299 19.99999951701441 
-1 -5 0 0.6292932728330545 19.999999912124274 
-1 -6 0 0.9885765911410681 17.787629921688435 
-1 -7 0 0.9885765896929729 17.787627882693094 
-1 -8 0 1.8012557614906 15.690497004721584 
0 -8 0 4.6351496834450705 13.99999999999981 
-1 -9 0 1.8012557650908998 15.69049698250414 
0 -9 0 4.635149683445056 13.999999999999764 
-2 2 0 3.9999999999999996 8.0 
-2 1 0 4.000000000000001 7.999999999999999 
-2 0 0 2.2841176807785852 13.63478995413511 
-2 -1 0 2.2841176807785843 13.634789916297123 
-2 -2 0 0.7943579084968089 16.584068600636957 
-2 -3 0 0.7943579082985196 16.584068985492387 
-2 -4 2 1.016099197606254 19.99999999617455 
-2 -5 2 1.0160991976062632 19.99999998586269 
-2 -6 2 0.830476336375926 19.3701821139194 
-2 -7 2 0.8304763363759304 19.37042923526447 
-2 -8 0 0.5703014644347415 16.448654580243907 
-2 -9 0 0.570301464387087 16.448655332863012 
-2 -10 0 1.5868905237050157 13.638615449305506 
-1 -10 0 3.63514968344512 12.549490764203284 
-2 -11 0 1.5868905237051034 13.638615282229518 
-1 -11 0 3.6351496834453294 12.549490763842288 
-3 2 0 7.0 7.0 
-3 1 0 7.0 7.000000000000001 
-3 0 0 4.869967633006333 12.718102378262326 
-3 -1 0 4.869967763054399 12.718102091826633 
-3 -2 0 3.207284212597432 15.614766949363064 
-3 -3 0 3.207284214419789 15.614766640384525 
-3 -4 0 1.6883811197910812 17.85986215442439 
-3 -5 0 1.6883811197950842 17.859863690151037 
-3 -6 0 0.671607787105358 19.370506061071485 
-3 -7 0 0.6716077871215397 19.37034932628968 
-3 -8 0 0.5703014643730713 17.471069696594643 
-3 -9 0 0.5703014652186172 17.471068025045994 
-3 -10 0 0.9888997077365461 14.649729544277832 
-3 -11 0 0.9888997062876632 14.649729703885022 
-3 -12 0 1.963312568395226 11.256838762113892 
-2 -12 0 2.9907194241518886 9.732050807568879 
-3 -13 0 1.9633125669209261 11.256838992192543 
-2 -13 0 2.990719424151888 9.732050807568873 
-4 2 0 7.0 7.0 
-4 1 0 7.0 7.0 
-4 0 0 5.026478687018652 11.089224414555588 
-4 -1 0 5.026478687018647 11.08922441455559 
-4 -2 0 3.321185872738474 14.61616410282332 
-4 -3 0 3.321185872738609 14.616164103153347 
-4 -4 0 1.8288613494422221 16.99999983383845 
-4 -5 0 1.8288613502301703 16.999999969331338 
-4 -6 0 0.6716077871494841 18.262795639001197 
-4 -7 0 0.6716077871491167 18.262795884203886 
-4 -8 1 0.9321563571183431 17.47106672272412 
-4 -9 1 0.9321563571183431 17.471069191228665 
-4 -10 1 0.9398709227625707 15.983551430207989 
-4 -11 1 0.9398709237649412 15.983551771360263 
-4 -12 0 0.554185664865389 12.37708333810414 
-4 -13 0 0.5541856648869089 12.377083474684413 
-4 -14 0 1.5694443369740654 8.429567400902103 
-3 -14 0 3.267949192431122 6.732050807568877 
-4 -15 0 1.569444336974068 8.429567400902107 
-3 -15 0 3.2679491924311224 6.7320508075688785 
-5 0 0 8.000000000000002 10.0 
-5 -1 0 8.000000000000002 10.0 
-5 -2 0 6.047897897630179 13.018808401645211 
-5 -3 0 6.047897899595491 13.018808401646924 
-5 -4 0 4.396275371592243 15.999999999903258 
-5 -5 0 4.396275371471894 15.999999994124849 
-5 -6 0 2.9143915496976134 17.231798876153373 
-5 -7 0 2.9143915497779203 17.231798859278726 
-5 -8 0 1.6903822099961003 17.348154146853474 
-5 -9 0 1.6903822099940222 17.348153639740698 
-5 -10 0 0.9398709230837771 16.026034786272938 
-5 -11 0 0.9398709227302974 16.02603478454892 
-5 -12 0 0.5541856648641962 13.617784811693321 
-5 -13 0 0.5541856648630281 13.61778454500781 
-5 -14 0 1.56944433697413 9.929896713102076 
-5 -15 0 1.5694443369745013 9.929896713102142 
-5 -16 0 3.0 3.0 
-4 -16 0 3.0 3.0 
-5 -17 0 2.9999999999999996 3.0000000000000004 
-4 -17 0 3.0 3.0 
-6 -2 0 10.0 12.000000000000002 
-6 -3 0 10.000000000000002 12.0 
-6 -4 0 7.649276785175111 14.221900048568262 
-6 -5 0 7.649276792554995 14.221899812652138 
-6 -6 0 5.713420521700822 15.834201363318316 
-6 -7 0 5.7134205217245775 15.834202082597185 
-6 -8 0 4.09505136539099 16.63802489247038 
-6 -9 0 4.095051365448321 16.638025103443063 
-6 -10 0 2.8788402310257877 16.0260347684649 
-6 -11 0 2.878840219021679 16.026034776374473 
-6 -12 0 2.0526976211999695 13.679558232511244 
-6 -13 0 2.0526976213414736 13.679558232524341 
-6 -14 0 1.5940893418881998 9.955158481328452 
-6 -15 0 1.5940893418881987 9.955158481328448 
-6 -16 0 3.0 3.0 
-6 -17 0 3.0 3.0 
-7 -4 0 13.0 13.0 
-7 -5 0 13.0 13.0 
-7 -6 0 9.707598414775376 14.89510651592753 
-7 -7 0 9.707598414775381 14.895106515927532 
-7 -8 0 7.44502347806803 15.872608773775102 
-7 -9 0 7.44502347806803 15.872608773775106 
-7 -10 0 5.999999999999998 15.651132401589065 
-7 -11 0 6.000000000000005 15.65113240158906 
-7 -12 0 4.676595723913524 13.679558232525663 
-7 -13 0 4.676595723913522 13.679558232525661 
-7 -14 0 3.686149994072495 9.955158481328453 
-7 -15 0 3.686149994072494 9.955158481328455 
-7 -16 0 3.0 3.0 
-7 -17 0 3.0 3.0 
